opposingHand,winningChance,drawChance,lostChance
SPADES QUEEN CLUBS FOUR
SPADES TEN HEARTS FIVE,0.6024,0.0096,0.388
SPADES JACK HEARTS FIVE,0.5926,0.0122,0.3952
SPADES FIVE CLUBS JACK,0.6124,0.0122,0.3754
CLUBS TEN SPADES FIVE,0.5992,0.0154,0.3854
CLUBS EIGHT CLUBS JACK,0.5332,0.009,0.4578
CLUBS TEN CLUBS EIGHT,0.5176,0.0118,0.4706
CLUBS EIGHT CLUBS KING,0.3488,0.0118,0.6394
SPADES FIVE CLUBS ACE,0.35,0.0064,0.6436
CLUBS EIGHT CLUBS QUEEN,0.229,0.213,0.558
SPADES FIVE CLUBS KING,0.35,0.0076,0.6424
SPADES FIVE CLUBS QUEEN,0.2164,0.4728,0.3108
CLUBS EIGHT CLUBS ACE,0.3386,0.004,0.6574
DIAMONDS TWO DIAMONDS THREE,0.5992,0.014,0.3868
DIAMONDS TWO DIAMONDS FIVE,0.5546,0.0142,0.4312
SPADES KING HEARTS FIVE,0.3648,0.0112,0.624
DIAMONDS TWO DIAMONDS FOUR,0.6576,0.043,0.2994
DIAMONDS TWO DIAMONDS SEVEN,0.5974,0.012,0.3906
DIAMONDS TWO DIAMONDS SIX,0.592,0.0156,0.3924
SPADES ACE HEARTS FIVE,0.3332,0.005,0.6618
DIAMONDS TWO DIAMONDS NINE,0.5838,0.0118,0.4044
DIAMONDS TWO DIAMONDS EIGHT,0.5832,0.0142,0.4026
DIAMONDS THREE DIAMONDS FOUR,0.6296,0.0458,0.3246
CLUBS TWO SPADES FOUR,0.6984,0.0488,0.2528
DIAMONDS THREE DIAMONDS FIVE,0.5666,0.014,0.4194
CLUBS TWO SPADES FIVE,0.62,0.0172,0.3628
CLUBS TWO SPADES TWO,0.4354,0.0356,0.529
CLUBS TWO SPADES THREE,0.6462,0.0148,0.339
DIAMONDS THREE DIAMONDS EIGHT,0.5848,0.0116,0.4036
SPADES EIGHT CLUBS TWO,0.64,0.0126,0.3474
DIAMONDS THREE DIAMONDS NINE,0.5826,0.0124,0.405
SPADES NINE CLUBS TWO,0.6336,0.0164,0.35
DIAMONDS THREE DIAMONDS SIX,0.5618,0.0138,0.4244
CLUBS TWO SPADES SIX,0.6292,0.0148,0.356
DIAMONDS THREE DIAMONDS SEVEN,0.5784,0.0138,0.4078
SPADES SEVEN CLUBS TWO,0.649,0.0152,0.3358
CLUBS SIX CLUBS TWO,0.5996,0.0156,0.3848
CLUBS SEVEN CLUBS TWO,0.5892,0.0112,0.3996
CLUBS FIVE CLUBS TWO,0.5856,0.0114,0.403
CLUBS TEN CLUBS JACK,0.5078,0.011,0.4812
DIAMONDS FOUR DIAMONDS SIX,0.6394,0.0338,0.3268
CLUBS TEN CLUBS QUEEN,0.23,0.116,0.654
DIAMONDS FOUR DIAMONDS SEVEN,0.6564,0.0398,0.3038
CLUBS TEN CLUBS KING,0.3134,0.008,0.6786
CLUBS TEN CLUBS ACE,0.3182,0.0046,0.6772
CLUBS EIGHT CLUBS TWO,0.5818,0.0134,0.4048
DIAMONDS FIVE DIAMONDS FOUR,0.6328,0.0388,0.3284
CLUBS NINE CLUBS TWO,0.5892,0.0144,0.3964
DIAMONDS NINE DIAMONDS FOUR,0.6706,0.0402,0.2892
DIAMONDS EIGHT DIAMONDS FOUR,0.655,0.0436,0.3014
CLUBS TWO CLUBS THREE,0.6024,0.0174,0.3802
DIAMONDS NINE DIAMONDS FIVE,0.552,0.0104,0.4376
DIAMONDS TWO CLUBS JACK,0.629,0.0128,0.3582
DIAMONDS EIGHT DIAMONDS FIVE,0.5358,0.0106,0.4536
CLUBS TEN DIAMONDS TWO,0.6284,0.0136,0.358
DIAMONDS FIVE DIAMONDS SEVEN,0.5386,0.011,0.4504
DIAMONDS FIVE DIAMONDS SIX,0.5172,0.0126,0.4702
DIAMONDS TWO CLUBS ACE,0.3852,0.0044,0.6104
DIAMONDS TWO CLUBS KING,0.3942,0.0098,0.596
DIAMONDS TWO CLUBS QUEEN,0.2702,0.5134,0.2164
DIAMONDS EIGHT DIAMONDS SIX,0.5304,0.0126,0.457
DIAMONDS NINE DIAMONDS SIX,0.5304,0.013,0.4566
HEARTS ACE SPADES THREE,0.3824,0.0048,0.6128
HEARTS KING SPADES THREE,0.3918,0.007,0.6012
DIAMONDS SEVEN DIAMONDS SIX,0.5332,0.0126,0.4542
SPADES THREE HEARTS QUEEN,0.2798,0.5116,0.2086
SPADES THREE HEARTS JACK,0.6396,0.0106,0.3498
SPADES THREE HEARTS TEN,0.6188,0.013,0.3682
DIAMONDS EIGHT DIAMONDS SEVEN,0.5224,0.0128,0.4648
DIAMONDS NINE DIAMONDS SEVEN,0.523,0.0096,0.4674
DIAMONDS NINE DIAMONDS EIGHT,0.5146,0.011,0.4744
DIAMONDS KING HEARTS TEN,0.3486,0.0072,0.6442
HEARTS THREE HEARTS TEN,0.577,0.0106,0.4124
SPADES JACK CLUBS SIX,0.6048,0.0094,0.3858
DIAMONDS KING HEARTS JACK,0.3428,0.0074,0.6498
HEARTS THREE HEARTS JACK,0.5888,0.0134,0.3978
SPADES TEN CLUBS SIX,0.5834,0.012,0.4046
SPADES JACK SPADES FIVE,0.5774,0.0104,0.4122
SPADES TEN SPADES FIVE,0.576,0.0126,0.4114
DIAMONDS KING HEARTS ACE,0.3254,0.0056,0.669
HEARTS THREE HEARTS ACE,0.3534,0.0048,0.6418
SPADES ACE CLUBS SIX,0.3468,0.0058,0.6474
DIAMONDS KING HEARTS QUEEN,0.2274,0.0308,0.7418
HEARTS THREE HEARTS QUEEN,0.25,0.4932,0.2568
SPADES KING CLUBS SIX,0.3502,0.0076,0.6422
DIAMONDS KING HEARTS KING,0.1366,0.0036,0.8598
HEARTS THREE HEARTS KING,0.36,0.006,0.634
SPADES NINE HEARTS TEN,0.5492,0.009,0.4418
SPADES NINE HEARTS JACK,0.5594,0.0112,0.4294
SPADES KING SPADES FIVE,0.3452,0.0104,0.6444
SPADES ACE SPADES FIVE,0.3404,0.0054,0.6542
SPADES NINE HEARTS QUEEN,0.235,0.1658,0.5992
SPADES NINE HEARTS KING,0.3612,0.0088,0.63
SPADES NINE HEARTS ACE,0.3588,0.0052,0.636
CLUBS TEN SPADES JACK,0.5476,0.0106,0.4418
CLUBS TEN SPADES TEN,0.2942,0.012,0.6938
SPADES ACE CLUBS TEN,0.3272,0.0046,0.6682
SPADES KING CLUBS TEN,0.3304,0.0088,0.6608
SPADES FIVE HEARTS QUEEN,0.2278,0.4658,0.3064
SPADES FIVE HEARTS KING,0.365,0.0058,0.6292
SPADES FIVE HEARTS ACE,0.356,0.004,0.64
HEARTS THREE SPADES JACK,0.6316,0.014,0.3544
SPADES JACK DIAMONDS KING,0.3504,0.006,0.6436
SPADES TEN CLUBS EIGHT,0.5718,0.011,0.4172
SPADES JACK CLUBS EIGHT,0.572,0.011,0.417
HEARTS THREE SPADES TEN,0.635,0.0138,0.3512
SPADES TEN DIAMONDS KING,0.3392,0.0058,0.655
CLUBS SIX HEARTS ACE,0.373,0.003,0.624
SPADES ACE CLUBS EIGHT,0.3524,0.0042,0.6434
HEARTS FIVE CLUBS JACK,0.5938,0.0114,0.3948
CLUBS TEN HEARTS FIVE,0.6132,0.0112,0.3756
CLUBS SIX HEARTS QUEEN,0.2188,0.3786,0.4026
CLUBS TEN SPADES THREE,0.6254,0.013,0.3616
CLUBS SIX HEARTS KING,0.3532,0.0068,0.64
SPADES KING CLUBS EIGHT,0.3592,0.008,0.6328
SPADES THREE CLUBS JACK,0.6396,0.0138,0.3466
DIAMONDS TWO HEARTS JACK,0.6354,0.013,0.3516
SPADES THREE CLUBS QUEEN,0.2492,0.5396,0.2112
DIAMONDS TWO HEARTS TEN,0.636,0.0126,0.3514
SPADES THREE CLUBS KING,0.3832,0.0074,0.6094
HEARTS FIVE CLUBS ACE,0.3632,0.0046,0.6322
SPADES FIVE HEARTS TEN,0.5952,0.0124,0.3924
SPADES THREE CLUBS ACE,0.382,0.0042,0.6138
HEARTS FIVE CLUBS KING,0.3656,0.0076,0.6268
SPADES FIVE HEARTS JACK,0.6094,0.012,0.3786
HEARTS FIVE CLUBS QUEEN,0.216,0.4534,0.3306
HEARTS THREE CLUBS KING,0.3856,0.0102,0.6042
DIAMONDS KING CLUBS KING,0.1296,0.0038,0.8666
HEARTS THREE CLUBS QUEEN,0.2522,0.5186,0.2292
DIAMONDS KING CLUBS QUEEN,0.2274,0.0272,0.7454
HEARTS FIVE HEARTS JACK,0.5668,0.0102,0.423
HEARTS FIVE HEARTS TEN,0.566,0.0118,0.4222
HEARTS THREE CLUBS ACE,0.376,0.0038,0.6202
DIAMONDS KING CLUBS ACE,0.3106,0.0052,0.6842
SPADES ACE CLUBS QUEEN,0.2102,0.0186,0.7712
SPADES KING CLUBS QUEEN,0.233,0.0316,0.7354
HEARTS THREE CLUBS JACK,0.6244,0.0126,0.363
DIAMONDS KING CLUBS JACK,0.3426,0.0074,0.65
CLUBS TEN HEARTS THREE,0.618,0.015,0.367
CLUBS TEN DIAMONDS KING,0.3272,0.0062,0.6666
SPADES JACK CLUBS QUEEN,0.2236,0.0922,0.6842
CLUBS SIX CLUBS QUEEN,0.2042,0.3714,0.4244
SPADES TEN CLUBS QUEEN,0.2248,0.1248,0.6504
CLUBS SIX CLUBS KING,0.3326,0.0074,0.66
CLUBS SIX CLUBS ACE,0.3376,0.0068,0.6556
HEARTS FIVE HEARTS KING,0.3338,0.0078,0.6584
HEARTS FIVE HEARTS QUEEN,0.2146,0.4294,0.356
CLUBS TEN CLUBS SIX,0.5492,0.0104,0.4404
HEARTS FIVE HEARTS ACE,0.325,0.0056,0.6694
CLUBS SIX CLUBS JACK,0.5726,0.0108,0.4166
SPADES SEVEN HEARTS JACK,0.5942,0.009,0.3968
SPADES SEVEN HEARTS TEN,0.5806,0.0122,0.4072
DIAMONDS TWO CLUBS TWO,0.4136,0.0368,0.5496
DIAMONDS TWO CLUBS THREE,0.6454,0.0156,0.339
HEARTS SIX DIAMONDS TWO,0.616,0.0106,0.3734
DIAMONDS TWO HEARTS QUEEN,0.278,0.493,0.229
DIAMONDS TWO HEARTS SEVEN,0.636,0.012,0.352
DIAMONDS TWO HEARTS KING,0.4008,0.009,0.5902
DIAMONDS TWO HEARTS EIGHT,0.6142,0.0106,0.3752
DIAMONDS TWO HEARTS ACE,0.3912,0.005,0.6038
DIAMONDS TWO HEARTS NINE,0.6242,0.0144,0.3614
DIAMONDS TWO DIAMONDS QUEEN,0.2682,0.4724,0.2594
DIAMONDS TWO HEARTS TWO,0.44,0.0342,0.5258
DIAMONDS TWO DIAMONDS KING,0.3704,0.0088,0.6208
HEARTS THREE DIAMONDS TWO,0.6394,0.0142,0.3464
DIAMONDS TWO DIAMONDS ACE,0.365,0.005,0.63
HEARTS FOUR DIAMONDS TWO,0.6912,0.0536,0.2552
DIAMONDS TWO HEARTS FIVE,0.6028,0.0144,0.3828
SPADES SEVEN HEARTS ACE,0.3662,0.0048,0.629
DIAMONDS TWO DIAMONDS TEN,0.5802,0.013,0.4068
SPADES SEVEN HEARTS KING,0.3728,0.0066,0.6206
DIAMONDS TWO DIAMONDS JACK,0.595,0.0118,0.3932
SPADES SEVEN HEARTS QUEEN,0.2262,0.3058,0.468
DIAMONDS TWO SPADES NINE,0.6144,0.0138,0.3718
DIAMONDS TWO SPADES EIGHT,0.6238,0.0126,0.3636
DIAMONDS TWO SPADES SEVEN,0.6434,0.0124,0.3442
DIAMONDS TWO SPADES SIX,0.6168,0.0166,0.3666
DIAMONDS TWO SPADES FIVE,0.6192,0.014,0.3668
DIAMONDS TWO SPADES FOUR,0.6892,0.0514,0.2594
DIAMONDS TWO SPADES THREE,0.64,0.015,0.345
DIAMONDS TWO SPADES TWO,0.428,0.0354,0.5366
CLUBS NINE DIAMONDS TWO,0.627,0.015,0.358
DIAMONDS TWO CLUBS EIGHT,0.6226,0.0158,0.3616
CLUBS SEVEN DIAMONDS TWO,0.6236,0.015,0.3614
DIAMONDS TWO CLUBS SIX,0.628,0.0138,0.3582
DIAMONDS TWO CLUBS FIVE,0.6042,0.0138,0.382
SPADES ACE DIAMONDS SIX,0.348,0.005,0.647
SPADES KING DIAMONDS SIX,0.3606,0.0088,0.6306
SPADES TEN DIAMONDS SIX,0.5936,0.0096,0.3968
SPADES JACK DIAMONDS SIX,0.6112,0.0104,0.3784
SPADES KING SPADES TWO,0.3742,0.008,0.6178
SPADES ACE SPADES TWO,0.3644,0.0058,0.6298
DIAMONDS JACK CLUBS JACK,0.2834,0.0102,0.7064
CLUBS TEN DIAMONDS JACK,0.5416,0.0084,0.45
DIAMONDS JACK CLUBS KING,0.3374,0.0056,0.657
DIAMONDS JACK CLUBS QUEEN,0.2274,0.0892,0.6834
DIAMONDS THREE DIAMONDS JACK,0.6012,0.0104,0.3884
DIAMONDS THREE DIAMONDS TEN,0.5856,0.0098,0.4046
DIAMONDS JACK CLUBS ACE,0.3526,0.0048,0.6426
DIAMONDS THREE DIAMONDS KING,0.3734,0.0082,0.6184
HEARTS THREE DIAMONDS THREE,0.4068,0.0364,0.5568
DIAMONDS THREE DIAMONDS QUEEN,0.251,0.478,0.271
DIAMONDS THREE HEARTS TWO,0.6378,0.017,0.3452
HEARTS FIVE DIAMONDS THREE,0.5958,0.0136,0.3906
DIAMONDS THREE DIAMONDS ACE,0.3626,0.0066,0.6308
HEARTS FOUR DIAMONDS THREE,0.694,0.0386,0.2674
DIAMONDS THREE HEARTS SEVEN,0.628,0.0114,0.3606
SPADES TEN SPADES NINE,0.5356,0.0098,0.4546
HEARTS SIX DIAMONDS THREE,0.6114,0.0124,0.3762
SPADES JACK SPADES NINE,0.5164,0.0128,0.4708
DIAMONDS THREE HEARTS NINE,0.631,0.011,0.358
HEARTS JACK DIAMONDS FOUR,0.7192,0.0484,0.2324
HEARTS KING HEARTS ACE,0.2974,0.0046,0.698
SPADES TEN SPADES TWO,0.6044,0.0102,0.3854
DIAMONDS THREE HEARTS EIGHT,0.6306,0.0116,0.3578
HEARTS TEN DIAMONDS FOUR,0.7142,0.0474,0.2384
SPADES JACK SPADES TWO,0.6002,0.0142,0.3856
HEARTS QUEEN DIAMONDS FOUR,0.0236,0.9574,0.019
HEARTS KING DIAMONDS FOUR,0.243,0.0346,0.7224
SPADES ACE SPADES NINE,0.3494,0.0038,0.6468
HEARTS ACE DIAMONDS FOUR,0.2306,0.0232,0.7462
SPADES KING SPADES NINE,0.3378,0.01,0.6522
DIAMONDS THREE SPADES NINE,0.633,0.014,0.353
DIAMONDS THREE SPADES EIGHT,0.6372,0.011,0.3518
DIAMONDS THREE SPADES SEVEN,0.6318,0.0112,0.357
DIAMONDS THREE SPADES SIX,0.628,0.0134,0.3586
DIAMONDS THREE CLUBS SIX,0.6124,0.012,0.3756
CLUBS FIVE CLUBS SIX,0.5286,0.0122,0.4592
CLUBS ACE DIAMONDS FOUR,0.2248,0.0254,0.7498
CLUBS SEVEN DIAMONDS THREE,0.6224,0.012,0.3656
CLUBS SEVEN CLUBS FIVE,0.5382,0.017,0.4448
DIAMONDS FOUR CLUBS QUEEN,0.0112,0.9698,0.019
DIAMONDS THREE CLUBS FIVE,0.5964,0.0158,0.3878
CLUBS KING DIAMONDS FOUR,0.23,0.0388,0.7312
DIAMONDS THREE CLUBS TWO,0.6488,0.013,0.3382
CLUBS TEN DIAMONDS FOUR,0.7104,0.0514,0.2382
DIAMONDS THREE CLUBS THREE,0.4278,0.0352,0.537
DIAMONDS FOUR CLUBS JACK,0.715,0.0506,0.2344
DIAMONDS THREE SPADES FOUR,0.6836,0.0456,0.2708
DIAMONDS THREE SPADES FIVE,0.6032,0.016,0.3808
DIAMONDS THREE SPADES TWO,0.6478,0.0162,0.336
DIAMONDS THREE SPADES THREE,0.4236,0.0328,0.5436
CLUBS EIGHT DIAMONDS THREE,0.6282,0.0138,0.358
CLUBS NINE DIAMONDS THREE,0.6314,0.0104,0.3582
SPADES SEVEN CLUBS ACE,0.353,0.0046,0.6424
SPADES SEVEN CLUBS QUEEN,0.2308,0.3026,0.4666
SPADES SEVEN CLUBS KING,0.3584,0.01,0.6316
CLUBS FIVE SPADES SEVEN,0.5672,0.0124,0.4204
CLUBS TEN SPADES SEVEN,0.5768,0.0122,0.411
CLUBS FIVE SPADES SIX,0.5804,0.0144,0.4052
SPADES SEVEN CLUBS JACK,0.5716,0.012,0.4164
SPADES NINE CLUBS FIVE,0.592,0.0114,0.3966
CLUBS FIVE SPADES EIGHT,0.5726,0.016,0.4114
CLUBS FIVE SPADES THREE,0.5948,0.0128,0.3924
CLUBS FIVE SPADES TWO,0.6192,0.0146,0.3662
CLUBS FIVE SPADES FIVE,0.3292,0.0332,0.6376
CLUBS FIVE SPADES FOUR,0.6562,0.0478,0.296
CLUBS NINE CLUBS FIVE,0.5462,0.0128,0.441
CLUBS EIGHT CLUBS FIVE,0.5468,0.013,0.4402
CLUBS ACE CLUBS QUEEN,0.2294,0.013,0.7576
CLUBS KING CLUBS QUEEN,0.2302,0.0274,0.7424
DIAMONDS TEN DIAMONDS FOUR,0.6784,0.0444,0.2772
CLUBS TEN DIAMONDS NINE,0.5444,0.009,0.4466
DIAMONDS JACK DIAMONDS FOUR,0.6736,0.0456,0.2808
DIAMONDS NINE CLUBS JACK,0.5486,0.01,0.4414
SPADES NINE CLUBS JACK,0.5582,0.0118,0.43
CLUBS TEN SPADES NINE,0.5326,0.0114,0.456
DIAMONDS ACE DIAMONDS FOUR,0.2154,0.0208,0.7638
HEARTS FOUR DIAMONDS FOUR,0.2918,0.0364,0.6718
DIAMONDS JACK HEARTS TEN,0.5206,0.0098,0.4696
SPADES NINE CLUBS KING,0.3474,0.0076,0.645
DIAMONDS TWO SPADES TEN,0.6288,0.0132,0.358
DIAMONDS NINE CLUBS ACE,0.3508,0.0044,0.6448
HEARTS FIVE DIAMONDS FOUR,0.6646,0.0454,0.29
HEARTS JACK DIAMONDS JACK,0.2802,0.0124,0.7074
SPADES NINE CLUBS QUEEN,0.224,0.1614,0.6146
SPADES JACK DIAMONDS TWO,0.6368,0.0126,0.3506
DIAMONDS QUEEN DIAMONDS FOUR,0.0222,0.9072,0.0706
HEARTS TWO DIAMONDS FOUR,0.7,0.0504,0.2496
DIAMONDS NINE CLUBS QUEEN,0.227,0.1648,0.6082
DIAMONDS KING DIAMONDS FOUR,0.222,0.035,0.743
HEARTS THREE DIAMONDS FOUR,0.6746,0.0474,0.278
SPADES NINE CLUBS ACE,0.3514,0.0062,0.6424
DIAMONDS NINE CLUBS KING,0.3532,0.006,0.6408
HEARTS ACE DIAMONDS JACK,0.3552,0.0058,0.639
SPADES ACE DIAMONDS TWO,0.38,0.0044,0.6156
DIAMONDS JACK HEARTS QUEEN,0.2432,0.0924,0.6644
HEARTS KING DIAMONDS JACK,0.3408,0.0046,0.6546
SPADES KING DIAMONDS TWO,0.3818,0.0112,0.607
SPADES JACK SPADES SEVEN,0.561,0.0128,0.4262
SPADES TEN SPADES SEVEN,0.5436,0.0094,0.447
CLUBS SEVEN CLUBS THREE,0.5852,0.0124,0.4024
CLUBS SIX CLUBS THREE,0.5762,0.0138,0.41
CLUBS FIVE CLUBS THREE,0.5768,0.0152,0.408
CLUBS NINE CLUBS THREE,0.5954,0.0142,0.3904
CLUBS EIGHT CLUBS THREE,0.6104,0.0104,0.3792
CLUBS THREE SPADES FIVE,0.6132,0.0148,0.372
CLUBS THREE SPADES FOUR,0.6938,0.0472,0.259
CLUBS THREE SPADES THREE,0.4216,0.0342,0.5442
CLUBS THREE SPADES TWO,0.6436,0.0136,0.3428
SPADES SIX CLUBS THREE,0.635,0.0148,0.3502
SPADES SEVEN CLUBS THREE,0.6312,0.0144,0.3544
SPADES EIGHT CLUBS THREE,0.6318,0.0134,0.3548
SPADES NINE CLUBS THREE,0.6342,0.0156,0.3502
SPADES TWO DIAMONDS FOUR,0.7054,0.0416,0.253
SPADES THREE DIAMONDS FOUR,0.6904,0.0466,0.263
SPADES FOUR DIAMONDS FOUR,0.3144,0.0324,0.6532
SPADES FIVE DIAMONDS FOUR,0.659,0.0502,0.2908
SPADES SIX DIAMONDS FOUR,0.6864,0.0382,0.2754
SPADES SEVEN DIAMONDS FOUR,0.6962,0.0386,0.2652
SPADES EIGHT DIAMONDS FOUR,0.7034,0.044,0.2526
SPADES NINE DIAMONDS FOUR,0.7088,0.0462,0.245
CLUBS FIVE DIAMONDS FOUR,0.6716,0.0472,0.2812
CLUBS SEVEN DIAMONDS FOUR,0.6884,0.0402,0.2714
CLUBS SIX DIAMONDS FOUR,0.6858,0.0388,0.2754
CLUBS NINE DIAMONDS FOUR,0.7044,0.0388,0.2568
CLUBS EIGHT DIAMONDS FOUR,0.7016,0.0414,0.257
DIAMONDS FOUR HEARTS SEVEN,0.6902,0.0436,0.2662
HEARTS SIX DIAMONDS FOUR,0.6796,0.041,0.2794
HEARTS NINE DIAMONDS FOUR,0.7096,0.0444,0.246
DIAMONDS FOUR HEARTS EIGHT,0.6886,0.0398,0.2716
CLUBS THREE DIAMONDS FOUR,0.6888,0.0452,0.266
CLUBS TWO DIAMONDS FOUR,0.6986,0.0488,0.2526
DIAMONDS TEN DIAMONDS FIVE,0.5748,0.0118,0.4134
DIAMONDS JACK DIAMONDS FIVE,0.5568,0.0116,0.4316
DIAMONDS NINE HEARTS QUEEN,0.2286,0.1736,0.5978
HEARTS KING DIAMONDS NINE,0.3498,0.0054,0.6448
DIAMONDS NINE HEARTS ACE,0.36,0.0034,0.6366
DIAMONDS NINE HEARTS TEN,0.55,0.0102,0.4398
DIAMONDS NINE HEARTS JACK,0.5614,0.0102,0.4284
CLUBS KING DIAMONDS SIX,0.3506,0.006,0.6434
CLUBS QUEEN DIAMONDS SIX,0.2104,0.3926,0.397
CLUBS ACE DIAMONDS SIX,0.3636,0.0056,0.6308
SPADES KING DIAMONDS FOUR,0.2266,0.0362,0.7372
SPADES ACE SPADES SEVEN,0.3374,0.0048,0.6578
CLUBS JACK DIAMONDS SIX,0.5994,0.009,0.3916
SPADES KING SPADES SEVEN,0.359,0.0084,0.6326
SPADES ACE DIAMONDS FOUR,0.229,0.0232,0.7478
CLUBS TEN DIAMONDS SIX,0.5758,0.0126,0.4116
SPADES JACK DIAMONDS FOUR,0.728,0.0518,0.2202
SPADES TEN DIAMONDS FOUR,0.7252,0.0504,0.2244
CLUBS SEVEN SPADES EIGHT,0.5564,0.013,0.4306
CLUBS SEVEN SPADES NINE,0.5602,0.0142,0.4256
CLUBS SEVEN SPADES SIX,0.575,0.0166,0.4084
CLUBS SEVEN SPADES SEVEN,0.3208,0.0288,0.6504
CLUBS SEVEN SPADES FIVE,0.575,0.0138,0.4112
CLUBS SEVEN SPADES FOUR,0.6958,0.0454,0.2588
CLUBS SEVEN SPADES THREE,0.6112,0.0108,0.378
CLUBS SEVEN SPADES TWO,0.6334,0.0164,0.3502
CLUBS NINE CLUBS SEVEN,0.524,0.0104,0.4656
CLUBS SEVEN CLUBS EIGHT,0.5184,0.0134,0.4682
HEARTS SIX DIAMONDS FIVE,0.5568,0.0152,0.428
DIAMONDS FIVE HEARTS SEVEN,0.5792,0.0114,0.4094
DIAMONDS FIVE HEARTS EIGHT,0.5792,0.0124,0.4084
HEARTS NINE DIAMONDS FIVE,0.585,0.0108,0.4042
DIAMONDS QUEEN DIAMONDS FIVE,0.2016,0.4396,0.3588
HEARTS TWO DIAMONDS FIVE,0.6058,0.012,0.3822
HEARTS KING HEARTS EIGHT,0.3464,0.0068,0.6468
DIAMONDS KING DIAMONDS FIVE,0.3378,0.0068,0.6554
HEARTS THREE DIAMONDS FIVE,0.5914,0.0134,0.3952
HEARTS QUEEN HEARTS EIGHT,0.2174,0.2204,0.5622
DIAMONDS ACE DIAMONDS FIVE,0.3264,0.0054,0.6682
HEARTS FOUR DIAMONDS FIVE,0.6664,0.0434,0.2902
HEARTS FIVE DIAMONDS FIVE,0.319,0.0322,0.6488
HEARTS ACE HEARTS EIGHT,0.3396,0.0056,0.6548
CLUBS FIVE DIAMONDS FIVE,0.3214,0.0316,0.647
CLUBS SIX DIAMONDS FIVE,0.5518,0.0134,0.4348
CLUBS SEVEN DIAMONDS FIVE,0.5672,0.0132,0.4196
CLUBS TWO DIAMONDS FIVE,0.6214,0.014,0.3646
CLUBS THREE DIAMONDS FIVE,0.6094,0.017,0.3736
SPADES THREE DIAMONDS FIVE,0.6042,0.0146,0.3812
SPADES TWO DIAMONDS FIVE,0.618,0.017,0.365
SPADES JACK DIAMONDS EIGHT,0.5806,0.0122,0.4072
SPADES FIVE DIAMONDS FIVE,0.3186,0.0342,0.6472
CLUBS TEN HEARTS JACK,0.5432,0.0084,0.4484
SPADES TEN DIAMONDS EIGHT,0.5586,0.0104,0.431
SPADES FOUR DIAMONDS FIVE,0.6674,0.046,0.2866
HEARTS JACK CLUBS JACK,0.2762,0.0094,0.7144
HEARTS JACK CLUBS QUEEN,0.226,0.0908,0.6832
CLUBS NINE DIAMONDS FIVE,0.5814,0.011,0.4076
HEARTS JACK CLUBS KING,0.3382,0.0066,0.6552
CLUBS EIGHT DIAMONDS FIVE,0.5748,0.0102,0.415
HEARTS JACK CLUBS ACE,0.3486,0.0056,0.6458
SPADES SEVEN DIAMONDS FIVE,0.5888,0.0136,0.3976
SPADES KING DIAMONDS EIGHT,0.368,0.0062,0.6258
SPADES SIX DIAMONDS FIVE,0.567,0.0132,0.4198
SPADES NINE DIAMONDS FIVE,0.5896,0.013,0.3974
SPADES EIGHT DIAMONDS FIVE,0.5836,0.0144,0.402
SPADES ACE DIAMONDS EIGHT,0.36,0.0042,0.6358
DIAMONDS TEN DIAMONDS SIX,0.5476,0.011,0.4414
HEARTS ACE DIAMONDS SEVEN,0.3654,0.0054,0.6292
DIAMONDS JACK DIAMONDS SIX,0.5534,0.0124,0.4342
HEARTS QUEEN DIAMONDS SEVEN,0.227,0.2986,0.4744
HEARTS KING DIAMONDS SEVEN,0.3592,0.0076,0.6332
DIAMONDS ACE DIAMONDS SIX,0.3404,0.003,0.6566
HEARTS FOUR DIAMONDS SIX,0.6854,0.0344,0.2802
HEARTS JACK SPADES TWO,0.6292,0.0116,0.3592
HEARTS FIVE DIAMONDS SIX,0.556,0.0128,0.4312
SPADES TWO HEARTS TEN,0.6384,0.0138,0.3478
DIAMONDS QUEEN DIAMONDS SIX,0.2126,0.3598,0.4276
HEARTS TWO DIAMONDS SIX,0.6292,0.0126,0.3582
DIAMONDS KING DIAMONDS SIX,0.3332,0.008,0.6588
HEARTS THREE DIAMONDS SIX,0.6218,0.0126,0.3656
HEARTS EIGHT DIAMONDS SIX,0.5474,0.0136,0.439
HEARTS NINE DIAMONDS SIX,0.5728,0.0108,0.4164
HEARTS SIX DIAMONDS SIX,0.328,0.0302,0.6418
HEARTS SEVEN DIAMONDS SIX,0.5596,0.0094,0.431
HEARTS TEN DIAMONDS SEVEN,0.5632,0.011,0.4258
CLUBS TWO DIAMONDS SIX,0.6214,0.0134,0.3652
HEARTS JACK DIAMONDS SEVEN,0.578,0.0086,0.4134
CLUBS THREE DIAMONDS SIX,0.6094,0.0146,0.376
CLUBS SEVEN DIAMONDS SIX,0.5592,0.0106,0.4302
DIAMONDS EIGHT CLUBS JACK,0.5642,0.0108,0.425
CLUBS SIX DIAMONDS SIX,0.3202,0.0298,0.65
CLUBS TEN DIAMONDS EIGHT,0.5602,0.0106,0.4292
CLUBS FIVE DIAMONDS SIX,0.5572,0.012,0.4308
HEARTS ACE HEARTS JACK,0.321,0.0046,0.6744
DIAMONDS EIGHT CLUBS ACE,0.3548,0.0026,0.6426
HEARTS JACK HEARTS QUEEN,0.224,0.0914,0.6846
DIAMONDS EIGHT CLUBS KING,0.36,0.0074,0.6326
CLUBS NINE DIAMONDS SIX,0.5636,0.016,0.4204
HEARTS KING HEARTS JACK,0.3282,0.0076,0.6642
DIAMONDS EIGHT CLUBS QUEEN,0.2298,0.2148,0.5554
CLUBS EIGHT DIAMONDS SIX,0.5698,0.0122,0.418
SPADES TEN HEARTS KING,0.353,0.0086,0.6384
SPADES FIVE DIAMONDS SIX,0.5714,0.015,0.4136
HEARTS ACE SPADES TWO,0.391,0.0038,0.6052
SPADES JACK HEARTS KING,0.3408,0.007,0.6522
SPADES FOUR DIAMONDS SIX,0.6912,0.0418,0.267
SPADES THREE DIAMONDS SIX,0.611,0.014,0.375
SPADES TWO HEARTS QUEEN,0.2658,0.5132,0.221
SPADES ACE SPADES KING,0.3106,0.004,0.6854
HEARTS KING SPADES TWO,0.3942,0.0056,0.6002
SPADES TWO DIAMONDS SIX,0.6322,0.0124,0.3554
HEARTS TEN HEARTS EIGHT,0.5232,0.0096,0.4672
SPADES NINE DIAMONDS SIX,0.5792,0.0106,0.4102
HEARTS JACK HEARTS EIGHT,0.541,0.01,0.449
SPADES EIGHT DIAMONDS SIX,0.5624,0.014,0.4236
SPADES SEVEN DIAMONDS SIX,0.559,0.0134,0.4276
SPADES SIX DIAMONDS SIX,0.3336,0.0278,0.6386
SPADES KING HEARTS KING,0.1316,0.0042,0.8642
CLUBS ACE CLUBS KING,0.296,0.0076,0.6964
SPADES ACE HEARTS KING,0.3124,0.0052,0.6824
SPADES ACE HEARTS JACK,0.3396,0.0048,0.6556
SPADES KING HEARTS JACK,0.332,0.007,0.661
SPADES TEN DIAMONDS TEN,0.3066,0.0128,0.6806
SPADES JACK DIAMONDS TEN,0.528,0.0088,0.4632
SPADES ACE DIAMONDS TEN,0.3512,0.0044,0.6444
SPADES JACK HEARTS JACK,0.2934,0.0098,0.6968
SPADES TEN HEARTS JACK,0.5316,0.0106,0.4578
SPADES KING DIAMONDS TEN,0.3366,0.0088,0.6546
SPADES NINE DIAMONDS SEVEN,0.5602,0.0124,0.4274
SPADES EIGHT DIAMONDS SEVEN,0.5526,0.014,0.4334
SPADES SEVEN DIAMONDS SEVEN,0.3244,0.0222,0.6534
SPADES SIX DIAMONDS SEVEN,0.5538,0.011,0.4352
DIAMONDS KING DIAMONDS SEVEN,0.3394,0.0062,0.6544
HEARTS THREE DIAMONDS SEVEN,0.6192,0.016,0.3648
HEARTS KING DIAMONDS FIVE,0.3596,0.0058,0.6346
DIAMONDS QUEEN DIAMONDS SEVEN,0.2242,0.2822,0.4936
HEARTS TWO DIAMONDS SEVEN,0.6324,0.0092,0.3584
HEARTS QUEEN DIAMONDS FIVE,0.2254,0.4562,0.3184
HEARTS FIVE DIAMONDS SEVEN,0.5796,0.0106,0.4098
DIAMONDS ACE DIAMONDS SEVEN,0.3382,0.0044,0.6574
HEARTS FOUR DIAMONDS SEVEN,0.6976,0.0422,0.2602
HEARTS ACE DIAMONDS FIVE,0.3348,0.0028,0.6624
HEARTS SEVEN DIAMONDS SEVEN,0.3292,0.024,0.6468
HEARTS SIX DIAMONDS SEVEN,0.5764,0.011,0.4126
HEARTS NINE DIAMONDS SEVEN,0.5668,0.0114,0.4218
DIAMONDS SEVEN HEARTS EIGHT,0.561,0.0112,0.4278
DIAMONDS JACK DIAMONDS SEVEN,0.5374,0.0096,0.453
HEARTS JACK DIAMONDS FIVE,0.5988,0.0126,0.3886
DIAMONDS TEN DIAMONDS SEVEN,0.524,0.011,0.465
DIAMONDS FIVE HEARTS TEN,0.6,0.0102,0.3898
SPADES KING CLUBS TWO,0.381,0.0084,0.6106
HEARTS KING CLUBS KING,0.1344,0.0042,0.8614
CLUBS EIGHT DIAMONDS SEVEN,0.5606,0.0112,0.4282
HEARTS KING CLUBS QUEEN,0.2296,0.0294,0.741
CLUBS NINE DIAMONDS SEVEN,0.5496,0.0124,0.438
SPADES TWO CLUBS JACK,0.6388,0.0132,0.348
SPADES ACE CLUBS TWO,0.3708,0.0076,0.6216
CLUBS TEN SPADES TWO,0.6294,0.0126,0.358
HEARTS KING CLUBS ACE,0.3208,0.005,0.6742
CLUBS SEVEN CLUBS SIX,0.552,0.0138,0.4342
SPADES TWO CLUBS KING,0.3968,0.0076,0.5956
SPADES TWO DIAMONDS SEVEN,0.6396,0.0146,0.3458
CLUBS EIGHT CLUBS SIX,0.5392,0.0148,0.446
SPADES THREE DIAMONDS SEVEN,0.6232,0.0142,0.3626
SPADES TWO CLUBS QUEEN,0.2578,0.5276,0.2146
CLUBS NINE CLUBS SIX,0.5394,0.0142,0.4464
SPADES FOUR DIAMONDS SEVEN,0.6866,0.0424,0.271
HEARTS KING CLUBS JACK,0.3296,0.0062,0.6642
SPADES FIVE DIAMONDS SEVEN,0.5704,0.0124,0.4172
SPADES TWO CLUBS ACE,0.375,0.0052,0.6198
CLUBS TEN HEARTS KING,0.3316,0.0072,0.6612
CLUBS SIX SPADES TWO,0.6258,0.0128,0.3614
CLUBS SIX SPADES THREE,0.6056,0.0128,0.3816
CLUBS TWO DIAMONDS SEVEN,0.6438,0.0106,0.3456
CLUBS SIX SPADES FOUR,0.6916,0.0482,0.2602
CLUBS THREE DIAMONDS SEVEN,0.6172,0.0168,0.366
CLUBS SIX SPADES FIVE,0.5628,0.0166,0.4206
CLUBS SIX SPADES SIX,0.3234,0.0302,0.6464
CLUBS FIVE DIAMONDS SEVEN,0.5642,0.0118,0.424
CLUBS SIX SPADES SEVEN,0.5656,0.0136,0.4208
CLUBS SIX DIAMONDS SEVEN,0.5438,0.0106,0.4456
SPADES EIGHT CLUBS SIX,0.5684,0.0128,0.4188
SPADES JACK CLUBS TWO,0.638,0.0148,0.3472
CLUBS SEVEN DIAMONDS SEVEN,0.3116,0.025,0.6634
SPADES NINE CLUBS SIX,0.5692,0.0126,0.4182
SPADES TEN CLUBS TWO,0.6402,0.0126,0.3472
CLUBS TWO CLUBS QUEEN,0.255,0.4918,0.2532
CLUBS TWO CLUBS KING,0.3734,0.007,0.6196
CLUBS THREE DIAMONDS EIGHT,0.644,0.0118,0.3442
CLUBS TWO CLUBS ACE,0.3584,0.0054,0.6362
CLUBS TWO DIAMONDS EIGHT,0.6216,0.0112,0.3672
DIAMONDS EIGHT HEARTS SEVEN,0.5632,0.0088,0.428
HEARTS SIX DIAMONDS EIGHT,0.5676,0.0124,0.42
DIAMONDS EIGHT HEARTS NINE,0.5426,0.0106,0.4468
CLUBS TEN CLUBS TWO,0.5944,0.0118,0.3938
DIAMONDS EIGHT HEARTS EIGHT,0.3082,0.0186,0.6732
CLUBS TWO CLUBS JACK,0.6026,0.0148,0.3826
CLUBS NINE DIAMONDS EIGHT,0.5384,0.0118,0.4498
CLUBS EIGHT DIAMONDS EIGHT,0.3098,0.0206,0.6696
CLUBS FIVE DIAMONDS EIGHT,0.5688,0.0122,0.419
SPADES ACE SPADES THREE,0.357,0.0058,0.6372
CLUBS SEVEN DIAMONDS EIGHT,0.55,0.0126,0.4374
CLUBS SIX DIAMONDS EIGHT,0.5604,0.0098,0.4298
SPADES KING SPADES THREE,0.368,0.0104,0.6216
DIAMONDS QUEEN DIAMONDS EIGHT,0.218,0.2034,0.5786
HEARTS TWO DIAMONDS EIGHT,0.6262,0.015,0.3588
DIAMONDS KING DIAMONDS EIGHT,0.3382,0.0076,0.6542
HEARTS THREE DIAMONDS EIGHT,0.6312,0.0132,0.3556
DIAMONDS ACE DIAMONDS EIGHT,0.3338,0.005,0.6612
HEARTS FOUR DIAMONDS EIGHT,0.7048,0.044,0.2512
HEARTS FIVE DIAMONDS EIGHT,0.5946,0.0102,0.3952
DIAMONDS EIGHT DIAMONDS TEN,0.5264,0.0096,0.464
DIAMONDS EIGHT DIAMONDS JACK,0.5366,0.0078,0.4556
SPADES JACK SPADES THREE,0.6136,0.015,0.3714
SPADES TEN SPADES THREE,0.607,0.0124,0.3806
CLUBS SIX HEARTS TEN,0.59,0.012,0.398
CLUBS SIX HEARTS JACK,0.595,0.0104,0.3946
SPADES FOUR DIAMONDS EIGHT,0.7054,0.0478,0.2468
SPADES FIVE DIAMONDS EIGHT,0.5786,0.0142,0.4072
DIAMONDS EIGHT SPADES TWO,0.6232,0.0138,0.363
DIAMONDS EIGHT SPADES THREE,0.629,0.0124,0.3586
SPADES EIGHT DIAMONDS EIGHT,0.3126,0.0184,0.669
SPADES JACK HEARTS EIGHT,0.5748,0.0102,0.415
SPADES TEN HEARTS TWO,0.6262,0.0154,0.3584
SPADES TEN DIAMONDS QUEEN,0.2442,0.1182,0.6376
SPADES NINE DIAMONDS EIGHT,0.5514,0.0106,0.438
SPADES JACK HEARTS TWO,0.6292,0.0122,0.3586
SPADES JACK DIAMONDS QUEEN,0.245,0.0892,0.6658
SPADES TEN HEARTS EIGHT,0.5632,0.0112,0.4256
SPADES SIX DIAMONDS EIGHT,0.5878,0.0142,0.398
SPADES SEVEN DIAMONDS EIGHT,0.5636,0.0128,0.4236
SPADES ACE HEARTS TWO,0.3716,0.0056,0.6228
SPADES ACE DIAMONDS QUEEN,0.21,0.0166,0.7734
SPADES ACE HEARTS EIGHT,0.3468,0.0038,0.6494
SPADES KING HEARTS EIGHT,0.366,0.0076,0.6264
SPADES KING DIAMONDS QUEEN,0.2278,0.0296,0.7426
SPADES KING HEARTS TWO,0.3814,0.0074,0.6112
CLUBS TWO HEARTS TEN,0.6258,0.011,0.3632
CLUBS TWO HEARTS JACK,0.6328,0.0128,0.3544
SPADES SEVEN DIAMONDS NINE,0.56,0.0104,0.4296
SPADES SIX DIAMONDS NINE,0.5674,0.0122,0.4204
SPADES NINE DIAMONDS NINE,0.3028,0.0152,0.682
SPADES EIGHT DIAMONDS NINE,0.5464,0.012,0.4416
SPADES TEN CLUBS KING,0.3374,0.0084,0.6542
DIAMONDS NINE SPADES THREE,0.6454,0.0124,0.3422
SPADES JACK CLUBS KING,0.3246,0.008,0.6674
DIAMONDS NINE SPADES TWO,0.6258,0.0134,0.3608
SPADES FIVE DIAMONDS NINE,0.5954,0.0118,0.3928
DIAMONDS NINE SPADES FOUR,0.7248,0.0388,0.2364
CLUBS NINE DIAMONDS NINE,0.303,0.0184,0.6786
CLUBS EIGHT DIAMONDS NINE,0.5486,0.0094,0.442
CLUBS SIX DIAMONDS NINE,0.559,0.015,0.426
CLUBS SEVEN DIAMONDS NINE,0.5516,0.0096,0.4388
CLUBS FIVE DIAMONDS NINE,0.5834,0.0138,0.4028
CLUBS TWO DIAMONDS NINE,0.6252,0.015,0.3598
CLUBS THREE DIAMONDS NINE,0.6264,0.0104,0.3632
DIAMONDS NINE HEARTS EIGHT,0.5438,0.0096,0.4466
DIAMONDS NINE HEARTS NINE,0.2982,0.0152,0.6866
HEARTS SIX DIAMONDS NINE,0.5734,0.0102,0.4164
DIAMONDS NINE HEARTS SEVEN,0.556,0.0108,0.4332
CLUBS NINE CLUBS EIGHT,0.5084,0.0114,0.4802
DIAMONDS ACE DIAMONDS NINE,0.337,0.002,0.661
HEARTS FOUR DIAMONDS NINE,0.713,0.0432,0.2438
HEARTS FIVE DIAMONDS NINE,0.5852,0.0122,0.4026
CLUBS TWO HEARTS ACE,0.3772,0.0052,0.6176
DIAMONDS QUEEN DIAMONDS NINE,0.2168,0.1514,0.6318
HEARTS TWO DIAMONDS NINE,0.629,0.0118,0.3592
CLUBS TWO HEARTS KING,0.3952,0.008,0.5968
DIAMONDS KING DIAMONDS NINE,0.3348,0.0062,0.659
HEARTS THREE DIAMONDS NINE,0.6308,0.0126,0.3566
CLUBS TWO HEARTS QUEEN,0.2746,0.509,0.2164
DIAMONDS NINE DIAMONDS JACK,0.5142,0.012,0.4738
CLUBS EIGHT SPADES NINE,0.542,0.0112,0.4468
DIAMONDS NINE DIAMONDS TEN,0.5058,0.0116,0.4826
CLUBS EIGHT SPADES EIGHT,0.3082,0.0236,0.6682
CLUBS EIGHT SPADES SEVEN,0.5548,0.0122,0.433
CLUBS EIGHT SPADES SIX,0.5638,0.0138,0.4224
CLUBS EIGHT SPADES FIVE,0.578,0.011,0.411
CLUBS EIGHT SPADES FOUR,0.6964,0.0478,0.2558
CLUBS EIGHT SPADES THREE,0.6366,0.0124,0.351
CLUBS EIGHT SPADES TWO,0.6206,0.0146,0.3648
HEARTS SIX DIAMONDS TEN,0.582,0.0098,0.4082
DIAMONDS TEN HEARTS SEVEN,0.57,0.0088,0.4212
DIAMONDS TEN HEARTS EIGHT,0.5574,0.013,0.4296
DIAMONDS TEN HEARTS NINE,0.5356,0.0108,0.4536
CLUBS TWO DIAMONDS TEN,0.6264,0.0126,0.361
CLUBS THREE DIAMONDS TEN,0.6372,0.0122,0.3506
DIAMONDS JACK DIAMONDS TEN,0.506,0.0088,0.4852
DIAMONDS QUEEN DIAMONDS TEN,0.2282,0.1132,0.6586
HEARTS TWO DIAMONDS TEN,0.6168,0.0116,0.3716
DIAMONDS KING DIAMONDS TEN,0.3188,0.0052,0.676
HEARTS THREE DIAMONDS TEN,0.6348,0.013,0.3522
DIAMONDS ACE DIAMONDS TEN,0.3238,0.0034,0.6728
HEARTS FOUR DIAMONDS TEN,0.7168,0.0426,0.2406
CLUBS EIGHT HEARTS JACK,0.5644,0.012,0.4236
HEARTS FIVE DIAMONDS TEN,0.6064,0.0096,0.384
CLUBS EIGHT HEARTS TEN,0.5676,0.009,0.4234
CLUBS EIGHT HEARTS QUEEN,0.222,0.2224,0.5556
CLUBS EIGHT HEARTS KING,0.3476,0.0084,0.644
CLUBS EIGHT HEARTS ACE,0.3536,0.0034,0.643
CLUBS NINE SPADES THREE,0.6182,0.0172,0.3646
CLUBS NINE SPADES TWO,0.6258,0.0138,0.3604
CLUBS NINE SPADES FIVE,0.582,0.0122,0.4058
CLUBS NINE SPADES FOUR,0.7078,0.0498,0.2424
CLUBS NINE SPADES SEVEN,0.5642,0.0124,0.4234
CLUBS NINE SPADES SIX,0.5752,0.0128,0.412
CLUBS NINE SPADES NINE,0.2946,0.0156,0.6898
CLUBS TEN HEARTS EIGHT,0.5404,0.0114,0.4482
CLUBS NINE SPADES EIGHT,0.534,0.0134,0.4526
CLUBS JACK HEARTS EIGHT,0.5626,0.0104,0.427
CLUBS QUEEN HEARTS EIGHT,0.2224,0.23,0.5476
CLUBS KING HEARTS EIGHT,0.3738,0.0076,0.6186
CLUBS ACE HEARTS EIGHT,0.3682,0.0044,0.6274
SPADES KING CLUBS KING,0.1284,0.003,0.8686
SPADES ACE CLUBS KING,0.313,0.0058,0.6812
DIAMONDS ACE HEARTS TEN,0.362,0.0042,0.6338
HEARTS FOUR HEARTS TEN,0.6566,0.0448,0.2986
DIAMONDS ACE HEARTS JACK,0.355,0.0038,0.6412
HEARTS FOUR HEARTS JACK,0.6746,0.0478,0.2776
SPADES KING CLUBS FIVE,0.3432,0.0082,0.6486
SPADES ACE CLUBS FIVE,0.3414,0.0048,0.6538
DIAMONDS JACK HEARTS SEVEN,0.5672,0.0132,0.4196
HEARTS SIX DIAMONDS JACK,0.5982,0.0092,0.3926
DIAMONDS JACK HEARTS NINE,0.5432,0.011,0.4458
DIAMONDS JACK HEARTS EIGHT,0.58,0.0124,0.4076
DIAMONDS KING DIAMONDS JACK,0.316,0.0072,0.6768
HEARTS THREE DIAMONDS JACK,0.6222,0.0116,0.3662
SPADES ACE SPADES SIX,0.336,0.0046,0.6594
SPADES FOUR HEARTS ACE,0.2364,0.0208,0.7428
DIAMONDS QUEEN DIAMONDS JACK,0.22,0.0834,0.6966
HEARTS TWO DIAMONDS JACK,0.6288,0.0126,0.3586
HEARTS FIVE DIAMONDS JACK,0.5962,0.015,0.3888
SPADES FOUR HEARTS QUEEN,0.016,0.9736,0.0104
DIAMONDS ACE DIAMONDS JACK,0.3224,0.0046,0.673
HEARTS FOUR DIAMONDS JACK,0.7056,0.0538,0.2406
SPADES KING SPADES SIX,0.3424,0.0098,0.6478
HEARTS KING SPADES FOUR,0.2446,0.0392,0.7162
SPADES TEN SPADES SIX,0.566,0.0132,0.4208
SPADES JACK SPADES SIX,0.5722,0.0108,0.417
SPADES FOUR DIAMONDS JACK,0.7192,0.047,0.2338
SPADES FIVE DIAMONDS JACK,0.5946,0.0128,0.3926
DIAMONDS JACK SPADES TWO,0.6452,0.0136,0.3412
SPADES THREE DIAMONDS JACK,0.6236,0.0152,0.3612
SPADES ACE DIAMONDS THREE,0.3758,0.0036,0.6206
CLUBS EIGHT DIAMONDS JACK,0.562,0.0136,0.4244
SPADES KING DIAMONDS THREE,0.3778,0.007,0.6152
CLUBS NINE DIAMONDS JACK,0.543,0.0102,0.4468
CLUBS SIX DIAMONDS JACK,0.6064,0.0102,0.3834
CLUBS SEVEN DIAMONDS JACK,0.573,0.0136,0.4134
CLUBS FIVE DIAMONDS JACK,0.5926,0.0138,0.3936
CLUBS TWO DIAMONDS JACK,0.6364,0.0142,0.3494
CLUBS THREE DIAMONDS JACK,0.6388,0.0144,0.3468
SPADES JACK HEARTS SIX,0.61,0.0116,0.3784
SPADES TEN CLUBS FIVE,0.5882,0.0108,0.401
SPADES JACK CLUBS FIVE,0.5998,0.0112,0.389
HEARTS SIX SPADES TEN,0.5852,0.0116,0.4032
SPADES JACK DIAMONDS THREE,0.6268,0.0132,0.36
CLUBS SEVEN CLUBS ACE,0.3446,0.0042,0.6512
SPADES TEN DIAMONDS THREE,0.6404,0.013,0.3466
CLUBS SEVEN CLUBS QUEEN,0.2228,0.2908,0.4864
CLUBS SEVEN CLUBS KING,0.339,0.0056,0.6554
SPADES NINE DIAMONDS JACK,0.5566,0.011,0.4324
CLUBS TEN CLUBS SEVEN,0.5412,0.009,0.4498
DIAMONDS ACE HEARTS ACE,0.1326,0.0028,0.8646
HEARTS FOUR HEARTS ACE,0.2268,0.023,0.7502
SPADES EIGHT DIAMONDS JACK,0.5822,0.0098,0.408
SPADES ACE HEARTS SIX,0.3574,0.0044,0.6382
CLUBS SEVEN CLUBS JACK,0.546,0.0148,0.4392
DIAMONDS ACE HEARTS KING,0.323,0.0024,0.6746
HEARTS FOUR HEARTS KING,0.2174,0.0386,0.744
SPADES SEVEN DIAMONDS JACK,0.5888,0.0118,0.3994
SPADES KING HEARTS SIX,0.3498,0.0084,0.6418
DIAMONDS ACE HEARTS QUEEN,0.2234,0.019,0.7576
HEARTS FOUR HEARTS QUEEN,0.0204,0.9092,0.0704
SPADES SIX DIAMONDS JACK,0.604,0.0132,0.3828
SPADES TWO DIAMONDS TEN,0.6302,0.0112,0.3586
SPADES THREE DIAMONDS TEN,0.6364,0.0124,0.3512
SPADES FOUR DIAMONDS TEN,0.7154,0.0524,0.2322
SPADES FIVE DIAMONDS TEN,0.6062,0.0112,0.3826
SPADES SIX DIAMONDS TEN,0.5868,0.0118,0.4014
SPADES SEVEN DIAMONDS TEN,0.5832,0.0152,0.4016
SPADES EIGHT DIAMONDS TEN,0.5726,0.0104,0.417
SPADES NINE DIAMONDS TEN,0.5436,0.0116,0.4448
CLUBS FIVE DIAMONDS TEN,0.593,0.0136,0.3934
CLUBS SIX DIAMONDS TEN,0.5922,0.0084,0.3994
CLUBS SEVEN DIAMONDS TEN,0.575,0.0116,0.4134
CLUBS EIGHT DIAMONDS TEN,0.5486,0.011,0.4404
CLUBS NINE DIAMONDS TEN,0.5362,0.0126,0.4512
DIAMONDS THREE CLUBS JACK,0.6148,0.0116,0.3736
CLUBS TEN DIAMONDS THREE,0.6208,0.0136,0.3656
DIAMONDS THREE CLUBS KING,0.3882,0.0086,0.6032
DIAMONDS THREE CLUBS QUEEN,0.2582,0.5118,0.23
DIAMONDS THREE CLUBS ACE,0.3822,0.0032,0.6146
SPADES FOUR HEARTS JACK,0.718,0.0466,0.2354
SPADES FOUR HEARTS TEN,0.723,0.047,0.23
SPADES FIVE SPADES TWO,0.587,0.0138,0.3992
SPADES FOUR SPADES TWO,0.6686,0.0452,0.2862
SPADES THREE SPADES TWO,0.61,0.0128,0.3772
SPADES NINE SPADES TWO,0.5966,0.016,0.3874
SPADES EIGHT SPADES TWO,0.6032,0.0124,0.3844
SPADES SEVEN SPADES TWO,0.6058,0.0172,0.377
SPADES SIX SPADES TWO,0.5978,0.0146,0.3876
DIAMONDS QUEEN CLUBS THREE,0.2714,0.5182,0.2104
HEARTS TWO CLUBS THREE,0.6474,0.0146,0.338
DIAMONDS QUEEN CLUBS TWO,0.2732,0.5164,0.2104
CLUBS TWO HEARTS TWO,0.4296,0.0336,0.5368
DIAMONDS QUEEN HEARTS SEVEN,0.2334,0.2974,0.4692
HEARTS TWO HEARTS SEVEN,0.6016,0.0102,0.3882
HEARTS SIX DIAMONDS QUEEN,0.2256,0.3784,0.396
HEARTS SIX HEARTS TWO,0.5872,0.0142,0.3986
DIAMONDS QUEEN HEARTS NINE,0.2394,0.1512,0.6094
HEARTS TWO HEARTS NINE,0.5838,0.014,0.4022
DIAMONDS QUEEN HEARTS EIGHT,0.2326,0.221,0.5464
HEARTS TWO HEARTS EIGHT,0.59,0.0114,0.3986
CLUBS NINE HEARTS TWO,0.6266,0.0116,0.3618
CLUBS NINE DIAMONDS QUEEN,0.2184,0.1656,0.616
CLUBS EIGHT HEARTS TWO,0.6284,0.0132,0.3584
CLUBS EIGHT DIAMONDS QUEEN,0.2232,0.233,0.5438
CLUBS FIVE DIAMONDS QUEEN,0.2186,0.454,0.3274
CLUBS FIVE HEARTS TWO,0.6134,0.0124,0.3742
SPADES EIGHT HEARTS ACE,0.3688,0.0042,0.627
CLUBS SEVEN DIAMONDS QUEEN,0.219,0.3036,0.4774
CLUBS SEVEN HEARTS TWO,0.6326,0.0154,0.352
SPADES EIGHT HEARTS QUEEN,0.2238,0.224,0.5522
CLUBS SIX DIAMONDS QUEEN,0.2214,0.3842,0.3944
CLUBS SIX HEARTS TWO,0.6178,0.0142,0.368
SPADES EIGHT HEARTS KING,0.3714,0.0058,0.6228
DIAMONDS QUEEN SPADES SIX,0.237,0.378,0.385
HEARTS TWO SPADES SIX,0.6366,0.0138,0.3496
HEARTS FOUR CLUBS QUEEN,0.0086,0.9742,0.0172
DIAMONDS ACE CLUBS QUEEN,0.2208,0.019,0.7602
DIAMONDS QUEEN SPADES SEVEN,0.2236,0.3238,0.4526
SPADES SEVEN HEARTS TWO,0.6324,0.0162,0.3514
HEARTS FOUR CLUBS KING,0.2346,0.0356,0.7298
DIAMONDS ACE CLUBS KING,0.3126,0.0032,0.6842
SPADES EIGHT DIAMONDS QUEEN,0.2388,0.2352,0.526
SPADES EIGHT HEARTS TWO,0.6318,0.0154,0.3528
HEARTS FOUR CLUBS ACE,0.228,0.0276,0.7444
DIAMONDS ACE CLUBS ACE,0.1144,0.0026,0.883
SPADES NINE DIAMONDS QUEEN,0.2358,0.1584,0.6058
SPADES NINE HEARTS TWO,0.6332,0.0112,0.3556
HEARTS TWO SPADES TWO,0.4316,0.0336,0.5348
DIAMONDS QUEEN SPADES TWO,0.2654,0.5186,0.216
HEARTS TWO SPADES THREE,0.6398,0.014,0.3462
DIAMONDS QUEEN SPADES THREE,0.2628,0.519,0.2182
HEARTS TWO SPADES FOUR,0.7034,0.0484,0.2482
DIAMONDS QUEEN SPADES FOUR,0.0162,0.9742,0.0096
HEARTS FOUR CLUBS TEN,0.7016,0.0556,0.2428
CLUBS TEN DIAMONDS ACE,0.3502,0.0038,0.646
HEARTS TWO SPADES FIVE,0.6132,0.0144,0.3724
DIAMONDS QUEEN SPADES FIVE,0.2256,0.465,0.3094
HEARTS FOUR CLUBS JACK,0.7104,0.0524,0.2372
DIAMONDS ACE CLUBS JACK,0.35,0.0044,0.6456
CLUBS FIVE CLUBS KING,0.3364,0.0086,0.655
CLUBS FIVE CLUBS QUEEN,0.1978,0.4526,0.3496
CLUBS FIVE CLUBS ACE,0.3278,0.0054,0.6668
CLUBS FIVE CLUBS JACK,0.5614,0.0144,0.4242
CLUBS TEN CLUBS FIVE,0.5698,0.0116,0.4186
SPADES KING CLUBS JACK,0.3298,0.0086,0.6616
SPADES ACE CLUBS JACK,0.3336,0.007,0.6594
SPADES SIX CLUBS KING,0.3616,0.007,0.6314
SPADES SIX CLUBS QUEEN,0.2324,0.3704,0.3972
SPADES EIGHT HEARTS JACK,0.5798,0.009,0.4112
SPADES SIX CLUBS ACE,0.3688,0.0062,0.625
SPADES EIGHT HEARTS TEN,0.5484,0.0106,0.441
SPADES SIX CLUBS JACK,0.6002,0.0122,0.3876
CLUBS TEN SPADES SIX,0.588,0.0128,0.3992
SPADES TEN CLUBS JACK,0.5448,0.0128,0.4424
SPADES JACK CLUBS JACK,0.2832,0.0122,0.7046
SPADES KING CLUBS SEVEN,0.3594,0.0072,0.6334
SPADES ACE CLUBS SEVEN,0.3574,0.0042,0.6384
SPADES SIX HEARTS TEN,0.588,0.0108,0.4012
SPADES SIX HEARTS JACK,0.6072,0.0106,0.3822
SPADES SIX HEARTS ACE,0.3764,0.0046,0.619
SPADES SIX HEARTS KING,0.3732,0.007,0.6198
SPADES SIX HEARTS QUEEN,0.2304,0.3802,0.3894
SPADES JACK CLUBS SEVEN,0.5882,0.0128,0.399
CLUBS SEVEN SPADES TEN,0.5748,0.0148,0.4104
CLUBS TEN HEARTS SIX,0.5726,0.0128,0.4146
HEARTS SIX CLUBS JACK,0.5886,0.0102,0.4012
CLUBS ACE CLUBS JACK,0.3332,0.0048,0.662
HEARTS SIX CLUBS QUEEN,0.211,0.3974,0.3916
HEARTS SIX CLUBS KING,0.3588,0.0072,0.634
HEARTS SIX CLUBS ACE,0.3592,0.004,0.6368
CLUBS QUEEN CLUBS JACK,0.227,0.0848,0.6882
CLUBS KING CLUBS JACK,0.3254,0.0088,0.6658
DIAMONDS THREE HEARTS ACE,0.3624,0.004,0.6336
DIAMONDS THREE HEARTS QUEEN,0.2748,0.518,0.2072
DIAMONDS THREE HEARTS KING,0.3888,0.0082,0.603
CLUBS FIVE HEARTS JACK,0.5884,0.013,0.3986
HEARTS FOUR SPADES TEN,0.7272,0.0468,0.226
SPADES TEN DIAMONDS ACE,0.3548,0.0056,0.6396
CLUBS FIVE HEARTS TEN,0.5918,0.0126,0.3956
HEARTS FOUR SPADES JACK,0.7124,0.0538,0.2338
SPADES JACK DIAMONDS ACE,0.3568,0.004,0.6392
SPADES ACE HEARTS FOUR,0.2322,0.027,0.7408
SPADES ACE DIAMONDS ACE,0.117,0.0036,0.8794
CLUBS FIVE HEARTS ACE,0.3478,0.0042,0.648
CLUBS FIVE HEARTS KING,0.3514,0.0074,0.6412
SPADES FOUR CLUBS JACK,0.7084,0.0548,0.2368
CLUBS FIVE HEARTS QUEEN,0.2184,0.4612,0.3204
SPADES KING DIAMONDS ACE,0.3186,0.005,0.6764
HEARTS FOUR SPADES KING,0.227,0.0356,0.7374
CLUBS TEN SPADES FOUR,0.714,0.0516,0.2344
DIAMONDS QUEEN DIAMONDS ACE,0.2172,0.0164,0.7664
HEARTS TWO DIAMONDS ACE,0.386,0.0054,0.6086
HEARTS FOUR DIAMONDS QUEEN,0.0224,0.9576,0.02
HEARTS FOUR HEARTS TWO,0.6464,0.0484,0.3052
DIAMONDS THREE HEARTS TEN,0.6274,0.0122,0.3604
SPADES FOUR CLUBS KING,0.2262,0.0376,0.7362
HEARTS FIVE DIAMONDS QUEEN,0.2186,0.4646,0.3168
HEARTS FIVE HEARTS TWO,0.5704,0.0166,0.413
DIAMONDS THREE HEARTS JACK,0.6366,0.011,0.3524
SPADES FOUR CLUBS QUEEN,0.0066,0.9852,0.0082
DIAMONDS QUEEN HEARTS TWO,0.2682,0.5186,0.2132
DIAMONDS KING DIAMONDS QUEEN,0.2228,0.0286,0.7486
DIAMONDS KING HEARTS TWO,0.3818,0.0086,0.6096
HEARTS THREE DIAMONDS QUEEN,0.2532,0.5146,0.2322
HEARTS THREE HEARTS TWO,0.6048,0.0134,0.3818
SPADES FOUR CLUBS ACE,0.2342,0.0236,0.7422
HEARTS TWO CLUBS ACE,0.377,0.0068,0.6162
DIAMONDS QUEEN CLUBS ACE,0.2162,0.0156,0.7682
HEARTS TWO CLUBS QUEEN,0.2558,0.5238,0.2204
DIAMONDS QUEEN CLUBS QUEEN,0.0784,0.026,0.8956
HEARTS TWO CLUBS KING,0.391,0.0098,0.5992
DIAMONDS QUEEN CLUBS KING,0.228,0.0256,0.7464
SPADES EIGHT SPADES FIVE,0.5586,0.0124,0.429
CLUBS TEN HEARTS TWO,0.6364,0.015,0.3486
CLUBS TEN DIAMONDS QUEEN,0.2156,0.1216,0.6628
SPADES NINE SPADES FIVE,0.5508,0.0124,0.4368
HEARTS TWO CLUBS JACK,0.6238,0.0096,0.3666
DIAMONDS QUEEN CLUBS JACK,0.2258,0.092,0.6822
SPADES SIX SPADES FIVE,0.5446,0.011,0.4444
SPADES SEVEN SPADES FIVE,0.5482,0.0164,0.4354
DIAMONDS FIVE CLUBS QUEEN,0.2068,0.4698,0.3234
SPADES EIGHT CLUBS ACE,0.3556,0.0052,0.6392
DIAMONDS FIVE CLUBS KING,0.3532,0.007,0.6398
SPADES EIGHT CLUBS KING,0.3598,0.0078,0.6324
CLUBS ACE DIAMONDS FIVE,0.351,0.0034,0.6456
SPADES EIGHT CLUBS QUEEN,0.2272,0.2282,0.5446
SPADES EIGHT CLUBS JACK,0.5632,0.013,0.4238
CLUBS TEN SPADES EIGHT,0.5566,0.0112,0.4322
CLUBS TEN DIAMONDS FIVE,0.5952,0.0108,0.394
DIAMONDS FIVE CLUBS JACK,0.594,0.0112,0.3948
HEARTS JACK DIAMONDS TEN,0.5452,0.0086,0.4462
DIAMONDS TEN HEARTS TEN,0.2818,0.0152,0.703
SPADES ACE CLUBS NINE,0.3518,0.0056,0.6426
CLUBS NINE SPADES KING,0.3414,0.0072,0.6514
HEARTS SIX HEARTS KING,0.3358,0.0074,0.6568
DIAMONDS KING SPADES SEVEN,0.3646,0.0078,0.6276
HEARTS THREE SPADES SEVEN,0.6254,0.0144,0.3602
SPADES KING DIAMONDS SEVEN,0.3748,0.0084,0.6168
HEARTS SIX HEARTS QUEEN,0.2098,0.3566,0.4336
DIAMONDS KING SPADES SIX,0.366,0.0068,0.6272
HEARTS THREE SPADES SIX,0.6158,0.01,0.3742
SPADES NINE DIAMONDS KING,0.3612,0.007,0.6318
HEARTS THREE SPADES NINE,0.6348,0.0106,0.3546
HEARTS SIX HEARTS ACE,0.3378,0.0046,0.6576
DIAMONDS KING SPADES EIGHT,0.3664,0.0074,0.6262
HEARTS THREE SPADES EIGHT,0.6392,0.0146,0.3462
SPADES ACE DIAMONDS SEVEN,0.359,0.0044,0.6366
CLUBS NINE HEARTS THREE,0.6188,0.0114,0.3698
CLUBS NINE DIAMONDS KING,0.3544,0.0076,0.638
HEARTS THREE CLUBS EIGHT,0.6342,0.0114,0.3544
