opposingHand,winningChance,drawChance,lostChance
SPADES FOUR HEARTS QUEEN
HEARTS FIVE SPADES TEN,0.62,0.0104,0.3696
SPADES JACK HEARTS FIVE,0.5942,0.0142,0.3916
SPADES FIVE CLUBS JACK,0.5842,0.0142,0.4016
CLUBS TEN SPADES FIVE,0.6042,0.0118,0.384
CLUBS EIGHT CLUBS JACK,0.5312,0.0124,0.4564
CLUBS TEN CLUBS EIGHT,0.5168,0.011,0.4722
CLUBS EIGHT CLUBS KING,0.3356,0.0074,0.657
SPADES FIVE CLUBS ACE,0.3436,0.0044,0.652
CLUBS EIGHT CLUBS QUEEN,0.21,0.2154,0.5746
SPADES FIVE CLUBS KING,0.3426,0.0084,0.649
SPADES FIVE CLUBS QUEEN,0.2118,0.4696,0.3186
CLUBS EIGHT CLUBS ACE,0.3436,0.0042,0.6522
DIAMONDS TWO DIAMONDS THREE,0.5996,0.0132,0.3872
DIAMONDS TWO DIAMONDS FIVE,0.5716,0.0158,0.4126
SPADES KING HEARTS FIVE,0.3604,0.009,0.6306
DIAMONDS TWO DIAMONDS FOUR,0.6488,0.0466,0.3046
SPADES QUEEN HEARTS FIVE,0.207,0.4748,0.3182
DIAMONDS TWO DIAMONDS SEVEN,0.6024,0.0148,0.3828
DIAMONDS TWO DIAMONDS SIX,0.5812,0.0146,0.4042
SPADES ACE HEARTS FIVE,0.3394,0.006,0.6546
DIAMONDS TWO DIAMONDS NINE,0.588,0.0118,0.4002
DIAMONDS TWO DIAMONDS EIGHT,0.5882,0.0136,0.3982
DIAMONDS THREE DIAMONDS FOUR,0.6412,0.0478,0.311
DIAMONDS THREE DIAMONDS FIVE,0.5582,0.0152,0.4266
SPADES FIVE CLUBS TWO,0.6176,0.0146,0.3678
CLUBS TWO SPADES TWO,0.4278,0.0362,0.536
CLUBS TWO SPADES THREE,0.6426,0.0156,0.3418
DIAMONDS THREE DIAMONDS EIGHT,0.5804,0.0132,0.4064
SPADES EIGHT CLUBS TWO,0.6322,0.0142,0.3536
DIAMONDS THREE DIAMONDS NINE,0.5824,0.0134,0.4042
SPADES NINE CLUBS TWO,0.6366,0.013,0.3504
DIAMONDS THREE DIAMONDS SIX,0.5652,0.0142,0.4206
SPADES SIX CLUBS TWO,0.6228,0.0144,0.3628
DIAMONDS THREE DIAMONDS SEVEN,0.5954,0.0134,0.3912
SPADES SEVEN CLUBS TWO,0.6234,0.0152,0.3614
CLUBS SIX CLUBS TWO,0.5908,0.0114,0.3978
CLUBS SEVEN CLUBS TWO,0.593,0.0136,0.3934
CLUBS FOUR CLUBS TWO,0.6682,0.0402,0.2916
CLUBS FIVE CLUBS TWO,0.5764,0.016,0.4076
CLUBS TEN CLUBS JACK,0.5106,0.0098,0.4796
DIAMONDS FOUR DIAMONDS SIX,0.6454,0.043,0.3116
CLUBS TEN CLUBS QUEEN,0.2204,0.1194,0.6602
DIAMONDS FOUR DIAMONDS SEVEN,0.6526,0.039,0.3084
CLUBS TEN CLUBS KING,0.3232,0.0078,0.669
CLUBS TEN CLUBS ACE,0.3374,0.0036,0.659
CLUBS EIGHT CLUBS TWO,0.5892,0.0136,0.3972
DIAMONDS FIVE DIAMONDS FOUR,0.6168,0.0456,0.3376
CLUBS NINE CLUBS TWO,0.5926,0.0098,0.3976
DIAMONDS NINE DIAMONDS FOUR,0.673,0.0384,0.2886
DIAMONDS EIGHT DIAMONDS FOUR,0.6488,0.0422,0.309
CLUBS THREE CLUBS TWO,0.5964,0.016,0.3876
DIAMONDS NINE DIAMONDS FIVE,0.5532,0.0128,0.434
DIAMONDS TWO CLUBS JACK,0.6368,0.0116,0.3516
DIAMONDS EIGHT DIAMONDS FIVE,0.5382,0.012,0.4498
CLUBS TEN DIAMONDS TWO,0.627,0.0122,0.3608
DIAMONDS FIVE DIAMONDS SEVEN,0.5298,0.0122,0.458
DIAMONDS FIVE DIAMONDS SIX,0.5288,0.0142,0.457
DIAMONDS TWO CLUBS ACE,0.3808,0.0042,0.615
DIAMONDS TWO CLUBS KING,0.3984,0.0088,0.5928
DIAMONDS TWO CLUBS QUEEN,0.2588,0.5178,0.2234
DIAMONDS EIGHT DIAMONDS SIX,0.523,0.0128,0.4642
DIAMONDS NINE DIAMONDS SIX,0.5272,0.01,0.4628
HEARTS ACE SPADES THREE,0.3696,0.0048,0.6256
SPADES THREE HEARTS KING,0.3816,0.01,0.6084
DIAMONDS SEVEN DIAMONDS SIX,0.5352,0.0128,0.452
SPADES THREE HEARTS JACK,0.634,0.014,0.352
SPADES THREE HEARTS TEN,0.648,0.0124,0.3396
DIAMONDS EIGHT DIAMONDS SEVEN,0.5218,0.0134,0.4648
DIAMONDS NINE DIAMONDS SEVEN,0.5292,0.0126,0.4582
DIAMONDS NINE DIAMONDS EIGHT,0.5068,0.0136,0.4796
DIAMONDS KING HEARTS TEN,0.3492,0.0088,0.642
HEARTS THREE HEARTS TEN,0.5926,0.016,0.3914
SPADES JACK CLUBS SIX,0.6006,0.0102,0.3892
DIAMONDS KING HEARTS JACK,0.3602,0.0084,0.6314
HEARTS THREE HEARTS JACK,0.6158,0.0124,0.3718
SPADES TEN CLUBS SIX,0.5862,0.01,0.4038
SPADES JACK SPADES FIVE,0.572,0.0098,0.4182
SPADES TEN SPADES FIVE,0.5702,0.016,0.4138
DIAMONDS KING HEARTS ACE,0.319,0.0048,0.6762
HEARTS THREE HEARTS ACE,0.3608,0.0052,0.634
SPADES ACE CLUBS SIX,0.3692,0.005,0.6258
SPADES KING CLUBS SIX,0.3516,0.0066,0.6418
DIAMONDS KING HEARTS KING,0.1322,0.0034,0.8644
HEARTS THREE HEARTS KING,0.3772,0.0078,0.615
SPADES QUEEN CLUBS SIX,0.2138,0.3772,0.409
SPADES NINE HEARTS TEN,0.5582,0.012,0.4298
SPADES NINE HEARTS JACK,0.5558,0.0104,0.4338
SPADES QUEEN SPADES FIVE,0.2056,0.444,0.3504
SPADES KING SPADES FIVE,0.3378,0.0094,0.6528
SPADES ACE SPADES FIVE,0.32,0.0056,0.6744
SPADES NINE HEARTS KING,0.3418,0.0104,0.6478
SPADES NINE HEARTS ACE,0.3464,0.0072,0.6464
CLUBS TEN SPADES JACK,0.532,0.0106,0.4574
CLUBS TEN SPADES TEN,0.2836,0.0146,0.7018
SPADES ACE CLUBS TEN,0.35,0.0042,0.6458
SPADES KING CLUBS TEN,0.3416,0.0068,0.6516
CLUBS TEN SPADES QUEEN,0.2182,0.1214,0.6604
SPADES FIVE HEARTS KING,0.341,0.0078,0.6512
HEARTS ACE SPADES FIVE,0.3394,0.0042,0.6564
CLUBS EIGHT SPADES TEN,0.5546,0.0102,0.4352
HEARTS THREE SPADES JACK,0.6314,0.0152,0.3534
SPADES JACK DIAMONDS KING,0.326,0.0082,0.6658
SPADES TEN DIAMONDS KING,0.3456,0.0064,0.648
HEARTS THREE SPADES TEN,0.651,0.0154,0.3336
SPADES JACK CLUBS EIGHT,0.5668,0.0104,0.4228
CLUBS SIX HEARTS ACE,0.3494,0.003,0.6476
SPADES ACE CLUBS EIGHT,0.3546,0.0056,0.6398
HEARTS FIVE CLUBS JACK,0.5958,0.013,0.3912
CLUBS TEN HEARTS FIVE,0.5992,0.0138,0.387
SPADES QUEEN CLUBS EIGHT,0.231,0.2192,0.5498
CLUBS TEN SPADES THREE,0.6284,0.0108,0.3608
CLUBS SIX HEARTS KING,0.3438,0.0086,0.6476
SPADES KING CLUBS EIGHT,0.3584,0.0084,0.6332
SPADES THREE CLUBS JACK,0.6308,0.015,0.3542
DIAMONDS TWO HEARTS JACK,0.6394,0.012,0.3486
SPADES THREE CLUBS QUEEN,0.2656,0.524,0.2104
DIAMONDS TWO HEARTS TEN,0.6346,0.0132,0.3522
SPADES THREE CLUBS KING,0.3946,0.0062,0.5992
HEARTS FIVE CLUBS ACE,0.3462,0.004,0.6498
SPADES FIVE HEARTS TEN,0.599,0.0134,0.3876
SPADES THREE CLUBS ACE,0.3798,0.0054,0.6148
HEARTS FIVE CLUBS KING,0.3632,0.0074,0.6294
SPADES FIVE HEARTS JACK,0.6116,0.0142,0.3742
HEARTS FIVE CLUBS QUEEN,0.2182,0.4646,0.3172
HEARTS THREE CLUBS KING,0.3834,0.0074,0.6092
DIAMONDS KING CLUBS KING,0.1356,0.0038,0.8606
HEARTS THREE CLUBS QUEEN,0.2652,0.5152,0.2196
DIAMONDS KING CLUBS QUEEN,0.2322,0.0302,0.7376
HEARTS FIVE HEARTS JACK,0.577,0.0104,0.4126
HEARTS FIVE HEARTS TEN,0.579,0.0136,0.4074
HEARTS THREE CLUBS ACE,0.3834,0.004,0.6126
DIAMONDS KING CLUBS ACE,0.3312,0.004,0.6648
SPADES ACE CLUBS QUEEN,0.2274,0.0162,0.7564
SPADES KING CLUBS QUEEN,0.2276,0.0246,0.7478
HEARTS THREE CLUBS JACK,0.6338,0.0124,0.3538
DIAMONDS KING CLUBS JACK,0.349,0.0062,0.6448
SPADES QUEEN CLUBS QUEEN,0.0852,0.0248,0.89
CLUBS TEN HEARTS THREE,0.6326,0.0104,0.357
CLUBS TEN DIAMONDS KING,0.3386,0.0062,0.6552
SPADES JACK CLUBS QUEEN,0.2256,0.0932,0.6812
CLUBS SIX CLUBS QUEEN,0.2034,0.3576,0.439
SPADES TEN CLUBS QUEEN,0.2284,0.1124,0.6592
CLUBS SIX CLUBS KING,0.3388,0.0056,0.6556
CLUBS SIX CLUBS ACE,0.3472,0.0044,0.6484
HEARTS FIVE HEARTS KING,0.3424,0.0082,0.6494
CLUBS TEN CLUBS SIX,0.5562,0.0114,0.4324
HEARTS FIVE HEARTS ACE,0.3202,0.0058,0.674
CLUBS SIX CLUBS JACK,0.5582,0.0114,0.4304
SPADES SEVEN HEARTS JACK,0.5914,0.0118,0.3968
SPADES SEVEN HEARTS TEN,0.5716,0.0134,0.415
DIAMONDS TWO CLUBS TWO,0.4128,0.0376,0.5496
DIAMONDS TWO CLUBS THREE,0.6416,0.0162,0.3422
HEARTS SIX DIAMONDS TWO,0.628,0.0166,0.3554
DIAMONDS TWO HEARTS SEVEN,0.64,0.015,0.345
DIAMONDS TWO HEARTS KING,0.3906,0.0072,0.6022
DIAMONDS TWO HEARTS EIGHT,0.6354,0.0126,0.352
DIAMONDS TWO HEARTS ACE,0.374,0.005,0.621
DIAMONDS TWO HEARTS NINE,0.6264,0.0132,0.3604
DIAMONDS TWO DIAMONDS QUEEN,0.2498,0.4892,0.261
DIAMONDS TWO HEARTS TWO,0.4408,0.0346,0.5246
DIAMONDS TWO DIAMONDS KING,0.3684,0.0064,0.6252
HEARTS THREE DIAMONDS TWO,0.651,0.0136,0.3354
DIAMONDS TWO DIAMONDS ACE,0.3538,0.0076,0.6386
HEARTS FOUR DIAMONDS TWO,0.7,0.049,0.251
DIAMONDS TWO HEARTS FIVE,0.6212,0.0146,0.3642
SPADES SEVEN HEARTS ACE,0.3492,0.0042,0.6466
DIAMONDS TWO DIAMONDS TEN,0.5896,0.0122,0.3982
SPADES SEVEN HEARTS KING,0.3652,0.0088,0.626
DIAMONDS TWO DIAMONDS JACK,0.5902,0.0134,0.3964
DIAMONDS TWO SPADES NINE,0.6376,0.0112,0.3512
DIAMONDS TWO SPADES EIGHT,0.627,0.0124,0.3606
DIAMONDS TWO SPADES SEVEN,0.6226,0.0158,0.3616
DIAMONDS TWO SPADES SIX,0.6216,0.0134,0.365
DIAMONDS TWO SPADES FIVE,0.6098,0.0154,0.3748
DIAMONDS TWO SPADES THREE,0.65,0.0174,0.3326
DIAMONDS TWO SPADES TWO,0.4158,0.0332,0.551
CLUBS NINE DIAMONDS TWO,0.6316,0.0134,0.355
DIAMONDS TWO CLUBS EIGHT,0.6314,0.01,0.3586
CLUBS SEVEN DIAMONDS TWO,0.644,0.0108,0.3452
DIAMONDS TWO CLUBS SIX,0.6242,0.014,0.3618
DIAMONDS TWO CLUBS FIVE,0.6094,0.0144,0.3762
DIAMONDS TWO CLUBS FOUR,0.6834,0.0508,0.2658
CLUBS FOUR SPADES FIVE,0.6594,0.0432,0.2974
CLUBS FOUR SPADES THREE,0.6824,0.0474,0.2702
CLUBS FOUR SPADES TWO,0.703,0.0454,0.2516
SPADES NINE CLUBS FOUR,0.7114,0.046,0.2426
SPADES EIGHT CLUBS FOUR,0.688,0.0462,0.2658
SPADES SEVEN CLUBS FOUR,0.6922,0.0426,0.2652
CLUBS FOUR SPADES SIX,0.6686,0.0388,0.2926
SPADES ACE DIAMONDS SIX,0.3582,0.004,0.6378
SPADES QUEEN DIAMONDS SIX,0.1998,0.383,0.4172
SPADES KING DIAMONDS SIX,0.362,0.0072,0.6308
SPADES TEN DIAMONDS SIX,0.5782,0.0118,0.41
SPADES JACK DIAMONDS SIX,0.5864,0.0124,0.4012
SPADES QUEEN SPADES TWO,0.2614,0.48,0.2586
SPADES KING SPADES TWO,0.3712,0.0064,0.6224
SPADES ACE SPADES TWO,0.3658,0.0042,0.63
DIAMONDS JACK CLUBS JACK,0.2722,0.0112,0.7166
CLUBS TEN DIAMONDS JACK,0.546,0.009,0.445
DIAMONDS JACK CLUBS KING,0.3378,0.0086,0.6536
DIAMONDS JACK CLUBS QUEEN,0.2414,0.092,0.6666
DIAMONDS THREE DIAMONDS JACK,0.5852,0.014,0.4008
DIAMONDS THREE DIAMONDS TEN,0.5926,0.013,0.3944
DIAMONDS JACK CLUBS ACE,0.344,0.0044,0.6516
DIAMONDS THREE DIAMONDS KING,0.3632,0.008,0.6288
HEARTS THREE DIAMONDS THREE,0.4142,0.033,0.5528
DIAMONDS THREE DIAMONDS QUEEN,0.2526,0.4846,0.2628
DIAMONDS THREE HEARTS TWO,0.6412,0.0142,0.3446
HEARTS FIVE DIAMONDS THREE,0.6122,0.0166,0.3712
DIAMONDS THREE DIAMONDS ACE,0.361,0.0048,0.6342
HEARTS FOUR DIAMONDS THREE,0.676,0.0518,0.2722
DIAMONDS THREE HEARTS SEVEN,0.6274,0.0148,0.3578
SPADES TEN SPADES NINE,0.5078,0.0114,0.4808
HEARTS SIX DIAMONDS THREE,0.614,0.0136,0.3724
SPADES JACK SPADES NINE,0.5196,0.0116,0.4688
DIAMONDS THREE HEARTS NINE,0.626,0.0142,0.3598
HEARTS JACK DIAMONDS FOUR,0.7158,0.0494,0.2348
HEARTS ACE HEARTS KING,0.2992,0.0068,0.694
SPADES TEN SPADES TWO,0.5894,0.0114,0.3992
DIAMONDS THREE HEARTS EIGHT,0.6334,0.0144,0.3522
HEARTS TEN DIAMONDS FOUR,0.706,0.0454,0.2486
SPADES JACK SPADES TWO,0.5902,0.0132,0.3966
HEARTS KING DIAMONDS FOUR,0.219,0.0366,0.7444
SPADES ACE SPADES NINE,0.3336,0.007,0.6594
HEARTS ACE DIAMONDS FOUR,0.2198,0.0254,0.7548
SPADES KING SPADES NINE,0.3312,0.0082,0.6606
SPADES QUEEN SPADES NINE,0.2166,0.1674,0.616
DIAMONDS THREE SPADES NINE,0.624,0.016,0.36
DIAMONDS THREE SPADES EIGHT,0.627,0.014,0.359
DIAMONDS THREE SPADES SEVEN,0.6262,0.0138,0.36
DIAMONDS THREE SPADES SIX,0.6158,0.012,0.3722
DIAMONDS THREE CLUBS SIX,0.6076,0.0122,0.3802
CLUBS FIVE CLUBS SIX,0.5184,0.015,0.4666
CLUBS ACE DIAMONDS FOUR,0.2288,0.023,0.7482
CLUBS SEVEN DIAMONDS THREE,0.6144,0.0144,0.3712
CLUBS SEVEN CLUBS FIVE,0.5408,0.0132,0.446
DIAMONDS THREE CLUBS FOUR,0.6802,0.0444,0.2754
DIAMONDS FOUR CLUBS QUEEN,0.0228,0.9512,0.026
DIAMONDS THREE CLUBS FIVE,0.5968,0.0148,0.3884
CLUBS KING DIAMONDS FOUR,0.2462,0.038,0.7158
DIAMONDS THREE CLUBS TWO,0.6414,0.0148,0.3438
CLUBS TEN DIAMONDS FOUR,0.7052,0.049,0.2458
DIAMONDS THREE CLUBS THREE,0.4252,0.0334,0.5414
DIAMONDS FOUR CLUBS JACK,0.719,0.046,0.235
DIAMONDS THREE SPADES FIVE,0.5766,0.0162,0.4072
DIAMONDS THREE SPADES TWO,0.6542,0.0142,0.3316
DIAMONDS THREE SPADES THREE,0.4214,0.0354,0.5432
CLUBS EIGHT DIAMONDS THREE,0.6288,0.0114,0.3598
CLUBS NINE DIAMONDS THREE,0.6198,0.0108,0.3694
SPADES SEVEN CLUBS ACE,0.3536,0.004,0.6424
SPADES SEVEN CLUBS QUEEN,0.2328,0.3058,0.4614
SPADES SEVEN CLUBS KING,0.36,0.0084,0.6316
CLUBS FIVE SPADES SEVEN,0.577,0.0108,0.4122
CLUBS TEN SPADES SEVEN,0.5674,0.0138,0.4188
CLUBS FIVE SPADES SIX,0.5454,0.0132,0.4414
SPADES SEVEN CLUBS JACK,0.585,0.009,0.406
CLUBS FIVE SPADES NINE,0.5834,0.0102,0.4064
CLUBS FIVE SPADES EIGHT,0.58,0.0114,0.4086
CLUBS FIVE SPADES THREE,0.608,0.0152,0.3768
CLUBS FIVE SPADES TWO,0.6212,0.013,0.3658
CLUBS FIVE SPADES FIVE,0.3176,0.029,0.6534
CLUBS NINE CLUBS FIVE,0.5578,0.0136,0.4286
CLUBS EIGHT CLUBS FIVE,0.5386,0.0148,0.4466
CLUBS ACE CLUBS QUEEN,0.2048,0.0182,0.777
CLUBS KING CLUBS QUEEN,0.2148,0.0252,0.76
DIAMONDS TEN DIAMONDS FOUR,0.6632,0.0454,0.2914
CLUBS TEN DIAMONDS NINE,0.5516,0.0086,0.4398
DIAMONDS JACK DIAMONDS FOUR,0.665,0.043,0.292
DIAMONDS NINE CLUBS JACK,0.5534,0.0108,0.4358
SPADES NINE CLUBS JACK,0.5544,0.0098,0.4358
CLUBS TEN SPADES NINE,0.5466,0.0092,0.4442
DIAMONDS ACE DIAMONDS FOUR,0.2276,0.0204,0.752
HEARTS FOUR DIAMONDS FOUR,0.3108,0.0324,0.6568
DIAMONDS JACK HEARTS TEN,0.5494,0.0096,0.441
SPADES NINE CLUBS KING,0.3592,0.0072,0.6336
DIAMONDS TWO SPADES TEN,0.6394,0.0122,0.3484
DIAMONDS NINE CLUBS ACE,0.3654,0.0036,0.631
HEARTS FIVE DIAMONDS FOUR,0.6754,0.0426,0.282
HEARTS JACK DIAMONDS JACK,0.3018,0.0112,0.687
SPADES NINE CLUBS QUEEN,0.2182,0.1628,0.619
DIAMONDS TWO SPADES JACK,0.6168,0.0132,0.37
DIAMONDS QUEEN DIAMONDS FOUR,0.0164,0.9072,0.0764
HEARTS TWO DIAMONDS FOUR,0.6956,0.0492,0.2552
DIAMONDS NINE CLUBS QUEEN,0.2188,0.1676,0.6136
DIAMONDS KING DIAMONDS FOUR,0.2214,0.0366,0.742
HEARTS THREE DIAMONDS FOUR,0.685,0.0468,0.2682
SPADES NINE CLUBS ACE,0.3554,0.0028,0.6418
DIAMONDS NINE CLUBS KING,0.3536,0.0044,0.642
HEARTS ACE DIAMONDS JACK,0.3466,0.005,0.6484
SPADES ACE DIAMONDS TWO,0.3782,0.0042,0.6176
SPADES QUEEN DIAMONDS TWO,0.2502,0.5272,0.2226
DIAMONDS JACK HEARTS KING,0.342,0.0058,0.6522
SPADES KING DIAMONDS TWO,0.3904,0.0076,0.602
SPADES JACK SPADES SEVEN,0.546,0.0102,0.4438
SPADES TEN SPADES SEVEN,0.5468,0.011,0.4422
CLUBS SEVEN CLUBS THREE,0.596,0.0124,0.3916
CLUBS SIX CLUBS THREE,0.579,0.0124,0.4086
CLUBS FIVE CLUBS THREE,0.5612,0.0146,0.4242
CLUBS THREE CLUBS FOUR,0.6422,0.0426,0.3152
CLUBS NINE CLUBS THREE,0.5854,0.0106,0.404
CLUBS EIGHT CLUBS THREE,0.5844,0.0134,0.4022
CLUBS THREE SPADES FIVE,0.5934,0.0148,0.3918
CLUBS THREE SPADES THREE,0.4222,0.0346,0.5432
CLUBS THREE SPADES TWO,0.6434,0.0176,0.339
CLUBS THREE SPADES SIX,0.607,0.0132,0.3798
CLUBS THREE SPADES SEVEN,0.6122,0.0146,0.3732
SPADES EIGHT CLUBS THREE,0.621,0.0138,0.3652
SPADES NINE CLUBS THREE,0.6192,0.011,0.3698
SPADES TWO DIAMONDS FOUR,0.7148,0.0454,0.2398
SPADES THREE DIAMONDS FOUR,0.6846,0.0502,0.2652
SPADES FIVE DIAMONDS FOUR,0.6554,0.0476,0.297
SPADES SIX DIAMONDS FOUR,0.6714,0.0414,0.2872
SPADES SEVEN DIAMONDS FOUR,0.6852,0.0416,0.2732
SPADES EIGHT DIAMONDS FOUR,0.6942,0.0434,0.2624
SPADES NINE DIAMONDS FOUR,0.713,0.0432,0.2438
CLUBS FIVE DIAMONDS FOUR,0.6588,0.0428,0.2984
CLUBS FOUR DIAMONDS FOUR,0.2996,0.0328,0.6676
CLUBS SEVEN DIAMONDS FOUR,0.6958,0.0414,0.2628
CLUBS SIX DIAMONDS FOUR,0.6828,0.0432,0.274
CLUBS NINE DIAMONDS FOUR,0.7126,0.0434,0.244
CLUBS EIGHT DIAMONDS FOUR,0.6904,0.042,0.2676
DIAMONDS FOUR HEARTS SEVEN,0.6958,0.0442,0.26
HEARTS SIX DIAMONDS FOUR,0.6888,0.0404,0.2708
HEARTS NINE DIAMONDS FOUR,0.7248,0.0438,0.2314
DIAMONDS FOUR HEARTS EIGHT,0.7008,0.0396,0.2596
CLUBS THREE DIAMONDS FOUR,0.6802,0.0504,0.2694
CLUBS TWO DIAMONDS FOUR,0.6882,0.0456,0.2662
DIAMONDS TEN DIAMONDS FIVE,0.5742,0.0076,0.4182
DIAMONDS JACK DIAMONDS FIVE,0.5444,0.0088,0.4468
DIAMONDS NINE HEARTS KING,0.3506,0.006,0.6434
HEARTS ACE DIAMONDS NINE,0.3648,0.0038,0.6314
DIAMONDS NINE HEARTS TEN,0.5466,0.012,0.4414
DIAMONDS NINE HEARTS JACK,0.5642,0.0112,0.4246
CLUBS KING DIAMONDS SIX,0.3666,0.0064,0.627
CLUBS QUEEN DIAMONDS SIX,0.2246,0.3798,0.3956
CLUBS ACE DIAMONDS SIX,0.3622,0.0044,0.6334
SPADES KING DIAMONDS FOUR,0.2336,0.0388,0.7276
SPADES ACE SPADES SEVEN,0.3414,0.0066,0.652
SPADES QUEEN DIAMONDS FOUR,0.0126,0.9666,0.0208
SPADES QUEEN SPADES SEVEN,0.2082,0.2844,0.5074
CLUBS JACK DIAMONDS SIX,0.5958,0.0096,0.3946
SPADES KING SPADES SEVEN,0.3444,0.0072,0.6484
SPADES ACE DIAMONDS FOUR,0.2326,0.028,0.7394
CLUBS TEN DIAMONDS SIX,0.5768,0.0106,0.4126
CLUBS NINE CLUBS FOUR,0.6812,0.041,0.2778
CLUBS EIGHT CLUBS FOUR,0.6664,0.0398,0.2938
SPADES JACK DIAMONDS FOUR,0.7144,0.0536,0.232
SPADES TEN DIAMONDS FOUR,0.7148,0.0496,0.2356
CLUBS FIVE CLUBS FOUR,0.6348,0.0466,0.3186
CLUBS SEVEN CLUBS FOUR,0.643,0.0414,0.3156
CLUBS SIX CLUBS FOUR,0.6456,0.04,0.3144
CLUBS SEVEN SPADES EIGHT,0.5484,0.0112,0.4404
CLUBS SEVEN SPADES NINE,0.5568,0.0106,0.4326
CLUBS SEVEN SPADES SIX,0.5604,0.0104,0.4292
CLUBS SEVEN SPADES SEVEN,0.3178,0.029,0.6532
CLUBS SEVEN SPADES FIVE,0.5714,0.0116,0.417
CLUBS SEVEN SPADES THREE,0.6276,0.0132,0.3592
CLUBS SEVEN SPADES TWO,0.643,0.0136,0.3434
CLUBS NINE CLUBS SEVEN,0.5252,0.0104,0.4644
CLUBS SEVEN CLUBS EIGHT,0.516,0.0096,0.4744
HEARTS SIX DIAMONDS FIVE,0.5624,0.0118,0.4258
DIAMONDS FIVE HEARTS SEVEN,0.584,0.012,0.404
DIAMONDS FIVE HEARTS EIGHT,0.5814,0.0118,0.4068
HEARTS NINE DIAMONDS FIVE,0.5848,0.0124,0.4028
DIAMONDS QUEEN DIAMONDS FIVE,0.214,0.4206,0.3654
HEARTS TWO DIAMONDS FIVE,0.6202,0.0166,0.3632
HEARTS KING HEARTS EIGHT,0.3528,0.0082,0.639
DIAMONDS KING DIAMONDS FIVE,0.326,0.0086,0.6654
HEARTS THREE DIAMONDS FIVE,0.6072,0.0102,0.3826
DIAMONDS ACE DIAMONDS FIVE,0.3178,0.0066,0.6756
HEARTS FOUR DIAMONDS FIVE,0.6684,0.0466,0.285
HEARTS FIVE DIAMONDS FIVE,0.3124,0.033,0.6546
HEARTS ACE HEARTS EIGHT,0.3404,0.0042,0.6554
CLUBS FOUR DIAMONDS FIVE,0.662,0.0418,0.2962
CLUBS FIVE DIAMONDS FIVE,0.3236,0.0334,0.643
CLUBS SIX DIAMONDS FIVE,0.5672,0.012,0.4208
CLUBS SEVEN DIAMONDS FIVE,0.5744,0.012,0.4136
CLUBS TWO DIAMONDS FIVE,0.6102,0.0148,0.375
CLUBS THREE DIAMONDS FIVE,0.6002,0.013,0.3868
SPADES THREE DIAMONDS FIVE,0.601,0.0126,0.3864
SPADES TWO DIAMONDS FIVE,0.618,0.018,0.364
SPADES JACK DIAMONDS EIGHT,0.5594,0.0096,0.431
SPADES FIVE DIAMONDS FIVE,0.3192,0.0298,0.651
CLUBS TEN HEARTS JACK,0.5602,0.009,0.4308
SPADES TEN DIAMONDS EIGHT,0.5398,0.012,0.4482
HEARTS JACK CLUBS JACK,0.2898,0.0118,0.6984
HEARTS JACK CLUBS QUEEN,0.2384,0.0874,0.6742
CLUBS NINE DIAMONDS FIVE,0.5892,0.0126,0.3982
HEARTS JACK CLUBS KING,0.344,0.0078,0.6482
CLUBS EIGHT DIAMONDS FIVE,0.5764,0.011,0.4126
HEARTS JACK CLUBS ACE,0.3644,0.0046,0.631
SPADES SEVEN DIAMONDS FIVE,0.5616,0.0138,0.4246
SPADES KING DIAMONDS EIGHT,0.3704,0.007,0.6226
SPADES QUEEN DIAMONDS EIGHT,0.2264,0.2204,0.5532
SPADES SIX DIAMONDS FIVE,0.549,0.0138,0.4372
SPADES NINE DIAMONDS FIVE,0.5838,0.013,0.4032
SPADES EIGHT DIAMONDS FIVE,0.567,0.0134,0.4196
SPADES ACE DIAMONDS EIGHT,0.3636,0.0056,0.6308
DIAMONDS TEN DIAMONDS SIX,0.5464,0.0106,0.443
HEARTS ACE DIAMONDS SEVEN,0.3526,0.0044,0.643
DIAMONDS JACK DIAMONDS SIX,0.5558,0.0092,0.435
HEARTS KING DIAMONDS SEVEN,0.3544,0.0068,0.6388
DIAMONDS ACE DIAMONDS SIX,0.347,0.0052,0.6478
HEARTS FOUR DIAMONDS SIX,0.6814,0.0372,0.2814
HEARTS JACK SPADES TWO,0.6266,0.0136,0.3598
HEARTS FIVE DIAMONDS SIX,0.5728,0.013,0.4142
SPADES TWO HEARTS TEN,0.643,0.014,0.343
DIAMONDS QUEEN DIAMONDS SIX,0.2102,0.3472,0.4426
HEARTS TWO DIAMONDS SIX,0.6264,0.0126,0.361
DIAMONDS KING DIAMONDS SIX,0.3428,0.008,0.6492
HEARTS THREE DIAMONDS SIX,0.615,0.0148,0.3702
HEARTS EIGHT DIAMONDS SIX,0.5726,0.0142,0.4132
HEARTS NINE DIAMONDS SIX,0.5856,0.0092,0.4052
HEARTS SIX DIAMONDS SIX,0.3224,0.0288,0.6488
HEARTS SEVEN DIAMONDS SIX,0.563,0.0104,0.4266
HEARTS TEN DIAMONDS SEVEN,0.5898,0.0116,0.3986
CLUBS TWO DIAMONDS SIX,0.624,0.0146,0.3614
HEARTS JACK DIAMONDS SEVEN,0.5946,0.0102,0.3952
CLUBS THREE DIAMONDS SIX,0.6056,0.0146,0.3798
CLUBS SEVEN DIAMONDS SIX,0.5622,0.0116,0.4262
DIAMONDS EIGHT CLUBS JACK,0.5706,0.0098,0.4196
CLUBS SIX DIAMONDS SIX,0.3268,0.0284,0.6448
CLUBS TEN DIAMONDS EIGHT,0.5626,0.0084,0.429
CLUBS FIVE DIAMONDS SIX,0.5658,0.012,0.4222
CLUBS FOUR DIAMONDS SIX,0.6772,0.042,0.2808
HEARTS ACE HEARTS JACK,0.3338,0.0052,0.661
DIAMONDS EIGHT CLUBS ACE,0.3558,0.0042,0.64
DIAMONDS EIGHT CLUBS KING,0.3666,0.0072,0.6262
CLUBS NINE DIAMONDS SIX,0.5696,0.0126,0.4178
HEARTS JACK HEARTS KING,0.3228,0.0054,0.6718
DIAMONDS EIGHT CLUBS QUEEN,0.2208,0.2328,0.5464
CLUBS EIGHT DIAMONDS SIX,0.5662,0.0134,0.4204
SPADES TEN HEARTS KING,0.3284,0.0074,0.6642
SPADES FIVE DIAMONDS SIX,0.5604,0.0112,0.4284
HEARTS ACE SPADES TWO,0.3842,0.0058,0.61
SPADES JACK HEARTS KING,0.3308,0.008,0.6612
SPADES THREE DIAMONDS SIX,0.614,0.0152,0.3708
SPADES ACE SPADES KING,0.3038,0.0062,0.69
SPADES TWO HEARTS KING,0.3916,0.0084,0.6
SPADES TWO DIAMONDS SIX,0.638,0.012,0.35
HEARTS TEN HEARTS EIGHT,0.5428,0.0118,0.4454
SPADES NINE DIAMONDS SIX,0.558,0.01,0.432
HEARTS JACK HEARTS EIGHT,0.5502,0.0118,0.438
SPADES EIGHT DIAMONDS SIX,0.5646,0.0136,0.4218
SPADES SEVEN DIAMONDS SIX,0.552,0.0128,0.4352
SPADES SIX DIAMONDS SIX,0.3252,0.0276,0.6472
SPADES KING HEARTS KING,0.1294,0.005,0.8656
SPADES QUEEN HEARTS KING,0.2108,0.0284,0.7608
CLUBS ACE CLUBS KING,0.3038,0.004,0.6922
SPADES ACE HEARTS KING,0.3092,0.007,0.6838
SPADES ACE HEARTS JACK,0.3456,0.0046,0.6498
SPADES QUEEN HEARTS JACK,0.2326,0.0914,0.676
SPADES KING HEARTS JACK,0.3408,0.0082,0.651
SPADES TEN DIAMONDS TEN,0.2736,0.0134,0.713
SPADES JACK DIAMONDS TEN,0.5288,0.0104,0.4608
SPADES ACE DIAMONDS TEN,0.3428,0.0042,0.653
SPADES JACK HEARTS JACK,0.277,0.011,0.712
SPADES TEN HEARTS JACK,0.541,0.0096,0.4494
SPADES QUEEN DIAMONDS TEN,0.2322,0.1172,0.6506
SPADES KING DIAMONDS TEN,0.3286,0.0074,0.664
SPADES NINE DIAMONDS SEVEN,0.5518,0.0112,0.437
SPADES EIGHT DIAMONDS SEVEN,0.548,0.0118,0.4402
SPADES SEVEN DIAMONDS SEVEN,0.3092,0.0236,0.6672
SPADES SIX DIAMONDS SEVEN,0.5474,0.013,0.4396
DIAMONDS KING DIAMONDS SEVEN,0.3294,0.0072,0.6634
HEARTS THREE DIAMONDS SEVEN,0.638,0.011,0.351
HEARTS KING DIAMONDS FIVE,0.3506,0.0082,0.6412
DIAMONDS QUEEN DIAMONDS SEVEN,0.2066,0.2862,0.5072
HEARTS TWO DIAMONDS SEVEN,0.6424,0.0136,0.344
HEARTS FIVE DIAMONDS SEVEN,0.5764,0.0124,0.4112
DIAMONDS ACE DIAMONDS SEVEN,0.329,0.0036,0.6674
HEARTS FOUR DIAMONDS SEVEN,0.703,0.0436,0.2534
HEARTS ACE DIAMONDS FIVE,0.344,0.0052,0.6508
HEARTS SEVEN DIAMONDS SEVEN,0.3208,0.0262,0.653
HEARTS SIX DIAMONDS SEVEN,0.5594,0.0102,0.4304
HEARTS NINE DIAMONDS SEVEN,0.5622,0.0164,0.4214
DIAMONDS SEVEN HEARTS EIGHT,0.5608,0.0158,0.4234
DIAMONDS JACK DIAMONDS SEVEN,0.5474,0.0118,0.4408
HEARTS JACK DIAMONDS FIVE,0.6038,0.012,0.3842
DIAMONDS TEN DIAMONDS SEVEN,0.5454,0.0106,0.444
DIAMONDS FIVE HEARTS TEN,0.6096,0.01,0.3804
SPADES KING CLUBS TWO,0.385,0.0094,0.6056
HEARTS KING CLUBS KING,0.1314,0.0048,0.8638
CLUBS EIGHT DIAMONDS SEVEN,0.5482,0.011,0.4408
SPADES QUEEN CLUBS TWO,0.2638,0.51,0.2262
HEARTS KING CLUBS QUEEN,0.2258,0.0316,0.7426
CLUBS NINE DIAMONDS SEVEN,0.5654,0.0122,0.4224
SPADES TWO CLUBS JACK,0.6312,0.012,0.3568
SPADES ACE CLUBS TWO,0.3902,0.007,0.6028
CLUBS TEN SPADES TWO,0.6176,0.01,0.3724
HEARTS KING CLUBS ACE,0.3232,0.004,0.6728
CLUBS SEVEN CLUBS SIX,0.5224,0.0116,0.466
SPADES TWO CLUBS KING,0.3938,0.008,0.5982
SPADES TWO DIAMONDS SEVEN,0.6442,0.017,0.3388
CLUBS EIGHT CLUBS SIX,0.53,0.0114,0.4586
SPADES THREE DIAMONDS SEVEN,0.6228,0.0132,0.364
SPADES TWO CLUBS QUEEN,0.265,0.52,0.215
CLUBS NINE CLUBS SIX,0.523,0.0116,0.4654
HEARTS KING CLUBS JACK,0.3408,0.0078,0.6514
SPADES FIVE DIAMONDS SEVEN,0.5666,0.0132,0.4202
SPADES TWO CLUBS ACE,0.3848,0.0058,0.6094
CLUBS TEN HEARTS KING,0.3316,0.0084,0.66
CLUBS SIX SPADES TWO,0.6234,0.0156,0.361
CLUBS SIX SPADES THREE,0.627,0.0126,0.3604
CLUBS TWO DIAMONDS SEVEN,0.6296,0.0148,0.3556
CLUBS THREE DIAMONDS SEVEN,0.624,0.0144,0.3616
CLUBS SIX SPADES FIVE,0.554,0.015,0.431
CLUBS FOUR DIAMONDS SEVEN,0.6878,0.046,0.2662
CLUBS SIX SPADES SIX,0.3244,0.0278,0.6478
CLUBS FIVE DIAMONDS SEVEN,0.5686,0.0116,0.4198
CLUBS SIX SPADES SEVEN,0.562,0.0122,0.4258
CLUBS SIX DIAMONDS SEVEN,0.5672,0.013,0.4198
CLUBS SIX SPADES EIGHT,0.5658,0.0116,0.4226
SPADES JACK CLUBS TWO,0.6258,0.0096,0.3646
CLUBS SEVEN DIAMONDS SEVEN,0.325,0.0228,0.6522
SPADES NINE CLUBS SIX,0.5664,0.0124,0.4212
SPADES TEN CLUBS TWO,0.634,0.0118,0.3542
CLUBS TWO CLUBS QUEEN,0.2512,0.4918,0.257
CLUBS TWO CLUBS KING,0.3762,0.0074,0.6164
CLUBS THREE DIAMONDS EIGHT,0.6414,0.012,0.3466
CLUBS TWO CLUBS ACE,0.3494,0.0052,0.6454
CLUBS TWO DIAMONDS EIGHT,0.6196,0.0156,0.3648
DIAMONDS EIGHT HEARTS SEVEN,0.5666,0.0126,0.4208
HEARTS SIX DIAMONDS EIGHT,0.58,0.0118,0.4082
DIAMONDS EIGHT HEARTS NINE,0.5538,0.0118,0.4344
CLUBS TEN CLUBS TWO,0.5746,0.0144,0.411
DIAMONDS EIGHT HEARTS EIGHT,0.3078,0.019,0.6732
CLUBS TWO CLUBS JACK,0.5962,0.0144,0.3894
CLUBS NINE DIAMONDS EIGHT,0.5642,0.0092,0.4266
CLUBS EIGHT DIAMONDS EIGHT,0.3058,0.0206,0.6736
CLUBS FIVE DIAMONDS EIGHT,0.5726,0.0144,0.413
SPADES ACE SPADES THREE,0.3658,0.0046,0.6296
CLUBS FOUR DIAMONDS EIGHT,0.697,0.0386,0.2644
CLUBS SEVEN DIAMONDS EIGHT,0.5602,0.0088,0.431
SPADES QUEEN SPADES THREE,0.2474,0.5036,0.249
CLUBS SIX DIAMONDS EIGHT,0.5752,0.0126,0.4122
SPADES KING SPADES THREE,0.3718,0.0084,0.6198
DIAMONDS QUEEN DIAMONDS EIGHT,0.2204,0.2078,0.5718
HEARTS TWO DIAMONDS EIGHT,0.6336,0.014,0.3524
DIAMONDS KING DIAMONDS EIGHT,0.3446,0.0056,0.6498
HEARTS THREE DIAMONDS EIGHT,0.6348,0.015,0.3502
DIAMONDS ACE DIAMONDS EIGHT,0.3282,0.0042,0.6676
HEARTS FOUR DIAMONDS EIGHT,0.7124,0.0422,0.2454
HEARTS FIVE DIAMONDS EIGHT,0.5874,0.014,0.3986
DIAMONDS EIGHT DIAMONDS TEN,0.5158,0.013,0.4712
DIAMONDS EIGHT DIAMONDS JACK,0.533,0.0098,0.4572
SPADES JACK SPADES THREE,0.603,0.0112,0.3858
SPADES TEN SPADES THREE,0.5902,0.0146,0.3952
CLUBS FOUR HEARTS ACE,0.2328,0.0214,0.7458
CLUBS FOUR HEARTS KING,0.2276,0.0372,0.7352
CLUBS SIX HEARTS TEN,0.5892,0.0142,0.3966
CLUBS SIX HEARTS JACK,0.5986,0.0104,0.391
SPADES FIVE DIAMONDS EIGHT,0.5674,0.0138,0.4188
DIAMONDS EIGHT SPADES TWO,0.6326,0.0134,0.354
DIAMONDS EIGHT SPADES THREE,0.6346,0.0092,0.3562
CLUBS FOUR HEARTS JACK,0.7134,0.045,0.2416
SPADES EIGHT DIAMONDS EIGHT,0.3112,0.0224,0.6664
SPADES TEN DIAMONDS QUEEN,0.2258,0.1206,0.6536
SPADES TEN HEARTS TWO,0.6404,0.0154,0.3442
SPADES JACK HEARTS EIGHT,0.5682,0.0098,0.422
CLUBS FOUR HEARTS TEN,0.7098,0.0474,0.2428
SPADES NINE DIAMONDS EIGHT,0.5432,0.0096,0.4472
SPADES TEN HEARTS EIGHT,0.5606,0.0112,0.4282
SPADES JACK HEARTS TWO,0.6274,0.0134,0.3592
SPADES JACK DIAMONDS QUEEN,0.2292,0.0848,0.686
SPADES SIX DIAMONDS EIGHT,0.5606,0.0142,0.4252
SPADES SEVEN DIAMONDS EIGHT,0.5394,0.012,0.4486
SPADES ACE HEARTS TWO,0.371,0.0048,0.6242
SPADES ACE DIAMONDS QUEEN,0.23,0.0156,0.7544
SPADES ACE HEARTS EIGHT,0.3594,0.0078,0.6328
SPADES KING HEARTS EIGHT,0.3618,0.007,0.6312
SPADES QUEEN HEARTS TWO,0.2804,0.514,0.2056
SPADES QUEEN DIAMONDS QUEEN,0.0732,0.023,0.9038
SPADES KING DIAMONDS QUEEN,0.2238,0.0284,0.7478
SPADES KING HEARTS TWO,0.391,0.008,0.601
SPADES QUEEN HEARTS EIGHT,0.232,0.2238,0.5442
CLUBS TWO HEARTS TEN,0.6348,0.011,0.3542
CLUBS TWO HEARTS JACK,0.6238,0.0148,0.3614
SPADES SEVEN DIAMONDS NINE,0.5506,0.009,0.4404
SPADES SIX DIAMONDS NINE,0.5704,0.0102,0.4194
SPADES NINE DIAMONDS NINE,0.294,0.0182,0.6878
SPADES EIGHT DIAMONDS NINE,0.5272,0.0092,0.4636
SPADES TEN CLUBS KING,0.3422,0.0056,0.6522
DIAMONDS NINE SPADES THREE,0.6306,0.016,0.3534
SPADES JACK CLUBS KING,0.3404,0.006,0.6536
DIAMONDS NINE SPADES TWO,0.622,0.0158,0.3622
DIAMONDS NINE SPADES FIVE,0.575,0.0104,0.4146
CLUBS NINE DIAMONDS NINE,0.3104,0.0192,0.6704
CLUBS EIGHT DIAMONDS NINE,0.5412,0.0098,0.449
CLUBS SIX DIAMONDS NINE,0.5686,0.01,0.4214
SPADES JACK CLUBS FOUR,0.7188,0.0502,0.231
CLUBS SEVEN DIAMONDS NINE,0.5674,0.0098,0.4228
SPADES TEN CLUBS FOUR,0.7232,0.038,0.2388
CLUBS FOUR DIAMONDS NINE,0.717,0.0426,0.2404
CLUBS FIVE DIAMONDS NINE,0.5912,0.0112,0.3976
DIAMONDS NINE CLUBS TWO,0.625,0.0108,0.3642
CLUBS THREE DIAMONDS NINE,0.622,0.0116,0.3664
DIAMONDS NINE HEARTS EIGHT,0.561,0.0106,0.4284
DIAMONDS NINE HEARTS NINE,0.2946,0.018,0.6874
HEARTS SIX DIAMONDS NINE,0.5658,0.015,0.4192
DIAMONDS NINE HEARTS SEVEN,0.5556,0.0104,0.434
CLUBS NINE CLUBS EIGHT,0.5182,0.0112,0.4706
DIAMONDS ACE DIAMONDS NINE,0.3348,0.0036,0.6616
HEARTS FOUR DIAMONDS NINE,0.718,0.0404,0.2416
HEARTS FIVE DIAMONDS NINE,0.5808,0.012,0.4072
HEARTS ACE CLUBS TWO,0.384,0.0064,0.6096
SPADES ACE CLUBS FOUR,0.225,0.0252,0.7498
DIAMONDS QUEEN DIAMONDS NINE,0.2218,0.159,0.6192
HEARTS TWO DIAMONDS NINE,0.6404,0.0124,0.3472
CLUBS TWO HEARTS KING,0.395,0.0088,0.5962
SPADES KING CLUBS FOUR,0.2242,0.0354,0.7404
DIAMONDS KING DIAMONDS NINE,0.3374,0.0078,0.6548
HEARTS THREE DIAMONDS NINE,0.6282,0.0118,0.36
SPADES QUEEN CLUBS FOUR,0.0118,0.9692,0.019
DIAMONDS NINE DIAMONDS JACK,0.5262,0.0096,0.4642
CLUBS EIGHT SPADES NINE,0.5372,0.0118,0.451
DIAMONDS NINE DIAMONDS TEN,0.515,0.009,0.476
CLUBS EIGHT SPADES EIGHT,0.3002,0.0232,0.6766
CLUBS EIGHT SPADES SEVEN,0.5532,0.011,0.4358
CLUBS EIGHT SPADES SIX,0.567,0.0102,0.4228
CLUBS EIGHT SPADES FIVE,0.5734,0.0096,0.417
CLUBS EIGHT SPADES THREE,0.6188,0.0136,0.3676
CLUBS EIGHT SPADES TWO,0.6232,0.013,0.3638
HEARTS SIX DIAMONDS TEN,0.5844,0.0112,0.4044
DIAMONDS TEN HEARTS SEVEN,0.5766,0.0096,0.4138
DIAMONDS TEN HEARTS EIGHT,0.5514,0.012,0.4366
CLUBS FOUR CLUBS JACK,0.6754,0.0454,0.2792
DIAMONDS TEN HEARTS NINE,0.5478,0.0114,0.4408
CLUBS TEN CLUBS FOUR,0.6742,0.0474,0.2784
CLUBS FOUR CLUBS KING,0.2172,0.0308,0.752
CLUBS FOUR CLUBS QUEEN,0.0208,0.9172,0.062
CLUBS TWO DIAMONDS TEN,0.6208,0.0106,0.3686
CLUBS THREE DIAMONDS TEN,0.6202,0.0128,0.367
CLUBS FOUR CLUBS ACE,0.2178,0.022,0.7602
DIAMONDS JACK DIAMONDS TEN,0.5076,0.0082,0.4842
DIAMONDS QUEEN DIAMONDS TEN,0.215,0.1104,0.6746
HEARTS TWO DIAMONDS TEN,0.6254,0.0108,0.3638
DIAMONDS KING DIAMONDS TEN,0.3192,0.0066,0.6742
HEARTS THREE DIAMONDS TEN,0.6244,0.0126,0.363
DIAMONDS ACE DIAMONDS TEN,0.3264,0.0034,0.6702
HEARTS FOUR DIAMONDS TEN,0.7168,0.0474,0.2358
CLUBS EIGHT HEARTS JACK,0.5672,0.0108,0.422
HEARTS FIVE DIAMONDS TEN,0.6164,0.012,0.3716
CLUBS EIGHT HEARTS TEN,0.5732,0.012,0.4148
CLUBS EIGHT HEARTS KING,0.3572,0.0082,0.6346
CLUBS EIGHT HEARTS ACE,0.3526,0.0052,0.6422
CLUBS NINE SPADES THREE,0.629,0.0138,0.3572
CLUBS NINE SPADES TWO,0.6308,0.0118,0.3574
CLUBS NINE SPADES FIVE,0.5796,0.0128,0.4076
CLUBS NINE SPADES SEVEN,0.551,0.013,0.436
CLUBS NINE SPADES SIX,0.5626,0.0088,0.4286
CLUBS NINE SPADES NINE,0.2852,0.0172,0.6976
CLUBS TEN HEARTS EIGHT,0.563,0.0124,0.4246
CLUBS NINE SPADES EIGHT,0.5336,0.0132,0.4532
CLUBS JACK HEARTS EIGHT,0.5676,0.012,0.4204
CLUBS QUEEN HEARTS EIGHT,0.2322,0.2228,0.545
CLUBS KING HEARTS EIGHT,0.3666,0.0062,0.6272
CLUBS ACE HEARTS EIGHT,0.357,0.0032,0.6398
SPADES KING CLUBS KING,0.132,0.005,0.863
SPADES QUEEN CLUBS KING,0.228,0.0266,0.7454
SPADES ACE CLUBS KING,0.3204,0.0042,0.6754
DIAMONDS ACE HEARTS TEN,0.3398,0.0046,0.6556
HEARTS FOUR HEARTS TEN,0.697,0.047,0.256
DIAMONDS ACE HEARTS JACK,0.3458,0.002,0.6522
HEARTS FOUR HEARTS JACK,0.6902,0.0508,0.259
SPADES KING CLUBS FIVE,0.3574,0.0098,0.6328
SPADES QUEEN CLUBS FIVE,0.2128,0.4614,0.3258
SPADES ACE CLUBS FIVE,0.3414,0.0048,0.6538
DIAMONDS JACK HEARTS SEVEN,0.5764,0.0104,0.4132
HEARTS SIX DIAMONDS JACK,0.5914,0.0104,0.3982
DIAMONDS JACK HEARTS NINE,0.5618,0.0094,0.4288
DIAMONDS JACK HEARTS EIGHT,0.5758,0.0086,0.4156
DIAMONDS KING DIAMONDS JACK,0.3102,0.0044,0.6854
HEARTS THREE DIAMONDS JACK,0.6354,0.0142,0.3504
SPADES ACE SPADES SIX,0.3478,0.0048,0.6474
DIAMONDS QUEEN DIAMONDS JACK,0.2176,0.091,0.6914
HEARTS TWO DIAMONDS JACK,0.6362,0.0162,0.3476
HEARTS FIVE DIAMONDS JACK,0.6094,0.0106,0.38
SPADES QUEEN SPADES SIX,0.2112,0.3588,0.43
DIAMONDS ACE DIAMONDS JACK,0.313,0.0062,0.6808
HEARTS FOUR DIAMONDS JACK,0.7192,0.0476,0.2332
SPADES KING SPADES SIX,0.3568,0.0088,0.6344
SPADES TEN SPADES SIX,0.558,0.012,0.43
SPADES JACK SPADES SIX,0.5666,0.0134,0.42
SPADES FIVE DIAMONDS JACK,0.5992,0.0108,0.39
DIAMONDS JACK SPADES TWO,0.64,0.0106,0.3494
SPADES THREE DIAMONDS JACK,0.6296,0.0138,0.3566
SPADES ACE DIAMONDS THREE,0.3862,0.0052,0.6086
SPADES QUEEN DIAMONDS THREE,0.2636,0.5284,0.208
CLUBS EIGHT DIAMONDS JACK,0.566,0.0098,0.4242
SPADES KING DIAMONDS THREE,0.3952,0.0086,0.5962
CLUBS NINE DIAMONDS JACK,0.556,0.0084,0.4356
CLUBS SIX DIAMONDS JACK,0.5948,0.0134,0.3918
CLUBS SEVEN DIAMONDS JACK,0.58,0.01,0.41
CLUBS FOUR DIAMONDS JACK,0.7252,0.046,0.2288
CLUBS FIVE DIAMONDS JACK,0.6104,0.014,0.3756
CLUBS TWO DIAMONDS JACK,0.641,0.0112,0.3478
CLUBS THREE DIAMONDS JACK,0.6328,0.011,0.3562
SPADES TEN CLUBS FIVE,0.5916,0.0106,0.3978
HEARTS SIX SPADES JACK,0.6032,0.0128,0.384
HEARTS SIX SPADES TEN,0.5854,0.0104,0.4042
SPADES JACK CLUBS FIVE,0.598,0.013,0.389
SPADES JACK DIAMONDS THREE,0.6222,0.0102,0.3676
CLUBS SEVEN CLUBS ACE,0.3374,0.004,0.6586
DIAMONDS THREE SPADES TEN,0.63,0.0144,0.3556
CLUBS SEVEN CLUBS QUEEN,0.2098,0.2904,0.4998
CLUBS SEVEN CLUBS KING,0.3402,0.0058,0.654
SPADES NINE DIAMONDS JACK,0.557,0.0114,0.4316
CLUBS TEN CLUBS SEVEN,0.5524,0.0106,0.437
DIAMONDS ACE HEARTS ACE,0.1166,0.004,0.8794
HEARTS FOUR HEARTS ACE,0.221,0.0214,0.7576
SPADES EIGHT DIAMONDS JACK,0.5766,0.0078,0.4156
SPADES ACE HEARTS SIX,0.354,0.0064,0.6396
CLUBS SEVEN CLUBS JACK,0.5468,0.011,0.4422
DIAMONDS ACE HEARTS KING,0.3142,0.004,0.6818
HEARTS FOUR HEARTS KING,0.2252,0.0372,0.7376
SPADES SEVEN DIAMONDS JACK,0.5828,0.0098,0.4074
SPADES KING HEARTS SIX,0.3588,0.0084,0.6328
SPADES QUEEN HEARTS SIX,0.2134,0.3898,0.3968
SPADES SIX DIAMONDS JACK,0.6012,0.0112,0.3876
SPADES TWO DIAMONDS TEN,0.6322,0.0106,0.3572
SPADES THREE DIAMONDS TEN,0.6378,0.0122,0.35
SPADES FIVE DIAMONDS TEN,0.5992,0.0114,0.3894
SPADES SIX DIAMONDS TEN,0.5714,0.0098,0.4188
SPADES SEVEN DIAMONDS TEN,0.567,0.0098,0.4232
SPADES EIGHT DIAMONDS TEN,0.5504,0.0122,0.4374
SPADES NINE DIAMONDS TEN,0.536,0.01,0.454
CLUBS FOUR DIAMONDS TEN,0.7102,0.0474,0.2424
CLUBS FIVE DIAMONDS TEN,0.582,0.012,0.406
CLUBS SIX DIAMONDS TEN,0.5798,0.012,0.4082
CLUBS SEVEN DIAMONDS TEN,0.5692,0.0074,0.4234
CLUBS EIGHT DIAMONDS TEN,0.552,0.011,0.437
CLUBS NINE DIAMONDS TEN,0.5436,0.0106,0.4458
DIAMONDS THREE CLUBS JACK,0.6288,0.013,0.3582
CLUBS TEN DIAMONDS THREE,0.6232,0.0102,0.3666
DIAMONDS THREE CLUBS KING,0.3958,0.0094,0.5948
DIAMONDS THREE CLUBS QUEEN,0.2606,0.5124,0.227
DIAMONDS THREE CLUBS ACE,0.3734,0.0038,0.6228
SPADES FIVE SPADES TWO,0.586,0.0156,0.3984
SPADES THREE SPADES TWO,0.6256,0.0148,0.3596
SPADES NINE SPADES TWO,0.583,0.0112,0.4058
SPADES EIGHT SPADES TWO,0.5996,0.0098,0.3906
SPADES SEVEN SPADES TWO,0.6008,0.0112,0.388
SPADES SIX SPADES TWO,0.5884,0.0152,0.3964
DIAMONDS QUEEN CLUBS THREE,0.265,0.5132,0.2218
CLUBS THREE HEARTS TWO,0.6428,0.017,0.3402
DIAMONDS QUEEN CLUBS TWO,0.273,0.5008,0.2262
HEARTS TWO CLUBS TWO,0.4242,0.0348,0.541
DIAMONDS QUEEN HEARTS SEVEN,0.2226,0.3036,0.4738
HEARTS TWO HEARTS SEVEN,0.6122,0.0164,0.3714
HEARTS SIX DIAMONDS QUEEN,0.2188,0.3894,0.3918
HEARTS SIX HEARTS TWO,0.5934,0.0146,0.392
DIAMONDS QUEEN HEARTS NINE,0.2376,0.1552,0.6072
HEARTS TWO HEARTS NINE,0.5976,0.0142,0.3882
DIAMONDS QUEEN HEARTS EIGHT,0.224,0.2174,0.5586
HEARTS TWO HEARTS EIGHT,0.6042,0.0132,0.3826
CLUBS NINE HEARTS TWO,0.6336,0.013,0.3534
CLUBS NINE DIAMONDS QUEEN,0.2264,0.1762,0.5974
CLUBS EIGHT HEARTS TWO,0.6396,0.013,0.3474
CLUBS EIGHT DIAMONDS QUEEN,0.2298,0.2326,0.5376
CLUBS FIVE DIAMONDS QUEEN,0.2242,0.4546,0.3212
CLUBS FIVE HEARTS TWO,0.621,0.0146,0.3644
SPADES EIGHT HEARTS ACE,0.3524,0.0064,0.6412
DIAMONDS QUEEN CLUBS FOUR,0.0216,0.9562,0.0222
HEARTS TWO CLUBS FOUR,0.7076,0.0474,0.245
CLUBS SEVEN DIAMONDS QUEEN,0.227,0.3058,0.4672
CLUBS SEVEN HEARTS TWO,0.6422,0.0144,0.3434
CLUBS SIX DIAMONDS QUEEN,0.235,0.3662,0.3988
CLUBS SIX HEARTS TWO,0.6358,0.0122,0.352
SPADES EIGHT HEARTS KING,0.369,0.0092,0.6218
HEARTS TWO SPADES SIX,0.6276,0.0114,0.361
DIAMONDS QUEEN SPADES SIX,0.2178,0.381,0.4012
HEARTS FOUR CLUBS QUEEN,0.0136,0.9744,0.012
DIAMONDS ACE CLUBS QUEEN,0.2256,0.014,0.7604
DIAMONDS QUEEN SPADES SEVEN,0.2182,0.304,0.4778
HEARTS TWO SPADES SEVEN,0.6378,0.0156,0.3466
HEARTS FOUR CLUBS KING,0.2388,0.0384,0.7228
DIAMONDS ACE CLUBS KING,0.322,0.0038,0.6742
DIAMONDS QUEEN SPADES EIGHT,0.2234,0.224,0.5526
SPADES EIGHT HEARTS TWO,0.6292,0.0158,0.355
HEARTS FOUR CLUBS ACE,0.2394,0.0254,0.7352
DIAMONDS ACE CLUBS ACE,0.1212,0.0024,0.8764
SPADES NINE DIAMONDS QUEEN,0.2396,0.1658,0.5946
SPADES NINE HEARTS TWO,0.6356,0.0146,0.3498
HEARTS TWO SPADES TWO,0.439,0.034,0.527
DIAMONDS QUEEN SPADES TWO,0.265,0.5262,0.2088
HEARTS TWO SPADES THREE,0.6492,0.0176,0.3332
DIAMONDS QUEEN SPADES THREE,0.2672,0.52,0.2128
HEARTS FOUR CLUBS TEN,0.7228,0.051,0.2262
CLUBS TEN DIAMONDS ACE,0.3438,0.0052,0.651
HEARTS TWO SPADES FIVE,0.6164,0.012,0.3716
DIAMONDS QUEEN SPADES FIVE,0.2102,0.4722,0.3176
HEARTS FOUR CLUBS JACK,0.72,0.0508,0.2292
DIAMONDS ACE CLUBS JACK,0.3426,0.0042,0.6532
CLUBS FIVE CLUBS KING,0.327,0.007,0.666
CLUBS FIVE CLUBS QUEEN,0.2038,0.43,0.3662
CLUBS FIVE CLUBS ACE,0.3216,0.005,0.6734
CLUBS FIVE CLUBS JACK,0.549,0.0108,0.4402
CLUBS TEN CLUBS FIVE,0.5712,0.0098,0.419
SPADES KING CLUBS JACK,0.3476,0.0074,0.645
SPADES QUEEN CLUBS JACK,0.2256,0.0922,0.6822
SPADES ACE CLUBS JACK,0.3502,0.0036,0.6462
SPADES SIX CLUBS KING,0.355,0.01,0.635
SPADES SIX CLUBS QUEEN,0.216,0.3966,0.3874
SPADES EIGHT HEARTS JACK,0.561,0.0112,0.4278
SPADES SIX CLUBS ACE,0.3508,0.0058,0.6434
SPADES EIGHT HEARTS TEN,0.554,0.0126,0.4334
SPADES SIX CLUBS JACK,0.5906,0.012,0.3974
CLUBS TEN SPADES SIX,0.5948,0.0112,0.394
SPADES TEN CLUBS JACK,0.5374,0.0098,0.4528
SPADES JACK CLUBS JACK,0.2796,0.0108,0.7096
SPADES QUEEN CLUBS SEVEN,0.2204,0.3036,0.476
SPADES KING CLUBS SEVEN,0.3652,0.0096,0.6252
SPADES ACE CLUBS SEVEN,0.3588,0.004,0.6372
SPADES SIX HEARTS TEN,0.591,0.012,0.397
SPADES SIX HEARTS JACK,0.599,0.0102,0.3908
SPADES SIX HEARTS ACE,0.346,0.0042,0.6498
SPADES SIX HEARTS KING,0.3538,0.0094,0.6368
CLUBS SEVEN SPADES JACK,0.5826,0.0122,0.4052
CLUBS SEVEN SPADES TEN,0.5732,0.0114,0.4154
CLUBS TEN HEARTS SIX,0.5856,0.0112,0.4032
HEARTS SIX CLUBS JACK,0.6034,0.0112,0.3854
CLUBS ACE CLUBS JACK,0.3312,0.0044,0.6644
HEARTS SIX CLUBS QUEEN,0.2234,0.3948,0.3818
HEARTS SIX CLUBS KING,0.3548,0.007,0.6382
HEARTS SIX CLUBS ACE,0.3534,0.0042,0.6424
CLUBS QUEEN CLUBS JACK,0.221,0.0854,0.6936
CLUBS KING CLUBS JACK,0.3262,0.0078,0.666
DIAMONDS THREE HEARTS ACE,0.3804,0.0052,0.6144
DIAMONDS THREE HEARTS KING,0.3744,0.0094,0.6162
CLUBS FIVE HEARTS JACK,0.6012,0.0102,0.3886
SPADES TEN DIAMONDS ACE,0.3396,0.005,0.6554
HEARTS FOUR SPADES TEN,0.7226,0.051,0.2264
CLUBS FIVE HEARTS TEN,0.6186,0.0096,0.3718
HEARTS FOUR SPADES JACK,0.7186,0.0458,0.2356
SPADES JACK DIAMONDS ACE,0.359,0.0052,0.6358
SPADES ACE HEARTS FOUR,0.2334,0.0276,0.739
SPADES ACE DIAMONDS ACE,0.116,0.004,0.88
CLUBS FIVE HEARTS ACE,0.3502,0.0042,0.6456
CLUBS FIVE HEARTS KING,0.3542,0.0078,0.638
HEARTS FOUR SPADES QUEEN,0.0078,0.9842,0.008
SPADES QUEEN DIAMONDS ACE,0.2294,0.0164,0.7542
SPADES KING DIAMONDS ACE,0.3308,0.0058,0.6634
HEARTS FOUR SPADES KING,0.2328,0.0338,0.7334
DIAMONDS QUEEN DIAMONDS ACE,0.2058,0.0154,0.7788
HEARTS TWO DIAMONDS ACE,0.3766,0.0048,0.6186
HEARTS FOUR DIAMONDS QUEEN,0.016,0.9718,0.0122
HEARTS FOUR HEARTS TWO,0.6694,0.0452,0.2854
DIAMONDS THREE HEARTS TEN,0.6292,0.012,0.3588
HEARTS FIVE DIAMONDS QUEEN,0.221,0.475,0.304
HEARTS FIVE HEARTS TWO,0.5862,0.016,0.3978
DIAMONDS THREE HEARTS JACK,0.646,0.0106,0.3434
DIAMONDS QUEEN HEARTS TWO,0.2628,0.5248,0.2124
DIAMONDS KING DIAMONDS QUEEN,0.2118,0.0278,0.7604
DIAMONDS KING HEARTS TWO,0.3872,0.0068,0.606
HEARTS THREE DIAMONDS QUEEN,0.28,0.511,0.209
HEARTS THREE HEARTS TWO,0.6112,0.0164,0.3724
HEARTS TWO CLUBS ACE,0.3898,0.003,0.6072
DIAMONDS QUEEN CLUBS ACE,0.2236,0.0148,0.7616
HEARTS TWO CLUBS QUEEN,0.2644,0.5202,0.2154
DIAMONDS QUEEN CLUBS QUEEN,0.0904,0.0208,0.8888
HEARTS TWO CLUBS KING,0.3898,0.0086,0.6016
DIAMONDS QUEEN CLUBS KING,0.2172,0.0236,0.7592
SPADES EIGHT SPADES FIVE,0.5568,0.014,0.4292
CLUBS TEN HEARTS TWO,0.6358,0.0132,0.351
CLUBS TEN DIAMONDS QUEEN,0.2274,0.1314,0.6412
SPADES NINE SPADES FIVE,0.5558,0.0116,0.4326
HEARTS TWO CLUBS JACK,0.6282,0.012,0.3598
DIAMONDS QUEEN CLUBS JACK,0.24,0.0858,0.6742
SPADES SIX SPADES FIVE,0.5484,0.0132,0.4384
SPADES SEVEN SPADES FIVE,0.5352,0.0136,0.4512
DIAMONDS FIVE CLUBS QUEEN,0.213,0.4602,0.3268
SPADES EIGHT CLUBS ACE,0.3572,0.0034,0.6394
DIAMONDS FIVE CLUBS KING,0.3498,0.0066,0.6436
SPADES EIGHT CLUBS KING,0.3648,0.0078,0.6274
CLUBS ACE DIAMONDS FIVE,0.3506,0.0038,0.6456
SPADES EIGHT CLUBS QUEEN,0.2178,0.2308,0.5514
SPADES EIGHT CLUBS JACK,0.5484,0.0106,0.441
CLUBS TEN SPADES EIGHT,0.5508,0.011,0.4382
CLUBS TEN DIAMONDS FIVE,0.5948,0.0132,0.392
DIAMONDS FIVE CLUBS JACK,0.59,0.0132,0.3968
HEARTS JACK DIAMONDS TEN,0.5368,0.0106,0.4526
DIAMONDS TEN HEARTS TEN,0.3008,0.0146,0.6846
SPADES ACE CLUBS NINE,0.368,0.0034,0.6286
CLUBS NINE SPADES QUEEN,0.2208,0.1702,0.609
CLUBS NINE SPADES KING,0.3556,0.0068,0.6376
HEARTS SIX HEARTS KING,0.335,0.0078,0.6572
DIAMONDS KING SPADES SEVEN,0.3524,0.0066,0.641
