opposingHand,winningChance,drawChance,lostChance
SPADES TEN SPADES THREE
SPADES JACK HEARTS FIVE,0.384,0.018,0.598
SPADES FIVE CLUBS JACK,0.3804,0.0172,0.6024
SPADES FIVE CLUBS TEN,0.2578,0.4304,0.3118
CLUBS EIGHT CLUBS JACK,0.3534,0.0176,0.629
CLUBS EIGHT CLUBS TEN,0.2456,0.215,0.5394
CLUBS EIGHT CLUBS KING,0.3632,0.0092,0.6276
SPADES FIVE CLUBS ACE,0.3878,0.0038,0.6084
CLUBS EIGHT CLUBS QUEEN,0.3736,0.0118,0.6146
SPADES FIVE CLUBS KING,0.3922,0.0068,0.601
SPADES FIVE CLUBS QUEEN,0.3996,0.0146,0.5858
CLUBS EIGHT CLUBS ACE,0.3646,0.0042,0.6312
DIAMONDS TWO DIAMONDS THREE,0.6458,0.0676,0.2866
DIAMONDS TWO DIAMONDS FIVE,0.586,0.0266,0.3874
SPADES KING HEARTS FIVE,0.393,0.0088,0.5982
DIAMONDS TWO DIAMONDS FOUR,0.574,0.031,0.395
SPADES QUEEN HEARTS FIVE,0.3882,0.0098,0.602
DIAMONDS TWO DIAMONDS SEVEN,0.5874,0.03,0.3826
DIAMONDS TWO DIAMONDS SIX,0.6002,0.0278,0.372
SPADES ACE HEARTS FIVE,0.3762,0.0064,0.6174
DIAMONDS TWO DIAMONDS NINE,0.597,0.0266,0.3764
DIAMONDS TWO DIAMONDS EIGHT,0.59,0.0258,0.3842
DIAMONDS THREE DIAMONDS FOUR,0.6248,0.072,0.3032
CLUBS TWO SPADES FOUR,0.6184,0.0308,0.3508
DIAMONDS THREE DIAMONDS FIVE,0.6204,0.0708,0.3088
CLUBS TWO SPADES FIVE,0.6164,0.0288,0.3548
CLUBS TWO SPADES TWO,0.4232,0.0758,0.501
DIAMONDS THREE DIAMONDS EIGHT,0.655,0.0672,0.2778
SPADES EIGHT CLUBS TWO,0.6384,0.0234,0.3382
DIAMONDS THREE DIAMONDS NINE,0.6568,0.0698,0.2734
SPADES NINE CLUBS TWO,0.6412,0.0294,0.3294
DIAMONDS THREE DIAMONDS SIX,0.6392,0.0688,0.292
CLUBS TWO SPADES SIX,0.6152,0.0356,0.3492
DIAMONDS THREE DIAMONDS SEVEN,0.6428,0.074,0.2832
SPADES SEVEN CLUBS TWO,0.6412,0.0312,0.3276
CLUBS SIX CLUBS TWO,0.5794,0.0294,0.3912
CLUBS SEVEN CLUBS TWO,0.598,0.0266,0.3754
CLUBS FOUR CLUBS TWO,0.5904,0.032,0.3776
CLUBS FIVE CLUBS TWO,0.5788,0.0264,0.3948
CLUBS JACK CLUBS TEN,0.2662,0.0592,0.6746
DIAMONDS FOUR DIAMONDS SIX,0.556,0.031,0.413
CLUBS QUEEN CLUBS TEN,0.2696,0.038,0.6924
DIAMONDS FOUR DIAMONDS SEVEN,0.554,0.0274,0.4186
CLUBS KING CLUBS TEN,0.2636,0.0328,0.7036
CLUBS ACE CLUBS TEN,0.2488,0.0264,0.7248
CLUBS EIGHT CLUBS TWO,0.5938,0.0262,0.38
DIAMONDS FIVE DIAMONDS FOUR,0.531,0.0324,0.4366
CLUBS NINE CLUBS TWO,0.5884,0.0254,0.3862
DIAMONDS NINE DIAMONDS FOUR,0.5634,0.0256,0.411
DIAMONDS EIGHT DIAMONDS FOUR,0.5592,0.0266,0.4142
CLUBS TWO CLUBS THREE,0.6334,0.0762,0.2904
DIAMONDS NINE DIAMONDS FIVE,0.5732,0.0252,0.4016
DIAMONDS TWO CLUBS JACK,0.4162,0.0178,0.566
DIAMONDS EIGHT DIAMONDS FIVE,0.5488,0.0228,0.4284
DIAMONDS TWO CLUBS TEN,0.3066,0.4966,0.1968
DIAMONDS FIVE DIAMONDS SEVEN,0.55,0.0264,0.4236
DIAMONDS FIVE DIAMONDS SIX,0.5374,0.0324,0.4302
DIAMONDS TWO CLUBS ACE,0.428,0.0038,0.5682
DIAMONDS TWO CLUBS KING,0.4378,0.0074,0.5548
DIAMONDS TWO CLUBS QUEEN,0.4286,0.0126,0.5588
DIAMONDS EIGHT DIAMONDS SIX,0.5392,0.0266,0.4342
DIAMONDS NINE DIAMONDS SIX,0.5526,0.0246,0.4228
DIAMONDS SEVEN DIAMONDS SIX,0.5334,0.0232,0.4434
DIAMONDS EIGHT DIAMONDS SEVEN,0.5118,0.0238,0.4644
DIAMONDS NINE DIAMONDS SEVEN,0.5254,0.0246,0.45
DIAMONDS NINE DIAMONDS EIGHT,0.5214,0.0226,0.456
DIAMONDS KING HEARTS TEN,0.2682,0.0314,0.7004
HEARTS THREE HEARTS TEN,0.0708,0.8566,0.0726
CLUBS SIX SPADES JACK,0.379,0.0192,0.6018
DIAMONDS KING HEARTS JACK,0.3494,0.0074,0.6432
HEARTS THREE HEARTS JACK,0.2782,0.0594,0.6624
SPADES JACK SPADES FIVE,0.3404,0.0206,0.639
DIAMONDS KING HEARTS ACE,0.3664,0.0056,0.628
HEARTS THREE HEARTS ACE,0.2654,0.016,0.7186
SPADES ACE CLUBS SIX,0.3888,0.0044,0.6068
DIAMONDS KING HEARTS QUEEN,0.363,0.0052,0.6318
HEARTS THREE HEARTS QUEEN,0.2684,0.0384,0.6932
SPADES KING CLUBS SIX,0.385,0.0086,0.6064
DIAMONDS KING HEARTS KING,0.1758,0.0096,0.8146
HEARTS THREE HEARTS KING,0.2716,0.029,0.6994
SPADES QUEEN CLUBS SIX,0.3868,0.0114,0.6018
SPADES NINE HEARTS TEN,0.2566,0.1642,0.5792
SPADES NINE HEARTS JACK,0.3508,0.0188,0.6304
SPADES QUEEN SPADES FIVE,0.3394,0.0136,0.647
SPADES KING SPADES FIVE,0.342,0.0106,0.6474
SPADES ACE SPADES FIVE,0.3254,0.0038,0.6708
SPADES NINE HEARTS QUEEN,0.3708,0.0112,0.618
SPADES NINE HEARTS KING,0.3746,0.0072,0.6182
SPADES NINE HEARTS ACE,0.3976,0.005,0.5974
SPADES JACK CLUBS TEN,0.2468,0.0572,0.696
SPADES ACE CLUBS TEN,0.2494,0.0258,0.7248
SPADES KING CLUBS TEN,0.2686,0.0364,0.695
SPADES QUEEN CLUBS TEN,0.2546,0.045,0.7004
SPADES FIVE HEARTS QUEEN,0.3824,0.0164,0.6012
SPADES FIVE HEARTS KING,0.3994,0.008,0.5926
SPADES FIVE HEARTS ACE,0.3878,0.0052,0.607
HEARTS THREE SPADES JACK,0.2624,0.0564,0.6812
SPADES JACK DIAMONDS KING,0.3496,0.009,0.6414
CLUBS EIGHT SPADES JACK,0.3676,0.0158,0.6166
SPADES ACE CLUBS EIGHT,0.3956,0.0058,0.5986
HEARTS FIVE CLUBS JACK,0.4044,0.014,0.5816
CLUBS SIX HEARTS ACE,0.4074,0.0054,0.5872
HEARTS FIVE CLUBS TEN,0.2682,0.4412,0.2906
CLUBS EIGHT SPADES QUEEN,0.381,0.0114,0.6076
CLUBS SIX HEARTS QUEEN,0.3978,0.0092,0.593
CLUBS EIGHT SPADES KING,0.3844,0.0086,0.607
CLUBS SIX HEARTS KING,0.399,0.0066,0.5944
DIAMONDS TWO HEARTS JACK,0.4248,0.0194,0.5558
DIAMONDS TWO HEARTS TEN,0.3078,0.4918,0.2004
HEARTS FIVE CLUBS ACE,0.3844,0.0042,0.6114
SPADES FIVE HEARTS TEN,0.2564,0.4462,0.2974
HEARTS FIVE CLUBS KING,0.4066,0.0068,0.5866
SPADES FIVE HEARTS JACK,0.3972,0.0208,0.582
HEARTS FIVE CLUBS QUEEN,0.3966,0.012,0.5914
HEARTS THREE CLUBS KING,0.2838,0.0294,0.6868
DIAMONDS KING CLUBS KING,0.1738,0.0116,0.8146
HEARTS THREE CLUBS QUEEN,0.2826,0.0412,0.6762
DIAMONDS KING CLUBS QUEEN,0.3522,0.0082,0.6396
HEARTS FIVE HEARTS JACK,0.377,0.0176,0.6054
HEARTS FIVE HEARTS TEN,0.2458,0.4172,0.337
HEARTS THREE CLUBS ACE,0.28,0.0196,0.7004
DIAMONDS KING CLUBS ACE,0.3628,0.006,0.6312
SPADES ACE CLUBS QUEEN,0.345,0.0062,0.6488
SPADES KING CLUBS QUEEN,0.3404,0.0064,0.6532
HEARTS THREE CLUBS JACK,0.2798,0.0558,0.6644
DIAMONDS KING CLUBS JACK,0.3468,0.0072,0.646
SPADES QUEEN CLUBS QUEEN,0.1598,0.017,0.8232
HEARTS THREE CLUBS TEN,0.0704,0.9046,0.025
DIAMONDS KING CLUBS TEN,0.2754,0.034,0.6906
SPADES JACK CLUBS QUEEN,0.326,0.0082,0.6658
CLUBS SIX CLUBS QUEEN,0.3628,0.01,0.6272
CLUBS SIX CLUBS KING,0.36,0.0072,0.6328
CLUBS SIX CLUBS ACE,0.3686,0.003,0.6284
HEARTS FIVE HEARTS KING,0.3766,0.0086,0.6148
HEARTS FIVE HEARTS QUEEN,0.38,0.0114,0.6086
CLUBS SIX CLUBS TEN,0.2436,0.339,0.4174
HEARTS FIVE HEARTS ACE,0.3632,0.0054,0.6314
CLUBS SIX CLUBS JACK,0.3746,0.0168,0.6086
SPADES SEVEN HEARTS JACK,0.3886,0.0172,0.5942
SPADES SEVEN HEARTS TEN,0.2608,0.2778,0.4614
DIAMONDS TWO CLUBS TWO,0.421,0.069,0.51
DIAMONDS TWO CLUBS THREE,0.6772,0.0764,0.2464
HEARTS SIX DIAMONDS TWO,0.6374,0.0244,0.3382
DIAMONDS TWO HEARTS QUEEN,0.4166,0.0104,0.573
DIAMONDS TWO HEARTS SEVEN,0.639,0.031,0.33
DIAMONDS TWO HEARTS KING,0.426,0.0082,0.5658
DIAMONDS TWO HEARTS EIGHT,0.6344,0.0288,0.3368
DIAMONDS TWO HEARTS ACE,0.4314,0.0066,0.562
DIAMONDS TWO HEARTS NINE,0.636,0.024,0.34
DIAMONDS TWO DIAMONDS QUEEN,0.4112,0.0124,0.5764
DIAMONDS TWO HEARTS TWO,0.4138,0.067,0.5192
DIAMONDS TWO DIAMONDS KING,0.3996,0.007,0.5934
HEARTS THREE DIAMONDS TWO,0.684,0.0782,0.2378
DIAMONDS TWO DIAMONDS ACE,0.4026,0.0038,0.5936
HEARTS FOUR DIAMONDS TWO,0.631,0.031,0.338
DIAMONDS TWO HEARTS FIVE,0.6048,0.0324,0.3628
SPADES SEVEN HEARTS ACE,0.3826,0.0044,0.613
DIAMONDS TWO DIAMONDS TEN,0.2884,0.4536,0.258
SPADES SEVEN HEARTS KING,0.3858,0.0092,0.605
DIAMONDS TWO DIAMONDS JACK,0.404,0.0182,0.5778
SPADES SEVEN HEARTS QUEEN,0.402,0.0106,0.5874
DIAMONDS TWO SPADES NINE,0.6358,0.0286,0.3356
DIAMONDS TWO SPADES EIGHT,0.6332,0.03,0.3368
DIAMONDS TWO SPADES SEVEN,0.6344,0.0306,0.335
DIAMONDS TWO SPADES SIX,0.6206,0.0338,0.3456
DIAMONDS TWO SPADES FIVE,0.6078,0.0298,0.3624
DIAMONDS TWO SPADES FOUR,0.6008,0.0296,0.3696
DIAMONDS TWO SPADES TWO,0.4018,0.079,0.5192
CLUBS NINE DIAMONDS TWO,0.6504,0.0234,0.3262
CLUBS EIGHT DIAMONDS TWO,0.6324,0.029,0.3386
DIAMONDS TWO CLUBS SEVEN,0.6512,0.0316,0.3172
CLUBS SIX DIAMONDS TWO,0.6262,0.0254,0.3484
DIAMONDS TWO CLUBS FIVE,0.6194,0.0358,0.3448
DIAMONDS TWO CLUBS FOUR,0.6246,0.0288,0.3466
CLUBS FOUR SPADES FIVE,0.565,0.0316,0.4034
CLUBS FOUR SPADES FOUR,0.3306,0.0606,0.6088
CLUBS FOUR SPADES TWO,0.608,0.0328,0.3592
SPADES NINE CLUBS FOUR,0.6136,0.0312,0.3552
CLUBS FOUR SPADES EIGHT,0.5906,0.0264,0.383
CLUBS FOUR SPADES SEVEN,0.5982,0.0278,0.374
CLUBS FOUR SPADES SIX,0.5694,0.0276,0.403
SPADES ACE DIAMONDS SIX,0.3868,0.0042,0.609
SPADES QUEEN DIAMONDS SIX,0.387,0.0092,0.6038
SPADES KING DIAMONDS SIX,0.3858,0.0064,0.6078
SPADES JACK DIAMONDS SIX,0.3928,0.0184,0.5888
SPADES QUEEN SPADES TWO,0.3658,0.0168,0.6174
SPADES KING SPADES TWO,0.3732,0.0072,0.6196
SPADES ACE SPADES TWO,0.3632,0.0068,0.63
DIAMONDS JACK CLUBS JACK,0.1994,0.0232,0.7774
DIAMONDS JACK CLUBS TEN,0.2776,0.0534,0.669
DIAMONDS JACK CLUBS KING,0.3574,0.0056,0.637
DIAMONDS JACK CLUBS QUEEN,0.3506,0.0096,0.6398
DIAMONDS THREE DIAMONDS JACK,0.276,0.0512,0.6728
DIAMONDS THREE DIAMONDS TEN,0.0738,0.855,0.0712
DIAMONDS JACK CLUBS ACE,0.3622,0.0066,0.6312
DIAMONDS THREE DIAMONDS KING,0.274,0.0294,0.6966
HEARTS THREE DIAMONDS THREE,0.329,0.0494,0.6216
DIAMONDS THREE DIAMONDS QUEEN,0.2568,0.0428,0.7004
DIAMONDS THREE HEARTS TWO,0.6734,0.074,0.2526
HEARTS FIVE DIAMONDS THREE,0.659,0.0768,0.2642
DIAMONDS THREE DIAMONDS ACE,0.2668,0.0186,0.7146
HEARTS FOUR DIAMONDS THREE,0.6732,0.066,0.2608
DIAMONDS THREE HEARTS SEVEN,0.691,0.0684,0.2406
HEARTS SIX DIAMONDS THREE,0.6818,0.0694,0.2488
SPADES JACK SPADES NINE,0.3172,0.016,0.6668
DIAMONDS THREE HEARTS NINE,0.7034,0.0732,0.2234
HEARTS JACK DIAMONDS FOUR,0.3846,0.0208,0.5946
HEARTS KING HEARTS ACE,0.3286,0.0046,0.6668
DIAMONDS THREE HEARTS EIGHT,0.7072,0.0712,0.2216
HEARTS TEN DIAMONDS FOUR,0.2726,0.4888,0.2386
SPADES JACK SPADES TWO,0.382,0.0192,0.5988
HEARTS QUEEN DIAMONDS FOUR,0.3936,0.0134,0.593
HEARTS KING DIAMONDS FOUR,0.4036,0.0086,0.5878
SPADES ACE SPADES NINE,0.3424,0.0062,0.6514
HEARTS ACE DIAMONDS FOUR,0.4086,0.0024,0.589
SPADES KING SPADES NINE,0.3378,0.011,0.6512
SPADES QUEEN SPADES NINE,0.3344,0.0138,0.6518
DIAMONDS THREE SPADES NINE,0.6904,0.0806,0.229
DIAMONDS THREE SPADES EIGHT,0.6936,0.085,0.2214
DIAMONDS THREE SPADES SEVEN,0.6938,0.0732,0.233
DIAMONDS THREE SPADES SIX,0.682,0.067,0.251
CLUBS SIX DIAMONDS THREE,0.6822,0.0698,0.248
CLUBS ACE DIAMONDS FOUR,0.3902,0.0042,0.6056
CLUBS SIX CLUBS FIVE,0.5278,0.0258,0.4464
CLUBS SEVEN CLUBS FIVE,0.5308,0.0266,0.4426
CLUBS SEVEN DIAMONDS THREE,0.6816,0.0704,0.248
DIAMONDS THREE CLUBS FOUR,0.6724,0.0708,0.2568
CLUBS QUEEN DIAMONDS FOUR,0.3994,0.0106,0.59
DIAMONDS THREE CLUBS FIVE,0.6604,0.0798,0.2598
CLUBS KING DIAMONDS FOUR,0.3952,0.0096,0.5952
DIAMONDS THREE CLUBS TWO,0.6678,0.0792,0.253
DIAMONDS FOUR CLUBS TEN,0.2722,0.4832,0.2446
DIAMONDS THREE CLUBS THREE,0.3226,0.0436,0.6338
DIAMONDS FOUR CLUBS JACK,0.404,0.018,0.578
DIAMONDS THREE SPADES FOUR,0.6494,0.0792,0.2714
DIAMONDS THREE SPADES FIVE,0.659,0.0676,0.2734
DIAMONDS THREE SPADES TWO,0.6752,0.0784,0.2464
CLUBS EIGHT DIAMONDS THREE,0.7012,0.0672,0.2316
CLUBS NINE DIAMONDS THREE,0.7034,0.077,0.2196
SPADES SEVEN CLUBS ACE,0.391,0.0048,0.6042
SPADES SEVEN CLUBS QUEEN,0.3992,0.0152,0.5856
SPADES SEVEN CLUBS KING,0.3894,0.0066,0.604
CLUBS FIVE SPADES SEVEN,0.5724,0.0238,0.4038
SPADES SEVEN CLUBS TEN,0.2666,0.2808,0.4526
CLUBS FIVE SPADES SIX,0.5612,0.0276,0.4112
SPADES SEVEN CLUBS JACK,0.3824,0.0186,0.599
SPADES NINE CLUBS FIVE,0.5928,0.0264,0.3808
SPADES EIGHT CLUBS FIVE,0.5742,0.0266,0.3992
CLUBS FIVE SPADES TWO,0.6186,0.0314,0.35
CLUBS FIVE SPADES FIVE,0.3264,0.0624,0.6112
CLUBS FIVE SPADES FOUR,0.5754,0.0368,0.3878
CLUBS NINE CLUBS FIVE,0.5548,0.0216,0.4236
CLUBS EIGHT CLUBS FIVE,0.553,0.0244,0.4226
CLUBS ACE CLUBS QUEEN,0.344,0.0048,0.6512
CLUBS KING CLUBS QUEEN,0.3346,0.0066,0.6588
DIAMONDS TEN DIAMONDS FOUR,0.2456,0.4576,0.2968
DIAMONDS NINE CLUBS TEN,0.272,0.1624,0.5656
DIAMONDS JACK DIAMONDS FOUR,0.3856,0.0206,0.5938
DIAMONDS NINE CLUBS JACK,0.379,0.0132,0.6078
SPADES NINE CLUBS JACK,0.3574,0.0166,0.626
SPADES NINE CLUBS TEN,0.2546,0.1688,0.5766
DIAMONDS ACE DIAMONDS FOUR,0.3754,0.006,0.6186
HEARTS FOUR DIAMONDS FOUR,0.3236,0.0712,0.6052
DIAMONDS JACK HEARTS TEN,0.2638,0.052,0.6842
SPADES NINE CLUBS KING,0.3668,0.0084,0.6248
DIAMONDS NINE CLUBS ACE,0.3934,0.003,0.6036
HEARTS FIVE DIAMONDS FOUR,0.5666,0.0326,0.4008
HEARTS JACK DIAMONDS JACK,0.182,0.022,0.796
SPADES NINE CLUBS QUEEN,0.3786,0.0124,0.609
DIAMONDS TWO SPADES JACK,0.404,0.0192,0.5768
DIAMONDS QUEEN DIAMONDS FOUR,0.3866,0.0104,0.603
HEARTS TWO DIAMONDS FOUR,0.6248,0.0276,0.3476
DIAMONDS NINE CLUBS QUEEN,0.3838,0.0124,0.6038
DIAMONDS KING DIAMONDS FOUR,0.3832,0.008,0.6088
HEARTS THREE DIAMONDS FOUR,0.6682,0.074,0.2578
SPADES NINE CLUBS ACE,0.3924,0.0048,0.6028
DIAMONDS NINE CLUBS KING,0.387,0.0072,0.6058
HEARTS ACE DIAMONDS JACK,0.3668,0.006,0.6272
SPADES ACE DIAMONDS TWO,0.407,0.0078,0.5852
DIAMONDS JACK HEARTS QUEEN,0.359,0.0076,0.6334
SPADES QUEEN DIAMONDS TWO,0.415,0.012,0.573
HEARTS KING DIAMONDS JACK,0.3562,0.0064,0.6374
SPADES KING DIAMONDS TWO,0.4174,0.009,0.5736
SPADES JACK SPADES SEVEN,0.3414,0.0184,0.6402
CLUBS SEVEN CLUBS THREE,0.642,0.0704,0.2876
CLUBS SIX CLUBS THREE,0.6414,0.0612,0.2974
CLUBS FIVE CLUBS THREE,0.6176,0.0788,0.3036
CLUBS FOUR CLUBS THREE,0.6162,0.07,0.3138
CLUBS NINE CLUBS THREE,0.6576,0.0748,0.2676
CLUBS EIGHT CLUBS THREE,0.6704,0.0616,0.268
CLUBS THREE SPADES FIVE,0.6554,0.0724,0.2722
CLUBS THREE SPADES FOUR,0.6582,0.0728,0.269
CLUBS THREE SPADES TWO,0.6832,0.0746,0.2422
SPADES SIX CLUBS THREE,0.6822,0.0728,0.245
SPADES SEVEN CLUBS THREE,0.6718,0.072,0.2562
SPADES EIGHT CLUBS THREE,0.6976,0.0742,0.2282
SPADES NINE CLUBS THREE,0.686,0.0804,0.2336
SPADES TWO DIAMONDS FOUR,0.6106,0.0316,0.3578
SPADES FOUR DIAMONDS FOUR,0.326,0.0666,0.6074
SPADES FIVE DIAMONDS FOUR,0.5732,0.0306,0.3962
SPADES SIX DIAMONDS FOUR,0.5678,0.029,0.4032
SPADES SEVEN DIAMONDS FOUR,0.5832,0.0282,0.3886
SPADES EIGHT DIAMONDS FOUR,0.5886,0.0318,0.3796
SPADES NINE DIAMONDS FOUR,0.6064,0.0268,0.3668
CLUBS FIVE DIAMONDS FOUR,0.5684,0.0232,0.4084
CLUBS FOUR DIAMONDS FOUR,0.3408,0.0606,0.5986
CLUBS SEVEN DIAMONDS FOUR,0.5898,0.0278,0.3824
CLUBS SIX DIAMONDS FOUR,0.5856,0.027,0.3874
CLUBS NINE DIAMONDS FOUR,0.6044,0.0264,0.3692
CLUBS EIGHT DIAMONDS FOUR,0.5924,0.0282,0.3794
DIAMONDS FOUR HEARTS SEVEN,0.5942,0.03,0.3758
HEARTS SIX DIAMONDS FOUR,0.5852,0.0266,0.3882
HEARTS NINE DIAMONDS FOUR,0.6126,0.0268,0.3606
DIAMONDS FOUR HEARTS EIGHT,0.596,0.028,0.376
CLUBS THREE DIAMONDS FOUR,0.668,0.0732,0.2588
CLUBS TWO DIAMONDS FOUR,0.627,0.0302,0.3428
DIAMONDS TEN DIAMONDS FIVE,0.2506,0.4126,0.3368
DIAMONDS JACK DIAMONDS FIVE,0.3822,0.0166,0.6012
DIAMONDS NINE HEARTS QUEEN,0.3994,0.0082,0.5924
HEARTS KING DIAMONDS NINE,0.4056,0.0066,0.5878
DIAMONDS NINE HEARTS ACE,0.4082,0.0046,0.5872
DIAMONDS NINE HEARTS TEN,0.2756,0.1548,0.5696
DIAMONDS NINE HEARTS JACK,0.3784,0.0128,0.6088
CLUBS KING DIAMONDS SIX,0.3992,0.0072,0.5936
CLUBS QUEEN DIAMONDS SIX,0.3954,0.01,0.5946
CLUBS ACE DIAMONDS SIX,0.4012,0.0058,0.593
SPADES KING DIAMONDS FOUR,0.3924,0.0082,0.5994
SPADES ACE SPADES SEVEN,0.344,0.0074,0.6486
SPADES QUEEN DIAMONDS FOUR,0.3788,0.0122,0.609
SPADES QUEEN SPADES SEVEN,0.357,0.0112,0.6318
CLUBS JACK DIAMONDS SIX,0.4002,0.018,0.5818
SPADES KING SPADES SEVEN,0.3382,0.0086,0.6532
SPADES ACE DIAMONDS FOUR,0.388,0.004,0.608
CLUBS TEN DIAMONDS SIX,0.2678,0.3492,0.383
CLUBS NINE CLUBS FOUR,0.5732,0.0264,0.4004
CLUBS EIGHT CLUBS FOUR,0.5632,0.0268,0.41
SPADES JACK DIAMONDS FOUR,0.381,0.0218,0.5972
CLUBS FOUR CLUBS FIVE,0.5434,0.0254,0.4312
CLUBS SEVEN CLUBS FOUR,0.5614,0.0278,0.4108
CLUBS SIX CLUBS FOUR,0.5506,0.0302,0.4192
CLUBS SEVEN SPADES EIGHT,0.5486,0.0254,0.426
CLUBS SEVEN SPADES NINE,0.555,0.0266,0.4184
CLUBS SEVEN SPADES SIX,0.5546,0.0254,0.42
CLUBS SEVEN SPADES SEVEN,0.307,0.0616,0.6314
CLUBS SEVEN SPADES FIVE,0.5686,0.0292,0.4022
CLUBS SEVEN SPADES FOUR,0.589,0.0296,0.3814
CLUBS SEVEN SPADES TWO,0.6388,0.026,0.3352
CLUBS NINE CLUBS SEVEN,0.5428,0.0238,0.4334
CLUBS EIGHT CLUBS SEVEN,0.5106,0.03,0.4594
HEARTS SIX DIAMONDS FIVE,0.5632,0.0316,0.4052
DIAMONDS FIVE HEARTS SEVEN,0.5808,0.0306,0.3886
DIAMONDS FIVE HEARTS EIGHT,0.5794,0.0278,0.3928
HEARTS NINE DIAMONDS FIVE,0.5992,0.0274,0.3734
DIAMONDS QUEEN DIAMONDS FIVE,0.3732,0.0144,0.6124
HEARTS TWO DIAMONDS FIVE,0.6142,0.0296,0.3562
HEARTS KING HEARTS EIGHT,0.391,0.0086,0.6004
DIAMONDS KING DIAMONDS FIVE,0.3776,0.009,0.6134
HEARTS THREE DIAMONDS FIVE,0.6644,0.0726,0.263
HEARTS QUEEN HEARTS EIGHT,0.3762,0.0116,0.6122
DIAMONDS ACE DIAMONDS FIVE,0.3768,0.003,0.6202
HEARTS FOUR DIAMONDS FIVE,0.5634,0.0306,0.406
HEARTS FIVE DIAMONDS FIVE,0.3416,0.0638,0.5946
HEARTS ACE HEARTS EIGHT,0.3768,0.0048,0.6184
CLUBS FOUR DIAMONDS FIVE,0.574,0.033,0.393
CLUBS FIVE DIAMONDS FIVE,0.3376,0.0604,0.602
CLUBS SIX DIAMONDS FIVE,0.5866,0.0316,0.3818
CLUBS SEVEN DIAMONDS FIVE,0.5776,0.0278,0.3946
CLUBS TWO DIAMONDS FIVE,0.6164,0.0316,0.352
CLUBS THREE DIAMONDS FIVE,0.6562,0.0788,0.265
SPADES TWO DIAMONDS FIVE,0.608,0.0316,0.3604
SPADES JACK DIAMONDS EIGHT,0.3732,0.017,0.6098
SPADES FIVE DIAMONDS FIVE,0.3294,0.0636,0.607
HEARTS JACK CLUBS TEN,0.267,0.0578,0.6752
SPADES FOUR DIAMONDS FIVE,0.5676,0.0314,0.401
HEARTS JACK CLUBS JACK,0.1788,0.0258,0.7954
HEARTS JACK CLUBS QUEEN,0.3444,0.0098,0.6458
CLUBS NINE DIAMONDS FIVE,0.597,0.026,0.377
HEARTS JACK CLUBS KING,0.3588,0.0062,0.635
CLUBS EIGHT DIAMONDS FIVE,0.5868,0.031,0.3822
HEARTS JACK CLUBS ACE,0.371,0.0034,0.6256
SPADES SEVEN DIAMONDS FIVE,0.569,0.03,0.401
SPADES KING DIAMONDS EIGHT,0.381,0.0082,0.6108
SPADES SIX DIAMONDS FIVE,0.574,0.0322,0.3938
SPADES QUEEN DIAMONDS EIGHT,0.3822,0.0118,0.606
SPADES NINE DIAMONDS FIVE,0.5878,0.0334,0.3788
SPADES EIGHT DIAMONDS FIVE,0.5814,0.0262,0.3924
SPADES ACE DIAMONDS EIGHT,0.3892,0.0068,0.604
DIAMONDS TEN DIAMONDS SIX,0.2666,0.3298,0.4036
HEARTS ACE DIAMONDS SEVEN,0.3974,0.0034,0.5992
DIAMONDS JACK DIAMONDS SIX,0.3716,0.017,0.6114
HEARTS QUEEN DIAMONDS SEVEN,0.4054,0.0082,0.5864
HEARTS KING DIAMONDS SEVEN,0.403,0.0088,0.5882
DIAMONDS ACE DIAMONDS SIX,0.3752,0.005,0.6198
HEARTS FOUR DIAMONDS SIX,0.5786,0.0312,0.3902
SPADES TWO HEARTS JACK,0.4188,0.0202,0.561
HEARTS FIVE DIAMONDS SIX,0.5558,0.03,0.4142
SPADES TWO HEARTS TEN,0.307,0.4852,0.2078
DIAMONDS QUEEN DIAMONDS SIX,0.3788,0.0102,0.611
HEARTS TWO DIAMONDS SIX,0.6262,0.029,0.3448
DIAMONDS KING DIAMONDS SIX,0.3806,0.0104,0.609
HEARTS THREE DIAMONDS SIX,0.6788,0.0756,0.2456
HEARTS EIGHT DIAMONDS SIX,0.573,0.0282,0.3988
HEARTS NINE DIAMONDS SIX,0.5826,0.0264,0.391
HEARTS SIX DIAMONDS SIX,0.3314,0.0552,0.6134
HEARTS SEVEN DIAMONDS SIX,0.5576,0.0298,0.4126
HEARTS TEN DIAMONDS SEVEN,0.2664,0.2808,0.4528
CLUBS TWO DIAMONDS SIX,0.6184,0.0296,0.352
HEARTS JACK DIAMONDS SEVEN,0.3918,0.018,0.5902
CLUBS THREE DIAMONDS SIX,0.6748,0.078,0.2472
DIAMONDS EIGHT CLUBS JACK,0.3622,0.0208,0.617
CLUBS SEVEN DIAMONDS SIX,0.58,0.0226,0.3974
CLUBS SIX DIAMONDS SIX,0.3378,0.0614,0.6008
DIAMONDS EIGHT CLUBS TEN,0.2702,0.214,0.5158
CLUBS FIVE DIAMONDS SIX,0.5778,0.0246,0.3976
CLUBS FOUR DIAMONDS SIX,0.5798,0.0272,0.393
HEARTS ACE HEARTS JACK,0.3546,0.0036,0.6418
DIAMONDS EIGHT CLUBS ACE,0.3866,0.0052,0.6082
HEARTS JACK HEARTS QUEEN,0.328,0.0092,0.6628
DIAMONDS EIGHT CLUBS KING,0.3914,0.007,0.6016
CLUBS NINE DIAMONDS SIX,0.5828,0.0292,0.388
HEARTS KING HEARTS JACK,0.3406,0.0056,0.6538
DIAMONDS EIGHT CLUBS QUEEN,0.392,0.0106,0.5974
CLUBS EIGHT DIAMONDS SIX,0.5778,0.0274,0.3948
SPADES FIVE DIAMONDS SIX,0.5694,0.0274,0.4032
HEARTS ACE SPADES TWO,0.4134,0.0046,0.582
SPADES JACK HEARTS KING,0.3374,0.0064,0.6562
SPADES FOUR DIAMONDS SIX,0.5694,0.0322,0.3984
SPADES TWO HEARTS QUEEN,0.409,0.0146,0.5764
SPADES ACE SPADES KING,0.3028,0.0054,0.6918
HEARTS KING SPADES TWO,0.4302,0.0088,0.561
SPADES TWO DIAMONDS SIX,0.6364,0.027,0.3366
HEARTS TEN HEARTS EIGHT,0.2496,0.1992,0.5512
SPADES NINE DIAMONDS SIX,0.5758,0.0276,0.3966
HEARTS JACK HEARTS EIGHT,0.3554,0.0118,0.6328
SPADES EIGHT DIAMONDS SIX,0.5762,0.032,0.3918
SPADES SEVEN DIAMONDS SIX,0.5538,0.029,0.4172
SPADES SIX DIAMONDS SIX,0.321,0.0588,0.6202
SPADES KING HEARTS KING,0.1636,0.0102,0.8262
SPADES QUEEN HEARTS KING,0.3426,0.0078,0.6496
CLUBS ACE CLUBS KING,0.3524,0.0058,0.6418
SPADES ACE HEARTS KING,0.3512,0.0066,0.6422
SPADES ACE HEARTS JACK,0.3492,0.0056,0.6452
SPADES QUEEN HEARTS JACK,0.3328,0.012,0.6552
SPADES KING HEARTS JACK,0.3476,0.0068,0.6456
SPADES JACK DIAMONDS TEN,0.253,0.0558,0.6912
SPADES ACE DIAMONDS TEN,0.247,0.0246,0.7284
SPADES JACK HEARTS JACK,0.1738,0.024,0.8022
SPADES QUEEN DIAMONDS TEN,0.2476,0.0394,0.713
SPADES KING DIAMONDS TEN,0.25,0.0368,0.7132
SPADES NINE DIAMONDS SEVEN,0.5602,0.026,0.4138
SPADES EIGHT DIAMONDS SEVEN,0.5492,0.0284,0.4224
SPADES SEVEN DIAMONDS SEVEN,0.3034,0.0518,0.6448
SPADES SIX DIAMONDS SEVEN,0.5678,0.0268,0.4054
DIAMONDS KING DIAMONDS SEVEN,0.3822,0.0058,0.612
HEARTS THREE DIAMONDS SEVEN,0.6934,0.0702,0.2364
HEARTS KING DIAMONDS FIVE,0.4124,0.0078,0.5798
DIAMONDS QUEEN DIAMONDS SEVEN,0.3754,0.0128,0.6118
HEARTS TWO DIAMONDS SEVEN,0.6368,0.0314,0.3318
HEARTS QUEEN DIAMONDS FIVE,0.4018,0.0136,0.5846
HEARTS FIVE DIAMONDS SEVEN,0.5872,0.0236,0.3892
DIAMONDS ACE DIAMONDS SEVEN,0.3868,0.0042,0.609
HEARTS FOUR DIAMONDS SEVEN,0.594,0.0256,0.3804
HEARTS ACE DIAMONDS FIVE,0.399,0.0032,0.5978
HEARTS SEVEN DIAMONDS SEVEN,0.3288,0.0506,0.6206
HEARTS SIX DIAMONDS SEVEN,0.557,0.0244,0.4186
HEARTS NINE DIAMONDS SEVEN,0.5692,0.0246,0.4062
DIAMONDS SEVEN HEARTS EIGHT,0.554,0.0218,0.4242
DIAMONDS JACK DIAMONDS SEVEN,0.3638,0.0142,0.622
HEARTS JACK DIAMONDS FIVE,0.4,0.0144,0.5856
DIAMONDS TEN DIAMONDS SEVEN,0.255,0.256,0.489
DIAMONDS FIVE HEARTS TEN,0.274,0.4298,0.2962
SPADES KING CLUBS TWO,0.4228,0.009,0.5682
HEARTS KING CLUBS KING,0.1772,0.0088,0.814
CLUBS EIGHT DIAMONDS SEVEN,0.5564,0.0258,0.4178
SPADES QUEEN CLUBS TWO,0.4136,0.0144,0.572
HEARTS KING CLUBS QUEEN,0.347,0.0068,0.6462
CLUBS NINE DIAMONDS SEVEN,0.5786,0.0244,0.397
SPADES TWO CLUBS JACK,0.4346,0.0196,0.5458
SPADES ACE CLUBS TWO,0.4008,0.0074,0.5918
SPADES TWO CLUBS TEN,0.2914,0.4994,0.2092
HEARTS KING CLUBS ACE,0.3624,0.0034,0.6342
CLUBS SIX CLUBS SEVEN,0.5296,0.0218,0.4486
SPADES TWO CLUBS KING,0.4216,0.012,0.5664
SPADES TWO DIAMONDS SEVEN,0.6244,0.0298,0.3458
CLUBS EIGHT CLUBS SIX,0.5394,0.0224,0.4382
SPADES TWO CLUBS QUEEN,0.4252,0.0122,0.5626
CLUBS NINE CLUBS SIX,0.5468,0.0216,0.4316
SPADES FOUR DIAMONDS SEVEN,0.589,0.0266,0.3844
HEARTS KING CLUBS JACK,0.355,0.0056,0.6394
SPADES FIVE DIAMONDS SEVEN,0.5726,0.0256,0.4018
SPADES TWO CLUBS ACE,0.417,0.0056,0.5774
HEARTS KING CLUBS TEN,0.2708,0.0356,0.6936
CLUBS SIX SPADES TWO,0.6294,0.0284,0.3422
CLUBS TWO DIAMONDS SEVEN,0.6366,0.029,0.3344
CLUBS SIX SPADES FOUR,0.5802,0.0274,0.3924
CLUBS THREE DIAMONDS SEVEN,0.6956,0.0706,0.2338
CLUBS SIX SPADES FIVE,0.565,0.0324,0.4026
CLUBS FOUR DIAMONDS SEVEN,0.5964,0.0258,0.3778
CLUBS SIX SPADES SIX,0.3224,0.056,0.6216
CLUBS FIVE DIAMONDS SEVEN,0.5824,0.0264,0.3912
CLUBS SIX SPADES SEVEN,0.5488,0.028,0.4232
CLUBS SIX DIAMONDS SEVEN,0.564,0.0276,0.4084
CLUBS SIX SPADES EIGHT,0.5592,0.0266,0.4142
SPADES JACK CLUBS TWO,0.4188,0.0222,0.559
CLUBS SIX SPADES NINE,0.5914,0.023,0.3856
CLUBS SEVEN DIAMONDS SEVEN,0.317,0.0468,0.6362
CLUBS TWO CLUBS QUEEN,0.408,0.014,0.578
CLUBS TWO CLUBS KING,0.3954,0.0086,0.596
CLUBS THREE DIAMONDS EIGHT,0.7086,0.0748,0.2166
CLUBS TWO CLUBS ACE,0.3924,0.0052,0.6024
CLUBS TWO DIAMONDS EIGHT,0.6416,0.0282,0.3302
DIAMONDS EIGHT HEARTS SEVEN,0.5628,0.0254,0.4118
HEARTS SIX DIAMONDS EIGHT,0.577,0.0244,0.3986
DIAMONDS EIGHT HEARTS NINE,0.5464,0.0222,0.4314
CLUBS TWO CLUBS TEN,0.2802,0.4704,0.2494
DIAMONDS EIGHT HEARTS EIGHT,0.3224,0.0452,0.6324
CLUBS TWO CLUBS JACK,0.3996,0.0206,0.5798
CLUBS NINE DIAMONDS EIGHT,0.5604,0.027,0.4126
CLUBS EIGHT DIAMONDS EIGHT,0.3162,0.043,0.6408
CLUBS FIVE DIAMONDS EIGHT,0.584,0.0244,0.3916
CLUBS FOUR DIAMONDS EIGHT,0.6034,0.0294,0.3672
CLUBS SEVEN DIAMONDS EIGHT,0.5616,0.0284,0.41
CLUBS SIX DIAMONDS EIGHT,0.5642,0.0274,0.4084
DIAMONDS QUEEN DIAMONDS EIGHT,0.3712,0.0098,0.619
HEARTS TWO DIAMONDS EIGHT,0.6306,0.0306,0.3388
DIAMONDS KING DIAMONDS EIGHT,0.3794,0.008,0.6126
HEARTS THREE DIAMONDS EIGHT,0.7002,0.0766,0.2232
DIAMONDS ACE DIAMONDS EIGHT,0.3754,0.0052,0.6194
HEARTS FOUR DIAMONDS EIGHT,0.6012,0.03,0.3688
HEARTS FIVE DIAMONDS EIGHT,0.594,0.025,0.381
DIAMONDS EIGHT DIAMONDS TEN,0.2534,0.1972,0.5494
DIAMONDS EIGHT DIAMONDS JACK,0.3566,0.0158,0.6276
CLUBS FOUR HEARTS ACE,0.3958,0.006,0.5982
CLUBS FOUR HEARTS QUEEN,0.4048,0.0144,0.5808
CLUBS FOUR HEARTS KING,0.4018,0.0078,0.5904
CLUBS SIX HEARTS TEN,0.2588,0.35,0.3912
CLUBS SIX HEARTS JACK,0.4028,0.0182,0.579
SPADES FOUR DIAMONDS EIGHT,0.5986,0.0302,0.3712
SPADES FIVE DIAMONDS EIGHT,0.5584,0.0272,0.4144
DIAMONDS EIGHT SPADES TWO,0.6158,0.0324,0.3518
CLUBS FOUR HEARTS JACK,0.4052,0.016,0.5788
SPADES EIGHT DIAMONDS EIGHT,0.3064,0.0464,0.6472
SPADES JACK HEARTS EIGHT,0.3722,0.0184,0.6094
CLUBS FOUR HEARTS TEN,0.27,0.4814,0.2486
SPADES NINE DIAMONDS EIGHT,0.543,0.0262,0.4308
SPADES JACK HEARTS TWO,0.4084,0.02,0.5716
SPADES JACK DIAMONDS QUEEN,0.3278,0.0114,0.6608
SPADES SIX DIAMONDS EIGHT,0.5566,0.0288,0.4146
SPADES SEVEN DIAMONDS EIGHT,0.556,0.0236,0.4204
SPADES ACE HEARTS TWO,0.403,0.0054,0.5916
SPADES ACE DIAMONDS QUEEN,0.3542,0.0052,0.6406
SPADES ACE HEARTS EIGHT,0.379,0.0062,0.6148
SPADES KING HEARTS EIGHT,0.3814,0.0066,0.612
SPADES QUEEN HEARTS TWO,0.4186,0.0126,0.5688
SPADES QUEEN DIAMONDS QUEEN,0.1682,0.0188,0.813
SPADES KING DIAMONDS QUEEN,0.3358,0.0076,0.6566
SPADES KING HEARTS TWO,0.4202,0.0102,0.5696
SPADES QUEEN HEARTS EIGHT,0.3826,0.0108,0.6066
CLUBS TWO HEARTS TEN,0.3154,0.482,0.2026
CLUBS TWO HEARTS JACK,0.4298,0.017,0.5532
SPADES SEVEN DIAMONDS NINE,0.5652,0.023,0.4118
SPADES SIX DIAMONDS NINE,0.5658,0.0308,0.4034
SPADES NINE DIAMONDS NINE,0.287,0.0372,0.6758
SPADES EIGHT DIAMONDS NINE,0.5454,0.0214,0.4332
SPADES JACK CLUBS KING,0.3418,0.0078,0.6504
DIAMONDS NINE SPADES TWO,0.636,0.031,0.333
SPADES FIVE DIAMONDS NINE,0.5946,0.0296,0.3758
DIAMONDS NINE SPADES FOUR,0.6032,0.028,0.3688
CLUBS NINE DIAMONDS NINE,0.315,0.0336,0.6514
CLUBS EIGHT DIAMONDS NINE,0.5602,0.0242,0.4156
CLUBS SIX DIAMONDS NINE,0.593,0.023,0.384
SPADES JACK CLUBS FOUR,0.3882,0.0188,0.593
CLUBS SEVEN DIAMONDS NINE,0.569,0.0276,0.4034
CLUBS FOUR DIAMONDS NINE,0.6196,0.0242,0.3562
CLUBS FIVE DIAMONDS NINE,0.606,0.0256,0.3684
CLUBS TWO DIAMONDS NINE,0.6428,0.0288,0.3284
CLUBS THREE DIAMONDS NINE,0.695,0.0756,0.2294
DIAMONDS NINE HEARTS EIGHT,0.5544,0.027,0.4186
DIAMONDS NINE HEARTS NINE,0.3198,0.0338,0.6464
HEARTS SIX DIAMONDS NINE,0.5818,0.026,0.3922
DIAMONDS NINE HEARTS SEVEN,0.584,0.0224,0.3936
CLUBS EIGHT CLUBS NINE,0.5272,0.0228,0.45
DIAMONDS ACE DIAMONDS NINE,0.379,0.0042,0.6168
HEARTS FOUR DIAMONDS NINE,0.6178,0.0282,0.354
HEARTS FIVE DIAMONDS NINE,0.5956,0.0274,0.377
CLUBS TWO HEARTS ACE,0.415,0.0068,0.5782
SPADES ACE CLUBS FOUR,0.3866,0.0078,0.6056
DIAMONDS QUEEN DIAMONDS NINE,0.358,0.0084,0.6336
HEARTS TWO DIAMONDS NINE,0.64,0.026,0.334
CLUBS TWO HEARTS KING,0.4392,0.0092,0.5516
SPADES KING CLUBS FOUR,0.384,0.0106,0.6054
DIAMONDS KING DIAMONDS NINE,0.3722,0.0066,0.6212
HEARTS THREE DIAMONDS NINE,0.711,0.0732,0.2158
CLUBS TWO HEARTS QUEEN,0.4376,0.0146,0.5478
SPADES QUEEN CLUBS FOUR,0.3962,0.0114,0.5924
DIAMONDS NINE DIAMONDS JACK,0.3524,0.017,0.6306
CLUBS EIGHT SPADES NINE,0.5574,0.0256,0.417
DIAMONDS NINE DIAMONDS TEN,0.2578,0.1508,0.5914
CLUBS EIGHT SPADES EIGHT,0.3064,0.0458,0.6478
CLUBS EIGHT SPADES SEVEN,0.5584,0.0264,0.4152
CLUBS EIGHT SPADES SIX,0.5482,0.0294,0.4224
CLUBS EIGHT SPADES FIVE,0.5906,0.0246,0.3848
CLUBS EIGHT SPADES FOUR,0.5848,0.0318,0.3834
CLUBS EIGHT SPADES TWO,0.642,0.0296,0.3284
HEARTS SIX DIAMONDS TEN,0.268,0.3578,0.3742
DIAMONDS TEN HEARTS SEVEN,0.2688,0.2824,0.4488
DIAMONDS TEN HEARTS EIGHT,0.2734,0.2044,0.5222
CLUBS FOUR CLUBS JACK,0.3772,0.017,0.6058
DIAMONDS TEN HEARTS NINE,0.2702,0.1584,0.5714
CLUBS FOUR CLUBS TEN,0.25,0.4574,0.2926
CLUBS FOUR CLUBS KING,0.385,0.009,0.606
CLUBS FOUR CLUBS QUEEN,0.3854,0.0098,0.6048
CLUBS TWO DIAMONDS TEN,0.306,0.4852,0.2088
CLUBS THREE DIAMONDS TEN,0.0686,0.9106,0.0208
CLUBS FOUR CLUBS ACE,0.3794,0.0048,0.6158
DIAMONDS JACK DIAMONDS TEN,0.2652,0.0528,0.682
DIAMONDS QUEEN DIAMONDS TEN,0.258,0.043,0.699
HEARTS TWO DIAMONDS TEN,0.3008,0.5002,0.199
DIAMONDS KING DIAMONDS TEN,0.2546,0.034,0.7114
HEARTS THREE DIAMONDS TEN,0.0768,0.903,0.0202
DIAMONDS ACE DIAMONDS TEN,0.254,0.024,0.722
HEARTS FOUR DIAMONDS TEN,0.2588,0.4928,0.2484
CLUBS EIGHT HEARTS JACK,0.3732,0.0176,0.6092
HEARTS FIVE DIAMONDS TEN,0.2664,0.4388,0.2948
CLUBS EIGHT HEARTS TEN,0.266,0.2128,0.5212
CLUBS EIGHT HEARTS QUEEN,0.392,0.0126,0.5954
CLUBS EIGHT HEARTS KING,0.401,0.0066,0.5924
CLUBS EIGHT HEARTS ACE,0.3872,0.0044,0.6084
CLUBS NINE SPADES TWO,0.6414,0.0272,0.3314
CLUBS NINE SPADES FIVE,0.5904,0.0232,0.3864
CLUBS NINE SPADES FOUR,0.608,0.0272,0.3648
CLUBS NINE SPADES SEVEN,0.5566,0.025,0.4184
CLUBS NINE SPADES SIX,0.583,0.0274,0.3896
CLUBS NINE SPADES NINE,0.3142,0.0404,0.6454
CLUBS TEN HEARTS EIGHT,0.2772,0.2206,0.5022
CLUBS NINE SPADES EIGHT,0.5652,0.023,0.4118
CLUBS JACK HEARTS EIGHT,0.3974,0.0152,0.5874
CLUBS QUEEN HEARTS EIGHT,0.3902,0.0108,0.599
CLUBS KING HEARTS EIGHT,0.396,0.0062,0.5978
CLUBS ACE HEARTS EIGHT,0.3904,0.0028,0.6068
SPADES KING CLUBS KING,0.1654,0.008,0.8266
SPADES QUEEN CLUBS KING,0.3342,0.0084,0.6574
SPADES ACE CLUBS KING,0.3368,0.0054,0.6578
DIAMONDS ACE HEARTS TEN,0.2744,0.0262,0.6994
HEARTS FOUR HEARTS TEN,0.249,0.4536,0.2974
DIAMONDS ACE HEARTS JACK,0.3442,0.0046,0.6512
HEARTS FOUR HEARTS JACK,0.3768,0.0186,0.6046
SPADES KING CLUBS FIVE,0.404,0.008,0.588
SPADES QUEEN CLUBS FIVE,0.3878,0.0096,0.6026
SPADES ACE CLUBS FIVE,0.3812,0.0066,0.6122
DIAMONDS JACK HEARTS SEVEN,0.3908,0.0202,0.589
HEARTS SIX DIAMONDS JACK,0.407,0.0172,0.5758
DIAMONDS JACK HEARTS NINE,0.367,0.0166,0.6164
DIAMONDS JACK HEARTS EIGHT,0.3772,0.0176,0.6052
DIAMONDS KING DIAMONDS JACK,0.35,0.0068,0.6432
HEARTS THREE DIAMONDS JACK,0.2782,0.0544,0.6674
SPADES ACE SPADES SIX,0.3546,0.0058,0.6396
SPADES FOUR HEARTS ACE,0.3756,0.0066,0.6178
DIAMONDS QUEEN DIAMONDS JACK,0.3276,0.0092,0.6632
HEARTS TWO DIAMONDS JACK,0.4282,0.0194,0.5524
HEARTS FIVE DIAMONDS JACK,0.401,0.0162,0.5828
SPADES QUEEN SPADES SIX,0.3372,0.0144,0.6484
SPADES FOUR HEARTS QUEEN,0.3926,0.0128,0.5946
DIAMONDS ACE DIAMONDS JACK,0.3352,0.0034,0.6614
HEARTS FOUR DIAMONDS JACK,0.3974,0.0216,0.581
SPADES KING SPADES SIX,0.346,0.009,0.645
HEARTS KING SPADES FOUR,0.385,0.0098,0.6052
SPADES JACK SPADES SIX,0.3468,0.0182,0.635
SPADES FOUR DIAMONDS JACK,0.389,0.0204,0.5906
SPADES FIVE DIAMONDS JACK,0.392,0.018,0.59
SPADES TWO DIAMONDS JACK,0.4234,0.0178,0.5588
SPADES ACE DIAMONDS THREE,0.271,0.0198,0.7092
SPADES QUEEN DIAMONDS THREE,0.2804,0.0462,0.6734
CLUBS EIGHT DIAMONDS JACK,0.3802,0.0152,0.6046
SPADES KING DIAMONDS THREE,0.2728,0.0298,0.6974
CLUBS NINE DIAMONDS JACK,0.385,0.015,0.6
CLUBS SIX DIAMONDS JACK,0.4056,0.0144,0.58
CLUBS SEVEN DIAMONDS JACK,0.3952,0.0154,0.5894
CLUBS FOUR DIAMONDS JACK,0.402,0.018,0.58
CLUBS FIVE DIAMONDS JACK,0.401,0.0172,0.5818
CLUBS TWO DIAMONDS JACK,0.4294,0.018,0.5526
CLUBS THREE DIAMONDS JACK,0.2812,0.0598,0.659
HEARTS SIX SPADES JACK,0.3882,0.0152,0.5966
SPADES JACK CLUBS FIVE,0.391,0.0188,0.5902
SPADES JACK DIAMONDS THREE,0.2556,0.0588,0.6856
CLUBS SEVEN CLUBS ACE,0.3792,0.007,0.6138
CLUBS SEVEN CLUBS QUEEN,0.3756,0.011,0.6134
CLUBS SEVEN CLUBS KING,0.3864,0.0068,0.6068
SPADES NINE DIAMONDS JACK,0.3674,0.0146,0.618
CLUBS SEVEN CLUBS TEN,0.2538,0.2566,0.4896
DIAMONDS ACE HEARTS ACE,0.168,0.0022,0.8298
HEARTS FOUR HEARTS ACE,0.3738,0.0048,0.6214
SPADES EIGHT DIAMONDS JACK,0.376,0.0176,0.6064
SPADES ACE HEARTS SIX,0.4066,0.0046,0.5888
CLUBS SEVEN CLUBS JACK,0.3666,0.0174,0.616
DIAMONDS ACE HEARTS KING,0.365,0.004,0.631
HEARTS FOUR HEARTS KING,0.3782,0.0104,0.6114
SPADES SEVEN DIAMONDS JACK,0.38,0.0176,0.6024
SPADES KING HEARTS SIX,0.3802,0.0104,0.6094
DIAMONDS ACE HEARTS QUEEN,0.3696,0.004,0.6264
HEARTS FOUR HEARTS QUEEN,0.378,0.0148,0.6072
SPADES SIX DIAMONDS JACK,0.395,0.0184,0.5866
SPADES QUEEN HEARTS SIX,0.3866,0.0146,0.5988
SPADES TWO DIAMONDS TEN,0.2896,0.5046,0.2058
SPADES FOUR DIAMONDS TEN,0.259,0.5008,0.2402
SPADES FIVE DIAMONDS TEN,0.2492,0.4518,0.299
SPADES SIX DIAMONDS TEN,0.2476,0.3588,0.3936
SPADES SEVEN DIAMONDS TEN,0.2556,0.2682,0.4762
SPADES EIGHT DIAMONDS TEN,0.2626,0.2146,0.5228
SPADES NINE DIAMONDS TEN,0.257,0.1682,0.5748
CLUBS FOUR DIAMONDS TEN,0.2612,0.4864,0.2524
CLUBS FIVE DIAMONDS TEN,0.2742,0.4306,0.2952
CLUBS SIX DIAMONDS TEN,0.2806,0.3478,0.3716
CLUBS SEVEN DIAMONDS TEN,0.267,0.2776,0.4554
CLUBS EIGHT DIAMONDS TEN,0.2642,0.2056,0.5302
CLUBS NINE DIAMONDS TEN,0.2748,0.155,0.5702
DIAMONDS THREE CLUBS JACK,0.286,0.0526,0.6614
DIAMONDS THREE CLUBS TEN,0.075,0.9026,0.0224
DIAMONDS THREE CLUBS KING,0.2884,0.0272,0.6844
DIAMONDS THREE CLUBS QUEEN,0.2782,0.0422,0.6796
DIAMONDS THREE CLUBS ACE,0.2804,0.0178,0.7018
SPADES FOUR HEARTS JACK,0.4036,0.0166,0.5798
SPADES FOUR HEARTS TEN,0.2412,0.5052,0.2536
SPADES FIVE SPADES TWO,0.607,0.0312,0.3618
SPADES FOUR SPADES TWO,0.6164,0.0316,0.352
SPADES NINE SPADES TWO,0.6192,0.033,0.3478
SPADES EIGHT SPADES TWO,0.6298,0.028,0.3422
SPADES SEVEN SPADES TWO,0.6366,0.0286,0.3348
SPADES SIX SPADES TWO,0.6178,0.032,0.3502
DIAMONDS QUEEN CLUBS THREE,0.2936,0.0394,0.667
HEARTS TWO CLUBS THREE,0.6754,0.08,0.2446
DIAMONDS QUEEN CLUBS TWO,0.4264,0.0144,0.5592
CLUBS TWO HEARTS TWO,0.428,0.0718,0.5002
DIAMONDS QUEEN HEARTS SEVEN,0.4066,0.0102,0.5832
HEARTS TWO HEARTS SEVEN,0.5888,0.0282,0.383
HEARTS SIX DIAMONDS QUEEN,0.3958,0.0112,0.593
HEARTS SIX HEARTS TWO,0.5956,0.0264,0.378
DIAMONDS QUEEN HEARTS NINE,0.3752,0.0118,0.613
HEARTS TWO HEARTS NINE,0.6052,0.0262,0.3686
DIAMONDS QUEEN HEARTS EIGHT,0.3874,0.0108,0.6018
HEARTS TWO HEARTS EIGHT,0.603,0.0214,0.3756
CLUBS NINE HEARTS TWO,0.6384,0.0294,0.3322
CLUBS NINE DIAMONDS QUEEN,0.3826,0.0116,0.6058
CLUBS EIGHT HEARTS TWO,0.6322,0.0278,0.34
CLUBS EIGHT DIAMONDS QUEEN,0.3948,0.0106,0.5946
CLUBS FIVE DIAMONDS QUEEN,0.417,0.0114,0.5716
CLUBS FIVE HEARTS TWO,0.6188,0.0292,0.352
SPADES EIGHT HEARTS ACE,0.3818,0.0046,0.6136
CLUBS FOUR DIAMONDS QUEEN,0.3944,0.0092,0.5964
CLUBS FOUR HEARTS TWO,0.6156,0.031,0.3534
SPADES EIGHT HEARTS QUEEN,0.3706,0.0108,0.6186
CLUBS SEVEN HEARTS TWO,0.636,0.0314,0.3326
CLUBS SEVEN DIAMONDS QUEEN,0.4136,0.0128,0.5736
CLUBS SIX DIAMONDS QUEEN,0.4072,0.0116,0.5812
CLUBS SIX HEARTS TWO,0.627,0.0302,0.3428
SPADES EIGHT HEARTS KING,0.4052,0.0066,0.5882
DIAMONDS QUEEN SPADES SIX,0.3988,0.0112,0.59
HEARTS TWO SPADES SIX,0.6286,0.0308,0.3406
HEARTS FOUR CLUBS QUEEN,0.3972,0.0126,0.5902
DIAMONDS ACE CLUBS QUEEN,0.3732,0.004,0.6228
DIAMONDS QUEEN SPADES SEVEN,0.4012,0.0128,0.586
SPADES SEVEN HEARTS TWO,0.6422,0.0294,0.3284
HEARTS FOUR CLUBS KING,0.3952,0.0086,0.5962
DIAMONDS ACE CLUBS KING,0.3634,0.003,0.6336
SPADES EIGHT DIAMONDS QUEEN,0.3682,0.0152,0.6166
SPADES EIGHT HEARTS TWO,0.6362,0.031,0.3328
HEARTS FOUR CLUBS ACE,0.39,0.0038,0.6062
DIAMONDS ACE CLUBS ACE,0.1702,0.0056,0.8242
SPADES NINE DIAMONDS QUEEN,0.3848,0.0116,0.6036
SPADES NINE HEARTS TWO,0.6394,0.0304,0.3302
HEARTS TWO SPADES TWO,0.423,0.0694,0.5076
DIAMONDS QUEEN SPADES TWO,0.4272,0.015,0.5578
HEARTS TWO SPADES FOUR,0.6104,0.0272,0.3624
DIAMONDS QUEEN SPADES FOUR,0.3994,0.0144,0.5862
HEARTS FOUR CLUBS TEN,0.256,0.4884,0.2556
DIAMONDS ACE CLUBS TEN,0.272,0.0206,0.7074
HEARTS TWO SPADES FIVE,0.6124,0.0296,0.358
DIAMONDS QUEEN SPADES FIVE,0.3762,0.013,0.6108
HEARTS FOUR CLUBS JACK,0.398,0.019,0.583
DIAMONDS ACE CLUBS JACK,0.362,0.0038,0.6342
CLUBS FIVE CLUBS KING,0.3728,0.0096,0.6176
CLUBS FIVE CLUBS QUEEN,0.3752,0.0112,0.6136
CLUBS FIVE CLUBS ACE,0.387,0.0064,0.6066
CLUBS FIVE CLUBS JACK,0.3754,0.0184,0.6062
CLUBS FIVE CLUBS TEN,0.2446,0.4154,0.34
SPADES KING CLUBS JACK,0.3348,0.0078,0.6574
SPADES QUEEN CLUBS JACK,0.3388,0.0112,0.65
SPADES ACE CLUBS JACK,0.3468,0.0062,0.647
SPADES SIX CLUBS KING,0.3836,0.0088,0.6076
SPADES SIX CLUBS QUEEN,0.395,0.0134,0.5916
SPADES EIGHT HEARTS JACK,0.369,0.0186,0.6124
SPADES SIX CLUBS ACE,0.395,0.0054,0.5996
SPADES EIGHT HEARTS TEN,0.2556,0.2192,0.5252
SPADES SIX CLUBS JACK,0.3962,0.0202,0.5836
SPADES SIX CLUBS TEN,0.2442,0.3756,0.3802
SPADES JACK CLUBS JACK,0.1752,0.025,0.7998
SPADES QUEEN CLUBS SEVEN,0.3978,0.0108,0.5914
SPADES KING CLUBS SEVEN,0.381,0.0062,0.6128
SPADES ACE CLUBS SEVEN,0.3934,0.0032,0.6034
SPADES SIX HEARTS TEN,0.2572,0.3614,0.3814
SPADES SIX HEARTS JACK,0.3898,0.0176,0.5926
SPADES SIX HEARTS ACE,0.3968,0.005,0.5982
SPADES SIX HEARTS KING,0.3966,0.007,0.5964
SPADES SIX HEARTS QUEEN,0.3874,0.0118,0.6008
SPADES JACK CLUBS SEVEN,0.387,0.022,0.591
HEARTS SIX CLUBS TEN,0.2566,0.3578,0.3856
HEARTS SIX CLUBS JACK,0.3846,0.0168,0.5986
CLUBS ACE CLUBS JACK,0.354,0.0048,0.6412
HEARTS SIX CLUBS QUEEN,0.3982,0.0104,0.5914
HEARTS SIX CLUBS KING,0.3968,0.006,0.5972
HEARTS SIX CLUBS ACE,0.4078,0.0034,0.5888
CLUBS QUEEN CLUBS JACK,0.3224,0.0098,0.6678
CLUBS KING CLUBS JACK,0.3274,0.0056,0.667
DIAMONDS THREE HEARTS ACE,0.276,0.021,0.703
DIAMONDS THREE HEARTS QUEEN,0.2842,0.0414,0.6744
DIAMONDS THREE HEARTS KING,0.2848,0.0308,0.6844
CLUBS FIVE HEARTS JACK,0.396,0.0196,0.5844
CLUBS FIVE HEARTS TEN,0.2714,0.4336,0.295
HEARTS FOUR SPADES JACK,0.3884,0.0178,0.5938
SPADES JACK DIAMONDS ACE,0.361,0.004,0.635
SPADES ACE HEARTS FOUR,0.3804,0.007,0.6126
SPADES ACE DIAMONDS ACE,0.1434,0.0048,0.8518
CLUBS FIVE HEARTS ACE,0.384,0.0052,0.6108
CLUBS FIVE HEARTS KING,0.3974,0.0058,0.5968
HEARTS FOUR SPADES QUEEN,0.3788,0.0108,0.6104
SPADES QUEEN DIAMONDS ACE,0.3516,0.0044,0.644
SPADES FOUR CLUBS JACK,0.4098,0.0182,0.572
CLUBS FIVE HEARTS QUEEN,0.3944,0.0112,0.5944
SPADES KING DIAMONDS ACE,0.3532,0.0072,0.6396
HEARTS FOUR SPADES KING,0.403,0.0106,0.5864
SPADES FOUR CLUBS TEN,0.251,0.496,0.253
DIAMONDS QUEEN DIAMONDS ACE,0.349,0.0042,0.6468
HEARTS TWO DIAMONDS ACE,0.4124,0.006,0.5816
HEARTS FOUR DIAMONDS QUEEN,0.4116,0.0106,0.5778
HEARTS FOUR HEARTS TWO,0.5748,0.0272,0.398
DIAMONDS THREE HEARTS TEN,0.071,0.9088,0.0202
SPADES FOUR CLUBS KING,0.3812,0.0112,0.6076
HEARTS FIVE DIAMONDS QUEEN,0.3972,0.012,0.5908
HEARTS FIVE HEARTS TWO,0.5858,0.0358,0.3784
DIAMONDS THREE HEARTS JACK,0.2796,0.0526,0.6678
SPADES FOUR CLUBS QUEEN,0.3998,0.0122,0.588
DIAMONDS QUEEN HEARTS TWO,0.4274,0.0112,0.5614
DIAMONDS KING DIAMONDS QUEEN,0.3378,0.0066,0.6556
DIAMONDS KING HEARTS TWO,0.4286,0.0068,0.5646
HEARTS THREE DIAMONDS QUEEN,0.2954,0.0472,0.6574
HEARTS THREE HEARTS TWO,0.6428,0.0684,0.2888
SPADES FOUR CLUBS ACE,0.386,0.0032,0.6108
HEARTS TWO CLUBS ACE,0.4264,0.0044,0.5692
DIAMONDS QUEEN CLUBS ACE,0.3532,0.006,0.6408
HEARTS TWO CLUBS QUEEN,0.4278,0.0118,0.5604
DIAMONDS QUEEN CLUBS QUEEN,0.1856,0.0144,0.8
HEARTS TWO CLUBS KING,0.4242,0.0084,0.5674
DIAMONDS QUEEN CLUBS KING,0.364,0.0072,0.6288
SPADES EIGHT SPADES FIVE,0.5616,0.0304,0.408
HEARTS TWO CLUBS TEN,0.2986,0.4912,0.2102
DIAMONDS QUEEN CLUBS TEN,0.28,0.041,0.679
SPADES NINE SPADES FIVE,0.5886,0.0228,0.3886
HEARTS TWO CLUBS JACK,0.4184,0.021,0.5606
DIAMONDS QUEEN CLUBS JACK,0.3582,0.009,0.6328
SPADES SIX SPADES FIVE,0.5556,0.028,0.4164
SPADES SEVEN SPADES FIVE,0.5844,0.0262,0.3894
DIAMONDS FIVE CLUBS QUEEN,0.413,0.0104,0.5766
SPADES EIGHT CLUBS ACE,0.3764,0.006,0.6176
CLUBS KING DIAMONDS FIVE,0.3966,0.0078,0.5956
SPADES EIGHT CLUBS KING,0.391,0.0074,0.6016
CLUBS ACE DIAMONDS FIVE,0.3998,0.0048,0.5954
SPADES EIGHT CLUBS QUEEN,0.3858,0.012,0.6022
SPADES EIGHT CLUBS JACK,0.3792,0.0164,0.6044
SPADES EIGHT CLUBS TEN,0.2548,0.2116,0.5336
DIAMONDS FIVE CLUBS TEN,0.2576,0.4488,0.2936
DIAMONDS FIVE CLUBS JACK,0.3966,0.0168,0.5866
HEARTS JACK DIAMONDS TEN,0.271,0.0538,0.6752
DIAMONDS TEN HEARTS TEN,0.1246,0.0478,0.8276
SPADES ACE CLUBS NINE,0.3802,0.0056,0.6142
CLUBS NINE SPADES QUEEN,0.3716,0.0126,0.6158
SPADES KING CLUBS NINE,0.372,0.0086,0.6194
HEARTS SIX HEARTS KING,0.3808,0.0094,0.6098
DIAMONDS KING SPADES SEVEN,0.3938,0.0072,0.599
HEARTS THREE SPADES SEVEN,0.685,0.0652,0.2498
SPADES KING DIAMONDS SEVEN,0.394,0.0068,0.5992
HEARTS SIX HEARTS QUEEN,0.3828,0.0114,0.6058
DIAMONDS KING SPADES SIX,0.3928,0.0086,0.5986
HEARTS THREE SPADES SIX,0.6876,0.0722,0.2402
SPADES QUEEN DIAMONDS SEVEN,0.4006,0.013,0.5864
SPADES NINE DIAMONDS KING,0.3674,0.0078,0.6248
HEARTS THREE SPADES NINE,0.6896,0.0776,0.2328
HEARTS SIX HEARTS ACE,0.3854,0.005,0.6096
DIAMONDS KING SPADES EIGHT,0.3986,0.007,0.5944
