opposingHand,winningChance,drawChance,lostChance
SPADES FOUR DIAMONDS SIX
HEARTS FIVE SPADES TEN,0.371,0.0238,0.6052
HEARTS FIVE SPADES JACK,0.3756,0.0202,0.6042
SPADES FIVE CLUBS JACK,0.3758,0.022,0.6022
CLUBS TEN SPADES FIVE,0.3796,0.0292,0.5912
CLUBS EIGHT CLUBS JACK,0.3412,0.0172,0.6416
CLUBS TEN CLUBS EIGHT,0.3376,0.0246,0.6378
CLUBS EIGHT CLUBS KING,0.338,0.0078,0.6542
SPADES FIVE CLUBS ACE,0.361,0.0072,0.6318
CLUBS EIGHT CLUBS QUEEN,0.3312,0.0114,0.6574
SPADES FIVE CLUBS KING,0.3722,0.0088,0.619
SPADES FIVE CLUBS QUEEN,0.3876,0.0146,0.5978
CLUBS EIGHT CLUBS ACE,0.327,0.0048,0.6682
DIAMONDS TWO DIAMONDS THREE,0.504,0.1566,0.3394
DIAMONDS TWO DIAMONDS FIVE,0.4848,0.1572,0.358
HEARTS FIVE SPADES KING,0.382,0.008,0.61
DIAMONDS TWO DIAMONDS FOUR,0.4692,0.2646,0.2662
HEARTS FIVE SPADES QUEEN,0.3812,0.0152,0.6036
DIAMONDS TWO DIAMONDS SEVEN,0.4,0.1024,0.4976
SPADES ACE HEARTS FIVE,0.3698,0.0036,0.6266
DIAMONDS TWO DIAMONDS NINE,0.403,0.045,0.552
DIAMONDS TWO DIAMONDS EIGHT,0.3916,0.0704,0.538
DIAMONDS THREE DIAMONDS FOUR,0.4636,0.268,0.2684
DIAMONDS THREE DIAMONDS FIVE,0.4718,0.16,0.3682
SPADES FIVE CLUBS TWO,0.5112,0.1586,0.3302
CLUBS TWO SPADES TWO,0.3894,0.1322,0.4784
CLUBS TWO SPADES THREE,0.523,0.1626,0.3144
DIAMONDS THREE DIAMONDS EIGHT,0.3838,0.0606,0.5556
SPADES EIGHT CLUBS TWO,0.399,0.071,0.53
DIAMONDS THREE DIAMONDS NINE,0.3888,0.051,0.5602
SPADES NINE CLUBS TWO,0.411,0.042,0.547
SPADES SIX CLUBS TWO,0.2912,0.5006,0.2082
DIAMONDS THREE DIAMONDS SEVEN,0.3844,0.0944,0.5212
SPADES SEVEN CLUBS TWO,0.4196,0.0948,0.4856
CLUBS SIX CLUBS TWO,0.2692,0.4714,0.2594
CLUBS SEVEN CLUBS TWO,0.3866,0.094,0.5194
CLUBS FOUR CLUBS TWO,0.4688,0.2528,0.2784
CLUBS FIVE CLUBS TWO,0.4594,0.151,0.3896
CLUBS TEN CLUBS JACK,0.3292,0.0144,0.6564
CLUBS TEN CLUBS QUEEN,0.3344,0.0096,0.656
DIAMONDS FOUR DIAMONDS SEVEN,0.2334,0.187,0.5796
CLUBS TEN CLUBS KING,0.33,0.0062,0.6638
CLUBS TEN CLUBS ACE,0.3234,0.0054,0.6712
CLUBS EIGHT CLUBS TWO,0.3958,0.0656,0.5386
DIAMONDS FIVE DIAMONDS FOUR,0.4548,0.271,0.2742
CLUBS NINE CLUBS TWO,0.401,0.0432,0.5558
DIAMONDS NINE DIAMONDS FOUR,0.263,0.1066,0.6304
DIAMONDS FOUR DIAMONDS EIGHT,0.2544,0.137,0.6086
CLUBS THREE CLUBS TWO,0.4928,0.1492,0.358
DIAMONDS NINE DIAMONDS FIVE,0.3656,0.046,0.5884
DIAMONDS TWO CLUBS JACK,0.4206,0.02,0.5594
DIAMONDS FIVE DIAMONDS EIGHT,0.3502,0.0626,0.5872
CLUBS TEN DIAMONDS TWO,0.4232,0.0318,0.545
DIAMONDS FIVE DIAMONDS SEVEN,0.3288,0.0988,0.5724
DIAMONDS TWO CLUBS ACE,0.4094,0.006,0.5846
DIAMONDS TWO CLUBS KING,0.43,0.0086,0.5614
DIAMONDS TWO CLUBS QUEEN,0.4284,0.0178,0.5538
HEARTS ACE SPADES THREE,0.4,0.007,0.593
SPADES THREE HEARTS KING,0.415,0.0106,0.5744
SPADES THREE HEARTS QUEEN,0.42,0.0166,0.5634
SPADES THREE HEARTS JACK,0.4092,0.0176,0.5732
SPADES THREE HEARTS TEN,0.4206,0.0306,0.5488
DIAMONDS EIGHT DIAMONDS SEVEN,0.3086,0.0676,0.6238
DIAMONDS NINE DIAMONDS SEVEN,0.3204,0.0416,0.638
DIAMONDS NINE DIAMONDS EIGHT,0.3274,0.0352,0.6374
DIAMONDS KING HEARTS TEN,0.3554,0.0094,0.6352
HEARTS THREE HEARTS TEN,0.3854,0.0296,0.585
SPADES JACK CLUBS SIX,0.274,0.06,0.666
DIAMONDS KING HEARTS JACK,0.3492,0.008,0.6428
HEARTS THREE HEARTS JACK,0.387,0.0192,0.5938
SPADES TEN CLUBS SIX,0.2644,0.086,0.6496
SPADES JACK SPADES FIVE,0.3664,0.019,0.6146
SPADES TEN SPADES FIVE,0.3664,0.033,0.6006
DIAMONDS KING HEARTS ACE,0.3434,0.0058,0.6508
HEARTS THREE HEARTS ACE,0.3704,0.006,0.6236
SPADES ACE CLUBS SIX,0.2592,0.0314,0.7094
DIAMONDS KING HEARTS QUEEN,0.3576,0.0078,0.6346
HEARTS THREE HEARTS QUEEN,0.3796,0.0138,0.6066
SPADES KING CLUBS SIX,0.264,0.037,0.699
DIAMONDS KING HEARTS KING,0.1726,0.0186,0.8088
HEARTS THREE HEARTS KING,0.4006,0.0064,0.593
SPADES QUEEN CLUBS SIX,0.2684,0.0458,0.6858
SPADES NINE HEARTS TEN,0.336,0.023,0.641
SPADES NINE HEARTS JACK,0.35,0.017,0.633
SPADES QUEEN SPADES FIVE,0.376,0.0114,0.6126
SPADES KING SPADES FIVE,0.3664,0.0072,0.6264
SPADES ACE SPADES FIVE,0.3438,0.006,0.6502
SPADES NINE HEARTS QUEEN,0.36,0.0092,0.6308
SPADES NINE HEARTS KING,0.3578,0.0084,0.6338
SPADES NINE HEARTS ACE,0.3634,0.0052,0.6314
CLUBS TEN SPADES JACK,0.3472,0.0156,0.6372
CLUBS TEN SPADES TEN,0.1702,0.0606,0.7692
SPADES ACE CLUBS TEN,0.346,0.0044,0.6496
SPADES KING CLUBS TEN,0.3506,0.0056,0.6438
CLUBS TEN SPADES QUEEN,0.3536,0.0118,0.6346
SPADES FIVE HEARTS QUEEN,0.372,0.0136,0.6144
SPADES FIVE HEARTS KING,0.3798,0.0088,0.6114
HEARTS ACE SPADES FIVE,0.376,0.0046,0.6194
CLUBS EIGHT SPADES TEN,0.3402,0.0276,0.6322
SPADES JACK HEARTS THREE,0.4044,0.0226,0.573
SPADES JACK DIAMONDS KING,0.338,0.0088,0.6532
SPADES TEN DIAMONDS KING,0.3464,0.0074,0.6462
SPADES TEN HEARTS THREE,0.4154,0.0328,0.5518
SPADES JACK CLUBS EIGHT,0.3556,0.0206,0.6238
CLUBS SIX HEARTS ACE,0.2622,0.0292,0.7086
SPADES ACE CLUBS EIGHT,0.34,0.0032,0.6568
HEARTS FIVE CLUBS JACK,0.379,0.0188,0.6022
HEARTS FIVE CLUBS TEN,0.3792,0.0296,0.5912
CLUBS SIX HEARTS QUEEN,0.2702,0.0492,0.6806
SPADES QUEEN CLUBS EIGHT,0.3552,0.013,0.6318
CLUBS TEN SPADES THREE,0.4174,0.034,0.5486
CLUBS SIX HEARTS KING,0.2682,0.0386,0.6932
SPADES KING CLUBS EIGHT,0.365,0.0076,0.6274
SPADES THREE CLUBS JACK,0.4212,0.0214,0.5574
DIAMONDS TWO HEARTS JACK,0.4212,0.0236,0.5552
SPADES THREE CLUBS QUEEN,0.418,0.0128,0.5692
DIAMONDS TWO HEARTS TEN,0.4242,0.031,0.5448
SPADES THREE CLUBS KING,0.4146,0.0058,0.5796
HEARTS FIVE CLUBS ACE,0.3702,0.0036,0.6262
SPADES FIVE HEARTS TEN,0.3726,0.0272,0.6002
SPADES THREE CLUBS ACE,0.3982,0.0062,0.5956
HEARTS FIVE CLUBS KING,0.3808,0.008,0.6112
SPADES FIVE HEARTS JACK,0.387,0.019,0.594
HEARTS FIVE CLUBS QUEEN,0.3942,0.0138,0.592
HEARTS THREE CLUBS KING,0.4158,0.0102,0.574
DIAMONDS KING CLUBS KING,0.169,0.0174,0.8136
HEARTS THREE CLUBS QUEEN,0.4038,0.0122,0.584
DIAMONDS KING CLUBS QUEEN,0.3622,0.0074,0.6304
HEARTS FIVE HEARTS JACK,0.3586,0.0166,0.6248
HEARTS FIVE HEARTS TEN,0.358,0.0264,0.6156
HEARTS THREE CLUBS ACE,0.4002,0.0048,0.595
DIAMONDS KING CLUBS ACE,0.3726,0.0038,0.6236
SPADES ACE CLUBS QUEEN,0.3434,0.0042,0.6524
SPADES KING CLUBS QUEEN,0.3522,0.0078,0.64
HEARTS THREE CLUBS JACK,0.4248,0.0196,0.5556
DIAMONDS KING CLUBS JACK,0.3542,0.009,0.6368
SPADES QUEEN CLUBS QUEEN,0.1674,0.035,0.7976
CLUBS TEN HEARTS THREE,0.4172,0.0292,0.5536
CLUBS TEN DIAMONDS KING,0.3474,0.0068,0.6458
SPADES JACK CLUBS QUEEN,0.365,0.0098,0.6252
CLUBS SIX CLUBS QUEEN,0.2538,0.0476,0.6986
SPADES TEN CLUBS QUEEN,0.3496,0.0104,0.64
CLUBS SIX CLUBS KING,0.2546,0.036,0.7094
CLUBS SIX CLUBS ACE,0.2592,0.0252,0.7156
HEARTS FIVE HEARTS KING,0.3546,0.0084,0.637
HEARTS FIVE HEARTS QUEEN,0.3728,0.0156,0.6116
CLUBS TEN CLUBS SIX,0.2628,0.0806,0.6566
HEARTS FIVE HEARTS ACE,0.344,0.0054,0.6506
CLUBS SIX CLUBS JACK,0.2652,0.0602,0.6746
SPADES SEVEN HEARTS JACK,0.353,0.0184,0.6286
SPADES SEVEN HEARTS TEN,0.335,0.0266,0.6384
DIAMONDS TWO CLUBS TWO,0.3644,0.1248,0.5108
DIAMONDS TWO CLUBS THREE,0.5228,0.164,0.3132
DIAMONDS TWO HEARTS SIX,0.2912,0.502,0.2068
DIAMONDS TWO HEARTS QUEEN,0.4442,0.0138,0.542
HEARTS SEVEN DIAMONDS TWO,0.4088,0.1124,0.4788
DIAMONDS TWO HEARTS KING,0.4334,0.0092,0.5574
DIAMONDS TWO HEARTS EIGHT,0.4262,0.063,0.5108
DIAMONDS TWO HEARTS ACE,0.402,0.005,0.593
DIAMONDS TWO HEARTS NINE,0.4174,0.0448,0.5378
DIAMONDS TWO DIAMONDS QUEEN,0.3904,0.0128,0.5968
DIAMONDS TWO HEARTS TWO,0.3562,0.1426,0.5012
DIAMONDS TWO DIAMONDS KING,0.4036,0.0108,0.5856
DIAMONDS TWO HEARTS THREE,0.5266,0.163,0.3104
DIAMONDS TWO DIAMONDS ACE,0.378,0.0052,0.6168
HEARTS FOUR DIAMONDS TWO,0.4806,0.2756,0.2438
HEARTS FIVE DIAMONDS TWO,0.5016,0.1664,0.332
SPADES SEVEN HEARTS ACE,0.3506,0.0062,0.6432
DIAMONDS TWO DIAMONDS TEN,0.3996,0.031,0.5694
SPADES SEVEN HEARTS KING,0.3622,0.0066,0.6312
DIAMONDS TWO DIAMONDS JACK,0.3918,0.0238,0.5844
SPADES SEVEN HEARTS QUEEN,0.356,0.0148,0.6292
DIAMONDS TWO SPADES NINE,0.4216,0.0458,0.5326
DIAMONDS TWO SPADES EIGHT,0.4122,0.0672,0.5206
DIAMONDS TWO SPADES SEVEN,0.41,0.1096,0.4804
DIAMONDS TWO SPADES SIX,0.299,0.5104,0.1906
DIAMONDS TWO SPADES FIVE,0.482,0.1722,0.3458
DIAMONDS TWO SPADES THREE,0.5204,0.164,0.3156
DIAMONDS TWO SPADES TWO,0.3638,0.1432,0.493
CLUBS NINE DIAMONDS TWO,0.423,0.0478,0.5292
DIAMONDS TWO CLUBS EIGHT,0.413,0.074,0.513
CLUBS SEVEN DIAMONDS TWO,0.4098,0.1038,0.4864
DIAMONDS TWO CLUBS SIX,0.3018,0.4916,0.2066
DIAMONDS TWO CLUBS FIVE,0.5026,0.1638,0.3336
DIAMONDS TWO CLUBS FOUR,0.4982,0.2688,0.233
CLUBS FOUR SPADES FIVE,0.4748,0.2738,0.2514
CLUBS FOUR SPADES THREE,0.4992,0.2674,0.2334
CLUBS FOUR SPADES TWO,0.4806,0.2818,0.2376
SPADES NINE CLUBS FOUR,0.2718,0.1012,0.627
SPADES EIGHT CLUBS FOUR,0.2558,0.142,0.6022
SPADES SEVEN CLUBS FOUR,0.2394,0.1932,0.5674
CLUBS FOUR SPADES SIX,0.0094,0.9728,0.0178
SPADES QUEEN SPADES TWO,0.4022,0.0114,0.5864
SPADES KING SPADES TWO,0.4036,0.0108,0.5856
SPADES ACE SPADES TWO,0.3954,0.006,0.5986
DIAMONDS JACK CLUBS JACK,0.1688,0.0494,0.7818
CLUBS TEN DIAMONDS JACK,0.3416,0.0142,0.6442
DIAMONDS JACK CLUBS KING,0.346,0.0054,0.6486
DIAMONDS JACK CLUBS QUEEN,0.3612,0.0096,0.6292
DIAMONDS THREE DIAMONDS JACK,0.3962,0.0232,0.5806
DIAMONDS THREE DIAMONDS TEN,0.401,0.0276,0.5714
DIAMONDS JACK CLUBS ACE,0.3612,0.0052,0.6336
DIAMONDS THREE DIAMONDS KING,0.4002,0.0094,0.5904
DIAMONDS THREE HEARTS THREE,0.3704,0.1322,0.4974
DIAMONDS THREE DIAMONDS QUEEN,0.3978,0.0164,0.5858
DIAMONDS THREE HEARTS TWO,0.521,0.1626,0.3164
HEARTS FIVE DIAMONDS THREE,0.4932,0.1606,0.3462
DIAMONDS THREE DIAMONDS ACE,0.3874,0.005,0.6076
HEARTS FOUR DIAMONDS THREE,0.4944,0.273,0.2326
HEARTS SEVEN DIAMONDS THREE,0.4054,0.102,0.4926
SPADES TEN SPADES NINE,0.32,0.0226,0.6574
HEARTS SIX DIAMONDS THREE,0.2658,0.5224,0.2118
SPADES JACK SPADES NINE,0.338,0.0182,0.6438
DIAMONDS THREE HEARTS NINE,0.4126,0.0404,0.547
HEARTS JACK DIAMONDS FOUR,0.2794,0.0506,0.67
HEARTS ACE HEARTS KING,0.3476,0.004,0.6484
SPADES TEN SPADES TWO,0.391,0.0306,0.5784
DIAMONDS THREE HEARTS EIGHT,0.4056,0.0662,0.5282
HEARTS TEN DIAMONDS FOUR,0.267,0.0742,0.6588
SPADES JACK SPADES TWO,0.3868,0.0228,0.5904
HEARTS QUEEN DIAMONDS FOUR,0.2794,0.0398,0.6808
HEARTS KING DIAMONDS FOUR,0.2802,0.0282,0.6916
SPADES ACE SPADES NINE,0.3462,0.0056,0.6482
HEARTS ACE DIAMONDS FOUR,0.2676,0.0184,0.714
SPADES KING SPADES NINE,0.3434,0.0066,0.65
SPADES QUEEN SPADES NINE,0.3496,0.0122,0.6382
DIAMONDS THREE SPADES NINE,0.428,0.0412,0.5308
DIAMONDS THREE SPADES EIGHT,0.4136,0.0704,0.516
DIAMONDS THREE SPADES SEVEN,0.4036,0.1128,0.4836
DIAMONDS THREE SPADES SIX,0.2584,0.5304,0.2112
DIAMONDS THREE CLUBS SIX,0.2812,0.516,0.2028
CLUBS FIVE CLUBS SIX,0.2046,0.4362,0.3592
CLUBS ACE DIAMONDS FOUR,0.261,0.0184,0.7206
CLUBS SEVEN DIAMONDS THREE,0.4146,0.0992,0.4862
CLUBS SEVEN CLUBS FIVE,0.3314,0.0984,0.5702
DIAMONDS THREE CLUBS FOUR,0.4784,0.281,0.2406
DIAMONDS FOUR CLUBS QUEEN,0.2804,0.0432,0.6764
DIAMONDS THREE CLUBS FIVE,0.4984,0.1608,0.3408
CLUBS KING DIAMONDS FOUR,0.2746,0.0292,0.6962
DIAMONDS THREE CLUBS TWO,0.529,0.1684,0.3026
CLUBS TEN DIAMONDS FOUR,0.279,0.0784,0.6426
DIAMONDS THREE CLUBS THREE,0.3562,0.136,0.5078
DIAMONDS FOUR CLUBS JACK,0.2838,0.0578,0.6584
DIAMONDS THREE SPADES FIVE,0.4938,0.1642,0.342
DIAMONDS THREE SPADES TWO,0.5278,0.1708,0.3014
DIAMONDS THREE SPADES THREE,0.3458,0.1412,0.513
CLUBS EIGHT DIAMONDS THREE,0.4278,0.0642,0.508
CLUBS NINE DIAMONDS THREE,0.4114,0.045,0.5436
SPADES SEVEN CLUBS ACE,0.367,0.0038,0.6292
SPADES SEVEN CLUBS QUEEN,0.3578,0.0106,0.6316
SPADES SEVEN CLUBS KING,0.3552,0.0084,0.6364
CLUBS FIVE SPADES SEVEN,0.344,0.1058,0.5502
CLUBS TEN SPADES SEVEN,0.3598,0.028,0.6122
CLUBS FIVE SPADES SIX,0.2088,0.4638,0.3274
SPADES SEVEN CLUBS JACK,0.357,0.0184,0.6246
CLUBS FIVE SPADES NINE,0.363,0.0494,0.5876
CLUBS FIVE SPADES EIGHT,0.3522,0.0648,0.583
CLUBS FIVE SPADES THREE,0.497,0.1654,0.3376
CLUBS FIVE SPADES TWO,0.5058,0.1628,0.3314
CLUBS FIVE SPADES FIVE,0.2304,0.13,0.6396
CLUBS NINE CLUBS FIVE,0.358,0.0432,0.5988
CLUBS EIGHT CLUBS FIVE,0.3426,0.0658,0.5916
CLUBS ACE CLUBS QUEEN,0.3428,0.0064,0.6508
CLUBS KING CLUBS QUEEN,0.3378,0.0062,0.656
DIAMONDS TEN DIAMONDS FOUR,0.278,0.073,0.649
CLUBS TEN DIAMONDS NINE,0.3416,0.0294,0.629
DIAMONDS JACK DIAMONDS FOUR,0.2662,0.053,0.6808
DIAMONDS NINE CLUBS JACK,0.3472,0.0164,0.6364
SPADES NINE CLUBS JACK,0.3432,0.0132,0.6436
CLUBS TEN SPADES NINE,0.337,0.0224,0.6406
DIAMONDS ACE DIAMONDS FOUR,0.2222,0.0226,0.7552
HEARTS FOUR DIAMONDS FOUR,0.2862,0.1034,0.6104
DIAMONDS JACK HEARTS TEN,0.344,0.013,0.643
SPADES NINE CLUBS KING,0.3532,0.0044,0.6424
DIAMONDS TWO SPADES TEN,0.4134,0.0294,0.5572
DIAMONDS NINE CLUBS ACE,0.3632,0.0058,0.631
HEARTS FIVE DIAMONDS FOUR,0.4848,0.2742,0.241
DIAMONDS JACK HEARTS JACK,0.168,0.0542,0.7778
SPADES NINE CLUBS QUEEN,0.3478,0.0128,0.6394
DIAMONDS TWO SPADES JACK,0.4262,0.023,0.5508
DIAMONDS QUEEN DIAMONDS FOUR,0.2648,0.0418,0.6934
HEARTS TWO DIAMONDS FOUR,0.4888,0.2754,0.2358
DIAMONDS NINE CLUBS QUEEN,0.3442,0.0138,0.642
DIAMONDS KING DIAMONDS FOUR,0.2652,0.0294,0.7054
HEARTS THREE DIAMONDS FOUR,0.4968,0.2704,0.2328
SPADES NINE CLUBS ACE,0.3452,0.0042,0.6506
DIAMONDS NINE CLUBS KING,0.3486,0.0084,0.643
HEARTS ACE DIAMONDS JACK,0.3504,0.0036,0.646
SPADES ACE DIAMONDS TWO,0.4076,0.0046,0.5878
HEARTS QUEEN DIAMONDS JACK,0.3476,0.0092,0.6432
SPADES QUEEN DIAMONDS TWO,0.4204,0.0138,0.5658
HEARTS KING DIAMONDS JACK,0.3546,0.0062,0.6392
SPADES KING DIAMONDS TWO,0.4206,0.0092,0.5702
SPADES JACK SPADES SEVEN,0.3404,0.0204,0.6392
SPADES TEN SPADES SEVEN,0.3426,0.0266,0.6308
CLUBS SEVEN CLUBS THREE,0.382,0.101,0.517
CLUBS SIX CLUBS THREE,0.2608,0.476,0.2632
CLUBS FIVE CLUBS THREE,0.462,0.1526,0.3854
CLUBS THREE CLUBS FOUR,0.4468,0.2524,0.3008
CLUBS NINE CLUBS THREE,0.3926,0.0438,0.5636
CLUBS EIGHT CLUBS THREE,0.3952,0.0586,0.5462
CLUBS THREE SPADES FIVE,0.4824,0.1612,0.3564
CLUBS THREE SPADES THREE,0.3542,0.14,0.5058
CLUBS THREE SPADES TWO,0.5312,0.1544,0.3144
CLUBS THREE SPADES SIX,0.2784,0.5082,0.2134
CLUBS THREE SPADES SEVEN,0.3856,0.1046,0.5098
SPADES EIGHT CLUBS THREE,0.4172,0.0682,0.5146
SPADES NINE CLUBS THREE,0.3992,0.043,0.5578
SPADES TWO DIAMONDS FOUR,0.4978,0.2684,0.2338
SPADES THREE DIAMONDS FOUR,0.4918,0.2766,0.2316
SPADES FIVE DIAMONDS FOUR,0.4632,0.2842,0.2526
SPADES SIX DIAMONDS FOUR,0.009,0.9814,0.0096
SPADES SEVEN DIAMONDS FOUR,0.2398,0.2156,0.5446
SPADES EIGHT DIAMONDS FOUR,0.256,0.1384,0.6056
SPADES NINE DIAMONDS FOUR,0.2642,0.104,0.6318
CLUBS FIVE DIAMONDS FOUR,0.4692,0.283,0.2478
CLUBS FOUR DIAMONDS FOUR,0.2692,0.1066,0.6242
CLUBS SEVEN DIAMONDS FOUR,0.2476,0.2028,0.5496
CLUBS SIX DIAMONDS FOUR,0.0174,0.9716,0.011
CLUBS NINE DIAMONDS FOUR,0.277,0.104,0.619
CLUBS EIGHT DIAMONDS FOUR,0.2682,0.142,0.5898
HEARTS SEVEN DIAMONDS FOUR,0.2478,0.1892,0.563
HEARTS SIX DIAMONDS FOUR,0.0176,0.9718,0.0106
DIAMONDS FOUR HEARTS NINE,0.2744,0.1016,0.624
DIAMONDS FOUR HEARTS EIGHT,0.265,0.134,0.601
CLUBS THREE DIAMONDS FOUR,0.4852,0.279,0.2358
CLUBS TWO DIAMONDS FOUR,0.4862,0.2808,0.233
DIAMONDS TEN DIAMONDS FIVE,0.3744,0.028,0.5976
DIAMONDS JACK DIAMONDS FIVE,0.3578,0.0208,0.6214
DIAMONDS NINE HEARTS QUEEN,0.3654,0.0126,0.622
DIAMONDS NINE HEARTS KING,0.355,0.0104,0.6346
HEARTS ACE DIAMONDS NINE,0.3502,0.0032,0.6466
DIAMONDS NINE HEARTS TEN,0.351,0.0236,0.6254
DIAMONDS NINE HEARTS JACK,0.3594,0.0188,0.6218
SPADES KING DIAMONDS FOUR,0.2754,0.0314,0.6932
SPADES ACE SPADES SEVEN,0.3352,0.0032,0.6616
SPADES QUEEN DIAMONDS FOUR,0.2758,0.045,0.6792
SPADES QUEEN SPADES SEVEN,0.3476,0.0148,0.6376
SPADES KING SPADES SEVEN,0.3394,0.0098,0.6508
SPADES ACE DIAMONDS FOUR,0.2494,0.0212,0.7294
CLUBS NINE CLUBS FOUR,0.258,0.0994,0.6426
CLUBS EIGHT CLUBS FOUR,0.2504,0.1374,0.6122
SPADES JACK DIAMONDS FOUR,0.2664,0.066,0.6676
SPADES TEN DIAMONDS FOUR,0.2738,0.0806,0.6456
CLUBS FIVE CLUBS FOUR,0.4548,0.2458,0.2994
CLUBS SEVEN CLUBS FOUR,0.229,0.1858,0.5852
CLUBS SIX CLUBS FOUR,0.021,0.9056,0.0734
CLUBS SEVEN SPADES EIGHT,0.3056,0.0592,0.6352
CLUBS SEVEN SPADES NINE,0.3378,0.0438,0.6184
CLUBS SEVEN SPADES SIX,0.2418,0.1896,0.5686
CLUBS SEVEN SPADES SEVEN,0.1368,0.1022,0.761
CLUBS SEVEN SPADES FIVE,0.3434,0.107,0.5496
CLUBS SEVEN SPADES THREE,0.399,0.1054,0.4956
CLUBS SEVEN SPADES TWO,0.421,0.1104,0.4686
CLUBS NINE CLUBS SEVEN,0.324,0.0402,0.6358
CLUBS SEVEN CLUBS EIGHT,0.3052,0.0614,0.6334
HEARTS SIX DIAMONDS FIVE,0.2232,0.4536,0.3232
HEARTS SEVEN DIAMONDS FIVE,0.3428,0.0976,0.5596
DIAMONDS FIVE HEARTS EIGHT,0.3494,0.062,0.5886
DIAMONDS FIVE HEARTS NINE,0.3782,0.0442,0.5776
DIAMONDS QUEEN DIAMONDS FIVE,0.3636,0.0108,0.6256
HEARTS TWO DIAMONDS FIVE,0.5186,0.1618,0.3196
HEARTS KING HEARTS EIGHT,0.3486,0.0074,0.644
DIAMONDS KING DIAMONDS FIVE,0.3622,0.0116,0.6262
HEARTS THREE DIAMONDS FIVE,0.5006,0.1602,0.3392
HEARTS QUEEN HEARTS EIGHT,0.3332,0.0148,0.652
DIAMONDS ACE DIAMONDS FIVE,0.3482,0.007,0.6448
HEARTS FOUR DIAMONDS FIVE,0.482,0.2704,0.2476
HEARTS FIVE DIAMONDS FIVE,0.2424,0.1326,0.625
HEARTS ACE HEARTS EIGHT,0.3306,0.0016,0.6678
CLUBS FOUR DIAMONDS FIVE,0.4656,0.2782,0.2562
CLUBS FIVE DIAMONDS FIVE,0.2384,0.1326,0.629
CLUBS SIX DIAMONDS FIVE,0.2242,0.4522,0.3236
CLUBS SEVEN DIAMONDS FIVE,0.3638,0.095,0.5412
CLUBS TWO DIAMONDS FIVE,0.515,0.1498,0.3352
CLUBS THREE DIAMONDS FIVE,0.4926,0.1606,0.3468
SPADES THREE DIAMONDS FIVE,0.4856,0.1708,0.3436
SPADES TWO DIAMONDS FIVE,0.506,0.1646,0.3294
SPADES JACK DIAMONDS EIGHT,0.35,0.0188,0.6312
SPADES FIVE DIAMONDS FIVE,0.2262,0.1296,0.6442
CLUBS TEN HEARTS JACK,0.3548,0.0142,0.631
SPADES TEN DIAMONDS EIGHT,0.335,0.024,0.641
HEARTS JACK CLUBS JACK,0.1792,0.0448,0.776
HEARTS JACK CLUBS QUEEN,0.3634,0.0092,0.6274
CLUBS NINE DIAMONDS FIVE,0.376,0.042,0.582
CLUBS KING HEARTS JACK,0.3534,0.006,0.6406
CLUBS EIGHT DIAMONDS FIVE,0.3896,0.063,0.5474
CLUBS ACE HEARTS JACK,0.351,0.0042,0.6448
SPADES SEVEN DIAMONDS FIVE,0.3492,0.1074,0.5434
SPADES KING DIAMONDS EIGHT,0.3572,0.0074,0.6354
SPADES QUEEN DIAMONDS EIGHT,0.3544,0.0126,0.633
SPADES SIX DIAMONDS FIVE,0.2016,0.4644,0.334
SPADES NINE DIAMONDS FIVE,0.3686,0.0446,0.5868
SPADES EIGHT DIAMONDS FIVE,0.3556,0.07,0.5744
SPADES ACE DIAMONDS EIGHT,0.3398,0.0042,0.656
HEARTS ACE DIAMONDS SEVEN,0.3506,0.0048,0.6446
HEARTS QUEEN DIAMONDS SEVEN,0.3572,0.0124,0.6304
HEARTS KING DIAMONDS SEVEN,0.3512,0.007,0.6418
SPADES TWO HEARTS JACK,0.4252,0.0188,0.556
SPADES TWO HEARTS TEN,0.4148,0.0288,0.5564
HEARTS TEN DIAMONDS SEVEN,0.3372,0.0298,0.633
HEARTS JACK DIAMONDS SEVEN,0.363,0.0168,0.6202
DIAMONDS EIGHT CLUBS JACK,0.3506,0.0206,0.6288
CLUBS TEN DIAMONDS EIGHT,0.3496,0.0274,0.623
HEARTS ACE HEARTS JACK,0.3374,0.005,0.6576
CLUBS ACE DIAMONDS EIGHT,0.3506,0.0038,0.6456
HEARTS QUEEN HEARTS JACK,0.3332,0.0092,0.6576
CLUBS KING DIAMONDS EIGHT,0.355,0.009,0.636
HEARTS KING HEARTS JACK,0.3288,0.0058,0.6654
CLUBS QUEEN DIAMONDS EIGHT,0.3618,0.012,0.6262
SPADES TEN HEARTS KING,0.3436,0.0072,0.6492
HEARTS ACE SPADES TWO,0.4082,0.0054,0.5864
SPADES JACK HEARTS KING,0.3472,0.0044,0.6484
HEARTS QUEEN SPADES TWO,0.4236,0.0138,0.5626
SPADES ACE SPADES KING,0.3392,0.0064,0.6544
SPADES TWO HEARTS KING,0.4328,0.0098,0.5574
HEARTS TEN HEARTS EIGHT,0.3294,0.0218,0.6488
HEARTS JACK HEARTS EIGHT,0.33,0.0192,0.6508
SPADES KING HEARTS KING,0.1636,0.0174,0.819
SPADES QUEEN HEARTS KING,0.3684,0.0056,0.626
CLUBS ACE CLUBS KING,0.3538,0.0038,0.6424
SPADES ACE HEARTS KING,0.3548,0.0046,0.6406
SPADES ACE HEARTS JACK,0.3512,0.006,0.6428
SPADES QUEEN HEARTS JACK,0.3482,0.0108,0.641
SPADES KING HEARTS JACK,0.3634,0.0068,0.6298
SPADES TEN DIAMONDS TEN,0.1578,0.0656,0.7766
SPADES JACK DIAMONDS TEN,0.337,0.0148,0.6482
SPADES ACE DIAMONDS TEN,0.3464,0.0046,0.649
SPADES JACK HEARTS JACK,0.1648,0.0494,0.7858
SPADES TEN HEARTS JACK,0.3528,0.0134,0.6338
SPADES QUEEN DIAMONDS TEN,0.355,0.0118,0.6332
SPADES KING DIAMONDS TEN,0.3554,0.0094,0.6352
SPADES NINE DIAMONDS SEVEN,0.326,0.0446,0.6294
SPADES EIGHT DIAMONDS SEVEN,0.3154,0.0702,0.6144
SPADES SEVEN DIAMONDS SEVEN,0.137,0.1178,0.7452
SPADES SIX DIAMONDS SEVEN,0.2302,0.2006,0.5692
DIAMONDS KING DIAMONDS SEVEN,0.3438,0.009,0.6472
HEARTS THREE DIAMONDS SEVEN,0.3808,0.104,0.5152
HEARTS KING DIAMONDS FIVE,0.3872,0.0098,0.603
DIAMONDS QUEEN DIAMONDS SEVEN,0.35,0.015,0.635
HEARTS TWO DIAMONDS SEVEN,0.4298,0.0954,0.4748
HEARTS QUEEN DIAMONDS FIVE,0.38,0.0128,0.6072
HEARTS FIVE DIAMONDS SEVEN,0.3482,0.1,0.5518
DIAMONDS ACE DIAMONDS SEVEN,0.3376,0.0042,0.6582
HEARTS FOUR DIAMONDS SEVEN,0.2424,0.1984,0.5592
HEARTS ACE DIAMONDS FIVE,0.3674,0.004,0.6286
HEARTS SEVEN DIAMONDS SEVEN,0.1312,0.1058,0.763
HEARTS SIX DIAMONDS SEVEN,0.2342,0.1934,0.5724
HEARTS NINE DIAMONDS SEVEN,0.3412,0.0388,0.62
HEARTS EIGHT DIAMONDS SEVEN,0.328,0.056,0.616
DIAMONDS JACK DIAMONDS SEVEN,0.3458,0.0202,0.634
DIAMONDS FIVE HEARTS JACK,0.386,0.0222,0.5918
DIAMONDS TEN DIAMONDS SEVEN,0.3376,0.0272,0.6352
HEARTS TEN DIAMONDS FIVE,0.3862,0.0284,0.5854
SPADES KING CLUBS TWO,0.4218,0.0098,0.5684
HEARTS KING CLUBS KING,0.1722,0.02,0.8078
CLUBS EIGHT DIAMONDS SEVEN,0.335,0.0626,0.6024
SPADES QUEEN CLUBS TWO,0.4232,0.0144,0.5624
HEARTS KING CLUBS QUEEN,0.3658,0.008,0.6262
CLUBS NINE DIAMONDS SEVEN,0.342,0.0422,0.6158
SPADES TWO CLUBS JACK,0.4206,0.0216,0.5578
SPADES ACE CLUBS TWO,0.3864,0.0062,0.6074
CLUBS TEN SPADES TWO,0.4132,0.0354,0.5514
HEARTS KING CLUBS ACE,0.3688,0.004,0.6272
CLUBS SEVEN CLUBS SIX,0.2324,0.1834,0.5842
SPADES TWO CLUBS KING,0.405,0.0086,0.5864
SPADES TWO DIAMONDS SEVEN,0.4296,0.0972,0.4732
CLUBS EIGHT CLUBS SIX,0.2408,0.1408,0.6184
SPADES THREE DIAMONDS SEVEN,0.4048,0.0966,0.4986
SPADES TWO CLUBS QUEEN,0.4202,0.0134,0.5664
CLUBS NINE CLUBS SIX,0.2458,0.1088,0.6454
HEARTS KING CLUBS JACK,0.3582,0.0072,0.6346
SPADES FIVE DIAMONDS SEVEN,0.3438,0.1078,0.5484
SPADES TWO CLUBS ACE,0.4026,0.0034,0.594
CLUBS TEN HEARTS KING,0.3736,0.007,0.6194
CLUBS SIX SPADES TWO,0.2928,0.4988,0.2084
CLUBS SIX SPADES THREE,0.2744,0.5028,0.2228
CLUBS TWO DIAMONDS SEVEN,0.4102,0.1056,0.4842
CLUBS THREE DIAMONDS SEVEN,0.3892,0.1028,0.508
CLUBS SIX SPADES FIVE,0.2108,0.4566,0.3326
CLUBS FOUR DIAMONDS SEVEN,0.2462,0.1958,0.558
CLUBS SIX SPADES SIX,0.0996,0.1122,0.7882
CLUBS FIVE DIAMONDS SEVEN,0.3382,0.1052,0.5566
CLUBS SIX SPADES SEVEN,0.2324,0.1982,0.5694
CLUBS SIX DIAMONDS SEVEN,0.2338,0.2026,0.5636
CLUBS SIX SPADES EIGHT,0.251,0.1536,0.5954
SPADES JACK CLUBS TWO,0.4098,0.0218,0.5684
CLUBS SEVEN DIAMONDS SEVEN,0.149,0.1044,0.7466
SPADES NINE CLUBS SIX,0.2478,0.1082,0.644
SPADES TEN CLUBS TWO,0.417,0.0362,0.5468
CLUBS TWO CLUBS QUEEN,0.3994,0.012,0.5886
CLUBS TWO CLUBS KING,0.387,0.008,0.605
CLUBS THREE DIAMONDS EIGHT,0.4082,0.0744,0.5174
CLUBS TWO CLUBS ACE,0.3796,0.0066,0.6138
CLUBS TWO DIAMONDS EIGHT,0.4214,0.062,0.5166
HEARTS SEVEN DIAMONDS EIGHT,0.3134,0.0594,0.6272
HEARTS SIX DIAMONDS EIGHT,0.233,0.1484,0.6186
DIAMONDS EIGHT HEARTS NINE,0.3344,0.037,0.6286
CLUBS TEN CLUBS TWO,0.3956,0.03,0.5744
HEARTS EIGHT DIAMONDS EIGHT,0.1576,0.0878,0.7546
CLUBS TWO CLUBS JACK,0.378,0.0206,0.6014
CLUBS NINE DIAMONDS EIGHT,0.3324,0.0428,0.6248
CLUBS EIGHT DIAMONDS EIGHT,0.1596,0.086,0.7544
CLUBS FIVE DIAMONDS EIGHT,0.356,0.0644,0.5796
SPADES ACE SPADES THREE,0.3816,0.006,0.6124
CLUBS FOUR DIAMONDS EIGHT,0.255,0.1518,0.5932
CLUBS SEVEN DIAMONDS EIGHT,0.3208,0.0628,0.6164
SPADES QUEEN SPADES THREE,0.3964,0.0146,0.589
CLUBS SIX DIAMONDS EIGHT,0.2524,0.1378,0.6098
SPADES KING SPADES THREE,0.391,0.0112,0.5978
DIAMONDS QUEEN DIAMONDS EIGHT,0.3416,0.0124,0.646
HEARTS TWO DIAMONDS EIGHT,0.4114,0.072,0.5166
DIAMONDS KING DIAMONDS EIGHT,0.3466,0.0082,0.6452
HEARTS THREE DIAMONDS EIGHT,0.4228,0.0666,0.5106
DIAMONDS ACE DIAMONDS EIGHT,0.3352,0.006,0.6588
HEARTS FOUR DIAMONDS EIGHT,0.2582,0.1436,0.5982
HEARTS FIVE DIAMONDS EIGHT,0.3506,0.0666,0.5828
DIAMONDS TEN DIAMONDS EIGHT,0.319,0.029,0.652
DIAMONDS JACK DIAMONDS EIGHT,0.3348,0.0168,0.6484
SPADES JACK SPADES THREE,0.3992,0.0228,0.578
SPADES TEN SPADES THREE,0.4004,0.0284,0.5712
CLUBS FOUR HEARTS ACE,0.2542,0.0162,0.7296
CLUBS FOUR HEARTS QUEEN,0.2796,0.0402,0.6802
CLUBS FOUR HEARTS KING,0.285,0.0268,0.6882
CLUBS SIX HEARTS TEN,0.2768,0.0844,0.6388
CLUBS SIX HEARTS JACK,0.2766,0.0534,0.67
SPADES FIVE DIAMONDS EIGHT,0.3536,0.0744,0.572
SPADES TWO DIAMONDS EIGHT,0.4212,0.0638,0.515
SPADES THREE DIAMONDS EIGHT,0.4044,0.0678,0.5278
CLUBS FOUR HEARTS JACK,0.2722,0.0546,0.6732
SPADES EIGHT DIAMONDS EIGHT,0.1448,0.0938,0.7614
SPADES TEN DIAMONDS QUEEN,0.346,0.0132,0.6408
SPADES TEN HEARTS TWO,0.4106,0.0302,0.5592
SPADES JACK HEARTS EIGHT,0.3504,0.018,0.6316
CLUBS FOUR HEARTS TEN,0.2734,0.0832,0.6434
SPADES NINE DIAMONDS EIGHT,0.3336,0.045,0.6214
SPADES TEN HEARTS EIGHT,0.3584,0.0216,0.62
SPADES JACK HEARTS TWO,0.4184,0.0208,0.5608
SPADES JACK DIAMONDS QUEEN,0.3414,0.0082,0.6504
SPADES SIX DIAMONDS EIGHT,0.2388,0.1568,0.6044
SPADES SEVEN DIAMONDS EIGHT,0.3184,0.067,0.6146
SPADES ACE HEARTS TWO,0.4034,0.0058,0.5908
SPADES ACE DIAMONDS QUEEN,0.3534,0.0046,0.642
SPADES ACE HEARTS EIGHT,0.3548,0.0036,0.6416
SPADES KING HEARTS EIGHT,0.3614,0.0092,0.6294
SPADES QUEEN HEARTS TWO,0.4092,0.0166,0.5742
SPADES QUEEN DIAMONDS QUEEN,0.1656,0.0344,0.8
SPADES KING DIAMONDS QUEEN,0.36,0.0074,0.6326
SPADES KING HEARTS TWO,0.4128,0.0088,0.5784
SPADES QUEEN HEARTS EIGHT,0.3536,0.0114,0.635
CLUBS TWO HEARTS TEN,0.4132,0.026,0.5608
CLUBS TWO HEARTS JACK,0.4192,0.0156,0.5652
SPADES SEVEN DIAMONDS NINE,0.3358,0.0412,0.623
SPADES SIX DIAMONDS NINE,0.2378,0.1106,0.6516
SPADES NINE DIAMONDS NINE,0.16,0.0806,0.7594
SPADES EIGHT DIAMONDS NINE,0.3206,0.0396,0.6398
SPADES TEN CLUBS KING,0.3716,0.008,0.6204
DIAMONDS NINE SPADES THREE,0.415,0.047,0.538
SPADES JACK CLUBS KING,0.3414,0.0074,0.6512
DIAMONDS NINE SPADES TWO,0.4092,0.0428,0.548
SPADES FIVE DIAMONDS NINE,0.377,0.0442,0.5788
CLUBS NINE DIAMONDS NINE,0.1676,0.07,0.7624
CLUBS EIGHT DIAMONDS NINE,0.309,0.0434,0.6476
CLUBS SIX DIAMONDS NINE,0.2432,0.1084,0.6484
SPADES JACK CLUBS FOUR,0.2714,0.0548,0.6738
CLUBS SEVEN DIAMONDS NINE,0.3458,0.043,0.6112
SPADES TEN CLUBS FOUR,0.263,0.0708,0.6662
CLUBS FOUR DIAMONDS NINE,0.2734,0.0994,0.6272
CLUBS FIVE DIAMONDS NINE,0.3756,0.0444,0.58
CLUBS TWO DIAMONDS NINE,0.4218,0.0482,0.53
CLUBS THREE DIAMONDS NINE,0.4028,0.0462,0.551
DIAMONDS NINE HEARTS EIGHT,0.3464,0.0408,0.6128
DIAMONDS NINE HEARTS NINE,0.1688,0.0774,0.7538
HEARTS SIX DIAMONDS NINE,0.2416,0.1108,0.6476
HEARTS SEVEN DIAMONDS NINE,0.342,0.0346,0.6234
CLUBS NINE CLUBS EIGHT,0.3112,0.0364,0.6524
DIAMONDS ACE DIAMONDS NINE,0.3422,0.003,0.6548
HEARTS FOUR DIAMONDS NINE,0.2796,0.101,0.6194
HEARTS FIVE DIAMONDS NINE,0.3678,0.0454,0.5868
HEARTS ACE CLUBS TWO,0.4026,0.005,0.5924
SPADES ACE CLUBS FOUR,0.252,0.0176,0.7304
DIAMONDS NINE DIAMONDS QUEEN,0.3366,0.0156,0.6478
HEARTS TWO DIAMONDS NINE,0.4132,0.0444,0.5424
CLUBS TWO HEARTS KING,0.4122,0.0086,0.5792
SPADES KING CLUBS FOUR,0.2666,0.027,0.7064
DIAMONDS KING DIAMONDS NINE,0.3484,0.0072,0.6444
HEARTS THREE DIAMONDS NINE,0.413,0.0458,0.5412
CLUBS TWO HEARTS QUEEN,0.4198,0.014,0.5662
SPADES QUEEN CLUBS FOUR,0.2682,0.0386,0.6932
DIAMONDS NINE DIAMONDS JACK,0.3288,0.0198,0.6514
CLUBS EIGHT SPADES NINE,0.3352,0.0352,0.6296
DIAMONDS TEN DIAMONDS NINE,0.32,0.0226,0.6574
CLUBS EIGHT SPADES EIGHT,0.1548,0.091,0.7542
CLUBS EIGHT SPADES SEVEN,0.3204,0.0578,0.6218
CLUBS EIGHT SPADES SIX,0.2496,0.1508,0.5996
CLUBS EIGHT SPADES FIVE,0.3528,0.0678,0.5794
CLUBS EIGHT SPADES THREE,0.4234,0.074,0.5026
CLUBS EIGHT SPADES TWO,0.4178,0.0632,0.519
HEARTS SIX DIAMONDS TEN,0.2688,0.0824,0.6488
HEARTS SEVEN DIAMONDS TEN,0.3612,0.026,0.6128
DIAMONDS TEN HEARTS EIGHT,0.3438,0.0252,0.631
CLUBS FOUR CLUBS JACK,0.2622,0.053,0.6848
DIAMONDS TEN HEARTS NINE,0.3412,0.0216,0.6372
CLUBS TEN CLUBS FOUR,0.2546,0.0768,0.6686
CLUBS FOUR CLUBS KING,0.2542,0.0282,0.7176
CLUBS FOUR CLUBS QUEEN,0.2604,0.0396,0.7
DIAMONDS TEN CLUBS TWO,0.4216,0.0334,0.545
CLUBS THREE DIAMONDS TEN,0.4018,0.0308,0.5674
CLUBS FOUR CLUBS ACE,0.2378,0.0186,0.7436
DIAMONDS TEN DIAMONDS JACK,0.3382,0.0164,0.6454
DIAMONDS TEN DIAMONDS QUEEN,0.3408,0.0112,0.648
HEARTS TWO DIAMONDS TEN,0.4104,0.0314,0.5582
DIAMONDS KING DIAMONDS TEN,0.3302,0.007,0.6628
HEARTS THREE DIAMONDS TEN,0.4056,0.0294,0.565
DIAMONDS ACE DIAMONDS TEN,0.345,0.0038,0.6512
HEARTS FOUR DIAMONDS TEN,0.2696,0.072,0.6584
CLUBS EIGHT HEARTS JACK,0.36,0.0182,0.6218
HEARTS FIVE DIAMONDS TEN,0.3776,0.0302,0.5922
CLUBS EIGHT HEARTS TEN,0.3662,0.0246,0.6092
CLUBS EIGHT HEARTS QUEEN,0.364,0.01,0.626
CLUBS EIGHT HEARTS KING,0.3584,0.005,0.6366
CLUBS EIGHT HEARTS ACE,0.3608,0.0034,0.6358
CLUBS NINE SPADES THREE,0.4174,0.0486,0.534
CLUBS NINE SPADES TWO,0.4204,0.0466,0.533
CLUBS NINE SPADES FIVE,0.369,0.0438,0.5872
CLUBS NINE SPADES SEVEN,0.3336,0.0428,0.6236
CLUBS NINE SPADES SIX,0.2416,0.1112,0.6472
CLUBS NINE SPADES NINE,0.1788,0.0718,0.7494
CLUBS TEN HEARTS EIGHT,0.3522,0.0258,0.622
CLUBS NINE SPADES EIGHT,0.3278,0.0414,0.6308
HEARTS EIGHT CLUBS JACK,0.3476,0.0172,0.6352
CLUBS QUEEN HEARTS EIGHT,0.3584,0.01,0.6316
CLUBS KING HEARTS EIGHT,0.3668,0.0076,0.6256
CLUBS ACE HEARTS EIGHT,0.3556,0.0042,0.6402
SPADES KING CLUBS KING,0.1618,0.019,0.8192
SPADES QUEEN CLUBS KING,0.3542,0.0048,0.641
SPADES ACE CLUBS KING,0.3652,0.0032,0.6316
DIAMONDS ACE HEARTS TEN,0.352,0.0042,0.6438
HEARTS FOUR HEARTS TEN,0.2594,0.0692,0.6714
DIAMONDS ACE HEARTS JACK,0.3562,0.0056,0.6382
HEARTS FOUR HEARTS JACK,0.2548,0.056,0.6892
SPADES KING CLUBS FIVE,0.3842,0.0082,0.6076
SPADES QUEEN CLUBS FIVE,0.3866,0.0124,0.601
SPADES ACE CLUBS FIVE,0.3576,0.0034,0.639
HEARTS SEVEN DIAMONDS JACK,0.3428,0.0192,0.638
HEARTS SIX DIAMONDS JACK,0.2766,0.064,0.6594
DIAMONDS JACK HEARTS NINE,0.3286,0.0186,0.6528
DIAMONDS JACK HEARTS EIGHT,0.3466,0.0184,0.635
DIAMONDS KING DIAMONDS JACK,0.3284,0.008,0.6636
HEARTS THREE DIAMONDS JACK,0.404,0.0236,0.5724
SPADES ACE SPADES SIX,0.268,0.0328,0.6992
DIAMONDS QUEEN DIAMONDS JACK,0.3456,0.0118,0.6426
HEARTS TWO DIAMONDS JACK,0.4096,0.0234,0.567
HEARTS FIVE DIAMONDS JACK,0.375,0.0202,0.6048
SPADES QUEEN SPADES SIX,0.256,0.054,0.69
DIAMONDS ACE DIAMONDS JACK,0.338,0.0054,0.6566
HEARTS FOUR DIAMONDS JACK,0.2682,0.0618,0.67
SPADES KING SPADES SIX,0.2524,0.0312,0.7164
SPADES TEN SPADES SIX,0.264,0.078,0.658
SPADES JACK SPADES SIX,0.2564,0.0602,0.6834
SPADES FIVE DIAMONDS JACK,0.3672,0.0222,0.6106
SPADES TWO DIAMONDS JACK,0.4098,0.0198,0.5704
SPADES THREE DIAMONDS JACK,0.4162,0.0222,0.5616
SPADES ACE DIAMONDS THREE,0.4006,0.0072,0.5922
SPADES QUEEN DIAMONDS THREE,0.4182,0.0148,0.567
CLUBS EIGHT DIAMONDS JACK,0.3494,0.0192,0.6314
SPADES KING DIAMONDS THREE,0.4114,0.0092,0.5794
CLUBS NINE DIAMONDS JACK,0.3402,0.0146,0.6452
CLUBS SIX DIAMONDS JACK,0.2668,0.0652,0.668
CLUBS SEVEN DIAMONDS JACK,0.367,0.0206,0.6124
CLUBS FOUR DIAMONDS JACK,0.2664,0.056,0.6776
CLUBS FIVE DIAMONDS JACK,0.3714,0.0218,0.6068
CLUBS TWO DIAMONDS JACK,0.4182,0.0212,0.5606
CLUBS THREE DIAMONDS JACK,0.4054,0.019,0.5756
SPADES TEN CLUBS FIVE,0.3798,0.0304,0.5898
SPADES JACK HEARTS SIX,0.268,0.057,0.675
HEARTS SIX SPADES TEN,0.2522,0.0778,0.67
SPADES JACK CLUBS FIVE,0.384,0.0166,0.5994
SPADES JACK DIAMONDS THREE,0.4148,0.0224,0.5628
CLUBS SEVEN CLUBS ACE,0.338,0.004,0.658
DIAMONDS THREE SPADES TEN,0.4102,0.0336,0.5562
CLUBS SEVEN CLUBS QUEEN,0.3514,0.0132,0.6354
CLUBS SEVEN CLUBS KING,0.3478,0.0084,0.6438
SPADES NINE DIAMONDS JACK,0.3518,0.0146,0.6336
CLUBS TEN CLUBS SEVEN,0.3358,0.028,0.6362
DIAMONDS ACE HEARTS ACE,0.1616,0.004,0.8344
HEARTS FOUR HEARTS ACE,0.2416,0.018,0.7404
SPADES EIGHT DIAMONDS JACK,0.3584,0.0168,0.6248
SPADES ACE HEARTS SIX,0.2584,0.03,0.7116
CLUBS SEVEN CLUBS JACK,0.3338,0.0148,0.6514
DIAMONDS ACE HEARTS KING,0.3586,0.007,0.6344
HEARTS FOUR HEARTS KING,0.2582,0.029,0.7128
SPADES SEVEN DIAMONDS JACK,0.3432,0.019,0.6378
SPADES KING HEARTS SIX,0.2588,0.0376,0.7036
DIAMONDS ACE HEARTS QUEEN,0.3542,0.0048,0.641
HEARTS FOUR HEARTS QUEEN,0.2586,0.0374,0.704
SPADES QUEEN HEARTS SIX,0.2766,0.0562,0.6672
SPADES SIX DIAMONDS JACK,0.2592,0.0622,0.6786
DIAMONDS TEN SPADES TWO,0.4148,0.0314,0.5538
DIAMONDS TEN SPADES THREE,0.4056,0.0336,0.5608
DIAMONDS TEN SPADES FIVE,0.3772,0.0336,0.5892
SPADES SIX DIAMONDS TEN,0.2602,0.0842,0.6556
SPADES SEVEN DIAMONDS TEN,0.3378,0.0246,0.6376
SPADES EIGHT DIAMONDS TEN,0.3442,0.0264,0.6294
SPADES NINE DIAMONDS TEN,0.3254,0.029,0.6456
CLUBS FOUR DIAMONDS TEN,0.2768,0.0804,0.6428
CLUBS FIVE DIAMONDS TEN,0.3848,0.0232,0.592
CLUBS SIX DIAMONDS TEN,0.2696,0.0784,0.652
CLUBS SEVEN DIAMONDS TEN,0.3516,0.0254,0.623
CLUBS EIGHT DIAMONDS TEN,0.3346,0.028,0.6374
CLUBS NINE DIAMONDS TEN,0.3336,0.0278,0.6386
DIAMONDS THREE CLUBS JACK,0.422,0.0202,0.5578
CLUBS TEN DIAMONDS THREE,0.414,0.03,0.556
DIAMONDS THREE CLUBS KING,0.4256,0.0096,0.5648
DIAMONDS THREE CLUBS QUEEN,0.4208,0.011,0.5682
DIAMONDS THREE CLUBS ACE,0.39,0.0048,0.6052
SPADES FIVE SPADES TWO,0.4756,0.1594,0.365
SPADES THREE SPADES TWO,0.5002,0.1552,0.3446
SPADES NINE SPADES TWO,0.3938,0.0456,0.5606
SPADES EIGHT SPADES TWO,0.41,0.0626,0.5274
SPADES SEVEN SPADES TWO,0.3842,0.107,0.5088
SPADES SIX SPADES TWO,0.2824,0.468,0.2496
CLUBS THREE DIAMONDS QUEEN,0.409,0.0154,0.5756
CLUBS THREE HEARTS TWO,0.5128,0.161,0.3262
CLUBS TWO DIAMONDS QUEEN,0.423,0.0158,0.5612
HEARTS TWO CLUBS TWO,0.3476,0.1432,0.5092
HEARTS SEVEN DIAMONDS QUEEN,0.3508,0.009,0.6402
HEARTS SEVEN HEARTS TWO,0.388,0.1054,0.5066
HEARTS SIX DIAMONDS QUEEN,0.276,0.0436,0.6804
HEARTS SIX HEARTS TWO,0.2838,0.4586,0.2576
DIAMONDS QUEEN HEARTS NINE,0.3432,0.0096,0.6472
HEARTS TWO HEARTS NINE,0.3862,0.0442,0.5696
DIAMONDS QUEEN HEARTS EIGHT,0.37,0.0134,0.6166
HEARTS TWO HEARTS EIGHT,0.4,0.0636,0.5364
CLUBS NINE HEARTS TWO,0.4112,0.044,0.5448
CLUBS NINE DIAMONDS QUEEN,0.363,0.0108,0.6262
CLUBS EIGHT HEARTS TWO,0.4194,0.0624,0.5182
CLUBS EIGHT DIAMONDS QUEEN,0.3672,0.01,0.6228
CLUBS FIVE DIAMONDS QUEEN,0.3796,0.0146,0.6058
CLUBS FIVE HEARTS TWO,0.496,0.163,0.341
SPADES EIGHT HEARTS ACE,0.3562,0.0016,0.6422
CLUBS FOUR DIAMONDS QUEEN,0.2762,0.0434,0.6804
CLUBS FOUR HEARTS TWO,0.479,0.2696,0.2514
CLUBS SEVEN DIAMONDS QUEEN,0.3502,0.0126,0.6372
CLUBS SEVEN HEARTS TWO,0.405,0.1042,0.4908
SPADES EIGHT HEARTS QUEEN,0.3522,0.0104,0.6374
CLUBS SIX DIAMONDS QUEEN,0.2738,0.0512,0.675
CLUBS SIX HEARTS TWO,0.2878,0.4942,0.218
SPADES EIGHT HEARTS KING,0.349,0.011,0.64
HEARTS TWO SPADES SIX,0.283,0.4982,0.2188
SPADES SIX DIAMONDS QUEEN,0.2554,0.052,0.6926
HEARTS FOUR CLUBS QUEEN,0.2842,0.038,0.6778
DIAMONDS ACE CLUBS QUEEN,0.374,0.0046,0.6214
SPADES SEVEN DIAMONDS QUEEN,0.359,0.014,0.627
SPADES SEVEN HEARTS TWO,0.4056,0.1054,0.489
HEARTS FOUR CLUBS KING,0.2868,0.0306,0.6826
DIAMONDS ACE CLUBS KING,0.3584,0.0046,0.637
SPADES EIGHT DIAMONDS QUEEN,0.3674,0.0114,0.6212
SPADES EIGHT HEARTS TWO,0.4166,0.0692,0.5142
HEARTS FOUR CLUBS ACE,0.2602,0.0182,0.7216
DIAMONDS ACE CLUBS ACE,0.1654,0.0056,0.829
SPADES NINE DIAMONDS QUEEN,0.3442,0.0106,0.6452
SPADES NINE HEARTS TWO,0.414,0.0462,0.5398
HEARTS TWO SPADES TWO,0.359,0.142,0.499
DIAMONDS QUEEN SPADES TWO,0.4278,0.0118,0.5604
HEARTS TWO SPADES THREE,0.5178,0.166,0.3162
SPADES THREE DIAMONDS QUEEN,0.4094,0.0144,0.5762
CLUBS TEN HEARTS FOUR,0.2702,0.0738,0.656
CLUBS TEN DIAMONDS ACE,0.3642,0.0046,0.6312
HEARTS TWO SPADES FIVE,0.5076,0.1624,0.33
SPADES FIVE DIAMONDS QUEEN,0.375,0.0196,0.6054
HEARTS FOUR CLUBS JACK,0.2706,0.0592,0.6702
DIAMONDS ACE CLUBS JACK,0.3474,0.004,0.6486
CLUBS FIVE CLUBS KING,0.3644,0.0082,0.6274
CLUBS FIVE CLUBS QUEEN,0.3604,0.0116,0.628
CLUBS FIVE CLUBS ACE,0.3332,0.006,0.6608
CLUBS FIVE CLUBS JACK,0.3592,0.0174,0.6234
CLUBS TEN CLUBS FIVE,0.3536,0.0296,0.6168
SPADES KING CLUBS JACK,0.3496,0.0074,0.643
SPADES QUEEN CLUBS JACK,0.3532,0.0086,0.6382
SPADES ACE CLUBS JACK,0.355,0.0048,0.6402
SPADES SIX CLUBS KING,0.2678,0.0368,0.6954
SPADES SIX CLUBS QUEEN,0.2524,0.049,0.6986
SPADES EIGHT HEARTS JACK,0.352,0.0184,0.6296
SPADES SIX CLUBS ACE,0.2568,0.03,0.7132
SPADES EIGHT HEARTS TEN,0.3508,0.0282,0.621
SPADES SIX CLUBS JACK,0.2772,0.0624,0.6604
CLUBS TEN SPADES SIX,0.2636,0.0814,0.655
SPADES TEN CLUBS JACK,0.338,0.0128,0.6492
SPADES JACK CLUBS JACK,0.1678,0.052,0.7802
SPADES QUEEN CLUBS SEVEN,0.3716,0.0124,0.616
SPADES KING CLUBS SEVEN,0.35,0.0086,0.6414
SPADES ACE CLUBS SEVEN,0.3588,0.0026,0.6386
SPADES SIX HEARTS TEN,0.2542,0.0828,0.663
SPADES SIX HEARTS JACK,0.2582,0.0606,0.6812
SPADES SIX HEARTS ACE,0.2666,0.03,0.7034
SPADES SIX HEARTS KING,0.2618,0.0414,0.6968
SPADES SIX HEARTS QUEEN,0.2678,0.0482,0.684
CLUBS SEVEN SPADES JACK,0.3566,0.0152,0.6282
CLUBS SEVEN SPADES TEN,0.3352,0.0258,0.639
CLUBS TEN HEARTS SIX,0.2694,0.0822,0.6484
HEARTS SIX CLUBS JACK,0.2768,0.0582,0.665
CLUBS ACE CLUBS JACK,0.3284,0.0032,0.6684
HEARTS SIX CLUBS QUEEN,0.2714,0.0502,0.6784
HEARTS SIX CLUBS KING,0.2748,0.0402,0.685
HEARTS SIX CLUBS ACE,0.2598,0.027,0.7132
CLUBS QUEEN CLUBS JACK,0.3228,0.0106,0.6666
CLUBS KING CLUBS JACK,0.343,0.0062,0.6508
DIAMONDS THREE HEARTS ACE,0.4008,0.0052,0.594
DIAMONDS THREE HEARTS QUEEN,0.409,0.0142,0.5768
DIAMONDS THREE HEARTS KING,0.4226,0.0076,0.5698
CLUBS FIVE HEARTS JACK,0.3916,0.0144,0.594
SPADES TEN DIAMONDS ACE,0.3448,0.006,0.6492
HEARTS FOUR SPADES TEN,0.2698,0.0844,0.6458
CLUBS FIVE HEARTS TEN,0.379,0.0266,0.5944
HEARTS FOUR SPADES JACK,0.2638,0.0578,0.6784
SPADES JACK DIAMONDS ACE,0.3544,0.004,0.6416
SPADES ACE HEARTS FOUR,0.2514,0.0192,0.7294
SPADES ACE DIAMONDS ACE,0.1592,0.0044,0.8364
CLUBS FIVE HEARTS ACE,0.3576,0.005,0.6374
CLUBS FIVE HEARTS KING,0.3906,0.008,0.6014
HEARTS FOUR SPADES QUEEN,0.2758,0.0386,0.6856
SPADES QUEEN DIAMONDS ACE,0.347,0.0068,0.6462
CLUBS FIVE HEARTS QUEEN,0.371,0.0104,0.6186
SPADES KING DIAMONDS ACE,0.3686,0.0046,0.6268
SPADES KING HEARTS FOUR,0.272,0.0312,0.6968
DIAMONDS ACE DIAMONDS QUEEN,0.3456,0.0046,0.6498
DIAMONDS ACE HEARTS TWO,0.3994,0.006,0.5946
HEARTS FOUR DIAMONDS QUEEN,0.2688,0.0392,0.692
HEARTS FOUR HEARTS TWO,0.455,0.2564,0.2886
DIAMONDS THREE HEARTS TEN,0.4092,0.0358,0.555
HEARTS FIVE DIAMONDS QUEEN,0.3684,0.0132,0.6184
HEARTS FIVE HEARTS TWO,0.4672,0.1466,0.3862
DIAMONDS THREE HEARTS JACK,0.4144,0.0232,0.5624
HEARTS TWO DIAMONDS QUEEN,0.4268,0.0172,0.556
DIAMONDS KING DIAMONDS QUEEN,0.3366,0.0068,0.6566
DIAMONDS KING HEARTS TWO,0.4234,0.0096,0.567
HEARTS THREE DIAMONDS QUEEN,0.4174,0.0138,0.5688
HEARTS THREE HEARTS TWO,0.4936,0.1468,0.3596
HEARTS TWO CLUBS ACE,0.4036,0.006,0.5904
DIAMONDS QUEEN CLUBS ACE,0.357,0.0046,0.6384
HEARTS TWO CLUBS QUEEN,0.425,0.0132,0.5618
DIAMONDS QUEEN CLUBS QUEEN,0.1702,0.0346,0.7952
HEARTS TWO CLUBS KING,0.412,0.0104,0.5776
DIAMONDS QUEEN CLUBS KING,0.3552,0.0068,0.638
SPADES EIGHT SPADES FIVE,0.3476,0.0596,0.5928
CLUBS TEN HEARTS TWO,0.422,0.026,0.552
CLUBS TEN DIAMONDS QUEEN,0.3546,0.0112,0.6342
SPADES NINE SPADES FIVE,0.3502,0.0402,0.6096
HEARTS TWO CLUBS JACK,0.416,0.0232,0.5608
DIAMONDS QUEEN CLUBS JACK,0.3546,0.0088,0.6366
SPADES SIX SPADES FIVE,0.2166,0.4272,0.3562
SPADES SEVEN SPADES FIVE,0.3364,0.0892,0.5744
DIAMONDS FIVE CLUBS QUEEN,0.3802,0.0148,0.605
SPADES EIGHT CLUBS ACE,0.3628,0.0034,0.6338
DIAMONDS FIVE CLUBS KING,0.4022,0.0076,0.5902
SPADES EIGHT CLUBS KING,0.3526,0.0058,0.6416
CLUBS ACE DIAMONDS FIVE,0.383,0.0062,0.6108
SPADES EIGHT CLUBS QUEEN,0.3538,0.0114,0.6348
SPADES EIGHT CLUBS JACK,0.3578,0.0176,0.6246
CLUBS TEN SPADES EIGHT,0.3424,0.0274,0.6302
CLUBS TEN DIAMONDS FIVE,0.3784,0.033,0.5886
DIAMONDS FIVE CLUBS JACK,0.3778,0.0202,0.602
DIAMONDS TEN HEARTS JACK,0.3302,0.0172,0.6526
DIAMONDS TEN HEARTS TEN,0.1618,0.0574,0.7808
SPADES ACE CLUBS NINE,0.361,0.0038,0.6352
CLUBS NINE SPADES QUEEN,0.3434,0.0102,0.6464
CLUBS NINE SPADES KING,0.355,0.0056,0.6394
HEARTS SIX HEARTS KING,0.2608,0.037,0.7022
DIAMONDS KING SPADES SEVEN,0.3544,0.0086,0.637
HEARTS THREE SPADES SEVEN,0.3966,0.1034,0.5
SPADES KING DIAMONDS SEVEN,0.3504,0.0092,0.6404
HEARTS SIX HEARTS QUEEN,0.2556,0.0472,0.6972
SPADES QUEEN DIAMONDS SEVEN,0.3554,0.0146,0.63
HEARTS THREE SPADES SIX,0.261,0.5192,0.2198
DIAMONDS KING SPADES SIX,0.2614,0.0436,0.695
SPADES NINE DIAMONDS KING,0.3544,0.0098,0.6358
SPADES NINE HEARTS THREE,0.4066,0.0458,0.5476
HEARTS SIX HEARTS ACE,0.2624,0.0258,0.7118
DIAMONDS KING SPADES EIGHT,0.3478,0.0082,0.644
SPADES EIGHT HEARTS THREE,0.4056,0.0706,0.5238
SPADES ACE DIAMONDS SEVEN,0.3548,0.0048,0.6404
CLUBS NINE HEARTS THREE,0.4088,0.0446,0.5466
CLUBS NINE DIAMONDS KING,0.3648,0.0076,0.6276
CLUBS EIGHT HEARTS THREE,0.4136,0.0724,0.514
CLUBS EIGHT DIAMONDS KING,0.3622,0.008,0.6298
HEARTS THREE SPADES THREE,0.3526,0.1326,0.5148
DIAMONDS KING SPADES THREE,0.4152,0.0102,0.5746
HEARTS THREE SPADES TWO,0.5236,0.165,0.3114
