opposingHand,winningChance,drawChance,lostChance
SPADES KING HEARTS EIGHT
SPADES TEN HEARTS FIVE,0.6332,0.0084,0.3584
SPADES JACK HEARTS FIVE,0.6368,0.0088,0.3544
SPADES FIVE CLUBS JACK,0.632,0.0078,0.3602
CLUBS TEN SPADES FIVE,0.6304,0.0076,0.362
CLUBS EIGHT CLUBS JACK,0.6634,0.0298,0.3068
CLUBS TEN CLUBS EIGHT,0.6514,0.0304,0.3182
CLUBS EIGHT CLUBS KING,0.0206,0.913,0.0664
SPADES FIVE CLUBS ACE,0.3966,0.004,0.5994
CLUBS EIGHT CLUBS QUEEN,0.6764,0.0288,0.2948
SPADES FIVE CLUBS KING,0.5552,0.2298,0.215
SPADES FIVE CLUBS QUEEN,0.6484,0.008,0.3436
CLUBS EIGHT CLUBS ACE,0.2336,0.022,0.7444
DIAMONDS TWO DIAMONDS THREE,0.6068,0.0088,0.3844
DIAMONDS TWO DIAMONDS FIVE,0.598,0.0072,0.3948
DIAMONDS TWO DIAMONDS FOUR,0.594,0.0078,0.3982
SPADES QUEEN HEARTS FIVE,0.6438,0.0086,0.3476
DIAMONDS TWO DIAMONDS SEVEN,0.633,0.0068,0.3602
DIAMONDS TWO DIAMONDS SIX,0.6162,0.0062,0.3776
SPADES ACE HEARTS FIVE,0.401,0.0038,0.5952
DIAMONDS TWO DIAMONDS NINE,0.5994,0.0088,0.3918
DIAMONDS TWO DIAMONDS EIGHT,0.6956,0.0382,0.2662
DIAMONDS THREE DIAMONDS FOUR,0.593,0.0086,0.3984
SPADES FOUR CLUBS TWO,0.6516,0.0108,0.3376
DIAMONDS THREE DIAMONDS FIVE,0.59,0.0074,0.4026
SPADES FIVE CLUBS TWO,0.6292,0.0092,0.3616
CLUBS TWO SPADES TWO,0.4616,0.0148,0.5236
CLUBS TWO SPADES THREE,0.6498,0.0082,0.342
DIAMONDS THREE DIAMONDS EIGHT,0.6918,0.031,0.2772
SPADES EIGHT CLUBS TWO,0.7376,0.041,0.2214
DIAMONDS THREE DIAMONDS NINE,0.5948,0.007,0.3982
SPADES NINE CLUBS TWO,0.6406,0.0072,0.3522
DIAMONDS THREE DIAMONDS SIX,0.6058,0.0048,0.3894
SPADES SIX CLUBS TWO,0.6566,0.0104,0.333
DIAMONDS THREE DIAMONDS SEVEN,0.608,0.0054,0.3866
SPADES SEVEN CLUBS TWO,0.6816,0.0062,0.3122
CLUBS SIX CLUBS TWO,0.615,0.0078,0.3772
CLUBS SEVEN CLUBS TWO,0.6206,0.0074,0.372
CLUBS FOUR CLUBS TWO,0.603,0.0062,0.3908
CLUBS FIVE CLUBS TWO,0.6058,0.0076,0.3866
CLUBS TEN CLUBS JACK,0.5266,0.007,0.4664
DIAMONDS FOUR DIAMONDS SIX,0.593,0.0068,0.4002
CLUBS TEN CLUBS QUEEN,0.5328,0.0062,0.461
DIAMONDS FOUR DIAMONDS SEVEN,0.6034,0.006,0.3906
CLUBS TEN CLUBS KING,0.2138,0.1084,0.6778
CLUBS TEN CLUBS ACE,0.3294,0.0046,0.666
CLUBS EIGHT CLUBS TWO,0.6876,0.032,0.2804
DIAMONDS FIVE DIAMONDS FOUR,0.5702,0.0054,0.4244
CLUBS NINE CLUBS TWO,0.5744,0.0062,0.4194
DIAMONDS NINE DIAMONDS FOUR,0.585,0.009,0.406
DIAMONDS EIGHT DIAMONDS FOUR,0.6798,0.036,0.2842
CLUBS THREE CLUBS TWO,0.6004,0.007,0.3926
DIAMONDS NINE DIAMONDS FIVE,0.5722,0.0074,0.4204
DIAMONDS TWO CLUBS JACK,0.6346,0.0088,0.3566
DIAMONDS EIGHT DIAMONDS FIVE,0.6546,0.0386,0.3068
CLUBS TEN DIAMONDS TWO,0.632,0.0074,0.3606
DIAMONDS FIVE DIAMONDS SEVEN,0.5852,0.008,0.4068
DIAMONDS FIVE DIAMONDS SIX,0.5732,0.006,0.4208
DIAMONDS TWO CLUBS ACE,0.4056,0.0036,0.5908
DIAMONDS TWO CLUBS KING,0.5308,0.2414,0.2278
DIAMONDS TWO CLUBS QUEEN,0.636,0.0078,0.3562
DIAMONDS EIGHT DIAMONDS SIX,0.6426,0.036,0.3214
DIAMONDS NINE DIAMONDS SIX,0.5772,0.0058,0.417
HEARTS ACE SPADES THREE,0.3936,0.0066,0.5998
SPADES THREE HEARTS KING,0.5384,0.2414,0.2202
DIAMONDS SEVEN DIAMONDS SIX,0.5858,0.008,0.4062
SPADES THREE HEARTS QUEEN,0.6406,0.0096,0.3498
SPADES THREE HEARTS JACK,0.6414,0.0068,0.3518
SPADES THREE HEARTS TEN,0.6348,0.0096,0.3556
DIAMONDS EIGHT DIAMONDS SEVEN,0.6366,0.0328,0.3306
DIAMONDS NINE DIAMONDS SEVEN,0.5736,0.0052,0.4212
DIAMONDS NINE DIAMONDS EIGHT,0.6474,0.0272,0.3254
DIAMONDS KING HEARTS TEN,0.2184,0.1208,0.6608
HEARTS THREE HEARTS TEN,0.5918,0.007,0.4012
SPADES JACK CLUBS SIX,0.6312,0.0068,0.362
DIAMONDS KING HEARTS JACK,0.227,0.0878,0.6852
HEARTS THREE HEARTS JACK,0.5946,0.008,0.3974
SPADES TEN CLUBS SIX,0.6284,0.0068,0.3648
SPADES JACK SPADES FIVE,0.5926,0.0086,0.3988
SPADES TEN SPADES FIVE,0.5968,0.007,0.3962
DIAMONDS KING HEARTS ACE,0.2228,0.0104,0.7668
HEARTS THREE HEARTS ACE,0.386,0.0062,0.6078
SPADES ACE CLUBS SIX,0.39,0.004,0.606
DIAMONDS KING HEARTS QUEEN,0.2206,0.0674,0.712
HEARTS THREE HEARTS QUEEN,0.5894,0.0088,0.4018
DIAMONDS KING HEARTS KING,0.0726,0.0138,0.9136
HEARTS THREE HEARTS KING,0.5184,0.2164,0.2652
SPADES QUEEN CLUBS SIX,0.6402,0.0074,0.3524
SPADES NINE HEARTS TEN,0.5678,0.0072,0.425
SPADES NINE HEARTS JACK,0.5674,0.0084,0.4242
SPADES QUEEN SPADES FIVE,0.5922,0.007,0.4008
SPADES ACE SPADES FIVE,0.3714,0.0034,0.6252
SPADES NINE HEARTS QUEEN,0.578,0.009,0.413
SPADES NINE HEARTS KING,0.2196,0.1666,0.6138
SPADES NINE HEARTS ACE,0.3546,0.0056,0.6398
CLUBS TEN SPADES JACK,0.554,0.007,0.439
CLUBS TEN SPADES TEN,0.2932,0.0088,0.698
SPADES ACE CLUBS TEN,0.3362,0.0042,0.6596
SPADES QUEEN CLUBS TEN,0.563,0.0062,0.4308
SPADES FIVE HEARTS QUEEN,0.6306,0.0088,0.3606
SPADES FIVE HEARTS KING,0.5396,0.2388,0.2216
SPADES FIVE HEARTS ACE,0.3788,0.0062,0.615
HEARTS THREE SPADES JACK,0.641,0.0074,0.3516
SPADES JACK DIAMONDS KING,0.2338,0.0888,0.6774
SPADES TEN CLUBS EIGHT,0.6874,0.0298,0.2828
SPADES JACK CLUBS EIGHT,0.7062,0.0328,0.261
HEARTS THREE SPADES TEN,0.6438,0.0096,0.3466
SPADES TEN DIAMONDS KING,0.2356,0.1104,0.654
CLUBS SIX HEARTS ACE,0.3828,0.0042,0.613
SPADES ACE CLUBS EIGHT,0.2304,0.025,0.7446
HEARTS FIVE CLUBS JACK,0.6234,0.006,0.3706
CLUBS TEN HEARTS FIVE,0.6262,0.008,0.3658
CLUBS SIX HEARTS QUEEN,0.6296,0.006,0.3644
SPADES QUEEN CLUBS EIGHT,0.722,0.0312,0.2468
CLUBS TEN SPADES THREE,0.6282,0.0068,0.365
CLUBS SIX HEARTS KING,0.544,0.2322,0.2238
SPADES THREE CLUBS JACK,0.6384,0.006,0.3556
DIAMONDS TWO HEARTS JACK,0.6208,0.0098,0.3694
SPADES THREE CLUBS QUEEN,0.6186,0.0094,0.372
DIAMONDS TWO HEARTS TEN,0.627,0.0084,0.3646
SPADES THREE CLUBS KING,0.5328,0.243,0.2242
HEARTS FIVE CLUBS ACE,0.39,0.004,0.606
SPADES FIVE HEARTS TEN,0.6282,0.0074,0.3644
SPADES THREE CLUBS ACE,0.401,0.005,0.594
HEARTS FIVE CLUBS KING,0.5366,0.2288,0.2346
SPADES FIVE HEARTS JACK,0.629,0.0086,0.3624
HEARTS FIVE CLUBS QUEEN,0.6376,0.0056,0.3568
HEARTS THREE CLUBS KING,0.5452,0.2278,0.227
DIAMONDS KING CLUBS KING,0.0716,0.0158,0.9126
HEARTS THREE CLUBS QUEEN,0.6332,0.0082,0.3586
DIAMONDS KING CLUBS QUEEN,0.2354,0.064,0.7006
HEARTS FIVE HEARTS JACK,0.5852,0.0088,0.406
HEARTS FIVE HEARTS TEN,0.5972,0.008,0.3948
HEARTS THREE CLUBS ACE,0.4016,0.0034,0.595
DIAMONDS KING CLUBS ACE,0.2314,0.0122,0.7564
SPADES ACE CLUBS QUEEN,0.352,0.0042,0.6438
HEARTS THREE CLUBS JACK,0.6254,0.0078,0.3668
DIAMONDS KING CLUBS JACK,0.2436,0.085,0.6714
SPADES QUEEN CLUBS QUEEN,0.2782,0.0034,0.7184
CLUBS TEN HEARTS THREE,0.6354,0.0078,0.3568
CLUBS TEN DIAMONDS KING,0.2402,0.1178,0.642
SPADES JACK CLUBS QUEEN,0.5698,0.006,0.4242
CLUBS SIX CLUBS QUEEN,0.5904,0.0066,0.403
SPADES TEN CLUBS QUEEN,0.5562,0.007,0.4368
CLUBS SIX CLUBS KING,0.4938,0.2214,0.2848
CLUBS SIX CLUBS ACE,0.3672,0.0044,0.6284
HEARTS FIVE HEARTS KING,0.5242,0.2118,0.264
HEARTS FIVE HEARTS QUEEN,0.5852,0.009,0.4058
CLUBS TEN CLUBS SIX,0.5796,0.0074,0.413
HEARTS FIVE HEARTS ACE,0.3682,0.005,0.6268
CLUBS SIX CLUBS JACK,0.5966,0.0058,0.3976
SPADES SEVEN HEARTS JACK,0.6242,0.0068,0.369
SPADES SEVEN HEARTS TEN,0.6262,0.0088,0.365
DIAMONDS TWO CLUBS TWO,0.456,0.0124,0.5316
DIAMONDS TWO CLUBS THREE,0.6428,0.0086,0.3486
HEARTS SIX DIAMONDS TWO,0.6632,0.009,0.3278
DIAMONDS TWO HEARTS QUEEN,0.626,0.0136,0.3604
DIAMONDS TWO HEARTS SEVEN,0.6722,0.0052,0.3226
DIAMONDS TWO HEARTS KING,0.5376,0.2254,0.237
DIAMONDS TWO HEARTS ACE,0.4002,0.006,0.5938
DIAMONDS TWO HEARTS NINE,0.633,0.007,0.36
DIAMONDS TWO DIAMONDS QUEEN,0.586,0.0072,0.4068
DIAMONDS TWO HEARTS TWO,0.4574,0.012,0.5306
DIAMONDS TWO DIAMONDS KING,0.5054,0.218,0.2766
HEARTS THREE DIAMONDS TWO,0.6438,0.009,0.3472
DIAMONDS TWO DIAMONDS ACE,0.3734,0.0036,0.623
HEARTS FOUR DIAMONDS TWO,0.6468,0.0066,0.3466
DIAMONDS TWO HEARTS FIVE,0.6404,0.0084,0.3512
SPADES SEVEN HEARTS ACE,0.386,0.0054,0.6086
DIAMONDS TWO DIAMONDS TEN,0.5824,0.0068,0.4108
SPADES SEVEN HEARTS KING,0.5528,0.2372,0.21
DIAMONDS TWO DIAMONDS JACK,0.6068,0.0068,0.3864
SPADES SEVEN HEARTS QUEEN,0.6458,0.008,0.3462
DIAMONDS TWO SPADES NINE,0.6408,0.0086,0.3506
DIAMONDS TWO SPADES EIGHT,0.7332,0.0388,0.228
DIAMONDS TWO SPADES SEVEN,0.6732,0.0092,0.3176
DIAMONDS TWO SPADES SIX,0.6612,0.0096,0.3292
DIAMONDS TWO SPADES FIVE,0.6368,0.0092,0.354
DIAMONDS TWO SPADES FOUR,0.6466,0.0106,0.3428
DIAMONDS TWO SPADES THREE,0.6498,0.0082,0.342
DIAMONDS TWO SPADES TWO,0.4582,0.0146,0.5272
CLUBS NINE DIAMONDS TWO,0.6422,0.0068,0.351
DIAMONDS TWO CLUBS EIGHT,0.7328,0.037,0.2302
CLUBS SEVEN DIAMONDS TWO,0.666,0.0076,0.3264
DIAMONDS TWO CLUBS SIX,0.6546,0.0076,0.3378
DIAMONDS TWO CLUBS FIVE,0.6404,0.0078,0.3518
DIAMONDS TWO CLUBS FOUR,0.6338,0.0084,0.3578
CLUBS FOUR SPADES FIVE,0.6198,0.0068,0.3734
CLUBS FOUR SPADES FOUR,0.4526,0.01,0.5374
CLUBS FOUR SPADES THREE,0.6328,0.0094,0.3578
CLUBS FOUR SPADES TWO,0.6426,0.0074,0.35
SPADES NINE CLUBS FOUR,0.6388,0.0066,0.3546
SPADES EIGHT CLUBS FOUR,0.7276,0.036,0.2364
SPADES SEVEN CLUBS FOUR,0.6384,0.0056,0.356
SPADES SIX CLUBS FOUR,0.6338,0.0064,0.3598
SPADES ACE DIAMONDS SIX,0.3892,0.0042,0.6066
SPADES QUEEN DIAMONDS SIX,0.6322,0.006,0.3618
SPADES TEN DIAMONDS SIX,0.6348,0.0074,0.3578
SPADES JACK DIAMONDS SIX,0.6322,0.0068,0.361
SPADES QUEEN SPADES TWO,0.5952,0.0092,0.3956
SPADES ACE SPADES TWO,0.3712,0.006,0.6228
DIAMONDS JACK CLUBS JACK,0.2982,0.0052,0.6966
CLUBS TEN DIAMONDS JACK,0.5536,0.0042,0.4422
DIAMONDS JACK CLUBS KING,0.239,0.0814,0.6796
DIAMONDS JACK CLUBS QUEEN,0.5792,0.005,0.4158
DIAMONDS THREE DIAMONDS JACK,0.585,0.005,0.41
DIAMONDS THREE DIAMONDS TEN,0.583,0.0062,0.4108
DIAMONDS JACK CLUBS ACE,0.3492,0.0036,0.6472
DIAMONDS THREE DIAMONDS KING,0.5066,0.2254,0.268
HEARTS THREE DIAMONDS THREE,0.4636,0.0136,0.5228
DIAMONDS THREE DIAMONDS QUEEN,0.5782,0.0074,0.4144
DIAMONDS THREE HEARTS TWO,0.6448,0.009,0.3462
HEARTS FIVE DIAMONDS THREE,0.6294,0.0094,0.3612
DIAMONDS THREE DIAMONDS ACE,0.3698,0.0026,0.6276
HEARTS FOUR DIAMONDS THREE,0.6304,0.0094,0.3602
DIAMONDS THREE HEARTS SEVEN,0.6682,0.0066,0.3252
SPADES TEN SPADES NINE,0.5322,0.0056,0.4622
HEARTS SIX DIAMONDS THREE,0.6484,0.0082,0.3434
SPADES JACK SPADES NINE,0.5534,0.0076,0.439
DIAMONDS THREE HEARTS NINE,0.6288,0.0074,0.3638
HEARTS JACK DIAMONDS FOUR,0.6328,0.0054,0.3618
HEARTS ACE HEARTS KING,0.2214,0.0096,0.769
SPADES TEN SPADES TWO,0.603,0.0052,0.3918
HEARTS TEN DIAMONDS FOUR,0.614,0.0066,0.3794
SPADES JACK SPADES TWO,0.6104,0.0086,0.381
HEARTS QUEEN DIAMONDS FOUR,0.621,0.0078,0.3712
HEARTS KING DIAMONDS FOUR,0.5274,0.2214,0.2512
SPADES ACE SPADES NINE,0.3414,0.0046,0.654
HEARTS ACE DIAMONDS FOUR,0.3892,0.0056,0.6052
SPADES QUEEN SPADES NINE,0.5614,0.007,0.4316
DIAMONDS THREE SPADES NINE,0.645,0.0106,0.3444
DIAMONDS THREE SPADES EIGHT,0.7442,0.036,0.2198
DIAMONDS THREE SPADES SEVEN,0.655,0.0088,0.3362
DIAMONDS THREE SPADES SIX,0.6416,0.0056,0.3528
DIAMONDS THREE CLUBS SIX,0.645,0.0064,0.3486
CLUBS FIVE CLUBS SIX,0.5712,0.007,0.4218
CLUBS ACE DIAMONDS FOUR,0.398,0.005,0.597
CLUBS SEVEN DIAMONDS THREE,0.6564,0.0066,0.337
CLUBS SEVEN CLUBS FIVE,0.5936,0.0088,0.3976
DIAMONDS THREE CLUBS FOUR,0.6334,0.0068,0.3598
DIAMONDS FOUR CLUBS QUEEN,0.6256,0.0086,0.3658
DIAMONDS THREE CLUBS FIVE,0.625,0.0078,0.3672
CLUBS KING DIAMONDS FOUR,0.5296,0.2362,0.2342
DIAMONDS THREE CLUBS TWO,0.646,0.0078,0.3462
CLUBS TEN DIAMONDS FOUR,0.6298,0.0062,0.364
DIAMONDS THREE CLUBS THREE,0.4378,0.013,0.5492
DIAMONDS FOUR CLUBS JACK,0.6268,0.0078,0.3654
DIAMONDS THREE SPADES FOUR,0.6346,0.0092,0.3562
DIAMONDS THREE SPADES FIVE,0.6332,0.0088,0.358
DIAMONDS THREE SPADES TWO,0.6448,0.0082,0.347
DIAMONDS THREE SPADES THREE,0.4638,0.0156,0.5206
CLUBS EIGHT DIAMONDS THREE,0.7254,0.0404,0.2342
CLUBS NINE DIAMONDS THREE,0.6424,0.0082,0.3494
SPADES SEVEN CLUBS ACE,0.3856,0.0042,0.6102
SPADES SEVEN CLUBS QUEEN,0.6418,0.0064,0.3518
SPADES SEVEN CLUBS KING,0.5592,0.2344,0.2064
CLUBS FIVE SPADES SEVEN,0.6294,0.0062,0.3644
CLUBS TEN SPADES SEVEN,0.6186,0.0086,0.3728
CLUBS FIVE SPADES SIX,0.6302,0.0074,0.3624
SPADES SEVEN CLUBS JACK,0.6246,0.0064,0.369
SPADES NINE CLUBS FIVE,0.6294,0.0094,0.3612
CLUBS FIVE SPADES EIGHT,0.7078,0.0344,0.2578
CLUBS FIVE SPADES THREE,0.6414,0.007,0.3516
CLUBS FIVE SPADES TWO,0.6464,0.0086,0.345
CLUBS FIVE SPADES FIVE,0.4432,0.012,0.5448
CLUBS FIVE SPADES FOUR,0.6248,0.0068,0.3684
CLUBS NINE CLUBS FIVE,0.5902,0.0072,0.4026
CLUBS EIGHT CLUBS FIVE,0.661,0.0338,0.3052
CLUBS ACE CLUBS QUEEN,0.3256,0.0034,0.671
CLUBS KING CLUBS QUEEN,0.237,0.0528,0.7102
DIAMONDS TEN DIAMONDS FOUR,0.592,0.0078,0.4002
CLUBS TEN DIAMONDS NINE,0.5552,0.0058,0.439
DIAMONDS JACK DIAMONDS FOUR,0.5992,0.0054,0.3954
DIAMONDS NINE CLUBS JACK,0.5666,0.0058,0.4276
SPADES NINE CLUBS JACK,0.575,0.0064,0.4186
CLUBS TEN SPADES NINE,0.5678,0.0078,0.4244
DIAMONDS ACE DIAMONDS FOUR,0.3644,0.0048,0.6308
HEARTS FOUR DIAMONDS FOUR,0.4524,0.015,0.5326
DIAMONDS JACK HEARTS TEN,0.5524,0.0078,0.4398
SPADES NINE CLUBS KING,0.2214,0.1712,0.6074
DIAMONDS TWO SPADES TEN,0.639,0.0058,0.3552
DIAMONDS NINE CLUBS ACE,0.3532,0.003,0.6438
HEARTS FIVE DIAMONDS FOUR,0.6246,0.0088,0.3666
DIAMONDS JACK HEARTS JACK,0.2918,0.0066,0.7016
SPADES NINE CLUBS QUEEN,0.5788,0.008,0.4132
SPADES JACK DIAMONDS TWO,0.6428,0.0092,0.348
DIAMONDS QUEEN DIAMONDS FOUR,0.5862,0.0064,0.4074
HEARTS TWO DIAMONDS FOUR,0.643,0.0074,0.3496
DIAMONDS NINE CLUBS QUEEN,0.5846,0.0046,0.4108
DIAMONDS KING DIAMONDS FOUR,0.5088,0.2188,0.2724
HEARTS THREE DIAMONDS FOUR,0.6272,0.0096,0.3632
SPADES NINE CLUBS ACE,0.3582,0.003,0.6388
DIAMONDS NINE CLUBS KING,0.2294,0.1586,0.612
HEARTS ACE DIAMONDS JACK,0.3368,0.0034,0.6598
SPADES ACE DIAMONDS TWO,0.3932,0.007,0.5998
HEARTS QUEEN DIAMONDS JACK,0.5598,0.0062,0.434
SPADES QUEEN DIAMONDS TWO,0.6368,0.009,0.3542
DIAMONDS JACK HEARTS KING,0.2388,0.0836,0.6776
SPADES JACK SPADES SEVEN,0.6056,0.0076,0.3868
SPADES TEN SPADES SEVEN,0.5768,0.0072,0.416
CLUBS SEVEN CLUBS THREE,0.6144,0.0076,0.378
CLUBS SIX CLUBS THREE,0.592,0.007,0.401
CLUBS FIVE CLUBS THREE,0.5966,0.006,0.3974
CLUBS THREE CLUBS FOUR,0.5962,0.0072,0.3966
CLUBS NINE CLUBS THREE,0.5938,0.0054,0.4008
CLUBS EIGHT CLUBS THREE,0.7002,0.0334,0.2664
CLUBS THREE SPADES FIVE,0.6238,0.0084,0.3678
CLUBS THREE SPADES FOUR,0.645,0.0064,0.3486
CLUBS THREE SPADES THREE,0.4718,0.0118,0.5164
CLUBS THREE SPADES TWO,0.6542,0.0086,0.3372
CLUBS THREE SPADES SIX,0.6458,0.0088,0.3454
SPADES SEVEN CLUBS THREE,0.6496,0.0074,0.343
SPADES EIGHT CLUBS THREE,0.7456,0.038,0.2164
SPADES NINE CLUBS THREE,0.6378,0.0076,0.3546
SPADES TWO DIAMONDS FOUR,0.6412,0.0084,0.3504
SPADES THREE DIAMONDS FOUR,0.635,0.008,0.357
SPADES FOUR DIAMONDS FOUR,0.4488,0.0118,0.5394
SPADES FIVE DIAMONDS FOUR,0.6024,0.0082,0.3894
SPADES SIX DIAMONDS FOUR,0.6446,0.0054,0.35
SPADES SEVEN DIAMONDS FOUR,0.638,0.0072,0.3548
SPADES EIGHT DIAMONDS FOUR,0.7286,0.0322,0.2392
SPADES NINE DIAMONDS FOUR,0.6368,0.0062,0.357
CLUBS FIVE DIAMONDS FOUR,0.6134,0.0112,0.3754
CLUBS FOUR DIAMONDS FOUR,0.4378,0.0102,0.552
CLUBS SEVEN DIAMONDS FOUR,0.6382,0.0084,0.3534
CLUBS SIX DIAMONDS FOUR,0.6244,0.0056,0.37
CLUBS NINE DIAMONDS FOUR,0.6322,0.0062,0.3616
CLUBS EIGHT DIAMONDS FOUR,0.7144,0.0354,0.2502
DIAMONDS FOUR HEARTS SEVEN,0.642,0.0084,0.3496
HEARTS SIX DIAMONDS FOUR,0.6358,0.0086,0.3556
DIAMONDS FOUR HEARTS NINE,0.6306,0.0092,0.3602
CLUBS THREE DIAMONDS FOUR,0.6198,0.0084,0.3718
CLUBS TWO DIAMONDS FOUR,0.641,0.007,0.352
DIAMONDS TEN DIAMONDS FIVE,0.5874,0.0064,0.4062
DIAMONDS JACK DIAMONDS FIVE,0.5724,0.0108,0.4168
DIAMONDS NINE HEARTS QUEEN,0.5798,0.0058,0.4144
DIAMONDS NINE HEARTS KING,0.2182,0.1652,0.6166
HEARTS ACE DIAMONDS NINE,0.3494,0.0026,0.648
DIAMONDS NINE HEARTS TEN,0.5566,0.0062,0.4372
DIAMONDS NINE HEARTS JACK,0.5782,0.0064,0.4154
CLUBS KING DIAMONDS SIX,0.546,0.2216,0.2324
CLUBS QUEEN DIAMONDS SIX,0.6346,0.007,0.3584
CLUBS ACE DIAMONDS SIX,0.3856,0.0028,0.6116
SPADES ACE SPADES SEVEN,0.3732,0.0054,0.6214
SPADES QUEEN DIAMONDS FOUR,0.632,0.0092,0.3588
SPADES QUEEN SPADES SEVEN,0.6112,0.0076,0.3812
CLUBS JACK DIAMONDS SIX,0.6304,0.006,0.3636
SPADES ACE DIAMONDS FOUR,0.3884,0.006,0.6056
CLUBS TEN DIAMONDS SIX,0.619,0.0064,0.3746
CLUBS NINE CLUBS FOUR,0.5998,0.0056,0.3946
CLUBS EIGHT CLUBS FOUR,0.6788,0.0308,0.2904
SPADES JACK DIAMONDS FOUR,0.6104,0.0064,0.3832
SPADES TEN DIAMONDS FOUR,0.6294,0.0076,0.363
CLUBS FIVE CLUBS FOUR,0.5774,0.0076,0.415
CLUBS SEVEN CLUBS FOUR,0.5964,0.0068,0.3968
CLUBS SIX CLUBS FOUR,0.5858,0.0076,0.4066
CLUBS SEVEN SPADES EIGHT,0.684,0.0344,0.2816
CLUBS SEVEN SPADES NINE,0.6084,0.0074,0.3842
CLUBS SEVEN SPADES SIX,0.6298,0.01,0.3602
CLUBS SEVEN SPADES SEVEN,0.429,0.0098,0.5612
CLUBS SEVEN SPADES FIVE,0.633,0.0078,0.3592
CLUBS SEVEN SPADES FOUR,0.6548,0.0084,0.3368
CLUBS SEVEN SPADES THREE,0.6648,0.009,0.3262
CLUBS SEVEN SPADES TWO,0.6724,0.0052,0.3224
CLUBS NINE CLUBS SEVEN,0.557,0.0054,0.4376
CLUBS SEVEN CLUBS EIGHT,0.6362,0.0338,0.33
HEARTS SIX DIAMONDS FIVE,0.6178,0.0088,0.3734
DIAMONDS FIVE HEARTS SEVEN,0.6254,0.0088,0.3658
DIAMONDS FIVE HEARTS NINE,0.6094,0.0062,0.3844
DIAMONDS QUEEN DIAMONDS FIVE,0.5928,0.005,0.4022
HEARTS TWO DIAMONDS FIVE,0.6524,0.007,0.3406
DIAMONDS KING DIAMONDS FIVE,0.509,0.2164,0.2746
HEARTS THREE DIAMONDS FIVE,0.6346,0.0072,0.3582
DIAMONDS ACE DIAMONDS FIVE,0.3674,0.0038,0.6288
HEARTS FOUR DIAMONDS FIVE,0.611,0.0066,0.3824
HEARTS FIVE DIAMONDS FIVE,0.4538,0.0116,0.5346
CLUBS FOUR DIAMONDS FIVE,0.604,0.0068,0.3892
CLUBS FIVE DIAMONDS FIVE,0.4388,0.0096,0.5516
CLUBS SIX DIAMONDS FIVE,0.6098,0.0078,0.3824
CLUBS SEVEN DIAMONDS FIVE,0.6346,0.0068,0.3586
CLUBS TWO DIAMONDS FIVE,0.6462,0.0062,0.3476
CLUBS THREE DIAMONDS FIVE,0.6116,0.004,0.3844
SPADES THREE DIAMONDS FIVE,0.6306,0.0082,0.3612
SPADES TWO DIAMONDS FIVE,0.6428,0.0088,0.3484
SPADES JACK DIAMONDS EIGHT,0.703,0.0354,0.2616
SPADES FIVE DIAMONDS FIVE,0.4404,0.0124,0.5472
CLUBS TEN HEARTS JACK,0.5478,0.0082,0.444
SPADES TEN DIAMONDS EIGHT,0.6892,0.032,0.2788
SPADES FOUR DIAMONDS FIVE,0.6184,0.008,0.3736
HEARTS JACK CLUBS JACK,0.2884,0.0042,0.7074
HEARTS JACK CLUBS QUEEN,0.5572,0.0058,0.437
CLUBS NINE DIAMONDS FIVE,0.62,0.0066,0.3734
CLUBS KING HEARTS JACK,0.2298,0.0922,0.678
CLUBS EIGHT DIAMONDS FIVE,0.7034,0.0322,0.2644
CLUBS ACE HEARTS JACK,0.3356,0.0036,0.6608
SPADES SEVEN DIAMONDS FIVE,0.6268,0.0058,0.3674
SPADES SIX DIAMONDS FIVE,0.6162,0.0056,0.3782
SPADES QUEEN DIAMONDS EIGHT,0.7254,0.0296,0.245
SPADES NINE DIAMONDS FIVE,0.6258,0.0078,0.3664
SPADES EIGHT DIAMONDS FIVE,0.7072,0.0346,0.2582
SPADES ACE DIAMONDS EIGHT,0.229,0.0216,0.7494
DIAMONDS TEN DIAMONDS SIX,0.5824,0.0056,0.412
HEARTS ACE DIAMONDS SEVEN,0.3822,0.0052,0.6126
DIAMONDS JACK DIAMONDS SIX,0.5958,0.0054,0.3988
HEARTS QUEEN DIAMONDS SEVEN,0.634,0.006,0.36
HEARTS KING DIAMONDS SEVEN,0.5456,0.2184,0.236
DIAMONDS ACE DIAMONDS SIX,0.3706,0.0028,0.6266
HEARTS FOUR DIAMONDS SIX,0.6356,0.01,0.3544
SPADES TWO HEARTS JACK,0.639,0.0082,0.3528
HEARTS FIVE DIAMONDS SIX,0.6212,0.0072,0.3716
SPADES TWO HEARTS TEN,0.633,0.0078,0.3592
DIAMONDS QUEEN DIAMONDS SIX,0.5884,0.006,0.4056
HEARTS TWO DIAMONDS SIX,0.6718,0.009,0.3192
DIAMONDS KING DIAMONDS SIX,0.5132,0.214,0.2728
HEARTS THREE DIAMONDS SIX,0.6506,0.0092,0.3402
HEARTS NINE DIAMONDS SIX,0.6144,0.009,0.3766
HEARTS SIX DIAMONDS SIX,0.4302,0.0126,0.5572
HEARTS SEVEN DIAMONDS SIX,0.6246,0.0066,0.3688
HEARTS TEN DIAMONDS SEVEN,0.624,0.0052,0.3708
CLUBS TWO DIAMONDS SIX,0.6552,0.0082,0.3366
HEARTS JACK DIAMONDS SEVEN,0.6104,0.0066,0.383
CLUBS THREE DIAMONDS SIX,0.6348,0.0092,0.356
CLUBS SEVEN DIAMONDS SIX,0.6208,0.0062,0.373
DIAMONDS EIGHT CLUBS JACK,0.7038,0.0338,0.2624
CLUBS SIX DIAMONDS SIX,0.4334,0.008,0.5586
CLUBS TEN DIAMONDS EIGHT,0.6832,0.0294,0.2874
CLUBS FIVE DIAMONDS SIX,0.6114,0.007,0.3816
CLUBS FOUR DIAMONDS SIX,0.6264,0.0058,0.3678
HEARTS ACE HEARTS JACK,0.3454,0.0068,0.6478
DIAMONDS EIGHT CLUBS ACE,0.2392,0.0258,0.735
HEARTS QUEEN HEARTS JACK,0.535,0.0086,0.4564
DIAMONDS EIGHT CLUBS KING,0.0214,0.9568,0.0218
CLUBS NINE DIAMONDS SIX,0.619,0.0062,0.3748
HEARTS KING HEARTS JACK,0.2282,0.0838,0.688
DIAMONDS EIGHT CLUBS QUEEN,0.713,0.0328,0.2542
CLUBS EIGHT DIAMONDS SIX,0.6906,0.0324,0.277
SPADES TEN HEARTS KING,0.2122,0.1202,0.6676
SPADES FIVE DIAMONDS SIX,0.6186,0.0086,0.3728
HEARTS ACE SPADES TWO,0.4092,0.0058,0.585
SPADES JACK HEARTS KING,0.2278,0.0982,0.674
SPADES FOUR DIAMONDS SIX,0.6258,0.0108,0.3634
SPADES THREE DIAMONDS SIX,0.6386,0.0048,0.3566
HEARTS QUEEN SPADES TWO,0.623,0.0082,0.3688
SPADES TWO HEARTS KING,0.5428,0.2362,0.221
SPADES TWO DIAMONDS SIX,0.6638,0.0068,0.3294
SPADES NINE DIAMONDS SIX,0.6126,0.0052,0.3822
SPADES EIGHT DIAMONDS SIX,0.6938,0.0344,0.2718
SPADES SEVEN DIAMONDS SIX,0.6182,0.006,0.3758
SPADES SIX DIAMONDS SIX,0.4446,0.0116,0.5438
SPADES QUEEN HEARTS KING,0.2446,0.0612,0.6942
CLUBS ACE CLUBS KING,0.2194,0.0114,0.7692
SPADES ACE HEARTS KING,0.2262,0.0128,0.761
SPADES ACE HEARTS JACK,0.3344,0.0048,0.6608
SPADES QUEEN HEARTS JACK,0.5578,0.0068,0.4354
SPADES TEN DIAMONDS TEN,0.3016,0.0066,0.6918
SPADES JACK DIAMONDS TEN,0.5576,0.0058,0.4366
SPADES ACE DIAMONDS TEN,0.336,0.0054,0.6586
SPADES JACK HEARTS JACK,0.2774,0.0066,0.716
SPADES TEN HEARTS JACK,0.545,0.0074,0.4476
SPADES QUEEN DIAMONDS TEN,0.5728,0.0082,0.419
SPADES NINE DIAMONDS SEVEN,0.6082,0.0076,0.3842
SPADES EIGHT DIAMONDS SEVEN,0.6892,0.034,0.2768
SPADES SEVEN DIAMONDS SEVEN,0.4244,0.0132,0.5624
SPADES SIX DIAMONDS SEVEN,0.6278,0.006,0.3662
DIAMONDS KING DIAMONDS SEVEN,0.5134,0.2096,0.277
HEARTS THREE DIAMONDS SEVEN,0.6596,0.0078,0.3326
HEARTS KING DIAMONDS FIVE,0.5246,0.2294,0.246
DIAMONDS QUEEN DIAMONDS SEVEN,0.5948,0.0074,0.3978
HEARTS TWO DIAMONDS SEVEN,0.6692,0.0074,0.3234
HEARTS QUEEN DIAMONDS FIVE,0.6208,0.007,0.3722
HEARTS FIVE DIAMONDS SEVEN,0.6366,0.0086,0.3548
DIAMONDS ACE DIAMONDS SEVEN,0.3636,0.003,0.6334
HEARTS FOUR DIAMONDS SEVEN,0.6466,0.0084,0.345
HEARTS ACE DIAMONDS FIVE,0.3876,0.0048,0.6076
HEARTS SEVEN DIAMONDS SEVEN,0.4374,0.008,0.5546
HEARTS SIX DIAMONDS SEVEN,0.6148,0.0078,0.3774
DIAMONDS SEVEN HEARTS NINE,0.598,0.0102,0.3918
DIAMONDS JACK DIAMONDS SEVEN,0.5798,0.0054,0.4148
DIAMONDS FIVE HEARTS JACK,0.6296,0.0102,0.3602
DIAMONDS TEN DIAMONDS SEVEN,0.585,0.009,0.406
HEARTS TEN DIAMONDS FIVE,0.6498,0.0088,0.3414
HEARTS KING CLUBS KING,0.0712,0.0132,0.9156
CLUBS EIGHT DIAMONDS SEVEN,0.686,0.0296,0.2844
SPADES QUEEN CLUBS TWO,0.6318,0.0074,0.3608
HEARTS KING CLUBS QUEEN,0.226,0.0634,0.7106
CLUBS NINE DIAMONDS SEVEN,0.598,0.007,0.395
SPADES TWO CLUBS JACK,0.6358,0.0078,0.3564
SPADES ACE CLUBS TWO,0.3972,0.0046,0.5982
CLUBS TEN SPADES TWO,0.6378,0.0076,0.3546
HEARTS KING CLUBS ACE,0.23,0.0108,0.7592
CLUBS SEVEN CLUBS SIX,0.5762,0.0058,0.418
SPADES TWO CLUBS KING,0.5494,0.2294,0.2212
SPADES TWO DIAMONDS SEVEN,0.6714,0.0088,0.3198
CLUBS EIGHT CLUBS SIX,0.6514,0.0326,0.316
SPADES THREE DIAMONDS SEVEN,0.6436,0.0074,0.349
SPADES TWO CLUBS QUEEN,0.648,0.0064,0.3456
CLUBS NINE CLUBS SIX,0.576,0.0066,0.4174
SPADES FOUR DIAMONDS SEVEN,0.649,0.0092,0.3418
HEARTS KING CLUBS JACK,0.2366,0.0862,0.6772
SPADES FIVE DIAMONDS SEVEN,0.6268,0.0036,0.3696
SPADES TWO CLUBS ACE,0.399,0.0036,0.5974
CLUBS TEN HEARTS KING,0.228,0.1148,0.6572
CLUBS SIX SPADES TWO,0.6538,0.0078,0.3384
CLUBS SIX SPADES THREE,0.6436,0.012,0.3444
CLUBS TWO DIAMONDS SEVEN,0.6568,0.0084,0.3348
CLUBS SIX SPADES FOUR,0.6234,0.007,0.3696
CLUBS THREE DIAMONDS SEVEN,0.6504,0.0064,0.3432
CLUBS SIX SPADES FIVE,0.6182,0.0058,0.376
CLUBS FOUR DIAMONDS SEVEN,0.6268,0.0066,0.3666
CLUBS SIX SPADES SIX,0.4452,0.0118,0.543
CLUBS FIVE DIAMONDS SEVEN,0.6268,0.0058,0.3674
CLUBS SIX SPADES SEVEN,0.626,0.0052,0.3688
CLUBS SIX DIAMONDS SEVEN,0.6144,0.0048,0.3808
SPADES EIGHT CLUBS SIX,0.7062,0.032,0.2618
SPADES JACK CLUBS TWO,0.6208,0.0088,0.3704
CLUBS SEVEN DIAMONDS SEVEN,0.4276,0.0134,0.559
SPADES NINE CLUBS SIX,0.6082,0.007,0.3848
SPADES TEN CLUBS TWO,0.6454,0.006,0.3486
CLUBS TWO CLUBS QUEEN,0.5908,0.0094,0.3998
CLUBS TWO CLUBS KING,0.504,0.2198,0.2762
CLUBS THREE DIAMONDS EIGHT,0.7384,0.0332,0.2284
CLUBS TWO CLUBS ACE,0.3746,0.0054,0.62
CLUBS TWO DIAMONDS EIGHT,0.7308,0.033,0.2362
DIAMONDS EIGHT HEARTS SEVEN,0.6802,0.0334,0.2864
HEARTS SIX DIAMONDS EIGHT,0.6906,0.0342,0.2752
DIAMONDS EIGHT HEARTS NINE,0.6726,0.0286,0.2988
CLUBS TEN CLUBS TWO,0.5924,0.0074,0.4002
CLUBS TWO CLUBS JACK,0.5814,0.0058,0.4128
CLUBS NINE DIAMONDS EIGHT,0.6756,0.0286,0.2958
CLUBS EIGHT DIAMONDS EIGHT,0.3122,0.0236,0.6642
CLUBS FIVE DIAMONDS EIGHT,0.6994,0.0328,0.2678
SPADES ACE SPADES THREE,0.38,0.0052,0.6148
CLUBS FOUR DIAMONDS EIGHT,0.73,0.0356,0.2344
CLUBS SEVEN DIAMONDS EIGHT,0.6696,0.0338,0.2966
SPADES QUEEN SPADES THREE,0.6082,0.0078,0.384
CLUBS SIX DIAMONDS EIGHT,0.6954,0.0332,0.2714
DIAMONDS QUEEN DIAMONDS EIGHT,0.6804,0.0314,0.2882
HEARTS TWO DIAMONDS EIGHT,0.7394,0.0366,0.224
DIAMONDS KING DIAMONDS EIGHT,0.0206,0.911,0.0684
HEARTS THREE DIAMONDS EIGHT,0.7384,0.0338,0.2278
DIAMONDS ACE DIAMONDS EIGHT,0.2148,0.0266,0.7586
HEARTS FOUR DIAMONDS EIGHT,0.7188,0.0366,0.2446
HEARTS FIVE DIAMONDS EIGHT,0.6992,0.036,0.2648
DIAMONDS EIGHT DIAMONDS TEN,0.6512,0.0294,0.3194
DIAMONDS EIGHT DIAMONDS JACK,0.6554,0.0284,0.3162
SPADES JACK SPADES THREE,0.6082,0.0066,0.3852
SPADES TEN SPADES THREE,0.5984,0.0068,0.3948
CLUBS FOUR HEARTS ACE,0.3862,0.0038,0.61
CLUBS FOUR HEARTS QUEEN,0.625,0.009,0.366
CLUBS FOUR HEARTS KING,0.5332,0.2254,0.2414
CLUBS SIX HEARTS TEN,0.6316,0.0054,0.363
CLUBS SIX HEARTS JACK,0.6196,0.0074,0.373
SPADES FOUR DIAMONDS EIGHT,0.727,0.036,0.237
SPADES FIVE DIAMONDS EIGHT,0.7192,0.0384,0.2424
DIAMONDS EIGHT SPADES TWO,0.751,0.0376,0.2114
DIAMONDS EIGHT SPADES THREE,0.7392,0.0362,0.2246
CLUBS FOUR HEARTS JACK,0.633,0.0074,0.3596
SPADES EIGHT DIAMONDS EIGHT,0.3014,0.029,0.6696
SPADES TEN HEARTS TWO,0.6428,0.0062,0.351
SPADES TEN DIAMONDS QUEEN,0.571,0.0086,0.4204
CLUBS FOUR HEARTS TEN,0.6286,0.0076,0.3638
SPADES NINE DIAMONDS EIGHT,0.684,0.0294,0.2866
SPADES JACK HEARTS TWO,0.6262,0.0074,0.3664
SPADES JACK DIAMONDS QUEEN,0.5662,0.007,0.4268
SPADES SIX DIAMONDS EIGHT,0.6874,0.0372,0.2754
SPADES SEVEN DIAMONDS EIGHT,0.6788,0.0354,0.2858
SPADES ACE HEARTS TWO,0.4016,0.0046,0.5938
SPADES ACE DIAMONDS QUEEN,0.3478,0.0046,0.6476
SPADES QUEEN DIAMONDS QUEEN,0.2848,0.0028,0.7124
SPADES QUEEN HEARTS TWO,0.6464,0.006,0.3476
CLUBS TWO HEARTS TEN,0.6314,0.0088,0.3598
CLUBS TWO HEARTS JACK,0.6282,0.009,0.3628
SPADES SEVEN DIAMONDS NINE,0.6084,0.0066,0.385
SPADES SIX DIAMONDS NINE,0.6158,0.0062,0.378
SPADES NINE DIAMONDS NINE,0.312,0.0108,0.6772
SPADES EIGHT DIAMONDS NINE,0.6836,0.0274,0.289
SPADES TEN CLUBS KING,0.2368,0.1102,0.653
DIAMONDS NINE SPADES THREE,0.6426,0.0078,0.3496
SPADES JACK CLUBS KING,0.2344,0.0884,0.6772
DIAMONDS NINE SPADES TWO,0.6462,0.0096,0.3442
SPADES FIVE DIAMONDS NINE,0.6166,0.0044,0.379
DIAMONDS NINE SPADES FOUR,0.6418,0.007,0.3512
CLUBS NINE DIAMONDS NINE,0.3168,0.0088,0.6744
CLUBS EIGHT DIAMONDS NINE,0.6726,0.0276,0.2998
CLUBS SIX DIAMONDS NINE,0.6056,0.0058,0.3886
SPADES JACK CLUBS FOUR,0.6358,0.0112,0.353
CLUBS SEVEN DIAMONDS NINE,0.6016,0.0086,0.3898
SPADES TEN CLUBS FOUR,0.6334,0.0072,0.3594
CLUBS FOUR DIAMONDS NINE,0.6274,0.008,0.3646
CLUBS FIVE DIAMONDS NINE,0.621,0.0096,0.3694
DIAMONDS NINE CLUBS TWO,0.6322,0.0058,0.362
CLUBS THREE DIAMONDS NINE,0.6292,0.0076,0.3632
DIAMONDS NINE HEARTS NINE,0.2976,0.0094,0.693
HEARTS SIX DIAMONDS NINE,0.6258,0.006,0.3682
DIAMONDS NINE HEARTS SEVEN,0.5916,0.0084,0.4
CLUBS NINE CLUBS EIGHT,0.6498,0.024,0.3262
DIAMONDS ACE DIAMONDS NINE,0.3282,0.0038,0.668
HEARTS FOUR DIAMONDS NINE,0.6408,0.0064,0.3528
HEARTS FIVE DIAMONDS NINE,0.6278,0.0068,0.3654
HEARTS ACE CLUBS TWO,0.394,0.0066,0.5994
SPADES ACE CLUBS FOUR,0.3996,0.0038,0.5966
DIAMONDS QUEEN DIAMONDS NINE,0.5416,0.0072,0.4512
HEARTS TWO DIAMONDS NINE,0.651,0.0084,0.3406
CLUBS TWO HEARTS KING,0.5434,0.2274,0.2292
DIAMONDS KING DIAMONDS NINE,0.2112,0.1544,0.6344
HEARTS THREE DIAMONDS NINE,0.637,0.0086,0.3544
CLUBS TWO HEARTS QUEEN,0.6256,0.0082,0.3662
SPADES QUEEN CLUBS FOUR,0.634,0.0092,0.3568
DIAMONDS NINE DIAMONDS JACK,0.5398,0.0054,0.4548
CLUBS EIGHT SPADES NINE,0.6794,0.0334,0.2872
DIAMONDS NINE DIAMONDS TEN,0.5168,0.0084,0.4748
CLUBS EIGHT SPADES EIGHT,0.3054,0.0268,0.6678
CLUBS EIGHT SPADES SEVEN,0.6812,0.0358,0.283
CLUBS EIGHT SPADES SIX,0.6886,0.0348,0.2766
CLUBS EIGHT SPADES FIVE,0.6996,0.04,0.2604
CLUBS EIGHT SPADES FOUR,0.725,0.039,0.236
CLUBS EIGHT SPADES THREE,0.731,0.039,0.23
CLUBS EIGHT SPADES TWO,0.7392,0.0376,0.2232
HEARTS SIX DIAMONDS TEN,0.6284,0.0072,0.3644
DIAMONDS TEN HEARTS SEVEN,0.609,0.0076,0.3834
CLUBS FOUR CLUBS JACK,0.585,0.007,0.408
DIAMONDS TEN HEARTS NINE,0.5684,0.0086,0.423
CLUBS TEN CLUBS FOUR,0.586,0.0074,0.4066
CLUBS FOUR CLUBS KING,0.49,0.2134,0.2966
CLUBS FOUR CLUBS QUEEN,0.5786,0.0082,0.4132
CLUBS TWO DIAMONDS TEN,0.6284,0.0062,0.3654
CLUBS THREE DIAMONDS TEN,0.6358,0.0068,0.3574
CLUBS FOUR CLUBS ACE,0.366,0.0048,0.6292
DIAMONDS JACK DIAMONDS TEN,0.5256,0.0068,0.4676
DIAMONDS QUEEN DIAMONDS TEN,0.5252,0.0064,0.4684
HEARTS TWO DIAMONDS TEN,0.6264,0.007,0.3666
DIAMONDS KING DIAMONDS TEN,0.2134,0.1068,0.6798
HEARTS THREE DIAMONDS TEN,0.6304,0.0074,0.3622
DIAMONDS ACE DIAMONDS TEN,0.329,0.0024,0.6686
HEARTS FOUR DIAMONDS TEN,0.6428,0.0068,0.3504
CLUBS EIGHT HEARTS JACK,0.6992,0.0288,0.272
HEARTS FIVE DIAMONDS TEN,0.624,0.0068,0.3692
CLUBS EIGHT HEARTS TEN,0.6818,0.03,0.2882
CLUBS EIGHT HEARTS QUEEN,0.7146,0.0332,0.2522
CLUBS EIGHT HEARTS KING,0.0114,0.9684,0.0202
CLUBS EIGHT HEARTS ACE,0.2266,0.0262,0.7472
CLUBS NINE SPADES THREE,0.6342,0.0094,0.3564
CLUBS NINE SPADES TWO,0.64,0.0058,0.3542
CLUBS NINE SPADES FIVE,0.6194,0.0064,0.3742
CLUBS NINE SPADES FOUR,0.6418,0.0076,0.3506
CLUBS NINE SPADES SEVEN,0.6086,0.006,0.3854
CLUBS NINE SPADES SIX,0.6192,0.0072,0.3736
CLUBS NINE SPADES NINE,0.3082,0.0082,0.6836
CLUBS NINE SPADES EIGHT,0.6802,0.0314,0.2884
SPADES QUEEN CLUBS KING,0.2406,0.0614,0.698
SPADES ACE CLUBS KING,0.2268,0.0122,0.761
DIAMONDS ACE HEARTS TEN,0.3402,0.0048,0.655
HEARTS FOUR HEARTS TEN,0.5956,0.0086,0.3958
DIAMONDS ACE HEARTS JACK,0.3384,0.0058,0.6558
HEARTS FOUR HEARTS JACK,0.6056,0.0072,0.3872
SPADES QUEEN CLUBS FIVE,0.6162,0.0066,0.3772
SPADES ACE CLUBS FIVE,0.389,0.0056,0.6054
DIAMONDS JACK HEARTS SEVEN,0.6226,0.0082,0.3692
HEARTS SIX DIAMONDS JACK,0.6426,0.0048,0.3526
DIAMONDS JACK HEARTS NINE,0.5656,0.0058,0.4286
DIAMONDS KING DIAMONDS JACK,0.2254,0.0826,0.692
HEARTS THREE DIAMONDS JACK,0.64,0.0086,0.3514
SPADES ACE SPADES SIX,0.377,0.0034,0.6196
HEARTS ACE SPADES FOUR,0.3968,0.006,0.5972
DIAMONDS QUEEN DIAMONDS JACK,0.5366,0.0042,0.4592
HEARTS TWO DIAMONDS JACK,0.6426,0.0062,0.3512
HEARTS FIVE DIAMONDS JACK,0.633,0.0048,0.3622
SPADES QUEEN SPADES SIX,0.5996,0.0064,0.394
SPADES FOUR HEARTS QUEEN,0.631,0.0062,0.3628
DIAMONDS ACE DIAMONDS JACK,0.3252,0.0042,0.6706
HEARTS FOUR DIAMONDS JACK,0.6284,0.0048,0.3668
SPADES FOUR HEARTS KING,0.5328,0.2462,0.221
SPADES TEN SPADES SIX,0.604,0.005,0.391
SPADES JACK SPADES SIX,0.6192,0.0068,0.374
SPADES FOUR DIAMONDS JACK,0.6242,0.0062,0.3696
SPADES FIVE DIAMONDS JACK,0.6374,0.0086,0.354
DIAMONDS JACK SPADES TWO,0.6304,0.0084,0.3612
SPADES THREE DIAMONDS JACK,0.6366,0.0082,0.3552
SPADES ACE DIAMONDS THREE,0.4044,0.0046,0.591
SPADES QUEEN DIAMONDS THREE,0.633,0.0074,0.3596
CLUBS EIGHT DIAMONDS JACK,0.6978,0.031,0.2712
CLUBS NINE DIAMONDS JACK,0.571,0.0062,0.4228
CLUBS SIX DIAMONDS JACK,0.6212,0.005,0.3738
CLUBS SEVEN DIAMONDS JACK,0.6108,0.0066,0.3826
CLUBS FOUR DIAMONDS JACK,0.6236,0.0066,0.3698
CLUBS FIVE DIAMONDS JACK,0.6396,0.005,0.3554
CLUBS TWO DIAMONDS JACK,0.6392,0.0048,0.356
CLUBS THREE DIAMONDS JACK,0.6404,0.0066,0.353
SPADES JACK HEARTS SIX,0.6304,0.0066,0.363
SPADES TEN CLUBS FIVE,0.6436,0.0054,0.351
SPADES JACK CLUBS FIVE,0.6452,0.0064,0.3484
HEARTS SIX SPADES TEN,0.6362,0.0068,0.357
SPADES JACK DIAMONDS THREE,0.6194,0.006,0.3746
CLUBS SEVEN CLUBS ACE,0.377,0.0026,0.6204
SPADES TEN DIAMONDS THREE,0.6344,0.0072,0.3584
CLUBS SEVEN CLUBS QUEEN,0.5818,0.0072,0.411
CLUBS SEVEN CLUBS KING,0.4998,0.2306,0.2696
SPADES NINE DIAMONDS JACK,0.5898,0.0062,0.404
CLUBS TEN CLUBS SEVEN,0.5712,0.0054,0.4234
DIAMONDS ACE HEARTS ACE,0.122,0.0046,0.8734
HEARTS FOUR HEARTS ACE,0.3634,0.0046,0.632
SPADES EIGHT DIAMONDS JACK,0.7054,0.029,0.2656
SPADES ACE HEARTS SIX,0.3896,0.0056,0.6048
CLUBS SEVEN CLUBS JACK,0.5874,0.0078,0.4048
DIAMONDS ACE HEARTS KING,0.222,0.01,0.768
HEARTS FOUR HEARTS KING,0.5116,0.2144,0.274
SPADES SEVEN DIAMONDS JACK,0.628,0.0064,0.3656
DIAMONDS ACE HEARTS QUEEN,0.3426,0.004,0.6534
HEARTS FOUR HEARTS QUEEN,0.603,0.0072,0.3898
SPADES SIX DIAMONDS JACK,0.646,0.0072,0.3468
SPADES QUEEN HEARTS SIX,0.637,0.0072,0.3558
SPADES TWO DIAMONDS TEN,0.6344,0.005,0.3606
SPADES THREE DIAMONDS TEN,0.6472,0.0078,0.345
SPADES FOUR DIAMONDS TEN,0.6234,0.0052,0.3714
SPADES FIVE DIAMONDS TEN,0.6406,0.009,0.3504
SPADES SIX DIAMONDS TEN,0.6138,0.005,0.3812
SPADES SEVEN DIAMONDS TEN,0.6296,0.006,0.3644
SPADES EIGHT DIAMONDS TEN,0.6806,0.0298,0.2896
SPADES NINE DIAMONDS TEN,0.5678,0.0068,0.4254
CLUBS FOUR DIAMONDS TEN,0.6306,0.0058,0.3636
CLUBS FIVE DIAMONDS TEN,0.6328,0.0052,0.362
CLUBS SIX DIAMONDS TEN,0.6184,0.0058,0.3758
CLUBS SEVEN DIAMONDS TEN,0.6092,0.0056,0.3852
CLUBS EIGHT DIAMONDS TEN,0.6936,0.0308,0.2756
CLUBS NINE DIAMONDS TEN,0.5606,0.0086,0.4308
DIAMONDS THREE CLUBS JACK,0.632,0.008,0.36
CLUBS TEN DIAMONDS THREE,0.6318,0.0052,0.363
DIAMONDS THREE CLUBS KING,0.5382,0.2308,0.231
DIAMONDS THREE CLUBS QUEEN,0.6372,0.0088,0.354
DIAMONDS THREE CLUBS ACE,0.4024,0.0028,0.5948
SPADES FOUR HEARTS JACK,0.6254,0.0094,0.3652
SPADES FOUR HEARTS TEN,0.6362,0.008,0.3558
SPADES FIVE SPADES TWO,0.6126,0.009,0.3784
SPADES FOUR SPADES TWO,0.6122,0.0066,0.3812
SPADES THREE SPADES TWO,0.6114,0.0076,0.381
SPADES NINE SPADES TWO,0.6066,0.0076,0.3858
SPADES EIGHT SPADES TWO,0.708,0.0358,0.2562
SPADES SEVEN SPADES TWO,0.6298,0.0068,0.3634
SPADES SIX SPADES TWO,0.641,0.0086,0.3504
DIAMONDS QUEEN CLUBS THREE,0.6344,0.006,0.3596
CLUBS THREE HEARTS TWO,0.6484,0.008,0.3436
DIAMONDS QUEEN CLUBS TWO,0.643,0.0066,0.3504
HEARTS TWO CLUBS TWO,0.4596,0.013,0.5274
DIAMONDS QUEEN HEARTS SEVEN,0.6416,0.0072,0.3512
HEARTS TWO HEARTS SEVEN,0.638,0.0076,0.3544
HEARTS SIX DIAMONDS QUEEN,0.6312,0.0076,0.3612
HEARTS SIX HEARTS TWO,0.6278,0.0102,0.362
DIAMONDS QUEEN HEARTS NINE,0.5812,0.0072,0.4116
HEARTS TWO HEARTS NINE,0.6108,0.0078,0.3814
CLUBS NINE HEARTS TWO,0.6516,0.0086,0.3398
CLUBS NINE DIAMONDS QUEEN,0.5736,0.0032,0.4232
CLUBS EIGHT HEARTS TWO,0.7378,0.0388,0.2234
CLUBS EIGHT DIAMONDS QUEEN,0.7204,0.0342,0.2454
CLUBS FIVE DIAMONDS QUEEN,0.6144,0.0066,0.379
CLUBS FIVE HEARTS TWO,0.6438,0.0074,0.3488
SPADES EIGHT HEARTS ACE,0.2302,0.0262,0.7436
DIAMONDS QUEEN CLUBS FOUR,0.6314,0.0048,0.3638
HEARTS TWO CLUBS FOUR,0.6446,0.007,0.3484
CLUBS SEVEN DIAMONDS QUEEN,0.635,0.0046,0.3604
CLUBS SEVEN HEARTS TWO,0.6826,0.0068,0.3106
SPADES EIGHT HEARTS QUEEN,0.7232,0.0316,0.2452
CLUBS SIX DIAMONDS QUEEN,0.626,0.0076,0.3664
CLUBS SIX HEARTS TWO,0.6596,0.0088,0.3316
SPADES EIGHT HEARTS KING,0.0084,0.9842,0.0074
DIAMONDS QUEEN SPADES SIX,0.6216,0.0068,0.3716
HEARTS TWO SPADES SIX,0.6686,0.0096,0.3218
HEARTS FOUR CLUBS QUEEN,0.6328,0.006,0.3612
DIAMONDS ACE CLUBS QUEEN,0.3576,0.0026,0.6398
DIAMONDS QUEEN SPADES SEVEN,0.641,0.0062,0.3528
SPADES SEVEN HEARTS TWO,0.6862,0.0078,0.306
HEARTS FOUR CLUBS KING,0.5346,0.2282,0.2372
DIAMONDS ACE CLUBS KING,0.2456,0.0102,0.7442
SPADES EIGHT DIAMONDS QUEEN,0.7084,0.0288,0.2628
SPADES EIGHT HEARTS TWO,0.7426,0.0378,0.2196
HEARTS FOUR CLUBS ACE,0.3884,0.0038,0.6078
DIAMONDS ACE CLUBS ACE,0.1278,0.0022,0.87
SPADES NINE DIAMONDS QUEEN,0.5872,0.0066,0.4062
SPADES NINE HEARTS TWO,0.6478,0.0084,0.3438
HEARTS TWO SPADES TWO,0.4634,0.0148,0.5218
DIAMONDS QUEEN SPADES TWO,0.6454,0.0078,0.3468
HEARTS TWO SPADES THREE,0.6464,0.0092,0.3444
DIAMONDS QUEEN SPADES THREE,0.6392,0.0062,0.3546
HEARTS TWO SPADES FOUR,0.653,0.0106,0.3364
DIAMONDS QUEEN SPADES FOUR,0.6364,0.0048,0.3588
HEARTS FOUR CLUBS TEN,0.6414,0.0048,0.3538
CLUBS TEN DIAMONDS ACE,0.3476,0.0044,0.648
HEARTS TWO SPADES FIVE,0.6324,0.0116,0.356
DIAMONDS QUEEN SPADES FIVE,0.641,0.0076,0.3514
HEARTS FOUR CLUBS JACK,0.6278,0.0066,0.3656
DIAMONDS ACE CLUBS JACK,0.3516,0.0038,0.6446
CLUBS FIVE CLUBS KING,0.5108,0.2164,0.2728
CLUBS FIVE CLUBS QUEEN,0.5822,0.0074,0.4104
CLUBS FIVE CLUBS ACE,0.3486,0.0038,0.6476
CLUBS FIVE CLUBS JACK,0.5908,0.0074,0.4018
CLUBS TEN CLUBS FIVE,0.5878,0.0056,0.4066
SPADES QUEEN CLUBS JACK,0.564,0.0068,0.4292
SPADES ACE CLUBS JACK,0.3384,0.0066,0.655
SPADES SIX CLUBS KING,0.551,0.2228,0.2262
SPADES SIX CLUBS QUEEN,0.6316,0.0072,0.3612
SPADES EIGHT HEARTS JACK,0.713,0.0324,0.2546
SPADES SIX CLUBS ACE,0.3862,0.0038,0.61
SPADES EIGHT HEARTS TEN,0.687,0.0334,0.2796
SPADES SIX CLUBS JACK,0.6328,0.0042,0.363
CLUBS TEN SPADES SIX,0.6314,0.0064,0.3622
SPADES TEN CLUBS JACK,0.541,0.0054,0.4536
SPADES JACK CLUBS JACK,0.2952,0.0056,0.6992
SPADES QUEEN CLUBS SEVEN,0.637,0.0066,0.3564
SPADES ACE CLUBS SEVEN,0.3906,0.003,0.6064
SPADES SIX HEARTS TEN,0.6318,0.0074,0.3608
SPADES SIX HEARTS JACK,0.6266,0.0078,0.3656
SPADES SIX HEARTS ACE,0.3982,0.003,0.5988
SPADES SIX HEARTS KING,0.5428,0.2296,0.2276
SPADES SIX HEARTS QUEEN,0.621,0.01,0.369
SPADES JACK CLUBS SEVEN,0.6356,0.0066,0.3578
CLUBS SEVEN SPADES TEN,0.6034,0.0058,0.3908
CLUBS TEN HEARTS SIX,0.6058,0.006,0.3882
HEARTS SIX CLUBS JACK,0.646,0.0074,0.3466
CLUBS ACE CLUBS JACK,0.3236,0.0036,0.6728
HEARTS SIX CLUBS QUEEN,0.6374,0.0052,0.3574
HEARTS SIX CLUBS KING,0.5434,0.2328,0.2238
HEARTS SIX CLUBS ACE,0.39,0.0046,0.6054
CLUBS QUEEN CLUBS JACK,0.5312,0.0054,0.4634
CLUBS KING CLUBS JACK,0.2226,0.0848,0.6926
DIAMONDS THREE HEARTS ACE,0.405,0.0038,0.5912
DIAMONDS THREE HEARTS QUEEN,0.6364,0.0048,0.3588
DIAMONDS THREE HEARTS KING,0.5232,0.2422,0.2346
CLUBS FIVE HEARTS JACK,0.628,0.0058,0.3662
HEARTS FOUR SPADES TEN,0.6344,0.0082,0.3574
SPADES TEN DIAMONDS ACE,0.35,0.0036,0.6464
CLUBS FIVE HEARTS TEN,0.631,0.0078,0.3612
HEARTS FOUR SPADES JACK,0.631,0.0096,0.3594
SPADES JACK DIAMONDS ACE,0.3446,0.0032,0.6522
SPADES ACE HEARTS FOUR,0.3818,0.0068,0.6114
SPADES ACE DIAMONDS ACE,0.1134,0.0038,0.8828
CLUBS FIVE HEARTS ACE,0.3884,0.003,0.6086
CLUBS FIVE HEARTS KING,0.528,0.2292,0.2428
SPADES QUEEN DIAMONDS ACE,0.3632,0.0036,0.6332
HEARTS FOUR SPADES QUEEN,0.6312,0.0072,0.3616
SPADES FOUR CLUBS JACK,0.6292,0.0058,0.365
CLUBS FIVE HEARTS QUEEN,0.6198,0.0076,0.3726
CLUBS TEN SPADES FOUR,0.626,0.0054,0.3686
DIAMONDS QUEEN DIAMONDS ACE,0.3308,0.004,0.6652
HEARTS TWO DIAMONDS ACE,0.4024,0.006,0.5916
HEARTS FOUR DIAMONDS QUEEN,0.6392,0.0076,0.3532
HEARTS FOUR HEARTS TWO,0.6204,0.0078,0.3718
DIAMONDS THREE HEARTS TEN,0.6386,0.0102,0.3512
SPADES FOUR CLUBS KING,0.5314,0.227,0.2416
HEARTS FIVE DIAMONDS QUEEN,0.6282,0.0068,0.365
HEARTS FIVE HEARTS TWO,0.602,0.0092,0.3888
DIAMONDS THREE HEARTS JACK,0.6192,0.0066,0.3742
SPADES FOUR CLUBS QUEEN,0.6264,0.0076,0.366
DIAMONDS QUEEN HEARTS TWO,0.637,0.0074,0.3556
DIAMONDS KING DIAMONDS QUEEN,0.2324,0.0596,0.708
DIAMONDS KING HEARTS TWO,0.5416,0.226,0.2324
HEARTS THREE DIAMONDS QUEEN,0.64,0.0068,0.3532
HEARTS THREE HEARTS TWO,0.614,0.0072,0.3788
SPADES FOUR CLUBS ACE,0.4004,0.005,0.5946
HEARTS TWO CLUBS ACE,0.4092,0.0042,0.5866
DIAMONDS QUEEN CLUBS ACE,0.3526,0.0034,0.644
HEARTS TWO CLUBS QUEEN,0.643,0.0056,0.3514
DIAMONDS QUEEN CLUBS QUEEN,0.2952,0.0024,0.7024
HEARTS TWO CLUBS KING,0.5434,0.2278,0.2288
DIAMONDS QUEEN CLUBS KING,0.241,0.0636,0.6954
SPADES EIGHT SPADES FIVE,0.6786,0.035,0.2864
CLUBS TEN HEARTS TWO,0.6424,0.0068,0.3508
CLUBS TEN DIAMONDS QUEEN,0.5728,0.0054,0.4218
SPADES NINE SPADES FIVE,0.6048,0.0064,0.3888
HEARTS TWO CLUBS JACK,0.64,0.007,0.353
DIAMONDS QUEEN CLUBS JACK,0.5606,0.0054,0.434
SPADES SIX SPADES FIVE,0.5812,0.0074,0.4114
SPADES SEVEN SPADES FIVE,0.6108,0.0064,0.3828
DIAMONDS FIVE CLUBS QUEEN,0.6224,0.0062,0.3714
SPADES EIGHT CLUBS ACE,0.2322,0.0256,0.7422
DIAMONDS FIVE CLUBS KING,0.5398,0.222,0.2382
SPADES EIGHT CLUBS KING,0.019,0.9682,0.0128
CLUBS ACE DIAMONDS FIVE,0.385,0.0034,0.6116
SPADES EIGHT CLUBS QUEEN,0.7092,0.0346,0.2562
SPADES EIGHT CLUBS JACK,0.7022,0.0328,0.265
CLUBS TEN SPADES EIGHT,0.6842,0.0346,0.2812
CLUBS TEN DIAMONDS FIVE,0.6312,0.0056,0.3632
DIAMONDS FIVE CLUBS JACK,0.6216,0.0076,0.3708
DIAMONDS TEN HEARTS JACK,0.55,0.0056,0.4444
DIAMONDS TEN HEARTS TEN,0.2902,0.009,0.7008
SPADES ACE CLUBS NINE,0.3618,0.003,0.6352
CLUBS NINE SPADES QUEEN,0.587,0.0078,0.4052
HEARTS SIX HEARTS KING,0.5188,0.2224,0.2588
DIAMONDS KING SPADES SEVEN,0.5594,0.227,0.2136
HEARTS THREE SPADES SEVEN,0.6726,0.007,0.3204
