opposingHand,winningChance,drawChance,lostChance
SPADES SIX DIAMONDS QUEEN
HEARTS FIVE SPADES TEN,0.6184,0.0138,0.3678
HEARTS FIVE SPADES JACK,0.6216,0.0114,0.367
SPADES FIVE CLUBS JACK,0.622,0.0128,0.3652
CLUBS TEN SPADES FIVE,0.6276,0.0112,0.3612
CLUBS EIGHT CLUBS JACK,0.537,0.0078,0.4552
CLUBS TEN CLUBS EIGHT,0.5396,0.0112,0.4492
CLUBS EIGHT CLUBS KING,0.343,0.0052,0.6518
SPADES FIVE CLUBS ACE,0.3952,0.0024,0.6024
CLUBS EIGHT CLUBS QUEEN,0.2158,0.21,0.5742
SPADES FIVE CLUBS KING,0.405,0.0058,0.5892
SPADES FIVE CLUBS QUEEN,0.3902,0.3906,0.2192
CLUBS EIGHT CLUBS ACE,0.3186,0.003,0.6784
DIAMONDS TWO DIAMONDS THREE,0.6268,0.0122,0.361
DIAMONDS TWO DIAMONDS FIVE,0.6142,0.012,0.3738
HEARTS FIVE SPADES KING,0.3844,0.0086,0.607
DIAMONDS TWO DIAMONDS FOUR,0.6194,0.0122,0.3684
HEARTS FIVE SPADES QUEEN,0.3824,0.3946,0.223
DIAMONDS TWO DIAMONDS SEVEN,0.6122,0.0138,0.374
DIAMONDS TWO DIAMONDS SIX,0.6798,0.049,0.2712
SPADES ACE HEARTS FIVE,0.3862,0.0026,0.6112
DIAMONDS TWO DIAMONDS NINE,0.596,0.0164,0.3876
DIAMONDS TWO DIAMONDS EIGHT,0.599,0.0122,0.3888
DIAMONDS THREE DIAMONDS FOUR,0.6016,0.0126,0.3858
SPADES FOUR CLUBS TWO,0.6468,0.0144,0.3388
DIAMONDS THREE DIAMONDS FIVE,0.5918,0.0134,0.3948
SPADES FIVE CLUBS TWO,0.6388,0.0144,0.3468
CLUBS TWO SPADES TWO,0.4398,0.0262,0.534
CLUBS TWO SPADES THREE,0.6388,0.0142,0.347
DIAMONDS THREE DIAMONDS EIGHT,0.6226,0.0108,0.3666
SPADES EIGHT CLUBS TWO,0.6422,0.0094,0.3484
DIAMONDS THREE DIAMONDS NINE,0.6068,0.0118,0.3814
SPADES NINE CLUBS TWO,0.6278,0.0114,0.3608
DIAMONDS THREE DIAMONDS SIX,0.6616,0.0508,0.2876
DIAMONDS THREE DIAMONDS SEVEN,0.6064,0.0096,0.384
SPADES SEVEN CLUBS TWO,0.6404,0.0142,0.3454
CLUBS SIX CLUBS TWO,0.6698,0.049,0.2812
CLUBS SEVEN CLUBS TWO,0.599,0.014,0.387
CLUBS FOUR CLUBS TWO,0.5884,0.0162,0.3954
CLUBS FIVE CLUBS TWO,0.6,0.0118,0.3882
CLUBS TEN CLUBS JACK,0.489,0.0134,0.4976
DIAMONDS FOUR DIAMONDS SIX,0.6508,0.0476,0.3016
CLUBS TEN CLUBS QUEEN,0.2146,0.1158,0.6696
DIAMONDS FOUR DIAMONDS SEVEN,0.5744,0.0126,0.413
CLUBS TEN CLUBS KING,0.3116,0.0066,0.6818
CLUBS TEN CLUBS ACE,0.3202,0.0032,0.6766
CLUBS EIGHT CLUBS TWO,0.5922,0.0108,0.397
DIAMONDS FIVE DIAMONDS FOUR,0.5878,0.012,0.4002
CLUBS NINE CLUBS TWO,0.5892,0.0112,0.3996
DIAMONDS NINE DIAMONDS FOUR,0.6024,0.0104,0.3872
DIAMONDS EIGHT DIAMONDS FOUR,0.5982,0.0128,0.389
CLUBS THREE CLUBS TWO,0.5944,0.0148,0.3908
DIAMONDS NINE DIAMONDS FIVE,0.5866,0.0096,0.4038
DIAMONDS TWO CLUBS JACK,0.6334,0.0112,0.3554
DIAMONDS EIGHT DIAMONDS FIVE,0.5872,0.0118,0.401
CLUBS TEN DIAMONDS TWO,0.6154,0.0142,0.3704
DIAMONDS FIVE DIAMONDS SEVEN,0.5862,0.0118,0.402
DIAMONDS FIVE DIAMONDS SIX,0.6386,0.0506,0.3108
DIAMONDS TWO CLUBS ACE,0.3932,0.005,0.6018
DIAMONDS TWO CLUBS KING,0.4194,0.007,0.5736
DIAMONDS TWO CLUBS QUEEN,0.407,0.379,0.214
DIAMONDS EIGHT DIAMONDS SIX,0.6386,0.05,0.3114
DIAMONDS NINE DIAMONDS SIX,0.6674,0.0436,0.289
HEARTS ACE SPADES THREE,0.4036,0.0054,0.591
SPADES THREE HEARTS KING,0.3992,0.0094,0.5914
DIAMONDS SEVEN DIAMONDS SIX,0.6282,0.0464,0.3254
SPADES THREE HEARTS QUEEN,0.3986,0.3848,0.2166
SPADES THREE HEARTS JACK,0.6298,0.0106,0.3596
SPADES THREE HEARTS TEN,0.6284,0.0122,0.3594
DIAMONDS EIGHT DIAMONDS SEVEN,0.5348,0.011,0.4542
DIAMONDS NINE DIAMONDS SEVEN,0.546,0.0098,0.4442
DIAMONDS NINE DIAMONDS EIGHT,0.5322,0.0134,0.4544
DIAMONDS KING HEARTS TEN,0.3418,0.0064,0.6518
HEARTS THREE HEARTS TEN,0.5846,0.0118,0.4036
SPADES JACK CLUBS SIX,0.7146,0.0504,0.235
DIAMONDS KING HEARTS JACK,0.3396,0.005,0.6554
HEARTS THREE HEARTS JACK,0.5826,0.0098,0.4076
SPADES TEN CLUBS SIX,0.7038,0.0432,0.253
SPADES JACK SPADES FIVE,0.5798,0.0092,0.411
SPADES TEN SPADES FIVE,0.592,0.0138,0.3942
DIAMONDS KING HEARTS ACE,0.3236,0.005,0.6714
HEARTS THREE HEARTS ACE,0.3754,0.0042,0.6204
SPADES ACE CLUBS SIX,0.2278,0.026,0.7462
DIAMONDS KING HEARTS QUEEN,0.2372,0.0266,0.7362
HEARTS THREE HEARTS QUEEN,0.3672,0.3664,0.2664
SPADES KING CLUBS SIX,0.237,0.037,0.726
DIAMONDS KING HEARTS KING,0.136,0.0036,0.8604
HEARTS THREE HEARTS KING,0.3722,0.0076,0.6202
SPADES QUEEN CLUBS SIX,0.0084,0.9706,0.021
SPADES NINE HEARTS TEN,0.5538,0.0104,0.4358
SPADES NINE HEARTS JACK,0.5582,0.0086,0.4332
SPADES QUEEN SPADES FIVE,0.3696,0.3686,0.2618
SPADES KING SPADES FIVE,0.373,0.0074,0.6196
SPADES ACE SPADES FIVE,0.362,0.0048,0.6332
SPADES NINE HEARTS QUEEN,0.2236,0.1622,0.6142
SPADES NINE HEARTS KING,0.3488,0.0068,0.6444
SPADES NINE HEARTS ACE,0.3608,0.005,0.6342
CLUBS TEN SPADES JACK,0.5378,0.0098,0.4524
CLUBS TEN SPADES TEN,0.2822,0.0128,0.705
SPADES ACE CLUBS TEN,0.3342,0.003,0.6628
SPADES KING CLUBS TEN,0.3538,0.0056,0.6406
CLUBS TEN SPADES QUEEN,0.2248,0.1164,0.6588
SPADES FIVE HEARTS QUEEN,0.3916,0.387,0.2214
SPADES FIVE HEARTS KING,0.3906,0.0082,0.6012
SPADES FIVE HEARTS ACE,0.388,0.0048,0.6072
CLUBS EIGHT SPADES TEN,0.5592,0.0114,0.4294
SPADES JACK HEARTS THREE,0.6226,0.0122,0.3652
SPADES JACK DIAMONDS KING,0.3292,0.008,0.6628
SPADES TEN DIAMONDS KING,0.3296,0.0084,0.662
SPADES TEN HEARTS THREE,0.6288,0.0118,0.3594
SPADES JACK CLUBS EIGHT,0.5698,0.0102,0.42
CLUBS SIX HEARTS ACE,0.2272,0.0306,0.7422
SPADES ACE CLUBS EIGHT,0.346,0.0048,0.6492
HEARTS FIVE CLUBS JACK,0.6138,0.0116,0.3746
HEARTS FIVE CLUBS TEN,0.6246,0.0104,0.365
CLUBS SIX HEARTS QUEEN,0.0208,0.956,0.0232
SPADES QUEEN CLUBS EIGHT,0.224,0.2216,0.5544
CLUBS TEN SPADES THREE,0.6206,0.0148,0.3646
CLUBS SIX HEARTS KING,0.2324,0.0404,0.7272
SPADES KING CLUBS EIGHT,0.3628,0.0066,0.6306
SPADES THREE CLUBS JACK,0.6294,0.0124,0.3582
DIAMONDS TWO HEARTS JACK,0.6284,0.011,0.3606
SPADES THREE CLUBS QUEEN,0.396,0.3882,0.2158
DIAMONDS TWO HEARTS TEN,0.6284,0.0112,0.3604
SPADES THREE CLUBS KING,0.4178,0.0076,0.5746
HEARTS FIVE CLUBS ACE,0.3858,0.0032,0.611
SPADES FIVE HEARTS TEN,0.6348,0.0118,0.3534
SPADES THREE CLUBS ACE,0.4072,0.0028,0.59
HEARTS FIVE CLUBS KING,0.394,0.007,0.599
SPADES FIVE HEARTS JACK,0.63,0.0098,0.3602
HEARTS FIVE CLUBS QUEEN,0.3782,0.3902,0.2316
HEARTS THREE CLUBS KING,0.4158,0.0054,0.5788
DIAMONDS KING CLUBS KING,0.14,0.0038,0.8562
HEARTS THREE CLUBS QUEEN,0.3768,0.3938,0.2294
DIAMONDS KING CLUBS QUEEN,0.227,0.0244,0.7486
HEARTS FIVE HEARTS JACK,0.5808,0.0074,0.4118
HEARTS FIVE HEARTS TEN,0.5986,0.0098,0.3916
HEARTS THREE CLUBS ACE,0.4148,0.0046,0.5806
DIAMONDS KING CLUBS ACE,0.326,0.0038,0.6702
SPADES ACE CLUBS QUEEN,0.2318,0.0174,0.7508
SPADES KING CLUBS QUEEN,0.237,0.0256,0.7374
HEARTS THREE CLUBS JACK,0.6338,0.0094,0.3568
DIAMONDS KING CLUBS JACK,0.3406,0.008,0.6514
SPADES QUEEN CLUBS QUEEN,0.0818,0.0228,0.8954
CLUBS TEN HEARTS THREE,0.63,0.0152,0.3548
CLUBS TEN DIAMONDS KING,0.333,0.0062,0.6608
SPADES JACK CLUBS QUEEN,0.229,0.0898,0.6812
CLUBS SIX CLUBS QUEEN,0.0226,0.9074,0.07
SPADES TEN CLUBS QUEEN,0.2204,0.1164,0.6632
CLUBS SIX CLUBS KING,0.2198,0.0338,0.7464
CLUBS SIX CLUBS ACE,0.2178,0.0274,0.7548
HEARTS FIVE HEARTS KING,0.3518,0.0066,0.6416
HEARTS FIVE HEARTS QUEEN,0.3636,0.3528,0.2836
CLUBS TEN CLUBS SIX,0.6578,0.0466,0.2956
HEARTS FIVE HEARTS ACE,0.3578,0.0036,0.6386
CLUBS SIX CLUBS JACK,0.6704,0.0478,0.2818
SPADES SEVEN HEARTS JACK,0.5846,0.013,0.4024
SPADES SEVEN HEARTS TEN,0.5704,0.0112,0.4184
DIAMONDS TWO CLUBS TWO,0.4344,0.0286,0.537
DIAMONDS TWO CLUBS THREE,0.649,0.0132,0.3378
DIAMONDS TWO HEARTS SIX,0.7124,0.0578,0.2298
DIAMONDS TWO HEARTS QUEEN,0.3856,0.4016,0.2128
HEARTS SEVEN DIAMONDS TWO,0.641,0.0118,0.3472
DIAMONDS TWO HEARTS KING,0.4008,0.0066,0.5926
DIAMONDS TWO HEARTS EIGHT,0.6416,0.0116,0.3468
DIAMONDS TWO HEARTS ACE,0.3942,0.0026,0.6032
DIAMONDS TWO HEARTS NINE,0.6324,0.0106,0.357
DIAMONDS TWO HEARTS TWO,0.4246,0.0344,0.541
DIAMONDS TWO DIAMONDS KING,0.3844,0.0096,0.606
DIAMONDS TWO HEARTS THREE,0.6442,0.0136,0.3422
DIAMONDS TWO DIAMONDS ACE,0.3742,0.0032,0.6226
HEARTS FOUR DIAMONDS TWO,0.6452,0.0182,0.3366
HEARTS FIVE DIAMONDS TWO,0.6512,0.0136,0.3352
SPADES SEVEN HEARTS ACE,0.3482,0.003,0.6488
DIAMONDS TWO DIAMONDS TEN,0.592,0.0116,0.3964
SPADES SEVEN HEARTS KING,0.3658,0.0058,0.6284
DIAMONDS TWO DIAMONDS JACK,0.6016,0.0106,0.3878
SPADES SEVEN HEARTS QUEEN,0.2218,0.3054,0.4728
DIAMONDS TWO SPADES NINE,0.6278,0.0142,0.358
DIAMONDS TWO SPADES EIGHT,0.634,0.012,0.354
DIAMONDS TWO SPADES SEVEN,0.6456,0.0122,0.3422
DIAMONDS TWO SPADES FIVE,0.643,0.0146,0.3424
DIAMONDS TWO SPADES FOUR,0.6488,0.012,0.3392
DIAMONDS TWO SPADES THREE,0.6554,0.0116,0.333
DIAMONDS TWO SPADES TWO,0.4358,0.031,0.5332
CLUBS NINE DIAMONDS TWO,0.635,0.0108,0.3542
DIAMONDS TWO CLUBS EIGHT,0.632,0.0104,0.3576
CLUBS SEVEN DIAMONDS TWO,0.6386,0.013,0.3484
DIAMONDS TWO CLUBS SIX,0.707,0.051,0.242
DIAMONDS TWO CLUBS FIVE,0.6406,0.0096,0.3498
DIAMONDS TWO CLUBS FOUR,0.6464,0.0142,0.3394
CLUBS FOUR SPADES FIVE,0.619,0.014,0.367
CLUBS FOUR SPADES FOUR,0.4276,0.0262,0.5462
CLUBS FOUR SPADES THREE,0.63,0.0164,0.3536
CLUBS FOUR SPADES TWO,0.6356,0.0144,0.35
SPADES NINE CLUBS FOUR,0.6308,0.0082,0.361
SPADES EIGHT CLUBS FOUR,0.6216,0.0128,0.3656
SPADES SEVEN CLUBS FOUR,0.6166,0.0124,0.371
SPADES ACE DIAMONDS SIX,0.2346,0.0326,0.7328
SPADES QUEEN DIAMONDS SIX,0.0088,0.982,0.0092
SPADES KING DIAMONDS SIX,0.2354,0.0368,0.7278
SPADES TEN DIAMONDS SIX,0.6844,0.0488,0.2668
SPADES JACK DIAMONDS SIX,0.714,0.055,0.231
SPADES QUEEN SPADES TWO,0.3766,0.3676,0.2558
SPADES KING SPADES TWO,0.3694,0.0072,0.6234
SPADES ACE SPADES TWO,0.3732,0.0048,0.622
DIAMONDS JACK CLUBS JACK,0.2834,0.0092,0.7074
CLUBS TEN DIAMONDS JACK,0.5386,0.0082,0.4532
DIAMONDS JACK CLUBS KING,0.349,0.0056,0.6454
DIAMONDS JACK CLUBS QUEEN,0.2438,0.085,0.6712
DIAMONDS THREE DIAMONDS JACK,0.591,0.013,0.396
DIAMONDS THREE DIAMONDS TEN,0.607,0.0106,0.3824
DIAMONDS JACK CLUBS ACE,0.3518,0.0062,0.642
DIAMONDS THREE DIAMONDS KING,0.37,0.0064,0.6236
DIAMONDS THREE HEARTS THREE,0.441,0.0324,0.5266
DIAMONDS THREE HEARTS TWO,0.637,0.013,0.35
HEARTS FIVE DIAMONDS THREE,0.6274,0.0126,0.36
DIAMONDS THREE DIAMONDS ACE,0.3764,0.0056,0.618
HEARTS FOUR DIAMONDS THREE,0.6232,0.013,0.3638
HEARTS SEVEN DIAMONDS THREE,0.6296,0.0114,0.359
SPADES TEN SPADES NINE,0.5136,0.011,0.4754
HEARTS SIX DIAMONDS THREE,0.7046,0.0506,0.2448
SPADES JACK SPADES NINE,0.5226,0.0124,0.465
DIAMONDS THREE HEARTS NINE,0.6352,0.0114,0.3534
HEARTS JACK DIAMONDS FOUR,0.6356,0.0126,0.3518
HEARTS ACE HEARTS KING,0.311,0.0042,0.6848
SPADES TEN SPADES TWO,0.5958,0.0126,0.3916
DIAMONDS THREE HEARTS EIGHT,0.6396,0.0116,0.3488
HEARTS TEN DIAMONDS FOUR,0.6308,0.0082,0.361
SPADES JACK SPADES TWO,0.5964,0.0096,0.394
HEARTS QUEEN DIAMONDS FOUR,0.4092,0.38,0.2108
HEARTS KING DIAMONDS FOUR,0.4072,0.0078,0.585
SPADES ACE SPADES NINE,0.3422,0.0064,0.6514
HEARTS ACE DIAMONDS FOUR,0.3884,0.0026,0.609
SPADES KING SPADES NINE,0.3404,0.0076,0.652
SPADES QUEEN SPADES NINE,0.2286,0.1612,0.6102
DIAMONDS THREE SPADES NINE,0.625,0.014,0.361
DIAMONDS THREE SPADES EIGHT,0.6302,0.016,0.3538
DIAMONDS THREE SPADES SEVEN,0.6292,0.0138,0.357
DIAMONDS THREE CLUBS SIX,0.6942,0.054,0.2518
CLUBS FIVE CLUBS SIX,0.6174,0.0458,0.3368
CLUBS ACE DIAMONDS FOUR,0.396,0.0048,0.5992
CLUBS SEVEN DIAMONDS THREE,0.6308,0.0146,0.3546
CLUBS SEVEN CLUBS FIVE,0.5806,0.0114,0.408
DIAMONDS THREE CLUBS FOUR,0.6316,0.0146,0.3538
DIAMONDS FOUR CLUBS QUEEN,0.3944,0.3904,0.2152
DIAMONDS THREE CLUBS FIVE,0.624,0.0146,0.3614
CLUBS KING DIAMONDS FOUR,0.4068,0.0064,0.5868
DIAMONDS THREE CLUBS TWO,0.6484,0.0112,0.3404
CLUBS TEN DIAMONDS FOUR,0.6192,0.0094,0.3714
DIAMONDS THREE CLUBS THREE,0.4452,0.0286,0.5262
DIAMONDS FOUR CLUBS JACK,0.6272,0.0138,0.359
DIAMONDS THREE SPADES FOUR,0.623,0.018,0.359
DIAMONDS THREE SPADES FIVE,0.6432,0.0132,0.3436
DIAMONDS THREE SPADES TWO,0.6482,0.0134,0.3384
DIAMONDS THREE SPADES THREE,0.4356,0.03,0.5344
CLUBS EIGHT DIAMONDS THREE,0.631,0.0116,0.3574
CLUBS NINE DIAMONDS THREE,0.6322,0.0128,0.355
SPADES SEVEN CLUBS ACE,0.3572,0.0042,0.6386
SPADES SEVEN CLUBS QUEEN,0.2172,0.3028,0.48
SPADES SEVEN CLUBS KING,0.3462,0.0066,0.6472
CLUBS FIVE SPADES SEVEN,0.5884,0.0114,0.4002
CLUBS TEN SPADES SEVEN,0.5806,0.0092,0.4102
SPADES SEVEN CLUBS JACK,0.5774,0.0096,0.413
CLUBS FIVE SPADES NINE,0.6114,0.0136,0.375
CLUBS FIVE SPADES EIGHT,0.6048,0.011,0.3842
CLUBS FIVE SPADES THREE,0.6322,0.0146,0.3532
CLUBS FIVE SPADES TWO,0.6372,0.0142,0.3486
CLUBS FIVE SPADES FIVE,0.4132,0.0294,0.5574
CLUBS FIVE SPADES FOUR,0.6212,0.011,0.3678
CLUBS NINE CLUBS FIVE,0.582,0.0108,0.4072
CLUBS EIGHT CLUBS FIVE,0.5644,0.0142,0.4214
CLUBS ACE CLUBS QUEEN,0.2228,0.0138,0.7634
CLUBS KING CLUBS QUEEN,0.2238,0.025,0.7512
DIAMONDS TEN DIAMONDS FOUR,0.5962,0.0124,0.3914
CLUBS TEN DIAMONDS NINE,0.5488,0.01,0.4412
DIAMONDS JACK DIAMONDS FOUR,0.5932,0.0096,0.3972
DIAMONDS NINE CLUBS JACK,0.565,0.0102,0.4248
SPADES NINE CLUBS JACK,0.5558,0.01,0.4342
CLUBS TEN SPADES NINE,0.5536,0.0094,0.437
DIAMONDS ACE DIAMONDS FOUR,0.359,0.0062,0.6348
HEARTS FOUR DIAMONDS FOUR,0.4348,0.0256,0.5396
DIAMONDS JACK HEARTS TEN,0.5432,0.0086,0.4482
SPADES NINE CLUBS KING,0.3516,0.006,0.6424
DIAMONDS TWO SPADES TEN,0.6266,0.0114,0.362
DIAMONDS NINE CLUBS ACE,0.356,0.0032,0.6408
HEARTS FIVE DIAMONDS FOUR,0.614,0.0146,0.3714
DIAMONDS JACK HEARTS JACK,0.2854,0.01,0.7046
SPADES NINE CLUBS QUEEN,0.232,0.1606,0.6074
DIAMONDS TWO SPADES JACK,0.626,0.014,0.36
HEARTS TWO DIAMONDS FOUR,0.647,0.0152,0.3378
DIAMONDS NINE CLUBS QUEEN,0.2346,0.1636,0.6018
DIAMONDS KING DIAMONDS FOUR,0.383,0.007,0.61
HEARTS THREE DIAMONDS FOUR,0.6272,0.0102,0.3626
SPADES NINE CLUBS ACE,0.3496,0.0034,0.647
DIAMONDS NINE CLUBS KING,0.3586,0.0088,0.6326
HEARTS ACE DIAMONDS JACK,0.3462,0.0042,0.6496
SPADES ACE DIAMONDS TWO,0.3826,0.0042,0.6132
HEARTS QUEEN DIAMONDS JACK,0.235,0.0884,0.6766
SPADES QUEEN DIAMONDS TWO,0.384,0.3944,0.2216
DIAMONDS JACK HEARTS KING,0.3432,0.0064,0.6504
SPADES KING DIAMONDS TWO,0.3834,0.0096,0.607
SPADES JACK SPADES SEVEN,0.5444,0.0114,0.4442
SPADES TEN SPADES SEVEN,0.5524,0.0118,0.4358
CLUBS SEVEN CLUBS THREE,0.5892,0.0116,0.3992
CLUBS SIX CLUBS THREE,0.6542,0.0496,0.2962
CLUBS FIVE CLUBS THREE,0.5804,0.0102,0.4094
CLUBS THREE CLUBS FOUR,0.5722,0.0136,0.4142
CLUBS NINE CLUBS THREE,0.5834,0.011,0.4056
CLUBS EIGHT CLUBS THREE,0.6058,0.0126,0.3816
CLUBS THREE SPADES FIVE,0.6132,0.0154,0.3714
CLUBS THREE SPADES FOUR,0.6398,0.0112,0.349
CLUBS THREE SPADES THREE,0.431,0.0302,0.5388
CLUBS THREE SPADES TWO,0.6506,0.0142,0.3352
CLUBS THREE SPADES SEVEN,0.6346,0.0132,0.3522
SPADES EIGHT CLUBS THREE,0.6366,0.0124,0.351
SPADES NINE CLUBS THREE,0.6228,0.0112,0.366
SPADES TWO DIAMONDS FOUR,0.6562,0.0144,0.3294
SPADES THREE DIAMONDS FOUR,0.6398,0.0128,0.3474
SPADES FOUR DIAMONDS FOUR,0.437,0.032,0.531
SPADES FIVE DIAMONDS FOUR,0.6138,0.0124,0.3738
SPADES SEVEN DIAMONDS FOUR,0.6066,0.0126,0.3808
SPADES EIGHT DIAMONDS FOUR,0.6334,0.0082,0.3584
SPADES NINE DIAMONDS FOUR,0.6286,0.0134,0.358
CLUBS FIVE DIAMONDS FOUR,0.613,0.0094,0.3776
CLUBS FOUR DIAMONDS FOUR,0.4164,0.0316,0.552
CLUBS SEVEN DIAMONDS FOUR,0.6058,0.0136,0.3806
CLUBS SIX DIAMONDS FOUR,0.6874,0.0486,0.264
CLUBS NINE DIAMONDS FOUR,0.6266,0.0128,0.3606
CLUBS EIGHT DIAMONDS FOUR,0.6258,0.0106,0.3636
HEARTS SEVEN DIAMONDS FOUR,0.621,0.0124,0.3666
HEARTS SIX DIAMONDS FOUR,0.6816,0.053,0.2654
DIAMONDS FOUR HEARTS NINE,0.641,0.0124,0.3466
DIAMONDS FOUR HEARTS EIGHT,0.6252,0.012,0.3628
CLUBS THREE DIAMONDS FOUR,0.6276,0.0144,0.358
CLUBS TWO DIAMONDS FOUR,0.6398,0.0122,0.348
DIAMONDS TEN DIAMONDS FIVE,0.6084,0.0106,0.381
DIAMONDS JACK DIAMONDS FIVE,0.6014,0.0114,0.3872
DIAMONDS NINE HEARTS QUEEN,0.237,0.1666,0.5964
DIAMONDS NINE HEARTS KING,0.3652,0.008,0.6268
HEARTS ACE DIAMONDS NINE,0.3774,0.0044,0.6182
DIAMONDS NINE HEARTS TEN,0.5568,0.0112,0.432
DIAMONDS NINE HEARTS JACK,0.5508,0.0092,0.44
CLUBS KING DIAMONDS SIX,0.232,0.0372,0.7308
CLUBS QUEEN DIAMONDS SIX,0.015,0.9738,0.0112
CLUBS ACE DIAMONDS SIX,0.2396,0.0316,0.7288
SPADES KING DIAMONDS FOUR,0.3862,0.0078,0.606
SPADES ACE SPADES SEVEN,0.3568,0.0048,0.6384
SPADES QUEEN DIAMONDS FOUR,0.3958,0.3854,0.2188
SPADES QUEEN SPADES SEVEN,0.2146,0.2994,0.486
CLUBS JACK DIAMONDS SIX,0.7188,0.0478,0.2334
SPADES KING SPADES SEVEN,0.3498,0.0058,0.6444
SPADES ACE DIAMONDS FOUR,0.3924,0.0068,0.6008
CLUBS TEN DIAMONDS SIX,0.7084,0.0454,0.2462
CLUBS NINE CLUBS FOUR,0.5954,0.014,0.3906
CLUBS EIGHT CLUBS FOUR,0.5766,0.0108,0.4126
SPADES JACK DIAMONDS FOUR,0.6304,0.0128,0.3568
SPADES TEN DIAMONDS FOUR,0.6246,0.0138,0.3616
CLUBS FIVE CLUBS FOUR,0.5794,0.0118,0.4088
CLUBS SEVEN CLUBS FOUR,0.5814,0.0114,0.4072
CLUBS SIX CLUBS FOUR,0.6466,0.044,0.3094
CLUBS SEVEN SPADES EIGHT,0.563,0.0148,0.4222
CLUBS SEVEN SPADES NINE,0.5756,0.011,0.4134
CLUBS SEVEN SPADES SEVEN,0.3172,0.0226,0.6602
CLUBS SEVEN SPADES FIVE,0.6008,0.0118,0.3874
CLUBS SEVEN SPADES FOUR,0.633,0.014,0.353
CLUBS SEVEN SPADES THREE,0.6402,0.0122,0.3476
CLUBS SEVEN SPADES TWO,0.6362,0.0148,0.349
CLUBS NINE CLUBS SEVEN,0.5392,0.0124,0.4484
CLUBS SEVEN CLUBS EIGHT,0.5276,0.0096,0.4628
HEARTS SIX DIAMONDS FIVE,0.6628,0.0528,0.2844
HEARTS SEVEN DIAMONDS FIVE,0.6166,0.0128,0.3706
DIAMONDS FIVE HEARTS EIGHT,0.6174,0.0124,0.3702
DIAMONDS FIVE HEARTS NINE,0.6196,0.0146,0.3658
HEARTS TWO DIAMONDS FIVE,0.6498,0.017,0.3332
HEARTS KING HEARTS EIGHT,0.3366,0.0068,0.6566
DIAMONDS KING DIAMONDS FIVE,0.3776,0.0054,0.617
HEARTS THREE DIAMONDS FIVE,0.6348,0.0126,0.3526
HEARTS QUEEN HEARTS EIGHT,0.2268,0.2066,0.5666
DIAMONDS ACE DIAMONDS FIVE,0.3672,0.0052,0.6276
HEARTS FOUR DIAMONDS FIVE,0.6112,0.0138,0.375
HEARTS FIVE DIAMONDS FIVE,0.4172,0.0226,0.5602
HEARTS ACE HEARTS EIGHT,0.3416,0.0032,0.6552
CLUBS FOUR DIAMONDS FIVE,0.6082,0.0126,0.3792
CLUBS FIVE DIAMONDS FIVE,0.4212,0.0252,0.5536
CLUBS SIX DIAMONDS FIVE,0.661,0.0488,0.2902
CLUBS SEVEN DIAMONDS FIVE,0.6042,0.011,0.3848
CLUBS TWO DIAMONDS FIVE,0.637,0.0138,0.3492
CLUBS THREE DIAMONDS FIVE,0.6174,0.0128,0.3698
SPADES THREE DIAMONDS FIVE,0.6222,0.0134,0.3644
SPADES TWO DIAMONDS FIVE,0.6426,0.017,0.3404
SPADES JACK DIAMONDS EIGHT,0.5764,0.0102,0.4134
SPADES FIVE DIAMONDS FIVE,0.4184,0.027,0.5546
CLUBS TEN HEARTS JACK,0.5414,0.0058,0.4528
SPADES TEN DIAMONDS EIGHT,0.5562,0.0098,0.434
SPADES FOUR DIAMONDS FIVE,0.6206,0.0124,0.367
HEARTS JACK CLUBS JACK,0.2988,0.0086,0.6926
HEARTS JACK CLUBS QUEEN,0.2378,0.0924,0.6698
CLUBS NINE DIAMONDS FIVE,0.6176,0.0144,0.368
CLUBS KING HEARTS JACK,0.356,0.0072,0.6368
CLUBS EIGHT DIAMONDS FIVE,0.6242,0.0104,0.3654
CLUBS ACE HEARTS JACK,0.3528,0.0024,0.6448
SPADES SEVEN DIAMONDS FIVE,0.61,0.0116,0.3784
SPADES KING DIAMONDS EIGHT,0.3626,0.0076,0.6298
SPADES QUEEN DIAMONDS EIGHT,0.2142,0.2264,0.5594
SPADES NINE DIAMONDS FIVE,0.6282,0.0144,0.3574
SPADES EIGHT DIAMONDS FIVE,0.6024,0.0144,0.3832
SPADES ACE DIAMONDS EIGHT,0.3396,0.0052,0.6552
DIAMONDS TEN DIAMONDS SIX,0.6762,0.0474,0.2764
HEARTS ACE DIAMONDS SEVEN,0.3508,0.0038,0.6454
DIAMONDS JACK DIAMONDS SIX,0.6946,0.0488,0.2566
HEARTS QUEEN DIAMONDS SEVEN,0.2286,0.3104,0.461
HEARTS KING DIAMONDS SEVEN,0.3742,0.0072,0.6186
DIAMONDS ACE DIAMONDS SIX,0.2256,0.0306,0.7438
HEARTS FOUR DIAMONDS SIX,0.6818,0.0538,0.2644
SPADES TWO HEARTS JACK,0.6226,0.013,0.3644
HEARTS FIVE DIAMONDS SIX,0.6706,0.0516,0.2778
SPADES TWO HEARTS TEN,0.6278,0.015,0.3572
HEARTS TWO DIAMONDS SIX,0.7102,0.052,0.2378
DIAMONDS KING DIAMONDS SIX,0.2214,0.0408,0.7378
HEARTS THREE DIAMONDS SIX,0.7046,0.0516,0.2438
HEARTS EIGHT DIAMONDS SIX,0.676,0.0426,0.2814
HEARTS NINE DIAMONDS SIX,0.6934,0.051,0.2556
HEARTS SIX DIAMONDS SIX,0.299,0.0358,0.6652
HEARTS SEVEN DIAMONDS SIX,0.673,0.045,0.282
HEARTS TEN DIAMONDS SEVEN,0.5848,0.0092,0.406
CLUBS TWO DIAMONDS SIX,0.7124,0.0534,0.2342
HEARTS JACK DIAMONDS SEVEN,0.5818,0.0102,0.408
CLUBS THREE DIAMONDS SIX,0.6988,0.0542,0.247
CLUBS SEVEN DIAMONDS SIX,0.6674,0.0448,0.2878
DIAMONDS EIGHT CLUBS JACK,0.5598,0.0108,0.4294
CLUBS SIX DIAMONDS SIX,0.2936,0.038,0.6684
CLUBS TEN DIAMONDS EIGHT,0.555,0.0086,0.4364
CLUBS FIVE DIAMONDS SIX,0.6602,0.0508,0.289
CLUBS FOUR DIAMONDS SIX,0.6794,0.0514,0.2692
HEARTS ACE HEARTS JACK,0.3286,0.005,0.6664
DIAMONDS EIGHT CLUBS ACE,0.3632,0.0034,0.6334
HEARTS QUEEN HEARTS JACK,0.2312,0.0842,0.6846
DIAMONDS EIGHT CLUBS KING,0.3718,0.006,0.6222
CLUBS NINE DIAMONDS SIX,0.6982,0.0484,0.2534
HEARTS KING HEARTS JACK,0.3126,0.0066,0.6808
DIAMONDS EIGHT CLUBS QUEEN,0.2274,0.233,0.5396
CLUBS EIGHT DIAMONDS SIX,0.6786,0.0502,0.2712
SPADES TEN HEARTS KING,0.3384,0.0076,0.654
SPADES FIVE DIAMONDS SIX,0.6726,0.0502,0.2772
HEARTS ACE SPADES TWO,0.3954,0.006,0.5986
SPADES JACK HEARTS KING,0.3408,0.0072,0.652
SPADES FOUR DIAMONDS SIX,0.6886,0.0524,0.259
SPADES THREE DIAMONDS SIX,0.697,0.0548,0.2482
HEARTS QUEEN SPADES TWO,0.403,0.3822,0.2148
SPADES ACE SPADES KING,0.3124,0.0062,0.6814
SPADES TWO HEARTS KING,0.4028,0.0078,0.5894
SPADES TWO DIAMONDS SIX,0.7288,0.0554,0.2158
HEARTS TEN HEARTS EIGHT,0.5216,0.0094,0.469
SPADES NINE DIAMONDS SIX,0.6862,0.0498,0.264
HEARTS JACK HEARTS EIGHT,0.5404,0.0092,0.4504
SPADES EIGHT DIAMONDS SIX,0.6768,0.0388,0.2844
SPADES SEVEN DIAMONDS SIX,0.6688,0.0474,0.2838
SPADES KING HEARTS KING,0.133,0.004,0.863
SPADES QUEEN HEARTS KING,0.229,0.0278,0.7432
CLUBS ACE CLUBS KING,0.2976,0.0054,0.697
SPADES ACE HEARTS KING,0.3236,0.0046,0.6718
SPADES ACE HEARTS JACK,0.342,0.0048,0.6532
SPADES QUEEN HEARTS JACK,0.2376,0.0814,0.681
SPADES KING HEARTS JACK,0.3454,0.005,0.6496
SPADES TEN DIAMONDS TEN,0.2884,0.0148,0.6968
SPADES JACK DIAMONDS TEN,0.5444,0.0082,0.4474
SPADES ACE DIAMONDS TEN,0.3382,0.0046,0.6572
SPADES JACK HEARTS JACK,0.2778,0.0108,0.7114
SPADES TEN HEARTS JACK,0.5266,0.0092,0.4642
SPADES QUEEN DIAMONDS TEN,0.2268,0.1228,0.6504
SPADES KING DIAMONDS TEN,0.3522,0.0058,0.642
SPADES NINE DIAMONDS SEVEN,0.5786,0.011,0.4104
SPADES EIGHT DIAMONDS SEVEN,0.5804,0.014,0.4056
SPADES SEVEN DIAMONDS SEVEN,0.3142,0.0302,0.6556
DIAMONDS KING DIAMONDS SEVEN,0.3372,0.0072,0.6556
HEARTS THREE DIAMONDS SEVEN,0.6386,0.0112,0.3502
HEARTS KING DIAMONDS FIVE,0.3978,0.007,0.5952
HEARTS TWO DIAMONDS SEVEN,0.649,0.0148,0.3362
HEARTS QUEEN DIAMONDS FIVE,0.4012,0.3686,0.2302
HEARTS FIVE DIAMONDS SEVEN,0.6032,0.0104,0.3864
DIAMONDS ACE DIAMONDS SEVEN,0.3342,0.0032,0.6626
HEARTS FOUR DIAMONDS SEVEN,0.627,0.0128,0.3602
HEARTS ACE DIAMONDS FIVE,0.391,0.0046,0.6044
HEARTS SEVEN DIAMONDS SEVEN,0.3244,0.0272,0.6484
HEARTS SIX DIAMONDS SEVEN,0.6688,0.0416,0.2896
DIAMONDS SEVEN HEARTS NINE,0.5756,0.0122,0.4122
HEARTS EIGHT DIAMONDS SEVEN,0.5648,0.011,0.4242
DIAMONDS JACK DIAMONDS SEVEN,0.5576,0.0116,0.4308
DIAMONDS FIVE HEARTS JACK,0.6282,0.01,0.3618
DIAMONDS TEN DIAMONDS SEVEN,0.5564,0.0098,0.4338
HEARTS TEN DIAMONDS FIVE,0.6374,0.0084,0.3542
SPADES KING CLUBS TWO,0.3928,0.0078,0.5994
HEARTS KING CLUBS KING,0.147,0.0028,0.8502
CLUBS EIGHT DIAMONDS SEVEN,0.5742,0.009,0.4168
SPADES QUEEN CLUBS TWO,0.3878,0.3866,0.2256
HEARTS KING CLUBS QUEEN,0.2336,0.0248,0.7416
CLUBS NINE DIAMONDS SEVEN,0.5722,0.0116,0.4162
SPADES TWO CLUBS JACK,0.6336,0.0114,0.355
SPADES ACE CLUBS TWO,0.3804,0.0038,0.6158
CLUBS TEN SPADES TWO,0.6328,0.012,0.3552
HEARTS KING CLUBS ACE,0.3228,0.002,0.6752
CLUBS SEVEN CLUBS SIX,0.6204,0.039,0.3406
SPADES TWO CLUBS KING,0.4258,0.0068,0.5674
SPADES TWO DIAMONDS SEVEN,0.6458,0.0132,0.341
CLUBS EIGHT CLUBS SIX,0.6234,0.0462,0.3304
SPADES THREE DIAMONDS SEVEN,0.642,0.0154,0.3426
SPADES TWO CLUBS QUEEN,0.3996,0.3782,0.2222
CLUBS NINE CLUBS SIX,0.6484,0.0416,0.31
SPADES FOUR DIAMONDS SEVEN,0.6216,0.013,0.3654
HEARTS KING CLUBS JACK,0.3458,0.0046,0.6496
SPADES FIVE DIAMONDS SEVEN,0.605,0.0118,0.3832
SPADES TWO CLUBS ACE,0.3924,0.0052,0.6024
CLUBS TEN HEARTS KING,0.338,0.006,0.656
CLUBS SIX SPADES TWO,0.7152,0.0538,0.231
CLUBS SIX SPADES THREE,0.6998,0.0528,0.2474
CLUBS TWO DIAMONDS SEVEN,0.6352,0.0132,0.3516
CLUBS SIX SPADES FOUR,0.6902,0.051,0.2588
CLUBS THREE DIAMONDS SEVEN,0.6338,0.0128,0.3534
CLUBS SIX SPADES FIVE,0.682,0.049,0.269
CLUBS FOUR DIAMONDS SEVEN,0.6148,0.0134,0.3718
CLUBS FIVE DIAMONDS SEVEN,0.604,0.0122,0.3838
CLUBS SIX SPADES SEVEN,0.6632,0.0422,0.2946
CLUBS SIX DIAMONDS SEVEN,0.6794,0.0456,0.275
CLUBS SIX SPADES EIGHT,0.6692,0.045,0.2858
SPADES JACK CLUBS TWO,0.6342,0.014,0.3518
CLUBS SEVEN DIAMONDS SEVEN,0.3142,0.0252,0.6606
SPADES NINE CLUBS SIX,0.6782,0.0452,0.2766
SPADES TEN CLUBS TWO,0.625,0.0144,0.3606
CLUBS TWO CLUBS QUEEN,0.373,0.356,0.271
CLUBS TWO CLUBS KING,0.3884,0.0052,0.6064
CLUBS THREE DIAMONDS EIGHT,0.6298,0.0098,0.3604
CLUBS TWO CLUBS ACE,0.3642,0.0032,0.6326
CLUBS TWO DIAMONDS EIGHT,0.6292,0.0134,0.3574
HEARTS SEVEN DIAMONDS EIGHT,0.5638,0.0102,0.426
HEARTS SIX DIAMONDS EIGHT,0.672,0.0448,0.2832
DIAMONDS EIGHT HEARTS NINE,0.573,0.0092,0.4178
CLUBS TEN CLUBS TWO,0.5938,0.0134,0.3928
DIAMONDS EIGHT HEARTS EIGHT,0.3044,0.0194,0.6762
CLUBS TWO CLUBS JACK,0.5898,0.0132,0.397
CLUBS NINE DIAMONDS EIGHT,0.557,0.0094,0.4336
CLUBS EIGHT DIAMONDS EIGHT,0.322,0.0258,0.6522
CLUBS FIVE DIAMONDS EIGHT,0.6256,0.0138,0.3606
SPADES ACE SPADES THREE,0.3706,0.0054,0.624
CLUBS FOUR DIAMONDS EIGHT,0.6336,0.0122,0.3542
CLUBS SEVEN DIAMONDS EIGHT,0.5728,0.0112,0.416
SPADES QUEEN SPADES THREE,0.369,0.3706,0.2604
CLUBS SIX DIAMONDS EIGHT,0.6698,0.0468,0.2834
SPADES KING SPADES THREE,0.3694,0.0068,0.6238
HEARTS TWO DIAMONDS EIGHT,0.6356,0.0116,0.3528
DIAMONDS KING DIAMONDS EIGHT,0.3418,0.0068,0.6514
HEARTS THREE DIAMONDS EIGHT,0.6426,0.0124,0.345
DIAMONDS ACE DIAMONDS EIGHT,0.3402,0.004,0.6558
HEARTS FOUR DIAMONDS EIGHT,0.624,0.0106,0.3654
HEARTS FIVE DIAMONDS EIGHT,0.6188,0.0118,0.3694
DIAMONDS EIGHT DIAMONDS TEN,0.5504,0.0114,0.4382
DIAMONDS EIGHT DIAMONDS JACK,0.5484,0.0118,0.4398
SPADES JACK SPADES THREE,0.592,0.0112,0.3968
SPADES TEN SPADES THREE,0.6018,0.0134,0.3848
CLUBS FOUR HEARTS ACE,0.3814,0.003,0.6156
CLUBS FOUR HEARTS QUEEN,0.3902,0.385,0.2248
CLUBS FOUR HEARTS KING,0.3842,0.0058,0.61
CLUBS SIX HEARTS TEN,0.7084,0.0472,0.2444
CLUBS SIX HEARTS JACK,0.7064,0.0474,0.2462
SPADES FOUR DIAMONDS EIGHT,0.6336,0.011,0.3554
SPADES FIVE DIAMONDS EIGHT,0.6112,0.0142,0.3746
DIAMONDS EIGHT SPADES TWO,0.6406,0.016,0.3434
DIAMONDS EIGHT SPADES THREE,0.63,0.0122,0.3578
CLUBS FOUR HEARTS JACK,0.625,0.0088,0.3662
SPADES EIGHT DIAMONDS EIGHT,0.3036,0.0196,0.6768
SPADES TEN HEARTS TWO,0.6226,0.013,0.3644
SPADES JACK HEARTS EIGHT,0.5702,0.014,0.4158
CLUBS FOUR HEARTS TEN,0.6318,0.0098,0.3584
SPADES NINE DIAMONDS EIGHT,0.56,0.0102,0.4298
SPADES TEN HEARTS EIGHT,0.5596,0.0086,0.4318
SPADES JACK HEARTS TWO,0.6278,0.0146,0.3576
SPADES SEVEN DIAMONDS EIGHT,0.5696,0.0142,0.4162
SPADES ACE HEARTS TWO,0.3898,0.0052,0.605
SPADES ACE HEARTS EIGHT,0.3526,0.0022,0.6452
SPADES KING HEARTS EIGHT,0.3666,0.0066,0.6268
SPADES QUEEN HEARTS TWO,0.3842,0.3892,0.2266
SPADES KING HEARTS TWO,0.3964,0.0086,0.595
SPADES QUEEN HEARTS EIGHT,0.2222,0.2172,0.5606
CLUBS TWO HEARTS TEN,0.6242,0.012,0.3638
CLUBS TWO HEARTS JACK,0.6154,0.0088,0.3758
SPADES SEVEN DIAMONDS NINE,0.5688,0.0078,0.4234
SPADES NINE DIAMONDS NINE,0.3002,0.016,0.6838
SPADES EIGHT DIAMONDS NINE,0.5558,0.0108,0.4334
SPADES TEN CLUBS KING,0.3384,0.0046,0.657
DIAMONDS NINE SPADES THREE,0.6422,0.0126,0.3452
SPADES JACK CLUBS KING,0.3442,0.0054,0.6504
DIAMONDS NINE SPADES TWO,0.6366,0.011,0.3524
SPADES FIVE DIAMONDS NINE,0.6166,0.014,0.3694
DIAMONDS NINE SPADES FOUR,0.6508,0.0132,0.336
CLUBS NINE DIAMONDS NINE,0.2992,0.019,0.6818
CLUBS EIGHT DIAMONDS NINE,0.5558,0.0108,0.4334
CLUBS SIX DIAMONDS NINE,0.69,0.0444,0.2656
SPADES JACK CLUBS FOUR,0.618,0.0096,0.3724
CLUBS SEVEN DIAMONDS NINE,0.5672,0.0138,0.419
SPADES TEN CLUBS FOUR,0.608,0.0124,0.3796
CLUBS FOUR DIAMONDS NINE,0.6402,0.014,0.3458
CLUBS FIVE DIAMONDS NINE,0.6334,0.0126,0.354
DIAMONDS NINE CLUBS TWO,0.6316,0.0112,0.3572
CLUBS THREE DIAMONDS NINE,0.6362,0.0114,0.3524
DIAMONDS NINE HEARTS EIGHT,0.5648,0.0116,0.4236
DIAMONDS NINE HEARTS NINE,0.3058,0.0198,0.6744
HEARTS SIX DIAMONDS NINE,0.6898,0.0468,0.2634
HEARTS SEVEN DIAMONDS NINE,0.5784,0.0098,0.4118
CLUBS NINE CLUBS EIGHT,0.532,0.0106,0.4574
DIAMONDS ACE DIAMONDS NINE,0.3506,0.0054,0.644
HEARTS FOUR DIAMONDS NINE,0.6374,0.012,0.3506
HEARTS FIVE DIAMONDS NINE,0.627,0.0104,0.3626
HEARTS ACE CLUBS TWO,0.4066,0.0046,0.5888
SPADES ACE CLUBS FOUR,0.3834,0.0028,0.6138
HEARTS TWO DIAMONDS NINE,0.6292,0.012,0.3588
CLUBS TWO HEARTS KING,0.401,0.0088,0.5902
SPADES KING CLUBS FOUR,0.4002,0.0052,0.5946
DIAMONDS KING DIAMONDS NINE,0.34,0.005,0.655
HEARTS THREE DIAMONDS NINE,0.63,0.0104,0.3596
CLUBS TWO HEARTS QUEEN,0.3982,0.3784,0.2234
SPADES QUEEN CLUBS FOUR,0.3974,0.3802,0.2224
DIAMONDS NINE DIAMONDS JACK,0.5298,0.0098,0.4604
CLUBS EIGHT SPADES NINE,0.5572,0.0098,0.433
DIAMONDS NINE DIAMONDS TEN,0.5088,0.012,0.4792
CLUBS EIGHT SPADES EIGHT,0.309,0.0214,0.6696
CLUBS EIGHT SPADES SEVEN,0.5534,0.012,0.4346
CLUBS EIGHT SPADES FIVE,0.6166,0.0114,0.372
CLUBS EIGHT SPADES FOUR,0.634,0.0138,0.3522
CLUBS EIGHT SPADES THREE,0.644,0.0112,0.3448
CLUBS EIGHT SPADES TWO,0.6358,0.0118,0.3524
HEARTS SIX DIAMONDS TEN,0.702,0.0462,0.2518
HEARTS SEVEN DIAMONDS TEN,0.5698,0.012,0.4182
DIAMONDS TEN HEARTS EIGHT,0.5616,0.0094,0.429
CLUBS FOUR CLUBS JACK,0.5958,0.0106,0.3936
DIAMONDS TEN HEARTS NINE,0.554,0.0076,0.4384
CLUBS TEN CLUBS FOUR,0.5872,0.0108,0.402
CLUBS FOUR CLUBS KING,0.3596,0.0082,0.6322
CLUBS FOUR CLUBS QUEEN,0.368,0.3652,0.2668
CLUBS TWO DIAMONDS TEN,0.639,0.0126,0.3484
CLUBS THREE DIAMONDS TEN,0.636,0.0114,0.3526
CLUBS FOUR CLUBS ACE,0.357,0.0032,0.6398
DIAMONDS JACK DIAMONDS TEN,0.5194,0.007,0.4736
HEARTS TWO DIAMONDS TEN,0.6308,0.011,0.3582
DIAMONDS KING DIAMONDS TEN,0.3152,0.0074,0.6774
HEARTS THREE DIAMONDS TEN,0.6302,0.0116,0.3582
DIAMONDS ACE DIAMONDS TEN,0.3348,0.0052,0.66
HEARTS FOUR DIAMONDS TEN,0.6286,0.0124,0.359
CLUBS EIGHT HEARTS JACK,0.5742,0.0096,0.4162
HEARTS FIVE DIAMONDS TEN,0.6308,0.0094,0.3598
CLUBS EIGHT HEARTS TEN,0.5636,0.0076,0.4288
CLUBS EIGHT HEARTS QUEEN,0.2336,0.2288,0.5376
CLUBS EIGHT HEARTS KING,0.369,0.0072,0.6238
CLUBS EIGHT HEARTS ACE,0.3702,0.0036,0.6262
CLUBS NINE SPADES THREE,0.6338,0.014,0.3522
CLUBS NINE SPADES TWO,0.6302,0.013,0.3568
CLUBS NINE SPADES FIVE,0.6252,0.0086,0.3662
CLUBS NINE SPADES FOUR,0.6116,0.0112,0.3772
CLUBS NINE SPADES SEVEN,0.5616,0.0086,0.4298
CLUBS NINE SPADES NINE,0.2908,0.0174,0.6918
CLUBS TEN HEARTS EIGHT,0.5758,0.0104,0.4138
CLUBS NINE SPADES EIGHT,0.551,0.011,0.438
HEARTS EIGHT CLUBS JACK,0.5736,0.0072,0.4192
CLUBS QUEEN HEARTS EIGHT,0.232,0.2254,0.5426
CLUBS KING HEARTS EIGHT,0.3572,0.0044,0.6384
CLUBS ACE HEARTS EIGHT,0.3638,0.0042,0.632
SPADES KING CLUBS KING,0.136,0.0022,0.8618
SPADES QUEEN CLUBS KING,0.229,0.0256,0.7454
SPADES ACE CLUBS KING,0.3224,0.0032,0.6744
DIAMONDS ACE HEARTS TEN,0.3318,0.0042,0.664
HEARTS FOUR HEARTS TEN,0.5924,0.01,0.3976
DIAMONDS ACE HEARTS JACK,0.3414,0.004,0.6546
HEARTS FOUR HEARTS JACK,0.5728,0.008,0.4192
SPADES KING CLUBS FIVE,0.3796,0.006,0.6144
SPADES QUEEN CLUBS FIVE,0.3944,0.3944,0.2112
SPADES ACE CLUBS FIVE,0.379,0.0034,0.6176
HEARTS SEVEN DIAMONDS JACK,0.5964,0.0092,0.3944
HEARTS SIX DIAMONDS JACK,0.7212,0.0488,0.23
DIAMONDS JACK HEARTS NINE,0.5414,0.008,0.4506
DIAMONDS JACK HEARTS EIGHT,0.5694,0.0092,0.4214
DIAMONDS KING DIAMONDS JACK,0.323,0.006,0.671
HEARTS THREE DIAMONDS JACK,0.6264,0.0108,0.3628
HEARTS ACE SPADES FOUR,0.3854,0.0046,0.61
HEARTS TWO DIAMONDS JACK,0.6268,0.0136,0.3596
HEARTS FIVE DIAMONDS JACK,0.6304,0.0102,0.3594
SPADES FOUR HEARTS QUEEN,0.4032,0.3794,0.2174
DIAMONDS ACE DIAMONDS JACK,0.3422,0.0052,0.6526
HEARTS FOUR DIAMONDS JACK,0.6356,0.0124,0.352
SPADES FOUR HEARTS KING,0.3954,0.0072,0.5974
SPADES FOUR DIAMONDS JACK,0.6386,0.0148,0.3466
SPADES FIVE DIAMONDS JACK,0.6386,0.0128,0.3486
DIAMONDS JACK SPADES TWO,0.631,0.0122,0.3568
SPADES THREE DIAMONDS JACK,0.6296,0.0112,0.3592
SPADES ACE DIAMONDS THREE,0.3796,0.0064,0.614
SPADES QUEEN DIAMONDS THREE,0.3912,0.3968,0.212
CLUBS EIGHT DIAMONDS JACK,0.5798,0.0092,0.411
SPADES KING DIAMONDS THREE,0.4082,0.0064,0.5854
CLUBS NINE DIAMONDS JACK,0.5656,0.009,0.4254
CLUBS SIX DIAMONDS JACK,0.7222,0.0532,0.2246
CLUBS SEVEN DIAMONDS JACK,0.5896,0.0096,0.4008
CLUBS FOUR DIAMONDS JACK,0.6254,0.0102,0.3644
CLUBS FIVE DIAMONDS JACK,0.6236,0.0108,0.3656
CLUBS TWO DIAMONDS JACK,0.6208,0.0122,0.367
CLUBS THREE DIAMONDS JACK,0.6274,0.0134,0.3592
SPADES TEN CLUBS FIVE,0.634,0.0118,0.3542
SPADES JACK HEARTS SIX,0.7116,0.0494,0.239
HEARTS SIX SPADES TEN,0.703,0.0474,0.2496
SPADES JACK CLUBS FIVE,0.6166,0.0116,0.3718
SPADES JACK DIAMONDS THREE,0.6258,0.0094,0.3648
CLUBS SEVEN CLUBS ACE,0.3374,0.0032,0.6594
DIAMONDS THREE SPADES TEN,0.6284,0.0112,0.3604
CLUBS SEVEN CLUBS QUEEN,0.2166,0.2832,0.5002
CLUBS SEVEN CLUBS KING,0.34,0.007,0.653
SPADES NINE DIAMONDS JACK,0.558,0.011,0.431
CLUBS TEN CLUBS SEVEN,0.5506,0.0092,0.4402
DIAMONDS ACE HEARTS ACE,0.1134,0.0036,0.883
HEARTS FOUR HEARTS ACE,0.362,0.003,0.635
SPADES EIGHT DIAMONDS JACK,0.582,0.0126,0.4054
SPADES ACE HEARTS SIX,0.2356,0.0304,0.734
CLUBS SEVEN CLUBS JACK,0.5434,0.0092,0.4474
DIAMONDS ACE HEARTS KING,0.3188,0.0052,0.676
HEARTS FOUR HEARTS KING,0.357,0.007,0.636
SPADES SEVEN DIAMONDS JACK,0.584,0.014,0.402
SPADES KING HEARTS SIX,0.235,0.0464,0.7186
DIAMONDS ACE HEARTS QUEEN,0.2284,0.0168,0.7548
HEARTS FOUR HEARTS QUEEN,0.3962,0.3318,0.272
SPADES QUEEN HEARTS SIX,0.0106,0.9716,0.0178
SPADES TWO DIAMONDS TEN,0.633,0.01,0.357
SPADES THREE DIAMONDS TEN,0.6326,0.011,0.3564
SPADES FOUR DIAMONDS TEN,0.6416,0.0146,0.3438
SPADES FIVE DIAMONDS TEN,0.6412,0.0138,0.345
SPADES SEVEN DIAMONDS TEN,0.57,0.0096,0.4204
SPADES EIGHT DIAMONDS TEN,0.5754,0.0118,0.4128
SPADES NINE DIAMONDS TEN,0.5562,0.0098,0.434
CLUBS FOUR DIAMONDS TEN,0.635,0.012,0.353
CLUBS FIVE DIAMONDS TEN,0.6314,0.0128,0.3558
CLUBS SIX DIAMONDS TEN,0.705,0.046,0.249
CLUBS SEVEN DIAMONDS TEN,0.5854,0.011,0.4036
CLUBS EIGHT DIAMONDS TEN,0.5712,0.01,0.4188
CLUBS NINE DIAMONDS TEN,0.5472,0.008,0.4448
DIAMONDS THREE CLUBS JACK,0.6308,0.0132,0.356
CLUBS TEN DIAMONDS THREE,0.6268,0.0098,0.3634
DIAMONDS THREE CLUBS KING,0.4108,0.009,0.5802
DIAMONDS THREE CLUBS QUEEN,0.3992,0.3732,0.2276
DIAMONDS THREE CLUBS ACE,0.3918,0.0038,0.6044
SPADES FOUR HEARTS JACK,0.631,0.0096,0.3594
SPADES FOUR HEARTS TEN,0.6264,0.012,0.3616
SPADES FIVE SPADES TWO,0.6132,0.0114,0.3754
SPADES FOUR SPADES TWO,0.5932,0.0124,0.3944
SPADES THREE SPADES TWO,0.6154,0.0132,0.3714
SPADES NINE SPADES TWO,0.59,0.0102,0.3998
SPADES EIGHT SPADES TWO,0.5874,0.0136,0.399
SPADES SEVEN SPADES TWO,0.6038,0.0122,0.384
CLUBS THREE HEARTS TWO,0.6378,0.015,0.3472
HEARTS TWO CLUBS TWO,0.4404,0.03,0.5296
HEARTS SEVEN HEARTS TWO,0.6006,0.0106,0.3888
HEARTS SIX HEARTS TWO,0.6676,0.0502,0.2822
HEARTS TWO HEARTS NINE,0.592,0.0142,0.3938
HEARTS TWO HEARTS EIGHT,0.5836,0.0122,0.4042
CLUBS NINE HEARTS TWO,0.6288,0.0098,0.3614
CLUBS EIGHT HEARTS TWO,0.6376,0.0102,0.3522
CLUBS FIVE HEARTS TWO,0.6436,0.013,0.3434
SPADES EIGHT HEARTS ACE,0.351,0.0044,0.6446
CLUBS FOUR HEARTS TWO,0.6404,0.0134,0.3462
CLUBS SEVEN HEARTS TWO,0.632,0.0122,0.3558
SPADES EIGHT HEARTS QUEEN,0.229,0.22,0.551
CLUBS SIX HEARTS TWO,0.696,0.056,0.248
SPADES EIGHT HEARTS KING,0.3596,0.009,0.6314
HEARTS FOUR CLUBS QUEEN,0.3842,0.3828,0.233
DIAMONDS ACE CLUBS QUEEN,0.236,0.0156,0.7484
SPADES SEVEN HEARTS TWO,0.646,0.0126,0.3414
HEARTS FOUR CLUBS KING,0.3884,0.0058,0.6058
DIAMONDS ACE CLUBS KING,0.3164,0.0042,0.6794
SPADES EIGHT HEARTS TWO,0.6418,0.0118,0.3464
HEARTS FOUR CLUBS ACE,0.3816,0.005,0.6134
DIAMONDS ACE CLUBS ACE,0.126,0.003,0.871
SPADES NINE HEARTS TWO,0.6108,0.0134,0.3758
HEARTS TWO SPADES TWO,0.4378,0.033,0.5292
HEARTS TWO SPADES THREE,0.632,0.0166,0.3514
HEARTS TWO SPADES FOUR,0.6506,0.0124,0.337
CLUBS TEN HEARTS FOUR,0.6314,0.0094,0.3592
CLUBS TEN DIAMONDS ACE,0.3482,0.0032,0.6486
HEARTS TWO SPADES FIVE,0.6494,0.0128,0.3378
HEARTS FOUR CLUBS JACK,0.6292,0.0108,0.36
DIAMONDS ACE CLUBS JACK,0.3424,0.0046,0.653
CLUBS FIVE CLUBS KING,0.3682,0.0082,0.6236
CLUBS FIVE CLUBS QUEEN,0.3764,0.3516,0.272
CLUBS FIVE CLUBS ACE,0.3662,0.004,0.6298
CLUBS FIVE CLUBS JACK,0.5734,0.0104,0.4162
CLUBS TEN CLUBS FIVE,0.5922,0.0112,0.3966
SPADES KING CLUBS JACK,0.337,0.0078,0.6552
SPADES QUEEN CLUBS JACK,0.2344,0.0888,0.6768
SPADES ACE CLUBS JACK,0.3456,0.0046,0.6498
SPADES EIGHT HEARTS JACK,0.581,0.01,0.409
SPADES EIGHT HEARTS TEN,0.5692,0.01,0.4208
SPADES TEN CLUBS JACK,0.5384,0.0112,0.4504
SPADES JACK CLUBS JACK,0.285,0.011,0.704
SPADES QUEEN CLUBS SEVEN,0.2174,0.3088,0.4738
SPADES KING CLUBS SEVEN,0.3628,0.0068,0.6304
SPADES ACE CLUBS SEVEN,0.3526,0.0028,0.6446
CLUBS SEVEN SPADES JACK,0.5954,0.0118,0.3928
CLUBS SEVEN SPADES TEN,0.5756,0.011,0.4134
CLUBS TEN HEARTS SIX,0.7036,0.0468,0.2496
HEARTS SIX CLUBS JACK,0.717,0.0484,0.2346
CLUBS ACE CLUBS JACK,0.332,0.003,0.665
HEARTS SIX CLUBS QUEEN,0.0242,0.9556,0.0202
HEARTS SIX CLUBS KING,0.241,0.0384,0.7206
HEARTS SIX CLUBS ACE,0.2452,0.0296,0.7252
CLUBS QUEEN CLUBS JACK,0.2222,0.0908,0.687
CLUBS KING CLUBS JACK,0.3174,0.0048,0.6778
DIAMONDS THREE HEARTS ACE,0.3964,0.0042,0.5994
DIAMONDS THREE HEARTS QUEEN,0.413,0.3706,0.2164
DIAMONDS THREE HEARTS KING,0.4002,0.0062,0.5936
CLUBS FIVE HEARTS JACK,0.6278,0.0118,0.3604
SPADES TEN DIAMONDS ACE,0.337,0.0042,0.6588
HEARTS FOUR SPADES TEN,0.6196,0.0144,0.366
CLUBS FIVE HEARTS TEN,0.6286,0.0112,0.3602
HEARTS FOUR SPADES JACK,0.6302,0.0102,0.3596
SPADES JACK DIAMONDS ACE,0.3378,0.0046,0.6576
SPADES ACE HEARTS FOUR,0.382,0.0036,0.6144
SPADES ACE DIAMONDS ACE,0.1002,0.0062,0.8936
CLUBS FIVE HEARTS ACE,0.3734,0.0034,0.6232
CLUBS FIVE HEARTS KING,0.405,0.007,0.588
HEARTS FOUR SPADES QUEEN,0.3838,0.3874,0.2288
SPADES QUEEN DIAMONDS ACE,0.227,0.0188,0.7542
SPADES FOUR CLUBS JACK,0.6248,0.0116,0.3636
CLUBS FIVE HEARTS QUEEN,0.395,0.3674,0.2376
SPADES KING DIAMONDS ACE,0.3148,0.0064,0.6788
SPADES KING HEARTS FOUR,0.3798,0.0072,0.613
CLUBS TEN SPADES FOUR,0.6212,0.0106,0.3682
DIAMONDS ACE HEARTS TWO,0.3914,0.0054,0.6032
HEARTS FOUR HEARTS TWO,0.592,0.0122,0.3958
DIAMONDS THREE HEARTS TEN,0.6276,0.012,0.3604
SPADES FOUR CLUBS KING,0.4074,0.0092,0.5834
HEARTS FIVE HEARTS TWO,0.604,0.0092,0.3868
DIAMONDS THREE HEARTS JACK,0.6252,0.013,0.3618
SPADES FOUR CLUBS QUEEN,0.4004,0.3846,0.215
DIAMONDS KING HEARTS TWO,0.398,0.0054,0.5966
HEARTS THREE HEARTS TWO,0.602,0.0154,0.3826
SPADES FOUR CLUBS ACE,0.3926,0.0022,0.6052
HEARTS TWO CLUBS ACE,0.4044,0.0028,0.5928
HEARTS TWO CLUBS QUEEN,0.3926,0.3822,0.2252
HEARTS TWO CLUBS KING,0.3918,0.009,0.5992
SPADES EIGHT SPADES FIVE,0.5678,0.0136,0.4186
CLUBS TEN HEARTS TWO,0.6314,0.0108,0.3578
SPADES NINE SPADES FIVE,0.5864,0.0116,0.402
HEARTS TWO CLUBS JACK,0.6228,0.0114,0.3658
SPADES SEVEN SPADES FIVE,0.5804,0.0104,0.4092
DIAMONDS FIVE CLUBS QUEEN,0.3848,0.4046,0.2106
SPADES EIGHT CLUBS ACE,0.3452,0.0046,0.6502
DIAMONDS FIVE CLUBS KING,0.3944,0.0058,0.5998
SPADES EIGHT CLUBS KING,0.357,0.0056,0.6374
CLUBS ACE DIAMONDS FIVE,0.384,0.0052,0.6108
SPADES EIGHT CLUBS QUEEN,0.2264,0.223,0.5506
SPADES EIGHT CLUBS JACK,0.5736,0.01,0.4164
CLUBS TEN SPADES EIGHT,0.5626,0.011,0.4264
CLUBS TEN DIAMONDS FIVE,0.6336,0.0116,0.3548
DIAMONDS FIVE CLUBS JACK,0.6338,0.014,0.3522
DIAMONDS TEN HEARTS JACK,0.5434,0.0068,0.4498
DIAMONDS TEN HEARTS TEN,0.2948,0.0132,0.692
SPADES ACE CLUBS NINE,0.3498,0.0044,0.6458
CLUBS NINE SPADES QUEEN,0.2196,0.1702,0.6102
CLUBS NINE SPADES KING,0.3514,0.0084,0.6402
HEARTS SIX HEARTS KING,0.208,0.0374,0.7546
DIAMONDS KING SPADES SEVEN,0.3484,0.007,0.6446
HEARTS THREE SPADES SEVEN,0.6218,0.012,0.3662
SPADES KING DIAMONDS SEVEN,0.3564,0.0074,0.6362
HEARTS SIX HEARTS QUEEN,0.024,0.9024,0.0736
SPADES QUEEN DIAMONDS SEVEN,0.2314,0.3178,0.4508
SPADES NINE DIAMONDS KING,0.3486,0.0062,0.6452
SPADES NINE HEARTS THREE,0.6254,0.0114,0.3632
HEARTS SIX HEARTS ACE,0.2228,0.0276,0.7496
DIAMONDS KING SPADES EIGHT,0.3438,0.0098,0.6464
SPADES EIGHT HEARTS THREE,0.64,0.0118,0.3482
SPADES ACE DIAMONDS SEVEN,0.3574,0.0052,0.6374
CLUBS NINE HEARTS THREE,0.6348,0.0104,0.3548
CLUBS NINE DIAMONDS KING,0.3536,0.0056,0.6408
CLUBS EIGHT HEARTS THREE,0.63,0.0096,0.3604
CLUBS EIGHT DIAMONDS KING,0.354,0.0062,0.6398
HEARTS THREE SPADES THREE,0.4238,0.0282,0.548
DIAMONDS KING SPADES THREE,0.3924,0.0086,0.599
HEARTS THREE SPADES TWO,0.6452,0.0112,0.3436
DIAMONDS KING SPADES TWO,0.4118,0.0074,0.5808
HEARTS THREE SPADES FIVE,0.636,0.015,0.349
DIAMONDS KING SPADES FIVE,0.379,0.009,0.612
HEARTS THREE SPADES FOUR,0.6276,0.0148,0.3576
DIAMONDS KING SPADES FOUR,0.3936,0.0066,0.5998
DIAMONDS KING CLUBS TWO,0.4096,0.0106,0.5798
HEARTS THREE CLUBS TWO,0.6492,0.0122,0.3386
DIAMONDS KING CLUBS THREE,0.3986,0.0096,0.5918
CLUBS THREE HEARTS THREE,0.4344,0.03,0.5356
