opposingHand,winningChance,drawChance,lostChance
SPADES ACE CLUBS SEVEN
SPADES TEN HEARTS FIVE,0.6452,0.0042,0.3506
SPADES JACK HEARTS FIVE,0.644,0.003,0.353
SPADES FIVE CLUBS JACK,0.6466,0.004,0.3494
CLUBS TEN SPADES FIVE,0.635,0.007,0.358
CLUBS EIGHT CLUBS JACK,0.5584,0.0058,0.4358
CLUBS TEN CLUBS EIGHT,0.5402,0.0048,0.455
CLUBS EIGHT CLUBS KING,0.5746,0.0056,0.4198
SPADES FIVE CLUBS ACE,0.4624,0.2968,0.2408
CLUBS EIGHT CLUBS QUEEN,0.5708,0.003,0.4262
SPADES FIVE CLUBS KING,0.6386,0.004,0.3574
SPADES FIVE CLUBS QUEEN,0.6326,0.0038,0.3636
CLUBS EIGHT CLUBS ACE,0.219,0.224,0.557
DIAMONDS TWO DIAMONDS THREE,0.6216,0.005,0.3734
DIAMONDS TWO DIAMONDS FIVE,0.5996,0.0052,0.3952
SPADES KING HEARTS FIVE,0.63,0.004,0.366
DIAMONDS TWO DIAMONDS FOUR,0.6194,0.003,0.3776
SPADES QUEEN HEARTS FIVE,0.6548,0.0028,0.3424
DIAMONDS TWO DIAMONDS SEVEN,0.709,0.0254,0.2656
DIAMONDS TWO DIAMONDS SIX,0.6268,0.0038,0.3694
DIAMONDS TWO DIAMONDS NINE,0.6014,0.0034,0.3952
DIAMONDS TWO DIAMONDS EIGHT,0.6094,0.0042,0.3864
DIAMONDS THREE DIAMONDS FOUR,0.6084,0.003,0.3886
CLUBS TWO SPADES FOUR,0.6686,0.0048,0.3266
DIAMONDS THREE DIAMONDS FIVE,0.6028,0.005,0.3922
CLUBS TWO SPADES FIVE,0.668,0.0054,0.3266
CLUBS TWO SPADES TWO,0.482,0.0064,0.5116
CLUBS TWO SPADES THREE,0.6568,0.0084,0.3348
DIAMONDS THREE DIAMONDS EIGHT,0.6074,0.003,0.3896
SPADES EIGHT CLUBS TWO,0.6488,0.0054,0.3458
DIAMONDS THREE DIAMONDS NINE,0.6088,0.0048,0.3864
SPADES NINE CLUBS TWO,0.658,0.0056,0.3364
DIAMONDS THREE DIAMONDS SIX,0.6162,0.0052,0.3786
CLUBS TWO SPADES SIX,0.6836,0.0056,0.3108
DIAMONDS THREE DIAMONDS SEVEN,0.6894,0.0252,0.2854
SPADES SEVEN CLUBS TWO,0.7638,0.0338,0.2024
CLUBS SIX CLUBS TWO,0.643,0.0042,0.3528
CLUBS FOUR CLUBS TWO,0.6346,0.005,0.3604
CLUBS FIVE CLUBS TWO,0.6188,0.0036,0.3776
CLUBS TEN CLUBS JACK,0.5234,0.005,0.4716
DIAMONDS FOUR DIAMONDS SIX,0.6172,0.0056,0.3772
CLUBS TEN CLUBS QUEEN,0.5234,0.0042,0.4724
DIAMONDS FOUR DIAMONDS SEVEN,0.676,0.0252,0.2988
CLUBS TEN CLUBS KING,0.5458,0.0042,0.45
CLUBS TEN CLUBS ACE,0.2276,0.1074,0.665
CLUBS EIGHT CLUBS TWO,0.6026,0.006,0.3914
DIAMONDS FIVE DIAMONDS FOUR,0.574,0.004,0.422
CLUBS NINE CLUBS TWO,0.6152,0.0038,0.381
DIAMONDS NINE DIAMONDS FOUR,0.611,0.0042,0.3848
DIAMONDS EIGHT DIAMONDS FOUR,0.5938,0.0036,0.4026
CLUBS TWO CLUBS THREE,0.6348,0.006,0.3592
DIAMONDS NINE DIAMONDS FIVE,0.5922,0.0054,0.4024
DIAMONDS TWO CLUBS JACK,0.6392,0.005,0.3558
DIAMONDS EIGHT DIAMONDS FIVE,0.5794,0.0056,0.415
CLUBS TEN DIAMONDS TWO,0.632,0.0046,0.3634
DIAMONDS FIVE DIAMONDS SEVEN,0.6606,0.0292,0.3102
DIAMONDS FIVE DIAMONDS SIX,0.572,0.0048,0.4232
DIAMONDS TWO CLUBS ACE,0.4592,0.3088,0.232
DIAMONDS TWO CLUBS KING,0.6438,0.0054,0.3508
DIAMONDS TWO CLUBS QUEEN,0.6266,0.0072,0.3662
DIAMONDS EIGHT DIAMONDS SIX,0.5894,0.0022,0.4084
DIAMONDS NINE DIAMONDS SIX,0.5942,0.0036,0.4022
HEARTS ACE SPADES THREE,0.4488,0.306,0.2452
HEARTS KING SPADES THREE,0.6452,0.0056,0.3492
DIAMONDS SEVEN DIAMONDS SIX,0.6382,0.03,0.3318
SPADES THREE HEARTS QUEEN,0.6314,0.0072,0.3614
SPADES THREE HEARTS JACK,0.638,0.0044,0.3576
SPADES THREE HEARTS TEN,0.6366,0.0026,0.3608
DIAMONDS EIGHT DIAMONDS SEVEN,0.6602,0.0194,0.3204
DIAMONDS NINE DIAMONDS SEVEN,0.666,0.0218,0.3122
DIAMONDS NINE DIAMONDS EIGHT,0.5282,0.0036,0.4682
DIAMONDS KING HEARTS TEN,0.5818,0.0028,0.4154
HEARTS THREE HEARTS TEN,0.596,0.0048,0.3992
SPADES JACK CLUBS SIX,0.6524,0.0046,0.343
DIAMONDS KING HEARTS JACK,0.5742,0.0044,0.4214
HEARTS THREE HEARTS JACK,0.6,0.006,0.394
CLUBS SIX SPADES TEN,0.6348,0.0052,0.36
SPADES JACK SPADES FIVE,0.5982,0.0054,0.3964
SPADES TEN SPADES FIVE,0.61,0.005,0.385
DIAMONDS KING HEARTS ACE,0.2652,0.0488,0.686
HEARTS THREE HEARTS ACE,0.422,0.2896,0.2884
DIAMONDS KING HEARTS QUEEN,0.5628,0.003,0.4342
HEARTS THREE HEARTS QUEEN,0.5954,0.0046,0.4
SPADES KING CLUBS SIX,0.6414,0.0058,0.3528
DIAMONDS KING HEARTS KING,0.2856,0.003,0.7114
HEARTS THREE HEARTS KING,0.6014,0.0042,0.3944
SPADES QUEEN CLUBS SIX,0.6588,0.0044,0.3368
SPADES NINE HEARTS TEN,0.574,0.0046,0.4214
SPADES NINE HEARTS JACK,0.58,0.004,0.416
SPADES QUEEN SPADES FIVE,0.604,0.0054,0.3906
SPADES KING SPADES FIVE,0.6174,0.0038,0.3788
SPADES NINE HEARTS QUEEN,0.5852,0.0028,0.412
SPADES NINE HEARTS KING,0.5998,0.0058,0.3944
SPADES NINE HEARTS ACE,0.2404,0.1694,0.5902
CLUBS TEN SPADES JACK,0.5562,0.0056,0.4382
CLUBS TEN SPADES TEN,0.3206,0.0042,0.6752
SPADES KING CLUBS TEN,0.5878,0.0046,0.4076
SPADES QUEEN CLUBS TEN,0.567,0.0044,0.4286
SPADES FIVE HEARTS QUEEN,0.6302,0.0052,0.3646
SPADES FIVE HEARTS KING,0.6374,0.0026,0.36
SPADES FIVE HEARTS ACE,0.461,0.3074,0.2316
HEARTS THREE SPADES JACK,0.642,0.0048,0.3532
SPADES JACK DIAMONDS KING,0.575,0.0032,0.4218
SPADES TEN CLUBS EIGHT,0.5696,0.0034,0.427
SPADES JACK CLUBS EIGHT,0.5888,0.0036,0.4076
HEARTS THREE SPADES TEN,0.6408,0.0036,0.3556
SPADES TEN DIAMONDS KING,0.588,0.0036,0.4084
HEARTS FIVE CLUBS JACK,0.637,0.0024,0.3606
CLUBS SIX HEARTS ACE,0.493,0.2934,0.2136
CLUBS TEN HEARTS FIVE,0.6332,0.0018,0.365
SPADES QUEEN CLUBS EIGHT,0.5826,0.0038,0.4136
CLUBS TEN SPADES THREE,0.6506,0.0042,0.3452
CLUBS SIX HEARTS QUEEN,0.6396,0.0052,0.3552
SPADES KING CLUBS EIGHT,0.6158,0.0044,0.3798
SPADES THREE CLUBS JACK,0.6376,0.0042,0.3582
CLUBS SIX HEARTS KING,0.6438,0.0064,0.3498
DIAMONDS TWO HEARTS JACK,0.653,0.0042,0.3428
SPADES THREE CLUBS QUEEN,0.6402,0.0062,0.3536
DIAMONDS TWO HEARTS TEN,0.6412,0.005,0.3538
SPADES THREE CLUBS KING,0.6332,0.0064,0.3604
HEARTS FIVE CLUBS ACE,0.4516,0.3,0.2484
SPADES FIVE HEARTS TEN,0.6336,0.0046,0.3618
SPADES THREE CLUBS ACE,0.468,0.3008,0.2312
HEARTS FIVE CLUBS KING,0.6404,0.0028,0.3568
SPADES FIVE HEARTS JACK,0.641,0.0046,0.3544
HEARTS FIVE CLUBS QUEEN,0.6222,0.0042,0.3736
HEARTS THREE CLUBS KING,0.6368,0.0046,0.3586
DIAMONDS KING CLUBS KING,0.2838,0.004,0.7122
HEARTS THREE CLUBS QUEEN,0.6282,0.0036,0.3682
DIAMONDS KING CLUBS QUEEN,0.5768,0.004,0.4192
HEARTS FIVE HEARTS JACK,0.597,0.005,0.398
HEARTS FIVE HEARTS TEN,0.5924,0.0044,0.4032
HEARTS THREE CLUBS ACE,0.4494,0.3162,0.2344
DIAMONDS KING CLUBS ACE,0.2466,0.049,0.7044
SPADES KING CLUBS QUEEN,0.5844,0.005,0.4106
HEARTS THREE CLUBS JACK,0.635,0.0046,0.3604
DIAMONDS KING CLUBS JACK,0.5774,0.0024,0.4202
SPADES QUEEN CLUBS QUEEN,0.2968,0.0044,0.6988
CLUBS TEN HEARTS THREE,0.631,0.0046,0.3644
CLUBS TEN DIAMONDS KING,0.568,0.0046,0.4274
SPADES JACK CLUBS QUEEN,0.5658,0.0052,0.429
CLUBS SIX CLUBS QUEEN,0.6078,0.004,0.3882
SPADES TEN CLUBS QUEEN,0.5546,0.0042,0.4412
CLUBS SIX CLUBS KING,0.6134,0.0062,0.3804
CLUBS SIX CLUBS ACE,0.4656,0.2834,0.251
HEARTS FIVE HEARTS KING,0.594,0.0056,0.4004
HEARTS FIVE HEARTS QUEEN,0.597,0.004,0.399
CLUBS TEN CLUBS SIX,0.5984,0.0048,0.3968
HEARTS FIVE HEARTS ACE,0.4236,0.2882,0.2882
CLUBS SIX CLUBS JACK,0.612,0.0038,0.3842
SPADES SEVEN HEARTS JACK,0.7254,0.021,0.2536
SPADES SEVEN HEARTS TEN,0.7166,0.0238,0.2596
DIAMONDS TWO CLUBS TWO,0.4712,0.0044,0.5244
DIAMONDS TWO CLUBS THREE,0.6604,0.005,0.3346
HEARTS SIX DIAMONDS TWO,0.6656,0.003,0.3314
DIAMONDS TWO HEARTS QUEEN,0.6344,0.0032,0.3624
DIAMONDS TWO HEARTS SEVEN,0.7636,0.0292,0.2072
DIAMONDS TWO HEARTS KING,0.6404,0.0036,0.356
DIAMONDS TWO HEARTS EIGHT,0.6336,0.0042,0.3622
DIAMONDS TWO HEARTS ACE,0.4596,0.3032,0.2372
DIAMONDS TWO HEARTS NINE,0.6494,0.0024,0.3482
DIAMONDS TWO DIAMONDS QUEEN,0.6038,0.004,0.3922
DIAMONDS TWO HEARTS TWO,0.4776,0.0036,0.5188
DIAMONDS TWO DIAMONDS KING,0.6006,0.0036,0.3958
HEARTS THREE DIAMONDS TWO,0.658,0.0064,0.3356
DIAMONDS TWO DIAMONDS ACE,0.4246,0.2902,0.2852
HEARTS FOUR DIAMONDS TWO,0.6314,0.0048,0.3638
DIAMONDS TWO HEARTS FIVE,0.6476,0.0064,0.346
SPADES SEVEN HEARTS ACE,0.0214,0.9678,0.0108
DIAMONDS TWO DIAMONDS TEN,0.5988,0.005,0.3962
SPADES SEVEN HEARTS KING,0.7522,0.027,0.2208
DIAMONDS TWO DIAMONDS JACK,0.592,0.0038,0.4042
SPADES SEVEN HEARTS QUEEN,0.7364,0.0282,0.2354
DIAMONDS TWO SPADES NINE,0.6556,0.0032,0.3412
DIAMONDS TWO SPADES EIGHT,0.649,0.0034,0.3476
DIAMONDS TWO SPADES SEVEN,0.7538,0.0314,0.2148
DIAMONDS TWO SPADES SIX,0.6762,0.0048,0.319
DIAMONDS TWO SPADES FIVE,0.651,0.006,0.343
DIAMONDS TWO SPADES FOUR,0.6524,0.0048,0.3428
DIAMONDS TWO SPADES THREE,0.6638,0.0046,0.3316
DIAMONDS TWO SPADES TWO,0.4566,0.0058,0.5376
CLUBS NINE DIAMONDS TWO,0.6476,0.0058,0.3466
DIAMONDS TWO CLUBS EIGHT,0.661,0.0056,0.3334
CLUBS SIX DIAMONDS TWO,0.6704,0.005,0.3246
DIAMONDS TWO CLUBS FIVE,0.657,0.0044,0.3386
DIAMONDS TWO CLUBS FOUR,0.657,0.0068,0.3362
CLUBS FOUR SPADES FIVE,0.6268,0.0044,0.3688
CLUBS FOUR SPADES FOUR,0.453,0.0062,0.5408
CLUBS FOUR SPADES THREE,0.6488,0.0082,0.343
CLUBS FOUR SPADES TWO,0.6504,0.0052,0.3444
SPADES NINE CLUBS FOUR,0.656,0.005,0.339
CLUBS FOUR SPADES EIGHT,0.639,0.0048,0.3562
CLUBS FOUR SPADES SEVEN,0.728,0.0292,0.2428
CLUBS FOUR SPADES SIX,0.6416,0.0042,0.3542
SPADES QUEEN DIAMONDS SIX,0.6428,0.0042,0.353
SPADES KING DIAMONDS SIX,0.6458,0.0024,0.3518
SPADES TEN DIAMONDS SIX,0.6296,0.0034,0.367
SPADES JACK DIAMONDS SIX,0.6372,0.0032,0.3596
SPADES QUEEN SPADES TWO,0.6072,0.0046,0.3882
SPADES KING SPADES TWO,0.62,0.007,0.373
DIAMONDS JACK CLUBS JACK,0.301,0.0034,0.6956
CLUBS TEN DIAMONDS JACK,0.5428,0.0038,0.4534
DIAMONDS JACK CLUBS KING,0.5672,0.0034,0.4294
DIAMONDS JACK CLUBS QUEEN,0.5564,0.0042,0.4394
DIAMONDS THREE DIAMONDS JACK,0.5922,0.004,0.4038
DIAMONDS THREE DIAMONDS TEN,0.6024,0.0028,0.3948
DIAMONDS JACK CLUBS ACE,0.238,0.0846,0.6774
DIAMONDS THREE DIAMONDS KING,0.592,0.0058,0.4022
HEARTS THREE DIAMONDS THREE,0.4858,0.0034,0.5108
DIAMONDS THREE DIAMONDS QUEEN,0.5948,0.0046,0.4006
DIAMONDS THREE HEARTS TWO,0.6518,0.0048,0.3434
HEARTS FIVE DIAMONDS THREE,0.6364,0.0038,0.3598
DIAMONDS THREE DIAMONDS ACE,0.4292,0.2804,0.2904
HEARTS FOUR DIAMONDS THREE,0.6554,0.0042,0.3404
DIAMONDS THREE HEARTS SEVEN,0.739,0.0312,0.2298
SPADES TEN SPADES NINE,0.5398,0.005,0.4552
HEARTS SIX DIAMONDS THREE,0.6572,0.004,0.3388
SPADES JACK SPADES NINE,0.5368,0.0062,0.457
DIAMONDS THREE HEARTS NINE,0.6334,0.0032,0.3634
HEARTS JACK DIAMONDS FOUR,0.6412,0.0032,0.3556
HEARTS KING HEARTS ACE,0.2384,0.048,0.7136
SPADES TEN SPADES TWO,0.614,0.0036,0.3824
DIAMONDS THREE HEARTS EIGHT,0.6448,0.0024,0.3528
HEARTS TEN DIAMONDS FOUR,0.634,0.0036,0.3624
SPADES JACK SPADES TWO,0.6226,0.005,0.3724
HEARTS QUEEN DIAMONDS FOUR,0.642,0.0036,0.3544
HEARTS KING DIAMONDS FOUR,0.6366,0.0038,0.3596
HEARTS ACE DIAMONDS FOUR,0.459,0.301,0.24
SPADES KING SPADES NINE,0.5742,0.0032,0.4226
SPADES QUEEN SPADES NINE,0.5556,0.0034,0.441
DIAMONDS THREE SPADES NINE,0.6548,0.0038,0.3414
DIAMONDS THREE SPADES EIGHT,0.6442,0.0036,0.3522
DIAMONDS THREE SPADES SEVEN,0.7466,0.0312,0.2222
DIAMONDS THREE SPADES SIX,0.6594,0.004,0.3366
CLUBS SIX DIAMONDS THREE,0.648,0.006,0.346
CLUBS ACE DIAMONDS FOUR,0.4484,0.304,0.2476
CLUBS SIX CLUBS FIVE,0.6,0.005,0.395
DIAMONDS THREE CLUBS FOUR,0.6422,0.0054,0.3524
DIAMONDS FOUR CLUBS QUEEN,0.6358,0.005,0.3592
DIAMONDS THREE CLUBS FIVE,0.6388,0.0048,0.3564
CLUBS KING DIAMONDS FOUR,0.6456,0.0068,0.3476
DIAMONDS THREE CLUBS TWO,0.6612,0.005,0.3338
CLUBS TEN DIAMONDS FOUR,0.6272,0.0062,0.3666
DIAMONDS THREE CLUBS THREE,0.4668,0.0058,0.5274
DIAMONDS FOUR CLUBS JACK,0.6266,0.0052,0.3682
DIAMONDS THREE SPADES FOUR,0.6348,0.0062,0.359
DIAMONDS THREE SPADES FIVE,0.6306,0.0056,0.3638
DIAMONDS THREE SPADES TWO,0.6698,0.0048,0.3254
DIAMONDS THREE SPADES THREE,0.4694,0.0044,0.5262
CLUBS EIGHT DIAMONDS THREE,0.6348,0.0054,0.3598
CLUBS NINE DIAMONDS THREE,0.6344,0.0064,0.3592
SPADES SEVEN CLUBS ACE,0.0068,0.9864,0.0068
SPADES SEVEN CLUBS QUEEN,0.7486,0.0272,0.2242
SPADES SEVEN CLUBS KING,0.7376,0.0304,0.232
CLUBS FIVE SPADES SEVEN,0.7218,0.0276,0.2506
CLUBS TEN SPADES SEVEN,0.721,0.0184,0.2606
CLUBS FIVE SPADES SIX,0.6262,0.003,0.3708
SPADES SEVEN CLUBS JACK,0.7254,0.0266,0.248
SPADES NINE CLUBS FIVE,0.6414,0.0032,0.3554
SPADES EIGHT CLUBS FIVE,0.6182,0.0052,0.3766
CLUBS FIVE SPADES THREE,0.6492,0.005,0.3458
CLUBS FIVE SPADES TWO,0.66,0.0066,0.3334
CLUBS FIVE SPADES FIVE,0.4672,0.0036,0.5292
CLUBS FIVE SPADES FOUR,0.6294,0.0048,0.3658
CLUBS NINE CLUBS FIVE,0.598,0.0056,0.3964
CLUBS EIGHT CLUBS FIVE,0.5716,0.006,0.4224
CLUBS ACE CLUBS QUEEN,0.2326,0.073,0.6944
CLUBS KING CLUBS QUEEN,0.5462,0.0036,0.4502
DIAMONDS TEN DIAMONDS FOUR,0.5886,0.004,0.4074
CLUBS TEN DIAMONDS NINE,0.5598,0.0032,0.437
DIAMONDS JACK DIAMONDS FOUR,0.5866,0.0036,0.4098
DIAMONDS NINE CLUBS JACK,0.5716,0.0036,0.4248
SPADES NINE CLUBS JACK,0.5598,0.0048,0.4354
CLUBS TEN SPADES NINE,0.585,0.003,0.412
DIAMONDS ACE DIAMONDS FOUR,0.4262,0.2914,0.2824
HEARTS FOUR DIAMONDS FOUR,0.4504,0.0044,0.5452
DIAMONDS JACK HEARTS TEN,0.5358,0.0024,0.4618
SPADES NINE CLUBS KING,0.5916,0.006,0.4024
DIAMONDS TWO SPADES TEN,0.639,0.0044,0.3566
DIAMONDS NINE CLUBS ACE,0.2162,0.1738,0.61
HEARTS FIVE DIAMONDS FOUR,0.6208,0.0038,0.3754
HEARTS JACK DIAMONDS JACK,0.3198,0.0016,0.6786
SPADES NINE CLUBS QUEEN,0.5862,0.0052,0.4086
SPADES JACK DIAMONDS TWO,0.6456,0.004,0.3504
DIAMONDS QUEEN DIAMONDS FOUR,0.5842,0.0046,0.4112
HEARTS TWO DIAMONDS FOUR,0.6392,0.0064,0.3544
DIAMONDS NINE CLUBS QUEEN,0.5846,0.0022,0.4132
DIAMONDS KING DIAMONDS FOUR,0.593,0.0024,0.4046
HEARTS THREE DIAMONDS FOUR,0.6308,0.0046,0.3646
SPADES NINE CLUBS ACE,0.234,0.1764,0.5896
DIAMONDS NINE CLUBS KING,0.603,0.005,0.392
HEARTS ACE DIAMONDS JACK,0.246,0.0892,0.6648
DIAMONDS JACK HEARTS QUEEN,0.5652,0.0028,0.432
SPADES QUEEN DIAMONDS TWO,0.6316,0.004,0.3644
HEARTS KING DIAMONDS JACK,0.574,0.0034,0.4226
SPADES KING DIAMONDS TWO,0.6564,0.005,0.3386
SPADES JACK SPADES SEVEN,0.7068,0.0248,0.2684
SPADES TEN SPADES SEVEN,0.6818,0.022,0.2962
CLUBS SIX CLUBS THREE,0.618,0.0042,0.3778
CLUBS FIVE CLUBS THREE,0.6134,0.0052,0.3814
CLUBS FOUR CLUBS THREE,0.6224,0.005,0.3726
CLUBS NINE CLUBS THREE,0.6264,0.0046,0.369
CLUBS EIGHT CLUBS THREE,0.6144,0.004,0.3816
CLUBS THREE SPADES FIVE,0.6446,0.0076,0.3478
CLUBS THREE SPADES FOUR,0.6422,0.0084,0.3494
CLUBS THREE SPADES THREE,0.4962,0.0048,0.499
CLUBS THREE SPADES TWO,0.666,0.0054,0.3286
SPADES SIX CLUBS THREE,0.6598,0.0062,0.334
SPADES SEVEN CLUBS THREE,0.7428,0.0288,0.2284
SPADES EIGHT CLUBS THREE,0.6414,0.0048,0.3538
SPADES NINE CLUBS THREE,0.6518,0.0064,0.3418
SPADES TWO DIAMONDS FOUR,0.6598,0.0066,0.3336
SPADES THREE DIAMONDS FOUR,0.6452,0.004,0.3508
SPADES FOUR DIAMONDS FOUR,0.4586,0.0056,0.5358
SPADES FIVE DIAMONDS FOUR,0.6302,0.0082,0.3616
SPADES SIX DIAMONDS FOUR,0.637,0.0058,0.3572
SPADES SEVEN DIAMONDS FOUR,0.7316,0.0312,0.2372
SPADES EIGHT DIAMONDS FOUR,0.6302,0.0058,0.364
SPADES NINE DIAMONDS FOUR,0.647,0.0042,0.3488
CLUBS FIVE DIAMONDS FOUR,0.6314,0.0034,0.3652
CLUBS FOUR DIAMONDS FOUR,0.4748,0.0052,0.52
CLUBS SIX DIAMONDS FOUR,0.659,0.0054,0.3356
CLUBS NINE DIAMONDS FOUR,0.6452,0.004,0.3508
CLUBS EIGHT DIAMONDS FOUR,0.6428,0.0038,0.3534
DIAMONDS FOUR HEARTS SEVEN,0.7226,0.0274,0.25
HEARTS SIX DIAMONDS FOUR,0.6354,0.004,0.3606
HEARTS NINE DIAMONDS FOUR,0.6432,0.0032,0.3536
DIAMONDS FOUR HEARTS EIGHT,0.6342,0.004,0.3618
CLUBS THREE DIAMONDS FOUR,0.6388,0.0046,0.3566
CLUBS TWO DIAMONDS FOUR,0.648,0.005,0.347
DIAMONDS TEN DIAMONDS FIVE,0.603,0.0054,0.3916
DIAMONDS JACK DIAMONDS FIVE,0.5998,0.0062,0.394
DIAMONDS NINE HEARTS QUEEN,0.5792,0.0016,0.4192
HEARTS KING DIAMONDS NINE,0.598,0.0034,0.3986
DIAMONDS NINE HEARTS ACE,0.238,0.1756,0.5864
DIAMONDS NINE HEARTS TEN,0.5722,0.0024,0.4254
DIAMONDS NINE HEARTS JACK,0.5638,0.004,0.4322
CLUBS KING DIAMONDS SIX,0.6484,0.0032,0.3484
CLUBS QUEEN DIAMONDS SIX,0.6198,0.0028,0.3774
CLUBS ACE DIAMONDS SIX,0.4876,0.2988,0.2136
SPADES KING DIAMONDS FOUR,0.6402,0.0042,0.3556
SPADES QUEEN DIAMONDS FOUR,0.6394,0.0036,0.357
SPADES QUEEN SPADES SEVEN,0.7044,0.0214,0.2742
CLUBS JACK DIAMONDS SIX,0.6434,0.005,0.3516
SPADES KING SPADES SEVEN,0.7122,0.026,0.2618
CLUBS TEN DIAMONDS SIX,0.6286,0.0034,0.368
CLUBS NINE CLUBS FOUR,0.6192,0.0046,0.3762
CLUBS EIGHT CLUBS FOUR,0.5946,0.0038,0.4016
SPADES JACK DIAMONDS FOUR,0.6182,0.0056,0.3762
SPADES TEN DIAMONDS FOUR,0.6436,0.0042,0.3522
CLUBS FOUR CLUBS FIVE,0.6082,0.0068,0.385
CLUBS SIX CLUBS FOUR,0.6156,0.0058,0.3786
HEARTS SIX DIAMONDS FIVE,0.625,0.0024,0.3726
DIAMONDS FIVE HEARTS SEVEN,0.7038,0.0242,0.272
DIAMONDS FIVE HEARTS EIGHT,0.6256,0.0038,0.3706
HEARTS NINE DIAMONDS FIVE,0.626,0.0044,0.3696
DIAMONDS QUEEN DIAMONDS FIVE,0.5966,0.004,0.3994
HEARTS TWO DIAMONDS FIVE,0.648,0.0034,0.3486
HEARTS KING HEARTS EIGHT,0.5646,0.0038,0.4316
DIAMONDS KING DIAMONDS FIVE,0.5778,0.0048,0.4174
HEARTS THREE DIAMONDS FIVE,0.6378,0.005,0.3572
HEARTS QUEEN HEARTS EIGHT,0.5578,0.0046,0.4376
DIAMONDS ACE DIAMONDS FIVE,0.4164,0.2894,0.2942
HEARTS FOUR DIAMONDS FIVE,0.61,0.006,0.384
HEARTS FIVE DIAMONDS FIVE,0.4432,0.0024,0.5544
HEARTS ACE HEARTS EIGHT,0.2204,0.2188,0.5608
CLUBS FOUR DIAMONDS FIVE,0.6176,0.0058,0.3766
CLUBS FIVE DIAMONDS FIVE,0.4576,0.0032,0.5392
CLUBS SIX DIAMONDS FIVE,0.6326,0.003,0.3644
CLUBS TWO DIAMONDS FIVE,0.6496,0.0064,0.344
CLUBS THREE DIAMONDS FIVE,0.6304,0.0054,0.3642
SPADES THREE DIAMONDS FIVE,0.6444,0.0036,0.352
SPADES TWO DIAMONDS FIVE,0.6546,0.0048,0.3406
SPADES JACK DIAMONDS EIGHT,0.602,0.0054,0.3926
SPADES FIVE DIAMONDS FIVE,0.4568,0.0062,0.537
CLUBS TEN HEARTS JACK,0.5456,0.0036,0.4508
SPADES TEN DIAMONDS EIGHT,0.5718,0.0028,0.4254
SPADES FOUR DIAMONDS FIVE,0.615,0.0044,0.3806
HEARTS JACK CLUBS JACK,0.3058,0.0038,0.6904
HEARTS JACK CLUBS QUEEN,0.5564,0.0028,0.4408
CLUBS NINE DIAMONDS FIVE,0.6188,0.0054,0.3758
HEARTS JACK CLUBS KING,0.5752,0.0038,0.421
CLUBS EIGHT DIAMONDS FIVE,0.6056,0.0034,0.391
HEARTS JACK CLUBS ACE,0.2378,0.091,0.6712
SPADES SEVEN DIAMONDS FIVE,0.718,0.0268,0.2552
SPADES KING DIAMONDS EIGHT,0.609,0.0048,0.3862
SPADES SIX DIAMONDS FIVE,0.6378,0.003,0.3592
SPADES QUEEN DIAMONDS EIGHT,0.5988,0.0038,0.3974
SPADES NINE DIAMONDS FIVE,0.632,0.0056,0.3624
SPADES EIGHT DIAMONDS FIVE,0.6276,0.0048,0.3676
DIAMONDS TEN DIAMONDS SIX,0.5972,0.0036,0.3992
HEARTS ACE DIAMONDS SEVEN,0.0226,0.9598,0.0176
DIAMONDS JACK DIAMONDS SIX,0.6032,0.003,0.3938
HEARTS QUEEN DIAMONDS SEVEN,0.7356,0.0216,0.2428
HEARTS KING DIAMONDS SEVEN,0.7354,0.0308,0.2338
DIAMONDS ACE DIAMONDS SIX,0.4378,0.2884,0.2738
HEARTS FOUR DIAMONDS SIX,0.6368,0.0028,0.3604
HEARTS JACK SPADES TWO,0.641,0.0044,0.3546
HEARTS FIVE DIAMONDS SIX,0.6268,0.004,0.3692
SPADES TWO HEARTS TEN,0.6412,0.0048,0.354
DIAMONDS QUEEN DIAMONDS SIX,0.586,0.003,0.411
HEARTS TWO DIAMONDS SIX,0.6596,0.0036,0.3368
DIAMONDS KING DIAMONDS SIX,0.5988,0.0022,0.399
HEARTS THREE DIAMONDS SIX,0.6622,0.006,0.3318
HEARTS EIGHT DIAMONDS SIX,0.6074,0.0024,0.3902
HEARTS NINE DIAMONDS SIX,0.6236,0.002,0.3744
HEARTS SIX DIAMONDS SIX,0.4376,0.0038,0.5586
HEARTS SEVEN DIAMONDS SIX,0.6896,0.0238,0.2866
HEARTS TEN DIAMONDS SEVEN,0.7132,0.0204,0.2664
CLUBS TWO DIAMONDS SIX,0.6776,0.0044,0.318
HEARTS JACK DIAMONDS SEVEN,0.729,0.0232,0.2478
CLUBS THREE DIAMONDS SIX,0.6628,0.0052,0.332
DIAMONDS EIGHT CLUBS JACK,0.5858,0.0046,0.4096
CLUBS SIX DIAMONDS SIX,0.4568,0.0036,0.5396
CLUBS TEN DIAMONDS EIGHT,0.5768,0.0036,0.4196
CLUBS FIVE DIAMONDS SIX,0.6316,0.0044,0.364
CLUBS FOUR DIAMONDS SIX,0.6504,0.0032,0.3464
HEARTS ACE HEARTS JACK,0.2318,0.0858,0.6824
DIAMONDS EIGHT CLUBS ACE,0.223,0.2264,0.5506
HEARTS JACK HEARTS QUEEN,0.5148,0.0036,0.4816
DIAMONDS EIGHT CLUBS KING,0.6024,0.0038,0.3938
CLUBS NINE DIAMONDS SIX,0.63,0.0034,0.3666
HEARTS KING HEARTS JACK,0.549,0.0032,0.4478
DIAMONDS EIGHT CLUBS QUEEN,0.5948,0.0038,0.4014
CLUBS EIGHT DIAMONDS SIX,0.609,0.0034,0.3876
SPADES TEN HEARTS KING,0.583,0.0034,0.4136
SPADES FIVE DIAMONDS SIX,0.6252,0.0052,0.3696
HEARTS ACE SPADES TWO,0.4622,0.3082,0.2296
SPADES JACK HEARTS KING,0.5804,0.0042,0.4154
SPADES FOUR DIAMONDS SIX,0.6434,0.0042,0.3524
SPADES THREE DIAMONDS SIX,0.656,0.0038,0.3402
SPADES TWO HEARTS QUEEN,0.648,0.005,0.347
HEARTS KING SPADES TWO,0.6494,0.0024,0.3482
SPADES TWO DIAMONDS SIX,0.6662,0.0048,0.329
HEARTS TEN HEARTS EIGHT,0.554,0.0028,0.4432
SPADES NINE DIAMONDS SIX,0.6358,0.0052,0.359
HEARTS JACK HEARTS EIGHT,0.5456,0.0042,0.4502
SPADES EIGHT DIAMONDS SIX,0.6168,0.0028,0.3804
SPADES SEVEN DIAMONDS SIX,0.7082,0.0252,0.2666
SPADES SIX DIAMONDS SIX,0.4536,0.0042,0.5422
SPADES KING HEARTS KING,0.2842,0.003,0.7128
SPADES QUEEN HEARTS KING,0.573,0.003,0.424
CLUBS ACE CLUBS KING,0.234,0.0454,0.7206
SPADES QUEEN HEARTS JACK,0.56,0.0038,0.4362
SPADES KING HEARTS JACK,0.5688,0.0042,0.427
SPADES TEN DIAMONDS TEN,0.3154,0.0048,0.6798
SPADES JACK DIAMONDS TEN,0.5528,0.0036,0.4436
SPADES JACK HEARTS JACK,0.3064,0.004,0.6896
SPADES TEN HEARTS JACK,0.56,0.005,0.435
SPADES QUEEN DIAMONDS TEN,0.57,0.0032,0.4268
SPADES KING DIAMONDS TEN,0.5824,0.0036,0.414
SPADES NINE DIAMONDS SEVEN,0.7034,0.0246,0.272
SPADES EIGHT DIAMONDS SEVEN,0.6838,0.0214,0.2948
SPADES SEVEN DIAMONDS SEVEN,0.3184,0.0276,0.654
SPADES SIX DIAMONDS SEVEN,0.6932,0.033,0.2738
DIAMONDS KING DIAMONDS SEVEN,0.6904,0.0292,0.2804
HEARTS THREE DIAMONDS SEVEN,0.7448,0.0268,0.2284
HEARTS KING DIAMONDS FIVE,0.6326,0.003,0.3644
DIAMONDS QUEEN DIAMONDS SEVEN,0.6944,0.0228,0.2828
HEARTS TWO DIAMONDS SEVEN,0.7472,0.0338,0.219
HEARTS QUEEN DIAMONDS FIVE,0.6436,0.003,0.3534
HEARTS FIVE DIAMONDS SEVEN,0.7092,0.0236,0.2672
DIAMONDS ACE DIAMONDS SEVEN,0.022,0.9118,0.0662
HEARTS FOUR DIAMONDS SEVEN,0.7182,0.0272,0.2546
HEARTS ACE DIAMONDS FIVE,0.474,0.2938,0.2322
HEARTS SEVEN DIAMONDS SEVEN,0.3022,0.0234,0.6744
HEARTS SIX DIAMONDS SEVEN,0.6984,0.0282,0.2734
HEARTS NINE DIAMONDS SEVEN,0.6858,0.0218,0.2924
DIAMONDS SEVEN HEARTS EIGHT,0.6794,0.0204,0.3002
DIAMONDS JACK DIAMONDS SEVEN,0.6786,0.0216,0.2998
HEARTS JACK DIAMONDS FIVE,0.6454,0.003,0.3516
DIAMONDS TEN DIAMONDS SEVEN,0.6736,0.0204,0.306
DIAMONDS FIVE HEARTS TEN,0.6418,0.0046,0.3536
SPADES KING CLUBS TWO,0.6488,0.006,0.3452
HEARTS KING CLUBS KING,0.289,0.0018,0.7092
CLUBS EIGHT DIAMONDS SEVEN,0.6796,0.0232,0.2972
SPADES QUEEN CLUBS TWO,0.6412,0.0046,0.3542
HEARTS KING CLUBS QUEEN,0.569,0.0038,0.4272
CLUBS NINE DIAMONDS SEVEN,0.6916,0.0234,0.285
SPADES TWO CLUBS JACK,0.6464,0.0052,0.3484
CLUBS TEN SPADES TWO,0.6458,0.0034,0.3508
HEARTS KING CLUBS ACE,0.2494,0.0468,0.7038
SPADES TWO CLUBS KING,0.6496,0.007,0.3434
SPADES TWO DIAMONDS SEVEN,0.7562,0.0298,0.214
CLUBS SIX CLUBS EIGHT,0.5858,0.0076,0.4066
SPADES THREE DIAMONDS SEVEN,0.7384,0.0306,0.231
SPADES TWO CLUBS QUEEN,0.645,0.005,0.35
CLUBS NINE CLUBS SIX,0.5916,0.0046,0.4038
SPADES FOUR DIAMONDS SEVEN,0.7212,0.031,0.2478
HEARTS KING CLUBS JACK,0.5518,0.0026,0.4456
SPADES FIVE DIAMONDS SEVEN,0.7066,0.0254,0.268
SPADES TWO CLUBS ACE,0.4666,0.3042,0.2292
CLUBS TEN HEARTS KING,0.568,0.0058,0.4262
CLUBS SIX SPADES TWO,0.6926,0.0056,0.3018
CLUBS SIX SPADES THREE,0.6622,0.0044,0.3334
CLUBS TWO DIAMONDS SEVEN,0.7474,0.0322,0.2204
CLUBS SIX SPADES FOUR,0.643,0.0064,0.3506
CLUBS THREE DIAMONDS SEVEN,0.7466,0.0298,0.2236
CLUBS SIX SPADES FIVE,0.6326,0.0046,0.3628
CLUBS FOUR DIAMONDS SEVEN,0.7162,0.0316,0.2522
CLUBS SIX SPADES SIX,0.4654,0.003,0.5316
CLUBS FIVE DIAMONDS SEVEN,0.7084,0.0254,0.2662
CLUBS SIX SPADES SEVEN,0.7142,0.0232,0.2626
CLUBS SIX DIAMONDS SEVEN,0.698,0.0284,0.2736
CLUBS SIX SPADES EIGHT,0.6268,0.0044,0.3688
SPADES JACK CLUBS TWO,0.6546,0.0048,0.3406
CLUBS SIX SPADES NINE,0.6436,0.005,0.3514
SPADES TEN CLUBS TWO,0.6456,0.0046,0.3498
CLUBS TWO CLUBS QUEEN,0.5988,0.005,0.3962
CLUBS TWO CLUBS KING,0.6004,0.005,0.3946
CLUBS THREE DIAMONDS EIGHT,0.6484,0.0032,0.3484
CLUBS TWO CLUBS ACE,0.4448,0.2926,0.2626
CLUBS TWO DIAMONDS EIGHT,0.6462,0.0048,0.349
DIAMONDS EIGHT HEARTS SEVEN,0.6866,0.0218,0.2916
HEARTS SIX DIAMONDS EIGHT,0.6048,0.0028,0.3924
DIAMONDS EIGHT HEARTS NINE,0.5868,0.0022,0.411
CLUBS TEN CLUBS TWO,0.6068,0.0046,0.3886
DIAMONDS EIGHT HEARTS EIGHT,0.3276,0.002,0.6704
CLUBS TWO CLUBS JACK,0.6012,0.0068,0.392
CLUBS NINE DIAMONDS EIGHT,0.5618,0.004,0.4342
CLUBS EIGHT DIAMONDS EIGHT,0.3348,0.003,0.6622
CLUBS FIVE DIAMONDS EIGHT,0.6246,0.003,0.3724
CLUBS FOUR DIAMONDS EIGHT,0.6418,0.0062,0.352
SPADES QUEEN SPADES THREE,0.6142,0.0062,0.3796
CLUBS SIX DIAMONDS EIGHT,0.6044,0.0044,0.3912
SPADES KING SPADES THREE,0.6132,0.006,0.3808
DIAMONDS QUEEN DIAMONDS EIGHT,0.5524,0.0032,0.4444
HEARTS TWO DIAMONDS EIGHT,0.6562,0.004,0.3398
DIAMONDS KING DIAMONDS EIGHT,0.5672,0.0042,0.4286
HEARTS THREE DIAMONDS EIGHT,0.6494,0.003,0.3476
DIAMONDS ACE DIAMONDS EIGHT,0.2172,0.2142,0.5686
HEARTS FOUR DIAMONDS EIGHT,0.6412,0.0032,0.3556
HEARTS FIVE DIAMONDS EIGHT,0.6236,0.004,0.3724
DIAMONDS EIGHT DIAMONDS TEN,0.548,0.0044,0.4476
DIAMONDS EIGHT DIAMONDS JACK,0.549,0.0036,0.4474
SPADES JACK SPADES THREE,0.6182,0.006,0.3758
SPADES TEN SPADES THREE,0.609,0.0046,0.3864
CLUBS FOUR HEARTS ACE,0.4708,0.291,0.2382
CLUBS FOUR HEARTS QUEEN,0.6446,0.0042,0.3512
CLUBS FOUR HEARTS KING,0.6366,0.0048,0.3586
CLUBS SIX HEARTS TEN,0.64,0.0022,0.3578
CLUBS SIX HEARTS JACK,0.6376,0.0026,0.3598
SPADES FOUR DIAMONDS EIGHT,0.6352,0.0056,0.3592
SPADES FIVE DIAMONDS EIGHT,0.62,0.0054,0.3746
DIAMONDS EIGHT SPADES TWO,0.652,0.0042,0.3438
DIAMONDS EIGHT SPADES THREE,0.6598,0.004,0.3362
CLUBS FOUR HEARTS JACK,0.6382,0.0042,0.3576
SPADES EIGHT DIAMONDS EIGHT,0.3466,0.0032,0.6502
SPADES JACK HEARTS EIGHT,0.5936,0.0044,0.402
SPADES TEN HEARTS TWO,0.6394,0.0062,0.3544
SPADES TEN DIAMONDS QUEEN,0.5672,0.0034,0.4294
CLUBS FOUR HEARTS TEN,0.6524,0.006,0.3416
SPADES NINE DIAMONDS EIGHT,0.577,0.0038,0.4192
SPADES JACK HEARTS TWO,0.6494,0.0048,0.3458
SPADES JACK DIAMONDS QUEEN,0.5688,0.005,0.4262
SPADES TEN HEARTS EIGHT,0.5858,0.0042,0.41
SPADES SIX DIAMONDS EIGHT,0.6134,0.0034,0.3832
SPADES SEVEN DIAMONDS EIGHT,0.6812,0.0208,0.298
SPADES QUEEN DIAMONDS QUEEN,0.2932,0.0036,0.7032
SPADES QUEEN HEARTS TWO,0.6374,0.005,0.3576
SPADES KING HEARTS EIGHT,0.609,0.003,0.388
SPADES QUEEN HEARTS EIGHT,0.5996,0.0032,0.3972
SPADES KING HEARTS TWO,0.653,0.0048,0.3422
SPADES KING DIAMONDS QUEEN,0.5762,0.0036,0.4202
CLUBS TWO HEARTS TEN,0.6426,0.0048,0.3526
CLUBS TWO HEARTS JACK,0.6584,0.0052,0.3364
SPADES SEVEN DIAMONDS NINE,0.7064,0.0202,0.2734
SPADES SIX DIAMONDS NINE,0.6284,0.0048,0.3668
SPADES NINE DIAMONDS NINE,0.351,0.0022,0.6468
SPADES EIGHT DIAMONDS NINE,0.5814,0.0052,0.4134
SPADES TEN CLUBS KING,0.5754,0.0038,0.4208
DIAMONDS NINE SPADES THREE,0.6548,0.0056,0.3396
SPADES JACK CLUBS KING,0.5688,0.0054,0.4258
DIAMONDS NINE SPADES TWO,0.648,0.0044,0.3476
SPADES FIVE DIAMONDS NINE,0.6288,0.0046,0.3666
DIAMONDS NINE SPADES FOUR,0.6306,0.005,0.3644
CLUBS NINE DIAMONDS NINE,0.323,0.0026,0.6744
CLUBS EIGHT DIAMONDS NINE,0.5774,0.0042,0.4184
CLUBS SIX DIAMONDS NINE,0.6264,0.0036,0.37
SPADES JACK CLUBS FOUR,0.6526,0.004,0.3434
SPADES TEN CLUBS FOUR,0.6476,0.004,0.3484
CLUBS FOUR DIAMONDS NINE,0.6472,0.0052,0.3476
CLUBS FIVE DIAMONDS NINE,0.6354,0.0042,0.3604
CLUBS TWO DIAMONDS NINE,0.6512,0.0058,0.343
CLUBS THREE DIAMONDS NINE,0.6416,0.002,0.3564
DIAMONDS NINE HEARTS EIGHT,0.5772,0.0028,0.42
DIAMONDS NINE HEARTS NINE,0.332,0.0038,0.6642
HEARTS SIX DIAMONDS NINE,0.6284,0.0036,0.368
DIAMONDS NINE HEARTS SEVEN,0.6954,0.0246,0.28
CLUBS NINE CLUBS EIGHT,0.5294,0.0042,0.4664
DIAMONDS ACE DIAMONDS NINE,0.2134,0.1734,0.6132
HEARTS FOUR DIAMONDS NINE,0.6492,0.0046,0.3462
HEARTS FIVE DIAMONDS NINE,0.6224,0.0032,0.3744
CLUBS TWO HEARTS ACE,0.4764,0.2956,0.228
DIAMONDS QUEEN DIAMONDS NINE,0.5514,0.004,0.4446
HEARTS TWO DIAMONDS NINE,0.6406,0.0034,0.356
CLUBS TWO HEARTS KING,0.6472,0.0048,0.348
SPADES KING CLUBS FOUR,0.6414,0.0052,0.3534
DIAMONDS KING DIAMONDS NINE,0.5492,0.0044,0.4464
HEARTS THREE DIAMONDS NINE,0.6498,0.0036,0.3466
CLUBS TWO HEARTS QUEEN,0.6584,0.0042,0.3374
SPADES QUEEN CLUBS FOUR,0.65,0.0052,0.3448
DIAMONDS NINE DIAMONDS JACK,0.5386,0.0044,0.457
CLUBS EIGHT SPADES NINE,0.5866,0.0038,0.4096
DIAMONDS NINE DIAMONDS TEN,0.5246,0.0034,0.472
CLUBS EIGHT SPADES EIGHT,0.3252,0.0044,0.6704
CLUBS EIGHT SPADES SEVEN,0.6936,0.0224,0.284
CLUBS EIGHT SPADES SIX,0.6226,0.003,0.3744
CLUBS EIGHT SPADES FIVE,0.6096,0.0036,0.3868
CLUBS EIGHT SPADES FOUR,0.6386,0.007,0.3544
CLUBS EIGHT SPADES THREE,0.6544,0.0052,0.3404
CLUBS EIGHT SPADES TWO,0.644,0.0042,0.3518
HEARTS SIX DIAMONDS TEN,0.629,0.0032,0.3678
DIAMONDS TEN HEARTS SEVEN,0.7022,0.023,0.2748
DIAMONDS TEN HEARTS EIGHT,0.5818,0.0022,0.416
CLUBS FOUR CLUBS JACK,0.5988,0.0052,0.396
DIAMONDS TEN HEARTS NINE,0.5654,0.0026,0.432
CLUBS TEN CLUBS FOUR,0.604,0.0048,0.3912
CLUBS FOUR CLUBS KING,0.5994,0.0066,0.394
CLUBS FOUR CLUBS QUEEN,0.608,0.006,0.386
CLUBS TWO DIAMONDS TEN,0.65,0.0044,0.3456
CLUBS THREE DIAMONDS TEN,0.6408,0.0044,0.3548
CLUBS FOUR CLUBS ACE,0.4348,0.288,0.2772
DIAMONDS JACK DIAMONDS TEN,0.53,0.003,0.467
DIAMONDS QUEEN DIAMONDS TEN,0.5196,0.0042,0.4762
HEARTS TWO DIAMONDS TEN,0.6366,0.0026,0.3608
DIAMONDS KING DIAMONDS TEN,0.5416,0.0052,0.4532
HEARTS THREE DIAMONDS TEN,0.6508,0.0034,0.3458
DIAMONDS ACE DIAMONDS TEN,0.2272,0.117,0.6558
HEARTS FOUR DIAMONDS TEN,0.6318,0.004,0.3642
CLUBS EIGHT HEARTS JACK,0.5824,0.0034,0.4142
HEARTS FIVE DIAMONDS TEN,0.63,0.0028,0.3672
CLUBS EIGHT HEARTS TEN,0.5804,0.0034,0.4162
CLUBS EIGHT HEARTS QUEEN,0.591,0.0036,0.4054
CLUBS EIGHT HEARTS KING,0.6052,0.0042,0.3906
CLUBS EIGHT HEARTS ACE,0.2164,0.2326,0.551
CLUBS NINE SPADES THREE,0.6394,0.0054,0.3552
CLUBS NINE SPADES TWO,0.6446,0.0058,0.3496
CLUBS NINE SPADES FIVE,0.6248,0.0062,0.369
CLUBS NINE SPADES FOUR,0.6358,0.0052,0.359
CLUBS NINE SPADES SEVEN,0.709,0.0254,0.2656
CLUBS NINE SPADES SIX,0.6252,0.0052,0.3696
CLUBS NINE SPADES NINE,0.3438,0.005,0.6512
CLUBS TEN HEARTS EIGHT,0.5792,0.004,0.4168
CLUBS NINE SPADES EIGHT,0.5764,0.0048,0.4188
CLUBS JACK HEARTS EIGHT,0.5794,0.0038,0.4168
CLUBS QUEEN HEARTS EIGHT,0.6024,0.0026,0.395
CLUBS KING HEARTS EIGHT,0.6064,0.004,0.3896
CLUBS ACE HEARTS EIGHT,0.204,0.2264,0.5696
SPADES KING CLUBS KING,0.2836,0.0046,0.7118
SPADES QUEEN CLUBS KING,0.5732,0.0042,0.4226
DIAMONDS ACE HEARTS TEN,0.239,0.1276,0.6334
HEARTS FOUR HEARTS TEN,0.5972,0.0024,0.4004
DIAMONDS ACE HEARTS JACK,0.2424,0.0822,0.6754
HEARTS FOUR HEARTS JACK,0.5912,0.005,0.4038
SPADES KING CLUBS FIVE,0.6532,0.0052,0.3416
SPADES QUEEN CLUBS FIVE,0.6262,0.006,0.3678
DIAMONDS JACK HEARTS SEVEN,0.7126,0.0264,0.261
HEARTS SIX DIAMONDS JACK,0.6288,0.003,0.3682
DIAMONDS JACK HEARTS NINE,0.5826,0.0022,0.4152
DIAMONDS JACK HEARTS EIGHT,0.5884,0.0036,0.408
DIAMONDS KING DIAMONDS JACK,0.5324,0.0028,0.4648
HEARTS THREE DIAMONDS JACK,0.6464,0.004,0.3496
SPADES FOUR HEARTS ACE,0.4786,0.3002,0.2212
DIAMONDS QUEEN DIAMONDS JACK,0.518,0.0034,0.4786
HEARTS TWO DIAMONDS JACK,0.6378,0.0038,0.3584
HEARTS FIVE DIAMONDS JACK,0.647,0.0026,0.3504
SPADES QUEEN SPADES SIX,0.6124,0.0058,0.3818
SPADES FOUR HEARTS QUEEN,0.6398,0.0058,0.3544
DIAMONDS ACE DIAMONDS JACK,0.228,0.0838,0.6882
HEARTS FOUR DIAMONDS JACK,0.6338,0.003,0.3632
SPADES KING SPADES SIX,0.6182,0.0046,0.3772
HEARTS KING SPADES FOUR,0.65,0.0036,0.3464
SPADES TEN SPADES SIX,0.6024,0.0048,0.3928
SPADES JACK SPADES SIX,0.622,0.0032,0.3748
SPADES FOUR DIAMONDS JACK,0.6452,0.0046,0.3502
SPADES FIVE DIAMONDS JACK,0.635,0.004,0.361
DIAMONDS JACK SPADES TWO,0.6436,0.005,0.3514
SPADES THREE DIAMONDS JACK,0.6528,0.0054,0.3418
SPADES QUEEN DIAMONDS THREE,0.6288,0.005,0.3662
CLUBS EIGHT DIAMONDS JACK,0.5854,0.0048,0.4098
SPADES KING DIAMONDS THREE,0.6378,0.0052,0.357
CLUBS NINE DIAMONDS JACK,0.5654,0.0032,0.4314
CLUBS SIX DIAMONDS JACK,0.6388,0.0044,0.3568
CLUBS FOUR DIAMONDS JACK,0.624,0.003,0.373
CLUBS FIVE DIAMONDS JACK,0.6402,0.0046,0.3552
CLUBS TWO DIAMONDS JACK,0.6404,0.005,0.3546
CLUBS THREE DIAMONDS JACK,0.6414,0.0032,0.3554
SPADES JACK HEARTS SIX,0.6476,0.0036,0.3488
SPADES TEN CLUBS FIVE,0.6502,0.0044,0.3454
SPADES JACK CLUBS FIVE,0.6402,0.0038,0.356
HEARTS SIX SPADES TEN,0.6286,0.0032,0.3682
SPADES JACK DIAMONDS THREE,0.6522,0.0056,0.3422
SPADES TEN DIAMONDS THREE,0.6428,0.0046,0.3526
SPADES NINE DIAMONDS JACK,0.574,0.0034,0.4226
DIAMONDS ACE HEARTS ACE,0.0636,0.0132,0.9232
HEARTS FOUR HEARTS ACE,0.4316,0.284,0.2844
SPADES EIGHT DIAMONDS JACK,0.5842,0.0038,0.412
DIAMONDS ACE HEARTS KING,0.2536,0.051,0.6954
HEARTS FOUR HEARTS KING,0.6026,0.0044,0.393
SPADES SEVEN DIAMONDS JACK,0.7248,0.0276,0.2476
SPADES KING HEARTS SIX,0.6448,0.0034,0.3518
DIAMONDS ACE HEARTS QUEEN,0.2578,0.0618,0.6804
HEARTS FOUR HEARTS QUEEN,0.5862,0.0042,0.4096
SPADES SIX DIAMONDS JACK,0.6418,0.0036,0.3546
SPADES QUEEN HEARTS SIX,0.6382,0.0046,0.3572
SPADES TWO DIAMONDS TEN,0.6424,0.004,0.3536
SPADES THREE DIAMONDS TEN,0.6464,0.0042,0.3494
SPADES FOUR DIAMONDS TEN,0.639,0.0062,0.3548
SPADES FIVE DIAMONDS TEN,0.6456,0.0054,0.349
SPADES SIX DIAMONDS TEN,0.6256,0.0034,0.371
SPADES SEVEN DIAMONDS TEN,0.7106,0.0222,0.2672
SPADES EIGHT DIAMONDS TEN,0.588,0.0016,0.4104
SPADES NINE DIAMONDS TEN,0.5804,0.0034,0.4162
CLUBS FOUR DIAMONDS TEN,0.6362,0.002,0.3618
CLUBS FIVE DIAMONDS TEN,0.6466,0.005,0.3484
CLUBS SIX DIAMONDS TEN,0.643,0.0042,0.3528
CLUBS EIGHT DIAMONDS TEN,0.5658,0.004,0.4302
CLUBS NINE DIAMONDS TEN,0.5732,0.0028,0.424
DIAMONDS THREE CLUBS JACK,0.628,0.0038,0.3682
CLUBS TEN DIAMONDS THREE,0.6308,0.004,0.3652
DIAMONDS THREE CLUBS KING,0.6472,0.0062,0.3466
DIAMONDS THREE CLUBS QUEEN,0.6396,0.005,0.3554
DIAMONDS THREE CLUBS ACE,0.4512,0.295,0.2538
SPADES FOUR HEARTS JACK,0.6404,0.0064,0.3532
SPADES FOUR HEARTS TEN,0.6406,0.0046,0.3548
SPADES FIVE SPADES TWO,0.6268,0.0074,0.3658
SPADES FOUR SPADES TWO,0.632,0.007,0.361
SPADES THREE SPADES TWO,0.6322,0.0068,0.361
SPADES NINE SPADES TWO,0.6172,0.003,0.3798
SPADES EIGHT SPADES TWO,0.625,0.0052,0.3698
SPADES SEVEN SPADES TWO,0.7192,0.0312,0.2496
SPADES SIX SPADES TWO,0.644,0.0048,0.3512
DIAMONDS QUEEN CLUBS THREE,0.641,0.0034,0.3556
HEARTS TWO CLUBS THREE,0.6578,0.006,0.3362
DIAMONDS QUEEN CLUBS TWO,0.645,0.0048,0.3502
CLUBS TWO HEARTS TWO,0.4696,0.0044,0.526
DIAMONDS QUEEN HEARTS SEVEN,0.7314,0.0256,0.243
HEARTS TWO HEARTS SEVEN,0.7184,0.0276,0.254
HEARTS SIX DIAMONDS QUEEN,0.6388,0.0034,0.3578
HEARTS SIX HEARTS TWO,0.6184,0.0048,0.3768
DIAMONDS QUEEN HEARTS NINE,0.5908,0.0028,0.4064
HEARTS TWO HEARTS NINE,0.614,0.005,0.381
DIAMONDS QUEEN HEARTS EIGHT,0.5862,0.0028,0.411
HEARTS TWO HEARTS EIGHT,0.6066,0.0038,0.3896
CLUBS NINE HEARTS TWO,0.6498,0.0042,0.346
CLUBS NINE DIAMONDS QUEEN,0.5732,0.0038,0.423
CLUBS EIGHT HEARTS TWO,0.6494,0.0044,0.3462
CLUBS EIGHT DIAMONDS QUEEN,0.5832,0.0028,0.414
CLUBS FIVE DIAMONDS QUEEN,0.641,0.003,0.356
CLUBS FIVE HEARTS TWO,0.6498,0.0046,0.3456
SPADES EIGHT HEARTS ACE,0.2292,0.2278,0.543
CLUBS FOUR DIAMONDS QUEEN,0.628,0.0028,0.3692
CLUBS FOUR HEARTS TWO,0.6652,0.005,0.3298
SPADES EIGHT HEARTS QUEEN,0.6072,0.0034,0.3894
CLUBS SIX DIAMONDS QUEEN,0.6522,0.0016,0.3462
CLUBS SIX HEARTS TWO,0.6724,0.0064,0.3212
SPADES EIGHT HEARTS KING,0.6086,0.0044,0.387
DIAMONDS QUEEN SPADES SIX,0.6532,0.0042,0.3426
HEARTS TWO SPADES SIX,0.687,0.0058,0.3072
HEARTS FOUR CLUBS QUEEN,0.6328,0.0034,0.3638
DIAMONDS ACE CLUBS QUEEN,0.2354,0.0724,0.6922
DIAMONDS QUEEN SPADES SEVEN,0.7514,0.0262,0.2224
SPADES SEVEN HEARTS TWO,0.7578,0.0326,0.2096
HEARTS FOUR CLUBS KING,0.6386,0.0068,0.3546
DIAMONDS ACE CLUBS KING,0.2464,0.0458,0.7078
SPADES EIGHT DIAMONDS QUEEN,0.5946,0.004,0.4014
SPADES EIGHT HEARTS TWO,0.664,0.0054,0.3306
HEARTS FOUR CLUBS ACE,0.4658,0.2942,0.24
DIAMONDS ACE CLUBS ACE,0.0632,0.013,0.9238
SPADES NINE DIAMONDS QUEEN,0.5694,0.0034,0.4272
SPADES NINE HEARTS TWO,0.6558,0.0042,0.34
HEARTS TWO SPADES TWO,0.4756,0.0052,0.5192
DIAMONDS QUEEN SPADES TWO,0.6496,0.0042,0.3462
HEARTS TWO SPADES THREE,0.6542,0.0046,0.3412
DIAMONDS QUEEN SPADES THREE,0.636,0.0042,0.3598
HEARTS TWO SPADES FOUR,0.6574,0.006,0.3366
DIAMONDS QUEEN SPADES FOUR,0.6398,0.0056,0.3546
HEARTS FOUR CLUBS TEN,0.6418,0.0046,0.3536
CLUBS TEN DIAMONDS ACE,0.224,0.1252,0.6508
HEARTS TWO SPADES FIVE,0.6548,0.004,0.3412
DIAMONDS QUEEN SPADES FIVE,0.6422,0.0038,0.354
HEARTS FOUR CLUBS JACK,0.624,0.005,0.371
DIAMONDS ACE CLUBS JACK,0.2198,0.0896,0.6906
CLUBS FIVE CLUBS KING,0.599,0.0052,0.3958
CLUBS FIVE CLUBS QUEEN,0.5964,0.0056,0.398
CLUBS FIVE CLUBS ACE,0.4298,0.288,0.2822
CLUBS FIVE CLUBS JACK,0.6012,0.0042,0.3946
CLUBS TEN CLUBS FIVE,0.602,0.0056,0.3924
SPADES KING CLUBS JACK,0.5786,0.0042,0.4172
SPADES QUEEN CLUBS JACK,0.5596,0.005,0.4354
SPADES SIX CLUBS KING,0.6464,0.005,0.3486
SPADES SIX CLUBS QUEEN,0.637,0.0052,0.3578
SPADES EIGHT HEARTS JACK,0.6028,0.0028,0.3944
SPADES SIX CLUBS ACE,0.4722,0.3028,0.225
SPADES EIGHT HEARTS TEN,0.583,0.0042,0.4128
SPADES SIX CLUBS JACK,0.6568,0.004,0.3392
CLUBS TEN SPADES SIX,0.641,0.0028,0.3562
SPADES TEN CLUBS JACK,0.5474,0.0048,0.4478
SPADES JACK CLUBS JACK,0.2968,0.0044,0.6988
SPADES SIX HEARTS TEN,0.6292,0.004,0.3668
SPADES SIX HEARTS JACK,0.65,0.004,0.346
SPADES SIX HEARTS ACE,0.474,0.3024,0.2236
SPADES SIX HEARTS KING,0.6546,0.0044,0.341
SPADES SIX HEARTS QUEEN,0.636,0.0042,0.3598
CLUBS TEN HEARTS SIX,0.632,0.0032,0.3648
HEARTS SIX CLUBS JACK,0.641,0.0036,0.3554
CLUBS ACE CLUBS JACK,0.2376,0.0826,0.6798
HEARTS SIX CLUBS QUEEN,0.6408,0.003,0.3562
HEARTS SIX CLUBS KING,0.6452,0.0042,0.3506
HEARTS SIX CLUBS ACE,0.4758,0.2884,0.2358
CLUBS QUEEN CLUBS JACK,0.534,0.0056,0.4604
CLUBS KING CLUBS JACK,0.532,0.0072,0.4608
DIAMONDS THREE HEARTS ACE,0.4614,0.2868,0.2518
DIAMONDS THREE HEARTS QUEEN,0.6456,0.0044,0.35
DIAMONDS THREE HEARTS KING,0.638,0.0046,0.3574
CLUBS FIVE HEARTS JACK,0.6378,0.0056,0.3566
HEARTS FOUR SPADES TEN,0.64,0.0044,0.3556
SPADES TEN DIAMONDS ACE,0.245,0.1208,0.6342
CLUBS FIVE HEARTS TEN,0.6466,0.0044,0.349
HEARTS FOUR SPADES JACK,0.6462,0.0046,0.3492
SPADES JACK DIAMONDS ACE,0.2378,0.093,0.6692
CLUBS FIVE HEARTS ACE,0.4678,0.2946,0.2376
CLUBS FIVE HEARTS KING,0.6408,0.0044,0.3548
SPADES QUEEN DIAMONDS ACE,0.238,0.0688,0.6932
HEARTS FOUR SPADES QUEEN,0.634,0.0042,0.3618
SPADES FOUR CLUBS JACK,0.641,0.0078,0.3512
CLUBS FIVE HEARTS QUEEN,0.648,0.0046,0.3474
SPADES KING HEARTS FOUR,0.6276,0.007,0.3654
SPADES KING DIAMONDS ACE,0.2594,0.0472,0.6934
CLUBS TEN SPADES FOUR,0.6296,0.0054,0.365
DIAMONDS QUEEN DIAMONDS ACE,0.234,0.0618,0.7042
HEARTS TWO DIAMONDS ACE,0.4626,0.298,0.2394
HEARTS FOUR DIAMONDS QUEEN,0.6326,0.0034,0.364
HEARTS FOUR HEARTS TWO,0.6136,0.0032,0.3832
DIAMONDS THREE HEARTS TEN,0.6306,0.0026,0.3668
SPADES FOUR CLUBS KING,0.6406,0.0048,0.3546
HEARTS FIVE DIAMONDS QUEEN,0.6254,0.0044,0.3702
HEARTS FIVE HEARTS TWO,0.6168,0.0044,0.3788
DIAMONDS THREE HEARTS JACK,0.6336,0.0028,0.3636
SPADES FOUR CLUBS QUEEN,0.6278,0.0064,0.3658
DIAMONDS QUEEN HEARTS TWO,0.6346,0.0048,0.3606
DIAMONDS KING DIAMONDS QUEEN,0.5346,0.0044,0.461
DIAMONDS KING HEARTS TWO,0.6482,0.0034,0.3484
HEARTS THREE DIAMONDS QUEEN,0.6348,0.0046,0.3606
HEARTS THREE HEARTS TWO,0.6196,0.0056,0.3748
SPADES FOUR CLUBS ACE,0.4636,0.302,0.2344
HEARTS TWO CLUBS ACE,0.463,0.2962,0.2408
DIAMONDS QUEEN CLUBS ACE,0.2412,0.0624,0.6964
HEARTS TWO CLUBS QUEEN,0.6332,0.0042,0.3626
DIAMONDS QUEEN CLUBS QUEEN,0.3,0.0046,0.6954
HEARTS TWO CLUBS KING,0.6386,0.0072,0.3542
DIAMONDS QUEEN CLUBS KING,0.5762,0.0048,0.419
SPADES EIGHT SPADES FIVE,0.5994,0.0044,0.3962
CLUBS TEN HEARTS TWO,0.6508,0.0058,0.3434
CLUBS TEN DIAMONDS QUEEN,0.5488,0.0044,0.4468
SPADES NINE SPADES FIVE,0.6056,0.004,0.3904
HEARTS TWO CLUBS JACK,0.6352,0.0068,0.358
DIAMONDS QUEEN CLUBS JACK,0.5534,0.0052,0.4414
SPADES SIX SPADES FIVE,0.6012,0.0038,0.395
SPADES SEVEN SPADES FIVE,0.6852,0.023,0.2918
DIAMONDS FIVE CLUBS QUEEN,0.6444,0.0032,0.3524
SPADES EIGHT CLUBS ACE,0.2268,0.237,0.5362
DIAMONDS FIVE CLUBS KING,0.6348,0.0052,0.36
SPADES EIGHT CLUBS KING,0.6032,0.005,0.3918
CLUBS ACE DIAMONDS FIVE,0.45,0.307,0.243
SPADES EIGHT CLUBS QUEEN,0.5952,0.0044,0.4004
SPADES EIGHT CLUBS JACK,0.5804,0.0066,0.413
CLUBS TEN SPADES EIGHT,0.578,0.006,0.416
CLUBS TEN DIAMONDS FIVE,0.6386,0.0034,0.358
DIAMONDS FIVE CLUBS JACK,0.625,0.0048,0.3702
HEARTS JACK DIAMONDS TEN,0.5438,0.003,0.4532
DIAMONDS TEN HEARTS TEN,0.3228,0.0036,0.6736
CLUBS NINE SPADES QUEEN,0.574,0.005,0.421
SPADES KING CLUBS NINE,0.5994,0.0052,0.3954
HEARTS SIX HEARTS KING,0.5962,0.004,0.3998
DIAMONDS KING SPADES SEVEN,0.7358,0.025,0.2392
HEARTS THREE SPADES SEVEN,0.7494,0.03,0.2206
SPADES KING DIAMONDS SEVEN,0.731,0.033,0.236
HEARTS SIX HEARTS QUEEN,0.5906,0.0042,0.4052
DIAMONDS KING SPADES SIX,0.6594,0.0032,0.3374
HEARTS THREE SPADES SIX,0.6576,0.0052,0.3372
SPADES QUEEN DIAMONDS SEVEN,0.7382,0.0266,0.2352
SPADES NINE DIAMONDS KING,0.586,0.0042,0.4098
HEARTS THREE SPADES NINE,0.6614,0.0038,0.3348
HEARTS SIX HEARTS ACE,0.4504,0.2812,0.2684
DIAMONDS KING SPADES EIGHT,0.6188,0.0034,0.3778
