opposingHand,winningChance,drawChance,lostChance
SPADES KING HEARTS JACK
SPADES TEN HEARTS FIVE,0.6912,0.0084,0.3004
SPADES JACK HEARTS FIVE,0.7406,0.034,0.2254
SPADES FIVE CLUBS JACK,0.7448,0.0312,0.224
CLUBS TEN SPADES FIVE,0.688,0.0072,0.3048
CLUBS EIGHT CLUBS JACK,0.6918,0.0274,0.2808
CLUBS TEN CLUBS EIGHT,0.6106,0.0056,0.3838
CLUBS EIGHT CLUBS KING,0.6348,0.0798,0.2854
SPADES FIVE CLUBS ACE,0.4288,0.0036,0.5676
CLUBS EIGHT CLUBS QUEEN,0.6028,0.0056,0.3916
SPADES FIVE CLUBS KING,0.6862,0.0874,0.2264
SPADES FIVE CLUBS QUEEN,0.638,0.0062,0.3558
CLUBS EIGHT CLUBS ACE,0.401,0.0056,0.5934
DIAMONDS TWO DIAMONDS THREE,0.5992,0.0106,0.3902
DIAMONDS TWO DIAMONDS FIVE,0.6016,0.0098,0.3886
DIAMONDS TWO DIAMONDS FOUR,0.6148,0.0066,0.3786
SPADES QUEEN HEARTS FIVE,0.6578,0.0074,0.3348
DIAMONDS TWO DIAMONDS SEVEN,0.6166,0.007,0.3764
DIAMONDS TWO DIAMONDS SIX,0.6242,0.0076,0.3682
SPADES ACE HEARTS FIVE,0.4148,0.0048,0.5804
DIAMONDS TWO DIAMONDS NINE,0.6262,0.006,0.3678
DIAMONDS TWO DIAMONDS EIGHT,0.62,0.0062,0.3738
DIAMONDS THREE DIAMONDS FOUR,0.5988,0.0092,0.392
SPADES FOUR CLUBS TWO,0.6406,0.0094,0.35
DIAMONDS THREE DIAMONDS FIVE,0.5852,0.0078,0.407
SPADES FIVE CLUBS TWO,0.6548,0.0074,0.3378
CLUBS TWO SPADES TWO,0.4722,0.0086,0.5192
CLUBS TWO SPADES THREE,0.6624,0.0046,0.333
DIAMONDS THREE DIAMONDS EIGHT,0.6246,0.0084,0.367
SPADES EIGHT CLUBS TWO,0.6842,0.0078,0.308
DIAMONDS THREE DIAMONDS NINE,0.6238,0.0056,0.3706
SPADES NINE CLUBS TWO,0.6858,0.0074,0.3068
DIAMONDS THREE DIAMONDS SIX,0.6148,0.007,0.3782
SPADES SIX CLUBS TWO,0.66,0.0072,0.3328
DIAMONDS THREE DIAMONDS SEVEN,0.6142,0.0066,0.3792
SPADES SEVEN CLUBS TWO,0.668,0.0088,0.3232
CLUBS SIX CLUBS TWO,0.6334,0.0084,0.3582
CLUBS SEVEN CLUBS TWO,0.6358,0.0042,0.36
CLUBS FOUR CLUBS TWO,0.6072,0.0078,0.385
CLUBS FIVE CLUBS TWO,0.6068,0.008,0.3852
CLUBS TEN CLUBS JACK,0.6544,0.0256,0.32
DIAMONDS FOUR DIAMONDS SIX,0.5954,0.0062,0.3984
CLUBS TEN CLUBS QUEEN,0.578,0.0034,0.4186
DIAMONDS FOUR DIAMONDS SEVEN,0.5948,0.007,0.3982
CLUBS TEN CLUBS KING,0.6392,0.0782,0.2826
CLUBS TEN CLUBS ACE,0.3874,0.003,0.6096
CLUBS EIGHT CLUBS TWO,0.6226,0.0062,0.3712
DIAMONDS FIVE DIAMONDS FOUR,0.5644,0.0076,0.428
CLUBS NINE CLUBS TWO,0.6474,0.007,0.3456
DIAMONDS NINE DIAMONDS FOUR,0.6266,0.008,0.3654
DIAMONDS EIGHT DIAMONDS FOUR,0.6176,0.0068,0.3756
CLUBS THREE CLUBS TWO,0.6122,0.0076,0.3802
DIAMONDS NINE DIAMONDS FIVE,0.6146,0.007,0.3784
DIAMONDS TWO CLUBS JACK,0.7436,0.0326,0.2238
DIAMONDS EIGHT DIAMONDS FIVE,0.6078,0.0054,0.3868
CLUBS TEN DIAMONDS TWO,0.6888,0.0074,0.3038
DIAMONDS FIVE DIAMONDS SEVEN,0.5928,0.0064,0.4008
DIAMONDS FIVE DIAMONDS SIX,0.5908,0.0076,0.4016
DIAMONDS TWO CLUBS ACE,0.424,0.0042,0.5718
DIAMONDS TWO CLUBS KING,0.6876,0.078,0.2344
DIAMONDS TWO CLUBS QUEEN,0.6554,0.0086,0.336
DIAMONDS EIGHT DIAMONDS SIX,0.595,0.0068,0.3982
DIAMONDS NINE DIAMONDS SIX,0.6024,0.0076,0.39
HEARTS ACE SPADES THREE,0.4302,0.0074,0.5624
SPADES THREE HEARTS KING,0.6768,0.0878,0.2354
DIAMONDS SEVEN DIAMONDS SIX,0.5866,0.0062,0.4072
SPADES THREE HEARTS QUEEN,0.664,0.0058,0.3302
SPADES THREE HEARTS TEN,0.6802,0.0078,0.312
DIAMONDS EIGHT DIAMONDS SEVEN,0.5924,0.0052,0.4024
DIAMONDS NINE DIAMONDS SEVEN,0.599,0.0056,0.3954
DIAMONDS NINE DIAMONDS EIGHT,0.597,0.0056,0.3974
DIAMONDS KING HEARTS TEN,0.673,0.0918,0.2352
HEARTS THREE HEARTS TEN,0.656,0.0086,0.3354
SPADES JACK CLUBS SIX,0.7396,0.0336,0.2268
SPADES TEN CLUBS SIX,0.6694,0.0056,0.325
SPADES JACK SPADES FIVE,0.7178,0.0262,0.256
SPADES TEN SPADES FIVE,0.6474,0.0092,0.3434
DIAMONDS KING HEARTS ACE,0.252,0.0118,0.7362
HEARTS THREE HEARTS ACE,0.4002,0.0046,0.5952
SPADES ACE CLUBS SIX,0.4218,0.0032,0.575
DIAMONDS KING HEARTS QUEEN,0.2286,0.0606,0.7108
HEARTS THREE HEARTS QUEEN,0.6166,0.0074,0.376
DIAMONDS KING HEARTS KING,0.0956,0.0134,0.891
HEARTS THREE HEARTS KING,0.6538,0.0848,0.2614
SPADES QUEEN CLUBS SIX,0.6506,0.009,0.3404
SPADES NINE HEARTS TEN,0.6432,0.0052,0.3516
SPADES QUEEN SPADES FIVE,0.6162,0.0064,0.3774
SPADES ACE SPADES FIVE,0.4064,0.0042,0.5894
SPADES NINE HEARTS QUEEN,0.6352,0.0086,0.3562
SPADES NINE HEARTS KING,0.6898,0.0854,0.2248
SPADES NINE HEARTS ACE,0.4184,0.0058,0.5758
CLUBS TEN SPADES JACK,0.7142,0.0272,0.2586
CLUBS TEN SPADES TEN,0.4308,0.0054,0.5638
SPADES ACE CLUBS TEN,0.4064,0.005,0.5886
SPADES QUEEN CLUBS TEN,0.6328,0.0074,0.3598
SPADES FIVE HEARTS QUEEN,0.6512,0.0072,0.3416
SPADES FIVE HEARTS KING,0.6812,0.0908,0.228
SPADES FIVE HEARTS ACE,0.4218,0.0046,0.5736
HEARTS THREE SPADES JACK,0.7452,0.0342,0.2206
SPADES JACK DIAMONDS KING,0.0198,0.9692,0.011
SPADES TEN CLUBS EIGHT,0.6538,0.0062,0.34
SPADES JACK CLUBS EIGHT,0.735,0.0318,0.2332
HEARTS THREE SPADES TEN,0.6812,0.0058,0.313
SPADES TEN DIAMONDS KING,0.6916,0.0862,0.2222
CLUBS SIX HEARTS ACE,0.4206,0.0044,0.575
SPADES ACE CLUBS EIGHT,0.4292,0.003,0.5678
HEARTS FIVE CLUBS JACK,0.7334,0.0284,0.2382
CLUBS TEN HEARTS FIVE,0.6696,0.0068,0.3236
CLUBS SIX HEARTS QUEEN,0.6388,0.0058,0.3554
SPADES QUEEN CLUBS EIGHT,0.6452,0.0082,0.3466
CLUBS TEN SPADES THREE,0.6958,0.008,0.2962
CLUBS SIX HEARTS KING,0.67,0.0888,0.2412
SPADES THREE CLUBS JACK,0.7338,0.0328,0.2334
SPADES THREE CLUBS QUEEN,0.6538,0.0062,0.34
DIAMONDS TWO HEARTS TEN,0.6878,0.0068,0.3054
SPADES THREE CLUBS KING,0.6866,0.0886,0.2248
HEARTS FIVE CLUBS ACE,0.434,0.0042,0.5618
SPADES FIVE HEARTS TEN,0.6888,0.0086,0.3026
SPADES THREE CLUBS ACE,0.427,0.0056,0.5674
HEARTS FIVE CLUBS KING,0.6762,0.0832,0.2406
HEARTS FIVE CLUBS QUEEN,0.6502,0.006,0.3438
HEARTS THREE CLUBS KING,0.6916,0.0762,0.2322
DIAMONDS KING CLUBS KING,0.1088,0.013,0.8782
HEARTS THREE CLUBS QUEEN,0.6496,0.008,0.3424
DIAMONDS KING CLUBS QUEEN,0.2416,0.0572,0.7012
HEARTS FIVE HEARTS TEN,0.6606,0.0072,0.3322
HEARTS THREE CLUBS ACE,0.42,0.0052,0.5748
DIAMONDS KING CLUBS ACE,0.2498,0.0104,0.7398
SPADES ACE CLUBS QUEEN,0.373,0.0046,0.6224
HEARTS THREE CLUBS JACK,0.7478,0.0334,0.2188
DIAMONDS KING CLUBS JACK,0.0188,0.9644,0.0168
SPADES QUEEN CLUBS QUEEN,0.2934,0.0042,0.7024
CLUBS TEN HEARTS THREE,0.6848,0.0082,0.307
CLUBS TEN DIAMONDS KING,0.6692,0.0926,0.2382
SPADES JACK CLUBS QUEEN,0.7308,0.0224,0.2468
CLUBS SIX CLUBS QUEEN,0.613,0.006,0.381
SPADES TEN CLUBS QUEEN,0.6266,0.0078,0.3656
CLUBS SIX CLUBS KING,0.6366,0.0822,0.2812
CLUBS SIX CLUBS ACE,0.41,0.0042,0.5858
HEARTS FIVE HEARTS KING,0.6294,0.0878,0.2828
HEARTS FIVE HEARTS QUEEN,0.618,0.0056,0.3764
CLUBS TEN CLUBS SIX,0.6182,0.0058,0.376
HEARTS FIVE HEARTS ACE,0.3948,0.005,0.6002
CLUBS SIX CLUBS JACK,0.6956,0.0304,0.274
SPADES SEVEN HEARTS TEN,0.6688,0.0086,0.3226
DIAMONDS TWO CLUBS TWO,0.4742,0.0084,0.5174
DIAMONDS TWO CLUBS THREE,0.6582,0.0072,0.3346
HEARTS SIX DIAMONDS TWO,0.6554,0.0068,0.3378
DIAMONDS TWO HEARTS QUEEN,0.6426,0.0072,0.3502
DIAMONDS TWO HEARTS SEVEN,0.656,0.0084,0.3356
DIAMONDS TWO HEARTS KING,0.6794,0.088,0.2326
DIAMONDS TWO HEARTS EIGHT,0.681,0.0076,0.3114
DIAMONDS TWO HEARTS ACE,0.4276,0.0042,0.5682
DIAMONDS TWO HEARTS NINE,0.6786,0.007,0.3144
DIAMONDS TWO DIAMONDS QUEEN,0.6044,0.0052,0.3904
DIAMONDS TWO HEARTS TWO,0.4852,0.0092,0.5056
DIAMONDS TWO DIAMONDS KING,0.6448,0.084,0.2712
HEARTS THREE DIAMONDS TWO,0.6712,0.0086,0.3202
DIAMONDS TWO DIAMONDS ACE,0.3888,0.0048,0.6064
HEARTS FOUR DIAMONDS TWO,0.6514,0.0094,0.3392
DIAMONDS TWO HEARTS FIVE,0.6436,0.0108,0.3456
SPADES SEVEN HEARTS ACE,0.4356,0.0034,0.561
DIAMONDS TWO DIAMONDS TEN,0.6492,0.0072,0.3436
SPADES SEVEN HEARTS KING,0.6778,0.0876,0.2346
DIAMONDS TWO DIAMONDS JACK,0.7088,0.0274,0.2638
SPADES SEVEN HEARTS QUEEN,0.6624,0.0062,0.3314
DIAMONDS TWO SPADES NINE,0.6758,0.0074,0.3168
DIAMONDS TWO SPADES EIGHT,0.669,0.0052,0.3258
DIAMONDS TWO SPADES SEVEN,0.6756,0.0076,0.3168
DIAMONDS TWO SPADES SIX,0.6572,0.0084,0.3344
DIAMONDS TWO SPADES FIVE,0.6548,0.0084,0.3368
DIAMONDS TWO SPADES FOUR,0.6556,0.0076,0.3368
DIAMONDS TWO SPADES THREE,0.6504,0.0056,0.344
DIAMONDS TWO SPADES TWO,0.4806,0.0108,0.5086
CLUBS NINE DIAMONDS TWO,0.6742,0.0066,0.3192
DIAMONDS TWO CLUBS EIGHT,0.6772,0.006,0.3168
CLUBS SEVEN DIAMONDS TWO,0.6726,0.0074,0.32
DIAMONDS TWO CLUBS SIX,0.6568,0.0058,0.3374
DIAMONDS TWO CLUBS FIVE,0.6418,0.0072,0.351
DIAMONDS TWO CLUBS FOUR,0.6448,0.0072,0.348
CLUBS FOUR SPADES FIVE,0.6166,0.0064,0.377
CLUBS FOUR SPADES FOUR,0.4818,0.0106,0.5076
CLUBS FOUR SPADES THREE,0.6362,0.0084,0.3554
CLUBS FOUR SPADES TWO,0.6614,0.0062,0.3324
SPADES NINE CLUBS FOUR,0.6722,0.0072,0.3206
SPADES EIGHT CLUBS FOUR,0.6578,0.0052,0.337
SPADES SEVEN CLUBS FOUR,0.647,0.0076,0.3454
SPADES SIX CLUBS FOUR,0.6306,0.0068,0.3626
SPADES ACE DIAMONDS SIX,0.4294,0.0042,0.5664
SPADES QUEEN DIAMONDS SIX,0.6622,0.0074,0.3304
SPADES TEN DIAMONDS SIX,0.6766,0.0068,0.3166
SPADES JACK DIAMONDS SIX,0.7362,0.0314,0.2324
SPADES QUEEN SPADES TWO,0.6362,0.0076,0.3562
SPADES ACE SPADES TWO,0.409,0.0042,0.5868
DIAMONDS JACK CLUBS JACK,0.323,0.0168,0.6602
CLUBS TEN DIAMONDS JACK,0.7014,0.0294,0.2692
DIAMONDS JACK CLUBS KING,0.0228,0.9574,0.0198
DIAMONDS JACK CLUBS QUEEN,0.7254,0.0262,0.2484
DIAMONDS THREE DIAMONDS JACK,0.6986,0.0292,0.2722
DIAMONDS THREE DIAMONDS TEN,0.6332,0.0098,0.357
DIAMONDS JACK CLUBS ACE,0.257,0.0144,0.7286
DIAMONDS THREE DIAMONDS KING,0.6344,0.0822,0.2834
HEARTS THREE DIAMONDS THREE,0.4844,0.0088,0.5068
DIAMONDS THREE DIAMONDS QUEEN,0.611,0.0078,0.3812
DIAMONDS THREE HEARTS TWO,0.6516,0.0072,0.3412
HEARTS FIVE DIAMONDS THREE,0.6376,0.0074,0.355
DIAMONDS THREE DIAMONDS ACE,0.3822,0.0056,0.6122
HEARTS FOUR DIAMONDS THREE,0.6382,0.0076,0.3542
DIAMONDS THREE HEARTS SEVEN,0.6716,0.0074,0.321
SPADES TEN SPADES NINE,0.6064,0.0092,0.3844
HEARTS SIX DIAMONDS THREE,0.6488,0.006,0.3452
SPADES JACK SPADES NINE,0.6858,0.0254,0.2888
DIAMONDS THREE HEARTS NINE,0.6858,0.0072,0.307
HEARTS ACE HEARTS KING,0.2318,0.0122,0.756
SPADES TEN SPADES TWO,0.656,0.0072,0.3368
DIAMONDS THREE HEARTS EIGHT,0.6782,0.008,0.3138
HEARTS TEN DIAMONDS FOUR,0.6812,0.0074,0.3114
SPADES JACK SPADES TWO,0.7164,0.034,0.2496
HEARTS QUEEN DIAMONDS FOUR,0.646,0.0046,0.3494
HEARTS KING DIAMONDS FOUR,0.6628,0.0884,0.2488
SPADES ACE SPADES NINE,0.3998,0.0048,0.5954
HEARTS ACE DIAMONDS FOUR,0.4106,0.0038,0.5856
SPADES QUEEN SPADES NINE,0.6018,0.0072,0.391
DIAMONDS THREE SPADES NINE,0.6726,0.0076,0.3198
DIAMONDS THREE SPADES EIGHT,0.6702,0.0068,0.323
DIAMONDS THREE SPADES SEVEN,0.6584,0.0072,0.3344
DIAMONDS THREE SPADES SIX,0.6548,0.0072,0.338
DIAMONDS THREE CLUBS SIX,0.6438,0.0058,0.3504
CLUBS FIVE CLUBS SIX,0.5866,0.0068,0.4066
CLUBS ACE DIAMONDS FOUR,0.4112,0.003,0.5858
CLUBS SEVEN DIAMONDS THREE,0.6588,0.0056,0.3356
CLUBS SEVEN CLUBS FIVE,0.574,0.0064,0.4196
DIAMONDS THREE CLUBS FOUR,0.643,0.0056,0.3514
DIAMONDS FOUR CLUBS QUEEN,0.645,0.007,0.348
DIAMONDS THREE CLUBS FIVE,0.6262,0.0078,0.366
CLUBS KING DIAMONDS FOUR,0.6666,0.0898,0.2436
DIAMONDS THREE CLUBS TWO,0.6426,0.0088,0.3486
CLUBS TEN DIAMONDS FOUR,0.6702,0.0042,0.3256
DIAMONDS THREE CLUBS THREE,0.4724,0.0088,0.5188
DIAMONDS FOUR CLUBS JACK,0.7444,0.0318,0.2238
DIAMONDS THREE SPADES FOUR,0.6428,0.0074,0.3498
DIAMONDS THREE SPADES FIVE,0.634,0.007,0.359
DIAMONDS THREE SPADES TWO,0.6488,0.0076,0.3436
DIAMONDS THREE SPADES THREE,0.4742,0.0118,0.514
CLUBS EIGHT DIAMONDS THREE,0.6742,0.0076,0.3182
CLUBS NINE DIAMONDS THREE,0.6792,0.0068,0.314
SPADES SEVEN CLUBS ACE,0.4252,0.0036,0.5712
SPADES SEVEN CLUBS QUEEN,0.6722,0.0058,0.322
SPADES SEVEN CLUBS KING,0.6838,0.0914,0.2248
CLUBS FIVE SPADES SEVEN,0.631,0.0076,0.3614
CLUBS TEN SPADES SEVEN,0.6502,0.0072,0.3426
CLUBS FIVE SPADES SIX,0.635,0.0056,0.3594
SPADES SEVEN CLUBS JACK,0.7386,0.025,0.2364
SPADES NINE CLUBS FIVE,0.6746,0.0048,0.3206
CLUBS FIVE SPADES EIGHT,0.6434,0.006,0.3506
CLUBS FIVE SPADES THREE,0.6216,0.006,0.3724
CLUBS FIVE SPADES TWO,0.6464,0.0064,0.3472
CLUBS FIVE SPADES FIVE,0.4728,0.008,0.5192
CLUBS FIVE SPADES FOUR,0.6186,0.0058,0.3756
CLUBS NINE CLUBS FIVE,0.6202,0.0084,0.3714
CLUBS EIGHT CLUBS FIVE,0.6014,0.0076,0.391
CLUBS ACE CLUBS QUEEN,0.3638,0.0054,0.6308
CLUBS KING CLUBS QUEEN,0.2328,0.0538,0.7134
DIAMONDS TEN DIAMONDS FOUR,0.6304,0.0062,0.3634
CLUBS TEN DIAMONDS NINE,0.6226,0.0062,0.3712
DIAMONDS JACK DIAMONDS FOUR,0.6902,0.0328,0.277
DIAMONDS NINE CLUBS JACK,0.7188,0.0254,0.2558
SPADES NINE CLUBS JACK,0.7196,0.0332,0.2472
CLUBS TEN SPADES NINE,0.642,0.006,0.352
DIAMONDS ACE DIAMONDS FOUR,0.4008,0.0048,0.5944
HEARTS FOUR DIAMONDS FOUR,0.4676,0.01,0.5224
DIAMONDS JACK HEARTS TEN,0.7214,0.0292,0.2494
SPADES NINE CLUBS KING,0.6826,0.0872,0.2302
DIAMONDS TWO SPADES TEN,0.681,0.0066,0.3124
DIAMONDS NINE CLUBS ACE,0.4054,0.005,0.5896
HEARTS FIVE DIAMONDS FOUR,0.6356,0.006,0.3584
SPADES NINE CLUBS QUEEN,0.6328,0.007,0.3602
SPADES JACK DIAMONDS TWO,0.7504,0.0358,0.2138
DIAMONDS QUEEN DIAMONDS FOUR,0.6108,0.0084,0.3808
HEARTS TWO DIAMONDS FOUR,0.6416,0.0056,0.3528
DIAMONDS NINE CLUBS QUEEN,0.6302,0.0054,0.3644
DIAMONDS KING DIAMONDS FOUR,0.636,0.0868,0.2772
HEARTS THREE DIAMONDS FOUR,0.6392,0.011,0.3498
SPADES NINE CLUBS ACE,0.4362,0.0034,0.5604
DIAMONDS NINE CLUBS KING,0.6824,0.077,0.2406
HEARTS ACE DIAMONDS JACK,0.246,0.0166,0.7374
SPADES ACE DIAMONDS TWO,0.413,0.0064,0.5806
HEARTS QUEEN DIAMONDS JACK,0.7218,0.0272,0.251
SPADES QUEEN DIAMONDS TWO,0.6652,0.0074,0.3274
DIAMONDS JACK HEARTS KING,0.0108,0.9682,0.021
SPADES JACK SPADES SEVEN,0.7,0.0332,0.2668
SPADES TEN SPADES SEVEN,0.6306,0.0058,0.3636
CLUBS SEVEN CLUBS THREE,0.6174,0.0062,0.3764
CLUBS SIX CLUBS THREE,0.604,0.0084,0.3876
CLUBS FIVE CLUBS THREE,0.5978,0.0076,0.3946
CLUBS THREE CLUBS FOUR,0.5844,0.0088,0.4068
CLUBS NINE CLUBS THREE,0.6228,0.0056,0.3716
CLUBS EIGHT CLUBS THREE,0.636,0.0064,0.3576
CLUBS THREE SPADES FIVE,0.6312,0.0084,0.3604
CLUBS THREE SPADES FOUR,0.6326,0.0074,0.36
CLUBS THREE SPADES THREE,0.4762,0.0112,0.5126
CLUBS THREE SPADES TWO,0.6504,0.008,0.3416
CLUBS THREE SPADES SIX,0.6626,0.0072,0.3302
SPADES SEVEN CLUBS THREE,0.6686,0.0044,0.327
SPADES EIGHT CLUBS THREE,0.6816,0.0064,0.312
SPADES NINE CLUBS THREE,0.669,0.0058,0.3252
SPADES TWO DIAMONDS FOUR,0.645,0.0068,0.3482
SPADES THREE DIAMONDS FOUR,0.624,0.0088,0.3672
SPADES FOUR DIAMONDS FOUR,0.4808,0.0102,0.509
SPADES FIVE DIAMONDS FOUR,0.6258,0.0082,0.366
SPADES SIX DIAMONDS FOUR,0.6464,0.0042,0.3494
SPADES SEVEN DIAMONDS FOUR,0.6548,0.0078,0.3374
SPADES EIGHT DIAMONDS FOUR,0.648,0.0076,0.3444
SPADES NINE DIAMONDS FOUR,0.6712,0.0078,0.321
CLUBS FIVE DIAMONDS FOUR,0.6192,0.007,0.3738
CLUBS FOUR DIAMONDS FOUR,0.4736,0.0094,0.517
CLUBS SEVEN DIAMONDS FOUR,0.6398,0.0072,0.353
CLUBS SIX DIAMONDS FOUR,0.6366,0.0066,0.3568
CLUBS NINE DIAMONDS FOUR,0.672,0.0046,0.3234
CLUBS EIGHT DIAMONDS FOUR,0.6546,0.006,0.3394
DIAMONDS FOUR HEARTS SEVEN,0.6488,0.0064,0.3448
HEARTS SIX DIAMONDS FOUR,0.6398,0.006,0.3542
HEARTS NINE DIAMONDS FOUR,0.6764,0.006,0.3176
DIAMONDS FOUR HEARTS EIGHT,0.669,0.0052,0.3258
CLUBS THREE DIAMONDS FOUR,0.6362,0.006,0.3578
CLUBS TWO DIAMONDS FOUR,0.6502,0.0082,0.3416
DIAMONDS TEN DIAMONDS FIVE,0.626,0.0054,0.3686
DIAMONDS JACK DIAMONDS FIVE,0.6808,0.0292,0.29
DIAMONDS NINE HEARTS QUEEN,0.6274,0.006,0.3666
DIAMONDS NINE HEARTS KING,0.6908,0.084,0.2252
HEARTS ACE DIAMONDS NINE,0.4134,0.003,0.5836
DIAMONDS NINE HEARTS TEN,0.6426,0.0066,0.3508
CLUBS KING DIAMONDS SIX,0.6682,0.0826,0.2492
CLUBS QUEEN DIAMONDS SIX,0.64,0.0052,0.3548
CLUBS ACE DIAMONDS SIX,0.4308,0.0046,0.5646
SPADES ACE SPADES SEVEN,0.3964,0.0046,0.599
SPADES QUEEN DIAMONDS FOUR,0.6556,0.0066,0.3378
SPADES QUEEN SPADES SEVEN,0.6298,0.006,0.3642
CLUBS JACK DIAMONDS SIX,0.7342,0.0334,0.2324
SPADES ACE DIAMONDS FOUR,0.4242,0.0044,0.5714
CLUBS TEN DIAMONDS SIX,0.6678,0.004,0.3282
CLUBS NINE CLUBS FOUR,0.6292,0.0068,0.364
CLUBS EIGHT CLUBS FOUR,0.6088,0.0074,0.3838
SPADES JACK DIAMONDS FOUR,0.7478,0.0328,0.2194
SPADES TEN DIAMONDS FOUR,0.6738,0.0072,0.319
CLUBS FIVE CLUBS FOUR,0.5818,0.0084,0.4098
CLUBS SEVEN CLUBS FOUR,0.6146,0.0062,0.3792
CLUBS SIX CLUBS FOUR,0.5968,0.0102,0.393
CLUBS SEVEN SPADES EIGHT,0.633,0.006,0.361
CLUBS SEVEN SPADES NINE,0.6444,0.007,0.3486
CLUBS SEVEN SPADES SIX,0.6186,0.0054,0.376
CLUBS SEVEN SPADES SEVEN,0.4738,0.0068,0.5194
CLUBS SEVEN SPADES FIVE,0.6408,0.0054,0.3538
CLUBS SEVEN SPADES FOUR,0.665,0.007,0.328
CLUBS SEVEN SPADES THREE,0.6616,0.0066,0.3318
CLUBS SEVEN SPADES TWO,0.6802,0.0088,0.311
CLUBS NINE CLUBS SEVEN,0.5868,0.0082,0.405
CLUBS SEVEN CLUBS EIGHT,0.5814,0.0056,0.413
HEARTS SIX DIAMONDS FIVE,0.6262,0.0082,0.3656
DIAMONDS FIVE HEARTS SEVEN,0.6208,0.0056,0.3736
DIAMONDS FIVE HEARTS EIGHT,0.641,0.0056,0.3534
HEARTS NINE DIAMONDS FIVE,0.6576,0.01,0.3324
DIAMONDS QUEEN DIAMONDS FIVE,0.5984,0.0054,0.3962
HEARTS TWO DIAMONDS FIVE,0.6418,0.0088,0.3494
HEARTS KING HEARTS EIGHT,0.6542,0.0852,0.2606
DIAMONDS KING DIAMONDS FIVE,0.6196,0.0836,0.2968
HEARTS THREE DIAMONDS FIVE,0.6398,0.008,0.3522
HEARTS QUEEN HEARTS EIGHT,0.6198,0.0056,0.3746
DIAMONDS ACE DIAMONDS FIVE,0.4058,0.0036,0.5906
HEARTS FOUR DIAMONDS FIVE,0.6236,0.0078,0.3686
HEARTS FIVE DIAMONDS FIVE,0.4666,0.0078,0.5256
HEARTS ACE HEARTS EIGHT,0.3972,0.005,0.5978
CLUBS FOUR DIAMONDS FIVE,0.6168,0.007,0.3762
CLUBS FIVE DIAMONDS FIVE,0.4662,0.0066,0.5272
CLUBS SIX DIAMONDS FIVE,0.6212,0.0074,0.3714
CLUBS SEVEN DIAMONDS FIVE,0.6402,0.0048,0.355
CLUBS TWO DIAMONDS FIVE,0.6404,0.0074,0.3522
CLUBS THREE DIAMONDS FIVE,0.624,0.006,0.37
SPADES THREE DIAMONDS FIVE,0.6322,0.0082,0.3596
SPADES TWO DIAMONDS FIVE,0.6506,0.0082,0.3412
SPADES JACK DIAMONDS EIGHT,0.7262,0.0328,0.241
SPADES FIVE DIAMONDS FIVE,0.4796,0.0072,0.5132
SPADES TEN DIAMONDS EIGHT,0.6534,0.0056,0.341
SPADES FOUR DIAMONDS FIVE,0.6248,0.0064,0.3688
CLUBS NINE DIAMONDS FIVE,0.6498,0.0076,0.3426
CLUBS EIGHT DIAMONDS FIVE,0.6244,0.0048,0.3708
SPADES SEVEN DIAMONDS FIVE,0.6326,0.0082,0.3592
SPADES SIX DIAMONDS FIVE,0.6286,0.0052,0.3662
SPADES QUEEN DIAMONDS EIGHT,0.6472,0.008,0.3448
SPADES NINE DIAMONDS FIVE,0.6614,0.0068,0.3318
SPADES EIGHT DIAMONDS FIVE,0.6492,0.0072,0.3436
SPADES ACE DIAMONDS EIGHT,0.4348,0.004,0.5612
DIAMONDS TEN DIAMONDS SIX,0.6226,0.0058,0.3716
HEARTS ACE DIAMONDS SEVEN,0.4276,0.0038,0.5686
DIAMONDS JACK DIAMONDS SIX,0.6862,0.0282,0.2856
HEARTS QUEEN DIAMONDS SEVEN,0.6328,0.006,0.3612
HEARTS KING DIAMONDS SEVEN,0.6736,0.0906,0.2358
DIAMONDS ACE DIAMONDS SIX,0.409,0.0036,0.5874
HEARTS FOUR DIAMONDS SIX,0.638,0.0064,0.3556
HEARTS FIVE DIAMONDS SIX,0.6248,0.006,0.3692
SPADES TWO HEARTS TEN,0.6854,0.0078,0.3068
DIAMONDS QUEEN DIAMONDS SIX,0.623,0.0046,0.3724
HEARTS TWO DIAMONDS SIX,0.6652,0.0076,0.3272
DIAMONDS KING DIAMONDS SIX,0.6398,0.084,0.2762
HEARTS THREE DIAMONDS SIX,0.657,0.0068,0.3362
HEARTS EIGHT DIAMONDS SIX,0.6558,0.0056,0.3386
HEARTS NINE DIAMONDS SIX,0.6648,0.0058,0.3294
HEARTS SIX DIAMONDS SIX,0.4864,0.008,0.5056
HEARTS SEVEN DIAMONDS SIX,0.6336,0.0056,0.3608
HEARTS TEN DIAMONDS SEVEN,0.6484,0.0078,0.3438
CLUBS TWO DIAMONDS SIX,0.664,0.008,0.328
CLUBS THREE DIAMONDS SIX,0.6502,0.0072,0.3426
CLUBS SEVEN DIAMONDS SIX,0.618,0.0052,0.3768
DIAMONDS EIGHT CLUBS JACK,0.7276,0.0288,0.2436
CLUBS SIX DIAMONDS SIX,0.4768,0.0066,0.5166
CLUBS TEN DIAMONDS EIGHT,0.6406,0.006,0.3534
CLUBS FIVE DIAMONDS SIX,0.6056,0.0062,0.3882
CLUBS FOUR DIAMONDS SIX,0.6352,0.0046,0.3602
DIAMONDS EIGHT CLUBS ACE,0.4322,0.0036,0.5642
DIAMONDS EIGHT CLUBS KING,0.67,0.0904,0.2396
CLUBS NINE DIAMONDS SIX,0.6538,0.0068,0.3394
DIAMONDS EIGHT CLUBS QUEEN,0.6412,0.0052,0.3536
CLUBS EIGHT DIAMONDS SIX,0.6402,0.0078,0.352
SPADES TEN HEARTS KING,0.6782,0.081,0.2408
SPADES FIVE DIAMONDS SIX,0.6204,0.0056,0.374
HEARTS ACE SPADES TWO,0.414,0.0054,0.5806
SPADES JACK HEARTS KING,0.0064,0.984,0.0096
SPADES FOUR DIAMONDS SIX,0.6402,0.0078,0.352
SPADES THREE DIAMONDS SIX,0.6694,0.0056,0.325
HEARTS QUEEN SPADES TWO,0.6554,0.0092,0.3354
SPADES TWO HEARTS KING,0.677,0.0944,0.2286
SPADES TWO DIAMONDS SIX,0.6588,0.0078,0.3334
HEARTS TEN HEARTS EIGHT,0.6214,0.007,0.3716
SPADES NINE DIAMONDS SIX,0.6524,0.0084,0.3392
SPADES EIGHT DIAMONDS SIX,0.6442,0.0078,0.348
SPADES SEVEN DIAMONDS SIX,0.626,0.0068,0.3672
SPADES SIX DIAMONDS SIX,0.4878,0.0064,0.5058
SPADES QUEEN HEARTS KING,0.235,0.069,0.696
CLUBS ACE CLUBS KING,0.2316,0.01,0.7584
SPADES ACE HEARTS KING,0.2392,0.0134,0.7474
SPADES TEN DIAMONDS TEN,0.4408,0.0052,0.554
SPADES JACK DIAMONDS TEN,0.719,0.0248,0.2562
SPADES ACE DIAMONDS TEN,0.3946,0.0044,0.601
SPADES QUEEN DIAMONDS TEN,0.6262,0.0088,0.365
SPADES NINE DIAMONDS SEVEN,0.6318,0.0064,0.3618
SPADES EIGHT DIAMONDS SEVEN,0.6276,0.0064,0.366
SPADES SEVEN DIAMONDS SEVEN,0.4746,0.0066,0.5188
SPADES SIX DIAMONDS SEVEN,0.6424,0.005,0.3526
DIAMONDS KING DIAMONDS SEVEN,0.6386,0.08,0.2814
HEARTS THREE DIAMONDS SEVEN,0.667,0.0084,0.3246
HEARTS KING DIAMONDS FIVE,0.671,0.0832,0.2458
DIAMONDS QUEEN DIAMONDS SEVEN,0.6168,0.0074,0.3758
HEARTS TWO DIAMONDS SEVEN,0.6888,0.006,0.3052
HEARTS QUEEN DIAMONDS FIVE,0.6368,0.0048,0.3584
HEARTS FIVE DIAMONDS SEVEN,0.6418,0.0074,0.3508
DIAMONDS ACE DIAMONDS SEVEN,0.385,0.005,0.61
HEARTS FOUR DIAMONDS SEVEN,0.66,0.0086,0.3314
HEARTS ACE DIAMONDS FIVE,0.4106,0.0038,0.5856
HEARTS SEVEN DIAMONDS SEVEN,0.4614,0.007,0.5316
HEARTS SIX DIAMONDS SEVEN,0.6222,0.007,0.3708
HEARTS NINE DIAMONDS SEVEN,0.6376,0.0062,0.3562
DIAMONDS SEVEN HEARTS EIGHT,0.6294,0.0074,0.3632
DIAMONDS JACK DIAMONDS SEVEN,0.6772,0.028,0.2948
DIAMONDS TEN DIAMONDS SEVEN,0.6032,0.0074,0.3894
DIAMONDS FIVE HEARTS TEN,0.694,0.0066,0.2994
HEARTS KING CLUBS KING,0.1012,0.01,0.8888
CLUBS EIGHT DIAMONDS SEVEN,0.6346,0.0062,0.3592
SPADES QUEEN CLUBS TWO,0.656,0.0068,0.3372
HEARTS KING CLUBS QUEEN,0.2354,0.0634,0.7012
CLUBS NINE DIAMONDS SEVEN,0.6358,0.0042,0.36
SPADES TWO CLUBS JACK,0.7402,0.0316,0.2282
SPADES ACE CLUBS TWO,0.4228,0.0048,0.5724
CLUBS TEN SPADES TWO,0.6934,0.0068,0.2998
HEARTS KING CLUBS ACE,0.246,0.0108,0.7432
CLUBS SEVEN CLUBS SIX,0.5842,0.0066,0.4092
SPADES TWO CLUBS KING,0.6768,0.0978,0.2254
SPADES TWO DIAMONDS SEVEN,0.6714,0.0066,0.322
CLUBS EIGHT CLUBS SIX,0.5902,0.0056,0.4042
SPADES THREE DIAMONDS SEVEN,0.6542,0.0078,0.338
SPADES TWO CLUBS QUEEN,0.6632,0.0096,0.3272
CLUBS NINE CLUBS SIX,0.6056,0.0066,0.3878
SPADES FOUR DIAMONDS SEVEN,0.6626,0.0066,0.3308
HEARTS KING CLUBS JACK,0.0106,0.9722,0.0172
SPADES FIVE DIAMONDS SEVEN,0.6288,0.0062,0.365
SPADES TWO CLUBS ACE,0.4332,0.005,0.5618
CLUBS TEN HEARTS KING,0.6612,0.0902,0.2486
CLUBS SIX SPADES TWO,0.6598,0.007,0.3332
CLUBS SIX SPADES THREE,0.6526,0.0074,0.34
CLUBS TWO DIAMONDS SEVEN,0.6696,0.0086,0.3218
CLUBS SIX SPADES FOUR,0.6432,0.0078,0.349
CLUBS THREE DIAMONDS SEVEN,0.6602,0.0052,0.3346
CLUBS SIX SPADES FIVE,0.6264,0.0064,0.3672
CLUBS FOUR DIAMONDS SEVEN,0.6564,0.007,0.3366
CLUBS SIX SPADES SIX,0.4738,0.008,0.5182
CLUBS FIVE DIAMONDS SEVEN,0.6212,0.0052,0.3736
CLUBS SIX SPADES SEVEN,0.6478,0.0056,0.3466
CLUBS SIX DIAMONDS SEVEN,0.6322,0.0044,0.3634
SPADES EIGHT CLUBS SIX,0.6474,0.0054,0.3472
SPADES JACK CLUBS TWO,0.749,0.0314,0.2196
CLUBS SEVEN DIAMONDS SEVEN,0.4688,0.0064,0.5248
SPADES NINE CLUBS SIX,0.6442,0.0052,0.3506
SPADES TEN CLUBS TWO,0.6968,0.0078,0.2954
CLUBS TWO CLUBS QUEEN,0.6244,0.0056,0.37
CLUBS TWO CLUBS KING,0.6384,0.0892,0.2724
CLUBS THREE DIAMONDS EIGHT,0.6644,0.007,0.3286
CLUBS TWO CLUBS ACE,0.3886,0.0052,0.6062
CLUBS TWO DIAMONDS EIGHT,0.6692,0.0068,0.324
DIAMONDS EIGHT HEARTS SEVEN,0.6384,0.0076,0.354
HEARTS SIX DIAMONDS EIGHT,0.6332,0.0076,0.3592
DIAMONDS EIGHT HEARTS NINE,0.632,0.0068,0.3612
CLUBS TEN CLUBS TWO,0.6352,0.0076,0.3572
DIAMONDS EIGHT HEARTS EIGHT,0.465,0.007,0.528
CLUBS TWO CLUBS JACK,0.7036,0.033,0.2634
CLUBS NINE DIAMONDS EIGHT,0.639,0.0066,0.3544
CLUBS EIGHT DIAMONDS EIGHT,0.4668,0.0044,0.5288
CLUBS FIVE DIAMONDS EIGHT,0.651,0.0058,0.3432
SPADES ACE SPADES THREE,0.4076,0.006,0.5864
CLUBS FOUR DIAMONDS EIGHT,0.659,0.0072,0.3338
CLUBS SEVEN DIAMONDS EIGHT,0.6272,0.0046,0.3682
SPADES QUEEN SPADES THREE,0.6288,0.0076,0.3636
CLUBS SIX DIAMONDS EIGHT,0.6308,0.0046,0.3646
DIAMONDS QUEEN DIAMONDS EIGHT,0.597,0.007,0.396
HEARTS TWO DIAMONDS EIGHT,0.6742,0.0064,0.3194
DIAMONDS KING DIAMONDS EIGHT,0.6258,0.076,0.2982
HEARTS THREE DIAMONDS EIGHT,0.678,0.0064,0.3156
DIAMONDS ACE DIAMONDS EIGHT,0.3888,0.005,0.6062
HEARTS FOUR DIAMONDS EIGHT,0.6638,0.007,0.3292
HEARTS FIVE DIAMONDS EIGHT,0.6514,0.0066,0.342
DIAMONDS EIGHT DIAMONDS TEN,0.6038,0.007,0.3892
DIAMONDS EIGHT DIAMONDS JACK,0.6818,0.0322,0.286
SPADES JACK SPADES THREE,0.7074,0.0336,0.259
SPADES TEN SPADES THREE,0.6552,0.0062,0.3386
CLUBS FOUR HEARTS ACE,0.4268,0.0044,0.5688
CLUBS FOUR HEARTS QUEEN,0.6598,0.0054,0.3348
CLUBS FOUR HEARTS KING,0.6746,0.089,0.2364
CLUBS SIX HEARTS TEN,0.6658,0.0078,0.3264
SPADES FOUR DIAMONDS EIGHT,0.6616,0.0058,0.3326
SPADES FIVE DIAMONDS EIGHT,0.6508,0.0056,0.3436
DIAMONDS EIGHT SPADES TWO,0.6892,0.0058,0.305
DIAMONDS EIGHT SPADES THREE,0.6864,0.0088,0.3048
SPADES EIGHT DIAMONDS EIGHT,0.4614,0.0066,0.532
SPADES JACK HEARTS EIGHT,0.7318,0.0286,0.2396
SPADES TEN HEARTS TWO,0.7002,0.006,0.2938
SPADES TEN DIAMONDS QUEEN,0.6342,0.0066,0.3592
CLUBS FOUR HEARTS TEN,0.6816,0.0048,0.3136
SPADES NINE DIAMONDS EIGHT,0.6382,0.0076,0.3542
SPADES JACK HEARTS TWO,0.751,0.0346,0.2144
SPADES JACK DIAMONDS QUEEN,0.7296,0.0252,0.2452
SPADES TEN HEARTS EIGHT,0.6542,0.0076,0.3382
SPADES SIX DIAMONDS EIGHT,0.6486,0.0036,0.3478
SPADES SEVEN DIAMONDS EIGHT,0.636,0.0066,0.3574
SPADES ACE HEARTS TWO,0.4276,0.004,0.5684
SPADES ACE DIAMONDS QUEEN,0.365,0.005,0.63
SPADES ACE HEARTS EIGHT,0.43,0.0052,0.5648
SPADES QUEEN DIAMONDS QUEEN,0.2972,0.0054,0.6974
SPADES QUEEN HEARTS TWO,0.6656,0.007,0.3274
SPADES QUEEN HEARTS EIGHT,0.6572,0.0054,0.3374
CLUBS TWO HEARTS TEN,0.6818,0.0072,0.311
SPADES SEVEN DIAMONDS NINE,0.6346,0.007,0.3584
SPADES SIX DIAMONDS NINE,0.6576,0.0074,0.335
SPADES NINE DIAMONDS NINE,0.4546,0.0066,0.5388
SPADES EIGHT DIAMONDS NINE,0.6268,0.0064,0.3668
SPADES TEN CLUBS KING,0.6802,0.0828,0.237
DIAMONDS NINE SPADES THREE,0.6758,0.008,0.3162
SPADES JACK CLUBS KING,0.0174,0.9692,0.0134
DIAMONDS NINE SPADES TWO,0.686,0.0066,0.3074
SPADES FIVE DIAMONDS NINE,0.6682,0.0052,0.3266
DIAMONDS NINE SPADES FOUR,0.6666,0.008,0.3254
CLUBS NINE DIAMONDS NINE,0.4462,0.0054,0.5484
CLUBS EIGHT DIAMONDS NINE,0.621,0.0064,0.3726
CLUBS SIX DIAMONDS NINE,0.6468,0.0054,0.3478
SPADES JACK CLUBS FOUR,0.734,0.032,0.234
CLUBS SEVEN DIAMONDS NINE,0.6372,0.0062,0.3566
SPADES TEN CLUBS FOUR,0.6866,0.0084,0.305
CLUBS FOUR DIAMONDS NINE,0.6782,0.006,0.3158
CLUBS FIVE DIAMONDS NINE,0.6566,0.007,0.3364
DIAMONDS NINE CLUBS TWO,0.6608,0.0056,0.3336
CLUBS THREE DIAMONDS NINE,0.6696,0.0074,0.323
DIAMONDS NINE HEARTS EIGHT,0.6364,0.0066,0.357
DIAMONDS NINE HEARTS NINE,0.4446,0.0032,0.5522
HEARTS SIX DIAMONDS NINE,0.659,0.0076,0.3334
DIAMONDS NINE HEARTS SEVEN,0.63,0.0066,0.3634
CLUBS NINE CLUBS EIGHT,0.5848,0.0098,0.4054
DIAMONDS ACE DIAMONDS NINE,0.4066,0.0026,0.5908
HEARTS FOUR DIAMONDS NINE,0.6734,0.0076,0.319
HEARTS FIVE DIAMONDS NINE,0.6644,0.0058,0.3298
HEARTS ACE CLUBS TWO,0.4116,0.0046,0.5838
SPADES ACE CLUBS FOUR,0.4218,0.0054,0.5728
DIAMONDS QUEEN DIAMONDS NINE,0.603,0.0074,0.3896
HEARTS TWO DIAMONDS NINE,0.6784,0.0062,0.3154
CLUBS TWO HEARTS KING,0.6722,0.0952,0.2326
DIAMONDS KING DIAMONDS NINE,0.6394,0.085,0.2756
HEARTS THREE DIAMONDS NINE,0.6698,0.0086,0.3216
CLUBS TWO HEARTS QUEEN,0.6684,0.0062,0.3254
SPADES QUEEN CLUBS FOUR,0.6536,0.0064,0.34
DIAMONDS NINE DIAMONDS JACK,0.6654,0.0312,0.3034
CLUBS EIGHT SPADES NINE,0.6362,0.0062,0.3576
DIAMONDS NINE DIAMONDS TEN,0.5938,0.0076,0.3986
CLUBS EIGHT SPADES EIGHT,0.462,0.008,0.53
CLUBS EIGHT SPADES SEVEN,0.6406,0.0062,0.3532
CLUBS EIGHT SPADES SIX,0.6414,0.0064,0.3522
CLUBS EIGHT SPADES FIVE,0.6544,0.0062,0.3394
CLUBS EIGHT SPADES FOUR,0.664,0.0058,0.3302
CLUBS EIGHT SPADES THREE,0.6686,0.0076,0.3238
CLUBS EIGHT SPADES TWO,0.6794,0.0058,0.3148
HEARTS SIX DIAMONDS TEN,0.6798,0.0052,0.315
DIAMONDS TEN HEARTS SEVEN,0.6558,0.0064,0.3378
DIAMONDS TEN HEARTS EIGHT,0.6558,0.0064,0.3378
CLUBS FOUR CLUBS JACK,0.6886,0.0304,0.281
DIAMONDS TEN HEARTS NINE,0.6342,0.0098,0.356
CLUBS TEN CLUBS FOUR,0.6388,0.0062,0.355
CLUBS FOUR CLUBS KING,0.6284,0.079,0.2926
CLUBS FOUR CLUBS QUEEN,0.6132,0.0048,0.382
CLUBS TWO DIAMONDS TEN,0.6874,0.0084,0.3042
CLUBS THREE DIAMONDS TEN,0.674,0.0078,0.3182
CLUBS FOUR CLUBS ACE,0.3898,0.0036,0.6066
DIAMONDS JACK DIAMONDS TEN,0.665,0.0258,0.3092
DIAMONDS QUEEN DIAMONDS TEN,0.5786,0.0068,0.4146
HEARTS TWO DIAMONDS TEN,0.6838,0.0074,0.3088
DIAMONDS KING DIAMONDS TEN,0.638,0.0812,0.2808
HEARTS THREE DIAMONDS TEN,0.6864,0.0078,0.3058
DIAMONDS ACE DIAMONDS TEN,0.3784,0.0028,0.6188
HEARTS FOUR DIAMONDS TEN,0.6748,0.007,0.3182
HEARTS FIVE DIAMONDS TEN,0.6786,0.006,0.3154
CLUBS EIGHT HEARTS TEN,0.655,0.0058,0.3392
CLUBS EIGHT HEARTS QUEEN,0.6402,0.0064,0.3534
CLUBS EIGHT HEARTS KING,0.6698,0.09,0.2402
CLUBS EIGHT HEARTS ACE,0.4308,0.0034,0.5658
CLUBS NINE SPADES THREE,0.6832,0.0068,0.31
CLUBS NINE SPADES TWO,0.6868,0.0074,0.3058
CLUBS NINE SPADES FIVE,0.6656,0.007,0.3274
CLUBS NINE SPADES FOUR,0.6704,0.0074,0.3222
CLUBS NINE SPADES SEVEN,0.64,0.0056,0.3544
CLUBS NINE SPADES SIX,0.6454,0.0056,0.349
CLUBS NINE SPADES NINE,0.4458,0.0058,0.5484
CLUBS TEN HEARTS EIGHT,0.643,0.0088,0.3482
CLUBS NINE SPADES EIGHT,0.6434,0.0068,0.3498
CLUBS JACK HEARTS EIGHT,0.7316,0.0312,0.2372
CLUBS QUEEN HEARTS EIGHT,0.6508,0.006,0.3432
CLUBS KING HEARTS EIGHT,0.6852,0.086,0.2288
CLUBS ACE HEARTS EIGHT,0.4276,0.0048,0.5676
SPADES QUEEN CLUBS KING,0.2376,0.0614,0.701
SPADES ACE CLUBS KING,0.2362,0.0112,0.7526
DIAMONDS ACE HEARTS TEN,0.3998,0.0048,0.5954
HEARTS FOUR HEARTS TEN,0.6492,0.0068,0.344
SPADES QUEEN CLUBS FIVE,0.6574,0.006,0.3366
SPADES ACE CLUBS FIVE,0.4116,0.005,0.5834
DIAMONDS JACK HEARTS SEVEN,0.7272,0.0302,0.2426
HEARTS SIX DIAMONDS JACK,0.7524,0.03,0.2176
DIAMONDS JACK HEARTS NINE,0.7258,0.0308,0.2434
DIAMONDS JACK HEARTS EIGHT,0.7352,0.0302,0.2346
DIAMONDS KING DIAMONDS JACK,0.0226,0.9032,0.0742
HEARTS THREE DIAMONDS JACK,0.7466,0.0294,0.224
SPADES ACE SPADES SIX,0.4116,0.0054,0.583
HEARTS ACE SPADES FOUR,0.4242,0.0056,0.5702
DIAMONDS QUEEN DIAMONDS JACK,0.6866,0.0284,0.285
HEARTS TWO DIAMONDS JACK,0.7512,0.0316,0.2172
HEARTS FIVE DIAMONDS JACK,0.7434,0.0286,0.228
SPADES QUEEN SPADES SIX,0.6288,0.0082,0.363
SPADES FOUR HEARTS QUEEN,0.653,0.0082,0.3388
DIAMONDS ACE DIAMONDS JACK,0.244,0.0138,0.7422
HEARTS FOUR DIAMONDS JACK,0.7382,0.0296,0.2322
SPADES FOUR HEARTS KING,0.6718,0.0852,0.243
SPADES TEN SPADES SIX,0.6444,0.0062,0.3494
SPADES JACK SPADES SIX,0.7058,0.0286,0.2656
SPADES FOUR DIAMONDS JACK,0.7418,0.0336,0.2246
SPADES FIVE DIAMONDS JACK,0.7404,0.0326,0.227
DIAMONDS JACK SPADES TWO,0.7514,0.0374,0.2112
SPADES THREE DIAMONDS JACK,0.7454,0.03,0.2246
SPADES ACE DIAMONDS THREE,0.4252,0.0066,0.5682
SPADES QUEEN DIAMONDS THREE,0.655,0.0078,0.3372
CLUBS EIGHT DIAMONDS JACK,0.729,0.0316,0.2394
CLUBS NINE DIAMONDS JACK,0.7074,0.0292,0.2634
CLUBS SIX DIAMONDS JACK,0.7312,0.0318,0.237
CLUBS SEVEN DIAMONDS JACK,0.728,0.027,0.245
CLUBS FOUR DIAMONDS JACK,0.7356,0.027,0.2374
CLUBS FIVE DIAMONDS JACK,0.7304,0.0296,0.24
CLUBS TWO DIAMONDS JACK,0.7276,0.0346,0.2378
CLUBS THREE DIAMONDS JACK,0.7406,0.0296,0.2298
SPADES JACK HEARTS SIX,0.7526,0.0306,0.2168
SPADES TEN CLUBS FIVE,0.6872,0.0054,0.3074
SPADES JACK CLUBS FIVE,0.739,0.031,0.23
HEARTS SIX SPADES TEN,0.6824,0.0058,0.3118
SPADES JACK DIAMONDS THREE,0.7466,0.0326,0.2208
CLUBS SEVEN CLUBS ACE,0.3972,0.003,0.5998
SPADES TEN DIAMONDS THREE,0.6896,0.007,0.3034
CLUBS SEVEN CLUBS QUEEN,0.6054,0.0076,0.387
CLUBS SEVEN CLUBS KING,0.635,0.0826,0.2824
SPADES NINE DIAMONDS JACK,0.723,0.0266,0.2504
CLUBS TEN CLUBS SEVEN,0.6244,0.0076,0.368
DIAMONDS ACE HEARTS ACE,0.1388,0.005,0.8562
HEARTS FOUR HEARTS ACE,0.4032,0.0052,0.5916
SPADES EIGHT DIAMONDS JACK,0.7286,0.0302,0.2412
SPADES ACE HEARTS SIX,0.4296,0.0042,0.5662
CLUBS SEVEN CLUBS JACK,0.6822,0.0318,0.286
DIAMONDS ACE HEARTS KING,0.2314,0.0122,0.7564
HEARTS FOUR HEARTS KING,0.6488,0.0804,0.2708
SPADES SEVEN DIAMONDS JACK,0.7268,0.031,0.2422
DIAMONDS ACE HEARTS QUEEN,0.3696,0.003,0.6274
HEARTS FOUR HEARTS QUEEN,0.6264,0.008,0.3656
SPADES SIX DIAMONDS JACK,0.7544,0.0282,0.2174
SPADES QUEEN HEARTS SIX,0.6524,0.0074,0.3402
SPADES TWO DIAMONDS TEN,0.6938,0.0062,0.3
SPADES THREE DIAMONDS TEN,0.6916,0.0074,0.301
SPADES FOUR DIAMONDS TEN,0.6762,0.0074,0.3164
SPADES FIVE DIAMONDS TEN,0.6762,0.0064,0.3174
SPADES SIX DIAMONDS TEN,0.6614,0.008,0.3306
SPADES SEVEN DIAMONDS TEN,0.6698,0.0056,0.3246
SPADES EIGHT DIAMONDS TEN,0.6512,0.0076,0.3412
SPADES NINE DIAMONDS TEN,0.6444,0.0056,0.35
CLUBS FOUR DIAMONDS TEN,0.6834,0.007,0.3096
CLUBS FIVE DIAMONDS TEN,0.6748,0.005,0.3202
CLUBS SIX DIAMONDS TEN,0.6622,0.0056,0.3322
CLUBS SEVEN DIAMONDS TEN,0.6496,0.0052,0.3452
CLUBS EIGHT DIAMONDS TEN,0.642,0.0056,0.3524
CLUBS NINE DIAMONDS TEN,0.6348,0.008,0.3572
DIAMONDS THREE CLUBS JACK,0.732,0.0348,0.2332
CLUBS TEN DIAMONDS THREE,0.6826,0.0072,0.3102
DIAMONDS THREE CLUBS KING,0.6744,0.0902,0.2354
DIAMONDS THREE CLUBS QUEEN,0.6528,0.0082,0.339
DIAMONDS THREE CLUBS ACE,0.422,0.004,0.574
SPADES FOUR HEARTS TEN,0.7006,0.006,0.2934
SPADES FIVE SPADES TWO,0.6128,0.009,0.3782
SPADES FOUR SPADES TWO,0.6186,0.0082,0.3732
SPADES THREE SPADES TWO,0.6348,0.0078,0.3574
SPADES NINE SPADES TWO,0.6444,0.007,0.3486
SPADES EIGHT SPADES TWO,0.6476,0.0054,0.347
SPADES SEVEN SPADES TWO,0.6366,0.006,0.3574
SPADES SIX SPADES TWO,0.6474,0.0088,0.3438
DIAMONDS QUEEN CLUBS THREE,0.6528,0.0066,0.3406
CLUBS THREE HEARTS TWO,0.6618,0.009,0.3292
DIAMONDS QUEEN CLUBS TWO,0.6556,0.007,0.3374
HEARTS TWO CLUBS TWO,0.4912,0.0084,0.5004
DIAMONDS QUEEN HEARTS SEVEN,0.6638,0.006,0.3302
HEARTS TWO HEARTS SEVEN,0.6452,0.0066,0.3482
HEARTS SIX DIAMONDS QUEEN,0.6482,0.0074,0.3444
HEARTS SIX HEARTS TWO,0.6334,0.0082,0.3584
DIAMONDS QUEEN HEARTS NINE,0.6398,0.007,0.3532
HEARTS TWO HEARTS NINE,0.6394,0.0068,0.3538
DIAMONDS QUEEN HEARTS EIGHT,0.6348,0.0064,0.3588
HEARTS TWO HEARTS EIGHT,0.6462,0.0102,0.3436
CLUBS NINE HEARTS TWO,0.689,0.0066,0.3044
CLUBS NINE DIAMONDS QUEEN,0.6466,0.0058,0.3476
CLUBS EIGHT HEARTS TWO,0.6786,0.0052,0.3162
CLUBS EIGHT DIAMONDS QUEEN,0.6434,0.0056,0.351
CLUBS FIVE DIAMONDS QUEEN,0.6418,0.0062,0.352
CLUBS FIVE HEARTS TWO,0.6426,0.008,0.3494
SPADES EIGHT HEARTS ACE,0.4174,0.0046,0.578
DIAMONDS QUEEN CLUBS FOUR,0.6466,0.0058,0.3476
HEARTS TWO CLUBS FOUR,0.6504,0.008,0.3416
CLUBS SEVEN DIAMONDS QUEEN,0.6532,0.0082,0.3386
CLUBS SEVEN HEARTS TWO,0.6762,0.0052,0.3186
SPADES EIGHT HEARTS QUEEN,0.6376,0.0088,0.3536
CLUBS SIX DIAMONDS QUEEN,0.6394,0.0058,0.3548
CLUBS SIX HEARTS TWO,0.6696,0.0072,0.3232
SPADES EIGHT HEARTS KING,0.6844,0.085,0.2306
DIAMONDS QUEEN SPADES SIX,0.6478,0.0058,0.3464
HEARTS TWO SPADES SIX,0.6708,0.009,0.3202
HEARTS FOUR CLUBS QUEEN,0.6504,0.0054,0.3442
DIAMONDS ACE CLUBS QUEEN,0.3756,0.0058,0.6186
DIAMONDS QUEEN SPADES SEVEN,0.658,0.0056,0.3364
SPADES SEVEN HEARTS TWO,0.6762,0.0072,0.3166
HEARTS FOUR CLUBS KING,0.6754,0.0854,0.2392
DIAMONDS ACE CLUBS KING,0.2542,0.01,0.7358
SPADES EIGHT DIAMONDS QUEEN,0.6472,0.0046,0.3482
SPADES EIGHT HEARTS TWO,0.6872,0.0056,0.3072
HEARTS FOUR CLUBS ACE,0.4244,0.0052,0.5704
DIAMONDS ACE CLUBS ACE,0.1416,0.0022,0.8562
SPADES NINE DIAMONDS QUEEN,0.6428,0.0054,0.3518
SPADES NINE HEARTS TWO,0.6918,0.0068,0.3014
HEARTS TWO SPADES TWO,0.475,0.0122,0.5128
DIAMONDS QUEEN SPADES TWO,0.6684,0.008,0.3236
HEARTS TWO SPADES THREE,0.673,0.0066,0.3204
DIAMONDS QUEEN SPADES THREE,0.6526,0.0044,0.343
HEARTS TWO SPADES FOUR,0.6616,0.009,0.3294
DIAMONDS QUEEN SPADES FOUR,0.6626,0.0088,0.3286
HEARTS FOUR CLUBS TEN,0.6838,0.0056,0.3106
CLUBS TEN DIAMONDS ACE,0.4052,0.0036,0.5912
HEARTS TWO SPADES FIVE,0.6504,0.0102,0.3394
DIAMONDS QUEEN SPADES FIVE,0.6278,0.0076,0.3646
HEARTS FOUR CLUBS JACK,0.7426,0.0368,0.2206
DIAMONDS ACE CLUBS JACK,0.241,0.0134,0.7456
CLUBS FIVE CLUBS KING,0.6274,0.0808,0.2918
CLUBS FIVE CLUBS QUEEN,0.6048,0.0082,0.387
CLUBS FIVE CLUBS ACE,0.405,0.0054,0.5896
CLUBS FIVE CLUBS JACK,0.6822,0.0322,0.2856
CLUBS TEN CLUBS FIVE,0.6248,0.0062,0.369
SPADES QUEEN CLUBS JACK,0.7142,0.0276,0.2582
SPADES ACE CLUBS JACK,0.2474,0.0146,0.738
SPADES SIX CLUBS KING,0.6836,0.0888,0.2276
SPADES SIX CLUBS QUEEN,0.6506,0.0056,0.3438
SPADES SIX CLUBS ACE,0.4252,0.0034,0.5714
SPADES EIGHT HEARTS TEN,0.6592,0.008,0.3328
SPADES SIX CLUBS JACK,0.7292,0.0314,0.2394
CLUBS TEN SPADES SIX,0.6714,0.0058,0.3228
SPADES TEN CLUBS JACK,0.7228,0.0226,0.2546
SPADES JACK CLUBS JACK,0.3126,0.0226,0.6648
SPADES QUEEN CLUBS SEVEN,0.6618,0.0056,0.3326
SPADES ACE CLUBS SEVEN,0.4138,0.0046,0.5816
SPADES SIX HEARTS TEN,0.6666,0.0044,0.329
SPADES SIX HEARTS ACE,0.4208,0.0062,0.573
SPADES SIX HEARTS KING,0.6718,0.0884,0.2398
SPADES SIX HEARTS QUEEN,0.654,0.0062,0.3398
SPADES JACK CLUBS SEVEN,0.7318,0.0256,0.2426
CLUBS SEVEN SPADES TEN,0.663,0.0064,0.3306
CLUBS TEN HEARTS SIX,0.6774,0.0078,0.3148
HEARTS SIX CLUBS JACK,0.7572,0.0268,0.216
CLUBS ACE CLUBS JACK,0.2374,0.0144,0.7482
HEARTS SIX CLUBS QUEEN,0.6544,0.0058,0.3398
HEARTS SIX CLUBS KING,0.6752,0.0896,0.2352
HEARTS SIX CLUBS ACE,0.4174,0.004,0.5786
CLUBS QUEEN CLUBS JACK,0.6748,0.0222,0.303
CLUBS KING CLUBS JACK,0.0176,0.9144,0.068
DIAMONDS THREE HEARTS ACE,0.4296,0.003,0.5674
DIAMONDS THREE HEARTS QUEEN,0.6566,0.006,0.3374
DIAMONDS THREE HEARTS KING,0.6852,0.0824,0.2324
HEARTS FOUR SPADES TEN,0.6904,0.0086,0.301
SPADES TEN DIAMONDS ACE,0.389,0.0052,0.6058
CLUBS FIVE HEARTS TEN,0.69,0.006,0.304
HEARTS FOUR SPADES JACK,0.7536,0.0286,0.2178
SPADES JACK DIAMONDS ACE,0.2602,0.0158,0.724
SPADES ACE HEARTS FOUR,0.4064,0.0048,0.5888
SPADES ACE DIAMONDS ACE,0.1324,0.005,0.8626
CLUBS FIVE HEARTS ACE,0.4252,0.0036,0.5712
CLUBS FIVE HEARTS KING,0.6676,0.0878,0.2446
SPADES QUEEN DIAMONDS ACE,0.3842,0.004,0.6118
HEARTS FOUR SPADES QUEEN,0.6546,0.0106,0.3348
SPADES FOUR CLUBS JACK,0.742,0.0312,0.2268
CLUBS FIVE HEARTS QUEEN,0.6442,0.0072,0.3486
CLUBS TEN SPADES FOUR,0.681,0.0062,0.3128
DIAMONDS QUEEN DIAMONDS ACE,0.346,0.003,0.651
HEARTS TWO DIAMONDS ACE,0.4202,0.004,0.5758
HEARTS FOUR DIAMONDS QUEEN,0.6592,0.0056,0.3352
HEARTS FOUR HEARTS TWO,0.6192,0.0092,0.3716
DIAMONDS THREE HEARTS TEN,0.6818,0.0076,0.3106
SPADES FOUR CLUBS KING,0.6784,0.084,0.2376
HEARTS FIVE DIAMONDS QUEEN,0.6502,0.0062,0.3436
HEARTS FIVE HEARTS TWO,0.6096,0.0092,0.3812
SPADES FOUR CLUBS QUEEN,0.653,0.0074,0.3396
DIAMONDS QUEEN HEARTS TWO,0.6588,0.0078,0.3334
DIAMONDS KING DIAMONDS QUEEN,0.234,0.0594,0.7066
DIAMONDS KING HEARTS TWO,0.6914,0.0862,0.2224
HEARTS THREE DIAMONDS QUEEN,0.6578,0.0064,0.3358
HEARTS THREE HEARTS TWO,0.6356,0.0076,0.3568
SPADES FOUR CLUBS ACE,0.4204,0.005,0.5746
HEARTS TWO CLUBS ACE,0.418,0.0064,0.5756
DIAMONDS QUEEN CLUBS ACE,0.3786,0.0032,0.6182
HEARTS TWO CLUBS QUEEN,0.6652,0.0058,0.329
DIAMONDS QUEEN CLUBS QUEEN,0.289,0.0032,0.7078
HEARTS TWO CLUBS KING,0.686,0.0912,0.2228
DIAMONDS QUEEN CLUBS KING,0.2346,0.064,0.7014
SPADES EIGHT SPADES FIVE,0.6142,0.0074,0.3784
CLUBS TEN HEARTS TWO,0.6814,0.0072,0.3114
CLUBS TEN DIAMONDS QUEEN,0.6128,0.0072,0.38
SPADES NINE SPADES FIVE,0.6332,0.0074,0.3594
HEARTS TWO CLUBS JACK,0.744,0.0372,0.2188
DIAMONDS QUEEN CLUBS JACK,0.714,0.025,0.261
SPADES SIX SPADES FIVE,0.6052,0.0062,0.3886
SPADES SEVEN SPADES FIVE,0.6016,0.0064,0.392
DIAMONDS FIVE CLUBS QUEEN,0.6508,0.0042,0.345
SPADES EIGHT CLUBS ACE,0.4246,0.004,0.5714
DIAMONDS FIVE CLUBS KING,0.66,0.0894,0.2506
SPADES EIGHT CLUBS KING,0.6846,0.0894,0.226
CLUBS ACE DIAMONDS FIVE,0.416,0.004,0.58
SPADES EIGHT CLUBS QUEEN,0.6446,0.008,0.3474
SPADES EIGHT CLUBS JACK,0.7384,0.032,0.2296
CLUBS TEN SPADES EIGHT,0.6488,0.0058,0.3454
CLUBS TEN DIAMONDS FIVE,0.6854,0.0064,0.3082
DIAMONDS FIVE CLUBS JACK,0.7216,0.0302,0.2482
DIAMONDS TEN HEARTS TEN,0.4338,0.0054,0.5608
SPADES ACE CLUBS NINE,0.4112,0.0052,0.5836
CLUBS NINE SPADES QUEEN,0.6252,0.0058,0.369
HEARTS SIX HEARTS KING,0.6348,0.087,0.2782
DIAMONDS KING SPADES SEVEN,0.6844,0.086,0.2296
HEARTS THREE SPADES SEVEN,0.6546,0.0078,0.3376
HEARTS SIX HEARTS QUEEN,0.6238,0.0084,0.3678
DIAMONDS KING SPADES SIX,0.6854,0.0884,0.2262
HEARTS THREE SPADES SIX,0.664,0.006,0.33
SPADES QUEEN DIAMONDS SEVEN,0.6478,0.0066,0.3456
SPADES NINE DIAMONDS KING,0.6842,0.0854,0.2304
HEARTS THREE SPADES NINE,0.6838,0.0072,0.309
HEARTS SIX HEARTS ACE,0.4086,0.0058,0.5856
DIAMONDS KING SPADES EIGHT,0.6792,0.0878,0.233
HEARTS THREE SPADES EIGHT,0.677,0.0092,0.3138
SPADES ACE DIAMONDS SEVEN,0.4252,0.003,0.5718
CLUBS NINE HEARTS THREE,0.6732,0.0042,0.3226
CLUBS NINE DIAMONDS KING,0.6778,0.0846,0.2376
