opposingHand,winningChance,drawChance,lostChance
SPADES KING CLUBS EIGHT
SPADES TEN HEARTS FIVE,0.6364,0.01,0.3536
SPADES JACK HEARTS FIVE,0.6378,0.0074,0.3548
SPADES FIVE CLUBS JACK,0.617,0.009,0.374
CLUBS TEN SPADES FIVE,0.629,0.0076,0.3634
SPADES FIVE CLUBS ACE,0.3808,0.0052,0.614
SPADES FIVE CLUBS KING,0.5246,0.24,0.2354
SPADES FIVE CLUBS QUEEN,0.6232,0.0092,0.3676
DIAMONDS TWO DIAMONDS THREE,0.6074,0.0074,0.3852
DIAMONDS TWO DIAMONDS FIVE,0.606,0.0066,0.3874
DIAMONDS TWO DIAMONDS FOUR,0.5966,0.0076,0.3958
SPADES QUEEN HEARTS FIVE,0.628,0.0068,0.3652
DIAMONDS TWO DIAMONDS SEVEN,0.614,0.008,0.378
DIAMONDS TWO DIAMONDS SIX,0.6196,0.005,0.3754
SPADES ACE HEARTS FIVE,0.3918,0.0044,0.6038
DIAMONDS TWO DIAMONDS NINE,0.5812,0.006,0.4128
DIAMONDS TWO DIAMONDS EIGHT,0.6922,0.036,0.2718
DIAMONDS THREE DIAMONDS FOUR,0.5878,0.0072,0.405
CLUBS TWO SPADES FOUR,0.6436,0.0086,0.3478
DIAMONDS THREE DIAMONDS FIVE,0.5926,0.009,0.3984
CLUBS TWO SPADES FIVE,0.6594,0.0094,0.3312
CLUBS TWO SPADES TWO,0.4544,0.0152,0.5304
CLUBS TWO SPADES THREE,0.6506,0.0088,0.3406
DIAMONDS THREE DIAMONDS EIGHT,0.6816,0.036,0.2824
SPADES EIGHT CLUBS TWO,0.7458,0.0422,0.212
DIAMONDS THREE DIAMONDS NINE,0.585,0.0092,0.4058
SPADES NINE CLUBS TWO,0.6488,0.0076,0.3436
DIAMONDS THREE DIAMONDS SIX,0.5912,0.0064,0.4024
CLUBS TWO SPADES SIX,0.6556,0.0086,0.3358
DIAMONDS THREE DIAMONDS SEVEN,0.6158,0.006,0.3782
SPADES SEVEN CLUBS TWO,0.675,0.0082,0.3168
CLUBS SIX CLUBS TWO,0.6304,0.007,0.3626
CLUBS SEVEN CLUBS TWO,0.647,0.0084,0.3446
CLUBS FOUR CLUBS TWO,0.6284,0.0072,0.3644
CLUBS FIVE CLUBS TWO,0.6136,0.0086,0.3778
CLUBS TEN CLUBS JACK,0.5102,0.0064,0.4834
DIAMONDS FOUR DIAMONDS SIX,0.585,0.009,0.406
CLUBS TEN CLUBS QUEEN,0.5322,0.0082,0.4596
DIAMONDS FOUR DIAMONDS SEVEN,0.6022,0.007,0.3908
CLUBS TEN CLUBS KING,0.2144,0.1144,0.6712
CLUBS TEN CLUBS ACE,0.3272,0.0038,0.669
DIAMONDS FIVE DIAMONDS FOUR,0.5776,0.008,0.4144
CLUBS NINE CLUBS TWO,0.6048,0.0062,0.389
DIAMONDS NINE DIAMONDS FOUR,0.5892,0.0068,0.404
DIAMONDS EIGHT DIAMONDS FOUR,0.6772,0.0344,0.2884
CLUBS TWO CLUBS THREE,0.6194,0.0082,0.3724
DIAMONDS NINE DIAMONDS FIVE,0.588,0.0064,0.4056
DIAMONDS TWO CLUBS JACK,0.6356,0.0084,0.356
DIAMONDS EIGHT DIAMONDS FIVE,0.6584,0.037,0.3046
CLUBS TEN DIAMONDS TWO,0.6354,0.0074,0.3572
DIAMONDS FIVE DIAMONDS SEVEN,0.5836,0.0068,0.4096
DIAMONDS FIVE DIAMONDS SIX,0.5792,0.008,0.4128
DIAMONDS TWO CLUBS ACE,0.3864,0.006,0.6076
DIAMONDS TWO CLUBS KING,0.5328,0.2218,0.2454
DIAMONDS TWO CLUBS QUEEN,0.6362,0.0092,0.3546
DIAMONDS EIGHT DIAMONDS SIX,0.6524,0.0342,0.3134
DIAMONDS NINE DIAMONDS SIX,0.5726,0.0074,0.42
HEARTS ACE SPADES THREE,0.3994,0.0044,0.5962
HEARTS KING SPADES THREE,0.5426,0.232,0.2254
DIAMONDS SEVEN DIAMONDS SIX,0.5846,0.0082,0.4072
SPADES THREE HEARTS QUEEN,0.6452,0.0068,0.348
SPADES THREE HEARTS JACK,0.6406,0.0082,0.3512
SPADES THREE HEARTS TEN,0.634,0.0072,0.3588
DIAMONDS EIGHT DIAMONDS SEVEN,0.6362,0.0324,0.3314
DIAMONDS NINE DIAMONDS SEVEN,0.5646,0.0088,0.4266
DIAMONDS NINE DIAMONDS EIGHT,0.6356,0.0286,0.3358
DIAMONDS KING HEARTS TEN,0.2306,0.121,0.6484
HEARTS THREE HEARTS TEN,0.5944,0.0074,0.3982
SPADES JACK CLUBS SIX,0.6354,0.0112,0.3534
DIAMONDS KING HEARTS JACK,0.237,0.0924,0.6706
HEARTS THREE HEARTS JACK,0.5854,0.007,0.4076
CLUBS SIX SPADES TEN,0.6346,0.0078,0.3576
SPADES JACK SPADES FIVE,0.617,0.0066,0.3764
SPADES TEN SPADES FIVE,0.6004,0.008,0.3916
DIAMONDS KING HEARTS ACE,0.2294,0.0096,0.761
HEARTS THREE HEARTS ACE,0.3688,0.0038,0.6274
SPADES ACE CLUBS SIX,0.399,0.0026,0.5984
DIAMONDS KING HEARTS QUEEN,0.2332,0.0582,0.7086
HEARTS THREE HEARTS QUEEN,0.5822,0.006,0.4118
DIAMONDS KING HEARTS KING,0.0784,0.0128,0.9088
HEARTS THREE HEARTS KING,0.5022,0.2192,0.2786
SPADES QUEEN CLUBS SIX,0.632,0.0092,0.3588
SPADES NINE HEARTS TEN,0.5656,0.0074,0.427
SPADES NINE HEARTS JACK,0.5738,0.0056,0.4206
SPADES QUEEN SPADES FIVE,0.5946,0.0056,0.3998
SPADES ACE SPADES FIVE,0.3622,0.0042,0.6336
SPADES NINE HEARTS QUEEN,0.5892,0.0048,0.406
SPADES NINE HEARTS KING,0.2396,0.1696,0.5908
SPADES NINE HEARTS ACE,0.3606,0.0026,0.6368
CLUBS TEN SPADES JACK,0.555,0.0084,0.4366
CLUBS TEN SPADES TEN,0.2946,0.008,0.6974
SPADES ACE CLUBS TEN,0.3388,0.004,0.6572
SPADES QUEEN CLUBS TEN,0.5634,0.0062,0.4304
SPADES FIVE HEARTS QUEEN,0.6264,0.0082,0.3654
SPADES FIVE HEARTS KING,0.5408,0.231,0.2282
SPADES FIVE HEARTS ACE,0.3926,0.0044,0.603
HEARTS THREE SPADES JACK,0.636,0.0072,0.3568
SPADES JACK DIAMONDS KING,0.2294,0.0886,0.682
HEARTS THREE SPADES TEN,0.6276,0.0068,0.3656
SPADES TEN DIAMONDS KING,0.2384,0.1224,0.6392
HEARTS FIVE CLUBS JACK,0.6104,0.008,0.3816
CLUBS SIX HEARTS ACE,0.3952,0.0032,0.6016
CLUBS TEN HEARTS FIVE,0.6274,0.0072,0.3654
CLUBS TEN SPADES THREE,0.6374,0.009,0.3536
CLUBS SIX HEARTS QUEEN,0.6352,0.0068,0.358
SPADES THREE CLUBS JACK,0.63,0.0104,0.3596
CLUBS SIX HEARTS KING,0.541,0.2312,0.2278
DIAMONDS TWO HEARTS JACK,0.6354,0.0074,0.3572
SPADES THREE CLUBS QUEEN,0.6304,0.0072,0.3624
DIAMONDS TWO HEARTS TEN,0.6196,0.0078,0.3726
SPADES THREE CLUBS KING,0.5468,0.222,0.2312
HEARTS FIVE CLUBS ACE,0.3876,0.0036,0.6088
SPADES FIVE HEARTS TEN,0.6412,0.008,0.3508
SPADES THREE CLUBS ACE,0.4006,0.006,0.5934
HEARTS FIVE CLUBS KING,0.5348,0.23,0.2352
SPADES FIVE HEARTS JACK,0.6292,0.0068,0.364
HEARTS FIVE CLUBS QUEEN,0.617,0.009,0.374
HEARTS THREE CLUBS KING,0.5328,0.2378,0.2294
DIAMONDS KING CLUBS KING,0.0774,0.0128,0.9098
HEARTS THREE CLUBS QUEEN,0.6292,0.0066,0.3642
DIAMONDS KING CLUBS QUEEN,0.2406,0.0658,0.6936
HEARTS FIVE HEARTS JACK,0.5964,0.007,0.3966
HEARTS FIVE HEARTS TEN,0.5906,0.009,0.4004
HEARTS THREE CLUBS ACE,0.3964,0.0032,0.6004
DIAMONDS KING CLUBS ACE,0.2322,0.0136,0.7542
SPADES ACE CLUBS QUEEN,0.3416,0.0046,0.6538
HEARTS THREE CLUBS JACK,0.6244,0.0064,0.3692
DIAMONDS KING CLUBS JACK,0.2358,0.0806,0.6836
SPADES QUEEN CLUBS QUEEN,0.2762,0.0056,0.7182
CLUBS TEN HEARTS THREE,0.6358,0.0076,0.3566
CLUBS TEN DIAMONDS KING,0.2168,0.116,0.6672
SPADES JACK CLUBS QUEEN,0.5618,0.0084,0.4298
CLUBS SIX CLUBS QUEEN,0.5918,0.0086,0.3996
SPADES TEN CLUBS QUEEN,0.5614,0.0088,0.4298
CLUBS SIX CLUBS KING,0.5136,0.2246,0.2618
CLUBS SIX CLUBS ACE,0.3624,0.0056,0.632
HEARTS FIVE HEARTS KING,0.4986,0.2232,0.2782
HEARTS FIVE HEARTS QUEEN,0.5852,0.006,0.4088
CLUBS TEN CLUBS SIX,0.5994,0.0068,0.3938
HEARTS FIVE HEARTS ACE,0.359,0.0046,0.6364
CLUBS SIX CLUBS JACK,0.5924,0.0076,0.4
SPADES SEVEN HEARTS JACK,0.6248,0.0084,0.3668
SPADES SEVEN HEARTS TEN,0.6282,0.0056,0.3662
DIAMONDS TWO CLUBS TWO,0.476,0.0122,0.5118
DIAMONDS TWO CLUBS THREE,0.6492,0.008,0.3428
HEARTS SIX DIAMONDS TWO,0.6606,0.0096,0.3298
DIAMONDS TWO HEARTS QUEEN,0.6262,0.0066,0.3672
DIAMONDS TWO HEARTS SEVEN,0.6688,0.0084,0.3228
DIAMONDS TWO HEARTS KING,0.5412,0.2268,0.232
DIAMONDS TWO HEARTS EIGHT,0.7294,0.04,0.2306
DIAMONDS TWO HEARTS ACE,0.398,0.0042,0.5978
DIAMONDS TWO HEARTS NINE,0.6452,0.0084,0.3464
DIAMONDS TWO DIAMONDS QUEEN,0.5886,0.0062,0.4052
DIAMONDS TWO HEARTS TWO,0.4454,0.0124,0.5422
DIAMONDS TWO DIAMONDS KING,0.512,0.2056,0.2824
HEARTS THREE DIAMONDS TWO,0.6412,0.006,0.3528
DIAMONDS TWO DIAMONDS ACE,0.3824,0.003,0.6146
HEARTS FOUR DIAMONDS TWO,0.6524,0.0074,0.3402
DIAMONDS TWO HEARTS FIVE,0.6338,0.0062,0.36
SPADES SEVEN HEARTS ACE,0.401,0.0044,0.5946
DIAMONDS TWO DIAMONDS TEN,0.5886,0.0068,0.4046
SPADES SEVEN HEARTS KING,0.543,0.2264,0.2306
DIAMONDS TWO DIAMONDS JACK,0.5816,0.0098,0.4086
SPADES SEVEN HEARTS QUEEN,0.6436,0.0072,0.3492
DIAMONDS TWO SPADES NINE,0.6438,0.0056,0.3506
DIAMONDS TWO SPADES EIGHT,0.747,0.0344,0.2186
DIAMONDS TWO SPADES SEVEN,0.6722,0.0066,0.3212
DIAMONDS TWO SPADES SIX,0.6596,0.0084,0.332
DIAMONDS TWO SPADES FIVE,0.6432,0.0106,0.3462
DIAMONDS TWO SPADES FOUR,0.649,0.0068,0.3442
DIAMONDS TWO SPADES THREE,0.6628,0.0076,0.3296
DIAMONDS TWO SPADES TWO,0.449,0.0144,0.5366
CLUBS NINE DIAMONDS TWO,0.6308,0.0086,0.3606
DIAMONDS TWO CLUBS SEVEN,0.6674,0.0078,0.3248
CLUBS SIX DIAMONDS TWO,0.667,0.0084,0.3246
DIAMONDS TWO CLUBS FIVE,0.6458,0.0092,0.345
DIAMONDS TWO CLUBS FOUR,0.6474,0.0076,0.345
CLUBS FOUR SPADES FIVE,0.6244,0.007,0.3686
CLUBS FOUR SPADES FOUR,0.45,0.013,0.537
CLUBS FOUR SPADES THREE,0.6302,0.009,0.3608
CLUBS FOUR SPADES TWO,0.6454,0.0086,0.346
SPADES NINE CLUBS FOUR,0.6416,0.01,0.3484
CLUBS FOUR SPADES EIGHT,0.7174,0.037,0.2456
CLUBS FOUR SPADES SEVEN,0.6444,0.0106,0.345
CLUBS FOUR SPADES SIX,0.645,0.008,0.347
SPADES ACE DIAMONDS SIX,0.386,0.0038,0.6102
SPADES QUEEN DIAMONDS SIX,0.6402,0.0074,0.3524
SPADES TEN DIAMONDS SIX,0.6206,0.0074,0.372
SPADES JACK DIAMONDS SIX,0.6426,0.0052,0.3522
SPADES QUEEN SPADES TWO,0.6014,0.0094,0.3892
SPADES ACE SPADES TWO,0.3734,0.0054,0.6212
DIAMONDS JACK CLUBS JACK,0.279,0.0066,0.7144
CLUBS TEN DIAMONDS JACK,0.5426,0.0062,0.4512
DIAMONDS JACK CLUBS KING,0.2434,0.0886,0.668
DIAMONDS JACK CLUBS QUEEN,0.5712,0.0054,0.4234
DIAMONDS THREE DIAMONDS JACK,0.5908,0.0054,0.4038
DIAMONDS THREE DIAMONDS TEN,0.5896,0.0062,0.4042
DIAMONDS JACK CLUBS ACE,0.3284,0.004,0.6676
DIAMONDS THREE DIAMONDS KING,0.5094,0.2184,0.2722
HEARTS THREE DIAMONDS THREE,0.4656,0.0116,0.5228
DIAMONDS THREE DIAMONDS QUEEN,0.5778,0.0072,0.415
DIAMONDS THREE HEARTS TWO,0.658,0.0082,0.3338
HEARTS FIVE DIAMONDS THREE,0.6284,0.009,0.3626
DIAMONDS THREE DIAMONDS ACE,0.3604,0.004,0.6356
HEARTS FOUR DIAMONDS THREE,0.6376,0.006,0.3564
DIAMONDS THREE HEARTS SEVEN,0.6424,0.0074,0.3502
SPADES TEN SPADES NINE,0.5282,0.0056,0.4662
HEARTS SIX DIAMONDS THREE,0.6382,0.0106,0.3512
SPADES JACK SPADES NINE,0.552,0.008,0.44
DIAMONDS THREE HEARTS NINE,0.6308,0.0058,0.3634
HEARTS JACK DIAMONDS FOUR,0.62,0.0078,0.3722
HEARTS KING HEARTS ACE,0.2216,0.0124,0.766
SPADES TEN SPADES TWO,0.604,0.0066,0.3894
DIAMONDS THREE HEARTS EIGHT,0.7282,0.037,0.2348
HEARTS TEN DIAMONDS FOUR,0.631,0.0054,0.3636
SPADES JACK SPADES TWO,0.6218,0.0076,0.3706
HEARTS QUEEN DIAMONDS FOUR,0.6234,0.0066,0.37
HEARTS KING DIAMONDS FOUR,0.5474,0.2214,0.2312
SPADES ACE SPADES NINE,0.3446,0.0046,0.6508
HEARTS ACE DIAMONDS FOUR,0.4072,0.0038,0.589
SPADES QUEEN SPADES NINE,0.5556,0.0058,0.4386
DIAMONDS THREE SPADES NINE,0.6308,0.0062,0.363
DIAMONDS THREE SPADES EIGHT,0.7322,0.0374,0.2304
DIAMONDS THREE SPADES SEVEN,0.6444,0.0062,0.3494
DIAMONDS THREE SPADES SIX,0.649,0.0078,0.3432
CLUBS SIX DIAMONDS THREE,0.6462,0.0066,0.3472
CLUBS ACE DIAMONDS FOUR,0.383,0.0038,0.6132
CLUBS SIX CLUBS FIVE,0.5818,0.0086,0.4096
CLUBS SEVEN CLUBS FIVE,0.6024,0.007,0.3906
CLUBS SEVEN DIAMONDS THREE,0.6622,0.0078,0.33
DIAMONDS THREE CLUBS FOUR,0.6322,0.008,0.3598
DIAMONDS FOUR CLUBS QUEEN,0.6226,0.0056,0.3718
DIAMONDS THREE CLUBS FIVE,0.6268,0.0076,0.3656
CLUBS KING DIAMONDS FOUR,0.5468,0.2256,0.2276
DIAMONDS THREE CLUBS TWO,0.6432,0.0084,0.3484
CLUBS TEN DIAMONDS FOUR,0.6144,0.008,0.3776
DIAMONDS THREE CLUBS THREE,0.458,0.0108,0.5312
DIAMONDS FOUR CLUBS JACK,0.6256,0.0086,0.3658
DIAMONDS THREE SPADES FOUR,0.634,0.0106,0.3554
DIAMONDS THREE SPADES FIVE,0.621,0.009,0.37
DIAMONDS THREE SPADES TWO,0.6582,0.0066,0.3352
DIAMONDS THREE SPADES THREE,0.4594,0.0106,0.53
CLUBS NINE DIAMONDS THREE,0.6396,0.007,0.3534
SPADES SEVEN CLUBS ACE,0.3848,0.0062,0.609
SPADES SEVEN CLUBS QUEEN,0.6352,0.0062,0.3586
SPADES SEVEN CLUBS KING,0.53,0.2424,0.2276
CLUBS FIVE SPADES SEVEN,0.6312,0.0092,0.3596
CLUBS TEN SPADES SEVEN,0.6216,0.0078,0.3706
CLUBS FIVE SPADES SIX,0.6292,0.0086,0.3622
SPADES SEVEN CLUBS JACK,0.6076,0.006,0.3864
SPADES NINE CLUBS FIVE,0.6286,0.0074,0.364
SPADES EIGHT CLUBS FIVE,0.7172,0.0332,0.2496
CLUBS FIVE SPADES THREE,0.6438,0.0082,0.348
CLUBS FIVE SPADES TWO,0.6392,0.0088,0.352
CLUBS FIVE SPADES FIVE,0.44,0.013,0.547
CLUBS FIVE SPADES FOUR,0.6022,0.0098,0.388
CLUBS NINE CLUBS FIVE,0.593,0.0072,0.3998
CLUBS ACE CLUBS QUEEN,0.3452,0.005,0.6498
CLUBS KING CLUBS QUEEN,0.2362,0.0642,0.6996
DIAMONDS TEN DIAMONDS FOUR,0.587,0.0072,0.4058
CLUBS TEN DIAMONDS NINE,0.558,0.0066,0.4354
DIAMONDS JACK DIAMONDS FOUR,0.5898,0.0074,0.4028
DIAMONDS NINE CLUBS JACK,0.569,0.007,0.424
SPADES NINE CLUBS JACK,0.5702,0.007,0.4228
CLUBS TEN SPADES NINE,0.5656,0.0092,0.4252
DIAMONDS ACE DIAMONDS FOUR,0.3754,0.0046,0.62
HEARTS FOUR DIAMONDS FOUR,0.447,0.013,0.54
DIAMONDS JACK HEARTS TEN,0.5596,0.0056,0.4348
SPADES NINE CLUBS KING,0.2186,0.1682,0.6132
DIAMONDS TWO SPADES TEN,0.6368,0.0078,0.3554
DIAMONDS NINE CLUBS ACE,0.3422,0.0054,0.6524
HEARTS FIVE DIAMONDS FOUR,0.6084,0.0084,0.3832
HEARTS JACK DIAMONDS JACK,0.293,0.0048,0.7022
SPADES NINE CLUBS QUEEN,0.5874,0.007,0.4056
SPADES JACK DIAMONDS TWO,0.642,0.0076,0.3504
DIAMONDS QUEEN DIAMONDS FOUR,0.5818,0.0082,0.41
HEARTS TWO DIAMONDS FOUR,0.6412,0.009,0.3498
DIAMONDS NINE CLUBS QUEEN,0.5862,0.0052,0.4086
DIAMONDS KING DIAMONDS FOUR,0.5116,0.2084,0.28
HEARTS THREE DIAMONDS FOUR,0.6198,0.0094,0.3708
SPADES NINE CLUBS ACE,0.3446,0.0046,0.6508
DIAMONDS NINE CLUBS KING,0.221,0.1652,0.6138
HEARTS ACE DIAMONDS JACK,0.3626,0.0042,0.6332
SPADES ACE DIAMONDS TWO,0.3872,0.005,0.6078
DIAMONDS JACK HEARTS QUEEN,0.57,0.0064,0.4236
SPADES QUEEN DIAMONDS TWO,0.635,0.0082,0.3568
HEARTS KING DIAMONDS JACK,0.238,0.0826,0.6794
SPADES JACK SPADES SEVEN,0.5942,0.0064,0.3994
SPADES TEN SPADES SEVEN,0.5914,0.0066,0.402
CLUBS SEVEN CLUBS THREE,0.6304,0.0086,0.361
CLUBS SIX CLUBS THREE,0.6066,0.0102,0.3832
CLUBS FIVE CLUBS THREE,0.5934,0.0084,0.3982
CLUBS FOUR CLUBS THREE,0.5988,0.0066,0.3946
CLUBS NINE CLUBS THREE,0.6172,0.0078,0.375
CLUBS THREE SPADES FIVE,0.623,0.0098,0.3672
CLUBS THREE SPADES FOUR,0.6404,0.0086,0.351
CLUBS THREE SPADES THREE,0.4576,0.0172,0.5252
CLUBS THREE SPADES TWO,0.662,0.0086,0.3294
SPADES SIX CLUBS THREE,0.6418,0.0092,0.349
SPADES SEVEN CLUBS THREE,0.6722,0.0104,0.3174
SPADES EIGHT CLUBS THREE,0.7544,0.0384,0.2072
SPADES NINE CLUBS THREE,0.6388,0.0078,0.3534
SPADES TWO DIAMONDS FOUR,0.6358,0.0072,0.357
SPADES THREE DIAMONDS FOUR,0.6334,0.0092,0.3574
SPADES FOUR DIAMONDS FOUR,0.4576,0.0134,0.529
SPADES FIVE DIAMONDS FOUR,0.6198,0.0076,0.3726
SPADES SIX DIAMONDS FOUR,0.6262,0.0112,0.3626
SPADES SEVEN DIAMONDS FOUR,0.6496,0.0064,0.344
SPADES EIGHT DIAMONDS FOUR,0.7236,0.0318,0.2446
SPADES NINE DIAMONDS FOUR,0.633,0.0088,0.3582
CLUBS FIVE DIAMONDS FOUR,0.615,0.0068,0.3782
CLUBS FOUR DIAMONDS FOUR,0.4426,0.0134,0.544
CLUBS SEVEN DIAMONDS FOUR,0.6478,0.009,0.3432
CLUBS SIX DIAMONDS FOUR,0.6344,0.0094,0.3562
CLUBS NINE DIAMONDS FOUR,0.6418,0.0068,0.3514
DIAMONDS FOUR HEARTS SEVEN,0.6324,0.0062,0.3614
HEARTS SIX DIAMONDS FOUR,0.6268,0.0076,0.3656
HEARTS NINE DIAMONDS FOUR,0.6374,0.0068,0.3558
DIAMONDS FOUR HEARTS EIGHT,0.7198,0.0374,0.2428
CLUBS THREE DIAMONDS FOUR,0.6294,0.0092,0.3614
CLUBS TWO DIAMONDS FOUR,0.6516,0.0086,0.3398
DIAMONDS TEN DIAMONDS FIVE,0.5826,0.007,0.4104
DIAMONDS JACK DIAMONDS FIVE,0.5838,0.007,0.4092
DIAMONDS NINE HEARTS QUEEN,0.592,0.0062,0.4018
HEARTS KING DIAMONDS NINE,0.228,0.1606,0.6114
DIAMONDS NINE HEARTS ACE,0.3618,0.0042,0.634
DIAMONDS NINE HEARTS TEN,0.5608,0.0066,0.4326
DIAMONDS NINE HEARTS JACK,0.5844,0.0044,0.4112
CLUBS KING DIAMONDS SIX,0.5322,0.2292,0.2386
CLUBS QUEEN DIAMONDS SIX,0.6258,0.0076,0.3666
CLUBS ACE DIAMONDS SIX,0.394,0.004,0.602
SPADES ACE SPADES SEVEN,0.3738,0.0058,0.6204
SPADES QUEEN DIAMONDS FOUR,0.6384,0.0062,0.3554
SPADES QUEEN SPADES SEVEN,0.6012,0.005,0.3938
CLUBS JACK DIAMONDS SIX,0.6262,0.0058,0.368
SPADES ACE DIAMONDS FOUR,0.3778,0.0062,0.616
CLUBS TEN DIAMONDS SIX,0.6134,0.008,0.3786
CLUBS NINE CLUBS FOUR,0.5962,0.0078,0.396
SPADES JACK DIAMONDS FOUR,0.6324,0.0064,0.3612
SPADES TEN DIAMONDS FOUR,0.6222,0.0066,0.3712
CLUBS FOUR CLUBS FIVE,0.5798,0.0088,0.4114
CLUBS SEVEN CLUBS FOUR,0.6068,0.009,0.3842
CLUBS SIX CLUBS FOUR,0.5974,0.0076,0.395
CLUBS SEVEN SPADES EIGHT,0.699,0.032,0.269
CLUBS SEVEN SPADES NINE,0.6186,0.0104,0.371
CLUBS SEVEN SPADES SIX,0.6296,0.0096,0.3608
CLUBS SEVEN SPADES SEVEN,0.448,0.0108,0.5412
CLUBS SEVEN SPADES FIVE,0.6342,0.0092,0.3566
CLUBS SEVEN SPADES FOUR,0.6486,0.0076,0.3438
CLUBS SEVEN SPADES THREE,0.6596,0.0086,0.3318
CLUBS SEVEN SPADES TWO,0.6754,0.009,0.3156
CLUBS NINE CLUBS SEVEN,0.5854,0.0076,0.407
HEARTS SIX DIAMONDS FIVE,0.6148,0.0056,0.3796
DIAMONDS FIVE HEARTS SEVEN,0.6272,0.0042,0.3686
DIAMONDS FIVE HEARTS EIGHT,0.6962,0.0402,0.2636
HEARTS NINE DIAMONDS FIVE,0.6292,0.0044,0.3664
DIAMONDS QUEEN DIAMONDS FIVE,0.573,0.0074,0.4196
HEARTS TWO DIAMONDS FIVE,0.64,0.0064,0.3536
HEARTS KING HEARTS EIGHT,0.0254,0.9014,0.0732
DIAMONDS KING DIAMONDS FIVE,0.4978,0.2144,0.2878
HEARTS THREE DIAMONDS FIVE,0.6252,0.0082,0.3666
HEARTS QUEEN HEARTS EIGHT,0.675,0.0302,0.2948
DIAMONDS ACE DIAMONDS FIVE,0.3622,0.0036,0.6342
HEARTS FOUR DIAMONDS FIVE,0.611,0.0082,0.3808
HEARTS FIVE DIAMONDS FIVE,0.4464,0.0086,0.545
HEARTS ACE HEARTS EIGHT,0.2184,0.0278,0.7538
CLUBS FOUR DIAMONDS FIVE,0.622,0.008,0.37
CLUBS FIVE DIAMONDS FIVE,0.4454,0.0144,0.5402
CLUBS SIX DIAMONDS FIVE,0.6106,0.0076,0.3818
CLUBS SEVEN DIAMONDS FIVE,0.6276,0.0072,0.3652
CLUBS TWO DIAMONDS FIVE,0.649,0.0078,0.3432
CLUBS THREE DIAMONDS FIVE,0.629,0.0074,0.3636
SPADES THREE DIAMONDS FIVE,0.6328,0.0086,0.3586
SPADES TWO DIAMONDS FIVE,0.6452,0.0072,0.3476
SPADES JACK DIAMONDS EIGHT,0.7082,0.0322,0.2596
SPADES FIVE DIAMONDS FIVE,0.4376,0.012,0.5504
CLUBS TEN HEARTS JACK,0.5442,0.0074,0.4484
SPADES TEN DIAMONDS EIGHT,0.6958,0.0296,0.2746
SPADES FOUR DIAMONDS FIVE,0.6178,0.0088,0.3734
HEARTS JACK CLUBS JACK,0.2956,0.0032,0.7012
HEARTS JACK CLUBS QUEEN,0.55,0.0066,0.4434
CLUBS NINE DIAMONDS FIVE,0.6182,0.0072,0.3746
HEARTS JACK CLUBS KING,0.2258,0.0874,0.6868
HEARTS JACK CLUBS ACE,0.3362,0.0056,0.6582
SPADES SEVEN DIAMONDS FIVE,0.6164,0.0068,0.3768
SPADES SIX DIAMONDS FIVE,0.6212,0.0074,0.3714
SPADES QUEEN DIAMONDS EIGHT,0.7344,0.0326,0.233
SPADES NINE DIAMONDS FIVE,0.6256,0.0092,0.3652
SPADES EIGHT DIAMONDS FIVE,0.7104,0.034,0.2556
SPADES ACE DIAMONDS EIGHT,0.2312,0.025,0.7438
DIAMONDS TEN DIAMONDS SIX,0.5712,0.0062,0.4226
HEARTS ACE DIAMONDS SEVEN,0.388,0.003,0.609
DIAMONDS JACK DIAMONDS SIX,0.6062,0.0078,0.386
HEARTS QUEEN DIAMONDS SEVEN,0.6204,0.0056,0.374
HEARTS KING DIAMONDS SEVEN,0.5386,0.2378,0.2236
DIAMONDS ACE DIAMONDS SIX,0.364,0.0028,0.6332
HEARTS FOUR DIAMONDS SIX,0.6214,0.0076,0.371
HEARTS JACK SPADES TWO,0.6288,0.0078,0.3634
HEARTS FIVE DIAMONDS SIX,0.617,0.0068,0.3762
SPADES TWO HEARTS TEN,0.6308,0.0056,0.3636
DIAMONDS QUEEN DIAMONDS SIX,0.5868,0.0056,0.4076
HEARTS TWO DIAMONDS SIX,0.6614,0.008,0.3306
DIAMONDS KING DIAMONDS SIX,0.5034,0.2166,0.28
HEARTS THREE DIAMONDS SIX,0.6562,0.0074,0.3364
HEARTS EIGHT DIAMONDS SIX,0.6862,0.0388,0.275
HEARTS NINE DIAMONDS SIX,0.6126,0.0052,0.3822
HEARTS SIX DIAMONDS SIX,0.441,0.0112,0.5478
HEARTS SEVEN DIAMONDS SIX,0.6206,0.0064,0.373
HEARTS TEN DIAMONDS SEVEN,0.6264,0.0066,0.367
CLUBS TWO DIAMONDS SIX,0.6574,0.0074,0.3352
HEARTS JACK DIAMONDS SEVEN,0.6242,0.0064,0.3694
CLUBS THREE DIAMONDS SIX,0.6484,0.0074,0.3442
DIAMONDS EIGHT CLUBS JACK,0.6862,0.03,0.2838
CLUBS SEVEN DIAMONDS SIX,0.6136,0.006,0.3804
CLUBS SIX DIAMONDS SIX,0.4484,0.0106,0.541
CLUBS TEN DIAMONDS EIGHT,0.6924,0.0238,0.2838
CLUBS FIVE DIAMONDS SIX,0.6244,0.0074,0.3682
CLUBS FOUR DIAMONDS SIX,0.6324,0.009,0.3586
HEARTS ACE HEARTS JACK,0.3178,0.0038,0.6784
DIAMONDS EIGHT CLUBS ACE,0.2374,0.029,0.7336
HEARTS JACK HEARTS QUEEN,0.5182,0.0058,0.476
DIAMONDS EIGHT CLUBS KING,0.0106,0.9694,0.02
CLUBS NINE DIAMONDS SIX,0.6058,0.0066,0.3876
HEARTS KING HEARTS JACK,0.227,0.0812,0.6918
DIAMONDS EIGHT CLUBS QUEEN,0.7122,0.0354,0.2524
SPADES TEN HEARTS KING,0.2326,0.116,0.6514
SPADES FIVE DIAMONDS SIX,0.6116,0.0064,0.382
HEARTS ACE SPADES TWO,0.4056,0.004,0.5904
SPADES JACK HEARTS KING,0.2366,0.0876,0.6758
SPADES FOUR DIAMONDS SIX,0.631,0.009,0.36
SPADES THREE DIAMONDS SIX,0.6462,0.0052,0.3486
SPADES TWO HEARTS QUEEN,0.629,0.005,0.366
HEARTS KING SPADES TWO,0.5384,0.2316,0.23
SPADES TWO DIAMONDS SIX,0.6748,0.0112,0.314
HEARTS TEN HEARTS EIGHT,0.6442,0.0264,0.3294
SPADES NINE DIAMONDS SIX,0.6166,0.0086,0.3748
HEARTS JACK HEARTS EIGHT,0.6556,0.0286,0.3158
SPADES EIGHT DIAMONDS SIX,0.6964,0.0342,0.2694
SPADES SEVEN DIAMONDS SIX,0.617,0.0076,0.3754
SPADES SIX DIAMONDS SIX,0.448,0.012,0.54
SPADES QUEEN HEARTS KING,0.2398,0.06,0.7002
CLUBS ACE CLUBS KING,0.2178,0.0122,0.77
SPADES ACE HEARTS KING,0.2276,0.0126,0.7598
SPADES ACE HEARTS JACK,0.3554,0.0056,0.639
SPADES QUEEN HEARTS JACK,0.5662,0.0056,0.4282
SPADES TEN DIAMONDS TEN,0.2944,0.0072,0.6984
SPADES JACK DIAMONDS TEN,0.5602,0.007,0.4328
SPADES ACE DIAMONDS TEN,0.3284,0.0032,0.6684
SPADES JACK HEARTS JACK,0.2992,0.0058,0.695
SPADES TEN HEARTS JACK,0.5776,0.005,0.4174
SPADES QUEEN DIAMONDS TEN,0.5654,0.0066,0.428
SPADES NINE DIAMONDS SEVEN,0.6184,0.0084,0.3732
SPADES EIGHT DIAMONDS SEVEN,0.6798,0.0334,0.2868
SPADES SEVEN DIAMONDS SEVEN,0.42,0.0108,0.5692
SPADES SIX DIAMONDS SEVEN,0.6212,0.0068,0.372
DIAMONDS KING DIAMONDS SEVEN,0.497,0.2168,0.2862
HEARTS THREE DIAMONDS SEVEN,0.664,0.0082,0.3278
HEARTS KING DIAMONDS FIVE,0.5416,0.2234,0.235
DIAMONDS QUEEN DIAMONDS SEVEN,0.5898,0.0076,0.4026
HEARTS TWO DIAMONDS SEVEN,0.674,0.0062,0.3198
HEARTS QUEEN DIAMONDS FIVE,0.634,0.0044,0.3616
HEARTS FIVE DIAMONDS SEVEN,0.6162,0.008,0.3758
DIAMONDS ACE DIAMONDS SEVEN,0.3604,0.0034,0.6362
HEARTS FOUR DIAMONDS SEVEN,0.636,0.0084,0.3556
HEARTS ACE DIAMONDS FIVE,0.3848,0.003,0.6122
HEARTS SEVEN DIAMONDS SEVEN,0.42,0.012,0.568
HEARTS SIX DIAMONDS SEVEN,0.61,0.0052,0.3848
HEARTS NINE DIAMONDS SEVEN,0.6138,0.0074,0.3788
DIAMONDS SEVEN HEARTS EIGHT,0.6848,0.0286,0.2866
DIAMONDS JACK DIAMONDS SEVEN,0.5722,0.008,0.4198
HEARTS JACK DIAMONDS FIVE,0.6268,0.0058,0.3674
DIAMONDS TEN DIAMONDS SEVEN,0.5742,0.008,0.4178
DIAMONDS FIVE HEARTS TEN,0.63,0.0066,0.3634
HEARTS KING CLUBS KING,0.0704,0.015,0.9146
SPADES QUEEN CLUBS TWO,0.6402,0.0084,0.3514
HEARTS KING CLUBS QUEEN,0.2318,0.0642,0.704
CLUBS NINE DIAMONDS SEVEN,0.6158,0.006,0.3782
SPADES TWO CLUBS JACK,0.6386,0.0058,0.3556
SPADES ACE CLUBS TWO,0.401,0.0056,0.5934
CLUBS TEN SPADES TWO,0.6426,0.0078,0.3496
HEARTS KING CLUBS ACE,0.2256,0.0126,0.7618
CLUBS SIX CLUBS SEVEN,0.5928,0.0078,0.3994
SPADES TWO CLUBS KING,0.5476,0.2334,0.219
SPADES TWO DIAMONDS SEVEN,0.6742,0.0076,0.3182
SPADES THREE DIAMONDS SEVEN,0.647,0.0084,0.3446
SPADES TWO CLUBS QUEEN,0.6366,0.007,0.3564
CLUBS NINE CLUBS SIX,0.5792,0.0062,0.4146
SPADES FOUR DIAMONDS SEVEN,0.6578,0.0082,0.334
HEARTS KING CLUBS JACK,0.2306,0.0856,0.6838
SPADES FIVE DIAMONDS SEVEN,0.6354,0.0074,0.3572
SPADES TWO CLUBS ACE,0.391,0.0046,0.6044
CLUBS TEN HEARTS KING,0.2312,0.111,0.6578
CLUBS SIX SPADES TWO,0.658,0.0104,0.3316
CLUBS SIX SPADES THREE,0.6656,0.0074,0.327
CLUBS TWO DIAMONDS SEVEN,0.683,0.0074,0.3096
CLUBS SIX SPADES FOUR,0.6216,0.0082,0.3702
CLUBS THREE DIAMONDS SEVEN,0.658,0.0074,0.3346
CLUBS SIX SPADES FIVE,0.614,0.0082,0.3778
CLUBS FOUR DIAMONDS SEVEN,0.6488,0.0088,0.3424
CLUBS SIX SPADES SIX,0.44,0.0098,0.5502
CLUBS FIVE DIAMONDS SEVEN,0.6366,0.008,0.3554
CLUBS SIX SPADES SEVEN,0.6322,0.006,0.3618
CLUBS SIX DIAMONDS SEVEN,0.6184,0.0068,0.3748
CLUBS SIX SPADES EIGHT,0.7032,0.0398,0.257
SPADES JACK CLUBS TWO,0.6348,0.008,0.3572
CLUBS SIX SPADES NINE,0.622,0.0088,0.3692
SPADES TEN CLUBS TWO,0.6436,0.0076,0.3488
CLUBS SEVEN DIAMONDS SEVEN,0.439,0.011,0.55
CLUBS TWO CLUBS QUEEN,0.606,0.0074,0.3866
CLUBS TWO CLUBS KING,0.5148,0.2244,0.2608
CLUBS THREE DIAMONDS EIGHT,0.7436,0.0336,0.2228
CLUBS TWO CLUBS ACE,0.3746,0.0066,0.6188
CLUBS TWO DIAMONDS EIGHT,0.7374,0.038,0.2246
DIAMONDS EIGHT HEARTS SEVEN,0.6796,0.0324,0.288
HEARTS SIX DIAMONDS EIGHT,0.6864,0.0332,0.2804
DIAMONDS EIGHT HEARTS NINE,0.6866,0.0316,0.2818
CLUBS TEN CLUBS TWO,0.6026,0.0076,0.3898
DIAMONDS EIGHT HEARTS EIGHT,0.2952,0.024,0.6808
CLUBS TWO CLUBS JACK,0.5962,0.0088,0.395
CLUBS NINE DIAMONDS EIGHT,0.6704,0.0306,0.299
CLUBS FIVE DIAMONDS EIGHT,0.7146,0.0324,0.253
SPADES ACE SPADES THREE,0.3722,0.005,0.6228
CLUBS FOUR DIAMONDS EIGHT,0.7208,0.0362,0.243
SPADES QUEEN SPADES THREE,0.6076,0.0084,0.384
CLUBS SEVEN DIAMONDS EIGHT,0.6682,0.0336,0.2982
CLUBS SIX DIAMONDS EIGHT,0.6922,0.0366,0.2712
DIAMONDS QUEEN DIAMONDS EIGHT,0.67,0.0342,0.2958
HEARTS TWO DIAMONDS EIGHT,0.7244,0.0378,0.2378
DIAMONDS KING DIAMONDS EIGHT,0.0226,0.9086,0.0688
HEARTS THREE DIAMONDS EIGHT,0.744,0.037,0.219
DIAMONDS ACE DIAMONDS EIGHT,0.2288,0.0258,0.7454
HEARTS FOUR DIAMONDS EIGHT,0.7146,0.041,0.2444
HEARTS FIVE DIAMONDS EIGHT,0.699,0.035,0.266
DIAMONDS EIGHT DIAMONDS TEN,0.6334,0.0308,0.3358
DIAMONDS EIGHT DIAMONDS JACK,0.6638,0.0292,0.307
SPADES JACK SPADES THREE,0.6104,0.0076,0.382
SPADES TEN SPADES THREE,0.596,0.0096,0.3944
CLUBS FOUR HEARTS ACE,0.3918,0.0034,0.6048
CLUBS FOUR HEARTS QUEEN,0.614,0.0058,0.3802
CLUBS FOUR HEARTS KING,0.5274,0.2326,0.24
CLUBS SIX HEARTS TEN,0.6202,0.0068,0.373
CLUBS SIX HEARTS JACK,0.6412,0.0098,0.349
SPADES FOUR DIAMONDS EIGHT,0.7242,0.0362,0.2396
SPADES FIVE DIAMONDS EIGHT,0.7136,0.0348,0.2516
DIAMONDS EIGHT SPADES TWO,0.7354,0.0394,0.2252
DIAMONDS EIGHT SPADES THREE,0.7458,0.0338,0.2204
CLUBS FOUR HEARTS JACK,0.6216,0.0084,0.37
SPADES EIGHT DIAMONDS EIGHT,0.2986,0.0286,0.6728
SPADES JACK HEARTS EIGHT,0.7094,0.0292,0.2614
SPADES TEN HEARTS TWO,0.6314,0.0084,0.3602
SPADES TEN DIAMONDS QUEEN,0.5678,0.007,0.4252
CLUBS FOUR HEARTS TEN,0.6362,0.0056,0.3582
SPADES NINE DIAMONDS EIGHT,0.6902,0.0292,0.2806
SPADES JACK HEARTS TWO,0.6278,0.0084,0.3638
SPADES JACK DIAMONDS QUEEN,0.5686,0.0054,0.426
SPADES TEN HEARTS EIGHT,0.6794,0.0296,0.291
SPADES SIX DIAMONDS EIGHT,0.7024,0.0332,0.2644
SPADES SEVEN DIAMONDS EIGHT,0.6862,0.0332,0.2806
SPADES ACE HEARTS TWO,0.394,0.0064,0.5996
SPADES ACE DIAMONDS QUEEN,0.3444,0.0034,0.6522
SPADES ACE HEARTS EIGHT,0.235,0.025,0.74
SPADES QUEEN DIAMONDS QUEEN,0.271,0.0032,0.7258
SPADES QUEEN HEARTS TWO,0.6438,0.006,0.3502
SPADES QUEEN HEARTS EIGHT,0.7236,0.0318,0.2446
CLUBS TWO HEARTS TEN,0.637,0.0074,0.3556
CLUBS TWO HEARTS JACK,0.6442,0.009,0.3468
SPADES SEVEN DIAMONDS NINE,0.6088,0.0082,0.383
SPADES SIX DIAMONDS NINE,0.6144,0.005,0.3806
SPADES NINE DIAMONDS NINE,0.2986,0.0098,0.6916
SPADES EIGHT DIAMONDS NINE,0.6776,0.0292,0.2932
SPADES TEN CLUBS KING,0.2178,0.1148,0.6674
DIAMONDS NINE SPADES THREE,0.6324,0.009,0.3586
SPADES JACK CLUBS KING,0.2278,0.0854,0.6868
DIAMONDS NINE SPADES TWO,0.6354,0.0082,0.3564
SPADES FIVE DIAMONDS NINE,0.626,0.007,0.367
DIAMONDS NINE SPADES FOUR,0.6352,0.007,0.3578
CLUBS NINE DIAMONDS NINE,0.3132,0.0068,0.68
CLUBS SIX DIAMONDS NINE,0.618,0.0064,0.3756
SPADES JACK CLUBS FOUR,0.6494,0.0082,0.3424
SPADES TEN CLUBS FOUR,0.6404,0.0078,0.3518
CLUBS SEVEN DIAMONDS NINE,0.5894,0.0072,0.4034
CLUBS FOUR DIAMONDS NINE,0.6268,0.009,0.3642
CLUBS FIVE DIAMONDS NINE,0.6366,0.008,0.3554
CLUBS TWO DIAMONDS NINE,0.6402,0.0088,0.351
CLUBS THREE DIAMONDS NINE,0.639,0.0088,0.3522
DIAMONDS NINE HEARTS EIGHT,0.6888,0.0286,0.2826
DIAMONDS NINE HEARTS NINE,0.3102,0.0054,0.6844
HEARTS SIX DIAMONDS NINE,0.6192,0.0076,0.3732
DIAMONDS NINE HEARTS SEVEN,0.6092,0.0052,0.3856
DIAMONDS ACE DIAMONDS NINE,0.3374,0.0044,0.6582
HEARTS FOUR DIAMONDS NINE,0.6248,0.0078,0.3674
HEARTS FIVE DIAMONDS NINE,0.6268,0.006,0.3672
CLUBS TWO HEARTS ACE,0.3866,0.0058,0.6076
SPADES ACE CLUBS FOUR,0.3894,0.0042,0.6064
DIAMONDS QUEEN DIAMONDS NINE,0.521,0.0066,0.4724
HEARTS TWO DIAMONDS NINE,0.634,0.0068,0.3592
CLUBS TWO HEARTS KING,0.549,0.2346,0.2164
DIAMONDS KING DIAMONDS NINE,0.2106,0.1558,0.6336
HEARTS THREE DIAMONDS NINE,0.6448,0.0064,0.3488
CLUBS TWO HEARTS QUEEN,0.6566,0.0078,0.3356
SPADES QUEEN CLUBS FOUR,0.6478,0.0072,0.345
DIAMONDS NINE DIAMONDS JACK,0.5352,0.0054,0.4594
DIAMONDS NINE DIAMONDS TEN,0.5344,0.0046,0.461
HEARTS SIX DIAMONDS TEN,0.6148,0.0072,0.378
DIAMONDS TEN HEARTS SEVEN,0.6068,0.0068,0.3864
DIAMONDS TEN HEARTS EIGHT,0.6856,0.0314,0.283
CLUBS FOUR CLUBS JACK,0.5992,0.0074,0.3934
DIAMONDS TEN HEARTS NINE,0.5578,0.0068,0.4354
CLUBS TEN CLUBS FOUR,0.5944,0.008,0.3976
CLUBS FOUR CLUBS KING,0.5048,0.2282,0.267
CLUBS FOUR CLUBS QUEEN,0.5962,0.0074,0.3964
CLUBS TWO DIAMONDS TEN,0.6408,0.0086,0.3506
CLUBS THREE DIAMONDS TEN,0.6318,0.0094,0.3588
CLUBS FOUR CLUBS ACE,0.3906,0.0036,0.6058
DIAMONDS JACK DIAMONDS TEN,0.5164,0.0054,0.4782
DIAMONDS QUEEN DIAMONDS TEN,0.5188,0.006,0.4752
HEARTS TWO DIAMONDS TEN,0.6274,0.0082,0.3644
DIAMONDS KING DIAMONDS TEN,0.2214,0.1066,0.672
HEARTS THREE DIAMONDS TEN,0.6314,0.006,0.3626
DIAMONDS ACE DIAMONDS TEN,0.3168,0.0038,0.6794
HEARTS FOUR DIAMONDS TEN,0.6264,0.0064,0.3672
HEARTS FIVE DIAMONDS TEN,0.6346,0.0074,0.358
CLUBS NINE SPADES THREE,0.6278,0.0104,0.3618
CLUBS NINE SPADES TWO,0.6428,0.0062,0.351
CLUBS NINE SPADES FIVE,0.6162,0.0072,0.3766
CLUBS NINE SPADES FOUR,0.6222,0.0084,0.3694
CLUBS NINE SPADES SEVEN,0.605,0.0104,0.3846
CLUBS NINE SPADES SIX,0.6152,0.0066,0.3782
CLUBS NINE SPADES NINE,0.3102,0.0096,0.6802
CLUBS TEN HEARTS EIGHT,0.6804,0.033,0.2866
CLUBS NINE SPADES EIGHT,0.6664,0.0316,0.302
CLUBS JACK HEARTS EIGHT,0.6966,0.0268,0.2766
CLUBS QUEEN HEARTS EIGHT,0.7116,0.0296,0.2588
CLUBS KING HEARTS EIGHT,0.0102,0.9736,0.0162
CLUBS ACE HEARTS EIGHT,0.2232,0.0246,0.7522
SPADES QUEEN CLUBS KING,0.237,0.0704,0.6926
SPADES ACE CLUBS KING,0.221,0.0116,0.7674
DIAMONDS ACE HEARTS TEN,0.3592,0.0024,0.6384
HEARTS FOUR HEARTS TEN,0.5846,0.0074,0.408
DIAMONDS ACE HEARTS JACK,0.362,0.0026,0.6354
HEARTS FOUR HEARTS JACK,0.575,0.0072,0.4178
SPADES QUEEN CLUBS FIVE,0.6322,0.0062,0.3616
SPADES ACE CLUBS FIVE,0.3896,0.0048,0.6056
DIAMONDS JACK HEARTS SEVEN,0.6408,0.0058,0.3534
HEARTS SIX DIAMONDS JACK,0.6348,0.0062,0.359
DIAMONDS JACK HEARTS NINE,0.576,0.0072,0.4168
DIAMONDS JACK HEARTS EIGHT,0.7062,0.0276,0.2662
DIAMONDS KING DIAMONDS JACK,0.2224,0.0868,0.6908
HEARTS THREE DIAMONDS JACK,0.6354,0.0064,0.3582
SPADES ACE SPADES SIX,0.3878,0.005,0.6072
SPADES FOUR HEARTS ACE,0.4058,0.0056,0.5886
DIAMONDS QUEEN DIAMONDS JACK,0.532,0.0052,0.4628
HEARTS TWO DIAMONDS JACK,0.632,0.0062,0.3618
HEARTS FIVE DIAMONDS JACK,0.6416,0.0072,0.3512
SPADES QUEEN SPADES SIX,0.5984,0.0062,0.3954
SPADES FOUR HEARTS QUEEN,0.626,0.0086,0.3654
DIAMONDS ACE DIAMONDS JACK,0.3332,0.0034,0.6634
HEARTS FOUR DIAMONDS JACK,0.6304,0.0078,0.3618
HEARTS KING SPADES FOUR,0.5496,0.2216,0.2288
SPADES TEN SPADES SIX,0.606,0.008,0.386
SPADES JACK SPADES SIX,0.5908,0.0074,0.4018
SPADES FOUR DIAMONDS JACK,0.6342,0.0066,0.3592
SPADES FIVE DIAMONDS JACK,0.6366,0.0058,0.3576
DIAMONDS JACK SPADES TWO,0.6364,0.0064,0.3572
SPADES THREE DIAMONDS JACK,0.6504,0.0056,0.344
SPADES ACE DIAMONDS THREE,0.3974,0.005,0.5976
SPADES QUEEN DIAMONDS THREE,0.6258,0.0068,0.3674
CLUBS NINE DIAMONDS JACK,0.5758,0.0066,0.4176
CLUBS SIX DIAMONDS JACK,0.6372,0.0062,0.3566
CLUBS SEVEN DIAMONDS JACK,0.6332,0.0054,0.3614
CLUBS FOUR DIAMONDS JACK,0.6336,0.0076,0.3588
CLUBS FIVE DIAMONDS JACK,0.6218,0.0086,0.3696
CLUBS TWO DIAMONDS JACK,0.625,0.0066,0.3684
CLUBS THREE DIAMONDS JACK,0.636,0.0104,0.3536
SPADES JACK HEARTS SIX,0.6368,0.009,0.3542
SPADES TEN CLUBS FIVE,0.6298,0.0096,0.3606
SPADES JACK CLUBS FIVE,0.639,0.0072,0.3538
HEARTS SIX SPADES TEN,0.6384,0.0058,0.3558
SPADES JACK DIAMONDS THREE,0.6374,0.0058,0.3568
CLUBS SEVEN CLUBS ACE,0.3708,0.0038,0.6254
SPADES TEN DIAMONDS THREE,0.6332,0.009,0.3578
CLUBS SEVEN CLUBS QUEEN,0.6124,0.0058,0.3818
CLUBS SEVEN CLUBS KING,0.5222,0.2176,0.2602
SPADES NINE DIAMONDS JACK,0.5748,0.0044,0.4208
CLUBS TEN CLUBS SEVEN,0.5804,0.0078,0.4118
DIAMONDS ACE HEARTS ACE,0.1184,0.0038,0.8778
HEARTS FOUR HEARTS ACE,0.3646,0.004,0.6314
SPADES EIGHT DIAMONDS JACK,0.7086,0.0314,0.26
SPADES ACE HEARTS SIX,0.4018,0.0036,0.5946
CLUBS SEVEN CLUBS JACK,0.5976,0.006,0.3964
DIAMONDS ACE HEARTS KING,0.2338,0.0108,0.7554
HEARTS FOUR HEARTS KING,0.4972,0.2248,0.278
SPADES SEVEN DIAMONDS JACK,0.622,0.0066,0.3714
DIAMONDS ACE HEARTS QUEEN,0.3514,0.0038,0.6448
HEARTS FOUR HEARTS QUEEN,0.581,0.0068,0.4122
SPADES SIX DIAMONDS JACK,0.6314,0.0066,0.362
SPADES QUEEN HEARTS SIX,0.6356,0.0068,0.3576
SPADES TWO DIAMONDS TEN,0.626,0.008,0.366
SPADES THREE DIAMONDS TEN,0.6404,0.0086,0.351
SPADES FOUR DIAMONDS TEN,0.6242,0.0094,0.3664
SPADES FIVE DIAMONDS TEN,0.6388,0.0058,0.3554
SPADES SIX DIAMONDS TEN,0.6052,0.0082,0.3866
SPADES SEVEN DIAMONDS TEN,0.6074,0.0072,0.3854
SPADES EIGHT DIAMONDS TEN,0.6894,0.0304,0.2802
SPADES NINE DIAMONDS TEN,0.5646,0.0072,0.4282
CLUBS FOUR DIAMONDS TEN,0.6238,0.0078,0.3684
CLUBS FIVE DIAMONDS TEN,0.632,0.005,0.363
CLUBS SIX DIAMONDS TEN,0.634,0.0076,0.3584
CLUBS SEVEN DIAMONDS TEN,0.619,0.006,0.375
CLUBS NINE DIAMONDS TEN,0.5524,0.0072,0.4404
DIAMONDS THREE CLUBS JACK,0.6254,0.007,0.3676
CLUBS TEN DIAMONDS THREE,0.6288,0.0068,0.3644
DIAMONDS THREE CLUBS KING,0.531,0.2272,0.2418
DIAMONDS THREE CLUBS QUEEN,0.6306,0.0082,0.3612
DIAMONDS THREE CLUBS ACE,0.3876,0.0046,0.6078
SPADES FOUR HEARTS JACK,0.6336,0.0078,0.3586
SPADES FOUR HEARTS TEN,0.632,0.0072,0.3608
SPADES FIVE SPADES TWO,0.6158,0.0076,0.3766
SPADES FOUR SPADES TWO,0.6026,0.0086,0.3888
SPADES THREE SPADES TWO,0.617,0.0086,0.3744
SPADES NINE SPADES TWO,0.6114,0.0074,0.3812
SPADES EIGHT SPADES TWO,0.72,0.0308,0.2492
SPADES SEVEN SPADES TWO,0.6384,0.0082,0.3534
SPADES SIX SPADES TWO,0.6232,0.0086,0.3682
DIAMONDS QUEEN CLUBS THREE,0.6266,0.0058,0.3676
HEARTS TWO CLUBS THREE,0.6598,0.0078,0.3324
DIAMONDS QUEEN CLUBS TWO,0.6326,0.0078,0.3596
CLUBS TWO HEARTS TWO,0.4472,0.0126,0.5402
DIAMONDS QUEEN HEARTS SEVEN,0.6334,0.0038,0.3628
HEARTS TWO HEARTS SEVEN,0.6224,0.0078,0.3698
HEARTS SIX DIAMONDS QUEEN,0.6276,0.0058,0.3666
HEARTS SIX HEARTS TWO,0.5966,0.008,0.3954
DIAMONDS QUEEN HEARTS NINE,0.5674,0.006,0.4266
HEARTS TWO HEARTS NINE,0.592,0.0082,0.3998
DIAMONDS QUEEN HEARTS EIGHT,0.717,0.03,0.253
HEARTS TWO HEARTS EIGHT,0.6786,0.0312,0.2902
CLUBS NINE HEARTS TWO,0.6186,0.0068,0.3746
CLUBS NINE DIAMONDS QUEEN,0.5838,0.0064,0.4098
CLUBS FIVE DIAMONDS QUEEN,0.6382,0.0072,0.3546
CLUBS FIVE HEARTS TWO,0.6358,0.0088,0.3554
SPADES EIGHT HEARTS ACE,0.239,0.0294,0.7316
CLUBS FOUR DIAMONDS QUEEN,0.6382,0.0062,0.3556
CLUBS FOUR HEARTS TWO,0.6468,0.0078,0.3454
SPADES EIGHT HEARTS QUEEN,0.725,0.03,0.245
CLUBS SEVEN HEARTS TWO,0.6658,0.0102,0.324
CLUBS SEVEN DIAMONDS QUEEN,0.6474,0.0062,0.3464
CLUBS SIX DIAMONDS QUEEN,0.6272,0.0058,0.367
CLUBS SIX HEARTS TWO,0.6642,0.0058,0.33
SPADES EIGHT HEARTS KING,0.0158,0.9744,0.0098
DIAMONDS QUEEN SPADES SIX,0.63,0.008,0.362
HEARTS TWO SPADES SIX,0.6644,0.0096,0.326
HEARTS FOUR CLUBS QUEEN,0.6254,0.0074,0.3672
DIAMONDS ACE CLUBS QUEEN,0.3404,0.005,0.6546
DIAMONDS QUEEN SPADES SEVEN,0.6432,0.0058,0.351
SPADES SEVEN HEARTS TWO,0.6764,0.0086,0.315
HEARTS FOUR CLUBS KING,0.5242,0.2344,0.2414
DIAMONDS ACE CLUBS KING,0.2334,0.0128,0.7538
SPADES EIGHT DIAMONDS QUEEN,0.7192,0.0348,0.246
SPADES EIGHT HEARTS TWO,0.7444,0.0362,0.2194
HEARTS FOUR CLUBS ACE,0.3974,0.0048,0.5978
DIAMONDS ACE CLUBS ACE,0.1168,0.0036,0.8796
SPADES NINE DIAMONDS QUEEN,0.59,0.0072,0.4028
SPADES NINE HEARTS TWO,0.638,0.008,0.354
HEARTS TWO SPADES TWO,0.4614,0.011,0.5276
DIAMONDS QUEEN SPADES TWO,0.6408,0.0076,0.3516
HEARTS TWO SPADES THREE,0.6612,0.01,0.3288
DIAMONDS QUEEN SPADES THREE,0.6294,0.0062,0.3644
HEARTS TWO SPADES FOUR,0.6474,0.0096,0.343
DIAMONDS QUEEN SPADES FOUR,0.6254,0.0068,0.3678
HEARTS FOUR CLUBS TEN,0.6308,0.0076,0.3616
CLUBS TEN DIAMONDS ACE,0.338,0.0036,0.6584
HEARTS TWO SPADES FIVE,0.6388,0.0086,0.3526
DIAMONDS QUEEN SPADES FIVE,0.6228,0.007,0.3702
HEARTS FOUR CLUBS JACK,0.619,0.0062,0.3748
DIAMONDS ACE CLUBS JACK,0.3394,0.0058,0.6548
CLUBS FIVE CLUBS KING,0.5086,0.2206,0.2708
CLUBS FIVE CLUBS QUEEN,0.5956,0.0054,0.399
CLUBS FIVE CLUBS ACE,0.37,0.0064,0.6236
CLUBS FIVE CLUBS JACK,0.5816,0.0088,0.4096
CLUBS TEN CLUBS FIVE,0.6158,0.0084,0.3758
SPADES QUEEN CLUBS JACK,0.5568,0.0076,0.4356
SPADES ACE CLUBS JACK,0.3272,0.0046,0.6682
SPADES SIX CLUBS KING,0.5532,0.2256,0.2212
SPADES SIX CLUBS QUEEN,0.63,0.0082,0.3618
SPADES EIGHT HEARTS JACK,0.7024,0.0302,0.2674
SPADES SIX CLUBS ACE,0.397,0.0026,0.6004
SPADES EIGHT HEARTS TEN,0.6966,0.028,0.2754
SPADES SIX CLUBS JACK,0.6398,0.0094,0.3508
CLUBS TEN SPADES SIX,0.6186,0.0098,0.3716
SPADES TEN CLUBS JACK,0.5504,0.0076,0.442
SPADES JACK CLUBS JACK,0.2762,0.0058,0.718
SPADES QUEEN CLUBS SEVEN,0.6522,0.0072,0.3406
SPADES ACE CLUBS SEVEN,0.3872,0.0036,0.6092
SPADES SIX HEARTS TEN,0.6294,0.006,0.3646
SPADES SIX HEARTS JACK,0.6288,0.0094,0.3618
SPADES SIX HEARTS ACE,0.4012,0.004,0.5948
SPADES SIX HEARTS KING,0.5422,0.2244,0.2334
SPADES SIX HEARTS QUEEN,0.641,0.0066,0.3524
SPADES JACK CLUBS SEVEN,0.6242,0.0086,0.3672
SPADES TEN CLUBS SEVEN,0.6178,0.007,0.3752
CLUBS TEN HEARTS SIX,0.6212,0.0052,0.3736
HEARTS SIX CLUBS JACK,0.6218,0.007,0.3712
CLUBS ACE CLUBS JACK,0.3318,0.0054,0.6628
HEARTS SIX CLUBS QUEEN,0.6246,0.0056,0.3698
HEARTS SIX CLUBS KING,0.5368,0.2254,0.2378
HEARTS SIX CLUBS ACE,0.3838,0.0044,0.6118
CLUBS QUEEN CLUBS JACK,0.5246,0.0096,0.4658
CLUBS KING CLUBS JACK,0.2194,0.0772,0.7034
DIAMONDS THREE HEARTS ACE,0.398,0.0032,0.5988
DIAMONDS THREE HEARTS QUEEN,0.631,0.0056,0.3634
DIAMONDS THREE HEARTS KING,0.5588,0.2226,0.2186
CLUBS FIVE HEARTS JACK,0.6278,0.006,0.3662
HEARTS FOUR SPADES TEN,0.6368,0.007,0.3562
SPADES TEN DIAMONDS ACE,0.3378,0.0034,0.6588
CLUBS FIVE HEARTS TEN,0.6372,0.0062,0.3566
HEARTS FOUR SPADES JACK,0.6208,0.0096,0.3696
SPADES JACK DIAMONDS ACE,0.344,0.0042,0.6518
SPADES ACE HEARTS FOUR,0.3802,0.0062,0.6136
SPADES ACE DIAMONDS ACE,0.1236,0.0016,0.8748
CLUBS FIVE HEARTS ACE,0.3862,0.0044,0.6094
CLUBS FIVE HEARTS KING,0.5344,0.2366,0.229
SPADES QUEEN DIAMONDS ACE,0.3504,0.0028,0.6468
HEARTS FOUR SPADES QUEEN,0.6356,0.0058,0.3586
SPADES FOUR CLUBS JACK,0.636,0.009,0.355
CLUBS FIVE HEARTS QUEEN,0.6354,0.008,0.3566
CLUBS TEN SPADES FOUR,0.6222,0.0066,0.3712
DIAMONDS QUEEN DIAMONDS ACE,0.3302,0.0042,0.6656
HEARTS TWO DIAMONDS ACE,0.4022,0.0028,0.595
HEARTS FOUR DIAMONDS QUEEN,0.6264,0.0068,0.3668
HEARTS FOUR HEARTS TWO,0.61,0.0076,0.3824
DIAMONDS THREE HEARTS TEN,0.6442,0.0064,0.3494
SPADES FOUR CLUBS KING,0.5336,0.2318,0.2346
HEARTS FIVE DIAMONDS QUEEN,0.62,0.0064,0.3736
HEARTS FIVE HEARTS TWO,0.6044,0.0048,0.3908
DIAMONDS THREE HEARTS JACK,0.6296,0.0076,0.3628
SPADES FOUR CLUBS QUEEN,0.6248,0.0088,0.3664
DIAMONDS QUEEN HEARTS TWO,0.6386,0.0092,0.3522
DIAMONDS KING DIAMONDS QUEEN,0.217,0.0586,0.7244
DIAMONDS KING HEARTS TWO,0.539,0.2392,0.2218
HEARTS THREE DIAMONDS QUEEN,0.6342,0.0068,0.359
HEARTS THREE HEARTS TWO,0.604,0.008,0.388
SPADES FOUR CLUBS ACE,0.3892,0.0056,0.6052
HEARTS TWO CLUBS ACE,0.393,0.0046,0.6024
DIAMONDS QUEEN CLUBS ACE,0.353,0.003,0.644
HEARTS TWO CLUBS QUEEN,0.6212,0.0078,0.371
DIAMONDS QUEEN CLUBS QUEEN,0.2728,0.004,0.7232
HEARTS TWO CLUBS KING,0.5342,0.228,0.2378
DIAMONDS QUEEN CLUBS KING,0.2254,0.065,0.7096
SPADES EIGHT SPADES FIVE,0.673,0.0324,0.2946
CLUBS TEN HEARTS TWO,0.6378,0.0058,0.3564
CLUBS TEN DIAMONDS QUEEN,0.5602,0.0064,0.4334
SPADES NINE SPADES FIVE,0.5802,0.0082,0.4116
HEARTS TWO CLUBS JACK,0.6324,0.0066,0.361
DIAMONDS QUEEN CLUBS JACK,0.5466,0.0074,0.446
SPADES SIX SPADES FIVE,0.5802,0.0074,0.4124
SPADES SEVEN SPADES FIVE,0.6056,0.0056,0.3888
DIAMONDS FIVE CLUBS QUEEN,0.6138,0.0086,0.3776
SPADES EIGHT CLUBS ACE,0.216,0.0246,0.7594
DIAMONDS FIVE CLUBS KING,0.5266,0.235,0.2384
SPADES EIGHT CLUBS KING,0.0086,0.9854,0.006
CLUBS ACE DIAMONDS FIVE,0.3864,0.004,0.6096
SPADES EIGHT CLUBS QUEEN,0.7168,0.0322,0.251
SPADES EIGHT CLUBS JACK,0.7056,0.0326,0.2618
CLUBS TEN SPADES EIGHT,0.6766,0.029,0.2944
CLUBS TEN DIAMONDS FIVE,0.629,0.0064,0.3646
DIAMONDS FIVE CLUBS JACK,0.6288,0.0074,0.3638
HEARTS JACK DIAMONDS TEN,0.5534,0.007,0.4396
DIAMONDS TEN HEARTS TEN,0.3036,0.0056,0.6908
SPADES ACE CLUBS NINE,0.3382,0.0038,0.658
CLUBS NINE SPADES QUEEN,0.5766,0.0048,0.4186
HEARTS SIX HEARTS KING,0.5058,0.2178,0.2764
DIAMONDS KING SPADES SEVEN,0.543,0.225,0.232
HEARTS THREE SPADES SEVEN,0.6586,0.0086,0.3328
HEARTS SIX HEARTS QUEEN,0.5962,0.0062,0.3976
DIAMONDS KING SPADES SIX,0.5366,0.2286,0.2348
HEARTS THREE SPADES SIX,0.6548,0.0062,0.339
SPADES QUEEN DIAMONDS SEVEN,0.636,0.0084,0.3556
SPADES NINE DIAMONDS KING,0.234,0.1652,0.6008
HEARTS THREE SPADES NINE,0.6434,0.0068,0.3498
HEARTS SIX HEARTS ACE,0.3626,0.0038,0.6336
DIAMONDS KING SPADES EIGHT,0.0178,0.9724,0.0098
HEARTS THREE SPADES EIGHT,0.7278,0.0394,0.2328
SPADES ACE DIAMONDS SEVEN,0.3866,0.0042,0.6092
CLUBS NINE HEARTS THREE,0.6384,0.0074,0.3542
CLUBS NINE DIAMONDS KING,0.2192,0.169,0.6118
HEARTS THREE SPADES THREE,0.454,0.0122,0.5338
DIAMONDS KING SPADES THREE,0.5548,0.2228,0.2224
