opposingHand,winningChance,drawChance,lostChance
SPADES ACE HEARTS FOUR
HEARTS FIVE SPADES TEN,0.6114,0.0052,0.3834
HEARTS FIVE SPADES JACK,0.6078,0.0056,0.3866
SPADES FIVE CLUBS JACK,0.6282,0.0062,0.3656
CLUBS TEN SPADES FIVE,0.6132,0.0052,0.3816
CLUBS EIGHT CLUBS JACK,0.5526,0.0026,0.4448
CLUBS TEN CLUBS EIGHT,0.5346,0.0044,0.461
CLUBS EIGHT CLUBS KING,0.5592,0.0044,0.4364
SPADES FIVE CLUBS ACE,0.2244,0.4714,0.3042
CLUBS EIGHT CLUBS QUEEN,0.5582,0.0056,0.4362
SPADES FIVE CLUBS KING,0.6272,0.005,0.3678
SPADES FIVE CLUBS QUEEN,0.6256,0.0052,0.3692
CLUBS EIGHT CLUBS ACE,0.2288,0.2112,0.56
DIAMONDS TWO DIAMONDS THREE,0.6344,0.005,0.3606
DIAMONDS TWO DIAMONDS FIVE,0.6056,0.0036,0.3908
SPADES KING HEARTS FIVE,0.6134,0.005,0.3816
DIAMONDS TWO DIAMONDS FOUR,0.6966,0.019,0.2844
HEARTS FIVE SPADES QUEEN,0.6112,0.007,0.3818
DIAMONDS TWO DIAMONDS SEVEN,0.6096,0.0044,0.386
DIAMONDS TWO DIAMONDS SIX,0.612,0.0048,0.3832
DIAMONDS TWO DIAMONDS NINE,0.604,0.0038,0.3922
DIAMONDS TWO DIAMONDS EIGHT,0.6076,0.0052,0.3872
DIAMONDS THREE DIAMONDS FOUR,0.6776,0.0226,0.2998
SPADES FOUR CLUBS TWO,0.7512,0.0238,0.225
DIAMONDS THREE DIAMONDS FIVE,0.5888,0.0044,0.4068
SPADES FIVE CLUBS TWO,0.6276,0.0066,0.3658
CLUBS TWO SPADES TWO,0.4784,0.0068,0.5148
CLUBS TWO SPADES THREE,0.6706,0.0066,0.3228
DIAMONDS THREE DIAMONDS EIGHT,0.6098,0.0024,0.3878
SPADES EIGHT CLUBS TWO,0.6472,0.0052,0.3476
DIAMONDS THREE DIAMONDS NINE,0.595,0.0042,0.4008
SPADES NINE CLUBS TWO,0.6508,0.0074,0.3418
DIAMONDS THREE DIAMONDS SIX,0.5968,0.0046,0.3986
SPADES SIX CLUBS TWO,0.6496,0.0068,0.3436
DIAMONDS THREE DIAMONDS SEVEN,0.5916,0.0048,0.4036
SPADES SEVEN CLUBS TWO,0.6464,0.0058,0.3478
CLUBS SIX CLUBS TWO,0.6156,0.0038,0.3806
CLUBS SEVEN CLUBS TWO,0.6094,0.0044,0.3862
CLUBS FOUR CLUBS TWO,0.6966,0.0204,0.283
CLUBS FIVE CLUBS TWO,0.5886,0.0044,0.407
CLUBS TEN CLUBS JACK,0.5186,0.003,0.4784
DIAMONDS FOUR DIAMONDS SIX,0.673,0.016,0.311
CLUBS TEN CLUBS QUEEN,0.515,0.0046,0.4804
DIAMONDS FOUR DIAMONDS SEVEN,0.6738,0.0182,0.308
CLUBS TEN CLUBS KING,0.5422,0.0054,0.4524
CLUBS TEN CLUBS ACE,0.2382,0.1198,0.642
CLUBS EIGHT CLUBS TWO,0.599,0.006,0.395
DIAMONDS FIVE DIAMONDS FOUR,0.6596,0.0224,0.318
CLUBS NINE CLUBS TWO,0.6088,0.0042,0.387
DIAMONDS NINE DIAMONDS FOUR,0.6978,0.0202,0.282
DIAMONDS EIGHT DIAMONDS FOUR,0.6896,0.0202,0.2902
CLUBS THREE CLUBS TWO,0.6328,0.004,0.3632
DIAMONDS NINE DIAMONDS FIVE,0.5648,0.0044,0.4308
DIAMONDS TWO CLUBS JACK,0.6428,0.0068,0.3504
DIAMONDS EIGHT DIAMONDS FIVE,0.5702,0.0044,0.4254
CLUBS TEN DIAMONDS TWO,0.646,0.0042,0.3498
DIAMONDS FIVE DIAMONDS SEVEN,0.5444,0.0062,0.4494
DIAMONDS FIVE DIAMONDS SIX,0.5492,0.0052,0.4456
DIAMONDS TWO CLUBS ACE,0.2666,0.5066,0.2268
DIAMONDS TWO CLUBS KING,0.642,0.0062,0.3518
DIAMONDS TWO CLUBS QUEEN,0.6492,0.0046,0.3462
DIAMONDS EIGHT DIAMONDS SIX,0.5658,0.004,0.4302
DIAMONDS NINE DIAMONDS SIX,0.5476,0.005,0.4474
HEARTS ACE SPADES THREE,0.2608,0.5334,0.2058
SPADES THREE HEARTS KING,0.6512,0.005,0.3438
DIAMONDS SEVEN DIAMONDS SIX,0.5308,0.0058,0.4634
SPADES THREE HEARTS QUEEN,0.6534,0.005,0.3416
SPADES THREE HEARTS JACK,0.6504,0.0062,0.3434
SPADES THREE HEARTS TEN,0.6374,0.005,0.3576
DIAMONDS EIGHT DIAMONDS SEVEN,0.5324,0.0034,0.4642
DIAMONDS NINE DIAMONDS SEVEN,0.5278,0.0058,0.4664
DIAMONDS NINE DIAMONDS EIGHT,0.5234,0.0046,0.472
DIAMONDS KING HEARTS TEN,0.5606,0.0026,0.4368
HEARTS THREE HEARTS TEN,0.609,0.0062,0.3848
SPADES JACK CLUBS SIX,0.6128,0.0052,0.382
DIAMONDS KING HEARTS JACK,0.589,0.0062,0.4048
HEARTS THREE HEARTS JACK,0.6188,0.005,0.3762
SPADES TEN CLUBS SIX,0.6078,0.0052,0.387
SPADES JACK SPADES FIVE,0.594,0.0062,0.3998
SPADES TEN SPADES FIVE,0.593,0.006,0.401
DIAMONDS KING HEARTS ACE,0.242,0.0528,0.7052
HEARTS THREE HEARTS ACE,0.257,0.4882,0.2548
DIAMONDS KING HEARTS QUEEN,0.5816,0.006,0.4124
HEARTS THREE HEARTS QUEEN,0.6088,0.0052,0.386
SPADES KING CLUBS SIX,0.6182,0.0034,0.3784
DIAMONDS KING HEARTS KING,0.2818,0.0052,0.713
HEARTS THREE HEARTS KING,0.6096,0.005,0.3854
SPADES QUEEN CLUBS SIX,0.6038,0.0046,0.3916
SPADES NINE HEARTS TEN,0.5456,0.0074,0.447
SPADES NINE HEARTS JACK,0.5714,0.0066,0.422
SPADES QUEEN SPADES FIVE,0.591,0.004,0.405
SPADES KING SPADES FIVE,0.5932,0.0052,0.4016
SPADES NINE HEARTS QUEEN,0.59,0.0072,0.4028
SPADES NINE HEARTS KING,0.5998,0.0042,0.396
SPADES NINE HEARTS ACE,0.2308,0.1764,0.5928
CLUBS TEN SPADES JACK,0.5488,0.0048,0.4464
CLUBS TEN SPADES TEN,0.335,0.0036,0.6614
SPADES KING CLUBS TEN,0.5794,0.0036,0.417
SPADES QUEEN CLUBS TEN,0.5636,0.0048,0.4316
SPADES FIVE HEARTS QUEEN,0.6074,0.0044,0.3882
SPADES FIVE HEARTS KING,0.6166,0.0072,0.3762
SPADES FIVE HEARTS ACE,0.2018,0.472,0.3262
HEARTS THREE SPADES JACK,0.6634,0.0066,0.33
SPADES JACK DIAMONDS KING,0.5866,0.0066,0.4068
SPADES TEN CLUBS EIGHT,0.573,0.0038,0.4232
SPADES JACK CLUBS EIGHT,0.5812,0.0052,0.4136
HEARTS THREE SPADES TEN,0.6542,0.0042,0.3416
SPADES TEN DIAMONDS KING,0.575,0.007,0.418
CLUBS SIX HEARTS ACE,0.2412,0.3788,0.38
HEARTS FIVE CLUBS JACK,0.61,0.0036,0.3864
HEARTS FIVE CLUBS TEN,0.6038,0.008,0.3882
CLUBS SIX HEARTS QUEEN,0.6068,0.0038,0.3894
SPADES QUEEN CLUBS EIGHT,0.5832,0.0058,0.411
CLUBS TEN SPADES THREE,0.6316,0.0052,0.3632
CLUBS SIX HEARTS KING,0.6112,0.0056,0.3832
SPADES KING CLUBS EIGHT,0.6086,0.0046,0.3868
SPADES THREE CLUBS JACK,0.6346,0.0068,0.3586
DIAMONDS TWO HEARTS JACK,0.6414,0.0054,0.3532
SPADES THREE CLUBS QUEEN,0.6478,0.0064,0.3458
DIAMONDS TWO HEARTS TEN,0.6368,0.0032,0.36
SPADES THREE CLUBS KING,0.662,0.003,0.335
HEARTS FIVE CLUBS ACE,0.2116,0.4652,0.3232
SPADES FIVE HEARTS TEN,0.6188,0.0038,0.3774
SPADES THREE CLUBS ACE,0.2632,0.5294,0.2074
HEARTS FIVE CLUBS KING,0.6294,0.0052,0.3654
SPADES FIVE HEARTS JACK,0.6212,0.0068,0.372
HEARTS FIVE CLUBS QUEEN,0.6116,0.0038,0.3846
HEARTS THREE CLUBS KING,0.6398,0.0032,0.357
DIAMONDS KING CLUBS KING,0.302,0.0028,0.6952
HEARTS THREE CLUBS QUEEN,0.6546,0.0078,0.3376
DIAMONDS KING CLUBS QUEEN,0.5694,0.0036,0.427
HEARTS FIVE HEARTS JACK,0.5782,0.0048,0.417
HEARTS FIVE HEARTS TEN,0.5878,0.0048,0.4074
HEARTS THREE CLUBS ACE,0.2606,0.5192,0.2202
DIAMONDS KING CLUBS ACE,0.2688,0.0526,0.6786
SPADES KING CLUBS QUEEN,0.5708,0.0034,0.4258
HEARTS THREE CLUBS JACK,0.6396,0.006,0.3544
DIAMONDS KING CLUBS JACK,0.5698,0.004,0.4262
SPADES QUEEN CLUBS QUEEN,0.3028,0.0038,0.6934
CLUBS TEN HEARTS THREE,0.6492,0.0044,0.3464
CLUBS TEN DIAMONDS KING,0.5704,0.0026,0.427
SPADES JACK CLUBS QUEEN,0.5762,0.0054,0.4184
CLUBS SIX CLUBS QUEEN,0.5604,0.0044,0.4352
SPADES TEN CLUBS QUEEN,0.5742,0.004,0.4218
CLUBS SIX CLUBS KING,0.5712,0.004,0.4248
CLUBS SIX CLUBS ACE,0.2214,0.3622,0.4164
HEARTS FIVE HEARTS KING,0.5892,0.0078,0.403
HEARTS FIVE HEARTS QUEEN,0.5906,0.0072,0.4022
CLUBS TEN CLUBS SIX,0.5636,0.005,0.4314
HEARTS FIVE HEARTS ACE,0.2068,0.443,0.3502
CLUBS SIX CLUBS JACK,0.5636,0.0048,0.4316
SPADES SEVEN HEARTS JACK,0.5832,0.0056,0.4112
SPADES SEVEN HEARTS TEN,0.5768,0.0062,0.417
DIAMONDS TWO CLUBS TWO,0.4706,0.0076,0.5218
DIAMONDS TWO CLUBS THREE,0.6646,0.0086,0.3268
DIAMONDS TWO HEARTS SIX,0.6406,0.0058,0.3536
DIAMONDS TWO HEARTS QUEEN,0.634,0.0054,0.3606
HEARTS SEVEN DIAMONDS TWO,0.6532,0.0054,0.3414
DIAMONDS TWO HEARTS KING,0.6512,0.0062,0.3426
DIAMONDS TWO HEARTS EIGHT,0.6536,0.0056,0.3408
DIAMONDS TWO HEARTS ACE,0.2634,0.5148,0.2218
DIAMONDS TWO HEARTS NINE,0.6382,0.0044,0.3574
DIAMONDS TWO DIAMONDS QUEEN,0.5966,0.0064,0.397
DIAMONDS TWO HEARTS TWO,0.4672,0.0062,0.5266
DIAMONDS TWO DIAMONDS KING,0.6032,0.0064,0.3904
HEARTS THREE DIAMONDS TWO,0.661,0.007,0.332
DIAMONDS TWO DIAMONDS ACE,0.2686,0.468,0.2634
HEARTS FIVE DIAMONDS TWO,0.6344,0.0052,0.3604
SPADES SEVEN HEARTS ACE,0.2406,0.2936,0.4658
DIAMONDS TWO DIAMONDS TEN,0.595,0.0052,0.3998
SPADES SEVEN HEARTS KING,0.6034,0.006,0.3906
DIAMONDS TWO DIAMONDS JACK,0.6142,0.0046,0.3812
SPADES SEVEN HEARTS QUEEN,0.6164,0.004,0.3796
DIAMONDS TWO SPADES NINE,0.6448,0.0058,0.3494
DIAMONDS TWO SPADES EIGHT,0.661,0.0048,0.3342
DIAMONDS TWO SPADES SEVEN,0.6618,0.007,0.3312
DIAMONDS TWO SPADES SIX,0.6628,0.0058,0.3314
DIAMONDS TWO SPADES FIVE,0.6464,0.0048,0.3488
DIAMONDS TWO SPADES FOUR,0.7482,0.0264,0.2254
DIAMONDS TWO SPADES THREE,0.676,0.0044,0.3196
DIAMONDS TWO SPADES TWO,0.4732,0.0058,0.521
CLUBS NINE DIAMONDS TWO,0.6418,0.0034,0.3548
DIAMONDS TWO CLUBS EIGHT,0.6518,0.0036,0.3446
CLUBS SEVEN DIAMONDS TWO,0.655,0.004,0.341
DIAMONDS TWO CLUBS SIX,0.6416,0.0068,0.3516
DIAMONDS TWO CLUBS FIVE,0.6286,0.0046,0.3668
DIAMONDS TWO CLUBS FOUR,0.7448,0.0236,0.2316
CLUBS FOUR SPADES FIVE,0.7056,0.022,0.2724
CLUBS FOUR SPADES FOUR,0.3274,0.0228,0.6498
CLUBS FOUR SPADES THREE,0.7388,0.0224,0.2388
CLUBS FOUR SPADES TWO,0.742,0.0254,0.2326
SPADES NINE CLUBS FOUR,0.7524,0.02,0.2276
SPADES EIGHT CLUBS FOUR,0.7278,0.0248,0.2474
SPADES SEVEN CLUBS FOUR,0.7312,0.018,0.2508
SPADES SIX CLUBS FOUR,0.7382,0.015,0.2468
SPADES QUEEN DIAMONDS SIX,0.6096,0.003,0.3874
SPADES KING DIAMONDS SIX,0.6194,0.0064,0.3742
SPADES TEN DIAMONDS SIX,0.6032,0.0046,0.3922
SPADES JACK DIAMONDS SIX,0.6142,0.0052,0.3806
SPADES QUEEN SPADES TWO,0.6282,0.0048,0.367
SPADES KING SPADES TWO,0.6278,0.004,0.3682
DIAMONDS JACK CLUBS JACK,0.325,0.0036,0.6714
CLUBS TEN DIAMONDS JACK,0.5476,0.0036,0.4488
DIAMONDS JACK CLUBS KING,0.573,0.0038,0.4232
DIAMONDS JACK CLUBS QUEEN,0.5612,0.0034,0.4354
DIAMONDS THREE DIAMONDS JACK,0.6132,0.0066,0.3802
DIAMONDS THREE DIAMONDS TEN,0.6018,0.0044,0.3938
DIAMONDS JACK CLUBS ACE,0.2528,0.0872,0.66
DIAMONDS THREE DIAMONDS KING,0.6084,0.005,0.3866
HEARTS THREE DIAMONDS THREE,0.4692,0.0056,0.5252
DIAMONDS THREE DIAMONDS QUEEN,0.6052,0.0054,0.3894
DIAMONDS THREE HEARTS TWO,0.6674,0.0058,0.3268
HEARTS FIVE DIAMONDS THREE,0.6042,0.0054,0.3904
DIAMONDS THREE DIAMONDS ACE,0.2438,0.4956,0.2606
HEARTS SEVEN DIAMONDS THREE,0.627,0.0064,0.3666
SPADES TEN SPADES NINE,0.5338,0.0044,0.4618
HEARTS SIX DIAMONDS THREE,0.6274,0.0056,0.367
SPADES JACK SPADES NINE,0.5382,0.0064,0.4554
DIAMONDS THREE HEARTS NINE,0.6438,0.0064,0.3498
HEARTS JACK DIAMONDS FOUR,0.733,0.0254,0.2416
HEARTS ACE HEARTS KING,0.253,0.049,0.698
SPADES TEN SPADES TWO,0.6182,0.0046,0.3772
DIAMONDS THREE HEARTS EIGHT,0.6486,0.0076,0.3438
HEARTS TEN DIAMONDS FOUR,0.733,0.0218,0.2452
SPADES JACK SPADES TWO,0.6298,0.0056,0.3646
HEARTS QUEEN DIAMONDS FOUR,0.748,0.0238,0.2282
HEARTS KING DIAMONDS FOUR,0.7384,0.028,0.2336
HEARTS ACE DIAMONDS FOUR,0.0124,0.9724,0.0152
SPADES KING SPADES NINE,0.5538,0.0064,0.4398
SPADES QUEEN SPADES NINE,0.5522,0.0068,0.441
DIAMONDS THREE SPADES NINE,0.643,0.0042,0.3528
DIAMONDS THREE SPADES EIGHT,0.6558,0.0052,0.339
DIAMONDS THREE SPADES SEVEN,0.6454,0.0026,0.352
DIAMONDS THREE SPADES SIX,0.6362,0.0076,0.3562
DIAMONDS THREE CLUBS SIX,0.6396,0.0046,0.3558
CLUBS FIVE CLUBS SIX,0.5594,0.006,0.4346
CLUBS ACE DIAMONDS FOUR,0.0224,0.9554,0.0222
CLUBS SEVEN DIAMONDS THREE,0.6502,0.0048,0.345
CLUBS SEVEN CLUBS FIVE,0.553,0.0058,0.4412
DIAMONDS THREE CLUBS FOUR,0.722,0.0218,0.2562
DIAMONDS FOUR CLUBS QUEEN,0.7362,0.028,0.2358
DIAMONDS THREE CLUBS FIVE,0.6202,0.006,0.3738
CLUBS KING DIAMONDS FOUR,0.741,0.0282,0.2308
DIAMONDS THREE CLUBS TWO,0.671,0.005,0.324
CLUBS TEN DIAMONDS FOUR,0.7434,0.0234,0.2332
DIAMONDS THREE CLUBS THREE,0.4652,0.0052,0.5296
DIAMONDS FOUR CLUBS JACK,0.7256,0.0274,0.247
DIAMONDS THREE SPADES FOUR,0.7304,0.024,0.2456
DIAMONDS THREE SPADES FIVE,0.6176,0.0052,0.3772
DIAMONDS THREE SPADES TWO,0.6688,0.0076,0.3236
DIAMONDS THREE SPADES THREE,0.4746,0.0048,0.5206
CLUBS EIGHT DIAMONDS THREE,0.6374,0.005,0.3576
CLUBS NINE DIAMONDS THREE,0.6498,0.0042,0.346
SPADES SEVEN CLUBS ACE,0.251,0.2986,0.4504
SPADES SEVEN CLUBS QUEEN,0.6018,0.0038,0.3944
SPADES SEVEN CLUBS KING,0.6104,0.0034,0.3862
CLUBS FIVE SPADES SEVEN,0.603,0.0038,0.3932
CLUBS TEN SPADES SEVEN,0.5848,0.0036,0.4116
CLUBS FIVE SPADES SIX,0.5818,0.0036,0.4146
SPADES SEVEN CLUBS JACK,0.5962,0.006,0.3978
SPADES NINE CLUBS FIVE,0.6092,0.0052,0.3856
CLUBS FIVE SPADES EIGHT,0.603,0.0038,0.3932
CLUBS FIVE SPADES THREE,0.6194,0.0054,0.3752
CLUBS FIVE SPADES TWO,0.6416,0.0044,0.354
CLUBS FIVE SPADES FIVE,0.3682,0.0042,0.6276
CLUBS FIVE SPADES FOUR,0.7062,0.025,0.2688
CLUBS NINE CLUBS FIVE,0.5694,0.0038,0.4268
CLUBS EIGHT CLUBS FIVE,0.5696,0.006,0.4244
CLUBS ACE CLUBS QUEEN,0.2436,0.0614,0.695
CLUBS KING CLUBS QUEEN,0.5458,0.0038,0.4504
DIAMONDS TEN DIAMONDS FOUR,0.703,0.0214,0.2756
CLUBS TEN DIAMONDS NINE,0.5668,0.0054,0.4278
DIAMONDS JACK DIAMONDS FOUR,0.6968,0.0228,0.2804
DIAMONDS NINE CLUBS JACK,0.561,0.0046,0.4344
SPADES NINE CLUBS JACK,0.5624,0.0056,0.432
CLUBS TEN SPADES NINE,0.5634,0.0032,0.4334
DIAMONDS ACE DIAMONDS FOUR,0.0228,0.9052,0.072
DIAMONDS JACK HEARTS TEN,0.5554,0.0048,0.4398
SPADES NINE CLUBS KING,0.5952,0.0054,0.3994
DIAMONDS TWO SPADES TEN,0.64,0.0064,0.3536
DIAMONDS NINE CLUBS ACE,0.2448,0.1778,0.5774
HEARTS FIVE DIAMONDS FOUR,0.7076,0.0232,0.2692
DIAMONDS JACK HEARTS JACK,0.3154,0.003,0.6816
SPADES NINE CLUBS QUEEN,0.5794,0.0034,0.4172
SPADES JACK DIAMONDS TWO,0.648,0.0066,0.3454
DIAMONDS QUEEN DIAMONDS FOUR,0.6886,0.0206,0.2908
HEARTS TWO DIAMONDS FOUR,0.737,0.0224,0.2406
DIAMONDS NINE CLUBS QUEEN,0.5796,0.0046,0.4158
DIAMONDS KING DIAMONDS FOUR,0.683,0.026,0.291
HEARTS THREE DIAMONDS FOUR,0.7366,0.0242,0.2392
SPADES NINE CLUBS ACE,0.2574,0.1692,0.5734
DIAMONDS NINE CLUBS KING,0.593,0.0048,0.4022
HEARTS ACE DIAMONDS JACK,0.2484,0.081,0.6706
HEARTS QUEEN DIAMONDS JACK,0.5694,0.0052,0.4254
SPADES QUEEN DIAMONDS TWO,0.6504,0.0042,0.3454
DIAMONDS JACK HEARTS KING,0.5636,0.005,0.4314
SPADES KING DIAMONDS TWO,0.6672,0.006,0.3268
SPADES JACK SPADES SEVEN,0.5698,0.0056,0.4246
SPADES TEN SPADES SEVEN,0.5546,0.0062,0.4392
CLUBS SEVEN CLUBS THREE,0.6056,0.0058,0.3886
CLUBS SIX CLUBS THREE,0.5996,0.005,0.3954
CLUBS FIVE CLUBS THREE,0.5904,0.0032,0.4064
CLUBS THREE CLUBS FOUR,0.6856,0.02,0.2944
CLUBS NINE CLUBS THREE,0.607,0.004,0.389
CLUBS EIGHT CLUBS THREE,0.6038,0.0064,0.3898
CLUBS THREE SPADES FIVE,0.641,0.0056,0.3534
CLUBS THREE SPADES FOUR,0.7396,0.0196,0.2408
CLUBS THREE SPADES THREE,0.4532,0.0054,0.5414
CLUBS THREE SPADES TWO,0.6782,0.0054,0.3164
CLUBS THREE SPADES SIX,0.6424,0.005,0.3526
SPADES SEVEN CLUBS THREE,0.651,0.0066,0.3424
SPADES EIGHT CLUBS THREE,0.6466,0.0056,0.3478
SPADES NINE CLUBS THREE,0.6474,0.0052,0.3474
SPADES TWO DIAMONDS FOUR,0.736,0.0252,0.2388
SPADES THREE DIAMONDS FOUR,0.7306,0.0212,0.2482
SPADES FOUR DIAMONDS FOUR,0.3424,0.0214,0.6362
SPADES FIVE DIAMONDS FOUR,0.7074,0.0178,0.2748
SPADES SIX DIAMONDS FOUR,0.728,0.0188,0.2532
SPADES SEVEN DIAMONDS FOUR,0.7132,0.0194,0.2674
SPADES EIGHT DIAMONDS FOUR,0.724,0.021,0.255
SPADES NINE DIAMONDS FOUR,0.7428,0.0198,0.2374
CLUBS FIVE DIAMONDS FOUR,0.7228,0.019,0.2582
CLUBS FOUR DIAMONDS FOUR,0.3314,0.0206,0.648
CLUBS SEVEN DIAMONDS FOUR,0.715,0.0162,0.2688
CLUBS SIX DIAMONDS FOUR,0.7248,0.0172,0.258
CLUBS NINE DIAMONDS FOUR,0.7474,0.0182,0.2344
CLUBS EIGHT DIAMONDS FOUR,0.7286,0.019,0.2524
HEARTS SEVEN DIAMONDS FOUR,0.7126,0.0164,0.271
HEARTS SIX DIAMONDS FOUR,0.7284,0.017,0.2546
DIAMONDS FOUR HEARTS NINE,0.7366,0.0194,0.244
DIAMONDS FOUR HEARTS EIGHT,0.724,0.0182,0.2578
CLUBS THREE DIAMONDS FOUR,0.7292,0.0212,0.2496
CLUBS TWO DIAMONDS FOUR,0.7356,0.0264,0.238
DIAMONDS TEN DIAMONDS FIVE,0.5814,0.0042,0.4144
DIAMONDS JACK DIAMONDS FIVE,0.5728,0.0034,0.4238
DIAMONDS NINE HEARTS QUEEN,0.5624,0.0044,0.4332
DIAMONDS NINE HEARTS KING,0.5908,0.0034,0.4058
HEARTS ACE DIAMONDS NINE,0.2574,0.1636,0.579
DIAMONDS NINE HEARTS TEN,0.5516,0.005,0.4434
DIAMONDS NINE HEARTS JACK,0.5604,0.0014,0.4382
CLUBS KING DIAMONDS SIX,0.605,0.0032,0.3918
CLUBS QUEEN DIAMONDS SIX,0.6072,0.0028,0.39
CLUBS ACE DIAMONDS SIX,0.256,0.373,0.371
SPADES KING DIAMONDS FOUR,0.7464,0.0212,0.2324
SPADES QUEEN DIAMONDS FOUR,0.74,0.0248,0.2352
SPADES QUEEN SPADES SEVEN,0.5802,0.0048,0.415
CLUBS JACK DIAMONDS SIX,0.6022,0.0034,0.3944
SPADES KING SPADES SEVEN,0.5656,0.0064,0.428
CLUBS TEN DIAMONDS SIX,0.5986,0.0044,0.397
CLUBS NINE CLUBS FOUR,0.6988,0.0198,0.2814
CLUBS EIGHT CLUBS FOUR,0.6894,0.0156,0.295
SPADES JACK DIAMONDS FOUR,0.7484,0.0252,0.2264
SPADES TEN DIAMONDS FOUR,0.7432,0.0232,0.2336
CLUBS FIVE CLUBS FOUR,0.662,0.0226,0.3154
CLUBS SEVEN CLUBS FOUR,0.6536,0.0178,0.3286
CLUBS SIX CLUBS FOUR,0.6714,0.0154,0.3132
CLUBS SEVEN SPADES EIGHT,0.57,0.0046,0.4254
CLUBS SEVEN SPADES NINE,0.5766,0.0046,0.4188
CLUBS SEVEN SPADES SIX,0.5822,0.0054,0.4124
CLUBS SEVEN SPADES SEVEN,0.3606,0.0052,0.6342
CLUBS SEVEN SPADES FIVE,0.5972,0.0042,0.3986
CLUBS SEVEN SPADES FOUR,0.7186,0.0186,0.2628
CLUBS SEVEN SPADES THREE,0.6534,0.0046,0.342
CLUBS SEVEN SPADES TWO,0.66,0.005,0.335
CLUBS NINE CLUBS SEVEN,0.5538,0.0036,0.4426
CLUBS SEVEN CLUBS EIGHT,0.5338,0.0048,0.4614
HEARTS SIX DIAMONDS FIVE,0.5812,0.0052,0.4136
HEARTS SEVEN DIAMONDS FIVE,0.5942,0.004,0.4018
DIAMONDS FIVE HEARTS EIGHT,0.598,0.0032,0.3988
DIAMONDS FIVE HEARTS NINE,0.6044,0.0056,0.39
DIAMONDS QUEEN DIAMONDS FIVE,0.5806,0.0052,0.4142
HEARTS TWO DIAMONDS FIVE,0.6372,0.0068,0.356
HEARTS KING HEARTS EIGHT,0.5656,0.0044,0.43
DIAMONDS KING DIAMONDS FIVE,0.5818,0.006,0.4122
HEARTS THREE DIAMONDS FIVE,0.639,0.0038,0.3572
HEARTS QUEEN HEARTS EIGHT,0.5428,0.007,0.4502
DIAMONDS ACE DIAMONDS FIVE,0.2054,0.4354,0.3592
HEARTS FIVE DIAMONDS FIVE,0.3514,0.0054,0.6432
HEARTS ACE HEARTS EIGHT,0.2378,0.2142,0.548
CLUBS FOUR DIAMONDS FIVE,0.7098,0.019,0.2712
CLUBS FIVE DIAMONDS FIVE,0.3628,0.0052,0.632
CLUBS SIX DIAMONDS FIVE,0.5864,0.0052,0.4084
CLUBS SEVEN DIAMONDS FIVE,0.5912,0.005,0.4038
CLUBS TWO DIAMONDS FIVE,0.6202,0.006,0.3738
CLUBS THREE DIAMONDS FIVE,0.6342,0.004,0.3618
SPADES THREE DIAMONDS FIVE,0.6274,0.005,0.3676
SPADES TWO DIAMONDS FIVE,0.6382,0.0054,0.3564
SPADES JACK DIAMONDS EIGHT,0.591,0.0044,0.4046
SPADES FIVE DIAMONDS FIVE,0.3586,0.006,0.6354
CLUBS TEN HEARTS JACK,0.5542,0.0052,0.4406
SPADES TEN DIAMONDS EIGHT,0.5618,0.0062,0.432
SPADES FOUR DIAMONDS FIVE,0.702,0.0226,0.2754
HEARTS JACK CLUBS JACK,0.2992,0.005,0.6958
HEARTS JACK CLUBS QUEEN,0.551,0.0048,0.4442
CLUBS NINE DIAMONDS FIVE,0.6078,0.0058,0.3864
CLUBS KING HEARTS JACK,0.5686,0.0042,0.4272
CLUBS EIGHT DIAMONDS FIVE,0.5982,0.0052,0.3966
CLUBS ACE HEARTS JACK,0.2514,0.0888,0.6598
SPADES SEVEN DIAMONDS FIVE,0.6014,0.005,0.3936
SPADES KING DIAMONDS EIGHT,0.594,0.0044,0.4016
SPADES SIX DIAMONDS FIVE,0.5908,0.0062,0.403
SPADES QUEEN DIAMONDS EIGHT,0.5856,0.0034,0.411
SPADES NINE DIAMONDS FIVE,0.6046,0.0048,0.3906
SPADES EIGHT DIAMONDS FIVE,0.6016,0.005,0.3934
DIAMONDS TEN DIAMONDS SIX,0.567,0.004,0.429
HEARTS ACE DIAMONDS SEVEN,0.2432,0.2858,0.471
DIAMONDS JACK DIAMONDS SIX,0.5516,0.0042,0.4442
HEARTS QUEEN DIAMONDS SEVEN,0.5916,0.0054,0.403
HEARTS KING DIAMONDS SEVEN,0.6082,0.0034,0.3884
DIAMONDS ACE DIAMONDS SIX,0.228,0.3532,0.4188
SPADES TWO HEARTS JACK,0.6496,0.0052,0.3452
HEARTS FIVE DIAMONDS SIX,0.5982,0.0026,0.3992
SPADES TWO HEARTS TEN,0.6314,0.0056,0.363
DIAMONDS QUEEN DIAMONDS SIX,0.5622,0.0062,0.4316
HEARTS TWO DIAMONDS SIX,0.6474,0.0048,0.3478
DIAMONDS KING DIAMONDS SIX,0.5596,0.0042,0.4362
HEARTS THREE DIAMONDS SIX,0.6292,0.0066,0.3642
HEARTS EIGHT DIAMONDS SIX,0.5812,0.0058,0.413
HEARTS NINE DIAMONDS SIX,0.589,0.0034,0.4076
HEARTS SIX DIAMONDS SIX,0.3602,0.005,0.6348
HEARTS SEVEN DIAMONDS SIX,0.5714,0.003,0.4256
HEARTS TEN DIAMONDS SEVEN,0.5774,0.0058,0.4168
CLUBS TWO DIAMONDS SIX,0.631,0.0042,0.3648
HEARTS JACK DIAMONDS SEVEN,0.5824,0.0048,0.4128
CLUBS THREE DIAMONDS SIX,0.6398,0.0058,0.3544
CLUBS SEVEN DIAMONDS SIX,0.5788,0.004,0.4172
DIAMONDS EIGHT CLUBS JACK,0.5862,0.0044,0.4094
CLUBS SIX DIAMONDS SIX,0.3604,0.0034,0.6362
CLUBS TEN DIAMONDS EIGHT,0.576,0.0042,0.4198
CLUBS FIVE DIAMONDS SIX,0.599,0.0038,0.3972
CLUBS FOUR DIAMONDS SIX,0.736,0.0168,0.2472
HEARTS ACE HEARTS JACK,0.2578,0.0852,0.657
DIAMONDS EIGHT CLUBS ACE,0.2376,0.2384,0.524
HEARTS QUEEN HEARTS JACK,0.532,0.004,0.464
DIAMONDS EIGHT CLUBS KING,0.603,0.004,0.393
CLUBS NINE DIAMONDS SIX,0.576,0.0022,0.4218
HEARTS KING HEARTS JACK,0.5406,0.0052,0.4542
DIAMONDS EIGHT CLUBS QUEEN,0.5832,0.0044,0.4124
CLUBS EIGHT DIAMONDS SIX,0.5752,0.0034,0.4214
SPADES TEN HEARTS KING,0.5854,0.0054,0.4092
SPADES FIVE DIAMONDS SIX,0.5834,0.004,0.4126
HEARTS ACE SPADES TWO,0.258,0.5322,0.2098
SPADES JACK HEARTS KING,0.589,0.007,0.404
SPADES FOUR DIAMONDS SIX,0.7258,0.0194,0.2548
SPADES THREE DIAMONDS SIX,0.632,0.0056,0.3624
HEARTS QUEEN SPADES TWO,0.6436,0.0064,0.35
SPADES TWO HEARTS KING,0.6466,0.005,0.3484
SPADES TWO DIAMONDS SIX,0.661,0.0044,0.3346
HEARTS TEN HEARTS EIGHT,0.542,0.007,0.451
SPADES NINE DIAMONDS SIX,0.5722,0.0048,0.423
HEARTS JACK HEARTS EIGHT,0.555,0.0048,0.4402
SPADES EIGHT DIAMONDS SIX,0.589,0.0054,0.4056
SPADES SEVEN DIAMONDS SIX,0.5744,0.0034,0.4222
SPADES SIX DIAMONDS SIX,0.3596,0.0042,0.6362
SPADES KING HEARTS KING,0.2976,0.0038,0.6986
SPADES QUEEN HEARTS KING,0.5854,0.0056,0.409
CLUBS ACE CLUBS KING,0.248,0.0466,0.7054
SPADES QUEEN HEARTS JACK,0.568,0.0054,0.4266
SPADES KING HEARTS JACK,0.5796,0.0058,0.4146
SPADES TEN DIAMONDS TEN,0.3244,0.0044,0.6712
SPADES JACK DIAMONDS TEN,0.557,0.0048,0.4382
SPADES JACK HEARTS JACK,0.321,0.0032,0.6758
SPADES TEN HEARTS JACK,0.551,0.0044,0.4446
SPADES QUEEN DIAMONDS TEN,0.5616,0.0042,0.4342
SPADES KING DIAMONDS TEN,0.5772,0.0054,0.4174
SPADES NINE DIAMONDS SEVEN,0.5638,0.0042,0.432
SPADES EIGHT DIAMONDS SEVEN,0.5616,0.0038,0.4346
SPADES SEVEN DIAMONDS SEVEN,0.3516,0.0044,0.644
SPADES SIX DIAMONDS SEVEN,0.5738,0.0044,0.4218
DIAMONDS KING DIAMONDS SEVEN,0.5592,0.0068,0.434
HEARTS THREE DIAMONDS SEVEN,0.6388,0.0046,0.3566
HEARTS KING DIAMONDS FIVE,0.621,0.0052,0.3738
DIAMONDS QUEEN DIAMONDS SEVEN,0.553,0.0028,0.4442
HEARTS TWO DIAMONDS SEVEN,0.669,0.0054,0.3256
HEARTS QUEEN DIAMONDS FIVE,0.6186,0.0068,0.3746
HEARTS FIVE DIAMONDS SEVEN,0.5978,0.0048,0.3974
DIAMONDS ACE DIAMONDS SEVEN,0.2344,0.2882,0.4774
HEARTS ACE DIAMONDS FIVE,0.2094,0.4746,0.316
HEARTS SEVEN DIAMONDS SEVEN,0.3512,0.0042,0.6446
HEARTS SIX DIAMONDS SEVEN,0.5676,0.004,0.4284
DIAMONDS SEVEN HEARTS NINE,0.5722,0.005,0.4228
HEARTS EIGHT DIAMONDS SEVEN,0.5566,0.0042,0.4392
DIAMONDS JACK DIAMONDS SEVEN,0.5556,0.003,0.4414
DIAMONDS FIVE HEARTS JACK,0.615,0.0036,0.3814
DIAMONDS TEN DIAMONDS SEVEN,0.5506,0.0042,0.4452
HEARTS TEN DIAMONDS FIVE,0.6124,0.0044,0.3832
SPADES KING CLUBS TWO,0.6586,0.0074,0.334
HEARTS KING CLUBS KING,0.286,0.0042,0.7098
CLUBS EIGHT DIAMONDS SEVEN,0.567,0.0028,0.4302
SPADES QUEEN CLUBS TWO,0.649,0.0054,0.3456
HEARTS KING CLUBS QUEEN,0.5876,0.0046,0.4078
CLUBS NINE DIAMONDS SEVEN,0.5788,0.0038,0.4174
SPADES TWO CLUBS JACK,0.6534,0.0058,0.3408
CLUBS TEN SPADES TWO,0.6506,0.0052,0.3442
HEARTS KING CLUBS ACE,0.258,0.0518,0.6902
CLUBS SEVEN CLUBS SIX,0.533,0.0038,0.4632
SPADES TWO CLUBS KING,0.648,0.0062,0.3458
SPADES TWO DIAMONDS SEVEN,0.6562,0.0046,0.3392
CLUBS EIGHT CLUBS SIX,0.5438,0.0028,0.4534
SPADES THREE DIAMONDS SEVEN,0.6404,0.0054,0.3542
SPADES TWO CLUBS QUEEN,0.6646,0.0048,0.3306
CLUBS NINE CLUBS SIX,0.5474,0.0042,0.4484
SPADES FOUR DIAMONDS SEVEN,0.708,0.0192,0.2728
HEARTS KING CLUBS JACK,0.5658,0.0036,0.4306
SPADES FIVE DIAMONDS SEVEN,0.59,0.0044,0.4056
SPADES TWO CLUBS ACE,0.2842,0.503,0.2128
CLUBS TEN HEARTS KING,0.5682,0.0046,0.4272
CLUBS SIX SPADES TWO,0.6618,0.0042,0.334
CLUBS SIX SPADES THREE,0.6422,0.006,0.3518
CLUBS TWO DIAMONDS SEVEN,0.643,0.0046,0.3524
CLUBS SIX SPADES FOUR,0.741,0.0168,0.2422
CLUBS THREE DIAMONDS SEVEN,0.6448,0.0038,0.3514
CLUBS SIX SPADES FIVE,0.5926,0.0058,0.4016
CLUBS FOUR DIAMONDS SEVEN,0.7094,0.02,0.2706
CLUBS SIX SPADES SIX,0.3696,0.0048,0.6256
CLUBS FIVE DIAMONDS SEVEN,0.601,0.0032,0.3958
CLUBS SIX SPADES SEVEN,0.5876,0.0034,0.409
CLUBS SIX DIAMONDS SEVEN,0.574,0.005,0.421
SPADES EIGHT CLUBS SIX,0.5784,0.0048,0.4168
SPADES JACK CLUBS TWO,0.6406,0.0062,0.3532
CLUBS SEVEN DIAMONDS SEVEN,0.3652,0.0032,0.6316
SPADES NINE CLUBS SIX,0.603,0.0038,0.3932
SPADES TEN CLUBS TWO,0.6486,0.0064,0.345
CLUBS TWO CLUBS QUEEN,0.6094,0.0054,0.3852
CLUBS TWO CLUBS KING,0.6058,0.006,0.3882
CLUBS THREE DIAMONDS EIGHT,0.654,0.0026,0.3434
CLUBS TWO CLUBS ACE,0.2506,0.4922,0.2572
CLUBS TWO DIAMONDS EIGHT,0.6498,0.005,0.3452
HEARTS SEVEN DIAMONDS EIGHT,0.5544,0.0038,0.4418
HEARTS SIX DIAMONDS EIGHT,0.5824,0.0048,0.4128
DIAMONDS EIGHT HEARTS NINE,0.5604,0.0034,0.4362
CLUBS TEN CLUBS TWO,0.5998,0.0046,0.3956
DIAMONDS EIGHT HEARTS EIGHT,0.3516,0.003,0.6454
CLUBS TWO CLUBS JACK,0.5986,0.0052,0.3962
CLUBS NINE DIAMONDS EIGHT,0.5656,0.005,0.4294
CLUBS EIGHT DIAMONDS EIGHT,0.3604,0.0044,0.6352
CLUBS FIVE DIAMONDS EIGHT,0.6008,0.0042,0.395
CLUBS FOUR DIAMONDS EIGHT,0.7308,0.02,0.2492
CLUBS SEVEN DIAMONDS EIGHT,0.5614,0.0018,0.4368
SPADES QUEEN SPADES THREE,0.6232,0.0044,0.3724
CLUBS SIX DIAMONDS EIGHT,0.5708,0.0038,0.4254
SPADES KING SPADES THREE,0.6228,0.0056,0.3716
DIAMONDS QUEEN DIAMONDS EIGHT,0.5648,0.0036,0.4316
HEARTS TWO DIAMONDS EIGHT,0.655,0.0046,0.3404
DIAMONDS KING DIAMONDS EIGHT,0.5558,0.0052,0.439
HEARTS THREE DIAMONDS EIGHT,0.6536,0.0046,0.3418
DIAMONDS ACE DIAMONDS EIGHT,0.2398,0.2134,0.5468
HEARTS FIVE DIAMONDS EIGHT,0.6036,0.0046,0.3918
DIAMONDS EIGHT DIAMONDS TEN,0.5324,0.0038,0.4638
DIAMONDS EIGHT DIAMONDS JACK,0.5392,0.0036,0.4572
SPADES JACK SPADES THREE,0.6168,0.0056,0.3776
SPADES TEN SPADES THREE,0.6094,0.0056,0.385
CLUBS FOUR HEARTS ACE,0.0082,0.9762,0.0156
CLUBS FOUR HEARTS QUEEN,0.7328,0.0286,0.2386
CLUBS FOUR HEARTS KING,0.7468,0.0232,0.23
CLUBS SIX HEARTS TEN,0.5948,0.0042,0.401
CLUBS SIX HEARTS JACK,0.614,0.0028,0.3832
SPADES FOUR DIAMONDS EIGHT,0.7328,0.0196,0.2476
SPADES FIVE DIAMONDS EIGHT,0.6004,0.0054,0.3942
DIAMONDS EIGHT SPADES TWO,0.6536,0.0042,0.3422
DIAMONDS EIGHT SPADES THREE,0.6604,0.0046,0.335
CLUBS FOUR HEARTS JACK,0.7338,0.0278,0.2384
SPADES EIGHT DIAMONDS EIGHT,0.3498,0.0028,0.6474
SPADES JACK HEARTS EIGHT,0.574,0.0048,0.4212
SPADES TEN HEARTS TWO,0.6498,0.0056,0.3446
SPADES TEN DIAMONDS QUEEN,0.5678,0.0034,0.4288
CLUBS FOUR HEARTS TEN,0.7426,0.0252,0.2322
SPADES NINE DIAMONDS EIGHT,0.5614,0.0026,0.436
SPADES JACK HEARTS TWO,0.6596,0.0048,0.3356
SPADES JACK DIAMONDS QUEEN,0.5694,0.0052,0.4254
SPADES TEN HEARTS EIGHT,0.5744,0.0046,0.421
SPADES SIX DIAMONDS EIGHT,0.5848,0.005,0.4102
SPADES SEVEN DIAMONDS EIGHT,0.573,0.003,0.424
SPADES QUEEN DIAMONDS QUEEN,0.3132,0.0048,0.682
SPADES QUEEN HEARTS TWO,0.6598,0.0068,0.3334
SPADES KING HEARTS EIGHT,0.5986,0.005,0.3964
SPADES QUEEN HEARTS EIGHT,0.5926,0.0044,0.403
SPADES KING HEARTS TWO,0.6632,0.0054,0.3314
SPADES KING DIAMONDS QUEEN,0.5696,0.0054,0.425
CLUBS TWO HEARTS TEN,0.6394,0.005,0.3556
CLUBS TWO HEARTS JACK,0.6554,0.0048,0.3398
SPADES SEVEN DIAMONDS NINE,0.5598,0.0052,0.435
SPADES SIX DIAMONDS NINE,0.5838,0.0034,0.4128
SPADES NINE DIAMONDS NINE,0.3342,0.0054,0.6604
SPADES EIGHT DIAMONDS NINE,0.5548,0.0048,0.4404
SPADES TEN CLUBS KING,0.5812,0.0046,0.4142
DIAMONDS NINE SPADES THREE,0.6484,0.0046,0.347
SPADES JACK CLUBS KING,0.5794,0.005,0.4156
DIAMONDS NINE SPADES TWO,0.6428,0.0042,0.353
SPADES FIVE DIAMONDS NINE,0.611,0.0072,0.3818
DIAMONDS NINE SPADES FOUR,0.7564,0.0204,0.2232
CLUBS NINE DIAMONDS NINE,0.3402,0.0038,0.656
CLUBS EIGHT DIAMONDS NINE,0.551,0.0046,0.4444
CLUBS SIX DIAMONDS NINE,0.5904,0.0026,0.407
SPADES JACK CLUBS FOUR,0.7432,0.0248,0.232
CLUBS SEVEN DIAMONDS NINE,0.5692,0.0028,0.428
SPADES TEN CLUBS FOUR,0.751,0.0214,0.2276
CLUBS FOUR DIAMONDS NINE,0.7506,0.0166,0.2328
CLUBS FIVE DIAMONDS NINE,0.6168,0.0038,0.3794
DIAMONDS NINE CLUBS TWO,0.6506,0.0038,0.3456
CLUBS THREE DIAMONDS NINE,0.6394,0.0034,0.3572
DIAMONDS NINE HEARTS EIGHT,0.5598,0.0058,0.4344
DIAMONDS NINE HEARTS NINE,0.3364,0.0052,0.6584
HEARTS SIX DIAMONDS NINE,0.5774,0.0036,0.419
HEARTS SEVEN DIAMONDS NINE,0.5758,0.005,0.4192
CLUBS NINE CLUBS EIGHT,0.5232,0.0046,0.4722
DIAMONDS ACE DIAMONDS NINE,0.237,0.155,0.608
HEARTS FIVE DIAMONDS NINE,0.6182,0.0058,0.376
HEARTS ACE CLUBS TWO,0.2596,0.5172,0.2232
DIAMONDS QUEEN DIAMONDS NINE,0.5394,0.0054,0.4552
HEARTS TWO DIAMONDS NINE,0.656,0.0052,0.3388
CLUBS TWO HEARTS KING,0.646,0.0058,0.3482
SPADES KING CLUBS FOUR,0.745,0.0244,0.2306
DIAMONDS KING DIAMONDS NINE,0.5436,0.0046,0.4518
HEARTS THREE DIAMONDS NINE,0.6412,0.0042,0.3546
CLUBS TWO HEARTS QUEEN,0.6484,0.0068,0.3448
SPADES QUEEN CLUBS FOUR,0.748,0.0228,0.2292
DIAMONDS NINE DIAMONDS JACK,0.5368,0.0042,0.459
CLUBS EIGHT SPADES NINE,0.5544,0.003,0.4426
DIAMONDS NINE DIAMONDS TEN,0.5194,0.0032,0.4774
CLUBS EIGHT SPADES EIGHT,0.3576,0.0052,0.6372
CLUBS EIGHT SPADES SEVEN,0.5656,0.0036,0.4308
CLUBS EIGHT SPADES SIX,0.587,0.0038,0.4092
CLUBS EIGHT SPADES FIVE,0.6004,0.0064,0.3932
CLUBS EIGHT SPADES FOUR,0.731,0.0212,0.2478
CLUBS EIGHT SPADES THREE,0.6456,0.005,0.3494
CLUBS EIGHT SPADES TWO,0.6488,0.0054,0.3458
HEARTS SIX DIAMONDS TEN,0.6058,0.0042,0.39
HEARTS SEVEN DIAMONDS TEN,0.5836,0.0032,0.4132
DIAMONDS TEN HEARTS EIGHT,0.5666,0.004,0.4294
CLUBS FOUR CLUBS JACK,0.6992,0.0272,0.2736
DIAMONDS TEN HEARTS NINE,0.5562,0.006,0.4378
CLUBS TEN CLUBS FOUR,0.6958,0.022,0.2822
CLUBS FOUR CLUBS KING,0.7098,0.0208,0.2694
CLUBS FOUR CLUBS QUEEN,0.6998,0.0232,0.277
CLUBS TWO DIAMONDS TEN,0.6398,0.0056,0.3546
CLUBS THREE DIAMONDS TEN,0.643,0.0052,0.3518
CLUBS FOUR CLUBS ACE,0.0242,0.905,0.0708
DIAMONDS JACK DIAMONDS TEN,0.5092,0.0032,0.4876
DIAMONDS QUEEN DIAMONDS TEN,0.5236,0.005,0.4714
HEARTS TWO DIAMONDS TEN,0.6526,0.0034,0.344
DIAMONDS KING DIAMONDS TEN,0.5318,0.0042,0.464
HEARTS THREE DIAMONDS TEN,0.6382,0.0056,0.3562
DIAMONDS ACE DIAMONDS TEN,0.2368,0.1118,0.6514
CLUBS EIGHT HEARTS JACK,0.5878,0.0026,0.4096
HEARTS FIVE DIAMONDS TEN,0.6172,0.0038,0.379
CLUBS EIGHT HEARTS TEN,0.568,0.0066,0.4254
CLUBS EIGHT HEARTS QUEEN,0.602,0.0054,0.3926
CLUBS EIGHT HEARTS KING,0.5944,0.0034,0.4022
CLUBS EIGHT HEARTS ACE,0.24,0.2296,0.5304
CLUBS NINE SPADES THREE,0.6618,0.0056,0.3326
CLUBS NINE SPADES TWO,0.648,0.0036,0.3484
CLUBS NINE SPADES FIVE,0.6132,0.004,0.3828
CLUBS NINE SPADES FOUR,0.7534,0.0196,0.227
CLUBS NINE SPADES SEVEN,0.5592,0.0038,0.437
CLUBS NINE SPADES SIX,0.5986,0.0042,0.3972
CLUBS NINE SPADES NINE,0.344,0.0046,0.6514
CLUBS TEN HEARTS EIGHT,0.5718,0.0036,0.4246
CLUBS NINE SPADES EIGHT,0.5696,0.0036,0.4268
HEARTS EIGHT CLUBS JACK,0.5664,0.0054,0.4282
CLUBS QUEEN HEARTS EIGHT,0.5934,0.0042,0.4024
CLUBS KING HEARTS EIGHT,0.5956,0.007,0.3974
CLUBS ACE HEARTS EIGHT,0.2312,0.2272,0.5416
SPADES KING CLUBS KING,0.298,0.0042,0.6978
SPADES QUEEN CLUBS KING,0.5804,0.005,0.4146
DIAMONDS ACE HEARTS TEN,0.246,0.1196,0.6344
DIAMONDS ACE HEARTS JACK,0.2442,0.0936,0.6622
SPADES KING CLUBS FIVE,0.6276,0.0034,0.369
SPADES QUEEN CLUBS FIVE,0.6112,0.0062,0.3826
HEARTS SEVEN DIAMONDS JACK,0.6006,0.0048,0.3946
HEARTS SIX DIAMONDS JACK,0.6038,0.0038,0.3924
DIAMONDS JACK HEARTS NINE,0.548,0.004,0.448
DIAMONDS JACK HEARTS EIGHT,0.5812,0.0034,0.4154
DIAMONDS KING DIAMONDS JACK,0.5378,0.0052,0.457
HEARTS THREE DIAMONDS JACK,0.65,0.0048,0.3452
HEARTS ACE SPADES FOUR,0.0056,0.9884,0.006
DIAMONDS QUEEN DIAMONDS JACK,0.5234,0.0056,0.471
HEARTS TWO DIAMONDS JACK,0.661,0.0038,0.3352
HEARTS FIVE DIAMONDS JACK,0.6136,0.0042,0.3822
SPADES QUEEN SPADES SIX,0.5702,0.0046,0.4252
SPADES FOUR HEARTS QUEEN,0.7516,0.027,0.2214
DIAMONDS ACE DIAMONDS JACK,0.245,0.0824,0.6726
SPADES KING SPADES SIX,0.5766,0.005,0.4184
SPADES FOUR HEARTS KING,0.737,0.026,0.237
SPADES TEN SPADES SIX,0.566,0.006,0.428
SPADES JACK SPADES SIX,0.6026,0.0046,0.3928
SPADES FOUR DIAMONDS JACK,0.7412,0.0244,0.2344
SPADES FIVE DIAMONDS JACK,0.6212,0.0038,0.375
DIAMONDS JACK SPADES TWO,0.6508,0.0048,0.3444
SPADES THREE DIAMONDS JACK,0.6466,0.0062,0.3472
SPADES QUEEN DIAMONDS THREE,0.647,0.0066,0.3464
CLUBS EIGHT DIAMONDS JACK,0.5858,0.0054,0.4088
SPADES KING DIAMONDS THREE,0.6546,0.0058,0.3396
CLUBS NINE DIAMONDS JACK,0.5692,0.003,0.4278
CLUBS SIX DIAMONDS JACK,0.606,0.0036,0.3904
CLUBS SEVEN DIAMONDS JACK,0.602,0.0032,0.3948
CLUBS FOUR DIAMONDS JACK,0.7338,0.0242,0.242
CLUBS FIVE DIAMONDS JACK,0.6156,0.0032,0.3812
CLUBS TWO DIAMONDS JACK,0.653,0.0048,0.3422
CLUBS THREE DIAMONDS JACK,0.641,0.005,0.354
SPADES JACK HEARTS SIX,0.6072,0.0052,0.3876
SPADES TEN CLUBS FIVE,0.6168,0.0032,0.38
SPADES JACK CLUBS FIVE,0.6254,0.0056,0.369
SPADES TEN HEARTS SIX,0.609,0.0048,0.3862
SPADES JACK DIAMONDS THREE,0.6494,0.0044,0.3462
CLUBS SEVEN CLUBS ACE,0.223,0.2838,0.4932
SPADES TEN DIAMONDS THREE,0.6532,0.0056,0.3412
CLUBS SEVEN CLUBS QUEEN,0.5516,0.0028,0.4456
CLUBS SEVEN CLUBS KING,0.559,0.004,0.437
SPADES NINE DIAMONDS JACK,0.5766,0.0038,0.4196
CLUBS TEN CLUBS SEVEN,0.539,0.0052,0.4558
DIAMONDS ACE HEARTS ACE,0.0696,0.0148,0.9156
SPADES EIGHT DIAMONDS JACK,0.585,0.0036,0.4114
CLUBS SEVEN CLUBS JACK,0.5536,0.0036,0.4428
DIAMONDS ACE HEARTS KING,0.2622,0.052,0.6858
SPADES SEVEN DIAMONDS JACK,0.6094,0.0048,0.3858
SPADES KING HEARTS SIX,0.5998,0.0066,0.3936
DIAMONDS ACE HEARTS QUEEN,0.247,0.0664,0.6866
SPADES SIX DIAMONDS JACK,0.611,0.0066,0.3824
SPADES QUEEN HEARTS SIX,0.6022,0.0038,0.394
SPADES TWO DIAMONDS TEN,0.658,0.0042,0.3378
SPADES THREE DIAMONDS TEN,0.6488,0.0042,0.347
SPADES FOUR DIAMONDS TEN,0.744,0.0252,0.2308
SPADES FIVE DIAMONDS TEN,0.6248,0.004,0.3712
SPADES SIX DIAMONDS TEN,0.5958,0.0034,0.4008
SPADES SEVEN DIAMONDS TEN,0.5802,0.0056,0.4142
SPADES EIGHT DIAMONDS TEN,0.5736,0.004,0.4224
SPADES NINE DIAMONDS TEN,0.5616,0.0056,0.4328
CLUBS FOUR DIAMONDS TEN,0.7254,0.026,0.2486
CLUBS FIVE DIAMONDS TEN,0.6228,0.0042,0.373
CLUBS SIX DIAMONDS TEN,0.5966,0.0028,0.4006
CLUBS SEVEN DIAMONDS TEN,0.5778,0.003,0.4192
CLUBS EIGHT DIAMONDS TEN,0.5686,0.0036,0.4278
CLUBS NINE DIAMONDS TEN,0.5524,0.0036,0.444
DIAMONDS THREE CLUBS JACK,0.6512,0.0044,0.3444
CLUBS TEN DIAMONDS THREE,0.656,0.0046,0.3394
DIAMONDS THREE CLUBS KING,0.6478,0.0048,0.3474
DIAMONDS THREE CLUBS QUEEN,0.6412,0.0042,0.3546
DIAMONDS THREE CLUBS ACE,0.2662,0.5174,0.2164
SPADES FOUR HEARTS JACK,0.7502,0.0258,0.224
SPADES FOUR HEARTS TEN,0.7416,0.0282,0.2302
SPADES FIVE SPADES TWO,0.6028,0.0058,0.3914
SPADES FOUR SPADES TWO,0.7158,0.0234,0.2608
SPADES THREE SPADES TWO,0.6542,0.0098,0.336
SPADES NINE SPADES TWO,0.6144,0.0062,0.3794
SPADES EIGHT SPADES TWO,0.6294,0.0064,0.3642
SPADES SEVEN SPADES TWO,0.6202,0.006,0.3738
SPADES SIX SPADES TWO,0.6206,0.0066,0.3728
DIAMONDS QUEEN CLUBS THREE,0.658,0.0032,0.3388
CLUBS THREE HEARTS TWO,0.6654,0.0076,0.327
DIAMONDS QUEEN CLUBS TWO,0.6466,0.004,0.3494
HEARTS TWO CLUBS TWO,0.4668,0.0066,0.5266
HEARTS SEVEN DIAMONDS QUEEN,0.6018,0.0056,0.3926
HEARTS SEVEN HEARTS TWO,0.6202,0.007,0.3728
HEARTS SIX DIAMONDS QUEEN,0.5952,0.005,0.3998
HEARTS SIX HEARTS TWO,0.604,0.0062,0.3898
DIAMONDS QUEEN HEARTS NINE,0.573,0.0032,0.4238
HEARTS TWO HEARTS NINE,0.6178,0.004,0.3782
DIAMONDS QUEEN HEARTS EIGHT,0.604,0.0038,0.3922
HEARTS TWO HEARTS EIGHT,0.625,0.0054,0.3696
CLUBS NINE HEARTS TWO,0.6476,0.0046,0.3478
CLUBS NINE DIAMONDS QUEEN,0.5656,0.0044,0.43
CLUBS EIGHT HEARTS TWO,0.6572,0.0064,0.3364
CLUBS EIGHT DIAMONDS QUEEN,0.586,0.0036,0.4104
CLUBS FIVE DIAMONDS QUEEN,0.6144,0.003,0.3826
CLUBS FIVE HEARTS TWO,0.6406,0.0042,0.3552
SPADES EIGHT HEARTS ACE,0.2486,0.2246,0.5268
DIAMONDS QUEEN CLUBS FOUR,0.7476,0.0222,0.2302
HEARTS TWO CLUBS FOUR,0.7506,0.0214,0.228
CLUBS SEVEN DIAMONDS QUEEN,0.5988,0.0028,0.3984
CLUBS SEVEN HEARTS TWO,0.6542,0.0036,0.3422
SPADES EIGHT HEARTS QUEEN,0.5938,0.0072,0.399
CLUBS SIX DIAMONDS QUEEN,0.6116,0.0038,0.3846
CLUBS SIX HEARTS TWO,0.643,0.0042,0.3528
SPADES EIGHT HEARTS KING,0.6144,0.0052,0.3804
DIAMONDS QUEEN SPADES SIX,0.6106,0.0046,0.3848
HEARTS TWO SPADES SIX,0.6526,0.0076,0.3398
DIAMONDS ACE CLUBS QUEEN,0.2676,0.0598,0.6726
DIAMONDS QUEEN SPADES SEVEN,0.6056,0.0046,0.3898
SPADES SEVEN HEARTS TWO,0.6634,0.007,0.3296
DIAMONDS ACE CLUBS KING,0.2552,0.0518,0.693
SPADES EIGHT DIAMONDS QUEEN,0.6046,0.004,0.3914
SPADES EIGHT HEARTS TWO,0.6672,0.0068,0.326
DIAMONDS ACE CLUBS ACE,0.0782,0.012,0.9098
SPADES NINE DIAMONDS QUEEN,0.5762,0.0056,0.4182
SPADES NINE HEARTS TWO,0.656,0.0072,0.3368
HEARTS TWO SPADES TWO,0.47,0.005,0.525
DIAMONDS QUEEN SPADES TWO,0.6502,0.0048,0.345
HEARTS TWO SPADES THREE,0.685,0.0048,0.3102
DIAMONDS QUEEN SPADES THREE,0.6482,0.0044,0.3474
HEARTS TWO SPADES FOUR,0.7628,0.0224,0.2148
DIAMONDS QUEEN SPADES FOUR,0.739,0.0276,0.2334
CLUBS TEN DIAMONDS ACE,0.2474,0.1144,0.6382
HEARTS TWO SPADES FIVE,0.6374,0.0104,0.3522
DIAMONDS QUEEN SPADES FIVE,0.6178,0.0054,0.3768
DIAMONDS ACE CLUBS JACK,0.2498,0.0926,0.6576
CLUBS FIVE CLUBS KING,0.574,0.0068,0.4192
CLUBS FIVE CLUBS QUEEN,0.5824,0.0042,0.4134
CLUBS FIVE CLUBS ACE,0.2012,0.4392,0.3596
CLUBS FIVE CLUBS JACK,0.5704,0.0062,0.4234
CLUBS TEN CLUBS FIVE,0.5816,0.0042,0.4142
SPADES KING CLUBS JACK,0.5752,0.0052,0.4196
SPADES QUEEN CLUBS JACK,0.5704,0.0034,0.4262
SPADES SIX CLUBS KING,0.613,0.006,0.381
SPADES SIX CLUBS QUEEN,0.6076,0.003,0.3894
SPADES EIGHT HEARTS JACK,0.5848,0.0048,0.4104
SPADES SIX CLUBS ACE,0.2482,0.3748,0.377
SPADES EIGHT HEARTS TEN,0.5652,0.0054,0.4294
SPADES SIX CLUBS JACK,0.6092,0.0048,0.386
CLUBS TEN SPADES SIX,0.607,0.0034,0.3896
SPADES TEN CLUBS JACK,0.552,0.0038,0.4442
SPADES JACK CLUBS JACK,0.315,0.004,0.681
SPADES QUEEN CLUBS SEVEN,0.614,0.005,0.381
SPADES KING CLUBS SEVEN,0.6072,0.0046,0.3882
SPADES SIX HEARTS TEN,0.6034,0.0052,0.3914
SPADES SIX HEARTS JACK,0.609,0.0046,0.3864
SPADES SIX HEARTS ACE,0.2396,0.3942,0.3662
SPADES SIX HEARTS KING,0.6062,0.0052,0.3886
SPADES SIX HEARTS QUEEN,0.6032,0.0058,0.391
SPADES JACK CLUBS SEVEN,0.592,0.0042,0.4038
CLUBS SEVEN SPADES TEN,0.5882,0.0044,0.4074
CLUBS TEN HEARTS SIX,0.6046,0.006,0.3894
HEARTS SIX CLUBS JACK,0.5964,0.0022,0.4014
CLUBS ACE CLUBS JACK,0.2402,0.0814,0.6784
HEARTS SIX CLUBS QUEEN,0.5946,0.0028,0.4026
HEARTS SIX CLUBS KING,0.6032,0.0048,0.392
HEARTS SIX CLUBS ACE,0.2358,0.3782,0.386
CLUBS QUEEN CLUBS JACK,0.5372,0.0054,0.4574
CLUBS KING CLUBS JACK,0.5366,0.0054,0.458
DIAMONDS THREE HEARTS ACE,0.2554,0.5206,0.224
DIAMONDS THREE HEARTS QUEEN,0.6456,0.0048,0.3496
DIAMONDS THREE HEARTS KING,0.6514,0.0046,0.344
CLUBS FIVE HEARTS JACK,0.6164,0.0042,0.3794
SPADES TEN DIAMONDS ACE,0.2596,0.1138,0.6266
CLUBS FIVE HEARTS TEN,0.6066,0.0048,0.3886
SPADES JACK DIAMONDS ACE,0.25,0.0848,0.6652
CLUBS FIVE HEARTS ACE,0.226,0.4652,0.3088
CLUBS FIVE HEARTS KING,0.623,0.0052,0.3718
SPADES QUEEN DIAMONDS ACE,0.2572,0.0688,0.674
SPADES FOUR CLUBS JACK,0.7406,0.025,0.2344
CLUBS FIVE HEARTS QUEEN,0.6076,0.0032,0.3892
SPADES KING DIAMONDS ACE,0.2676,0.05,0.6824
CLUBS TEN SPADES FOUR,0.7376,0.0236,0.2388
DIAMONDS QUEEN DIAMONDS ACE,0.2418,0.0602,0.698
HEARTS TWO DIAMONDS ACE,0.2786,0.5108,0.2106
DIAMONDS THREE HEARTS TEN,0.6348,0.0056,0.3596
SPADES FOUR CLUBS KING,0.7472,0.0314,0.2214
HEARTS FIVE DIAMONDS QUEEN,0.6122,0.0054,0.3824
HEARTS FIVE HEARTS TWO,0.604,0.0072,0.3888
DIAMONDS THREE HEARTS JACK,0.6438,0.0058,0.3504
SPADES FOUR CLUBS QUEEN,0.74,0.0234,0.2366
DIAMONDS QUEEN HEARTS TWO,0.6386,0.0052,0.3562
DIAMONDS KING DIAMONDS QUEEN,0.552,0.0048,0.4432
DIAMONDS KING HEARTS TWO,0.6592,0.005,0.3358
HEARTS THREE DIAMONDS QUEEN,0.6508,0.0064,0.3428
HEARTS THREE HEARTS TWO,0.6462,0.0064,0.3474
SPADES FOUR CLUBS ACE,0.0152,0.971,0.0138
HEARTS TWO CLUBS ACE,0.2626,0.521,0.2164
DIAMONDS QUEEN CLUBS ACE,0.258,0.0642,0.6778
HEARTS TWO CLUBS QUEEN,0.6382,0.0048,0.357
DIAMONDS QUEEN CLUBS QUEEN,0.3104,0.0058,0.6838
HEARTS TWO CLUBS KING,0.6512,0.0052,0.3436
DIAMONDS QUEEN CLUBS KING,0.5654,0.0044,0.4302
SPADES EIGHT SPADES FIVE,0.578,0.0066,0.4154
CLUBS TEN HEARTS TWO,0.6418,0.005,0.3532
CLUBS TEN DIAMONDS QUEEN,0.5504,0.003,0.4466
SPADES NINE SPADES FIVE,0.5806,0.0066,0.4128
HEARTS TWO CLUBS JACK,0.655,0.0054,0.3396
DIAMONDS QUEEN CLUBS JACK,0.5712,0.005,0.4238
SPADES SIX SPADES FIVE,0.5684,0.0064,0.4252
SPADES SEVEN SPADES FIVE,0.5628,0.0062,0.431
DIAMONDS FIVE CLUBS QUEEN,0.6122,0.004,0.3838
SPADES EIGHT CLUBS ACE,0.258,0.2218,0.5202
DIAMONDS FIVE CLUBS KING,0.6154,0.003,0.3816
SPADES EIGHT CLUBS KING,0.6064,0.0026,0.391
CLUBS ACE DIAMONDS FIVE,0.2154,0.4704,0.3142
SPADES EIGHT CLUBS QUEEN,0.6098,0.0034,0.3868
SPADES EIGHT CLUBS JACK,0.5872,0.0046,0.4082
CLUBS TEN SPADES EIGHT,0.5682,0.0036,0.4282
CLUBS TEN DIAMONDS FIVE,0.6154,0.0038,0.3808
DIAMONDS FIVE CLUBS JACK,0.6268,0.003,0.3702
DIAMONDS TEN HEARTS JACK,0.5426,0.0046,0.4528
DIAMONDS TEN HEARTS TEN,0.3226,0.0046,0.6728
CLUBS NINE SPADES QUEEN,0.5878,0.004,0.4082
SPADES KING CLUBS NINE,0.5872,0.0052,0.4076
HEARTS SIX HEARTS KING,0.571,0.0058,0.4232
DIAMONDS KING SPADES SEVEN,0.6082,0.0044,0.3874
