opposingHand,winningChance,drawChance,lostChance
SPADES TEN SPADES NINE
SPADES JACK HEARTS FIVE,0.4636,0.0164,0.52
SPADES FIVE CLUBS JACK,0.485,0.0162,0.4988
SPADES FIVE CLUBS TEN,0.6212,0.165,0.2138
CLUBS EIGHT CLUBS JACK,0.4304,0.0136,0.556
CLUBS EIGHT CLUBS TEN,0.5902,0.1548,0.255
CLUBS EIGHT CLUBS KING,0.4498,0.007,0.5432
SPADES FIVE CLUBS ACE,0.463,0.0056,0.5314
CLUBS EIGHT CLUBS QUEEN,0.4506,0.0086,0.5408
SPADES FIVE CLUBS KING,0.48,0.0086,0.5114
SPADES FIVE CLUBS QUEEN,0.4726,0.0148,0.5126
CLUBS EIGHT CLUBS ACE,0.4246,0.0042,0.5712
DIAMONDS TWO DIAMONDS THREE,0.6274,0.0234,0.3492
DIAMONDS TWO DIAMONDS FIVE,0.6276,0.0208,0.3516
SPADES KING HEARTS FIVE,0.4774,0.0068,0.5158
DIAMONDS TWO DIAMONDS FOUR,0.6128,0.024,0.3632
SPADES QUEEN HEARTS FIVE,0.4764,0.0094,0.5142
DIAMONDS TWO DIAMONDS SEVEN,0.6452,0.0242,0.3306
DIAMONDS TWO DIAMONDS SIX,0.6436,0.0188,0.3376
SPADES ACE HEARTS FIVE,0.4492,0.0032,0.5476
DIAMONDS TWO DIAMONDS NINE,0.6692,0.069,0.2618
DIAMONDS TWO DIAMONDS EIGHT,0.6568,0.0236,0.3196
DIAMONDS THREE DIAMONDS FOUR,0.6068,0.0174,0.3758
CLUBS TWO SPADES FOUR,0.6622,0.0226,0.3152
DIAMONDS THREE DIAMONDS FIVE,0.5984,0.0208,0.3808
CLUBS TWO SPADES FIVE,0.6666,0.0262,0.3072
CLUBS TWO SPADES TWO,0.4804,0.0488,0.4708
CLUBS TWO SPADES THREE,0.6704,0.027,0.3026
DIAMONDS THREE DIAMONDS EIGHT,0.656,0.0192,0.3248
SPADES EIGHT CLUBS TWO,0.6918,0.0206,0.2876
DIAMONDS THREE DIAMONDS NINE,0.6648,0.0696,0.2656
DIAMONDS THREE DIAMONDS SIX,0.6344,0.0212,0.3444
SPADES SIX CLUBS TWO,0.6744,0.0234,0.3022
DIAMONDS THREE DIAMONDS SEVEN,0.6278,0.0228,0.3494
SPADES SEVEN CLUBS TWO,0.679,0.027,0.294
CLUBS SIX CLUBS TWO,0.6496,0.0216,0.3288
CLUBS SEVEN CLUBS TWO,0.6488,0.0226,0.3286
CLUBS FOUR CLUBS TWO,0.6162,0.0202,0.3636
CLUBS FIVE CLUBS TWO,0.6254,0.0266,0.348
CLUBS JACK CLUBS TEN,0.2782,0.0494,0.6724
DIAMONDS FOUR DIAMONDS SIX,0.6158,0.0244,0.3598
CLUBS QUEEN CLUBS TEN,0.2916,0.0396,0.6688
DIAMONDS FOUR DIAMONDS SEVEN,0.6278,0.0208,0.3514
CLUBS KING CLUBS TEN,0.284,0.0342,0.6818
CLUBS ACE CLUBS TEN,0.2892,0.023,0.6878
CLUBS EIGHT CLUBS TWO,0.653,0.0246,0.3224
DIAMONDS FIVE DIAMONDS FOUR,0.6038,0.02,0.3762
CLUBS NINE CLUBS TWO,0.6876,0.0712,0.2412
DIAMONDS NINE DIAMONDS FOUR,0.6678,0.0708,0.2614
DIAMONDS EIGHT DIAMONDS FOUR,0.637,0.0214,0.3416
CLUBS TWO CLUBS THREE,0.6242,0.023,0.3528
DIAMONDS NINE DIAMONDS FIVE,0.6734,0.0722,0.2544
DIAMONDS TWO CLUBS JACK,0.4772,0.0164,0.5064
DIAMONDS EIGHT DIAMONDS FIVE,0.6356,0.021,0.3434
DIAMONDS TWO CLUBS TEN,0.636,0.1606,0.2034
DIAMONDS FIVE DIAMONDS SEVEN,0.6164,0.019,0.3646
DIAMONDS FIVE DIAMONDS SIX,0.6076,0.0248,0.3676
DIAMONDS TWO CLUBS ACE,0.4704,0.0058,0.5238
DIAMONDS TWO CLUBS KING,0.4916,0.0084,0.5
DIAMONDS TWO CLUBS QUEEN,0.4814,0.0094,0.5092
DIAMONDS EIGHT DIAMONDS SIX,0.6326,0.0238,0.3436
DIAMONDS NINE DIAMONDS SIX,0.6616,0.0758,0.2626
SPADES THREE HEARTS ACE,0.4626,0.0058,0.5316
HEARTS KING SPADES THREE,0.4676,0.0066,0.5258
DIAMONDS SEVEN DIAMONDS SIX,0.6088,0.0208,0.3704
SPADES THREE HEARTS QUEEN,0.4882,0.0112,0.5006
SPADES THREE HEARTS JACK,0.4624,0.0164,0.5212
SPADES THREE HEARTS TEN,0.607,0.1712,0.2218
DIAMONDS EIGHT DIAMONDS SEVEN,0.6092,0.0206,0.3702
DIAMONDS NINE DIAMONDS SEVEN,0.6638,0.0676,0.2686
DIAMONDS NINE DIAMONDS EIGHT,0.6646,0.0648,0.2706
DIAMONDS KING HEARTS TEN,0.3022,0.0292,0.6686
HEARTS THREE HEARTS TEN,0.5872,0.1554,0.2574
CLUBS SIX SPADES JACK,0.4592,0.0148,0.526
DIAMONDS KING HEARTS JACK,0.4086,0.0052,0.5862
HEARTS THREE HEARTS JACK,0.4516,0.0164,0.532
SPADES JACK SPADES FIVE,0.441,0.0166,0.5424
DIAMONDS KING HEARTS ACE,0.402,0.003,0.595
HEARTS THREE HEARTS ACE,0.4482,0.0054,0.5464
SPADES ACE CLUBS SIX,0.445,0.0046,0.5504
DIAMONDS KING HEARTS QUEEN,0.404,0.0072,0.5888
HEARTS THREE HEARTS QUEEN,0.4614,0.0124,0.5262
SPADES KING CLUBS SIX,0.4654,0.0096,0.525
DIAMONDS KING HEARTS KING,0.2152,0.009,0.7758
HEARTS THREE HEARTS KING,0.4518,0.0078,0.5404
SPADES QUEEN CLUBS SIX,0.4668,0.0124,0.5208
SPADES QUEEN SPADES FIVE,0.4294,0.011,0.5596
SPADES KING SPADES FIVE,0.4174,0.0094,0.5732
SPADES ACE SPADES FIVE,0.4234,0.0052,0.5714
SPADES JACK CLUBS TEN,0.283,0.0536,0.6634
SPADES ACE CLUBS TEN,0.2858,0.0218,0.6924
SPADES KING CLUBS TEN,0.2914,0.0322,0.6764
SPADES QUEEN CLUBS TEN,0.2856,0.0448,0.6696
SPADES FIVE HEARTS QUEEN,0.4704,0.0098,0.5198
SPADES FIVE HEARTS KING,0.471,0.0076,0.5214
SPADES FIVE HEARTS ACE,0.4744,0.0036,0.522
HEARTS THREE SPADES JACK,0.4716,0.0132,0.5152
SPADES JACK DIAMONDS KING,0.378,0.0072,0.6148
CLUBS EIGHT SPADES JACK,0.429,0.0168,0.5542
SPADES ACE CLUBS EIGHT,0.4516,0.0044,0.544
HEARTS FIVE CLUBS JACK,0.4892,0.0146,0.4962
CLUBS SIX HEARTS ACE,0.488,0.0058,0.5062
HEARTS FIVE CLUBS TEN,0.63,0.1612,0.2088
CLUBS EIGHT SPADES QUEEN,0.4398,0.0118,0.5484
SPADES THREE CLUBS TEN,0.627,0.1624,0.2106
CLUBS SIX HEARTS QUEEN,0.4818,0.0112,0.507
CLUBS EIGHT SPADES KING,0.4538,0.0082,0.538
SPADES THREE CLUBS JACK,0.4742,0.0162,0.5096
CLUBS SIX HEARTS KING,0.4904,0.0078,0.5018
DIAMONDS TWO HEARTS JACK,0.4824,0.013,0.5046
SPADES THREE CLUBS QUEEN,0.4788,0.0112,0.51
DIAMONDS TWO HEARTS TEN,0.627,0.166,0.207
SPADES THREE CLUBS KING,0.481,0.0062,0.5128
HEARTS FIVE CLUBS ACE,0.4826,0.0046,0.5128
SPADES FIVE HEARTS TEN,0.6178,0.1608,0.2214
SPADES THREE CLUBS ACE,0.47,0.0052,0.5248
HEARTS FIVE CLUBS KING,0.485,0.0072,0.5078
SPADES FIVE HEARTS JACK,0.4812,0.014,0.5048
HEARTS FIVE CLUBS QUEEN,0.481,0.011,0.508
HEARTS THREE CLUBS KING,0.4754,0.007,0.5176
DIAMONDS KING CLUBS KING,0.2178,0.0098,0.7724
HEARTS THREE CLUBS QUEEN,0.4842,0.0072,0.5086
DIAMONDS KING CLUBS QUEEN,0.412,0.006,0.582
HEARTS FIVE HEARTS JACK,0.455,0.0152,0.5298
HEARTS FIVE HEARTS TEN,0.5882,0.1492,0.2626
HEARTS THREE CLUBS ACE,0.4752,0.0042,0.5206
DIAMONDS KING CLUBS ACE,0.414,0.0036,0.5824
SPADES ACE CLUBS QUEEN,0.4004,0.0022,0.5974
SPADES KING CLUBS QUEEN,0.3828,0.0076,0.6096
HEARTS THREE CLUBS JACK,0.486,0.0126,0.5014
DIAMONDS KING CLUBS JACK,0.3928,0.0056,0.6016
SPADES QUEEN CLUBS QUEEN,0.2084,0.0184,0.7732
HEARTS THREE CLUBS TEN,0.6192,0.1664,0.2144
DIAMONDS KING CLUBS TEN,0.3102,0.0352,0.6546
SPADES JACK CLUBS QUEEN,0.3676,0.0084,0.624
CLUBS SIX CLUBS QUEEN,0.4528,0.012,0.5352
CLUBS SIX CLUBS KING,0.4502,0.0074,0.5424
CLUBS SIX CLUBS ACE,0.4688,0.0044,0.5268
HEARTS FIVE HEARTS KING,0.4416,0.0072,0.5512
HEARTS FIVE HEARTS QUEEN,0.4504,0.009,0.5406
CLUBS SIX CLUBS TEN,0.5852,0.1552,0.2596
HEARTS FIVE HEARTS ACE,0.4482,0.0038,0.548
CLUBS SIX CLUBS JACK,0.4516,0.0166,0.5318
SPADES SEVEN HEARTS JACK,0.4536,0.0196,0.5268
SPADES SEVEN HEARTS TEN,0.6134,0.1654,0.2212
DIAMONDS TWO CLUBS TWO,0.4936,0.0424,0.464
DIAMONDS TWO CLUBS THREE,0.6724,0.021,0.3066
HEARTS SIX DIAMONDS TWO,0.6904,0.0218,0.2878
DIAMONDS TWO HEARTS QUEEN,0.471,0.0134,0.5156
DIAMONDS TWO HEARTS SEVEN,0.6896,0.0254,0.285
DIAMONDS TWO HEARTS KING,0.4862,0.0072,0.5066
DIAMONDS TWO HEARTS EIGHT,0.7062,0.0254,0.2684
DIAMONDS TWO HEARTS ACE,0.4734,0.0046,0.522
DIAMONDS TWO HEARTS NINE,0.723,0.0768,0.2002
DIAMONDS TWO DIAMONDS QUEEN,0.4582,0.012,0.5298
DIAMONDS TWO HEARTS TWO,0.4878,0.0438,0.4684
DIAMONDS TWO DIAMONDS KING,0.4582,0.0084,0.5334
HEARTS THREE DIAMONDS TWO,0.6644,0.0234,0.3122
DIAMONDS TWO DIAMONDS ACE,0.4484,0.0042,0.5474
HEARTS FOUR DIAMONDS TWO,0.6578,0.0192,0.323
DIAMONDS TWO HEARTS FIVE,0.6656,0.0212,0.3132
SPADES SEVEN HEARTS ACE,0.4538,0.003,0.5432
DIAMONDS TWO DIAMONDS TEN,0.5898,0.1566,0.2536
SPADES SEVEN HEARTS KING,0.4682,0.0086,0.5232
DIAMONDS TWO DIAMONDS JACK,0.4536,0.0164,0.53
SPADES SEVEN HEARTS QUEEN,0.4532,0.01,0.5368
DIAMONDS TWO SPADES EIGHT,0.6982,0.023,0.2788
DIAMONDS TWO SPADES SEVEN,0.694,0.0228,0.2832
DIAMONDS TWO SPADES SIX,0.6734,0.0252,0.3014
DIAMONDS TWO SPADES FIVE,0.6564,0.0278,0.3158
DIAMONDS TWO SPADES FOUR,0.6522,0.0268,0.321
DIAMONDS TWO SPADES THREE,0.6628,0.0214,0.3158
DIAMONDS TWO SPADES TWO,0.4806,0.0424,0.477
CLUBS NINE DIAMONDS TWO,0.715,0.0762,0.2088
CLUBS EIGHT DIAMONDS TWO,0.6958,0.0224,0.2818
DIAMONDS TWO CLUBS SEVEN,0.6994,0.0232,0.2774
CLUBS SIX DIAMONDS TWO,0.6806,0.024,0.2954
DIAMONDS TWO CLUBS FIVE,0.666,0.022,0.312
DIAMONDS TWO CLUBS FOUR,0.6592,0.0206,0.3202
CLUBS FOUR SPADES FIVE,0.6414,0.0216,0.337
CLUBS FOUR SPADES FOUR,0.4968,0.0416,0.4616
CLUBS FOUR SPADES THREE,0.6482,0.0234,0.3284
CLUBS FOUR SPADES TWO,0.6704,0.0244,0.3052
SPADES EIGHT CLUBS FOUR,0.6838,0.0258,0.2904
CLUBS FOUR SPADES SEVEN,0.6724,0.0234,0.3042
CLUBS FOUR SPADES SIX,0.6624,0.0238,0.3138
SPADES ACE DIAMONDS SIX,0.4608,0.0046,0.5346
SPADES QUEEN DIAMONDS SIX,0.4746,0.0114,0.514
SPADES KING DIAMONDS SIX,0.4628,0.0086,0.5286
SPADES JACK DIAMONDS SIX,0.4632,0.0146,0.5222
SPADES QUEEN SPADES TWO,0.437,0.0142,0.5488
SPADES KING SPADES TWO,0.427,0.0102,0.5628
SPADES ACE SPADES TWO,0.415,0.0058,0.5792
DIAMONDS JACK CLUBS JACK,0.2032,0.0218,0.775
DIAMONDS JACK CLUBS TEN,0.2846,0.0514,0.664
DIAMONDS JACK CLUBS KING,0.3934,0.0056,0.601
DIAMONDS JACK CLUBS QUEEN,0.3838,0.0084,0.6078
DIAMONDS THREE DIAMONDS JACK,0.465,0.0138,0.5212
DIAMONDS THREE DIAMONDS TEN,0.5752,0.1632,0.2616
DIAMONDS JACK CLUBS ACE,0.4104,0.0036,0.586
DIAMONDS THREE DIAMONDS KING,0.4422,0.0068,0.551
HEARTS THREE DIAMONDS THREE,0.485,0.046,0.469
DIAMONDS THREE DIAMONDS QUEEN,0.456,0.0122,0.5318
DIAMONDS THREE HEARTS TWO,0.6654,0.0218,0.3128
HEARTS FIVE DIAMONDS THREE,0.651,0.0216,0.3274
DIAMONDS THREE DIAMONDS ACE,0.4474,0.0058,0.5468
HEARTS FOUR DIAMONDS THREE,0.656,0.0216,0.3224
DIAMONDS THREE HEARTS SEVEN,0.6796,0.0202,0.3002
HEARTS SIX DIAMONDS THREE,0.671,0.0268,0.3022
DIAMONDS THREE HEARTS NINE,0.7122,0.0742,0.2136
HEARTS JACK DIAMONDS FOUR,0.4942,0.0154,0.4904
HEARTS KING HEARTS ACE,0.3722,0.0056,0.6222
DIAMONDS THREE HEARTS EIGHT,0.7026,0.0204,0.277
HEARTS TEN DIAMONDS FOUR,0.6296,0.1642,0.2062
SPADES JACK SPADES TWO,0.4382,0.0178,0.544
HEARTS QUEEN DIAMONDS FOUR,0.4968,0.0112,0.492
HEARTS KING DIAMONDS FOUR,0.4826,0.007,0.5104
HEARTS ACE DIAMONDS FOUR,0.478,0.0032,0.5188
DIAMONDS THREE SPADES EIGHT,0.6952,0.0236,0.2812
DIAMONDS THREE SPADES SEVEN,0.6718,0.02,0.3082
DIAMONDS THREE SPADES SIX,0.661,0.0216,0.3174
CLUBS SIX DIAMONDS THREE,0.6526,0.025,0.3224
CLUBS ACE DIAMONDS FOUR,0.4742,0.0046,0.5212
CLUBS SIX CLUBS FIVE,0.596,0.022,0.382
CLUBS SEVEN CLUBS FIVE,0.601,0.0266,0.3724
CLUBS SEVEN DIAMONDS THREE,0.6756,0.023,0.3014
DIAMONDS THREE CLUBS FOUR,0.6384,0.0246,0.337
CLUBS QUEEN DIAMONDS FOUR,0.4694,0.0084,0.5222
DIAMONDS THREE CLUBS FIVE,0.6494,0.0214,0.3292
CLUBS KING DIAMONDS FOUR,0.4854,0.0076,0.507
DIAMONDS THREE CLUBS TWO,0.67,0.024,0.306
DIAMONDS FOUR CLUBS TEN,0.6402,0.1568,0.203
DIAMONDS THREE CLUBS THREE,0.4824,0.0432,0.4744
DIAMONDS FOUR CLUBS JACK,0.473,0.0164,0.5106
DIAMONDS THREE SPADES FOUR,0.6436,0.0264,0.33
DIAMONDS THREE SPADES FIVE,0.6376,0.0256,0.3368
DIAMONDS THREE SPADES TWO,0.6608,0.0228,0.3164
DIAMONDS THREE SPADES THREE,0.4816,0.047,0.4714
CLUBS EIGHT DIAMONDS THREE,0.6918,0.0222,0.286
CLUBS NINE DIAMONDS THREE,0.718,0.0712,0.2108
SPADES SEVEN CLUBS ACE,0.4554,0.0048,0.5398
SPADES SEVEN CLUBS QUEEN,0.4736,0.01,0.5164
SPADES SEVEN CLUBS KING,0.4608,0.0094,0.5298
SPADES SEVEN CLUBS FIVE,0.662,0.0248,0.3132
SPADES SEVEN CLUBS TEN,0.6212,0.1616,0.2172
CLUBS FIVE SPADES SIX,0.6484,0.0236,0.328
SPADES SEVEN CLUBS JACK,0.4536,0.0168,0.5296
SPADES EIGHT CLUBS FIVE,0.6726,0.0208,0.3066
CLUBS FIVE SPADES THREE,0.6462,0.0208,0.333
CLUBS FIVE SPADES TWO,0.664,0.0244,0.3116
CLUBS FIVE SPADES FIVE,0.4874,0.0418,0.4708
CLUBS FIVE SPADES FOUR,0.6458,0.0242,0.33
CLUBS NINE CLUBS FIVE,0.6674,0.0682,0.2644
CLUBS EIGHT CLUBS FIVE,0.637,0.0228,0.3402
CLUBS ACE CLUBS QUEEN,0.3762,0.0032,0.6206
CLUBS KING CLUBS QUEEN,0.3764,0.0068,0.6168
DIAMONDS TEN DIAMONDS FOUR,0.5898,0.1528,0.2574
DIAMONDS NINE CLUBS TEN,0.0688,0.9148,0.0164
DIAMONDS JACK DIAMONDS FOUR,0.447,0.0144,0.5386
DIAMONDS NINE CLUBS JACK,0.2898,0.0534,0.6568
DIAMONDS ACE DIAMONDS FOUR,0.4418,0.0032,0.555
HEARTS FOUR DIAMONDS FOUR,0.4748,0.044,0.4812
DIAMONDS JACK HEARTS TEN,0.2934,0.0426,0.664
DIAMONDS NINE CLUBS ACE,0.3546,0.0174,0.628
HEARTS FIVE DIAMONDS FOUR,0.6536,0.0234,0.323
HEARTS JACK DIAMONDS JACK,0.2168,0.019,0.7642
DIAMONDS TWO SPADES JACK,0.4876,0.019,0.4934
DIAMONDS QUEEN DIAMONDS FOUR,0.4638,0.012,0.5242
HEARTS TWO DIAMONDS FOUR,0.6704,0.0228,0.3068
DIAMONDS NINE CLUBS QUEEN,0.3014,0.0424,0.6562
DIAMONDS KING DIAMONDS FOUR,0.4604,0.0066,0.533
HEARTS THREE DIAMONDS FOUR,0.6624,0.0198,0.3178
DIAMONDS NINE CLUBS KING,0.3278,0.0258,0.6464
HEARTS ACE DIAMONDS JACK,0.4084,0.0032,0.5884
SPADES ACE DIAMONDS TWO,0.4644,0.0066,0.529
DIAMONDS JACK HEARTS QUEEN,0.3958,0.0086,0.5956
SPADES QUEEN DIAMONDS TWO,0.4656,0.0108,0.5236
HEARTS KING DIAMONDS JACK,0.4024,0.0054,0.5922
SPADES KING DIAMONDS TWO,0.4826,0.0084,0.509
SPADES JACK SPADES SEVEN,0.4212,0.015,0.5638
CLUBS SEVEN CLUBS THREE,0.6434,0.0224,0.3342
CLUBS SIX CLUBS THREE,0.6404,0.0212,0.3384
CLUBS FIVE CLUBS THREE,0.6036,0.0258,0.3706
CLUBS FOUR CLUBS THREE,0.611,0.0212,0.3678
CLUBS NINE CLUBS THREE,0.6632,0.0764,0.2604
CLUBS EIGHT CLUBS THREE,0.6492,0.023,0.3278
SPADES FIVE CLUBS THREE,0.663,0.0228,0.3142
CLUBS THREE SPADES FOUR,0.6604,0.0242,0.3154
CLUBS THREE SPADES THREE,0.4918,0.0472,0.461
CLUBS THREE SPADES TWO,0.6702,0.0218,0.308
SPADES SIX CLUBS THREE,0.6576,0.0216,0.3208
SPADES SEVEN CLUBS THREE,0.6766,0.0252,0.2982
SPADES EIGHT CLUBS THREE,0.6908,0.025,0.2842
SPADES TWO DIAMONDS FOUR,0.663,0.0216,0.3154
SPADES THREE DIAMONDS FOUR,0.6356,0.0198,0.3446
SPADES FOUR DIAMONDS FOUR,0.4754,0.0442,0.4804
SPADES FIVE DIAMONDS FOUR,0.6516,0.0198,0.3286
SPADES SIX DIAMONDS FOUR,0.653,0.0258,0.3212
SPADES SEVEN DIAMONDS FOUR,0.676,0.021,0.303
SPADES EIGHT DIAMONDS FOUR,0.6818,0.0216,0.2966
CLUBS FIVE DIAMONDS FOUR,0.6488,0.0238,0.3274
CLUBS FOUR DIAMONDS FOUR,0.4888,0.041,0.4702
CLUBS SEVEN DIAMONDS FOUR,0.6794,0.0212,0.2994
CLUBS SIX DIAMONDS FOUR,0.6566,0.0226,0.3208
CLUBS NINE DIAMONDS FOUR,0.7082,0.0726,0.2192
CLUBS EIGHT DIAMONDS FOUR,0.6796,0.0232,0.2972
DIAMONDS FOUR HEARTS SEVEN,0.6704,0.0222,0.3074
HEARTS SIX DIAMONDS FOUR,0.6506,0.0234,0.326
HEARTS NINE DIAMONDS FOUR,0.7226,0.072,0.2054
DIAMONDS FOUR HEARTS EIGHT,0.6822,0.021,0.2968
CLUBS THREE DIAMONDS FOUR,0.659,0.0254,0.3156
CLUBS TWO DIAMONDS FOUR,0.6622,0.0218,0.316
DIAMONDS TEN DIAMONDS FIVE,0.584,0.1526,0.2634
DIAMONDS JACK DIAMONDS FIVE,0.4644,0.0146,0.521
DIAMONDS NINE HEARTS QUEEN,0.3146,0.0378,0.6476
HEARTS KING DIAMONDS NINE,0.3182,0.0284,0.6534
DIAMONDS NINE HEARTS ACE,0.337,0.0168,0.6462
DIAMONDS NINE HEARTS TEN,0.063,0.917,0.02
DIAMONDS NINE HEARTS JACK,0.295,0.0466,0.6584
CLUBS KING DIAMONDS SIX,0.4844,0.0062,0.5094
CLUBS QUEEN DIAMONDS SIX,0.4684,0.0118,0.5198
CLUBS ACE DIAMONDS SIX,0.4744,0.0042,0.5214
SPADES KING DIAMONDS FOUR,0.4704,0.0066,0.523
SPADES ACE SPADES SEVEN,0.414,0.0042,0.5818
SPADES QUEEN DIAMONDS FOUR,0.4688,0.0122,0.519
SPADES QUEEN SPADES SEVEN,0.4282,0.0108,0.561
CLUBS JACK DIAMONDS SIX,0.4666,0.0148,0.5186
SPADES KING SPADES SEVEN,0.4206,0.009,0.5704
SPADES ACE DIAMONDS FOUR,0.4722,0.006,0.5218
CLUBS TEN DIAMONDS SIX,0.6256,0.1616,0.2128
CLUBS NINE CLUBS FOUR,0.6754,0.072,0.2526
CLUBS EIGHT CLUBS FOUR,0.653,0.0198,0.3272
SPADES JACK DIAMONDS FOUR,0.467,0.0192,0.5138
CLUBS FOUR CLUBS FIVE,0.612,0.0262,0.3618
CLUBS SEVEN CLUBS FOUR,0.6178,0.0232,0.359
CLUBS SIX CLUBS FOUR,0.622,0.0186,0.3594
CLUBS SEVEN SPADES EIGHT,0.6562,0.0244,0.3194
CLUBS SEVEN SPADES SIX,0.6342,0.0236,0.3422
CLUBS SEVEN SPADES SEVEN,0.464,0.0416,0.4944
CLUBS SEVEN SPADES FIVE,0.65,0.0212,0.3288
CLUBS SEVEN SPADES FOUR,0.6534,0.0266,0.32
CLUBS SEVEN SPADES THREE,0.688,0.021,0.291
CLUBS SEVEN SPADES TWO,0.6764,0.0236,0.3
CLUBS NINE CLUBS SEVEN,0.6574,0.0712,0.2714
CLUBS EIGHT CLUBS SEVEN,0.6222,0.027,0.3508
HEARTS SIX DIAMONDS FIVE,0.6546,0.0222,0.3232
DIAMONDS FIVE HEARTS SEVEN,0.652,0.023,0.325
DIAMONDS FIVE HEARTS EIGHT,0.6672,0.0212,0.3116
HEARTS NINE DIAMONDS FIVE,0.7244,0.068,0.2076
DIAMONDS QUEEN DIAMONDS FIVE,0.4592,0.0074,0.5334
HEARTS TWO DIAMONDS FIVE,0.6616,0.0222,0.3162
HEARTS KING HEARTS EIGHT,0.4484,0.0064,0.5452
DIAMONDS KING DIAMONDS FIVE,0.4562,0.008,0.5358
HEARTS THREE DIAMONDS FIVE,0.6562,0.0186,0.3252
HEARTS QUEEN HEARTS EIGHT,0.4384,0.0124,0.5492
DIAMONDS ACE DIAMONDS FIVE,0.4594,0.0044,0.5362
HEARTS FOUR DIAMONDS FIVE,0.6476,0.0228,0.3296
HEARTS FIVE DIAMONDS FIVE,0.478,0.043,0.479
HEARTS ACE HEARTS EIGHT,0.425,0.0042,0.5708
CLUBS FOUR DIAMONDS FIVE,0.648,0.0178,0.3342
CLUBS FIVE DIAMONDS FIVE,0.5036,0.0358,0.4606
CLUBS SIX DIAMONDS FIVE,0.6414,0.0244,0.3342
CLUBS SEVEN DIAMONDS FIVE,0.6514,0.0222,0.3264
CLUBS TWO DIAMONDS FIVE,0.654,0.0246,0.3214
CLUBS THREE DIAMONDS FIVE,0.6564,0.0228,0.3208
SPADES THREE DIAMONDS FIVE,0.6454,0.022,0.3326
SPADES TWO DIAMONDS FIVE,0.6566,0.0234,0.32
SPADES FIVE DIAMONDS FIVE,0.4884,0.0396,0.472
SPADES JACK DIAMONDS EIGHT,0.4278,0.0172,0.555
HEARTS JACK CLUBS TEN,0.2882,0.051,0.6608
SPADES FOUR DIAMONDS FIVE,0.6494,0.0254,0.3252
HEARTS JACK CLUBS JACK,0.2036,0.0202,0.7762
HEARTS JACK CLUBS QUEEN,0.3762,0.0084,0.6154
CLUBS NINE DIAMONDS FIVE,0.7126,0.074,0.2134
HEARTS JACK CLUBS KING,0.392,0.0046,0.6034
CLUBS EIGHT DIAMONDS FIVE,0.6684,0.0206,0.311
HEARTS JACK CLUBS ACE,0.4042,0.003,0.5928
SPADES SEVEN DIAMONDS FIVE,0.658,0.0248,0.3172
SPADES KING DIAMONDS EIGHT,0.4596,0.0038,0.5366
SPADES SIX DIAMONDS FIVE,0.635,0.0264,0.3386
SPADES QUEEN DIAMONDS EIGHT,0.4484,0.0096,0.542
SPADES EIGHT DIAMONDS FIVE,0.6686,0.0246,0.3068
SPADES ACE DIAMONDS EIGHT,0.4482,0.0044,0.5474
DIAMONDS TEN DIAMONDS SIX,0.5942,0.1512,0.2546
HEARTS ACE DIAMONDS SEVEN,0.4602,0.005,0.5348
DIAMONDS JACK DIAMONDS SIX,0.4458,0.0138,0.5404
HEARTS QUEEN DIAMONDS SEVEN,0.4704,0.0092,0.5204
HEARTS KING DIAMONDS SEVEN,0.4736,0.0058,0.5206
DIAMONDS ACE DIAMONDS SIX,0.4628,0.0068,0.5304
HEARTS FOUR DIAMONDS SIX,0.658,0.0188,0.3232
SPADES TWO HEARTS JACK,0.4856,0.0158,0.4986
HEARTS FIVE DIAMONDS SIX,0.6336,0.0228,0.3436
SPADES TWO HEARTS TEN,0.6298,0.163,0.2072
DIAMONDS QUEEN DIAMONDS SIX,0.4546,0.0106,0.5348
HEARTS TWO DIAMONDS SIX,0.6712,0.0248,0.304
DIAMONDS KING DIAMONDS SIX,0.4482,0.0084,0.5434
HEARTS THREE DIAMONDS SIX,0.6622,0.023,0.3148
HEARTS EIGHT DIAMONDS SIX,0.657,0.0224,0.3206
HEARTS NINE DIAMONDS SIX,0.6932,0.0724,0.2344
HEARTS SIX DIAMONDS SIX,0.48,0.039,0.481
HEARTS SEVEN DIAMONDS SIX,0.6446,0.0208,0.3346
HEARTS TEN DIAMONDS SEVEN,0.6232,0.1568,0.22
CLUBS TWO DIAMONDS SIX,0.678,0.022,0.3
HEARTS JACK DIAMONDS SEVEN,0.4724,0.0152,0.5124
CLUBS THREE DIAMONDS SIX,0.6622,0.019,0.3188
DIAMONDS EIGHT CLUBS JACK,0.4614,0.0148,0.5238
CLUBS SEVEN DIAMONDS SIX,0.6516,0.0208,0.3276
CLUBS SIX DIAMONDS SIX,0.4748,0.0374,0.4878
DIAMONDS EIGHT CLUBS TEN,0.6174,0.1594,0.2232
CLUBS FIVE DIAMONDS SIX,0.6572,0.0174,0.3254
CLUBS FOUR DIAMONDS SIX,0.6498,0.0236,0.3266
HEARTS ACE HEARTS JACK,0.3882,0.005,0.6068
DIAMONDS EIGHT CLUBS ACE,0.467,0.0032,0.5298
HEARTS JACK HEARTS QUEEN,0.3622,0.011,0.6268
DIAMONDS EIGHT CLUBS KING,0.4682,0.004,0.5278
CLUBS NINE DIAMONDS SIX,0.6904,0.0818,0.2278
HEARTS KING HEARTS JACK,0.3756,0.0072,0.6172
DIAMONDS EIGHT CLUBS QUEEN,0.4636,0.011,0.5254
CLUBS EIGHT DIAMONDS SIX,0.6592,0.0202,0.3206
SPADES FIVE DIAMONDS SIX,0.636,0.0232,0.3408
HEARTS ACE SPADES TWO,0.4622,0.004,0.5338
SPADES JACK HEARTS KING,0.373,0.0062,0.6208
SPADES FOUR DIAMONDS SIX,0.6458,0.0232,0.331
SPADES THREE DIAMONDS SIX,0.6436,0.0256,0.3308
SPADES TWO HEARTS QUEEN,0.4712,0.0116,0.5172
SPADES ACE SPADES KING,0.3584,0.0042,0.6374
HEARTS KING SPADES TWO,0.485,0.0076,0.5074
SPADES TWO DIAMONDS SIX,0.672,0.0216,0.3064
HEARTS TEN HEARTS EIGHT,0.59,0.1518,0.2582
HEARTS JACK HEARTS EIGHT,0.4254,0.0176,0.557
SPADES EIGHT DIAMONDS SIX,0.6678,0.0212,0.311
SPADES SEVEN DIAMONDS SIX,0.6432,0.0238,0.333
SPADES SIX DIAMONDS SIX,0.4658,0.0426,0.4916
SPADES KING HEARTS KING,0.2044,0.0106,0.785
SPADES QUEEN HEARTS KING,0.3872,0.0072,0.6056
CLUBS ACE CLUBS KING,0.3728,0.0036,0.6236
SPADES ACE HEARTS KING,0.3848,0.0052,0.61
SPADES ACE HEARTS JACK,0.3932,0.006,0.6008
SPADES QUEEN HEARTS JACK,0.3638,0.01,0.6262
SPADES KING HEARTS JACK,0.3828,0.0068,0.6104
SPADES JACK DIAMONDS TEN,0.2786,0.0548,0.6666
SPADES ACE DIAMONDS TEN,0.2934,0.0248,0.6818
SPADES JACK HEARTS JACK,0.1942,0.0234,0.7824
SPADES QUEEN DIAMONDS TEN,0.2826,0.044,0.6734
SPADES KING DIAMONDS TEN,0.295,0.0362,0.6688
SPADES EIGHT DIAMONDS SEVEN,0.6544,0.0222,0.3234
SPADES SEVEN DIAMONDS SEVEN,0.46,0.0374,0.5026
SPADES SIX DIAMONDS SEVEN,0.654,0.022,0.324
DIAMONDS KING DIAMONDS SEVEN,0.4486,0.0068,0.5446
HEARTS THREE DIAMONDS SEVEN,0.6728,0.0216,0.3056
HEARTS KING DIAMONDS FIVE,0.479,0.0074,0.5136
DIAMONDS QUEEN DIAMONDS SEVEN,0.4446,0.0112,0.5442
HEARTS TWO DIAMONDS SEVEN,0.6952,0.0206,0.2842
HEARTS QUEEN DIAMONDS FIVE,0.4786,0.01,0.5114
HEARTS FIVE DIAMONDS SEVEN,0.6574,0.0212,0.3214
DIAMONDS ACE DIAMONDS SEVEN,0.4346,0.0038,0.5616
HEARTS FOUR DIAMONDS SEVEN,0.6652,0.0234,0.3114
HEARTS ACE DIAMONDS FIVE,0.4742,0.0044,0.5214
HEARTS SEVEN DIAMONDS SEVEN,0.4806,0.0412,0.4782
HEARTS SIX DIAMONDS SEVEN,0.6524,0.0236,0.324
HEARTS NINE DIAMONDS SEVEN,0.6986,0.0768,0.2246
DIAMONDS SEVEN HEARTS EIGHT,0.6522,0.0208,0.327
DIAMONDS JACK DIAMONDS SEVEN,0.4432,0.016,0.5408
HEARTS JACK DIAMONDS FIVE,0.4834,0.0136,0.503
DIAMONDS TEN DIAMONDS SEVEN,0.5916,0.1562,0.2522
DIAMONDS FIVE HEARTS TEN,0.6306,0.1652,0.2042
SPADES KING CLUBS TWO,0.468,0.008,0.524
HEARTS KING CLUBS KING,0.2242,0.0104,0.7654
CLUBS EIGHT DIAMONDS SEVEN,0.647,0.0246,0.3284
SPADES QUEEN CLUBS TWO,0.4816,0.01,0.5084
HEARTS KING CLUBS QUEEN,0.392,0.0066,0.6014
CLUBS NINE DIAMONDS SEVEN,0.7072,0.0684,0.2244
SPADES TWO CLUBS JACK,0.474,0.0148,0.5112
SPADES ACE CLUBS TWO,0.4552,0.0052,0.5396
SPADES TWO CLUBS TEN,0.6302,0.1628,0.207
HEARTS KING CLUBS ACE,0.4158,0.0026,0.5816
CLUBS SIX CLUBS SEVEN,0.6108,0.023,0.3662
SPADES TWO CLUBS KING,0.4828,0.0086,0.5086
SPADES TWO DIAMONDS SEVEN,0.6914,0.0264,0.2822
CLUBS EIGHT CLUBS SIX,0.6284,0.0224,0.3492
SPADES THREE DIAMONDS SEVEN,0.6766,0.0228,0.3006
SPADES TWO CLUBS QUEEN,0.4772,0.014,0.5088
CLUBS NINE CLUBS SIX,0.663,0.064,0.273
SPADES FOUR DIAMONDS SEVEN,0.6598,0.026,0.3142
HEARTS KING CLUBS JACK,0.395,0.0082,0.5968
SPADES FIVE DIAMONDS SEVEN,0.6522,0.0204,0.3274
SPADES TWO CLUBS ACE,0.4706,0.0044,0.525
HEARTS KING CLUBS TEN,0.3158,0.029,0.6552
CLUBS SIX SPADES TWO,0.671,0.0238,0.3052
CLUBS SIX SPADES THREE,0.6608,0.0236,0.3156
CLUBS TWO DIAMONDS SEVEN,0.6946,0.0258,0.2796
CLUBS SIX SPADES FOUR,0.6544,0.0228,0.3228
CLUBS THREE DIAMONDS SEVEN,0.6838,0.0248,0.2914
CLUBS SIX SPADES FIVE,0.65,0.0246,0.3254
CLUBS FOUR DIAMONDS SEVEN,0.6714,0.0234,0.3052
CLUBS SIX SPADES SIX,0.4698,0.0388,0.4914
CLUBS FIVE DIAMONDS SEVEN,0.656,0.0228,0.3212
CLUBS SIX SPADES SEVEN,0.6494,0.021,0.3296
CLUBS SIX DIAMONDS SEVEN,0.6482,0.0264,0.3254
CLUBS SIX SPADES EIGHT,0.6584,0.0256,0.316
SPADES JACK CLUBS TWO,0.4752,0.0144,0.5104
CLUBS SEVEN DIAMONDS SEVEN,0.465,0.0368,0.4982
CLUBS TWO CLUBS QUEEN,0.4568,0.0102,0.533
CLUBS TWO CLUBS KING,0.4584,0.0056,0.536
CLUBS THREE DIAMONDS EIGHT,0.701,0.0218,0.2772
CLUBS TWO CLUBS ACE,0.4436,0.0038,0.5526
CLUBS TWO DIAMONDS EIGHT,0.6844,0.0248,0.2908
DIAMONDS EIGHT HEARTS SEVEN,0.6526,0.0218,0.3256
HEARTS SIX DIAMONDS EIGHT,0.6612,0.0208,0.318
DIAMONDS EIGHT HEARTS NINE,0.6922,0.0732,0.2346
CLUBS TWO CLUBS TEN,0.6,0.1476,0.2524
DIAMONDS EIGHT HEARTS EIGHT,0.462,0.0432,0.4948
CLUBS TWO CLUBS JACK,0.4428,0.0156,0.5416
CLUBS NINE DIAMONDS EIGHT,0.7016,0.0772,0.2212
CLUBS EIGHT DIAMONDS EIGHT,0.4616,0.038,0.5004
CLUBS FIVE DIAMONDS EIGHT,0.6792,0.0234,0.2974
SPADES ACE SPADES THREE,0.4266,0.0058,0.5676
CLUBS FOUR DIAMONDS EIGHT,0.6864,0.0236,0.29
SPADES QUEEN SPADES THREE,0.4366,0.0106,0.5528
CLUBS SEVEN DIAMONDS EIGHT,0.657,0.0224,0.3206
CLUBS SIX DIAMONDS EIGHT,0.6616,0.0248,0.3136
SPADES KING SPADES THREE,0.4242,0.0084,0.5674
DIAMONDS QUEEN DIAMONDS EIGHT,0.444,0.0112,0.5448
HEARTS TWO DIAMONDS EIGHT,0.695,0.0258,0.2792
DIAMONDS KING DIAMONDS EIGHT,0.4356,0.0086,0.5558
HEARTS THREE DIAMONDS EIGHT,0.6996,0.0254,0.275
DIAMONDS ACE DIAMONDS EIGHT,0.444,0.0036,0.5524
HEARTS FOUR DIAMONDS EIGHT,0.678,0.0292,0.2928
HEARTS FIVE DIAMONDS EIGHT,0.672,0.0224,0.3056
DIAMONDS EIGHT DIAMONDS TEN,0.5816,0.1556,0.2628
DIAMONDS EIGHT DIAMONDS JACK,0.4276,0.0134,0.559
SPADES JACK SPADES THREE,0.4326,0.0148,0.5526
CLUBS FOUR HEARTS ACE,0.4714,0.005,0.5236
CLUBS FOUR HEARTS QUEEN,0.4774,0.011,0.5116
CLUBS FOUR HEARTS KING,0.484,0.0082,0.5078
CLUBS SIX HEARTS TEN,0.623,0.1564,0.2206
CLUBS SIX HEARTS JACK,0.4758,0.0144,0.5098
SPADES FOUR DIAMONDS EIGHT,0.6796,0.0244,0.296
SPADES FIVE DIAMONDS EIGHT,0.6734,0.0218,0.3048
DIAMONDS EIGHT SPADES TWO,0.7024,0.0212,0.2764
SPADES THREE DIAMONDS EIGHT,0.6954,0.0242,0.2804
CLUBS FOUR HEARTS JACK,0.486,0.0156,0.4984
SPADES EIGHT DIAMONDS EIGHT,0.455,0.0392,0.5058
SPADES JACK HEARTS EIGHT,0.4404,0.0186,0.541
CLUBS FOUR HEARTS TEN,0.621,0.1678,0.2112
SPADES JACK HEARTS TWO,0.4756,0.0138,0.5106
SPADES JACK DIAMONDS QUEEN,0.3616,0.0084,0.63
SPADES SIX DIAMONDS EIGHT,0.6472,0.022,0.3308
SPADES SEVEN DIAMONDS EIGHT,0.6502,0.0222,0.3276
SPADES ACE HEARTS TWO,0.468,0.0052,0.5268
SPADES ACE DIAMONDS QUEEN,0.3776,0.0044,0.618
SPADES ACE HEARTS EIGHT,0.4572,0.0038,0.539
SPADES KING HEARTS EIGHT,0.4512,0.008,0.5408
SPADES QUEEN HEARTS TWO,0.4798,0.0114,0.5088
SPADES QUEEN DIAMONDS QUEEN,0.2036,0.0168,0.7796
SPADES KING DIAMONDS QUEEN,0.3786,0.0064,0.615
SPADES KING HEARTS TWO,0.4792,0.0086,0.5122
SPADES QUEEN HEARTS EIGHT,0.4474,0.0118,0.5408
CLUBS TWO HEARTS TEN,0.6366,0.1578,0.2056
CLUBS TWO HEARTS JACK,0.49,0.0142,0.4958
SPADES SEVEN DIAMONDS NINE,0.6924,0.0762,0.2314
SPADES SIX DIAMONDS NINE,0.7044,0.069,0.2266
SPADES EIGHT DIAMONDS NINE,0.6924,0.0704,0.2372
DIAMONDS NINE SPADES THREE,0.7218,0.0706,0.2076
SPADES JACK CLUBS KING,0.3814,0.0072,0.6114
DIAMONDS NINE SPADES TWO,0.704,0.0824,0.2136
SPADES FIVE DIAMONDS NINE,0.7018,0.0762,0.222
SPADES FOUR DIAMONDS NINE,0.711,0.0762,0.2128
CLUBS NINE DIAMONDS NINE,0.364,0.0404,0.5956
CLUBS EIGHT DIAMONDS NINE,0.6936,0.0682,0.2382
CLUBS SIX DIAMONDS NINE,0.7068,0.0676,0.2256
SPADES JACK CLUBS FOUR,0.4728,0.0168,0.5104
CLUBS SEVEN DIAMONDS NINE,0.703,0.0716,0.2254
CLUBS FOUR DIAMONDS NINE,0.7154,0.0704,0.2142
CLUBS FIVE DIAMONDS NINE,0.704,0.0734,0.2226
CLUBS TWO DIAMONDS NINE,0.719,0.0758,0.2052
CLUBS THREE DIAMONDS NINE,0.7018,0.0738,0.2244
DIAMONDS NINE HEARTS EIGHT,0.701,0.0722,0.2268
DIAMONDS NINE HEARTS NINE,0.3748,0.0416,0.5836
HEARTS SIX DIAMONDS NINE,0.6898,0.0698,0.2404
DIAMONDS NINE HEARTS SEVEN,0.6856,0.074,0.2404
CLUBS EIGHT CLUBS NINE,0.66,0.073,0.267
DIAMONDS ACE DIAMONDS NINE,0.3242,0.0172,0.6586
HEARTS FOUR DIAMONDS NINE,0.714,0.0688,0.2172
HEARTS FIVE DIAMONDS NINE,0.71,0.0754,0.2146
CLUBS TWO HEARTS ACE,0.4948,0.0042,0.501
SPADES ACE CLUBS FOUR,0.4652,0.0058,0.529
DIAMONDS QUEEN DIAMONDS NINE,0.3062,0.029,0.6648
HEARTS TWO DIAMONDS NINE,0.7132,0.0712,0.2156
CLUBS TWO HEARTS KING,0.4818,0.0076,0.5106
SPADES KING CLUBS FOUR,0.4774,0.0054,0.5172
DIAMONDS KING DIAMONDS NINE,0.3084,0.0306,0.661
HEARTS THREE DIAMONDS NINE,0.713,0.0742,0.2128
CLUBS TWO HEARTS QUEEN,0.4754,0.0114,0.5132
SPADES QUEEN CLUBS FOUR,0.4682,0.01,0.5218
DIAMONDS NINE DIAMONDS JACK,0.2872,0.0532,0.6596
DIAMONDS NINE DIAMONDS TEN,0.0656,0.8612,0.0732
CLUBS EIGHT SPADES EIGHT,0.4568,0.0432,0.5
CLUBS EIGHT SPADES SEVEN,0.6394,0.0258,0.3348
CLUBS EIGHT SPADES SIX,0.6784,0.0214,0.3002
CLUBS EIGHT SPADES FIVE,0.662,0.0276,0.3104
CLUBS EIGHT SPADES FOUR,0.683,0.0256,0.2914
CLUBS EIGHT SPADES THREE,0.7002,0.0212,0.2786
CLUBS EIGHT SPADES TWO,0.6932,0.0246,0.2822
HEARTS SIX DIAMONDS TEN,0.6188,0.1616,0.2196
DIAMONDS TEN HEARTS SEVEN,0.6148,0.1672,0.218
DIAMONDS TEN HEARTS EIGHT,0.621,0.1638,0.2152
CLUBS FOUR CLUBS JACK,0.4546,0.0132,0.5322
DIAMONDS TEN HEARTS NINE,0.0686,0.9112,0.0202
CLUBS FOUR CLUBS TEN,0.6028,0.1528,0.2444
CLUBS FOUR CLUBS KING,0.4626,0.0068,0.5306
CLUBS FOUR CLUBS QUEEN,0.448,0.009,0.543
CLUBS TWO DIAMONDS TEN,0.6372,0.158,0.2048
CLUBS THREE DIAMONDS TEN,0.621,0.162,0.217
CLUBS FOUR CLUBS ACE,0.4516,0.005,0.5434
DIAMONDS JACK DIAMONDS TEN,0.2732,0.0534,0.6734
DIAMONDS QUEEN DIAMONDS TEN,0.284,0.0426,0.6734
HEARTS TWO DIAMONDS TEN,0.633,0.1596,0.2074
DIAMONDS KING DIAMONDS TEN,0.2976,0.032,0.6704
HEARTS THREE DIAMONDS TEN,0.6136,0.1602,0.2262
DIAMONDS ACE DIAMONDS TEN,0.2828,0.02,0.6972
HEARTS FOUR DIAMONDS TEN,0.6242,0.1648,0.211
CLUBS EIGHT HEARTS JACK,0.4464,0.0162,0.5374
HEARTS FIVE DIAMONDS TEN,0.6222,0.1684,0.2094
CLUBS EIGHT HEARTS TEN,0.617,0.1696,0.2134
CLUBS EIGHT HEARTS QUEEN,0.463,0.0104,0.5266
CLUBS EIGHT HEARTS KING,0.4702,0.0062,0.5236
CLUBS EIGHT HEARTS ACE,0.4634,0.0042,0.5324
CLUBS NINE SPADES THREE,0.7026,0.0768,0.2206
CLUBS NINE SPADES TWO,0.7106,0.0766,0.2128
CLUBS NINE SPADES FIVE,0.7206,0.073,0.2064
CLUBS NINE SPADES FOUR,0.7104,0.0734,0.2162
CLUBS NINE SPADES SEVEN,0.6962,0.0738,0.23
CLUBS NINE SPADES SIX,0.6974,0.08,0.2226
CLUBS TEN HEARTS EIGHT,0.6284,0.161,0.2106
CLUBS NINE SPADES EIGHT,0.6832,0.0768,0.24
CLUBS JACK HEARTS EIGHT,0.4532,0.0118,0.535
CLUBS QUEEN HEARTS EIGHT,0.4584,0.0086,0.533
CLUBS KING HEARTS EIGHT,0.4744,0.0064,0.5192
CLUBS ACE HEARTS EIGHT,0.4642,0.0038,0.532
SPADES KING CLUBS KING,0.2124,0.0092,0.7784
SPADES QUEEN CLUBS KING,0.387,0.0072,0.6058
SPADES ACE CLUBS KING,0.3988,0.0052,0.596
DIAMONDS ACE HEARTS TEN,0.3048,0.0216,0.6736
HEARTS FOUR HEARTS TEN,0.5942,0.1474,0.2584
DIAMONDS ACE HEARTS JACK,0.3958,0.0044,0.5998
HEARTS FOUR HEARTS JACK,0.454,0.016,0.53
SPADES KING CLUBS FIVE,0.4766,0.0056,0.5178
SPADES QUEEN CLUBS FIVE,0.46,0.01,0.53
SPADES ACE CLUBS FIVE,0.4808,0.005,0.5142
DIAMONDS JACK HEARTS SEVEN,0.4736,0.0134,0.513
HEARTS SIX DIAMONDS JACK,0.487,0.0142,0.4988
DIAMONDS JACK HEARTS NINE,0.2798,0.0566,0.6636
DIAMONDS JACK HEARTS EIGHT,0.4508,0.0148,0.5344
DIAMONDS KING DIAMONDS JACK,0.3524,0.0064,0.6412
HEARTS THREE DIAMONDS JACK,0.4834,0.0182,0.4984
SPADES FOUR HEARTS ACE,0.471,0.005,0.524
SPADES ACE SPADES SIX,0.414,0.0054,0.5806
DIAMONDS QUEEN DIAMONDS JACK,0.3624,0.0092,0.6284
HEARTS TWO DIAMONDS JACK,0.485,0.0164,0.4986
HEARTS FIVE DIAMONDS JACK,0.4794,0.0156,0.505
SPADES FOUR HEARTS QUEEN,0.4882,0.0108,0.501
SPADES QUEEN SPADES SIX,0.4248,0.0106,0.5646
DIAMONDS ACE DIAMONDS JACK,0.3702,0.0046,0.6252
HEARTS FOUR DIAMONDS JACK,0.4884,0.015,0.4966
SPADES FOUR HEARTS KING,0.4724,0.0078,0.5198
SPADES KING SPADES SIX,0.4302,0.0094,0.5604
SPADES JACK SPADES SIX,0.42,0.013,0.567
SPADES FOUR DIAMONDS JACK,0.4726,0.0172,0.5102
SPADES FIVE DIAMONDS JACK,0.469,0.0172,0.5138
SPADES TWO DIAMONDS JACK,0.4792,0.0148,0.506
SPADES THREE DIAMONDS JACK,0.471,0.0132,0.5158
SPADES ACE DIAMONDS THREE,0.4526,0.0048,0.5426
SPADES QUEEN DIAMONDS THREE,0.4824,0.0104,0.5072
CLUBS EIGHT DIAMONDS JACK,0.4474,0.015,0.5376
SPADES KING DIAMONDS THREE,0.4764,0.0088,0.5148
CLUBS NINE DIAMONDS JACK,0.2986,0.049,0.6524
CLUBS SIX DIAMONDS JACK,0.4714,0.0178,0.5108
CLUBS SEVEN DIAMONDS JACK,0.4544,0.0128,0.5328
CLUBS FOUR DIAMONDS JACK,0.4758,0.0174,0.5068
CLUBS FIVE DIAMONDS JACK,0.4866,0.016,0.4974
CLUBS TWO DIAMONDS JACK,0.4754,0.0164,0.5082
CLUBS THREE DIAMONDS JACK,0.4882,0.0144,0.4974
HEARTS SIX SPADES JACK,0.4706,0.0178,0.5116
SPADES JACK CLUBS FIVE,0.4798,0.0166,0.5036
SPADES JACK DIAMONDS THREE,0.4746,0.0154,0.51
CLUBS SEVEN CLUBS ACE,0.432,0.004,0.564
CLUBS SEVEN CLUBS QUEEN,0.4378,0.0102,0.552
CLUBS SEVEN CLUBS KING,0.4426,0.0084,0.549
CLUBS SEVEN CLUBS TEN,0.5858,0.1478,0.2664
DIAMONDS ACE HEARTS ACE,0.2244,0.002,0.7736
HEARTS FOUR HEARTS ACE,0.4386,0.0048,0.5566
SPADES EIGHT DIAMONDS JACK,0.4244,0.0172,0.5584
SPADES ACE HEARTS SIX,0.4626,0.004,0.5334
CLUBS SEVEN CLUBS JACK,0.4436,0.013,0.5434
DIAMONDS ACE HEARTS KING,0.414,0.0038,0.5822
HEARTS FOUR HEARTS KING,0.4618,0.0072,0.531
SPADES SEVEN DIAMONDS JACK,0.464,0.0174,0.5186
SPADES KING HEARTS SIX,0.475,0.008,0.517
DIAMONDS ACE HEARTS QUEEN,0.4104,0.003,0.5866
HEARTS FOUR HEARTS QUEEN,0.4538,0.0078,0.5384
SPADES SIX DIAMONDS JACK,0.4852,0.0156,0.4992
SPADES QUEEN HEARTS SIX,0.4726,0.0084,0.519
SPADES TWO DIAMONDS TEN,0.616,0.1634,0.2206
SPADES THREE DIAMONDS TEN,0.6162,0.169,0.2148
SPADES FOUR DIAMONDS TEN,0.6194,0.17,0.2106
SPADES FIVE DIAMONDS TEN,0.6246,0.1682,0.2072
SPADES SIX DIAMONDS TEN,0.6288,0.161,0.2102
SPADES SEVEN DIAMONDS TEN,0.6262,0.154,0.2198
SPADES EIGHT DIAMONDS TEN,0.6168,0.161,0.2222
CLUBS FOUR DIAMONDS TEN,0.6264,0.1616,0.212
CLUBS FIVE DIAMONDS TEN,0.6314,0.163,0.2056
CLUBS SIX DIAMONDS TEN,0.6292,0.1724,0.1984
CLUBS SEVEN DIAMONDS TEN,0.6254,0.1646,0.21
CLUBS EIGHT DIAMONDS TEN,0.6194,0.1692,0.2114
CLUBS NINE DIAMONDS TEN,0.071,0.91,0.019
DIAMONDS THREE CLUBS JACK,0.4842,0.0166,0.4992
DIAMONDS THREE CLUBS TEN,0.6264,0.1678,0.2058
DIAMONDS THREE CLUBS KING,0.4936,0.0066,0.4998
DIAMONDS THREE CLUBS QUEEN,0.4772,0.0086,0.5142
DIAMONDS THREE CLUBS ACE,0.4774,0.0036,0.519
SPADES FOUR HEARTS JACK,0.4794,0.0152,0.5054
SPADES FOUR HEARTS TEN,0.6224,0.1704,0.2072
SPADES FIVE SPADES TWO,0.6476,0.0284,0.324
SPADES FOUR SPADES TWO,0.653,0.0262,0.3208
SPADES THREE SPADES TWO,0.6548,0.0266,0.3186
SPADES EIGHT SPADES TWO,0.689,0.0256,0.2854
SPADES SEVEN SPADES TWO,0.6814,0.0276,0.291
SPADES SIX SPADES TWO,0.673,0.0228,0.3042
DIAMONDS QUEEN CLUBS THREE,0.4824,0.0098,0.5078
HEARTS TWO CLUBS THREE,0.6708,0.0244,0.3048
DIAMONDS QUEEN CLUBS TWO,0.4898,0.0118,0.4984
CLUBS TWO HEARTS TWO,0.4838,0.0472,0.469
DIAMONDS QUEEN HEARTS SEVEN,0.4746,0.0092,0.5162
HEARTS TWO HEARTS SEVEN,0.6498,0.02,0.3302
HEARTS SIX DIAMONDS QUEEN,0.4722,0.0082,0.5196
HEARTS SIX HEARTS TWO,0.6244,0.023,0.3526
DIAMONDS QUEEN HEARTS NINE,0.3132,0.0358,0.651
HEARTS TWO HEARTS NINE,0.6792,0.07,0.2508
DIAMONDS QUEEN HEARTS EIGHT,0.4576,0.0104,0.532
HEARTS TWO HEARTS EIGHT,0.6672,0.0232,0.3096
CLUBS NINE HEARTS TWO,0.7304,0.0694,0.2002
CLUBS NINE DIAMONDS QUEEN,0.3124,0.0372,0.6504
CLUBS EIGHT HEARTS TWO,0.704,0.0218,0.2742
CLUBS EIGHT DIAMONDS QUEEN,0.4622,0.0088,0.529
CLUBS FIVE DIAMONDS QUEEN,0.4802,0.0098,0.51
CLUBS FIVE HEARTS TWO,0.6698,0.0198,0.3104
SPADES EIGHT HEARTS ACE,0.4524,0.0048,0.5428
CLUBS FOUR DIAMONDS QUEEN,0.475,0.0102,0.5148
CLUBS FOUR HEARTS TWO,0.6712,0.0222,0.3066
SPADES EIGHT HEARTS QUEEN,0.4534,0.0138,0.5328
CLUBS SEVEN HEARTS TWO,0.689,0.022,0.289
CLUBS SEVEN DIAMONDS QUEEN,0.4818,0.0142,0.504
CLUBS SIX DIAMONDS QUEEN,0.4828,0.0092,0.508
CLUBS SIX HEARTS TWO,0.6772,0.0214,0.3014
SPADES EIGHT HEARTS KING,0.467,0.0082,0.5248
DIAMONDS QUEEN SPADES SIX,0.4618,0.0108,0.5274
SPADES SIX HEARTS TWO,0.6726,0.0216,0.3058
HEARTS FOUR CLUBS QUEEN,0.4808,0.0102,0.509
DIAMONDS ACE CLUBS QUEEN,0.399,0.0034,0.5976
SPADES SEVEN DIAMONDS QUEEN,0.4606,0.0092,0.5302
SPADES SEVEN HEARTS TWO,0.6882,0.0198,0.292
HEARTS FOUR CLUBS KING,0.4854,0.0054,0.5092
DIAMONDS ACE CLUBS KING,0.3926,0.0052,0.6022
SPADES EIGHT DIAMONDS QUEEN,0.456,0.0104,0.5336
SPADES EIGHT HEARTS TWO,0.7002,0.0232,0.2766
HEARTS FOUR CLUBS ACE,0.4714,0.0046,0.524
DIAMONDS ACE CLUBS ACE,0.2218,0.0036,0.7746
HEARTS TWO SPADES TWO,0.4884,0.0422,0.4694
DIAMONDS QUEEN SPADES TWO,0.4652,0.0146,0.5202
HEARTS TWO SPADES THREE,0.6572,0.0236,0.3192
DIAMONDS QUEEN SPADES THREE,0.4812,0.0136,0.5052
HEARTS TWO SPADES FOUR,0.657,0.0264,0.3166
DIAMONDS QUEEN SPADES FOUR,0.4854,0.0116,0.503
HEARTS FOUR CLUBS TEN,0.6146,0.1682,0.2172
DIAMONDS ACE CLUBS TEN,0.302,0.0234,0.6746
DIAMONDS QUEEN SPADES FIVE,0.4736,0.0118,0.5146
HEARTS TWO SPADES FIVE,0.646,0.026,0.328
HEARTS FOUR CLUBS JACK,0.485,0.0142,0.5008
DIAMONDS ACE CLUBS JACK,0.4102,0.0046,0.5852
CLUBS FIVE CLUBS KING,0.452,0.0078,0.5402
CLUBS FIVE CLUBS QUEEN,0.4498,0.008,0.5422
CLUBS FIVE CLUBS ACE,0.4522,0.0038,0.544
CLUBS FIVE CLUBS JACK,0.4614,0.0134,0.5252
CLUBS FIVE CLUBS TEN,0.5844,0.1508,0.2648
SPADES KING CLUBS JACK,0.3752,0.0066,0.6182
SPADES QUEEN CLUBS JACK,0.3826,0.012,0.6054
SPADES ACE CLUBS JACK,0.386,0.0048,0.6092
SPADES SIX CLUBS KING,0.4748,0.0058,0.5194
SPADES SIX CLUBS QUEEN,0.468,0.0102,0.5218
SPADES EIGHT HEARTS JACK,0.4426,0.0168,0.5406
SPADES SIX CLUBS ACE,0.4676,0.0038,0.5286
SPADES EIGHT HEARTS TEN,0.621,0.1592,0.2198
SPADES SIX CLUBS JACK,0.4856,0.0124,0.502
SPADES SIX CLUBS TEN,0.614,0.1714,0.2146
SPADES JACK CLUBS JACK,0.1812,0.0264,0.7924
SPADES QUEEN CLUBS SEVEN,0.452,0.013,0.535
SPADES KING CLUBS SEVEN,0.4502,0.0072,0.5426
SPADES ACE CLUBS SEVEN,0.4588,0.0058,0.5354
SPADES SIX HEARTS TEN,0.6164,0.1618,0.2218
SPADES SIX HEARTS JACK,0.4736,0.0154,0.511
SPADES SIX HEARTS ACE,0.4628,0.005,0.5322
SPADES SIX HEARTS KING,0.4658,0.008,0.5262
SPADES SIX HEARTS QUEEN,0.4868,0.0088,0.5044
SPADES JACK CLUBS SEVEN,0.451,0.015,0.534
HEARTS SIX CLUBS TEN,0.6228,0.1596,0.2176
HEARTS SIX CLUBS JACK,0.4672,0.0148,0.518
CLUBS ACE CLUBS JACK,0.383,0.0052,0.6118
HEARTS SIX CLUBS QUEEN,0.481,0.007,0.512
HEARTS SIX CLUBS KING,0.4756,0.0082,0.5162
HEARTS SIX CLUBS ACE,0.473,0.0038,0.5232
CLUBS QUEEN CLUBS JACK,0.363,0.0082,0.6288
CLUBS KING CLUBS JACK,0.3748,0.0068,0.6184
DIAMONDS THREE HEARTS ACE,0.4728,0.0038,0.5234
DIAMONDS THREE HEARTS QUEEN,0.4832,0.0108,0.506
DIAMONDS THREE HEARTS KING,0.4888,0.0078,0.5034
CLUBS FIVE HEARTS JACK,0.4894,0.0176,0.493
CLUBS FIVE HEARTS TEN,0.6364,0.1556,0.208
HEARTS FOUR SPADES JACK,0.4794,0.0146,0.506
SPADES JACK DIAMONDS ACE,0.3896,0.0046,0.6058
SPADES ACE HEARTS FOUR,0.46,0.0052,0.5348
SPADES ACE DIAMONDS ACE,0.219,0.0054,0.7756
CLUBS FIVE HEARTS ACE,0.4798,0.0026,0.5176
CLUBS FIVE HEARTS KING,0.4822,0.007,0.5108
SPADES FOUR CLUBS JACK,0.4826,0.0148,0.5026
HEARTS FOUR SPADES QUEEN,0.4744,0.0108,0.5148
SPADES QUEEN DIAMONDS ACE,0.3836,0.0056,0.6108
CLUBS FIVE HEARTS QUEEN,0.485,0.0126,0.5024
SPADES FOUR CLUBS TEN,0.626,0.1728,0.2012
SPADES KING DIAMONDS ACE,0.4006,0.0026,0.5968
HEARTS FOUR SPADES KING,0.4616,0.0072,0.5312
DIAMONDS QUEEN DIAMONDS ACE,0.3836,0.0048,0.6116
HEARTS TWO DIAMONDS ACE,0.4748,0.005,0.5202
HEARTS FOUR DIAMONDS QUEEN,0.4818,0.0096,0.5086
HEARTS FOUR HEARTS TWO,0.6218,0.0202,0.358
DIAMONDS THREE HEARTS TEN,0.6162,0.1634,0.2204
SPADES FOUR CLUBS KING,0.4772,0.0068,0.516
HEARTS FIVE DIAMONDS QUEEN,0.4784,0.0098,0.5118
HEARTS FIVE HEARTS TWO,0.6316,0.0218,0.3466
DIAMONDS THREE HEARTS JACK,0.472,0.0188,0.5092
SPADES FOUR CLUBS QUEEN,0.474,0.0094,0.5166
DIAMONDS QUEEN HEARTS TWO,0.4794,0.0116,0.509
DIAMONDS KING DIAMONDS QUEEN,0.3806,0.0056,0.6138
DIAMONDS KING HEARTS TWO,0.4664,0.0068,0.5268
HEARTS THREE DIAMONDS QUEEN,0.4756,0.011,0.5134
HEARTS THREE HEARTS TWO,0.6376,0.0208,0.3416
SPADES FOUR CLUBS ACE,0.4712,0.0042,0.5246
HEARTS TWO CLUBS ACE,0.4794,0.0026,0.518
DIAMONDS QUEEN CLUBS ACE,0.421,0.0034,0.5756
HEARTS TWO CLUBS QUEEN,0.4888,0.0116,0.4996
DIAMONDS QUEEN CLUBS QUEEN,0.2168,0.0142,0.769
HEARTS TWO CLUBS KING,0.473,0.0074,0.5196
DIAMONDS QUEEN CLUBS KING,0.3964,0.0082,0.5954
SPADES EIGHT SPADES FIVE,0.6626,0.0262,0.3112
HEARTS TWO CLUBS TEN,0.6348,0.165,0.2002
DIAMONDS QUEEN CLUBS TEN,0.3046,0.041,0.6544
HEARTS TWO CLUBS JACK,0.4836,0.0154,0.501
DIAMONDS QUEEN CLUBS JACK,0.3828,0.0104,0.6068
SPADES SIX SPADES FIVE,0.6342,0.0272,0.3386
SPADES SEVEN SPADES FIVE,0.6496,0.0278,0.3226
DIAMONDS FIVE CLUBS QUEEN,0.4724,0.0106,0.517
SPADES EIGHT CLUBS ACE,0.442,0.0056,0.5524
CLUBS KING DIAMONDS FIVE,0.4754,0.0068,0.5178
SPADES EIGHT CLUBS KING,0.4588,0.0084,0.5328
CLUBS ACE DIAMONDS FIVE,0.4914,0.0042,0.5044
SPADES EIGHT CLUBS QUEEN,0.4542,0.012,0.5338
SPADES EIGHT CLUBS JACK,0.4478,0.017,0.5352
SPADES EIGHT CLUBS TEN,0.6092,0.1656,0.2252
DIAMONDS FIVE CLUBS TEN,0.6222,0.1622,0.2156
DIAMONDS FIVE CLUBS JACK,0.4696,0.0168,0.5136
HEARTS JACK DIAMONDS TEN,0.2884,0.05,0.6616
DIAMONDS TEN HEARTS TEN,0.1872,0.05,0.7628
SPADES ACE CLUBS NINE,0.3186,0.02,0.6614
CLUBS NINE SPADES QUEEN,0.301,0.043,0.656
SPADES KING CLUBS NINE,0.2988,0.0314,0.6698
HEARTS SIX HEARTS KING,0.4626,0.0062,0.5312
DIAMONDS KING SPADES SEVEN,0.4792,0.0064,0.5144
HEARTS THREE SPADES SEVEN,0.686,0.0198,0.2942
SPADES KING DIAMONDS SEVEN,0.4596,0.0088,0.5316
HEARTS SIX HEARTS QUEEN,0.4524,0.01,0.5376
DIAMONDS KING SPADES SIX,0.4764,0.0066,0.517
HEARTS THREE SPADES SIX,0.6578,0.0262,0.316
SPADES QUEEN DIAMONDS SEVEN,0.4608,0.0106,0.5286
HEARTS SIX HEARTS ACE,0.452,0.003,0.545
SPADES EIGHT DIAMONDS KING,0.4614,0.0078,0.5308
HEARTS THREE SPADES EIGHT,0.6826,0.0244,0.293
SPADES ACE DIAMONDS SEVEN,0.4636,0.0044,0.532
