opposingHand,winningChance,drawChance,lostChance
SPADES FOUR HEARTS NINE
HEARTS FIVE SPADES TEN,0.345,0.0272,0.6278
SPADES JACK HEARTS FIVE,0.3562,0.0194,0.6244
SPADES FIVE CLUBS JACK,0.354,0.0178,0.6282
CLUBS TEN SPADES FIVE,0.3556,0.0278,0.6166
CLUBS EIGHT CLUBS JACK,0.317,0.0196,0.6634
CLUBS TEN CLUBS EIGHT,0.2974,0.0236,0.679
CLUBS EIGHT CLUBS KING,0.3338,0.0066,0.6596
SPADES FIVE CLUBS ACE,0.3408,0.0056,0.6536
CLUBS EIGHT CLUBS QUEEN,0.3316,0.0104,0.658
SPADES FIVE CLUBS KING,0.3518,0.0066,0.6416
SPADES FIVE CLUBS QUEEN,0.3404,0.0104,0.6492
CLUBS EIGHT CLUBS ACE,0.3368,0.003,0.6602
DIAMONDS TWO DIAMONDS THREE,0.561,0.0478,0.3912
DIAMONDS TWO DIAMONDS FIVE,0.5506,0.0506,0.3988
SPADES KING HEARTS FIVE,0.3472,0.0076,0.6452
DIAMONDS TWO DIAMONDS FOUR,0.598,0.1036,0.2984
SPADES QUEEN HEARTS FIVE,0.3464,0.0126,0.641
DIAMONDS TWO DIAMONDS SEVEN,0.5678,0.0424,0.3898
DIAMONDS TWO DIAMONDS SIX,0.562,0.0404,0.3976
SPADES ACE HEARTS FIVE,0.3552,0.0068,0.638
DIAMONDS TWO DIAMONDS NINE,0.2538,0.481,0.2652
DIAMONDS TWO DIAMONDS EIGHT,0.5666,0.0398,0.3936
DIAMONDS THREE DIAMONDS FOUR,0.5756,0.1036,0.3208
DIAMONDS THREE DIAMONDS FIVE,0.5192,0.0472,0.4336
SPADES FIVE CLUBS TWO,0.5872,0.0426,0.3702
CLUBS TWO SPADES TWO,0.3834,0.0878,0.5288
CLUBS TWO SPADES THREE,0.6252,0.0458,0.329
DIAMONDS THREE DIAMONDS EIGHT,0.5644,0.0408,0.3948
SPADES EIGHT CLUBS TWO,0.5956,0.0504,0.354
DIAMONDS THREE DIAMONDS NINE,0.2408,0.4832,0.276
SPADES NINE CLUBS TWO,0.2498,0.5324,0.2178
DIAMONDS THREE DIAMONDS SIX,0.551,0.043,0.406
SPADES SIX CLUBS TWO,0.5942,0.0456,0.3602
DIAMONDS THREE DIAMONDS SEVEN,0.5434,0.0446,0.412
SPADES SEVEN CLUBS TWO,0.6068,0.0456,0.3476
CLUBS SIX CLUBS TWO,0.5674,0.0452,0.3874
CLUBS SEVEN CLUBS TWO,0.5648,0.0402,0.395
CLUBS FOUR CLUBS TWO,0.5974,0.1024,0.3002
CLUBS FIVE CLUBS TWO,0.5404,0.0482,0.4114
CLUBS TEN CLUBS JACK,0.2768,0.0144,0.7088
DIAMONDS FOUR DIAMONDS SIX,0.5926,0.0948,0.3126
CLUBS TEN CLUBS QUEEN,0.2984,0.0102,0.6914
DIAMONDS FOUR DIAMONDS SEVEN,0.5852,0.0988,0.316
CLUBS TEN CLUBS KING,0.2988,0.0074,0.6938
CLUBS TEN CLUBS ACE,0.3026,0.0044,0.693
CLUBS EIGHT CLUBS TWO,0.566,0.0414,0.3926
DIAMONDS FIVE DIAMONDS FOUR,0.5648,0.1008,0.3344
CLUBS NINE CLUBS TWO,0.2554,0.4932,0.2514
DIAMONDS NINE DIAMONDS FOUR,0.0208,0.9136,0.0656
DIAMONDS EIGHT DIAMONDS FOUR,0.6112,0.0926,0.2962
CLUBS THREE CLUBS TWO,0.5694,0.0442,0.3864
DIAMONDS NINE DIAMONDS FIVE,0.2132,0.4154,0.3714
DIAMONDS TWO CLUBS JACK,0.4016,0.0192,0.5792
DIAMONDS EIGHT DIAMONDS FIVE,0.5172,0.0426,0.4402
CLUBS TEN DIAMONDS TWO,0.3892,0.0266,0.5842
DIAMONDS FIVE DIAMONDS SEVEN,0.505,0.0474,0.4476
DIAMONDS FIVE DIAMONDS SIX,0.501,0.0426,0.4564
DIAMONDS TWO CLUBS ACE,0.3894,0.0052,0.6054
DIAMONDS TWO CLUBS KING,0.4072,0.0084,0.5844
DIAMONDS TWO CLUBS QUEEN,0.3876,0.0138,0.5986
DIAMONDS EIGHT DIAMONDS SIX,0.5066,0.0408,0.4526
DIAMONDS NINE DIAMONDS SIX,0.2064,0.3518,0.4418
HEARTS ACE SPADES THREE,0.3892,0.0054,0.6054
SPADES THREE HEARTS KING,0.3912,0.0104,0.5984
DIAMONDS SEVEN DIAMONDS SIX,0.4946,0.0412,0.4642
SPADES THREE HEARTS QUEEN,0.3758,0.014,0.6102
SPADES THREE HEARTS JACK,0.3972,0.0198,0.583
SPADES THREE HEARTS TEN,0.3742,0.0292,0.5966
DIAMONDS EIGHT DIAMONDS SEVEN,0.491,0.0366,0.4724
DIAMONDS NINE DIAMONDS SEVEN,0.2022,0.2836,0.5142
DIAMONDS NINE DIAMONDS EIGHT,0.2168,0.215,0.5682
DIAMONDS KING HEARTS TEN,0.3086,0.0072,0.6842
HEARTS THREE HEARTS TEN,0.3638,0.031,0.6052
SPADES JACK CLUBS SIX,0.354,0.0182,0.6278
DIAMONDS KING HEARTS JACK,0.3158,0.0074,0.6768
HEARTS THREE HEARTS JACK,0.3612,0.0198,0.619
SPADES TEN CLUBS SIX,0.3348,0.0242,0.641
SPADES JACK SPADES FIVE,0.3258,0.0212,0.653
SPADES TEN SPADES FIVE,0.328,0.027,0.645
DIAMONDS KING HEARTS ACE,0.3244,0.0048,0.6708
HEARTS THREE HEARTS ACE,0.3556,0.0048,0.6396
SPADES ACE CLUBS SIX,0.3492,0.0034,0.6474
DIAMONDS KING HEARTS QUEEN,0.3238,0.0058,0.6704
HEARTS THREE HEARTS QUEEN,0.3636,0.0146,0.6218
SPADES KING CLUBS SIX,0.3496,0.0068,0.6436
DIAMONDS KING HEARTS KING,0.1274,0.0142,0.8584
HEARTS THREE HEARTS KING,0.3606,0.0076,0.6318
SPADES QUEEN CLUBS SIX,0.356,0.0094,0.6346
SPADES NINE HEARTS TEN,0.2084,0.0844,0.7072
SPADES NINE HEARTS JACK,0.2114,0.0606,0.728
SPADES QUEEN SPADES FIVE,0.3336,0.012,0.6544
SPADES KING SPADES FIVE,0.345,0.0084,0.6466
SPADES ACE SPADES FIVE,0.3212,0.0078,0.671
SPADES NINE HEARTS QUEEN,0.2174,0.0552,0.7274
SPADES NINE HEARTS KING,0.2152,0.037,0.7478
SPADES NINE HEARTS ACE,0.2046,0.024,0.7714
CLUBS TEN SPADES JACK,0.3026,0.0112,0.6862
CLUBS TEN SPADES TEN,0.1314,0.0368,0.8318
SPADES ACE CLUBS TEN,0.3116,0.004,0.6844
SPADES KING CLUBS TEN,0.3112,0.006,0.6828
CLUBS TEN SPADES QUEEN,0.295,0.011,0.694
SPADES FIVE HEARTS QUEEN,0.357,0.0132,0.6298
SPADES FIVE HEARTS KING,0.3532,0.0088,0.638
HEARTS ACE SPADES FIVE,0.3372,0.0056,0.6572
CLUBS EIGHT SPADES TEN,0.3222,0.0288,0.649
HEARTS THREE SPADES JACK,0.3884,0.0226,0.589
SPADES JACK DIAMONDS KING,0.3138,0.006,0.6802
SPADES TEN DIAMONDS KING,0.319,0.006,0.675
HEARTS THREE SPADES TEN,0.3726,0.0276,0.5998
SPADES JACK CLUBS EIGHT,0.3354,0.0166,0.648
CLUBS SIX HEARTS ACE,0.3466,0.004,0.6494
SPADES ACE CLUBS EIGHT,0.3476,0.0038,0.6486
HEARTS FIVE CLUBS JACK,0.3548,0.0192,0.626
CLUBS TEN HEARTS FIVE,0.3594,0.0278,0.6128
CLUBS SIX HEARTS QUEEN,0.3498,0.0108,0.6394
SPADES QUEEN CLUBS EIGHT,0.342,0.011,0.647
CLUBS TEN SPADES THREE,0.3892,0.0274,0.5834
CLUBS SIX HEARTS KING,0.3474,0.0076,0.645
SPADES KING CLUBS EIGHT,0.3538,0.0092,0.637
SPADES THREE CLUBS JACK,0.3842,0.0184,0.5974
DIAMONDS TWO HEARTS JACK,0.3818,0.0208,0.5974
SPADES THREE CLUBS QUEEN,0.4004,0.012,0.5876
DIAMONDS TWO HEARTS TEN,0.381,0.0272,0.5918
SPADES THREE CLUBS KING,0.3918,0.0074,0.6008
HEARTS FIVE CLUBS ACE,0.3374,0.0066,0.656
SPADES FIVE HEARTS TEN,0.3502,0.0304,0.6194
SPADES THREE CLUBS ACE,0.38,0.0038,0.6162
HEARTS FIVE CLUBS KING,0.3522,0.007,0.6408
SPADES FIVE HEARTS JACK,0.349,0.02,0.631
HEARTS FIVE CLUBS QUEEN,0.3556,0.014,0.6304
HEARTS THREE CLUBS KING,0.3806,0.0074,0.612
DIAMONDS KING CLUBS KING,0.1464,0.0134,0.8402
HEARTS THREE CLUBS QUEEN,0.3982,0.0118,0.59
DIAMONDS KING CLUBS QUEEN,0.3246,0.006,0.6694
HEARTS FIVE HEARTS JACK,0.3354,0.0178,0.6468
HEARTS FIVE HEARTS TEN,0.3446,0.026,0.6294
HEARTS THREE CLUBS ACE,0.3786,0.0058,0.6156
DIAMONDS KING CLUBS ACE,0.3252,0.0042,0.6706
SPADES ACE CLUBS QUEEN,0.3324,0.0058,0.6618
SPADES KING CLUBS QUEEN,0.3196,0.008,0.6724
HEARTS THREE CLUBS JACK,0.3892,0.0198,0.591
DIAMONDS KING CLUBS JACK,0.3248,0.0056,0.6696
SPADES QUEEN CLUBS QUEEN,0.1364,0.0206,0.843
CLUBS TEN HEARTS THREE,0.387,0.0298,0.5832
CLUBS TEN DIAMONDS KING,0.3414,0.0068,0.6518
SPADES JACK CLUBS QUEEN,0.3006,0.0102,0.6892
CLUBS SIX CLUBS QUEEN,0.3304,0.0112,0.6584
SPADES TEN CLUBS QUEEN,0.309,0.0088,0.6822
CLUBS SIX CLUBS KING,0.3318,0.0058,0.6624
CLUBS SIX CLUBS ACE,0.3382,0.0044,0.6574
HEARTS FIVE HEARTS KING,0.329,0.0082,0.6628
HEARTS FIVE HEARTS QUEEN,0.3502,0.0116,0.6382
CLUBS TEN CLUBS SIX,0.3228,0.0248,0.6524
HEARTS FIVE HEARTS ACE,0.3358,0.0062,0.658
CLUBS SIX CLUBS JACK,0.3308,0.0182,0.651
SPADES SEVEN HEARTS JACK,0.3366,0.0194,0.644
SPADES SEVEN HEARTS TEN,0.3168,0.028,0.6552
DIAMONDS TWO CLUBS TWO,0.3692,0.094,0.5368
DIAMONDS TWO CLUBS THREE,0.6102,0.046,0.3438
HEARTS SIX DIAMONDS TWO,0.5988,0.0438,0.3574
DIAMONDS TWO HEARTS QUEEN,0.3888,0.0112,0.6
DIAMONDS TWO HEARTS SEVEN,0.609,0.0474,0.3436
DIAMONDS TWO HEARTS KING,0.3984,0.0096,0.592
DIAMONDS TWO HEARTS EIGHT,0.6002,0.0444,0.3554
DIAMONDS TWO HEARTS ACE,0.372,0.0052,0.6228
DIAMONDS TWO DIAMONDS QUEEN,0.3584,0.0128,0.6288
DIAMONDS TWO HEARTS TWO,0.3836,0.088,0.5284
DIAMONDS TWO DIAMONDS KING,0.3688,0.0078,0.6234
HEARTS THREE DIAMONDS TWO,0.612,0.0484,0.3396
DIAMONDS TWO DIAMONDS ACE,0.3388,0.0044,0.6568
HEARTS FOUR DIAMONDS TWO,0.6382,0.1104,0.2514
DIAMONDS TWO HEARTS FIVE,0.585,0.044,0.371
SPADES SEVEN HEARTS ACE,0.3414,0.0044,0.6542
DIAMONDS TWO DIAMONDS TEN,0.3718,0.0272,0.601
SPADES SEVEN HEARTS KING,0.352,0.0084,0.6396
DIAMONDS TWO DIAMONDS JACK,0.3658,0.0162,0.618
SPADES SEVEN HEARTS QUEEN,0.3564,0.0086,0.635
DIAMONDS TWO SPADES NINE,0.2566,0.5178,0.2256
DIAMONDS TWO SPADES EIGHT,0.6032,0.0436,0.3532
DIAMONDS TWO SPADES SEVEN,0.5986,0.0474,0.354
DIAMONDS TWO SPADES SIX,0.6036,0.0464,0.35
DIAMONDS TWO SPADES FIVE,0.5674,0.05,0.3826
DIAMONDS TWO SPADES THREE,0.6032,0.0444,0.3524
DIAMONDS TWO SPADES TWO,0.3884,0.0832,0.5284
CLUBS NINE DIAMONDS TWO,0.26,0.5124,0.2276
DIAMONDS TWO CLUBS EIGHT,0.6076,0.0442,0.3482
CLUBS SEVEN DIAMONDS TWO,0.6058,0.0404,0.3538
DIAMONDS TWO CLUBS SIX,0.5884,0.042,0.3696
DIAMONDS TWO CLUBS FIVE,0.5712,0.0492,0.3796
DIAMONDS TWO CLUBS FOUR,0.6172,0.1126,0.2702
CLUBS FOUR SPADES FIVE,0.5996,0.1108,0.2896
CLUBS FOUR SPADES THREE,0.622,0.1078,0.2702
CLUBS FOUR SPADES TWO,0.6376,0.1078,0.2546
SPADES NINE CLUBS FOUR,0.013,0.969,0.018
SPADES EIGHT CLUBS FOUR,0.6336,0.1012,0.2652
SPADES SEVEN CLUBS FOUR,0.6404,0.1022,0.2574
CLUBS FOUR SPADES SIX,0.6174,0.0962,0.2864
SPADES ACE DIAMONDS SIX,0.3714,0.004,0.6246
SPADES QUEEN DIAMONDS SIX,0.36,0.0126,0.6274
SPADES KING DIAMONDS SIX,0.3528,0.0076,0.6396
SPADES TEN DIAMONDS SIX,0.3386,0.027,0.6344
SPADES JACK DIAMONDS SIX,0.3534,0.0156,0.631
SPADES QUEEN SPADES TWO,0.3658,0.0144,0.6198
SPADES KING SPADES TWO,0.3908,0.0094,0.5998
SPADES ACE SPADES TWO,0.3572,0.0046,0.6382
DIAMONDS JACK CLUBS JACK,0.1538,0.0284,0.8178
CLUBS TEN DIAMONDS JACK,0.2956,0.0158,0.6886
DIAMONDS JACK CLUBS KING,0.3182,0.0066,0.6752
DIAMONDS JACK CLUBS QUEEN,0.308,0.0092,0.6828
DIAMONDS THREE DIAMONDS JACK,0.3604,0.0192,0.6204
DIAMONDS THREE DIAMONDS TEN,0.3698,0.0276,0.6026
DIAMONDS JACK CLUBS ACE,0.3338,0.0028,0.6634
DIAMONDS THREE DIAMONDS KING,0.3738,0.0094,0.6168
HEARTS THREE DIAMONDS THREE,0.3686,0.0854,0.546
DIAMONDS THREE DIAMONDS QUEEN,0.3696,0.0126,0.6178
DIAMONDS THREE HEARTS TWO,0.6088,0.0466,0.3446
HEARTS FIVE DIAMONDS THREE,0.5648,0.0528,0.3824
DIAMONDS THREE DIAMONDS ACE,0.3544,0.0052,0.6404
HEARTS FOUR DIAMONDS THREE,0.6242,0.1074,0.2684
DIAMONDS THREE HEARTS SEVEN,0.5948,0.0474,0.3578
SPADES TEN SPADES NINE,0.2174,0.0756,0.707
HEARTS SIX DIAMONDS THREE,0.5896,0.0448,0.3656
SPADES JACK SPADES NINE,0.212,0.058,0.73
HEARTS JACK DIAMONDS FOUR,0.2326,0.061,0.7064
HEARTS ACE HEARTS KING,0.3066,0.004,0.6894
SPADES TEN SPADES TWO,0.3686,0.0292,0.6022
DIAMONDS THREE HEARTS EIGHT,0.6182,0.0416,0.3402
HEARTS TEN DIAMONDS FOUR,0.232,0.0798,0.6882
SPADES JACK SPADES TWO,0.3874,0.016,0.5966
HEARTS QUEEN DIAMONDS FOUR,0.2344,0.0478,0.7178
HEARTS KING DIAMONDS FOUR,0.246,0.0334,0.7206
SPADES ACE SPADES NINE,0.2242,0.0248,0.751
HEARTS ACE DIAMONDS FOUR,0.2248,0.0212,0.754
SPADES KING SPADES NINE,0.2214,0.0276,0.751
SPADES QUEEN SPADES NINE,0.2154,0.047,0.7376
DIAMONDS THREE SPADES NINE,0.2604,0.5144,0.2252
DIAMONDS THREE SPADES EIGHT,0.6016,0.0464,0.352
DIAMONDS THREE SPADES SEVEN,0.6024,0.0494,0.3482
DIAMONDS THREE SPADES SIX,0.5744,0.044,0.3816
DIAMONDS THREE CLUBS SIX,0.5872,0.0438,0.369
CLUBS FIVE CLUBS SIX,0.496,0.0452,0.4588
CLUBS ACE DIAMONDS FOUR,0.226,0.018,0.756
CLUBS SEVEN DIAMONDS THREE,0.5858,0.0458,0.3684
CLUBS SEVEN CLUBS FIVE,0.4986,0.0442,0.4572
DIAMONDS THREE CLUBS FOUR,0.6194,0.1088,0.2718
DIAMONDS FOUR CLUBS QUEEN,0.2324,0.038,0.7296
DIAMONDS THREE CLUBS FIVE,0.5614,0.045,0.3936
CLUBS KING DIAMONDS FOUR,0.2424,0.0292,0.7284
DIAMONDS THREE CLUBS TWO,0.6148,0.0482,0.337
CLUBS TEN DIAMONDS FOUR,0.2298,0.0836,0.6866
DIAMONDS THREE CLUBS THREE,0.374,0.0868,0.5392
DIAMONDS FOUR CLUBS JACK,0.2334,0.061,0.7056
DIAMONDS THREE SPADES FIVE,0.5576,0.0502,0.3922
DIAMONDS THREE SPADES TWO,0.6058,0.0472,0.347
DIAMONDS THREE SPADES THREE,0.3732,0.0898,0.537
CLUBS EIGHT DIAMONDS THREE,0.605,0.0436,0.3514
CLUBS NINE DIAMONDS THREE,0.266,0.5186,0.2154
SPADES SEVEN CLUBS ACE,0.3596,0.0032,0.6372
SPADES SEVEN CLUBS QUEEN,0.3536,0.0064,0.64
SPADES SEVEN CLUBS KING,0.3488,0.0092,0.642
CLUBS FIVE SPADES SEVEN,0.5164,0.0472,0.4364
CLUBS TEN SPADES SEVEN,0.33,0.0242,0.6458
CLUBS FIVE SPADES SIX,0.535,0.0412,0.4238
SPADES SEVEN CLUBS JACK,0.3508,0.0166,0.6326
CLUBS FIVE SPADES NINE,0.2206,0.442,0.3374
CLUBS FIVE SPADES EIGHT,0.5632,0.0438,0.393
CLUBS FIVE SPADES THREE,0.5632,0.0472,0.3896
CLUBS FIVE SPADES TWO,0.5726,0.0496,0.3778
CLUBS FIVE SPADES FIVE,0.2696,0.078,0.6524
CLUBS NINE CLUBS FIVE,0.207,0.4188,0.3742
CLUBS EIGHT CLUBS FIVE,0.5162,0.0476,0.4362
CLUBS ACE CLUBS QUEEN,0.303,0.0038,0.6932
CLUBS KING CLUBS QUEEN,0.3006,0.0076,0.6918
DIAMONDS TEN DIAMONDS FOUR,0.2268,0.0802,0.693
CLUBS TEN DIAMONDS NINE,0.2252,0.0782,0.6966
DIAMONDS JACK DIAMONDS FOUR,0.2342,0.0568,0.709
DIAMONDS NINE CLUBS JACK,0.2326,0.0598,0.7076
SPADES NINE CLUBS JACK,0.2158,0.0616,0.7226
CLUBS TEN SPADES NINE,0.2164,0.075,0.7086
DIAMONDS ACE DIAMONDS FOUR,0.2208,0.0216,0.7576
HEARTS FOUR DIAMONDS FOUR,0.2796,0.0598,0.6606
DIAMONDS JACK HEARTS TEN,0.2878,0.0116,0.7006
SPADES NINE CLUBS KING,0.2272,0.0394,0.7334
DIAMONDS TWO SPADES TEN,0.3804,0.0268,0.5928
DIAMONDS NINE CLUBS ACE,0.2236,0.0266,0.7498
HEARTS FIVE DIAMONDS FOUR,0.6182,0.1078,0.274
DIAMONDS JACK HEARTS JACK,0.1504,0.0292,0.8204
SPADES NINE CLUBS QUEEN,0.2312,0.051,0.7178
DIAMONDS TWO SPADES JACK,0.364,0.0214,0.6146
DIAMONDS QUEEN DIAMONDS FOUR,0.2216,0.04,0.7384
HEARTS TWO DIAMONDS FOUR,0.6494,0.1094,0.2412
DIAMONDS NINE CLUBS QUEEN,0.2288,0.0412,0.73
DIAMONDS KING DIAMONDS FOUR,0.2338,0.0326,0.7336
HEARTS THREE DIAMONDS FOUR,0.626,0.109,0.265
SPADES NINE CLUBS ACE,0.212,0.0272,0.7608
DIAMONDS NINE CLUBS KING,0.2348,0.0414,0.7238
HEARTS ACE DIAMONDS JACK,0.3254,0.0036,0.671
SPADES ACE DIAMONDS TWO,0.37,0.0072,0.6228
HEARTS QUEEN DIAMONDS JACK,0.3158,0.0114,0.6728
SPADES QUEEN DIAMONDS TWO,0.3858,0.0148,0.5994
DIAMONDS JACK HEARTS KING,0.3048,0.0054,0.6898
SPADES KING DIAMONDS TWO,0.3892,0.0094,0.6014
SPADES JACK SPADES SEVEN,0.3372,0.0178,0.645
SPADES TEN SPADES SEVEN,0.3156,0.0238,0.6606
CLUBS SEVEN CLUBS THREE,0.5562,0.0398,0.404
CLUBS SIX CLUBS THREE,0.5414,0.0472,0.4114
CLUBS FIVE CLUBS THREE,0.5334,0.0378,0.4288
CLUBS THREE CLUBS FOUR,0.5804,0.1014,0.3182
CLUBS NINE CLUBS THREE,0.257,0.4906,0.2524
CLUBS EIGHT CLUBS THREE,0.5704,0.0386,0.391
CLUBS THREE SPADES FIVE,0.5702,0.044,0.3858
CLUBS THREE SPADES THREE,0.3802,0.0842,0.5356
CLUBS THREE SPADES TWO,0.6128,0.0492,0.338
CLUBS THREE SPADES SIX,0.589,0.0434,0.3676
CLUBS THREE SPADES SEVEN,0.5962,0.0398,0.364
SPADES EIGHT CLUBS THREE,0.5996,0.043,0.3574
SPADES NINE CLUBS THREE,0.252,0.5238,0.2242
SPADES TWO DIAMONDS FOUR,0.6424,0.1134,0.2442
SPADES THREE DIAMONDS FOUR,0.6062,0.112,0.2818
SPADES FIVE DIAMONDS FOUR,0.601,0.108,0.291
SPADES SIX DIAMONDS FOUR,0.6286,0.1068,0.2646
SPADES SEVEN DIAMONDS FOUR,0.6228,0.1054,0.2718
SPADES EIGHT DIAMONDS FOUR,0.6298,0.1098,0.2604
SPADES NINE DIAMONDS FOUR,0.0108,0.9704,0.0188
CLUBS FIVE DIAMONDS FOUR,0.5896,0.1126,0.2978
CLUBS FOUR DIAMONDS FOUR,0.2728,0.0624,0.6648
CLUBS SEVEN DIAMONDS FOUR,0.6328,0.1018,0.2654
CLUBS SIX DIAMONDS FOUR,0.6064,0.1066,0.287
CLUBS NINE DIAMONDS FOUR,0.0216,0.9582,0.0202
CLUBS EIGHT DIAMONDS FOUR,0.6268,0.1086,0.2646
DIAMONDS FOUR HEARTS SEVEN,0.6244,0.1034,0.2722
HEARTS SIX DIAMONDS FOUR,0.6282,0.1006,0.2712
DIAMONDS FOUR HEARTS EIGHT,0.6422,0.0998,0.258
CLUBS THREE DIAMONDS FOUR,0.6212,0.1062,0.2726
CLUBS TWO DIAMONDS FOUR,0.6278,0.1138,0.2584
DIAMONDS TEN DIAMONDS FIVE,0.335,0.022,0.643
DIAMONDS JACK DIAMONDS FIVE,0.329,0.0176,0.6534
DIAMONDS NINE HEARTS QUEEN,0.2324,0.0466,0.721
DIAMONDS NINE HEARTS KING,0.2188,0.0382,0.743
HEARTS ACE DIAMONDS NINE,0.2186,0.024,0.7574
DIAMONDS NINE HEARTS TEN,0.2176,0.073,0.7094
DIAMONDS NINE HEARTS JACK,0.2174,0.0566,0.726
CLUBS KING DIAMONDS SIX,0.3584,0.0062,0.6354
CLUBS QUEEN DIAMONDS SIX,0.346,0.0108,0.6432
CLUBS ACE DIAMONDS SIX,0.3492,0.0036,0.6472
SPADES KING DIAMONDS FOUR,0.2332,0.0294,0.7374
SPADES ACE SPADES SEVEN,0.3404,0.0066,0.653
SPADES QUEEN DIAMONDS FOUR,0.2358,0.0496,0.7146
SPADES QUEEN SPADES SEVEN,0.3418,0.0116,0.6466
CLUBS JACK DIAMONDS SIX,0.3724,0.0168,0.6108
SPADES KING SPADES SEVEN,0.341,0.0098,0.6492
SPADES ACE DIAMONDS FOUR,0.2414,0.0186,0.74
CLUBS TEN DIAMONDS SIX,0.3442,0.0286,0.6272
CLUBS NINE CLUBS FOUR,0.0224,0.9148,0.0628
CLUBS EIGHT CLUBS FOUR,0.615,0.102,0.283
SPADES JACK DIAMONDS FOUR,0.226,0.0598,0.7142
SPADES TEN DIAMONDS FOUR,0.2214,0.0846,0.694
CLUBS FIVE CLUBS FOUR,0.5704,0.1136,0.316
CLUBS SEVEN CLUBS FOUR,0.5892,0.1048,0.306
CLUBS SIX CLUBS FOUR,0.5874,0.0956,0.317
CLUBS SEVEN SPADES EIGHT,0.5182,0.0384,0.4434
CLUBS SEVEN SPADES NINE,0.211,0.293,0.496
CLUBS SEVEN SPADES SIX,0.524,0.042,0.434
CLUBS SEVEN SPADES SEVEN,0.2548,0.0622,0.683
CLUBS SEVEN SPADES FIVE,0.5316,0.0422,0.4262
CLUBS SEVEN SPADES THREE,0.5856,0.0464,0.368
CLUBS SEVEN SPADES TWO,0.5974,0.046,0.3566
CLUBS NINE CLUBS SEVEN,0.2034,0.2806,0.516
CLUBS SEVEN CLUBS EIGHT,0.489,0.0368,0.4742
HEARTS SIX DIAMONDS FIVE,0.54,0.0458,0.4142
DIAMONDS FIVE HEARTS SEVEN,0.5332,0.0434,0.4234
DIAMONDS FIVE HEARTS EIGHT,0.5474,0.0478,0.4048
DIAMONDS QUEEN DIAMONDS FIVE,0.339,0.0122,0.6488
HEARTS TWO DIAMONDS FIVE,0.575,0.0494,0.3756
HEARTS KING HEARTS EIGHT,0.35,0.0062,0.6438
DIAMONDS KING DIAMONDS FIVE,0.331,0.0066,0.6624
HEARTS THREE DIAMONDS FIVE,0.571,0.0444,0.3846
HEARTS QUEEN HEARTS EIGHT,0.3372,0.0122,0.6506
DIAMONDS ACE DIAMONDS FIVE,0.3298,0.0038,0.6664
HEARTS FOUR DIAMONDS FIVE,0.6038,0.1052,0.291
HEARTS FIVE DIAMONDS FIVE,0.2768,0.0814,0.6418
HEARTS ACE HEARTS EIGHT,0.3324,0.0056,0.662
CLUBS FOUR DIAMONDS FIVE,0.604,0.1118,0.2842
CLUBS FIVE DIAMONDS FIVE,0.2692,0.0802,0.6506
CLUBS SIX DIAMONDS FIVE,0.5254,0.0478,0.4268
CLUBS SEVEN DIAMONDS FIVE,0.5336,0.039,0.4274
CLUBS TWO DIAMONDS FIVE,0.5824,0.0436,0.374
CLUBS THREE DIAMONDS FIVE,0.568,0.0434,0.3886
SPADES THREE DIAMONDS FIVE,0.5682,0.0448,0.387
SPADES TWO DIAMONDS FIVE,0.5828,0.0448,0.3724
SPADES JACK DIAMONDS EIGHT,0.3374,0.0168,0.6458
SPADES FIVE DIAMONDS FIVE,0.2832,0.074,0.6428
CLUBS TEN HEARTS JACK,0.3012,0.0118,0.687
SPADES TEN DIAMONDS EIGHT,0.3228,0.0248,0.6524
HEARTS JACK CLUBS JACK,0.141,0.0324,0.8266
HEARTS JACK CLUBS QUEEN,0.3086,0.0118,0.6796
CLUBS NINE DIAMONDS FIVE,0.2124,0.4572,0.3304
CLUBS KING HEARTS JACK,0.3108,0.0058,0.6834
CLUBS EIGHT DIAMONDS FIVE,0.5568,0.0382,0.405
CLUBS ACE HEARTS JACK,0.3188,0.0046,0.6766
SPADES SEVEN DIAMONDS FIVE,0.5502,0.0408,0.409
SPADES KING DIAMONDS EIGHT,0.367,0.0078,0.6252
SPADES QUEEN DIAMONDS EIGHT,0.335,0.0112,0.6538
SPADES SIX DIAMONDS FIVE,0.5268,0.0454,0.4278
SPADES NINE DIAMONDS FIVE,0.2138,0.4592,0.327
SPADES EIGHT DIAMONDS FIVE,0.5414,0.0386,0.42
SPADES ACE DIAMONDS EIGHT,0.3328,0.004,0.6632
DIAMONDS TEN DIAMONDS SIX,0.3316,0.0236,0.6448
HEARTS ACE DIAMONDS SEVEN,0.3416,0.0054,0.653
DIAMONDS JACK DIAMONDS SIX,0.3454,0.0146,0.64
HEARTS QUEEN DIAMONDS SEVEN,0.3532,0.0126,0.6342
HEARTS KING DIAMONDS SEVEN,0.3594,0.0074,0.6332
DIAMONDS ACE DIAMONDS SIX,0.3296,0.0036,0.6668
HEARTS FOUR DIAMONDS SIX,0.6254,0.1046,0.27
SPADES TWO HEARTS JACK,0.3886,0.0198,0.5916
HEARTS FIVE DIAMONDS SIX,0.5338,0.045,0.4212
SPADES TWO HEARTS TEN,0.391,0.0294,0.5796
DIAMONDS QUEEN DIAMONDS SIX,0.3324,0.0114,0.6562
HEARTS TWO DIAMONDS SIX,0.6028,0.0434,0.3538
DIAMONDS KING DIAMONDS SIX,0.3242,0.0078,0.668
HEARTS THREE DIAMONDS SIX,0.5774,0.0522,0.3704
HEARTS EIGHT DIAMONDS SIX,0.545,0.042,0.413
HEARTS SIX DIAMONDS SIX,0.278,0.0758,0.6462
HEARTS SEVEN DIAMONDS SIX,0.5334,0.0432,0.4234
HEARTS TEN DIAMONDS SEVEN,0.3316,0.026,0.6424
CLUBS TWO DIAMONDS SIX,0.5874,0.043,0.3696
HEARTS JACK DIAMONDS SEVEN,0.343,0.0156,0.6414
CLUBS THREE DIAMONDS SIX,0.5828,0.0462,0.371
CLUBS SEVEN DIAMONDS SIX,0.539,0.0404,0.4206
DIAMONDS EIGHT CLUBS JACK,0.347,0.0172,0.6358
CLUBS SIX DIAMONDS SIX,0.2788,0.0642,0.657
CLUBS TEN DIAMONDS EIGHT,0.3328,0.0198,0.6474
CLUBS FIVE DIAMONDS SIX,0.5294,0.0482,0.4224
CLUBS FOUR DIAMONDS SIX,0.6238,0.1034,0.2728
HEARTS ACE HEARTS JACK,0.3102,0.0036,0.6862
DIAMONDS EIGHT CLUBS ACE,0.3494,0.0044,0.6462
HEARTS QUEEN HEARTS JACK,0.291,0.0114,0.6976
DIAMONDS EIGHT CLUBS KING,0.3548,0.0082,0.637
CLUBS NINE DIAMONDS SIX,0.2224,0.362,0.4156
HEARTS KING HEARTS JACK,0.3064,0.0058,0.6878
DIAMONDS EIGHT CLUBS QUEEN,0.3488,0.0114,0.6398
CLUBS EIGHT DIAMONDS SIX,0.5324,0.04,0.4276
SPADES TEN HEARTS KING,0.3076,0.0076,0.6848
SPADES FIVE DIAMONDS SIX,0.5364,0.0436,0.42
HEARTS ACE SPADES TWO,0.3836,0.0054,0.611
SPADES JACK HEARTS KING,0.2996,0.0062,0.6942
SPADES THREE DIAMONDS SIX,0.5922,0.0418,0.366
HEARTS QUEEN SPADES TWO,0.3904,0.0146,0.595
SPADES ACE SPADES KING,0.2996,0.0064,0.694
SPADES TWO HEARTS KING,0.3876,0.009,0.6034
SPADES TWO DIAMONDS SIX,0.6144,0.0472,0.3384
HEARTS TEN HEARTS EIGHT,0.3158,0.0266,0.6576
SPADES NINE DIAMONDS SIX,0.2288,0.3728,0.3984
HEARTS JACK HEARTS EIGHT,0.3102,0.0158,0.674
SPADES EIGHT DIAMONDS SIX,0.525,0.0432,0.4318
SPADES SEVEN DIAMONDS SIX,0.5244,0.0404,0.4352
SPADES SIX DIAMONDS SIX,0.2682,0.0698,0.662
SPADES KING HEARTS KING,0.1224,0.0118,0.8658
SPADES QUEEN HEARTS KING,0.3046,0.0082,0.6872
CLUBS ACE CLUBS KING,0.2962,0.0048,0.699
SPADES ACE HEARTS KING,0.3146,0.004,0.6814
SPADES ACE HEARTS JACK,0.3016,0.004,0.6944
SPADES QUEEN HEARTS JACK,0.309,0.0124,0.6786
SPADES KING HEARTS JACK,0.3114,0.0096,0.679
SPADES TEN DIAMONDS TEN,0.1398,0.0368,0.8234
SPADES JACK DIAMONDS TEN,0.3018,0.0134,0.6848
SPADES ACE DIAMONDS TEN,0.3204,0.0052,0.6744
SPADES JACK HEARTS JACK,0.1292,0.0286,0.8422
SPADES TEN HEARTS JACK,0.291,0.0138,0.6952
SPADES QUEEN DIAMONDS TEN,0.307,0.011,0.682
SPADES KING DIAMONDS TEN,0.3166,0.0068,0.6766
SPADES NINE DIAMONDS SEVEN,0.2068,0.3,0.4932
SPADES EIGHT DIAMONDS SEVEN,0.5096,0.042,0.4484
SPADES SEVEN DIAMONDS SEVEN,0.2554,0.0732,0.6714
SPADES SIX DIAMONDS SEVEN,0.5314,0.0444,0.4242
DIAMONDS KING DIAMONDS SEVEN,0.3254,0.0084,0.6662
HEARTS THREE DIAMONDS SEVEN,0.5924,0.0474,0.3602
HEARTS KING DIAMONDS FIVE,0.3518,0.0098,0.6384
DIAMONDS QUEEN DIAMONDS SEVEN,0.326,0.0134,0.6606
HEARTS TWO DIAMONDS SEVEN,0.6052,0.0442,0.3506
HEARTS QUEEN DIAMONDS FIVE,0.3598,0.0102,0.63
HEARTS FIVE DIAMONDS SEVEN,0.5488,0.042,0.4092
DIAMONDS ACE DIAMONDS SEVEN,0.3292,0.0062,0.6646
HEARTS FOUR DIAMONDS SEVEN,0.6408,0.1068,0.2524
HEARTS ACE DIAMONDS FIVE,0.347,0.0048,0.6482
HEARTS SEVEN DIAMONDS SEVEN,0.2746,0.0652,0.6602
HEARTS SIX DIAMONDS SEVEN,0.5314,0.0464,0.4222
DIAMONDS SEVEN HEARTS EIGHT,0.5276,0.0418,0.4306
DIAMONDS JACK DIAMONDS SEVEN,0.3188,0.0154,0.6658
DIAMONDS FIVE HEARTS JACK,0.3514,0.0192,0.6294
DIAMONDS TEN DIAMONDS SEVEN,0.3204,0.0252,0.6544
HEARTS TEN DIAMONDS FIVE,0.336,0.0246,0.6394
SPADES KING CLUBS TWO,0.3968,0.0092,0.594
HEARTS KING CLUBS KING,0.125,0.0128,0.8622
CLUBS EIGHT DIAMONDS SEVEN,0.5286,0.041,0.4304
SPADES QUEEN CLUBS TWO,0.3818,0.0132,0.605
HEARTS KING CLUBS QUEEN,0.3254,0.0074,0.6672
CLUBS NINE DIAMONDS SEVEN,0.2242,0.2864,0.4894
SPADES TWO CLUBS JACK,0.397,0.019,0.584
SPADES ACE CLUBS TWO,0.3772,0.006,0.6168
CLUBS TEN SPADES TWO,0.3858,0.0312,0.583
HEARTS KING CLUBS ACE,0.3144,0.0046,0.681
CLUBS SEVEN CLUBS SIX,0.4772,0.0396,0.4832
SPADES TWO CLUBS KING,0.398,0.0106,0.5914
SPADES TWO DIAMONDS SEVEN,0.6122,0.0448,0.343
CLUBS EIGHT CLUBS SIX,0.5072,0.0384,0.4544
SPADES THREE DIAMONDS SEVEN,0.6092,0.0416,0.3492
SPADES TWO CLUBS QUEEN,0.4042,0.0138,0.582
CLUBS NINE CLUBS SIX,0.203,0.3496,0.4474
HEARTS KING CLUBS JACK,0.3198,0.0054,0.6748
SPADES FIVE DIAMONDS SEVEN,0.5424,0.0394,0.4182
SPADES TWO CLUBS ACE,0.3854,0.0058,0.6088
CLUBS TEN HEARTS KING,0.3156,0.0076,0.6768
CLUBS SIX SPADES TWO,0.5936,0.0466,0.3598
CLUBS SIX SPADES THREE,0.569,0.0462,0.3848
CLUBS TWO DIAMONDS SEVEN,0.6086,0.0382,0.3532
CLUBS THREE DIAMONDS SEVEN,0.5826,0.0448,0.3726
CLUBS SIX SPADES FIVE,0.5266,0.044,0.4294
CLUBS FOUR DIAMONDS SEVEN,0.6288,0.106,0.2652
CLUBS SIX SPADES SIX,0.2744,0.0702,0.6554
CLUBS FIVE DIAMONDS SEVEN,0.5382,0.0468,0.415
CLUBS SIX SPADES SEVEN,0.523,0.0428,0.4342
CLUBS SIX DIAMONDS SEVEN,0.529,0.0362,0.4348
CLUBS SIX SPADES EIGHT,0.53,0.0382,0.4318
SPADES JACK CLUBS TWO,0.4018,0.021,0.5772
CLUBS SEVEN DIAMONDS SEVEN,0.2656,0.0638,0.6706
SPADES NINE CLUBS SIX,0.2138,0.3648,0.4214
SPADES TEN CLUBS TWO,0.3766,0.0274,0.596
CLUBS TWO CLUBS QUEEN,0.3656,0.0132,0.6212
CLUBS TWO CLUBS KING,0.3894,0.0074,0.6032
CLUBS THREE DIAMONDS EIGHT,0.591,0.0442,0.3648
CLUBS TWO CLUBS ACE,0.3566,0.0026,0.6408
CLUBS TWO DIAMONDS EIGHT,0.5956,0.0386,0.3658
DIAMONDS EIGHT HEARTS SEVEN,0.5288,0.0426,0.4286
HEARTS SIX DIAMONDS EIGHT,0.5416,0.0436,0.4148
CLUBS TEN CLUBS TWO,0.3586,0.0258,0.6156
DIAMONDS EIGHT HEARTS EIGHT,0.2786,0.0554,0.666
CLUBS TWO CLUBS JACK,0.3532,0.0166,0.6302
CLUBS NINE DIAMONDS EIGHT,0.2302,0.2084,0.5614
CLUBS EIGHT DIAMONDS EIGHT,0.2674,0.0572,0.6754
CLUBS FIVE DIAMONDS EIGHT,0.5506,0.0446,0.4048
SPADES ACE SPADES THREE,0.3576,0.0052,0.6372
CLUBS FOUR DIAMONDS EIGHT,0.6462,0.1008,0.253
CLUBS SEVEN DIAMONDS EIGHT,0.5196,0.0432,0.4372
SPADES QUEEN SPADES THREE,0.3666,0.0136,0.6198
CLUBS SIX DIAMONDS EIGHT,0.5458,0.0406,0.4136
SPADES KING SPADES THREE,0.3796,0.0094,0.611
DIAMONDS QUEEN DIAMONDS EIGHT,0.3224,0.01,0.6676
HEARTS TWO DIAMONDS EIGHT,0.6144,0.0412,0.3444
DIAMONDS KING DIAMONDS EIGHT,0.326,0.0076,0.6664
HEARTS THREE DIAMONDS EIGHT,0.6124,0.0464,0.3412
DIAMONDS ACE DIAMONDS EIGHT,0.32,0.004,0.676
HEARTS FOUR DIAMONDS EIGHT,0.653,0.1074,0.2396
HEARTS FIVE DIAMONDS EIGHT,0.554,0.0418,0.4042
DIAMONDS EIGHT DIAMONDS TEN,0.3016,0.0286,0.6698
DIAMONDS EIGHT DIAMONDS JACK,0.3246,0.015,0.6604
SPADES JACK SPADES THREE,0.3604,0.0192,0.6204
SPADES TEN SPADES THREE,0.3634,0.0272,0.6094
CLUBS FOUR HEARTS ACE,0.231,0.0218,0.7472
CLUBS FOUR HEARTS QUEEN,0.2398,0.0448,0.7154
CLUBS FOUR HEARTS KING,0.2258,0.0316,0.7426
CLUBS SIX HEARTS TEN,0.3362,0.027,0.6368
CLUBS SIX HEARTS JACK,0.3466,0.021,0.6324
SPADES FIVE DIAMONDS EIGHT,0.5404,0.0466,0.413
DIAMONDS EIGHT SPADES TWO,0.6038,0.046,0.3502
DIAMONDS EIGHT SPADES THREE,0.5954,0.0484,0.3562
CLUBS FOUR HEARTS JACK,0.243,0.0546,0.7024
SPADES EIGHT DIAMONDS EIGHT,0.2534,0.062,0.6846
SPADES TEN DIAMONDS QUEEN,0.309,0.01,0.681
SPADES TEN HEARTS TWO,0.383,0.0286,0.5884
SPADES JACK HEARTS EIGHT,0.3324,0.0166,0.651
CLUBS FOUR HEARTS TEN,0.2222,0.0762,0.7016
SPADES NINE DIAMONDS EIGHT,0.2178,0.2294,0.5528
SPADES TEN HEARTS EIGHT,0.3214,0.026,0.6526
SPADES JACK HEARTS TWO,0.3864,0.0174,0.5962
SPADES JACK DIAMONDS QUEEN,0.3178,0.0114,0.6708
SPADES SIX DIAMONDS EIGHT,0.5284,0.0426,0.429
SPADES SEVEN DIAMONDS EIGHT,0.52,0.0426,0.4374
SPADES ACE HEARTS TWO,0.3802,0.0046,0.6152
SPADES ACE DIAMONDS QUEEN,0.3274,0.0024,0.6702
SPADES ACE HEARTS EIGHT,0.3474,0.0078,0.6448
SPADES KING HEARTS EIGHT,0.3612,0.0076,0.6312
SPADES QUEEN HEARTS TWO,0.3796,0.0144,0.606
SPADES QUEEN DIAMONDS QUEEN,0.1292,0.023,0.8478
SPADES KING DIAMONDS QUEEN,0.3242,0.0088,0.667
SPADES KING HEARTS TWO,0.386,0.0092,0.6048
SPADES QUEEN HEARTS EIGHT,0.356,0.0142,0.6298
CLUBS TWO HEARTS TEN,0.3754,0.0316,0.593
CLUBS TWO HEARTS JACK,0.3922,0.0218,0.586
SPADES SEVEN DIAMONDS NINE,0.2192,0.2922,0.4886
SPADES SIX DIAMONDS NINE,0.218,0.3614,0.4206
SPADES NINE DIAMONDS NINE,0.0696,0.0724,0.858
SPADES EIGHT DIAMONDS NINE,0.2102,0.2268,0.563
SPADES TEN CLUBS KING,0.3232,0.0038,0.673
DIAMONDS NINE SPADES THREE,0.2644,0.5206,0.215
SPADES JACK CLUBS KING,0.316,0.0062,0.6778
DIAMONDS NINE SPADES TWO,0.2482,0.5378,0.214
DIAMONDS NINE SPADES FIVE,0.2074,0.4628,0.3298
CLUBS NINE DIAMONDS NINE,0.0916,0.0792,0.8292
CLUBS EIGHT DIAMONDS NINE,0.2178,0.2278,0.5544
CLUBS SIX DIAMONDS NINE,0.2238,0.3636,0.4126
SPADES JACK CLUBS FOUR,0.2296,0.0576,0.7128
CLUBS SEVEN DIAMONDS NINE,0.2364,0.28,0.4836
SPADES TEN CLUBS FOUR,0.2328,0.079,0.6882
CLUBS FOUR DIAMONDS NINE,0.0222,0.9562,0.0216
CLUBS FIVE DIAMONDS NINE,0.2148,0.4576,0.3276
DIAMONDS NINE CLUBS TWO,0.2594,0.5282,0.2124
CLUBS THREE DIAMONDS NINE,0.2474,0.5316,0.221
DIAMONDS NINE HEARTS EIGHT,0.2216,0.2216,0.5568
HEARTS SIX DIAMONDS NINE,0.2296,0.3694,0.401
DIAMONDS NINE HEARTS SEVEN,0.228,0.2882,0.4838
CLUBS NINE CLUBS EIGHT,0.2072,0.2096,0.5832
DIAMONDS ACE DIAMONDS NINE,0.2114,0.021,0.7676
HEARTS FOUR DIAMONDS NINE,0.017,0.973,0.01
HEARTS FIVE DIAMONDS NINE,0.212,0.4582,0.3298
HEARTS ACE CLUBS TWO,0.3762,0.0054,0.6184
SPADES ACE CLUBS FOUR,0.237,0.0234,0.7396
DIAMONDS QUEEN DIAMONDS NINE,0.2156,0.0474,0.737
HEARTS TWO DIAMONDS NINE,0.2554,0.5364,0.2082
CLUBS TWO HEARTS KING,0.3844,0.0112,0.6044
SPADES KING CLUBS FOUR,0.2406,0.0318,0.7276
DIAMONDS KING DIAMONDS NINE,0.216,0.0322,0.7518
HEARTS THREE DIAMONDS NINE,0.2552,0.537,0.2078
CLUBS TWO HEARTS QUEEN,0.3962,0.0114,0.5924
SPADES QUEEN CLUBS FOUR,0.2262,0.045,0.7288
DIAMONDS NINE DIAMONDS JACK,0.2026,0.0548,0.7426
CLUBS EIGHT SPADES NINE,0.204,0.2304,0.5656
DIAMONDS NINE DIAMONDS TEN,0.2062,0.0742,0.7196
CLUBS EIGHT SPADES EIGHT,0.271,0.0558,0.6732
CLUBS EIGHT SPADES SEVEN,0.5264,0.0412,0.4324
CLUBS EIGHT SPADES SIX,0.5404,0.0376,0.422
CLUBS EIGHT SPADES FIVE,0.5536,0.0398,0.4066
CLUBS EIGHT SPADES THREE,0.6108,0.045,0.3442
CLUBS EIGHT SPADES TWO,0.614,0.0472,0.3388
HEARTS SIX DIAMONDS TEN,0.3596,0.0282,0.6122
DIAMONDS TEN HEARTS SEVEN,0.346,0.0276,0.6264
DIAMONDS TEN HEARTS EIGHT,0.3364,0.0246,0.639
CLUBS FOUR CLUBS JACK,0.217,0.055,0.728
CLUBS TEN CLUBS FOUR,0.2322,0.0806,0.6872
CLUBS FOUR CLUBS KING,0.2376,0.0368,0.7256
CLUBS FOUR CLUBS QUEEN,0.2136,0.0442,0.7422
CLUBS TWO DIAMONDS TEN,0.382,0.027,0.591
CLUBS THREE DIAMONDS TEN,0.3824,0.0232,0.5944
CLUBS FOUR CLUBS ACE,0.2138,0.0198,0.7664
DIAMONDS JACK DIAMONDS TEN,0.2886,0.0148,0.6966
DIAMONDS QUEEN DIAMONDS TEN,0.2904,0.009,0.7006
HEARTS TWO DIAMONDS TEN,0.3978,0.0292,0.573
DIAMONDS KING DIAMONDS TEN,0.2986,0.0056,0.6958
HEARTS THREE DIAMONDS TEN,0.3986,0.0238,0.5776
DIAMONDS ACE DIAMONDS TEN,0.31,0.0044,0.6856
HEARTS FOUR DIAMONDS TEN,0.2268,0.081,0.6922
CLUBS EIGHT HEARTS JACK,0.3356,0.0172,0.6472
HEARTS FIVE DIAMONDS TEN,0.3612,0.0264,0.6124
CLUBS EIGHT HEARTS TEN,0.3194,0.025,0.6556
CLUBS EIGHT HEARTS QUEEN,0.355,0.0126,0.6324
CLUBS EIGHT HEARTS KING,0.3518,0.0066,0.6416
CLUBS EIGHT HEARTS ACE,0.3454,0.0046,0.65
CLUBS NINE SPADES THREE,0.2564,0.534,0.2096
CLUBS NINE SPADES TWO,0.2718,0.519,0.2092
CLUBS NINE SPADES FIVE,0.2112,0.443,0.3458
CLUBS NINE SPADES SEVEN,0.207,0.3014,0.4916
CLUBS NINE SPADES SIX,0.2164,0.374,0.4096
CLUBS NINE SPADES NINE,0.0846,0.0722,0.8432
CLUBS TEN HEARTS EIGHT,0.329,0.0252,0.6458
CLUBS NINE SPADES EIGHT,0.2106,0.2372,0.5522
CLUBS JACK HEARTS EIGHT,0.351,0.016,0.633
CLUBS QUEEN HEARTS EIGHT,0.3476,0.0122,0.6402
CLUBS KING HEARTS EIGHT,0.3714,0.0062,0.6224
CLUBS ACE HEARTS EIGHT,0.3508,0.0038,0.6454
SPADES KING CLUBS KING,0.1302,0.0138,0.856
SPADES QUEEN CLUBS KING,0.3248,0.0068,0.6684
SPADES ACE CLUBS KING,0.3286,0.0044,0.667
DIAMONDS ACE HEARTS TEN,0.307,0.004,0.689
HEARTS FOUR HEARTS TEN,0.2326,0.0794,0.688
DIAMONDS ACE HEARTS JACK,0.3196,0.0044,0.676
HEARTS FOUR HEARTS JACK,0.2342,0.0632,0.7026
SPADES KING CLUBS FIVE,0.3404,0.0098,0.6498
SPADES QUEEN CLUBS FIVE,0.3596,0.01,0.6304
SPADES ACE CLUBS FIVE,0.331,0.0048,0.6642
DIAMONDS JACK HEARTS SEVEN,0.3516,0.0182,0.6302
HEARTS SIX DIAMONDS JACK,0.3602,0.017,0.6228
DIAMONDS JACK HEARTS EIGHT,0.331,0.0172,0.6518
DIAMONDS KING DIAMONDS JACK,0.2986,0.0056,0.6958
HEARTS THREE DIAMONDS JACK,0.3936,0.016,0.5904
SPADES ACE SPADES SIX,0.3404,0.004,0.6556
DIAMONDS QUEEN DIAMONDS JACK,0.2998,0.0122,0.688
HEARTS TWO DIAMONDS JACK,0.3948,0.0186,0.5866
HEARTS FIVE DIAMONDS JACK,0.359,0.0172,0.6238
SPADES QUEEN SPADES SIX,0.3414,0.0116,0.647
DIAMONDS ACE DIAMONDS JACK,0.2948,0.004,0.7012
HEARTS FOUR DIAMONDS JACK,0.2366,0.0608,0.7026
SPADES KING SPADES SIX,0.3438,0.007,0.6492
SPADES TEN SPADES SIX,0.3278,0.023,0.6492
SPADES JACK SPADES SIX,0.3418,0.0148,0.6434
SPADES FIVE DIAMONDS JACK,0.344,0.0222,0.6338
DIAMONDS JACK SPADES TWO,0.3902,0.0178,0.592
SPADES THREE DIAMONDS JACK,0.3908,0.0196,0.5896
SPADES ACE DIAMONDS THREE,0.3724,0.0046,0.623
SPADES QUEEN DIAMONDS THREE,0.388,0.0142,0.5978
CLUBS EIGHT DIAMONDS JACK,0.323,0.0176,0.6594
SPADES KING DIAMONDS THREE,0.3694,0.0124,0.6182
CLUBS NINE DIAMONDS JACK,0.2354,0.0532,0.7114
CLUBS SIX DIAMONDS JACK,0.3504,0.016,0.6336
CLUBS SEVEN DIAMONDS JACK,0.3522,0.0186,0.6292
CLUBS FOUR DIAMONDS JACK,0.241,0.0536,0.7054
CLUBS FIVE DIAMONDS JACK,0.3626,0.014,0.6234
CLUBS TWO DIAMONDS JACK,0.3906,0.0162,0.5932
CLUBS THREE DIAMONDS JACK,0.382,0.0198,0.5982
SPADES TEN CLUBS FIVE,0.3588,0.029,0.6122
HEARTS SIX SPADES JACK,0.3476,0.0172,0.6352
HEARTS SIX SPADES TEN,0.3334,0.0274,0.6392
SPADES JACK CLUBS FIVE,0.3506,0.0196,0.6298
SPADES JACK DIAMONDS THREE,0.3886,0.0236,0.5878
CLUBS SEVEN CLUBS ACE,0.3262,0.0044,0.6694
DIAMONDS THREE SPADES TEN,0.3908,0.0272,0.582
CLUBS SEVEN CLUBS QUEEN,0.341,0.0118,0.6472
CLUBS SEVEN CLUBS KING,0.3292,0.0066,0.6642
SPADES NINE DIAMONDS JACK,0.2162,0.0636,0.7202
CLUBS TEN CLUBS SEVEN,0.3228,0.023,0.6542
DIAMONDS ACE HEARTS ACE,0.1248,0.0044,0.8708
HEARTS FOUR HEARTS ACE,0.2296,0.0192,0.7512
SPADES EIGHT DIAMONDS JACK,0.3346,0.0198,0.6456
SPADES ACE HEARTS SIX,0.3454,0.0058,0.6488
CLUBS SEVEN CLUBS JACK,0.3246,0.0182,0.6572
DIAMONDS ACE HEARTS KING,0.3154,0.0054,0.6792
HEARTS FOUR HEARTS KING,0.2352,0.0288,0.736
SPADES SEVEN DIAMONDS JACK,0.3464,0.0168,0.6368
SPADES KING HEARTS SIX,0.3598,0.011,0.6292
DIAMONDS ACE HEARTS QUEEN,0.3162,0.004,0.6798
HEARTS FOUR HEARTS QUEEN,0.2286,0.0464,0.725
SPADES QUEEN HEARTS SIX,0.3462,0.0132,0.6406
SPADES SIX DIAMONDS JACK,0.3472,0.0172,0.6356
SPADES TWO DIAMONDS TEN,0.3868,0.0318,0.5814
SPADES THREE DIAMONDS TEN,0.3924,0.0268,0.5808
SPADES FIVE DIAMONDS TEN,0.3502,0.026,0.6238
SPADES SIX DIAMONDS TEN,0.3438,0.0294,0.6268
SPADES SEVEN DIAMONDS TEN,0.3376,0.0288,0.6336
SPADES EIGHT DIAMONDS TEN,0.3222,0.0232,0.6546
SPADES NINE DIAMONDS TEN,0.2212,0.0758,0.703
CLUBS FOUR DIAMONDS TEN,0.236,0.082,0.682
CLUBS FIVE DIAMONDS TEN,0.3662,0.0218,0.612
CLUBS SIX DIAMONDS TEN,0.3504,0.026,0.6236
CLUBS SEVEN DIAMONDS TEN,0.3426,0.0236,0.6338
CLUBS EIGHT DIAMONDS TEN,0.3394,0.0198,0.6408
CLUBS NINE DIAMONDS TEN,0.2224,0.0714,0.7062
DIAMONDS THREE CLUBS JACK,0.4002,0.0184,0.5814
CLUBS TEN DIAMONDS THREE,0.3832,0.0314,0.5854
DIAMONDS THREE CLUBS KING,0.392,0.0058,0.6022
DIAMONDS THREE CLUBS QUEEN,0.39,0.0106,0.5994
DIAMONDS THREE CLUBS ACE,0.3792,0.004,0.6168
SPADES FIVE SPADES TWO,0.5418,0.046,0.4122
SPADES THREE SPADES TWO,0.5936,0.0438,0.3626
SPADES NINE SPADES TWO,0.2598,0.4888,0.2514
SPADES EIGHT SPADES TWO,0.5686,0.041,0.3904
SPADES SEVEN SPADES TWO,0.5812,0.0388,0.38
SPADES SIX SPADES TWO,0.5378,0.0432,0.419
DIAMONDS QUEEN CLUBS THREE,0.3874,0.0134,0.5992
CLUBS THREE HEARTS TWO,0.6204,0.0462,0.3334
DIAMONDS QUEEN CLUBS TWO,0.3942,0.0136,0.5922
HEARTS TWO CLUBS TWO,0.3924,0.0878,0.5198
DIAMONDS QUEEN HEARTS SEVEN,0.351,0.014,0.635
HEARTS TWO HEARTS SEVEN,0.5834,0.0412,0.3754
HEARTS SIX DIAMONDS QUEEN,0.353,0.0116,0.6354
HEARTS SIX HEARTS TWO,0.5682,0.0418,0.39
DIAMONDS QUEEN HEARTS EIGHT,0.3576,0.0122,0.6302
HEARTS TWO HEARTS EIGHT,0.5742,0.0434,0.3824
CLUBS NINE HEARTS TWO,0.2778,0.5182,0.204
CLUBS NINE DIAMONDS QUEEN,0.2214,0.0418,0.7368
CLUBS EIGHT HEARTS TWO,0.5928,0.0456,0.3616
CLUBS EIGHT DIAMONDS QUEEN,0.3628,0.0114,0.6258
CLUBS FIVE DIAMONDS QUEEN,0.3504,0.0128,0.6368
CLUBS FIVE HEARTS TWO,0.5848,0.049,0.3662
SPADES EIGHT HEARTS ACE,0.3372,0.0038,0.659
DIAMONDS QUEEN CLUBS FOUR,0.2526,0.0418,0.7056
HEARTS TWO CLUBS FOUR,0.636,0.1056,0.2584
CLUBS SEVEN DIAMONDS QUEEN,0.3608,0.012,0.6272
CLUBS SEVEN HEARTS TWO,0.6106,0.0464,0.343
SPADES EIGHT HEARTS QUEEN,0.334,0.0118,0.6542
CLUBS SIX DIAMONDS QUEEN,0.3568,0.0098,0.6334
CLUBS SIX HEARTS TWO,0.5912,0.0424,0.3664
SPADES EIGHT HEARTS KING,0.3454,0.008,0.6466
HEARTS TWO SPADES SIX,0.5952,0.046,0.3588
DIAMONDS QUEEN SPADES SIX,0.357,0.0128,0.6302
HEARTS FOUR CLUBS QUEEN,0.2438,0.0436,0.7126
DIAMONDS ACE CLUBS QUEEN,0.3366,0.004,0.6594
DIAMONDS QUEEN SPADES SEVEN,0.3528,0.0124,0.6348
HEARTS TWO SPADES SEVEN,0.6076,0.0426,0.3498
HEARTS FOUR CLUBS KING,0.2496,0.0324,0.718
DIAMONDS ACE CLUBS KING,0.327,0.0036,0.6694
DIAMONDS QUEEN SPADES EIGHT,0.3476,0.0112,0.6412
SPADES EIGHT HEARTS TWO,0.6016,0.0424,0.356
HEARTS FOUR CLUBS ACE,0.2356,0.0238,0.7406
DIAMONDS ACE CLUBS ACE,0.1342,0.0028,0.863
SPADES NINE DIAMONDS QUEEN,0.2344,0.0462,0.7194
SPADES NINE HEARTS TWO,0.2574,0.5308,0.2118
HEARTS TWO SPADES TWO,0.3866,0.0922,0.5212
DIAMONDS QUEEN SPADES TWO,0.394,0.0112,0.5948
HEARTS TWO SPADES THREE,0.6212,0.0464,0.3324
DIAMONDS QUEEN SPADES THREE,0.3874,0.012,0.6006
HEARTS FOUR CLUBS TEN,0.2372,0.0832,0.6796
CLUBS TEN DIAMONDS ACE,0.3126,0.0028,0.6846
HEARTS TWO SPADES FIVE,0.5744,0.0472,0.3784
DIAMONDS QUEEN SPADES FIVE,0.3446,0.0142,0.6412
HEARTS FOUR CLUBS JACK,0.242,0.0602,0.6978
DIAMONDS ACE CLUBS JACK,0.3288,0.0032,0.668
CLUBS FIVE CLUBS KING,0.34,0.0068,0.6532
CLUBS FIVE CLUBS QUEEN,0.3354,0.0132,0.6514
CLUBS FIVE CLUBS ACE,0.3292,0.0042,0.6666
CLUBS FIVE CLUBS JACK,0.3338,0.0182,0.648
CLUBS TEN CLUBS FIVE,0.3296,0.0252,0.6452
SPADES KING CLUBS JACK,0.318,0.01,0.672
SPADES QUEEN CLUBS JACK,0.3134,0.0106,0.676
SPADES ACE CLUBS JACK,0.3168,0.0036,0.6796
SPADES SIX CLUBS KING,0.3576,0.0066,0.6358
SPADES SIX CLUBS QUEEN,0.3422,0.0126,0.6452
SPADES EIGHT HEARTS JACK,0.3268,0.0162,0.657
SPADES SIX CLUBS ACE,0.3376,0.003,0.6594
SPADES EIGHT HEARTS TEN,0.3246,0.0284,0.647
SPADES SIX CLUBS JACK,0.3624,0.0172,0.6204
CLUBS TEN SPADES SIX,0.3272,0.0262,0.6466
SPADES TEN CLUBS JACK,0.2974,0.0106,0.692
SPADES JACK CLUBS JACK,0.1426,0.0344,0.823
SPADES QUEEN CLUBS SEVEN,0.3598,0.0104,0.6298
SPADES KING CLUBS SEVEN,0.3462,0.006,0.6478
SPADES ACE CLUBS SEVEN,0.3502,0.005,0.6448
SPADES SIX HEARTS TEN,0.3378,0.0272,0.635
SPADES SIX HEARTS JACK,0.3562,0.0184,0.6254
SPADES SIX HEARTS ACE,0.3424,0.005,0.6526
SPADES SIX HEARTS KING,0.337,0.0104,0.6526
SPADES SIX HEARTS QUEEN,0.34,0.016,0.644
CLUBS SEVEN SPADES JACK,0.3446,0.0162,0.6392
CLUBS SEVEN SPADES TEN,0.325,0.0274,0.6476
CLUBS TEN HEARTS SIX,0.3438,0.0258,0.6304
HEARTS SIX CLUBS JACK,0.3528,0.0176,0.6296
CLUBS ACE CLUBS JACK,0.298,0.0044,0.6976
HEARTS SIX CLUBS QUEEN,0.361,0.0118,0.6272
HEARTS SIX CLUBS KING,0.3574,0.0106,0.632
HEARTS SIX CLUBS ACE,0.3604,0.004,0.6356
CLUBS QUEEN CLUBS JACK,0.2888,0.0082,0.703
CLUBS KING CLUBS JACK,0.288,0.0076,0.7044
DIAMONDS THREE HEARTS ACE,0.3576,0.005,0.6374
DIAMONDS THREE HEARTS QUEEN,0.3832,0.013,0.6038
DIAMONDS THREE HEARTS KING,0.3802,0.0088,0.611
CLUBS FIVE HEARTS JACK,0.3392,0.0214,0.6394
SPADES TEN DIAMONDS ACE,0.3118,0.0056,0.6826
HEARTS FOUR SPADES TEN,0.2246,0.0824,0.693
CLUBS FIVE HEARTS TEN,0.344,0.028,0.628
HEARTS FOUR SPADES JACK,0.2272,0.0578,0.715
SPADES JACK DIAMONDS ACE,0.3292,0.006,0.6648
SPADES ACE HEARTS FOUR,0.2336,0.017,0.7494
SPADES ACE DIAMONDS ACE,0.1244,0.0056,0.87
CLUBS FIVE HEARTS ACE,0.3434,0.005,0.6516
CLUBS FIVE HEARTS KING,0.3586,0.0086,0.6328
HEARTS FOUR SPADES QUEEN,0.2336,0.047,0.7194
SPADES QUEEN DIAMONDS ACE,0.317,0.0032,0.6798
CLUBS FIVE HEARTS QUEEN,0.3504,0.0128,0.6368
SPADES KING DIAMONDS ACE,0.318,0.004,0.678
HEARTS FOUR SPADES KING,0.2402,0.0368,0.723
DIAMONDS QUEEN DIAMONDS ACE,0.3068,0.004,0.6892
HEARTS TWO DIAMONDS ACE,0.371,0.0054,0.6236
HEARTS FOUR DIAMONDS QUEEN,0.2452,0.045,0.7098
HEARTS FOUR HEARTS TWO,0.626,0.1016,0.2724
DIAMONDS THREE HEARTS TEN,0.384,0.0296,0.5864
HEARTS FIVE DIAMONDS QUEEN,0.3572,0.0122,0.6306
HEARTS FIVE HEARTS TWO,0.562,0.0474,0.3906
DIAMONDS THREE HEARTS JACK,0.3664,0.0206,0.613
DIAMONDS QUEEN HEARTS TWO,0.3974,0.013,0.5896
DIAMONDS KING DIAMONDS QUEEN,0.3168,0.0068,0.6764
DIAMONDS KING HEARTS TWO,0.4054,0.0086,0.586
HEARTS THREE DIAMONDS QUEEN,0.3954,0.0146,0.59
HEARTS THREE HEARTS TWO,0.5772,0.0486,0.3742
HEARTS TWO CLUBS ACE,0.3974,0.0044,0.5982
DIAMONDS QUEEN CLUBS ACE,0.3216,0.0046,0.6738
HEARTS TWO CLUBS QUEEN,0.3938,0.013,0.5932
DIAMONDS QUEEN CLUBS QUEEN,0.1488,0.0198,0.8314
HEARTS TWO CLUBS KING,0.4002,0.0066,0.5932
DIAMONDS QUEEN CLUBS KING,0.3318,0.0076,0.6606
SPADES EIGHT SPADES FIVE,0.525,0.0436,0.4314
CLUBS TEN HEARTS TWO,0.388,0.0272,0.5848
CLUBS TEN DIAMONDS QUEEN,0.3164,0.011,0.6726
SPADES NINE SPADES FIVE,0.2094,0.4264,0.3642
HEARTS TWO CLUBS JACK,0.3832,0.0244,0.5924
DIAMONDS QUEEN CLUBS JACK,0.315,0.0098,0.6752
SPADES SIX SPADES FIVE,0.511,0.0432,0.4458
SPADES SEVEN SPADES FIVE,0.5098,0.0508,0.4394
DIAMONDS FIVE CLUBS QUEEN,0.3522,0.01,0.6378
SPADES EIGHT CLUBS ACE,0.3492,0.0032,0.6476
