opposingHand,winningChance,drawChance,lostChance
SPADES NINE SPADES EIGHT
HEARTS FIVE SPADES TEN,0.464,0.0242,0.5118
SPADES JACK HEARTS FIVE,0.458,0.0166,0.5254
SPADES FIVE CLUBS JACK,0.4728,0.0172,0.51
SPADES FIVE CLUBS TEN,0.4632,0.023,0.5138
CLUBS EIGHT CLUBS JACK,0.293,0.0504,0.6566
CLUBS EIGHT CLUBS TEN,0.29,0.068,0.642
CLUBS EIGHT CLUBS KING,0.3124,0.0306,0.657
SPADES FIVE CLUBS ACE,0.463,0.0052,0.5318
CLUBS EIGHT CLUBS QUEEN,0.3072,0.0344,0.6584
SPADES FIVE CLUBS KING,0.4714,0.0082,0.5204
SPADES FIVE CLUBS QUEEN,0.4656,0.0126,0.5218
CLUBS EIGHT CLUBS ACE,0.314,0.0182,0.6678
DIAMONDS TWO DIAMONDS THREE,0.6144,0.036,0.3496
DIAMONDS TWO DIAMONDS FIVE,0.607,0.0374,0.3556
SPADES KING HEARTS FIVE,0.4652,0.0086,0.5262
DIAMONDS TWO DIAMONDS FOUR,0.6116,0.0392,0.3492
SPADES QUEEN HEARTS FIVE,0.454,0.0124,0.5336
DIAMONDS TWO DIAMONDS SEVEN,0.6644,0.0364,0.2992
DIAMONDS TWO DIAMONDS SIX,0.624,0.0372,0.3388
SPADES ACE HEARTS FIVE,0.4402,0.0058,0.554
DIAMONDS TWO DIAMONDS NINE,0.5336,0.2054,0.261
DIAMONDS TWO DIAMONDS EIGHT,0.6512,0.1008,0.248
DIAMONDS THREE DIAMONDS FOUR,0.6046,0.035,0.3604
CLUBS TWO SPADES FOUR,0.6598,0.044,0.2962
DIAMONDS THREE DIAMONDS FIVE,0.6028,0.0408,0.3564
CLUBS TWO SPADES FIVE,0.645,0.0386,0.3164
CLUBS TWO SPADES TWO,0.4734,0.0674,0.4592
CLUBS TWO SPADES THREE,0.6416,0.037,0.3214
DIAMONDS THREE DIAMONDS EIGHT,0.6416,0.1044,0.254
DIAMONDS THREE DIAMONDS NINE,0.5368,0.2086,0.2546
DIAMONDS THREE DIAMONDS SIX,0.6252,0.0388,0.336
SPADES SIX CLUBS TWO,0.6662,0.035,0.2988
DIAMONDS THREE DIAMONDS SEVEN,0.6378,0.0336,0.3286
SPADES SEVEN CLUBS TWO,0.678,0.042,0.28
CLUBS SIX CLUBS TWO,0.6314,0.036,0.3326
CLUBS SEVEN CLUBS TWO,0.6534,0.037,0.3096
CLUBS FOUR CLUBS TWO,0.6168,0.0358,0.3474
CLUBS FIVE CLUBS TWO,0.6188,0.034,0.3472
CLUBS JACK CLUBS TEN,0.3536,0.0118,0.6346
DIAMONDS FOUR DIAMONDS SIX,0.6076,0.0372,0.3552
CLUBS QUEEN CLUBS TEN,0.3616,0.007,0.6314
DIAMONDS FOUR DIAMONDS SEVEN,0.6264,0.0356,0.338
CLUBS KING CLUBS TEN,0.3816,0.0068,0.6116
CLUBS ACE CLUBS TEN,0.3778,0.0028,0.6194
CLUBS EIGHT CLUBS TWO,0.64,0.092,0.268
DIAMONDS FIVE DIAMONDS FOUR,0.594,0.0326,0.3734
CLUBS NINE CLUBS TWO,0.557,0.203,0.24
DIAMONDS NINE DIAMONDS FOUR,0.5384,0.2028,0.2588
DIAMONDS EIGHT DIAMONDS FOUR,0.637,0.098,0.265
CLUBS TWO CLUBS THREE,0.6184,0.0334,0.3482
DIAMONDS NINE DIAMONDS FIVE,0.538,0.2004,0.2616
DIAMONDS TWO CLUBS JACK,0.4878,0.0146,0.4976
DIAMONDS EIGHT DIAMONDS FIVE,0.6248,0.0994,0.2758
DIAMONDS TWO CLUBS TEN,0.4734,0.0232,0.5034
DIAMONDS FIVE DIAMONDS SEVEN,0.6118,0.0332,0.355
DIAMONDS FIVE DIAMONDS SIX,0.5966,0.0358,0.3676
DIAMONDS TWO CLUBS ACE,0.472,0.0036,0.5244
DIAMONDS TWO CLUBS KING,0.4736,0.0078,0.5186
DIAMONDS TWO CLUBS QUEEN,0.4766,0.0112,0.5122
DIAMONDS EIGHT DIAMONDS SIX,0.6232,0.103,0.2738
DIAMONDS NINE DIAMONDS SIX,0.538,0.2112,0.2508
SPADES THREE HEARTS ACE,0.4606,0.0048,0.5346
HEARTS KING SPADES THREE,0.4662,0.0084,0.5254
DIAMONDS SEVEN DIAMONDS SIX,0.6196,0.0348,0.3456
SPADES THREE HEARTS QUEEN,0.4796,0.0132,0.5072
SPADES THREE HEARTS JACK,0.4852,0.0158,0.499
SPADES THREE HEARTS TEN,0.4606,0.0246,0.5148
DIAMONDS EIGHT DIAMONDS SEVEN,0.62,0.104,0.276
DIAMONDS NINE DIAMONDS SEVEN,0.537,0.1994,0.2636
DIAMONDS NINE DIAMONDS EIGHT,0.0716,0.8582,0.0702
DIAMONDS KING HEARTS TEN,0.4082,0.0068,0.585
HEARTS THREE HEARTS TEN,0.4552,0.0232,0.5216
CLUBS SIX SPADES JACK,0.4722,0.0134,0.5144
DIAMONDS KING HEARTS JACK,0.3968,0.0048,0.5984
HEARTS THREE HEARTS JACK,0.4542,0.0158,0.53
CLUBS SIX SPADES TEN,0.4518,0.0242,0.524
SPADES JACK SPADES FIVE,0.4282,0.017,0.5548
SPADES TEN SPADES FIVE,0.4302,0.0276,0.5422
DIAMONDS KING HEARTS ACE,0.4016,0.0044,0.594
HEARTS THREE HEARTS ACE,0.448,0.0054,0.5466
SPADES ACE CLUBS SIX,0.4442,0.004,0.5518
DIAMONDS KING HEARTS QUEEN,0.3932,0.006,0.6008
HEARTS THREE HEARTS QUEEN,0.4478,0.01,0.5422
SPADES KING CLUBS SIX,0.4694,0.0068,0.5238
DIAMONDS KING HEARTS KING,0.231,0.0124,0.7566
HEARTS THREE HEARTS KING,0.4524,0.0084,0.5392
SPADES QUEEN CLUBS SIX,0.4604,0.0096,0.53
SPADES QUEEN SPADES FIVE,0.4138,0.0116,0.5746
SPADES KING SPADES FIVE,0.4254,0.008,0.5666
SPADES ACE SPADES FIVE,0.4018,0.008,0.5902
SPADES JACK CLUBS TEN,0.3678,0.0158,0.6164
SPADES TEN CLUBS TEN,0.1852,0.037,0.7778
SPADES ACE CLUBS TEN,0.3848,0.0064,0.6088
SPADES KING CLUBS TEN,0.3818,0.0092,0.609
SPADES QUEEN CLUBS TEN,0.3822,0.0116,0.6062
SPADES FIVE HEARTS QUEEN,0.4796,0.0114,0.509
SPADES FIVE HEARTS KING,0.4602,0.0084,0.5314
SPADES FIVE HEARTS ACE,0.457,0.0048,0.5382
CLUBS EIGHT SPADES TEN,0.285,0.073,0.642
HEARTS THREE SPADES JACK,0.4582,0.0154,0.5264
SPADES JACK DIAMONDS KING,0.3852,0.0072,0.6076
SPADES TEN DIAMONDS KING,0.3862,0.006,0.6078
HEARTS THREE SPADES TEN,0.4712,0.0238,0.505
CLUBS EIGHT SPADES JACK,0.2926,0.055,0.6524
SPADES ACE CLUBS EIGHT,0.3158,0.0206,0.6636
HEARTS FIVE CLUBS JACK,0.4566,0.0184,0.525
CLUBS SIX HEARTS ACE,0.469,0.004,0.527
HEARTS FIVE CLUBS TEN,0.4866,0.0246,0.4888
CLUBS EIGHT SPADES QUEEN,0.308,0.042,0.65
SPADES THREE CLUBS TEN,0.4706,0.0232,0.5062
CLUBS SIX HEARTS QUEEN,0.478,0.0066,0.5154
CLUBS EIGHT SPADES KING,0.3156,0.0276,0.6568
SPADES THREE CLUBS JACK,0.4738,0.0194,0.5068
CLUBS SIX HEARTS KING,0.4664,0.0096,0.524
DIAMONDS TWO HEARTS JACK,0.4866,0.0168,0.4966
SPADES THREE CLUBS QUEEN,0.4876,0.0126,0.4998
DIAMONDS TWO HEARTS TEN,0.4788,0.0236,0.4976
SPADES THREE CLUBS KING,0.4714,0.0094,0.5192
HEARTS FIVE CLUBS ACE,0.458,0.0046,0.5374
SPADES FIVE HEARTS TEN,0.4608,0.0268,0.5124
SPADES THREE CLUBS ACE,0.4766,0.0046,0.5188
HEARTS FIVE CLUBS KING,0.461,0.007,0.532
SPADES FIVE HEARTS JACK,0.4674,0.0152,0.5174
HEARTS FIVE CLUBS QUEEN,0.4824,0.0114,0.5062
HEARTS THREE CLUBS KING,0.475,0.0078,0.5172
DIAMONDS KING CLUBS KING,0.2238,0.0106,0.7656
HEARTS THREE CLUBS QUEEN,0.4792,0.0094,0.5114
DIAMONDS KING CLUBS QUEEN,0.3936,0.0062,0.6002
HEARTS FIVE HEARTS JACK,0.4546,0.0132,0.5322
HEARTS FIVE HEARTS TEN,0.4408,0.0248,0.5344
HEARTS THREE CLUBS ACE,0.4658,0.005,0.5292
DIAMONDS KING CLUBS ACE,0.396,0.0042,0.5998
SPADES ACE CLUBS QUEEN,0.39,0.005,0.605
SPADES KING CLUBS QUEEN,0.3856,0.0078,0.6066
HEARTS THREE CLUBS JACK,0.4924,0.0172,0.4904
DIAMONDS KING CLUBS JACK,0.4028,0.0056,0.5916
SPADES QUEEN CLUBS QUEEN,0.203,0.0258,0.7712
HEARTS THREE CLUBS TEN,0.4772,0.0246,0.4982
DIAMONDS KING CLUBS TEN,0.3902,0.009,0.6008
SPADES JACK CLUBS QUEEN,0.3938,0.0114,0.5948
CLUBS SIX CLUBS QUEEN,0.448,0.0084,0.5436
SPADES TEN CLUBS QUEEN,0.369,0.0082,0.6228
CLUBS SIX CLUBS KING,0.4196,0.0078,0.5726
CLUBS SIX CLUBS ACE,0.4402,0.0042,0.5556
HEARTS FIVE HEARTS KING,0.4348,0.0046,0.5606
HEARTS FIVE HEARTS QUEEN,0.4392,0.0134,0.5474
CLUBS SIX CLUBS TEN,0.4286,0.0252,0.5462
HEARTS FIVE HEARTS ACE,0.4382,0.0042,0.5576
CLUBS SIX CLUBS JACK,0.441,0.0148,0.5442
SPADES SEVEN HEARTS JACK,0.4598,0.0178,0.5224
SPADES SEVEN HEARTS TEN,0.4402,0.0234,0.5364
DIAMONDS TWO CLUBS TWO,0.4676,0.066,0.4664
DIAMONDS TWO CLUBS THREE,0.6604,0.035,0.3046
HEARTS SIX DIAMONDS TWO,0.6598,0.0434,0.2968
DIAMONDS TWO HEARTS QUEEN,0.482,0.0142,0.5038
DIAMONDS TWO HEARTS SEVEN,0.683,0.036,0.281
DIAMONDS TWO HEARTS KING,0.4736,0.006,0.5204
DIAMONDS TWO HEARTS EIGHT,0.689,0.0956,0.2154
DIAMONDS TWO HEARTS ACE,0.4742,0.0028,0.523
DIAMONDS TWO HEARTS NINE,0.5692,0.223,0.2078
DIAMONDS TWO DIAMONDS QUEEN,0.4482,0.0114,0.5404
DIAMONDS TWO HEARTS TWO,0.4718,0.061,0.4672
DIAMONDS TWO DIAMONDS KING,0.4456,0.0092,0.5452
HEARTS THREE DIAMONDS TWO,0.6578,0.0316,0.3106
DIAMONDS TWO DIAMONDS ACE,0.4464,0.0036,0.55
HEARTS FOUR DIAMONDS TWO,0.6478,0.033,0.3192
DIAMONDS TWO HEARTS FIVE,0.6472,0.0384,0.3144
SPADES SEVEN HEARTS ACE,0.4538,0.0032,0.543
DIAMONDS TWO DIAMONDS TEN,0.4466,0.0218,0.5316
SPADES SEVEN HEARTS KING,0.4578,0.0076,0.5346
DIAMONDS TWO DIAMONDS JACK,0.46,0.0162,0.5238
SPADES SEVEN HEARTS QUEEN,0.4616,0.0118,0.5266
DIAMONDS TWO SPADES SEVEN,0.6986,0.036,0.2654
DIAMONDS TWO SPADES SIX,0.668,0.0416,0.2904
DIAMONDS TWO SPADES FIVE,0.652,0.035,0.313
DIAMONDS TWO SPADES FOUR,0.6546,0.04,0.3054
DIAMONDS TWO SPADES THREE,0.6366,0.0424,0.321
DIAMONDS TWO SPADES TWO,0.4664,0.0606,0.473
CLUBS NINE DIAMONDS TWO,0.575,0.2188,0.2062
CLUBS EIGHT DIAMONDS TWO,0.6976,0.0996,0.2028
DIAMONDS TWO CLUBS SEVEN,0.6836,0.0422,0.2742
CLUBS SIX DIAMONDS TWO,0.6624,0.0424,0.2952
DIAMONDS TWO CLUBS FIVE,0.6548,0.0352,0.31
DIAMONDS TWO CLUBS FOUR,0.653,0.0342,0.3128
CLUBS FOUR SPADES FIVE,0.6268,0.0362,0.337
CLUBS FOUR SPADES FOUR,0.478,0.0616,0.4604
CLUBS FOUR SPADES THREE,0.6528,0.0366,0.3106
CLUBS FOUR SPADES TWO,0.6492,0.0354,0.3154
CLUBS FOUR SPADES SEVEN,0.6546,0.042,0.3034
CLUBS FOUR SPADES SIX,0.6636,0.0358,0.3006
SPADES ACE DIAMONDS SIX,0.4614,0.004,0.5346
SPADES QUEEN DIAMONDS SIX,0.4464,0.01,0.5436
SPADES KING DIAMONDS SIX,0.4452,0.0092,0.5456
SPADES TEN DIAMONDS SIX,0.4398,0.0272,0.533
SPADES JACK DIAMONDS SIX,0.4556,0.0182,0.5262
SPADES QUEEN SPADES TWO,0.427,0.012,0.561
SPADES KING SPADES TWO,0.4178,0.008,0.5742
SPADES ACE SPADES TWO,0.4304,0.005,0.5646
DIAMONDS JACK CLUBS JACK,0.218,0.0254,0.7566
DIAMONDS JACK CLUBS TEN,0.3814,0.0118,0.6068
DIAMONDS JACK CLUBS KING,0.4014,0.0064,0.5922
DIAMONDS JACK CLUBS QUEEN,0.4012,0.0092,0.5896
DIAMONDS THREE DIAMONDS JACK,0.4546,0.0132,0.5322
DIAMONDS THREE DIAMONDS TEN,0.4512,0.0218,0.527
DIAMONDS JACK CLUBS ACE,0.4172,0.005,0.5778
DIAMONDS THREE DIAMONDS KING,0.4536,0.0092,0.5372
HEARTS THREE DIAMONDS THREE,0.4608,0.0666,0.4726
DIAMONDS THREE DIAMONDS QUEEN,0.4654,0.0104,0.5242
DIAMONDS THREE HEARTS TWO,0.6504,0.0358,0.3138
HEARTS FIVE DIAMONDS THREE,0.6322,0.0382,0.3296
DIAMONDS THREE DIAMONDS ACE,0.442,0.0068,0.5512
HEARTS FOUR DIAMONDS THREE,0.6504,0.0376,0.312
DIAMONDS THREE HEARTS SEVEN,0.6736,0.0334,0.293
HEARTS SIX DIAMONDS THREE,0.657,0.0338,0.3092
DIAMONDS THREE HEARTS NINE,0.5806,0.2098,0.2096
HEARTS JACK DIAMONDS FOUR,0.4826,0.0148,0.5026
HEARTS KING HEARTS ACE,0.3772,0.004,0.6188
SPADES TEN SPADES TWO,0.4308,0.0302,0.539
DIAMONDS THREE HEARTS EIGHT,0.6872,0.1032,0.2096
HEARTS TEN DIAMONDS FOUR,0.4866,0.0236,0.4898
SPADES JACK SPADES TWO,0.421,0.0186,0.5604
HEARTS QUEEN DIAMONDS FOUR,0.4724,0.0108,0.5168
HEARTS KING DIAMONDS FOUR,0.482,0.0066,0.5114
HEARTS ACE DIAMONDS FOUR,0.468,0.0034,0.5286
DIAMONDS THREE SPADES SEVEN,0.668,0.0404,0.2916
DIAMONDS THREE SPADES SIX,0.6528,0.0374,0.3098
CLUBS SIX DIAMONDS THREE,0.6618,0.0368,0.3014
CLUBS ACE DIAMONDS FOUR,0.4726,0.0042,0.5232
CLUBS SIX CLUBS FIVE,0.6042,0.0368,0.359
CLUBS SEVEN CLUBS FIVE,0.6224,0.0338,0.3438
CLUBS SEVEN DIAMONDS THREE,0.6688,0.0382,0.293
DIAMONDS THREE CLUBS FOUR,0.6504,0.0362,0.3134
CLUBS QUEEN DIAMONDS FOUR,0.478,0.011,0.511
DIAMONDS THREE CLUBS FIVE,0.6358,0.0418,0.3224
CLUBS KING DIAMONDS FOUR,0.4738,0.0072,0.519
DIAMONDS THREE CLUBS TWO,0.646,0.0426,0.3114
DIAMONDS FOUR CLUBS TEN,0.467,0.0244,0.5086
DIAMONDS THREE CLUBS THREE,0.4668,0.0646,0.4686
DIAMONDS FOUR CLUBS JACK,0.484,0.019,0.497
DIAMONDS THREE SPADES FOUR,0.6418,0.0444,0.3138
DIAMONDS THREE SPADES FIVE,0.641,0.0362,0.3228
DIAMONDS THREE SPADES TWO,0.656,0.036,0.308
DIAMONDS THREE SPADES THREE,0.455,0.0658,0.4792
CLUBS EIGHT DIAMONDS THREE,0.6832,0.1014,0.2154
CLUBS NINE DIAMONDS THREE,0.5844,0.217,0.1986
SPADES SEVEN CLUBS ACE,0.4496,0.0056,0.5448
SPADES SEVEN CLUBS QUEEN,0.4598,0.0102,0.53
SPADES SEVEN CLUBS KING,0.457,0.0078,0.5352
SPADES SEVEN CLUBS FIVE,0.6558,0.0334,0.3108
SPADES SEVEN CLUBS TEN,0.4342,0.0272,0.5386
CLUBS FIVE SPADES SIX,0.6352,0.0354,0.3294
SPADES SEVEN CLUBS JACK,0.4528,0.0154,0.5318
CLUBS FIVE SPADES THREE,0.6366,0.0376,0.3258
CLUBS FIVE SPADES TWO,0.64,0.0394,0.3206
CLUBS FIVE SPADES FIVE,0.465,0.06,0.475
CLUBS FIVE SPADES FOUR,0.6242,0.0396,0.3362
CLUBS NINE CLUBS FIVE,0.537,0.2118,0.2512
CLUBS EIGHT CLUBS FIVE,0.6254,0.103,0.2716
CLUBS ACE CLUBS QUEEN,0.3898,0.0044,0.6058
CLUBS KING CLUBS QUEEN,0.3878,0.0078,0.6044
DIAMONDS TEN DIAMONDS FOUR,0.4538,0.0224,0.5238
DIAMONDS NINE CLUBS TEN,0.2888,0.0728,0.6384
DIAMONDS JACK DIAMONDS FOUR,0.4562,0.0164,0.5274
DIAMONDS NINE CLUBS JACK,0.293,0.0534,0.6536
DIAMONDS ACE DIAMONDS FOUR,0.4598,0.006,0.5342
HEARTS FOUR DIAMONDS FOUR,0.471,0.0676,0.4614
DIAMONDS JACK HEARTS TEN,0.3812,0.012,0.6068
DIAMONDS TWO SPADES TEN,0.468,0.0256,0.5064
DIAMONDS NINE CLUBS ACE,0.3248,0.024,0.6512
HEARTS FIVE DIAMONDS FOUR,0.639,0.0362,0.3248
HEARTS JACK DIAMONDS JACK,0.2142,0.0298,0.756
DIAMONDS TWO SPADES JACK,0.4718,0.0176,0.5106
DIAMONDS QUEEN DIAMONDS FOUR,0.455,0.0106,0.5344
HEARTS TWO DIAMONDS FOUR,0.65,0.0444,0.3056
DIAMONDS NINE CLUBS QUEEN,0.3076,0.0408,0.6516
DIAMONDS KING DIAMONDS FOUR,0.4558,0.0074,0.5368
HEARTS THREE DIAMONDS FOUR,0.6544,0.0392,0.3064
DIAMONDS NINE CLUBS KING,0.322,0.0298,0.6482
HEARTS ACE DIAMONDS JACK,0.4132,0.004,0.5828
SPADES ACE DIAMONDS TWO,0.46,0.006,0.534
DIAMONDS JACK HEARTS QUEEN,0.4006,0.0102,0.5892
SPADES QUEEN DIAMONDS TWO,0.4634,0.0134,0.5232
HEARTS KING DIAMONDS JACK,0.4106,0.0062,0.5832
SPADES KING DIAMONDS TWO,0.473,0.0066,0.5204
SPADES JACK SPADES SEVEN,0.4044,0.0176,0.578
SPADES TEN SPADES SEVEN,0.3974,0.0244,0.5782
CLUBS SEVEN CLUBS THREE,0.6498,0.0312,0.319
CLUBS SIX CLUBS THREE,0.62,0.0362,0.3438
CLUBS FIVE CLUBS THREE,0.6104,0.0384,0.3512
CLUBS FOUR CLUBS THREE,0.603,0.0358,0.3612
CLUBS NINE CLUBS THREE,0.5274,0.2056,0.267
CLUBS EIGHT CLUBS THREE,0.6506,0.0994,0.25
SPADES FIVE CLUBS THREE,0.6424,0.0398,0.3178
CLUBS THREE SPADES FOUR,0.6558,0.0348,0.3094
CLUBS THREE SPADES THREE,0.4666,0.0662,0.4672
CLUBS THREE SPADES TWO,0.6422,0.0418,0.316
SPADES SIX CLUBS THREE,0.6596,0.03,0.3104
SPADES SEVEN CLUBS THREE,0.6722,0.0432,0.2846
SPADES TWO DIAMONDS FOUR,0.6474,0.0354,0.3172
SPADES THREE DIAMONDS FOUR,0.644,0.0352,0.3208
SPADES FOUR DIAMONDS FOUR,0.4734,0.0594,0.4672
SPADES FIVE DIAMONDS FOUR,0.6146,0.0374,0.348
SPADES SIX DIAMONDS FOUR,0.6292,0.0398,0.331
SPADES SEVEN DIAMONDS FOUR,0.6596,0.0398,0.3006
CLUBS FIVE DIAMONDS FOUR,0.6302,0.0322,0.3376
CLUBS FOUR DIAMONDS FOUR,0.4718,0.0636,0.4646
CLUBS SEVEN DIAMONDS FOUR,0.656,0.0422,0.3018
CLUBS SIX DIAMONDS FOUR,0.6514,0.035,0.3136
CLUBS NINE DIAMONDS FOUR,0.578,0.2218,0.2002
CLUBS EIGHT DIAMONDS FOUR,0.6982,0.0974,0.2044
DIAMONDS FOUR HEARTS SEVEN,0.6604,0.038,0.3016
HEARTS SIX DIAMONDS FOUR,0.6456,0.042,0.3124
HEARTS NINE DIAMONDS FOUR,0.5804,0.2228,0.1968
DIAMONDS FOUR HEARTS EIGHT,0.6978,0.0964,0.2058
CLUBS THREE DIAMONDS FOUR,0.6474,0.0348,0.3178
CLUBS TWO DIAMONDS FOUR,0.662,0.0312,0.3068
DIAMONDS TEN DIAMONDS FIVE,0.4558,0.0262,0.518
DIAMONDS JACK DIAMONDS FIVE,0.4526,0.0152,0.5322
DIAMONDS NINE HEARTS QUEEN,0.3052,0.047,0.6478
HEARTS KING DIAMONDS NINE,0.2992,0.0324,0.6684
DIAMONDS NINE HEARTS ACE,0.3094,0.0202,0.6704
DIAMONDS NINE HEARTS TEN,0.2866,0.0638,0.6496
DIAMONDS NINE HEARTS JACK,0.304,0.0582,0.6378
CLUBS KING DIAMONDS SIX,0.4582,0.0066,0.5352
CLUBS QUEEN DIAMONDS SIX,0.4692,0.0122,0.5186
CLUBS ACE DIAMONDS SIX,0.469,0.0026,0.5284
SPADES KING DIAMONDS FOUR,0.4816,0.008,0.5104
SPADES ACE SPADES SEVEN,0.408,0.0044,0.5876
SPADES QUEEN DIAMONDS FOUR,0.4692,0.0124,0.5184
SPADES QUEEN SPADES SEVEN,0.4022,0.0104,0.5874
CLUBS JACK DIAMONDS SIX,0.459,0.016,0.525
SPADES KING SPADES SEVEN,0.4102,0.0072,0.5826
SPADES ACE DIAMONDS FOUR,0.456,0.0066,0.5374
CLUBS TEN DIAMONDS SIX,0.4706,0.0234,0.506
CLUBS NINE CLUBS FOUR,0.5506,0.2024,0.247
CLUBS EIGHT CLUBS FOUR,0.6378,0.1006,0.2616
SPADES JACK DIAMONDS FOUR,0.4696,0.0186,0.5118
SPADES TEN DIAMONDS FOUR,0.484,0.0216,0.4944
CLUBS FOUR CLUBS FIVE,0.6064,0.0324,0.3612
CLUBS SEVEN CLUBS FOUR,0.6296,0.0324,0.338
CLUBS SIX CLUBS FOUR,0.6076,0.0356,0.3568
CLUBS SEVEN SPADES SIX,0.6384,0.0382,0.3234
CLUBS SEVEN SPADES SEVEN,0.443,0.0554,0.5016
CLUBS SEVEN SPADES FIVE,0.637,0.0386,0.3244
CLUBS SEVEN SPADES FOUR,0.6502,0.0372,0.3126
CLUBS SEVEN SPADES THREE,0.667,0.0408,0.2922
CLUBS SEVEN SPADES TWO,0.686,0.0378,0.2762
CLUBS NINE CLUBS SEVEN,0.5388,0.198,0.2632
CLUBS EIGHT CLUBS SEVEN,0.6318,0.0922,0.276
HEARTS SIX DIAMONDS FIVE,0.6416,0.0356,0.3228
DIAMONDS FIVE HEARTS SEVEN,0.6506,0.036,0.3134
DIAMONDS FIVE HEARTS EIGHT,0.665,0.1034,0.2316
HEARTS NINE DIAMONDS FIVE,0.578,0.2096,0.2124
DIAMONDS QUEEN DIAMONDS FIVE,0.4608,0.0104,0.5288
HEARTS TWO DIAMONDS FIVE,0.6584,0.0342,0.3074
HEARTS KING HEARTS EIGHT,0.306,0.027,0.667
DIAMONDS KING DIAMONDS FIVE,0.4406,0.0094,0.55
HEARTS THREE DIAMONDS FIVE,0.6362,0.0392,0.3246
HEARTS QUEEN HEARTS EIGHT,0.3098,0.041,0.6492
DIAMONDS ACE DIAMONDS FIVE,0.436,0.0072,0.5568
HEARTS FOUR DIAMONDS FIVE,0.6298,0.0414,0.3288
HEARTS FIVE DIAMONDS FIVE,0.4602,0.061,0.4788
HEARTS ACE HEARTS EIGHT,0.3096,0.0188,0.6716
CLUBS FOUR DIAMONDS FIVE,0.6212,0.0424,0.3364
CLUBS FIVE DIAMONDS FIVE,0.463,0.0638,0.4732
CLUBS SIX DIAMONDS FIVE,0.637,0.0376,0.3254
CLUBS SEVEN DIAMONDS FIVE,0.6426,0.0352,0.3222
CLUBS TWO DIAMONDS FIVE,0.6646,0.0388,0.2966
CLUBS THREE DIAMONDS FIVE,0.6342,0.0398,0.326
SPADES THREE DIAMONDS FIVE,0.6338,0.0366,0.3296
SPADES TWO DIAMONDS FIVE,0.645,0.0382,0.3168
SPADES FIVE DIAMONDS FIVE,0.4508,0.0596,0.4896
SPADES JACK DIAMONDS EIGHT,0.2994,0.0498,0.6508
HEARTS JACK CLUBS TEN,0.3784,0.0162,0.6054
SPADES TEN DIAMONDS EIGHT,0.2756,0.069,0.6554
SPADES FOUR DIAMONDS FIVE,0.6352,0.035,0.3298
HEARTS JACK CLUBS JACK,0.2226,0.0288,0.7486
HEARTS JACK CLUBS QUEEN,0.4116,0.007,0.5814
CLUBS NINE DIAMONDS FIVE,0.5702,0.2104,0.2194
HEARTS JACK CLUBS KING,0.4038,0.0066,0.5896
CLUBS EIGHT DIAMONDS FIVE,0.6672,0.1052,0.2276
HEARTS JACK CLUBS ACE,0.4162,0.0048,0.579
SPADES SEVEN DIAMONDS FIVE,0.6446,0.036,0.3194
SPADES KING DIAMONDS EIGHT,0.3272,0.0296,0.6432
SPADES SIX DIAMONDS FIVE,0.6234,0.0382,0.3384
SPADES QUEEN DIAMONDS EIGHT,0.3054,0.0382,0.6564
SPADES ACE DIAMONDS EIGHT,0.3114,0.02,0.6686
DIAMONDS TEN DIAMONDS SIX,0.432,0.0224,0.5456
HEARTS ACE DIAMONDS SEVEN,0.454,0.005,0.541
DIAMONDS JACK DIAMONDS SIX,0.4474,0.0164,0.5362
HEARTS QUEEN DIAMONDS SEVEN,0.468,0.0124,0.5196
HEARTS KING DIAMONDS SEVEN,0.4772,0.0056,0.5172
DIAMONDS ACE DIAMONDS SIX,0.434,0.0034,0.5626
HEARTS FOUR DIAMONDS SIX,0.6496,0.0398,0.3106
SPADES TWO HEARTS JACK,0.4828,0.0176,0.4996
HEARTS FIVE DIAMONDS SIX,0.647,0.0358,0.3172
SPADES TWO HEARTS TEN,0.4836,0.022,0.4944
DIAMONDS QUEEN DIAMONDS SIX,0.4398,0.0138,0.5464
HEARTS TWO DIAMONDS SIX,0.674,0.0326,0.2934
DIAMONDS KING DIAMONDS SIX,0.432,0.0066,0.5614
HEARTS THREE DIAMONDS SIX,0.65,0.0382,0.3118
HEARTS EIGHT DIAMONDS SIX,0.6626,0.1018,0.2356
HEARTS NINE DIAMONDS SIX,0.5758,0.2128,0.2114
HEARTS SIX DIAMONDS SIX,0.4638,0.0522,0.484
HEARTS SEVEN DIAMONDS SIX,0.649,0.0352,0.3158
HEARTS TEN DIAMONDS SEVEN,0.4472,0.0234,0.5294
CLUBS TWO DIAMONDS SIX,0.6776,0.0388,0.2836
HEARTS JACK DIAMONDS SEVEN,0.4524,0.0132,0.5344
CLUBS THREE DIAMONDS SIX,0.6662,0.0344,0.2994
DIAMONDS EIGHT CLUBS JACK,0.3136,0.0532,0.6332
CLUBS SEVEN DIAMONDS SIX,0.6426,0.037,0.3204
CLUBS SIX DIAMONDS SIX,0.4592,0.06,0.4808
DIAMONDS EIGHT CLUBS TEN,0.3108,0.0672,0.622
CLUBS FIVE DIAMONDS SIX,0.6342,0.0368,0.329
CLUBS FOUR DIAMONDS SIX,0.6498,0.0428,0.3074
HEARTS ACE HEARTS JACK,0.3814,0.0034,0.6152
DIAMONDS EIGHT CLUBS ACE,0.3284,0.0206,0.651
HEARTS JACK HEARTS QUEEN,0.3774,0.009,0.6136
DIAMONDS EIGHT CLUBS KING,0.3304,0.031,0.6386
CLUBS NINE DIAMONDS SIX,0.5758,0.2112,0.213
HEARTS KING HEARTS JACK,0.3868,0.0078,0.6054
DIAMONDS EIGHT CLUBS QUEEN,0.3228,0.0418,0.6354
CLUBS EIGHT DIAMONDS SIX,0.6756,0.0992,0.2252
SPADES FIVE DIAMONDS SIX,0.62,0.0372,0.3428
SPADES TEN HEARTS KING,0.3802,0.0082,0.6116
HEARTS ACE SPADES TWO,0.4552,0.0052,0.5396
SPADES JACK HEARTS KING,0.3728,0.0078,0.6194
SPADES FOUR DIAMONDS SIX,0.6472,0.0354,0.3174
SPADES THREE DIAMONDS SIX,0.6594,0.0364,0.3042
SPADES TWO HEARTS QUEEN,0.4902,0.0092,0.5006
SPADES ACE SPADES KING,0.3486,0.0072,0.6442
HEARTS KING SPADES TWO,0.4724,0.009,0.5186
SPADES TWO DIAMONDS SIX,0.6672,0.0384,0.2944
HEARTS TEN HEARTS EIGHT,0.2726,0.0682,0.6592
HEARTS JACK HEARTS EIGHT,0.298,0.0488,0.6532
SPADES SEVEN DIAMONDS SIX,0.6474,0.0364,0.3162
SPADES SIX DIAMONDS SIX,0.451,0.059,0.49
SPADES KING HEARTS KING,0.2148,0.0138,0.7714
SPADES QUEEN HEARTS KING,0.3806,0.0062,0.6132
CLUBS ACE CLUBS KING,0.3754,0.0042,0.6204
SPADES ACE HEARTS KING,0.3848,0.004,0.6112
SPADES ACE HEARTS JACK,0.403,0.0052,0.5918
SPADES QUEEN HEARTS JACK,0.3904,0.011,0.5986
SPADES KING HEARTS JACK,0.3862,0.0076,0.6062
SPADES TEN DIAMONDS TEN,0.197,0.039,0.764
SPADES JACK DIAMONDS TEN,0.3798,0.0154,0.6048
SPADES ACE DIAMONDS TEN,0.405,0.0048,0.5902
SPADES JACK HEARTS JACK,0.2006,0.031,0.7684
SPADES TEN HEARTS JACK,0.3654,0.0176,0.617
SPADES QUEEN DIAMONDS TEN,0.3768,0.011,0.6122
SPADES KING DIAMONDS TEN,0.3782,0.007,0.6148
SPADES SEVEN DIAMONDS SEVEN,0.4422,0.0562,0.5016
SPADES SIX DIAMONDS SEVEN,0.6426,0.0388,0.3186
DIAMONDS KING DIAMONDS SEVEN,0.4302,0.0096,0.5602
HEARTS THREE DIAMONDS SEVEN,0.6798,0.0356,0.2846
HEARTS KING DIAMONDS FIVE,0.4654,0.0078,0.5268
DIAMONDS QUEEN DIAMONDS SEVEN,0.4498,0.0106,0.5396
HEARTS TWO DIAMONDS SEVEN,0.686,0.0348,0.2792
HEARTS QUEEN DIAMONDS FIVE,0.4798,0.008,0.5122
HEARTS FIVE DIAMONDS SEVEN,0.6546,0.039,0.3064
DIAMONDS ACE DIAMONDS SEVEN,0.4342,0.0038,0.562
HEARTS FOUR DIAMONDS SEVEN,0.6638,0.0372,0.299
HEARTS ACE DIAMONDS FIVE,0.4702,0.0036,0.5262
HEARTS SEVEN DIAMONDS SEVEN,0.4536,0.0602,0.4862
HEARTS SIX DIAMONDS SEVEN,0.6536,0.031,0.3154
HEARTS NINE DIAMONDS SEVEN,0.578,0.2068,0.2152
DIAMONDS SEVEN HEARTS EIGHT,0.664,0.1016,0.2344
DIAMONDS JACK DIAMONDS SEVEN,0.4312,0.0158,0.553
HEARTS JACK DIAMONDS FIVE,0.4558,0.0188,0.5254
DIAMONDS TEN DIAMONDS SEVEN,0.4168,0.0222,0.561
DIAMONDS FIVE HEARTS TEN,0.4772,0.0216,0.5012
SPADES KING CLUBS TWO,0.472,0.008,0.52
HEARTS KING CLUBS KING,0.228,0.0152,0.7568
CLUBS EIGHT DIAMONDS SEVEN,0.6744,0.102,0.2236
SPADES QUEEN CLUBS TWO,0.4652,0.0118,0.523
HEARTS KING CLUBS QUEEN,0.39,0.0058,0.6042
CLUBS NINE DIAMONDS SEVEN,0.5634,0.2178,0.2188
SPADES TWO CLUBS JACK,0.4886,0.0154,0.496
SPADES ACE CLUBS TWO,0.473,0.0042,0.5228
SPADES TWO CLUBS TEN,0.472,0.0242,0.5038
HEARTS KING CLUBS ACE,0.3914,0.0034,0.6052
CLUBS SIX CLUBS SEVEN,0.613,0.031,0.356
SPADES TWO CLUBS KING,0.4704,0.0072,0.5224
SPADES TWO DIAMONDS SEVEN,0.6776,0.0364,0.286
CLUBS EIGHT CLUBS SIX,0.6284,0.0994,0.2722
SPADES THREE DIAMONDS SEVEN,0.6726,0.0356,0.2918
SPADES TWO CLUBS QUEEN,0.4634,0.0104,0.5262
CLUBS NINE CLUBS SIX,0.537,0.205,0.258
SPADES FOUR DIAMONDS SEVEN,0.6572,0.0404,0.3024
HEARTS KING CLUBS JACK,0.4058,0.0048,0.5894
SPADES FIVE DIAMONDS SEVEN,0.6626,0.032,0.3054
SPADES TWO CLUBS ACE,0.47,0.007,0.523
HEARTS KING CLUBS TEN,0.4046,0.005,0.5904
CLUBS SIX SPADES TWO,0.6654,0.0414,0.2932
CLUBS SIX SPADES THREE,0.6558,0.0392,0.305
CLUBS TWO DIAMONDS SEVEN,0.6924,0.0358,0.2718
CLUBS SIX SPADES FOUR,0.6456,0.037,0.3174
CLUBS THREE DIAMONDS SEVEN,0.6804,0.0346,0.285
CLUBS SIX SPADES FIVE,0.6204,0.0334,0.3462
CLUBS FOUR DIAMONDS SEVEN,0.6784,0.0338,0.2878
CLUBS SIX SPADES SIX,0.4582,0.066,0.4758
CLUBS FIVE DIAMONDS SEVEN,0.6526,0.0326,0.3148
CLUBS SIX SPADES SEVEN,0.6444,0.0384,0.3172
CLUBS SIX DIAMONDS SEVEN,0.651,0.0352,0.3138
SPADES JACK CLUBS TWO,0.476,0.0158,0.5082
SPADES TEN CLUBS TWO,0.4806,0.025,0.4944
CLUBS SEVEN DIAMONDS SEVEN,0.4458,0.0636,0.4906
CLUBS TWO CLUBS QUEEN,0.4396,0.0096,0.5508
CLUBS TWO CLUBS KING,0.4498,0.0072,0.543
CLUBS THREE DIAMONDS EIGHT,0.682,0.1048,0.2132
CLUBS TWO CLUBS ACE,0.4472,0.0034,0.5494
CLUBS TWO DIAMONDS EIGHT,0.6928,0.1042,0.203
DIAMONDS EIGHT HEARTS SEVEN,0.6724,0.098,0.2296
HEARTS SIX DIAMONDS EIGHT,0.6624,0.1018,0.2358
DIAMONDS EIGHT HEARTS NINE,0.0794,0.8992,0.0214
CLUBS TWO CLUBS TEN,0.4498,0.0248,0.5254
DIAMONDS EIGHT HEARTS EIGHT,0.3626,0.0508,0.5866
CLUBS TWO CLUBS JACK,0.453,0.0148,0.5322
CLUBS NINE DIAMONDS EIGHT,0.0724,0.91,0.0176
CLUBS EIGHT DIAMONDS EIGHT,0.3662,0.0526,0.5812
CLUBS FIVE DIAMONDS EIGHT,0.6644,0.1008,0.2348
SPADES ACE SPADES THREE,0.4172,0.0056,0.5772
CLUBS FOUR DIAMONDS EIGHT,0.6834,0.101,0.2156
SPADES QUEEN SPADES THREE,0.4242,0.0138,0.562
CLUBS SEVEN DIAMONDS EIGHT,0.6634,0.0978,0.2388
CLUBS SIX DIAMONDS EIGHT,0.6808,0.0966,0.2226
SPADES KING SPADES THREE,0.4366,0.007,0.5564
DIAMONDS QUEEN DIAMONDS EIGHT,0.3156,0.0364,0.648
HEARTS TWO DIAMONDS EIGHT,0.6984,0.0978,0.2038
DIAMONDS KING DIAMONDS EIGHT,0.3238,0.0282,0.648
HEARTS THREE DIAMONDS EIGHT,0.6974,0.103,0.1996
DIAMONDS ACE DIAMONDS EIGHT,0.3096,0.0192,0.6712
HEARTS FOUR DIAMONDS EIGHT,0.6884,0.1006,0.211
HEARTS FIVE DIAMONDS EIGHT,0.6682,0.1064,0.2254
DIAMONDS EIGHT DIAMONDS TEN,0.2748,0.0654,0.6598
DIAMONDS EIGHT DIAMONDS JACK,0.2856,0.0532,0.6612
SPADES JACK SPADES THREE,0.424,0.0152,0.5608
SPADES TEN SPADES THREE,0.4424,0.0206,0.537
CLUBS FOUR HEARTS ACE,0.4774,0.0048,0.5178
CLUBS FOUR HEARTS QUEEN,0.4814,0.012,0.5066
CLUBS FOUR HEARTS KING,0.481,0.006,0.513
CLUBS SIX HEARTS TEN,0.451,0.0196,0.5294
CLUBS SIX HEARTS JACK,0.4778,0.015,0.5072
SPADES FOUR DIAMONDS EIGHT,0.6864,0.104,0.2096
SPADES FIVE DIAMONDS EIGHT,0.6648,0.1018,0.2334
DIAMONDS EIGHT SPADES TWO,0.6968,0.1022,0.201
SPADES THREE DIAMONDS EIGHT,0.6846,0.1052,0.2102
CLUBS FOUR HEARTS JACK,0.4702,0.0162,0.5136
SPADES TEN DIAMONDS QUEEN,0.3852,0.0102,0.6046
SPADES TEN HEARTS TWO,0.4736,0.0262,0.5002
SPADES JACK HEARTS EIGHT,0.2996,0.053,0.6474
CLUBS FOUR HEARTS TEN,0.4732,0.0262,0.5006
SPADES TEN HEARTS EIGHT,0.2682,0.0728,0.659
SPADES JACK HEARTS TWO,0.4846,0.0192,0.4962
SPADES JACK DIAMONDS QUEEN,0.3888,0.01,0.6012
SPADES SIX DIAMONDS EIGHT,0.6618,0.0958,0.2424
SPADES SEVEN DIAMONDS EIGHT,0.6594,0.102,0.2386
SPADES ACE HEARTS TWO,0.4624,0.0048,0.5328
SPADES ACE DIAMONDS QUEEN,0.3952,0.0044,0.6004
SPADES ACE HEARTS EIGHT,0.3068,0.0176,0.6756
SPADES KING HEARTS EIGHT,0.318,0.0308,0.6512
SPADES QUEEN HEARTS TWO,0.4612,0.0122,0.5266
SPADES QUEEN DIAMONDS QUEEN,0.2118,0.02,0.7682
SPADES KING DIAMONDS QUEEN,0.395,0.0048,0.6002
SPADES KING HEARTS TWO,0.4626,0.0088,0.5286
SPADES QUEEN HEARTS EIGHT,0.314,0.0378,0.6482
CLUBS TWO HEARTS TEN,0.4882,0.027,0.4848
CLUBS TWO HEARTS JACK,0.476,0.0146,0.5094
SPADES SEVEN DIAMONDS NINE,0.5662,0.2214,0.2124
SPADES SIX DIAMONDS NINE,0.557,0.2266,0.2164
SPADES TEN CLUBS KING,0.3812,0.0076,0.6112
DIAMONDS NINE SPADES THREE,0.5716,0.2236,0.2048
SPADES JACK CLUBS KING,0.3952,0.0082,0.5966
DIAMONDS NINE SPADES TWO,0.5698,0.2168,0.2134
SPADES FIVE DIAMONDS NINE,0.567,0.215,0.218
SPADES FOUR DIAMONDS NINE,0.5844,0.2118,0.2038
CLUBS NINE DIAMONDS NINE,0.1914,0.0612,0.7474
CLUBS EIGHT DIAMONDS NINE,0.0706,0.9084,0.021
CLUBS SIX DIAMONDS NINE,0.587,0.1986,0.2144
SPADES JACK CLUBS FOUR,0.464,0.0172,0.5188
SPADES TEN CLUBS FOUR,0.486,0.026,0.488
CLUBS SEVEN DIAMONDS NINE,0.5684,0.2152,0.2164
CLUBS FOUR DIAMONDS NINE,0.5796,0.2204,0.2
CLUBS FIVE DIAMONDS NINE,0.5696,0.2154,0.215
CLUBS TWO DIAMONDS NINE,0.587,0.2146,0.1984
CLUBS THREE DIAMONDS NINE,0.5704,0.2132,0.2164
DIAMONDS NINE HEARTS EIGHT,0.0712,0.9106,0.0182
DIAMONDS NINE HEARTS NINE,0.192,0.0584,0.7496
HEARTS SIX DIAMONDS NINE,0.5586,0.2166,0.2248
DIAMONDS NINE HEARTS SEVEN,0.5684,0.2112,0.2204
CLUBS EIGHT CLUBS NINE,0.0722,0.8526,0.0752
DIAMONDS ACE DIAMONDS NINE,0.301,0.0218,0.6772
HEARTS FOUR DIAMONDS NINE,0.5746,0.2218,0.2036
HEARTS FIVE DIAMONDS NINE,0.5756,0.2022,0.2222
CLUBS TWO HEARTS ACE,0.4744,0.0034,0.5222
SPADES ACE CLUBS FOUR,0.4604,0.0066,0.533
DIAMONDS QUEEN DIAMONDS NINE,0.2984,0.0414,0.6602
HEARTS TWO DIAMONDS NINE,0.5804,0.2136,0.206
CLUBS TWO HEARTS KING,0.4882,0.0078,0.504
SPADES KING CLUBS FOUR,0.4656,0.0074,0.527
DIAMONDS KING DIAMONDS NINE,0.2908,0.0364,0.6728
HEARTS THREE DIAMONDS NINE,0.5772,0.2174,0.2054
CLUBS TWO HEARTS QUEEN,0.4714,0.011,0.5176
SPADES QUEEN CLUBS FOUR,0.4818,0.0128,0.5054
DIAMONDS NINE DIAMONDS JACK,0.301,0.0568,0.6422
DIAMONDS NINE DIAMONDS TEN,0.2654,0.0718,0.6628
CLUBS EIGHT SPADES SEVEN,0.6616,0.11,0.2284
CLUBS EIGHT SPADES SIX,0.663,0.102,0.235
CLUBS EIGHT SPADES FIVE,0.665,0.103,0.232
CLUBS EIGHT SPADES FOUR,0.694,0.0982,0.2078
CLUBS EIGHT SPADES THREE,0.6824,0.104,0.2136
CLUBS EIGHT SPADES TWO,0.6856,0.0962,0.2182
HEARTS SIX DIAMONDS TEN,0.4642,0.0226,0.5132
DIAMONDS TEN HEARTS SEVEN,0.4494,0.0226,0.528
DIAMONDS TEN HEARTS EIGHT,0.3062,0.0688,0.625
CLUBS FOUR CLUBS JACK,0.4454,0.0156,0.539
DIAMONDS TEN HEARTS NINE,0.2882,0.0742,0.6376
CLUBS FOUR CLUBS TEN,0.4508,0.0202,0.529
CLUBS FOUR CLUBS KING,0.4502,0.009,0.5408
CLUBS FOUR CLUBS QUEEN,0.4506,0.0112,0.5382
CLUBS TWO DIAMONDS TEN,0.4786,0.0278,0.4936
CLUBS THREE DIAMONDS TEN,0.4728,0.0232,0.504
CLUBS FOUR CLUBS ACE,0.4538,0.0024,0.5438
DIAMONDS JACK DIAMONDS TEN,0.356,0.0146,0.6294
DIAMONDS QUEEN DIAMONDS TEN,0.3594,0.0088,0.6318
HEARTS TWO DIAMONDS TEN,0.4734,0.0248,0.5018
DIAMONDS KING DIAMONDS TEN,0.3776,0.008,0.6144
HEARTS THREE DIAMONDS TEN,0.4842,0.0244,0.4914
DIAMONDS ACE DIAMONDS TEN,0.3904,0.0044,0.6052
HEARTS FOUR DIAMONDS TEN,0.4678,0.0228,0.5094
CLUBS EIGHT HEARTS JACK,0.3188,0.0538,0.6274
HEARTS FIVE DIAMONDS TEN,0.4714,0.0248,0.5038
CLUBS EIGHT HEARTS TEN,0.2938,0.0674,0.6388
CLUBS EIGHT HEARTS QUEEN,0.329,0.0382,0.6328
CLUBS EIGHT HEARTS KING,0.3306,0.0272,0.6422
CLUBS EIGHT HEARTS ACE,0.3384,0.0186,0.643
CLUBS NINE SPADES THREE,0.5732,0.2148,0.212
CLUBS NINE SPADES TWO,0.5714,0.2214,0.2072
CLUBS NINE SPADES FIVE,0.563,0.2186,0.2184
CLUBS NINE SPADES FOUR,0.5798,0.2218,0.1984
CLUBS NINE SPADES SEVEN,0.5586,0.2302,0.2112
CLUBS NINE SPADES SIX,0.5606,0.2134,0.226
CLUBS TEN HEARTS EIGHT,0.3026,0.0734,0.624
CLUBS JACK HEARTS EIGHT,0.3162,0.055,0.6288
CLUBS QUEEN HEARTS EIGHT,0.3192,0.0398,0.641
CLUBS KING HEARTS EIGHT,0.3432,0.024,0.6328
CLUBS ACE HEARTS EIGHT,0.335,0.0232,0.6418
SPADES KING CLUBS KING,0.2232,0.0126,0.7642
SPADES QUEEN CLUBS KING,0.3978,0.0066,0.5956
SPADES ACE CLUBS KING,0.3968,0.0042,0.599
DIAMONDS ACE HEARTS TEN,0.4054,0.0028,0.5918
HEARTS FOUR HEARTS TEN,0.453,0.0278,0.5192
DIAMONDS ACE HEARTS JACK,0.4128,0.0038,0.5834
HEARTS FOUR HEARTS JACK,0.4548,0.017,0.5282
SPADES KING CLUBS FIVE,0.4588,0.0094,0.5318
SPADES QUEEN CLUBS FIVE,0.452,0.0106,0.5374
SPADES ACE CLUBS FIVE,0.4616,0.005,0.5334
DIAMONDS JACK HEARTS SEVEN,0.4462,0.0152,0.5386
HEARTS SIX DIAMONDS JACK,0.4718,0.0172,0.511
DIAMONDS JACK HEARTS NINE,0.3012,0.0462,0.6526
DIAMONDS JACK HEARTS EIGHT,0.3092,0.0506,0.6402
DIAMONDS KING DIAMONDS JACK,0.3806,0.006,0.6134
HEARTS THREE DIAMONDS JACK,0.4882,0.0144,0.4974
SPADES FOUR HEARTS ACE,0.4778,0.003,0.5192
SPADES ACE SPADES SIX,0.405,0.0066,0.5884
DIAMONDS QUEEN DIAMONDS JACK,0.3736,0.0114,0.615
HEARTS TWO DIAMONDS JACK,0.4804,0.014,0.5056
HEARTS FIVE DIAMONDS JACK,0.4634,0.014,0.5226
SPADES FOUR HEARTS QUEEN,0.471,0.012,0.517
SPADES QUEEN SPADES SIX,0.4234,0.012,0.5646
DIAMONDS ACE DIAMONDS JACK,0.39,0.0046,0.6054
HEARTS FOUR DIAMONDS JACK,0.4928,0.0166,0.4906
SPADES FOUR HEARTS KING,0.4758,0.0068,0.5174
SPADES KING SPADES SIX,0.4182,0.0086,0.5732
SPADES TEN SPADES SIX,0.4068,0.0242,0.569
SPADES JACK SPADES SIX,0.4262,0.022,0.5518
SPADES FOUR DIAMONDS JACK,0.476,0.0188,0.5052
SPADES FIVE DIAMONDS JACK,0.458,0.018,0.524
SPADES TWO DIAMONDS JACK,0.483,0.0186,0.4984
SPADES THREE DIAMONDS JACK,0.47,0.0204,0.5096
SPADES ACE DIAMONDS THREE,0.4658,0.0056,0.5286
SPADES QUEEN DIAMONDS THREE,0.4762,0.0102,0.5136
CLUBS EIGHT DIAMONDS JACK,0.3056,0.052,0.6424
SPADES KING DIAMONDS THREE,0.4804,0.0078,0.5118
CLUBS NINE DIAMONDS JACK,0.2982,0.0586,0.6432
CLUBS SIX DIAMONDS JACK,0.4642,0.0174,0.5184
CLUBS SEVEN DIAMONDS JACK,0.4612,0.0158,0.523
CLUBS FOUR DIAMONDS JACK,0.488,0.0198,0.4922
CLUBS FIVE DIAMONDS JACK,0.4678,0.0174,0.5148
CLUBS TWO DIAMONDS JACK,0.4858,0.0184,0.4958
CLUBS THREE DIAMONDS JACK,0.4842,0.017,0.4988
SPADES TEN CLUBS FIVE,0.4526,0.0234,0.524
HEARTS SIX SPADES JACK,0.4616,0.0172,0.5212
HEARTS SIX SPADES TEN,0.4544,0.0206,0.525
SPADES JACK CLUBS FIVE,0.472,0.0146,0.5134
SPADES JACK DIAMONDS THREE,0.4802,0.0158,0.504
CLUBS SEVEN CLUBS ACE,0.436,0.0028,0.5612
DIAMONDS THREE SPADES TEN,0.477,0.0222,0.5008
CLUBS SEVEN CLUBS QUEEN,0.4308,0.0106,0.5586
CLUBS SEVEN CLUBS KING,0.4264,0.0082,0.5654
CLUBS SEVEN CLUBS TEN,0.4266,0.023,0.5504
DIAMONDS ACE HEARTS ACE,0.2224,0.0024,0.7752
HEARTS FOUR HEARTS ACE,0.439,0.0054,0.5556
SPADES ACE HEARTS SIX,0.461,0.0056,0.5334
CLUBS SEVEN CLUBS JACK,0.426,0.016,0.558
DIAMONDS ACE HEARTS KING,0.4066,0.003,0.5904
HEARTS FOUR HEARTS KING,0.4424,0.0084,0.5492
SPADES SEVEN DIAMONDS JACK,0.448,0.0148,0.5372
SPADES KING HEARTS SIX,0.4466,0.008,0.5454
DIAMONDS ACE HEARTS QUEEN,0.4148,0.0038,0.5814
HEARTS FOUR HEARTS QUEEN,0.4566,0.0118,0.5316
SPADES SIX DIAMONDS JACK,0.4786,0.0178,0.5036
SPADES QUEEN HEARTS SIX,0.451,0.0132,0.5358
SPADES TWO DIAMONDS TEN,0.4794,0.0216,0.499
SPADES THREE DIAMONDS TEN,0.477,0.0248,0.4982
SPADES FOUR DIAMONDS TEN,0.4724,0.0238,0.5038
SPADES FIVE DIAMONDS TEN,0.4616,0.0238,0.5146
SPADES SIX DIAMONDS TEN,0.4522,0.0238,0.524
SPADES SEVEN DIAMONDS TEN,0.423,0.0236,0.5534
CLUBS FOUR DIAMONDS TEN,0.4826,0.0222,0.4952
CLUBS FIVE DIAMONDS TEN,0.4832,0.0218,0.495
CLUBS SIX DIAMONDS TEN,0.4632,0.0232,0.5136
CLUBS SEVEN DIAMONDS TEN,0.4532,0.0248,0.522
CLUBS EIGHT DIAMONDS TEN,0.2946,0.0684,0.637
CLUBS NINE DIAMONDS TEN,0.2898,0.0688,0.6414
DIAMONDS THREE CLUBS JACK,0.4884,0.0162,0.4954
DIAMONDS THREE CLUBS TEN,0.4816,0.024,0.4944
DIAMONDS THREE CLUBS KING,0.4844,0.0056,0.51
DIAMONDS THREE CLUBS QUEEN,0.4628,0.0094,0.5278
DIAMONDS THREE CLUBS ACE,0.4716,0.0028,0.5256
SPADES FOUR HEARTS JACK,0.4612,0.0162,0.5226
SPADES FOUR HEARTS TEN,0.4736,0.0246,0.5018
SPADES FIVE SPADES TWO,0.6312,0.0436,0.3252
SPADES FOUR SPADES TWO,0.638,0.0404,0.3216
SPADES THREE SPADES TWO,0.6372,0.0404,0.3224
SPADES SEVEN SPADES TWO,0.6828,0.0404,0.2768
SPADES SIX SPADES TWO,0.658,0.041,0.301
DIAMONDS QUEEN CLUBS THREE,0.4726,0.0094,0.518
HEARTS TWO CLUBS THREE,0.6544,0.0388,0.3068
DIAMONDS QUEEN CLUBS TWO,0.4796,0.0116,0.5088
CLUBS TWO HEARTS TWO,0.4798,0.0642,0.456
DIAMONDS QUEEN HEARTS SEVEN,0.4552,0.0094,0.5354
HEARTS TWO HEARTS SEVEN,0.6474,0.032,0.3206
HEARTS SIX DIAMONDS QUEEN,0.461,0.011,0.528
HEARTS SIX HEARTS TWO,0.628,0.0376,0.3344
DIAMONDS QUEEN HEARTS NINE,0.3084,0.0438,0.6478
HEARTS TWO HEARTS NINE,0.5576,0.1956,0.2468
DIAMONDS QUEEN HEARTS EIGHT,0.32,0.0366,0.6434
HEARTS TWO HEARTS EIGHT,0.6474,0.0894,0.2632
CLUBS NINE HEARTS TWO,0.564,0.2278,0.2082
CLUBS NINE DIAMONDS QUEEN,0.3084,0.0438,0.6478
CLUBS EIGHT HEARTS TWO,0.705,0.0936,0.2014
CLUBS EIGHT DIAMONDS QUEEN,0.3118,0.0362,0.652
CLUBS FIVE DIAMONDS QUEEN,0.4662,0.011,0.5228
CLUBS FIVE HEARTS TWO,0.6466,0.0418,0.3116
CLUBS FOUR DIAMONDS QUEEN,0.485,0.0084,0.5066
CLUBS FOUR HEARTS TWO,0.6532,0.0386,0.3082
CLUBS SEVEN HEARTS TWO,0.6818,0.0398,0.2784
CLUBS SEVEN DIAMONDS QUEEN,0.465,0.0116,0.5234
CLUBS SIX DIAMONDS QUEEN,0.4746,0.0108,0.5146
CLUBS SIX HEARTS TWO,0.6648,0.037,0.2982
DIAMONDS QUEEN SPADES SIX,0.4668,0.011,0.5222
SPADES SIX HEARTS TWO,0.6608,0.0398,0.2994
HEARTS FOUR CLUBS QUEEN,0.4812,0.0104,0.5084
DIAMONDS ACE CLUBS QUEEN,0.413,0.0042,0.5828
SPADES SEVEN DIAMONDS QUEEN,0.466,0.0124,0.5216
SPADES SEVEN HEARTS TWO,0.6774,0.0344,0.2882
HEARTS FOUR CLUBS KING,0.4792,0.007,0.5138
DIAMONDS ACE CLUBS KING,0.403,0.0042,0.5928
HEARTS FOUR CLUBS ACE,0.478,0.003,0.519
DIAMONDS ACE CLUBS ACE,0.234,0.0044,0.7616
HEARTS TWO SPADES TWO,0.4752,0.0552,0.4696
DIAMONDS QUEEN SPADES TWO,0.4644,0.0132,0.5224
HEARTS TWO SPADES THREE,0.6506,0.0392,0.3102
DIAMONDS QUEEN SPADES THREE,0.4746,0.0102,0.5152
HEARTS TWO SPADES FOUR,0.6608,0.0362,0.303
DIAMONDS QUEEN SPADES FOUR,0.4718,0.0094,0.5188
HEARTS FOUR CLUBS TEN,0.4896,0.0238,0.4866
DIAMONDS ACE CLUBS TEN,0.403,0.0042,0.5928
DIAMONDS QUEEN SPADES FIVE,0.464,0.011,0.525
HEARTS TWO SPADES FIVE,0.6532,0.0398,0.307
HEARTS FOUR CLUBS JACK,0.4792,0.0162,0.5046
DIAMONDS ACE CLUBS JACK,0.423,0.004,0.573
CLUBS FIVE CLUBS KING,0.459,0.0092,0.5318
CLUBS FIVE CLUBS QUEEN,0.454,0.0102,0.5358
CLUBS FIVE CLUBS ACE,0.4436,0.0038,0.5526
CLUBS FIVE CLUBS JACK,0.448,0.0156,0.5364
CLUBS FIVE CLUBS TEN,0.4412,0.0284,0.5304
SPADES KING CLUBS JACK,0.399,0.0058,0.5952
SPADES QUEEN CLUBS JACK,0.3784,0.0124,0.6092
SPADES ACE CLUBS JACK,0.3926,0.0044,0.603
SPADES SIX CLUBS KING,0.4494,0.0072,0.5434
SPADES SIX CLUBS QUEEN,0.464,0.0104,0.5256
SPADES SIX CLUBS ACE,0.4688,0.0044,0.5268
SPADES SIX CLUBS JACK,0.4706,0.02,0.5094
SPADES SIX CLUBS TEN,0.4454,0.0234,0.5312
SPADES TEN CLUBS JACK,0.363,0.0152,0.6218
SPADES JACK CLUBS JACK,0.207,0.0302,0.7628
SPADES QUEEN CLUBS SEVEN,0.4568,0.0128,0.5304
SPADES KING CLUBS SEVEN,0.4396,0.0084,0.552
SPADES ACE CLUBS SEVEN,0.455,0.0038,0.5412
SPADES SIX HEARTS TEN,0.4564,0.0254,0.5182
SPADES SIX HEARTS JACK,0.4578,0.0162,0.526
SPADES SIX HEARTS ACE,0.4646,0.0044,0.531
SPADES SIX HEARTS KING,0.456,0.0076,0.5364
SPADES SIX HEARTS QUEEN,0.4678,0.0112,0.521
SPADES JACK CLUBS SEVEN,0.4544,0.0156,0.53
CLUBS SEVEN SPADES TEN,0.446,0.0244,0.5296
HEARTS SIX CLUBS TEN,0.4678,0.0244,0.5078
HEARTS SIX CLUBS JACK,0.4602,0.018,0.5218
CLUBS ACE CLUBS JACK,0.3862,0.0044,0.6094
HEARTS SIX CLUBS QUEEN,0.4704,0.0126,0.517
HEARTS SIX CLUBS KING,0.4606,0.006,0.5334
HEARTS SIX CLUBS ACE,0.4636,0.0034,0.533
CLUBS QUEEN CLUBS JACK,0.3756,0.0092,0.6152
CLUBS KING CLUBS JACK,0.3768,0.007,0.6162
DIAMONDS THREE HEARTS ACE,0.4616,0.0042,0.5342
DIAMONDS THREE HEARTS QUEEN,0.486,0.0112,0.5028
DIAMONDS THREE HEARTS KING,0.4866,0.008,0.5054
CLUBS FIVE HEARTS JACK,0.4638,0.0196,0.5166
SPADES TEN DIAMONDS ACE,0.398,0.0024,0.5996
HEARTS FOUR SPADES TEN,0.4598,0.0294,0.5108
CLUBS FIVE HEARTS TEN,0.4774,0.0242,0.4984
HEARTS FOUR SPADES JACK,0.4718,0.0186,0.5096
SPADES JACK DIAMONDS ACE,0.4014,0.0044,0.5942
SPADES ACE HEARTS FOUR,0.4588,0.0052,0.536
SPADES ACE DIAMONDS ACE,0.2126,0.0044,0.783
CLUBS FIVE HEARTS ACE,0.4688,0.004,0.5272
CLUBS FIVE HEARTS KING,0.4718,0.0048,0.5234
SPADES FOUR CLUBS JACK,0.4856,0.0156,0.4988
HEARTS FOUR SPADES QUEEN,0.46,0.0124,0.5276
SPADES QUEEN DIAMONDS ACE,0.4136,0.0034,0.583
CLUBS FIVE HEARTS QUEEN,0.483,0.0102,0.5068
SPADES FOUR CLUBS TEN,0.4758,0.0272,0.497
SPADES KING DIAMONDS ACE,0.3802,0.005,0.6148
HEARTS FOUR SPADES KING,0.4698,0.0086,0.5216
DIAMONDS QUEEN DIAMONDS ACE,0.3878,0.0046,0.6076
HEARTS TWO DIAMONDS ACE,0.4706,0.004,0.5254
HEARTS FOUR DIAMONDS QUEEN,0.4888,0.0104,0.5008
HEARTS FOUR HEARTS TWO,0.617,0.0372,0.3458
DIAMONDS THREE HEARTS TEN,0.4878,0.0242,0.488
SPADES FOUR CLUBS KING,0.4726,0.0078,0.5196
HEARTS FIVE DIAMONDS QUEEN,0.472,0.0108,0.5172
HEARTS FIVE HEARTS TWO,0.6002,0.0358,0.364
DIAMONDS THREE HEARTS JACK,0.4726,0.0164,0.511
SPADES FOUR CLUBS QUEEN,0.4844,0.012,0.5036
DIAMONDS QUEEN HEARTS TWO,0.4848,0.0126,0.5026
DIAMONDS KING DIAMONDS QUEEN,0.375,0.0054,0.6196
DIAMONDS KING HEARTS TWO,0.471,0.0074,0.5216
HEARTS THREE DIAMONDS QUEEN,0.4798,0.0116,0.5086
HEARTS THREE HEARTS TWO,0.6156,0.0396,0.3448
SPADES FOUR CLUBS ACE,0.4476,0.0046,0.5478
HEARTS TWO CLUBS ACE,0.4674,0.006,0.5266
DIAMONDS QUEEN CLUBS ACE,0.4066,0.0048,0.5886
HEARTS TWO CLUBS QUEEN,0.4806,0.0122,0.5072
DIAMONDS QUEEN CLUBS QUEEN,0.2212,0.0194,0.7594
HEARTS TWO CLUBS KING,0.4776,0.0074,0.515
DIAMONDS QUEEN CLUBS KING,0.3852,0.0094,0.6054
HEARTS TWO CLUBS TEN,0.4682,0.0268,0.505
DIAMONDS QUEEN CLUBS TEN,0.3948,0.0092,0.596
HEARTS TWO CLUBS JACK,0.4846,0.0162,0.4992
DIAMONDS QUEEN CLUBS JACK,0.3874,0.0096,0.603
SPADES SIX SPADES FIVE,0.6312,0.0378,0.331
SPADES SEVEN SPADES FIVE,0.643,0.0372,0.3198
DIAMONDS FIVE CLUBS QUEEN,0.4718,0.0106,0.5176
CLUBS KING DIAMONDS FIVE,0.4734,0.0074,0.5192
CLUBS ACE DIAMONDS FIVE,0.4734,0.0028,0.5238
DIAMONDS FIVE CLUBS TEN,0.4704,0.0218,0.5078
DIAMONDS FIVE CLUBS JACK,0.4632,0.0168,0.52
HEARTS JACK DIAMONDS TEN,0.3832,0.0092,0.6076
DIAMONDS TEN HEARTS TEN,0.2022,0.03,0.7678
SPADES ACE CLUBS NINE,0.3144,0.0218,0.6638
CLUBS NINE SPADES QUEEN,0.2956,0.0452,0.6592
SPADES KING CLUBS NINE,0.3002,0.0306,0.6692
HEARTS SIX HEARTS KING,0.4252,0.0074,0.5674
DIAMONDS KING SPADES SEVEN,0.4498,0.0062,0.544
HEARTS THREE SPADES SEVEN,0.671,0.0378,0.2912
SPADES KING DIAMONDS SEVEN,0.4464,0.0074,0.5462
HEARTS SIX HEARTS QUEEN,0.4334,0.0112,0.5554
DIAMONDS KING SPADES SIX,0.462,0.0082,0.5298
HEARTS THREE SPADES SIX,0.6574,0.0368,0.3058
SPADES QUEEN DIAMONDS SEVEN,0.4528,0.0128,0.5344
HEARTS SIX HEARTS ACE,0.4388,0.0064,0.5548
SPADES ACE DIAMONDS SEVEN,0.4588,0.0032,0.538
CLUBS NINE HEARTS THREE,0.58,0.2096,0.2104
CLUBS NINE DIAMONDS KING,0.3078,0.0286,0.6636
CLUBS EIGHT HEARTS THREE,0.6856,0.1072,0.2072
CLUBS EIGHT DIAMONDS KING,0.3388,0.0316,0.6296
