opposingHand,winningChance,drawChance,lostChance
SPADES EIGHT SPADES THREE
HEARTS FIVE SPADES TEN,0.388,0.024,0.588
SPADES JACK HEARTS FIVE,0.3774,0.0198,0.6028
SPADES FIVE CLUBS JACK,0.3792,0.023,0.5978
SPADES FIVE CLUBS TEN,0.3862,0.0264,0.5874
CLUBS EIGHT CLUBS JACK,0.2644,0.0574,0.6782
CLUBS EIGHT CLUBS TEN,0.2572,0.0738,0.669
CLUBS EIGHT CLUBS KING,0.2534,0.0368,0.7098
SPADES FIVE CLUBS ACE,0.3658,0.0066,0.6276
CLUBS EIGHT CLUBS QUEEN,0.261,0.0442,0.6948
SPADES FIVE CLUBS KING,0.3824,0.009,0.6086
SPADES FIVE CLUBS QUEEN,0.3812,0.0136,0.6052
CLUBS EIGHT CLUBS ACE,0.2524,0.0294,0.7182
DIAMONDS TWO DIAMONDS THREE,0.5778,0.1334,0.2888
DIAMONDS TWO DIAMONDS FIVE,0.5454,0.061,0.3936
SPADES KING HEARTS FIVE,0.365,0.0086,0.6264
DIAMONDS TWO DIAMONDS FOUR,0.539,0.0614,0.3996
SPADES QUEEN HEARTS FIVE,0.3712,0.0132,0.6156
DIAMONDS TWO DIAMONDS SEVEN,0.568,0.0686,0.3634
DIAMONDS TWO DIAMONDS SIX,0.553,0.0604,0.3866
SPADES ACE HEARTS FIVE,0.3834,0.0074,0.6092
DIAMONDS TWO DIAMONDS NINE,0.3906,0.0442,0.5652
DIAMONDS TWO DIAMONDS EIGHT,0.2884,0.459,0.2526
DIAMONDS THREE DIAMONDS FOUR,0.5686,0.1362,0.2952
CLUBS TWO SPADES FOUR,0.5846,0.0674,0.348
DIAMONDS THREE DIAMONDS FIVE,0.5598,0.1276,0.3126
CLUBS TWO SPADES FIVE,0.5758,0.0706,0.3536
CLUBS TWO SPADES TWO,0.3912,0.1098,0.499
DIAMONDS THREE DIAMONDS EIGHT,0.0746,0.8556,0.0698
DIAMONDS THREE DIAMONDS NINE,0.272,0.1014,0.6266
SPADES NINE CLUBS TWO,0.4014,0.0448,0.5538
DIAMONDS THREE DIAMONDS SIX,0.5908,0.1292,0.28
CLUBS TWO SPADES SIX,0.5822,0.0702,0.3476
DIAMONDS THREE DIAMONDS SEVEN,0.5856,0.1272,0.2872
SPADES SEVEN CLUBS TWO,0.5994,0.0644,0.3362
CLUBS SIX CLUBS TWO,0.567,0.062,0.371
CLUBS SEVEN CLUBS TWO,0.5798,0.0614,0.3588
CLUBS FOUR CLUBS TWO,0.56,0.0652,0.3748
CLUBS FIVE CLUBS TWO,0.5476,0.0608,0.3916
CLUBS JACK CLUBS TEN,0.3352,0.0126,0.6522
DIAMONDS FOUR DIAMONDS SIX,0.5092,0.0638,0.427
CLUBS QUEEN CLUBS TEN,0.3394,0.0106,0.65
DIAMONDS FOUR DIAMONDS SEVEN,0.5226,0.06,0.4174
CLUBS KING CLUBS TEN,0.3348,0.0074,0.6578
CLUBS ACE CLUBS TEN,0.3394,0.0048,0.6558
CLUBS EIGHT CLUBS TWO,0.2904,0.457,0.2526
DIAMONDS FIVE DIAMONDS FOUR,0.5056,0.0606,0.4338
CLUBS NINE CLUBS TWO,0.3956,0.039,0.5654
DIAMONDS NINE DIAMONDS FOUR,0.3754,0.0404,0.5842
DIAMONDS EIGHT DIAMONDS FOUR,0.2526,0.4568,0.2906
CLUBS TWO CLUBS THREE,0.583,0.1316,0.2854
DIAMONDS NINE DIAMONDS FIVE,0.3512,0.0394,0.6094
DIAMONDS TWO CLUBS JACK,0.4222,0.016,0.5618
DIAMONDS EIGHT DIAMONDS FIVE,0.2598,0.3822,0.358
DIAMONDS TWO CLUBS TEN,0.4244,0.0248,0.5508
DIAMONDS FIVE DIAMONDS SEVEN,0.5078,0.0614,0.4308
DIAMONDS FIVE DIAMONDS SIX,0.5008,0.0562,0.443
DIAMONDS TWO CLUBS ACE,0.4034,0.0048,0.5918
DIAMONDS TWO CLUBS KING,0.4228,0.0088,0.5684
DIAMONDS TWO CLUBS QUEEN,0.4198,0.0116,0.5686
DIAMONDS EIGHT DIAMONDS SIX,0.2502,0.3298,0.42
DIAMONDS NINE DIAMONDS SIX,0.3496,0.04,0.6104
DIAMONDS SEVEN DIAMONDS SIX,0.503,0.0536,0.4434
DIAMONDS EIGHT DIAMONDS SEVEN,0.2476,0.2578,0.4946
DIAMONDS NINE DIAMONDS SEVEN,0.341,0.033,0.626
DIAMONDS NINE DIAMONDS EIGHT,0.2548,0.0942,0.651
DIAMONDS KING HEARTS TEN,0.3602,0.0088,0.631
HEARTS THREE HEARTS TEN,0.271,0.072,0.657
CLUBS SIX SPADES JACK,0.3884,0.0152,0.5964
DIAMONDS KING HEARTS JACK,0.3678,0.0078,0.6244
HEARTS THREE HEARTS JACK,0.2782,0.0556,0.6662
CLUBS SIX SPADES TEN,0.367,0.0294,0.6036
SPADES JACK SPADES FIVE,0.3312,0.0198,0.649
SPADES TEN SPADES FIVE,0.334,0.026,0.64
DIAMONDS KING HEARTS ACE,0.3716,0.0042,0.6242
HEARTS THREE HEARTS ACE,0.26,0.015,0.725
SPADES ACE CLUBS SIX,0.377,0.0042,0.6188
DIAMONDS KING HEARTS QUEEN,0.3644,0.0056,0.63
HEARTS THREE HEARTS QUEEN,0.2806,0.0364,0.683
SPADES KING CLUBS SIX,0.3792,0.007,0.6138
DIAMONDS KING HEARTS KING,0.1706,0.017,0.8124
HEARTS THREE HEARTS KING,0.2674,0.0294,0.7032
SPADES QUEEN CLUBS SIX,0.3746,0.0126,0.6128
SPADES NINE HEARTS TEN,0.3282,0.0212,0.6506
SPADES NINE HEARTS JACK,0.3456,0.0188,0.6356
SPADES QUEEN SPADES FIVE,0.3322,0.015,0.6528
SPADES KING SPADES FIVE,0.3424,0.0106,0.647
SPADES ACE SPADES FIVE,0.327,0.009,0.664
SPADES NINE HEARTS QUEEN,0.3438,0.0108,0.6454
SPADES NINE HEARTS KING,0.3568,0.0072,0.636
SPADES NINE HEARTS ACE,0.341,0.0062,0.6528
SPADES JACK CLUBS TEN,0.3242,0.013,0.6628
SPADES TEN CLUBS TEN,0.1694,0.0468,0.7838
SPADES ACE CLUBS TEN,0.3464,0.0066,0.647
SPADES KING CLUBS TEN,0.3552,0.006,0.6388
SPADES QUEEN CLUBS TEN,0.345,0.0094,0.6456
SPADES FIVE HEARTS QUEEN,0.3802,0.013,0.6068
SPADES FIVE HEARTS KING,0.372,0.0108,0.6172
SPADES FIVE HEARTS ACE,0.3716,0.004,0.6244
CLUBS EIGHT SPADES TEN,0.2546,0.0806,0.6648
HEARTS THREE SPADES JACK,0.268,0.0532,0.6788
SPADES JACK DIAMONDS KING,0.3524,0.0048,0.6428
SPADES TEN DIAMONDS KING,0.3474,0.008,0.6446
HEARTS THREE SPADES TEN,0.2668,0.0704,0.6628
CLUBS EIGHT SPADES JACK,0.249,0.0626,0.6884
SPADES ACE CLUBS EIGHT,0.2486,0.0328,0.7186
HEARTS FIVE CLUBS JACK,0.3998,0.0154,0.5848
CLUBS SIX HEARTS ACE,0.3948,0.0036,0.6016
HEARTS FIVE CLUBS TEN,0.3884,0.0284,0.5832
CLUBS EIGHT SPADES QUEEN,0.257,0.0466,0.6964
CLUBS SIX HEARTS QUEEN,0.391,0.0106,0.5984
CLUBS EIGHT SPADES KING,0.267,0.0388,0.6942
CLUBS SIX HEARTS KING,0.39,0.0052,0.6048
DIAMONDS TWO HEARTS JACK,0.422,0.02,0.558
DIAMONDS TWO HEARTS TEN,0.4138,0.0332,0.553
HEARTS FIVE CLUBS ACE,0.3878,0.0044,0.6078
SPADES FIVE HEARTS TEN,0.3918,0.0264,0.5818
HEARTS FIVE CLUBS KING,0.3902,0.009,0.6008
SPADES FIVE HEARTS JACK,0.3796,0.0186,0.6018
HEARTS FIVE CLUBS QUEEN,0.387,0.0106,0.6024
HEARTS THREE CLUBS KING,0.2876,0.0282,0.6842
DIAMONDS KING CLUBS KING,0.169,0.0158,0.8152
HEARTS THREE CLUBS QUEEN,0.2894,0.041,0.6696
DIAMONDS KING CLUBS QUEEN,0.3614,0.0062,0.6324
HEARTS FIVE HEARTS JACK,0.3698,0.021,0.6092
HEARTS FIVE HEARTS TEN,0.3544,0.0242,0.6214
HEARTS THREE CLUBS ACE,0.2954,0.0142,0.6904
DIAMONDS KING CLUBS ACE,0.3636,0.003,0.6334
SPADES ACE CLUBS QUEEN,0.3478,0.0044,0.6478
SPADES KING CLUBS QUEEN,0.3546,0.0056,0.6398
HEARTS THREE CLUBS JACK,0.2916,0.0492,0.6592
DIAMONDS KING CLUBS JACK,0.3646,0.0054,0.63
SPADES QUEEN CLUBS QUEEN,0.1644,0.0328,0.8028
HEARTS THREE CLUBS TEN,0.283,0.0658,0.6512
DIAMONDS KING CLUBS TEN,0.3648,0.006,0.6292
SPADES JACK CLUBS QUEEN,0.35,0.0096,0.6404
CLUBS SIX CLUBS QUEEN,0.369,0.0106,0.6204
SPADES TEN CLUBS QUEEN,0.3292,0.0114,0.6594
CLUBS SIX CLUBS KING,0.3688,0.0078,0.6234
CLUBS SIX CLUBS ACE,0.3704,0.0036,0.626
HEARTS FIVE HEARTS KING,0.3776,0.0102,0.6122
HEARTS FIVE HEARTS QUEEN,0.3662,0.0134,0.6204
CLUBS SIX CLUBS TEN,0.3574,0.0292,0.6134
HEARTS FIVE HEARTS ACE,0.3652,0.0056,0.6292
CLUBS SIX CLUBS JACK,0.3938,0.0142,0.592
SPADES SEVEN HEARTS JACK,0.3774,0.0196,0.603
SPADES SEVEN HEARTS TEN,0.3744,0.0264,0.5992
DIAMONDS TWO CLUBS TWO,0.394,0.106,0.5
DIAMONDS TWO CLUBS THREE,0.6316,0.1304,0.238
HEARTS SIX DIAMONDS TWO,0.5902,0.0716,0.3382
DIAMONDS TWO HEARTS QUEEN,0.4306,0.0152,0.5542
DIAMONDS TWO HEARTS SEVEN,0.6024,0.0616,0.336
DIAMONDS TWO HEARTS KING,0.4278,0.0112,0.561
DIAMONDS TWO HEARTS EIGHT,0.3052,0.4906,0.2042
DIAMONDS TWO HEARTS ACE,0.4072,0.0052,0.5876
DIAMONDS TWO HEARTS NINE,0.4302,0.041,0.5288
DIAMONDS TWO DIAMONDS QUEEN,0.4042,0.0126,0.5832
DIAMONDS TWO HEARTS TWO,0.3904,0.105,0.5046
DIAMONDS TWO DIAMONDS KING,0.3938,0.0066,0.5996
HEARTS THREE DIAMONDS TWO,0.6236,0.138,0.2384
DIAMONDS TWO DIAMONDS ACE,0.3848,0.006,0.6092
HEARTS FOUR DIAMONDS TWO,0.585,0.063,0.352
DIAMONDS TWO HEARTS FIVE,0.594,0.0652,0.3408
SPADES SEVEN HEARTS ACE,0.3878,0.0042,0.608
DIAMONDS TWO DIAMONDS TEN,0.3956,0.0286,0.5758
SPADES SEVEN HEARTS KING,0.3804,0.0056,0.614
DIAMONDS TWO DIAMONDS JACK,0.4,0.0202,0.5798
SPADES SEVEN HEARTS QUEEN,0.3832,0.0114,0.6054
DIAMONDS TWO SPADES NINE,0.42,0.0398,0.5402
DIAMONDS TWO SPADES SEVEN,0.6008,0.066,0.3332
DIAMONDS TWO SPADES SIX,0.601,0.0668,0.3322
DIAMONDS TWO SPADES FIVE,0.5682,0.0702,0.3616
DIAMONDS TWO SPADES FOUR,0.5734,0.0706,0.356
DIAMONDS TWO SPADES TWO,0.3768,0.107,0.5162
CLUBS NINE DIAMONDS TWO,0.4214,0.041,0.5376
CLUBS EIGHT DIAMONDS TWO,0.305,0.486,0.209
DIAMONDS TWO CLUBS SEVEN,0.6,0.062,0.338
CLUBS SIX DIAMONDS TWO,0.6106,0.0666,0.3228
DIAMONDS TWO CLUBS FIVE,0.569,0.0696,0.3614
DIAMONDS TWO CLUBS FOUR,0.586,0.0688,0.3452
CLUBS FOUR SPADES FIVE,0.5262,0.067,0.4068
CLUBS FOUR SPADES FOUR,0.2956,0.0974,0.607
CLUBS FOUR SPADES TWO,0.569,0.0678,0.3632
CLUBS FOUR SPADES NINE,0.3706,0.046,0.5834
CLUBS FOUR SPADES SEVEN,0.5434,0.0646,0.392
CLUBS FOUR SPADES SIX,0.5414,0.0636,0.395
SPADES ACE DIAMONDS SIX,0.381,0.0036,0.6154
SPADES QUEEN DIAMONDS SIX,0.3794,0.012,0.6086
SPADES KING DIAMONDS SIX,0.3874,0.0078,0.6048
SPADES TEN DIAMONDS SIX,0.3728,0.0252,0.602
SPADES JACK DIAMONDS SIX,0.3778,0.016,0.6062
SPADES QUEEN SPADES TWO,0.3732,0.0206,0.6062
SPADES KING SPADES TWO,0.378,0.0104,0.6116
SPADES ACE SPADES TWO,0.36,0.0076,0.6324
DIAMONDS JACK CLUBS JACK,0.1784,0.0362,0.7854
DIAMONDS JACK CLUBS TEN,0.3338,0.0122,0.654
DIAMONDS JACK CLUBS KING,0.364,0.0064,0.6296
DIAMONDS JACK CLUBS QUEEN,0.358,0.0104,0.6316
DIAMONDS THREE DIAMONDS JACK,0.2784,0.0504,0.6712
DIAMONDS THREE DIAMONDS TEN,0.2664,0.0702,0.6634
DIAMONDS JACK CLUBS ACE,0.3564,0.0032,0.6404
DIAMONDS THREE DIAMONDS KING,0.2768,0.0244,0.6988
HEARTS THREE DIAMONDS THREE,0.3012,0.0674,0.6314
DIAMONDS THREE DIAMONDS QUEEN,0.2732,0.0382,0.6886
DIAMONDS THREE HEARTS TWO,0.6066,0.1444,0.249
HEARTS FIVE DIAMONDS THREE,0.5962,0.1336,0.2702
DIAMONDS THREE DIAMONDS ACE,0.2612,0.0136,0.7252
HEARTS FOUR DIAMONDS THREE,0.6054,0.14,0.2546
DIAMONDS THREE HEARTS SEVEN,0.6266,0.1354,0.238
SPADES TEN SPADES NINE,0.2828,0.0254,0.6918
HEARTS SIX DIAMONDS THREE,0.6156,0.1442,0.2402
SPADES JACK SPADES NINE,0.2924,0.0164,0.6912
DIAMONDS THREE HEARTS NINE,0.275,0.0958,0.6292
HEARTS JACK DIAMONDS FOUR,0.405,0.0186,0.5764
HEARTS KING HEARTS ACE,0.3452,0.0046,0.6502
SPADES TEN SPADES TWO,0.3618,0.0308,0.6074
DIAMONDS THREE HEARTS EIGHT,0.0688,0.9112,0.02
HEARTS TEN DIAMONDS FOUR,0.4014,0.0264,0.5722
SPADES JACK SPADES TWO,0.3774,0.0176,0.605
HEARTS QUEEN DIAMONDS FOUR,0.396,0.0138,0.5902
HEARTS KING DIAMONDS FOUR,0.3956,0.0092,0.5952
SPADES ACE SPADES NINE,0.3118,0.0054,0.6828
HEARTS ACE DIAMONDS FOUR,0.4006,0.0034,0.596
SPADES KING SPADES NINE,0.3146,0.009,0.6764
SPADES QUEEN SPADES NINE,0.2984,0.0148,0.6868
DIAMONDS THREE SPADES NINE,0.253,0.1066,0.6404
DIAMONDS THREE SPADES SEVEN,0.6382,0.1328,0.229
DIAMONDS THREE SPADES SIX,0.6152,0.1368,0.248
CLUBS SIX DIAMONDS THREE,0.6128,0.1308,0.2564
CLUBS ACE DIAMONDS FOUR,0.3822,0.0042,0.6136
CLUBS SIX CLUBS FIVE,0.5088,0.0602,0.431
CLUBS SEVEN CLUBS FIVE,0.5162,0.0628,0.421
CLUBS SEVEN DIAMONDS THREE,0.6124,0.14,0.2476
DIAMONDS THREE CLUBS FOUR,0.597,0.1394,0.2636
CLUBS QUEEN DIAMONDS FOUR,0.3974,0.014,0.5886
DIAMONDS THREE CLUBS FIVE,0.5976,0.14,0.2624
CLUBS KING DIAMONDS FOUR,0.4064,0.0082,0.5854
DIAMONDS THREE CLUBS TWO,0.618,0.1428,0.2392
DIAMONDS FOUR CLUBS TEN,0.388,0.0284,0.5836
DIAMONDS THREE CLUBS THREE,0.3026,0.0704,0.627
DIAMONDS FOUR CLUBS JACK,0.401,0.0172,0.5818
DIAMONDS THREE SPADES FOUR,0.5974,0.1412,0.2614
DIAMONDS THREE SPADES FIVE,0.6152,0.1394,0.2454
DIAMONDS THREE SPADES TWO,0.61,0.1396,0.2504
CLUBS EIGHT DIAMONDS THREE,0.0798,0.8958,0.0244
CLUBS NINE DIAMONDS THREE,0.2776,0.1032,0.6192
SPADES SEVEN CLUBS ACE,0.3782,0.006,0.6158
SPADES SEVEN CLUBS QUEEN,0.401,0.0118,0.5872
SPADES SEVEN CLUBS KING,0.3812,0.0078,0.611
CLUBS FIVE SPADES SEVEN,0.5354,0.0656,0.399
SPADES SEVEN CLUBS TEN,0.3768,0.0254,0.5978
CLUBS FIVE SPADES SIX,0.5326,0.0632,0.4042
SPADES SEVEN CLUBS JACK,0.3884,0.0186,0.593
SPADES NINE CLUBS FIVE,0.3666,0.0432,0.5902
CLUBS FIVE SPADES TWO,0.5712,0.0722,0.3566
CLUBS FIVE SPADES FIVE,0.281,0.0928,0.6262
CLUBS FIVE SPADES FOUR,0.521,0.0726,0.4064
CLUBS NINE CLUBS FIVE,0.3632,0.0376,0.5992
CLUBS EIGHT CLUBS FIVE,0.2466,0.3908,0.3626
CLUBS ACE CLUBS QUEEN,0.351,0.0038,0.6452
CLUBS KING CLUBS QUEEN,0.3344,0.0066,0.659
DIAMONDS TEN DIAMONDS FOUR,0.3688,0.0252,0.606
DIAMONDS NINE CLUBS TEN,0.3336,0.0274,0.639
DIAMONDS JACK DIAMONDS FOUR,0.3756,0.0188,0.6056
DIAMONDS NINE CLUBS JACK,0.362,0.0146,0.6234
SPADES NINE CLUBS JACK,0.3414,0.0166,0.642
SPADES NINE CLUBS TEN,0.3294,0.0236,0.647
DIAMONDS ACE DIAMONDS FOUR,0.3646,0.0046,0.6308
HEARTS FOUR DIAMONDS FOUR,0.3006,0.0962,0.6032
DIAMONDS JACK HEARTS TEN,0.3514,0.013,0.6356
SPADES NINE CLUBS KING,0.3542,0.0076,0.6382
DIAMONDS TWO SPADES TEN,0.4172,0.0328,0.55
DIAMONDS NINE CLUBS ACE,0.3624,0.0038,0.6338
HEARTS FIVE DIAMONDS FOUR,0.5424,0.0648,0.3928
HEARTS JACK DIAMONDS JACK,0.1824,0.0378,0.7798
SPADES NINE CLUBS QUEEN,0.3512,0.0122,0.6366
DIAMONDS TWO SPADES JACK,0.4116,0.0196,0.5688
DIAMONDS QUEEN DIAMONDS FOUR,0.3864,0.0124,0.6012
HEARTS TWO DIAMONDS FOUR,0.5782,0.0558,0.366
DIAMONDS NINE CLUBS QUEEN,0.3666,0.0108,0.6226
DIAMONDS KING DIAMONDS FOUR,0.3794,0.0102,0.6104
HEARTS THREE DIAMONDS FOUR,0.6046,0.1332,0.2622
SPADES NINE CLUBS ACE,0.3416,0.0052,0.6532
DIAMONDS NINE CLUBS KING,0.3522,0.008,0.6398
HEARTS ACE DIAMONDS JACK,0.365,0.0032,0.6318
SPADES ACE DIAMONDS TWO,0.3884,0.0074,0.6042
DIAMONDS JACK HEARTS QUEEN,0.363,0.007,0.63
SPADES QUEEN DIAMONDS TWO,0.4116,0.0142,0.5742
HEARTS KING DIAMONDS JACK,0.3666,0.0076,0.6258
SPADES KING DIAMONDS TWO,0.4162,0.0114,0.5724
SPADES JACK SPADES SEVEN,0.3376,0.0194,0.643
SPADES TEN SPADES SEVEN,0.3242,0.03,0.6458
CLUBS SEVEN CLUBS THREE,0.5814,0.129,0.2896
CLUBS SIX CLUBS THREE,0.575,0.126,0.299
CLUBS FIVE CLUBS THREE,0.5534,0.1348,0.3118
CLUBS FOUR CLUBS THREE,0.5748,0.128,0.2972
CLUBS NINE CLUBS THREE,0.275,0.094,0.631
CLUBS EIGHT CLUBS THREE,0.0718,0.8604,0.0678
CLUBS THREE SPADES FIVE,0.5972,0.1344,0.2684
CLUBS THREE SPADES FOUR,0.594,0.1404,0.2656
CLUBS THREE SPADES TWO,0.6116,0.1458,0.2426
SPADES SIX CLUBS THREE,0.6172,0.138,0.2448
SPADES SEVEN CLUBS THREE,0.6344,0.131,0.2346
SPADES NINE CLUBS THREE,0.2636,0.1016,0.6348
SPADES TWO DIAMONDS FOUR,0.568,0.0678,0.3642
SPADES FOUR DIAMONDS FOUR,0.2946,0.0964,0.609
SPADES FIVE DIAMONDS FOUR,0.5242,0.0688,0.407
SPADES SIX DIAMONDS FOUR,0.5474,0.0668,0.3858
SPADES SEVEN DIAMONDS FOUR,0.5438,0.0662,0.39
SPADES NINE DIAMONDS FOUR,0.3908,0.0464,0.5628
CLUBS FIVE DIAMONDS FOUR,0.5342,0.064,0.4018
CLUBS FOUR DIAMONDS FOUR,0.2926,0.1064,0.601
CLUBS SEVEN DIAMONDS FOUR,0.5522,0.0628,0.385
CLUBS SIX DIAMONDS FOUR,0.5432,0.069,0.3878
CLUBS NINE DIAMONDS FOUR,0.3922,0.04,0.5678
CLUBS EIGHT DIAMONDS FOUR,0.263,0.476,0.261
DIAMONDS FOUR HEARTS SEVEN,0.5518,0.0676,0.3806
HEARTS SIX DIAMONDS FOUR,0.5426,0.067,0.3904
HEARTS NINE DIAMONDS FOUR,0.394,0.0412,0.5648
DIAMONDS FOUR HEARTS EIGHT,0.2576,0.4854,0.257
CLUBS THREE DIAMONDS FOUR,0.6008,0.1458,0.2534
CLUBS TWO DIAMONDS FOUR,0.5684,0.0762,0.3554
DIAMONDS TEN DIAMONDS FIVE,0.363,0.0268,0.6102
DIAMONDS JACK DIAMONDS FIVE,0.3706,0.019,0.6104
DIAMONDS NINE HEARTS QUEEN,0.3774,0.0074,0.6152
HEARTS KING DIAMONDS NINE,0.3662,0.006,0.6278
DIAMONDS NINE HEARTS ACE,0.3682,0.0026,0.6292
DIAMONDS NINE HEARTS TEN,0.3406,0.0216,0.6378
DIAMONDS NINE HEARTS JACK,0.3428,0.0154,0.6418
CLUBS KING DIAMONDS SIX,0.4006,0.0076,0.5918
CLUBS QUEEN DIAMONDS SIX,0.4046,0.0116,0.5838
CLUBS ACE DIAMONDS SIX,0.393,0.0044,0.6026
SPADES KING DIAMONDS FOUR,0.3778,0.011,0.6112
SPADES ACE SPADES SEVEN,0.3272,0.0058,0.667
SPADES QUEEN DIAMONDS FOUR,0.3934,0.0156,0.591
SPADES QUEEN SPADES SEVEN,0.3508,0.0146,0.6346
CLUBS JACK DIAMONDS SIX,0.3968,0.0154,0.5878
SPADES KING SPADES SEVEN,0.3392,0.0088,0.652
SPADES ACE DIAMONDS FOUR,0.3604,0.0046,0.635
CLUBS TEN DIAMONDS SIX,0.39,0.0222,0.5878
CLUBS NINE CLUBS FOUR,0.3754,0.0378,0.5868
CLUBS EIGHT CLUBS FOUR,0.2504,0.4496,0.3
SPADES JACK DIAMONDS FOUR,0.392,0.0174,0.5906
SPADES TEN DIAMONDS FOUR,0.3844,0.0294,0.5862
CLUBS FOUR CLUBS FIVE,0.499,0.0656,0.4354
CLUBS SEVEN CLUBS FOUR,0.5238,0.0608,0.4154
CLUBS SIX CLUBS FOUR,0.5144,0.0558,0.4298
CLUBS SEVEN SPADES NINE,0.3466,0.0384,0.615
CLUBS SEVEN SPADES SIX,0.5166,0.0622,0.4212
CLUBS SEVEN SPADES SEVEN,0.2806,0.0884,0.631
CLUBS SEVEN SPADES FIVE,0.5272,0.06,0.4128
CLUBS SEVEN SPADES FOUR,0.538,0.0702,0.3918
CLUBS SEVEN SPADES TWO,0.5894,0.0688,0.3418
CLUBS NINE CLUBS SEVEN,0.3418,0.037,0.6212
CLUBS EIGHT CLUBS SEVEN,0.2418,0.2638,0.4944
HEARTS SIX DIAMONDS FIVE,0.5362,0.0574,0.4064
DIAMONDS FIVE HEARTS SEVEN,0.5416,0.0608,0.3976
DIAMONDS FIVE HEARTS EIGHT,0.2688,0.413,0.3182
HEARTS NINE DIAMONDS FIVE,0.3746,0.0406,0.5848
DIAMONDS QUEEN DIAMONDS FIVE,0.3796,0.0158,0.6046
HEARTS TWO DIAMONDS FIVE,0.5916,0.058,0.3504
HEARTS KING HEARTS EIGHT,0.2604,0.0376,0.702
DIAMONDS KING DIAMONDS FIVE,0.3652,0.0064,0.6284
HEARTS THREE DIAMONDS FIVE,0.6016,0.136,0.2624
HEARTS QUEEN HEARTS EIGHT,0.2558,0.0472,0.697
DIAMONDS ACE DIAMONDS FIVE,0.3666,0.0048,0.6286
HEARTS FOUR DIAMONDS FIVE,0.5332,0.0596,0.4072
HEARTS FIVE DIAMONDS FIVE,0.288,0.0974,0.6146
HEARTS ACE HEARTS EIGHT,0.2552,0.0288,0.716
CLUBS FOUR DIAMONDS FIVE,0.547,0.0634,0.3896
CLUBS FIVE DIAMONDS FIVE,0.305,0.0944,0.6006
CLUBS SIX DIAMONDS FIVE,0.5342,0.0658,0.4
CLUBS SEVEN DIAMONDS FIVE,0.5432,0.0636,0.3932
CLUBS TWO DIAMONDS FIVE,0.58,0.0692,0.3508
CLUBS THREE DIAMONDS FIVE,0.5892,0.1384,0.2724
SPADES TWO DIAMONDS FIVE,0.5884,0.0586,0.353
SPADES JACK DIAMONDS EIGHT,0.2428,0.0588,0.6984
SPADES FIVE DIAMONDS FIVE,0.2888,0.0968,0.6144
HEARTS JACK CLUBS TEN,0.349,0.0138,0.6372
SPADES TEN DIAMONDS EIGHT,0.2544,0.0766,0.669
SPADES FOUR DIAMONDS FIVE,0.5214,0.0668,0.4118
HEARTS JACK CLUBS JACK,0.1834,0.0324,0.7842
HEARTS JACK CLUBS QUEEN,0.3656,0.0096,0.6248
CLUBS NINE DIAMONDS FIVE,0.3878,0.0374,0.5748
HEARTS JACK CLUBS KING,0.3702,0.0072,0.6226
CLUBS EIGHT DIAMONDS FIVE,0.2622,0.4262,0.3116
HEARTS JACK CLUBS ACE,0.3604,0.0038,0.6358
SPADES SEVEN DIAMONDS FIVE,0.5304,0.0698,0.3998
SPADES KING DIAMONDS EIGHT,0.2584,0.0384,0.7032
SPADES SIX DIAMONDS FIVE,0.528,0.0688,0.4032
SPADES QUEEN DIAMONDS EIGHT,0.2552,0.0502,0.6946
SPADES NINE DIAMONDS FIVE,0.3712,0.0454,0.5834
SPADES ACE DIAMONDS EIGHT,0.2472,0.0352,0.7176
DIAMONDS TEN DIAMONDS SIX,0.3726,0.0238,0.6036
HEARTS ACE DIAMONDS SEVEN,0.3996,0.0034,0.597
DIAMONDS JACK DIAMONDS SIX,0.3842,0.0174,0.5984
HEARTS QUEEN DIAMONDS SEVEN,0.3932,0.0114,0.5954
HEARTS KING DIAMONDS SEVEN,0.3908,0.0082,0.601
DIAMONDS ACE DIAMONDS SIX,0.3794,0.0058,0.6148
HEARTS FOUR DIAMONDS SIX,0.553,0.0662,0.3808
SPADES TWO HEARTS JACK,0.418,0.0194,0.5626
HEARTS FIVE DIAMONDS SIX,0.5334,0.0632,0.4034
SPADES TWO HEARTS TEN,0.4176,0.0272,0.5552
DIAMONDS QUEEN DIAMONDS SIX,0.3732,0.0136,0.6132
HEARTS TWO DIAMONDS SIX,0.598,0.0648,0.3372
DIAMONDS KING DIAMONDS SIX,0.3752,0.0086,0.6162
HEARTS THREE DIAMONDS SIX,0.6228,0.1326,0.2446
HEARTS EIGHT DIAMONDS SIX,0.2616,0.3456,0.3928
HEARTS NINE DIAMONDS SIX,0.374,0.0416,0.5844
HEARTS SIX DIAMONDS SIX,0.2796,0.089,0.6314
HEARTS SEVEN DIAMONDS SIX,0.5322,0.0612,0.4066
HEARTS TEN DIAMONDS SEVEN,0.3798,0.0242,0.596
CLUBS TWO DIAMONDS SIX,0.6014,0.0608,0.3378
HEARTS JACK DIAMONDS SEVEN,0.3934,0.0208,0.5858
CLUBS THREE DIAMONDS SIX,0.6228,0.1318,0.2454
DIAMONDS EIGHT CLUBS JACK,0.2838,0.063,0.6532
CLUBS SEVEN DIAMONDS SIX,0.5312,0.058,0.4108
CLUBS SIX DIAMONDS SIX,0.2938,0.0834,0.6228
DIAMONDS EIGHT CLUBS TEN,0.275,0.0756,0.6494
CLUBS FIVE DIAMONDS SIX,0.542,0.0562,0.4018
CLUBS FOUR DIAMONDS SIX,0.547,0.066,0.387
HEARTS ACE HEARTS JACK,0.349,0.0044,0.6466
DIAMONDS EIGHT CLUBS ACE,0.2764,0.025,0.6986
HEARTS JACK HEARTS QUEEN,0.3314,0.0072,0.6614
DIAMONDS EIGHT CLUBS KING,0.2686,0.0392,0.6922
CLUBS NINE DIAMONDS SIX,0.3778,0.0434,0.5788
HEARTS KING HEARTS JACK,0.3464,0.0084,0.6452
DIAMONDS EIGHT CLUBS QUEEN,0.2802,0.0442,0.6756
CLUBS EIGHT DIAMONDS SIX,0.2588,0.3592,0.382
SPADES TEN HEARTS KING,0.3522,0.0102,0.6376
SPADES FIVE DIAMONDS SIX,0.5224,0.0698,0.4078
HEARTS ACE SPADES TWO,0.409,0.0074,0.5836
SPADES JACK HEARTS KING,0.3516,0.0056,0.6428
SPADES FOUR DIAMONDS SIX,0.5448,0.06,0.3952
SPADES TWO HEARTS QUEEN,0.4296,0.0142,0.5562
SPADES ACE SPADES KING,0.2974,0.0064,0.6962
HEARTS KING SPADES TWO,0.4182,0.0082,0.5736
SPADES TWO DIAMONDS SIX,0.589,0.0698,0.3412
HEARTS TEN HEARTS EIGHT,0.264,0.0762,0.6598
SPADES NINE DIAMONDS SIX,0.3648,0.0432,0.592
HEARTS JACK HEARTS EIGHT,0.2538,0.0578,0.6884
SPADES SEVEN DIAMONDS SIX,0.53,0.0644,0.4056
SPADES SIX DIAMONDS SIX,0.2984,0.0832,0.6184
SPADES KING HEARTS KING,0.1608,0.0132,0.826
SPADES QUEEN HEARTS KING,0.3404,0.009,0.6506
CLUBS ACE CLUBS KING,0.3444,0.0042,0.6514
SPADES ACE HEARTS KING,0.3568,0.0058,0.6374
SPADES ACE HEARTS JACK,0.3408,0.0044,0.6548
SPADES QUEEN HEARTS JACK,0.347,0.009,0.644
SPADES KING HEARTS JACK,0.345,0.0064,0.6486
SPADES TEN DIAMONDS TEN,0.164,0.0498,0.7862
SPADES JACK DIAMONDS TEN,0.3398,0.0146,0.6456
SPADES ACE DIAMONDS TEN,0.349,0.0052,0.6458
SPADES JACK HEARTS JACK,0.1604,0.0384,0.8012
SPADES TEN HEARTS JACK,0.3278,0.0162,0.656
SPADES QUEEN DIAMONDS TEN,0.34,0.0106,0.6494
SPADES KING DIAMONDS TEN,0.3398,0.0094,0.6508
SPADES NINE DIAMONDS SEVEN,0.3632,0.037,0.5998
SPADES SEVEN DIAMONDS SEVEN,0.2746,0.08,0.6454
SPADES SIX DIAMONDS SEVEN,0.524,0.0598,0.4162
DIAMONDS KING DIAMONDS SEVEN,0.391,0.0054,0.6036
HEARTS THREE DIAMONDS SEVEN,0.6294,0.1302,0.2404
HEARTS KING DIAMONDS FIVE,0.3762,0.0114,0.6124
DIAMONDS QUEEN DIAMONDS SEVEN,0.3862,0.0084,0.6054
HEARTS TWO DIAMONDS SEVEN,0.6002,0.0704,0.3294
HEARTS QUEEN DIAMONDS FIVE,0.4008,0.0102,0.589
HEARTS FIVE DIAMONDS SEVEN,0.5558,0.062,0.3822
DIAMONDS ACE DIAMONDS SEVEN,0.3674,0.0054,0.6272
HEARTS FOUR DIAMONDS SEVEN,0.557,0.0698,0.3732
HEARTS ACE DIAMONDS FIVE,0.3836,0.0044,0.612
HEARTS SEVEN DIAMONDS SEVEN,0.293,0.0796,0.6274
HEARTS SIX DIAMONDS SEVEN,0.5214,0.0574,0.4212
HEARTS NINE DIAMONDS SEVEN,0.376,0.0404,0.5836
DIAMONDS SEVEN HEARTS EIGHT,0.258,0.2762,0.4658
DIAMONDS JACK DIAMONDS SEVEN,0.3648,0.0166,0.6186
HEARTS JACK DIAMONDS FIVE,0.3888,0.0214,0.5898
DIAMONDS TEN DIAMONDS SEVEN,0.3714,0.024,0.6046
DIAMONDS FIVE HEARTS TEN,0.3896,0.0298,0.5806
SPADES KING CLUBS TWO,0.4124,0.0114,0.5762
HEARTS KING CLUBS KING,0.1702,0.0142,0.8156
CLUBS EIGHT DIAMONDS SEVEN,0.272,0.2742,0.4538
SPADES QUEEN CLUBS TWO,0.4232,0.0156,0.5612
HEARTS KING CLUBS QUEEN,0.366,0.0058,0.6282
CLUBS NINE DIAMONDS SEVEN,0.3526,0.0368,0.6106
SPADES TWO CLUBS JACK,0.4266,0.0188,0.5546
SPADES ACE CLUBS TWO,0.3982,0.0072,0.5946
SPADES TWO CLUBS TEN,0.4102,0.0262,0.5636
HEARTS KING CLUBS ACE,0.3598,0.0054,0.6348
CLUBS SIX CLUBS SEVEN,0.4932,0.0546,0.4522
SPADES TWO CLUBS KING,0.4172,0.0094,0.5734
SPADES TWO DIAMONDS SEVEN,0.598,0.0666,0.3354
CLUBS EIGHT CLUBS SIX,0.2456,0.3378,0.4166
SPADES TWO CLUBS QUEEN,0.4162,0.0144,0.5694
CLUBS NINE CLUBS SIX,0.3614,0.0332,0.6054
SPADES FOUR DIAMONDS SEVEN,0.5486,0.0644,0.387
HEARTS KING CLUBS JACK,0.3646,0.0056,0.6298
SPADES FIVE DIAMONDS SEVEN,0.5422,0.065,0.3928
SPADES TWO CLUBS ACE,0.4114,0.0044,0.5842
HEARTS KING CLUBS TEN,0.3632,0.0102,0.6266
CLUBS SIX SPADES TWO,0.588,0.068,0.344
CLUBS TWO DIAMONDS SEVEN,0.6116,0.0648,0.3236
CLUBS SIX SPADES FOUR,0.5396,0.067,0.3934
CLUBS THREE DIAMONDS SEVEN,0.622,0.1306,0.2474
CLUBS SIX SPADES FIVE,0.5316,0.0598,0.4086
CLUBS FOUR DIAMONDS SEVEN,0.5452,0.0686,0.3862
CLUBS SIX SPADES SIX,0.29,0.0774,0.6326
CLUBS FIVE DIAMONDS SEVEN,0.5408,0.0644,0.3948
CLUBS SIX SPADES SEVEN,0.5282,0.0608,0.411
CLUBS SIX DIAMONDS SEVEN,0.5316,0.0614,0.407
SPADES JACK CLUBS TWO,0.414,0.0222,0.5638
CLUBS SIX SPADES NINE,0.3534,0.039,0.6076
SPADES TEN CLUBS TWO,0.4106,0.0266,0.5628
CLUBS SEVEN DIAMONDS SEVEN,0.2806,0.0828,0.6366
CLUBS TWO CLUBS QUEEN,0.4044,0.013,0.5826
CLUBS TWO CLUBS KING,0.3956,0.0072,0.5972
CLUBS THREE DIAMONDS EIGHT,0.0718,0.9048,0.0234
CLUBS TWO CLUBS ACE,0.3966,0.0044,0.599
CLUBS TWO DIAMONDS EIGHT,0.3034,0.4922,0.2044
DIAMONDS EIGHT HEARTS SEVEN,0.2708,0.2656,0.4636
HEARTS SIX DIAMONDS EIGHT,0.25,0.3522,0.3978
DIAMONDS EIGHT HEARTS NINE,0.2626,0.1022,0.6352
CLUBS TWO CLUBS TEN,0.3874,0.029,0.5836
DIAMONDS EIGHT HEARTS EIGHT,0.1214,0.0838,0.7948
CLUBS TWO CLUBS JACK,0.3952,0.0188,0.586
CLUBS NINE DIAMONDS EIGHT,0.2634,0.0978,0.6388
CLUBS EIGHT DIAMONDS EIGHT,0.1148,0.0868,0.7984
CLUBS FIVE DIAMONDS EIGHT,0.263,0.4048,0.3322
CLUBS FOUR DIAMONDS EIGHT,0.2546,0.4778,0.2676
CLUBS SEVEN DIAMONDS EIGHT,0.2504,0.2834,0.4662
CLUBS SIX DIAMONDS EIGHT,0.27,0.346,0.384
DIAMONDS QUEEN DIAMONDS EIGHT,0.2624,0.0422,0.6954
HEARTS TWO DIAMONDS EIGHT,0.295,0.4998,0.2052
DIAMONDS KING DIAMONDS EIGHT,0.272,0.033,0.695
HEARTS THREE DIAMONDS EIGHT,0.0712,0.9094,0.0194
DIAMONDS ACE DIAMONDS EIGHT,0.2564,0.0294,0.7142
HEARTS FOUR DIAMONDS EIGHT,0.2604,0.4806,0.259
HEARTS FIVE DIAMONDS EIGHT,0.2546,0.4166,0.3288
DIAMONDS EIGHT DIAMONDS TEN,0.264,0.0728,0.6632
DIAMONDS EIGHT DIAMONDS JACK,0.2562,0.0604,0.6834
CLUBS FOUR HEARTS ACE,0.387,0.0042,0.6088
CLUBS FOUR HEARTS QUEEN,0.3842,0.0142,0.6016
CLUBS FOUR HEARTS KING,0.3966,0.0068,0.5966
CLUBS SIX HEARTS TEN,0.3836,0.0248,0.5916
CLUBS SIX HEARTS JACK,0.381,0.0156,0.6034
SPADES FOUR DIAMONDS EIGHT,0.2382,0.4984,0.2634
SPADES FIVE DIAMONDS EIGHT,0.2512,0.4264,0.3224
DIAMONDS EIGHT SPADES TWO,0.2936,0.5026,0.2038
CLUBS FOUR HEARTS JACK,0.3868,0.0208,0.5924
SPADES TEN DIAMONDS QUEEN,0.3312,0.0084,0.6604
SPADES TEN HEARTS TWO,0.411,0.0324,0.5566
SPADES JACK HEARTS EIGHT,0.2508,0.056,0.6932
CLUBS FOUR HEARTS TEN,0.4058,0.0278,0.5664
SPADES NINE DIAMONDS EIGHT,0.245,0.0974,0.6576
SPADES TEN HEARTS EIGHT,0.2394,0.0804,0.6802
SPADES JACK HEARTS TWO,0.4112,0.0192,0.5696
SPADES JACK DIAMONDS QUEEN,0.3492,0.0094,0.6414
SPADES SIX DIAMONDS EIGHT,0.2522,0.3592,0.3886
SPADES SEVEN DIAMONDS EIGHT,0.2422,0.289,0.4688
SPADES ACE HEARTS TWO,0.4118,0.0056,0.5826
SPADES ACE DIAMONDS QUEEN,0.3508,0.0062,0.643
SPADES ACE HEARTS EIGHT,0.2376,0.0304,0.732
SPADES KING HEARTS EIGHT,0.2514,0.0392,0.7094
SPADES QUEEN HEARTS TWO,0.4044,0.0144,0.5812
SPADES QUEEN DIAMONDS QUEEN,0.1534,0.0254,0.8212
SPADES KING DIAMONDS QUEEN,0.3484,0.0078,0.6438
SPADES KING HEARTS TWO,0.4118,0.0086,0.5796
SPADES QUEEN HEARTS EIGHT,0.2488,0.0494,0.7018
CLUBS TWO HEARTS TEN,0.4316,0.029,0.5394
CLUBS TWO HEARTS JACK,0.43,0.0186,0.5514
SPADES SEVEN DIAMONDS NINE,0.3642,0.0408,0.595
SPADES SIX DIAMONDS NINE,0.3648,0.04,0.5952
SPADES NINE DIAMONDS NINE,0.1752,0.0548,0.77
SPADES TEN CLUBS KING,0.325,0.0068,0.6682
SPADES JACK CLUBS KING,0.3526,0.0078,0.6396
DIAMONDS NINE SPADES TWO,0.4076,0.0484,0.544
SPADES FIVE DIAMONDS NINE,0.3816,0.0438,0.5746
DIAMONDS NINE SPADES FOUR,0.38,0.0414,0.5786
CLUBS NINE DIAMONDS NINE,0.1842,0.0554,0.7604
CLUBS EIGHT DIAMONDS NINE,0.2766,0.1006,0.6228
CLUBS SIX DIAMONDS NINE,0.3756,0.0394,0.585
SPADES JACK CLUBS FOUR,0.3752,0.02,0.6048
SPADES TEN CLUBS FOUR,0.375,0.027,0.598
CLUBS SEVEN DIAMONDS NINE,0.3564,0.0454,0.5982
CLUBS FOUR DIAMONDS NINE,0.401,0.0414,0.5576
CLUBS FIVE DIAMONDS NINE,0.385,0.0386,0.5764
CLUBS TWO DIAMONDS NINE,0.4082,0.0436,0.5482
CLUBS THREE DIAMONDS NINE,0.2898,0.0986,0.6116
DIAMONDS NINE HEARTS EIGHT,0.2622,0.1018,0.636
DIAMONDS NINE HEARTS NINE,0.167,0.0604,0.7726
HEARTS SIX DIAMONDS NINE,0.3822,0.0428,0.575
DIAMONDS NINE HEARTS SEVEN,0.3712,0.039,0.5898
CLUBS EIGHT CLUBS NINE,0.2616,0.0994,0.639
DIAMONDS ACE DIAMONDS NINE,0.3434,0.0044,0.6522
HEARTS FOUR DIAMONDS NINE,0.3874,0.0466,0.566
HEARTS FIVE DIAMONDS NINE,0.3736,0.0414,0.585
CLUBS TWO HEARTS ACE,0.4378,0.0044,0.5578
SPADES ACE CLUBS FOUR,0.3642,0.0064,0.6294
DIAMONDS QUEEN DIAMONDS NINE,0.3434,0.0104,0.6462
HEARTS TWO DIAMONDS NINE,0.4134,0.041,0.5456
CLUBS TWO HEARTS KING,0.4172,0.0096,0.5732
SPADES KING CLUBS FOUR,0.3774,0.0122,0.6104
DIAMONDS KING DIAMONDS NINE,0.347,0.0084,0.6446
HEARTS THREE DIAMONDS NINE,0.2904,0.0954,0.6142
CLUBS TWO HEARTS QUEEN,0.4322,0.0158,0.552
SPADES QUEEN CLUBS FOUR,0.3886,0.0142,0.5972
DIAMONDS NINE DIAMONDS JACK,0.3272,0.015,0.6578
CLUBS EIGHT SPADES NINE,0.244,0.1152,0.6408
DIAMONDS NINE DIAMONDS TEN,0.3208,0.0202,0.659
CLUBS EIGHT SPADES SEVEN,0.2446,0.284,0.4714
CLUBS EIGHT SPADES SIX,0.246,0.3506,0.4034
CLUBS EIGHT SPADES FIVE,0.2604,0.4172,0.3224
CLUBS EIGHT SPADES FOUR,0.2596,0.4794,0.261
CLUBS EIGHT SPADES TWO,0.2936,0.4948,0.2116
HEARTS SIX DIAMONDS TEN,0.3826,0.0262,0.5912
DIAMONDS TEN HEARTS SEVEN,0.3742,0.0258,0.6
DIAMONDS TEN HEARTS EIGHT,0.26,0.0758,0.6642
CLUBS FOUR CLUBS JACK,0.3624,0.0182,0.6194
DIAMONDS TEN HEARTS NINE,0.3444,0.0264,0.6292
CLUBS FOUR CLUBS TEN,0.3782,0.0282,0.5936
CLUBS FOUR CLUBS KING,0.3664,0.0088,0.6248
CLUBS FOUR CLUBS QUEEN,0.3698,0.0128,0.6174
CLUBS TWO DIAMONDS TEN,0.4228,0.026,0.5512
CLUBS THREE DIAMONDS TEN,0.2858,0.0722,0.642
CLUBS FOUR CLUBS ACE,0.3694,0.005,0.6256
DIAMONDS JACK DIAMONDS TEN,0.324,0.0114,0.6646
DIAMONDS QUEEN DIAMONDS TEN,0.3294,0.0118,0.6588
HEARTS TWO DIAMONDS TEN,0.417,0.0292,0.5538
DIAMONDS KING DIAMONDS TEN,0.3358,0.0068,0.6574
HEARTS THREE DIAMONDS TEN,0.276,0.0704,0.6536
DIAMONDS ACE DIAMONDS TEN,0.343,0.0044,0.6526
HEARTS FOUR DIAMONDS TEN,0.3944,0.0272,0.5784
CLUBS EIGHT HEARTS JACK,0.2666,0.0542,0.6792
HEARTS FIVE DIAMONDS TEN,0.399,0.0298,0.5712
CLUBS EIGHT HEARTS TEN,0.2762,0.0734,0.6504
CLUBS EIGHT HEARTS QUEEN,0.2652,0.052,0.6828
CLUBS EIGHT HEARTS KING,0.2796,0.0402,0.6802
CLUBS EIGHT HEARTS ACE,0.2708,0.0308,0.6984
CLUBS NINE SPADES TWO,0.4144,0.0412,0.5444
CLUBS NINE SPADES FIVE,0.375,0.0386,0.5864
CLUBS NINE SPADES FOUR,0.379,0.0426,0.5784
CLUBS NINE SPADES SEVEN,0.3626,0.036,0.6014
CLUBS NINE SPADES SIX,0.3644,0.0416,0.594
CLUBS NINE SPADES NINE,0.1726,0.0566,0.7708
CLUBS TEN HEARTS EIGHT,0.282,0.075,0.643
CLUBS JACK HEARTS EIGHT,0.2744,0.0566,0.669
CLUBS QUEEN HEARTS EIGHT,0.2696,0.0454,0.685
CLUBS KING HEARTS EIGHT,0.2828,0.033,0.6842
CLUBS ACE HEARTS EIGHT,0.2724,0.032,0.6956
SPADES KING CLUBS KING,0.1584,0.0148,0.8268
SPADES QUEEN CLUBS KING,0.361,0.0074,0.6316
SPADES ACE CLUBS KING,0.3534,0.004,0.6426
DIAMONDS ACE HEARTS TEN,0.3612,0.0048,0.634
HEARTS FOUR HEARTS TEN,0.3656,0.0272,0.6072
DIAMONDS ACE HEARTS JACK,0.3712,0.0054,0.6234
HEARTS FOUR HEARTS JACK,0.364,0.0208,0.6152
SPADES KING CLUBS FIVE,0.3822,0.0084,0.6094
SPADES QUEEN CLUBS FIVE,0.3698,0.0124,0.6178
SPADES ACE CLUBS FIVE,0.372,0.007,0.621
DIAMONDS JACK HEARTS SEVEN,0.3868,0.0172,0.596
HEARTS SIX DIAMONDS JACK,0.4012,0.0168,0.582
DIAMONDS JACK HEARTS NINE,0.3366,0.014,0.6494
DIAMONDS JACK HEARTS EIGHT,0.28,0.055,0.665
DIAMONDS KING DIAMONDS JACK,0.3436,0.0058,0.6506
HEARTS THREE DIAMONDS JACK,0.2818,0.06,0.6582
SPADES ACE SPADES SIX,0.325,0.0062,0.6688
SPADES FOUR HEARTS ACE,0.3684,0.0052,0.6264
DIAMONDS QUEEN DIAMONDS JACK,0.3408,0.0122,0.647
HEARTS TWO DIAMONDS JACK,0.4182,0.0216,0.5602
HEARTS FIVE DIAMONDS JACK,0.3668,0.0186,0.6146
SPADES QUEEN SPADES SIX,0.3346,0.0112,0.6542
SPADES FOUR HEARTS QUEEN,0.3878,0.0158,0.5964
DIAMONDS ACE DIAMONDS JACK,0.3456,0.0048,0.6496
HEARTS FOUR DIAMONDS JACK,0.3968,0.016,0.5872
SPADES KING SPADES SIX,0.3468,0.0074,0.6458
HEARTS KING SPADES FOUR,0.385,0.01,0.605
SPADES TEN SPADES SIX,0.3256,0.0308,0.6436
SPADES JACK SPADES SIX,0.3308,0.0174,0.6518
SPADES FOUR DIAMONDS JACK,0.3946,0.0182,0.5872
SPADES FIVE DIAMONDS JACK,0.3734,0.017,0.6096
SPADES TWO DIAMONDS JACK,0.4068,0.0228,0.5704
SPADES ACE DIAMONDS THREE,0.2688,0.0164,0.7148
SPADES QUEEN DIAMONDS THREE,0.2702,0.04,0.6898
CLUBS EIGHT DIAMONDS JACK,0.2758,0.0526,0.6716
SPADES KING DIAMONDS THREE,0.2652,0.0282,0.7066
CLUBS NINE DIAMONDS JACK,0.3482,0.0168,0.635
CLUBS SIX DIAMONDS JACK,0.4072,0.0142,0.5786
CLUBS SEVEN DIAMONDS JACK,0.395,0.0186,0.5864
CLUBS FOUR DIAMONDS JACK,0.3878,0.019,0.5932
CLUBS FIVE DIAMONDS JACK,0.4004,0.0186,0.581
CLUBS TWO DIAMONDS JACK,0.4246,0.019,0.5564
CLUBS THREE DIAMONDS JACK,0.2968,0.0454,0.6578
SPADES TEN CLUBS FIVE,0.3776,0.0312,0.5912
HEARTS SIX SPADES JACK,0.3786,0.0196,0.6018
HEARTS SIX SPADES TEN,0.369,0.0234,0.6076
SPADES JACK CLUBS FIVE,0.3806,0.0188,0.6006
SPADES JACK DIAMONDS THREE,0.285,0.0556,0.6594
CLUBS SEVEN CLUBS ACE,0.3616,0.0046,0.6338
DIAMONDS THREE SPADES TEN,0.2768,0.0762,0.647
CLUBS SEVEN CLUBS QUEEN,0.3812,0.0082,0.6106
CLUBS SEVEN CLUBS KING,0.3704,0.0068,0.6228
SPADES NINE DIAMONDS JACK,0.3422,0.0184,0.6394
CLUBS SEVEN CLUBS TEN,0.357,0.023,0.62
DIAMONDS ACE HEARTS ACE,0.1706,0.0048,0.8246
HEARTS FOUR HEARTS ACE,0.3694,0.0066,0.624
SPADES ACE HEARTS SIX,0.3746,0.0054,0.62
CLUBS SEVEN CLUBS JACK,0.3788,0.0164,0.6048
DIAMONDS ACE HEARTS KING,0.373,0.0054,0.6216
HEARTS FOUR HEARTS KING,0.3736,0.0094,0.617
SPADES SEVEN DIAMONDS JACK,0.385,0.0174,0.5976
SPADES KING HEARTS SIX,0.3694,0.01,0.6206
DIAMONDS ACE HEARTS QUEEN,0.3614,0.0042,0.6344
HEARTS FOUR HEARTS QUEEN,0.3686,0.0118,0.6196
SPADES SIX DIAMONDS JACK,0.386,0.0188,0.5952
SPADES QUEEN HEARTS SIX,0.3862,0.0126,0.6012
SPADES TWO DIAMONDS TEN,0.4228,0.028,0.5492
SPADES FOUR DIAMONDS TEN,0.3758,0.0284,0.5958
SPADES FIVE DIAMONDS TEN,0.3876,0.0254,0.587
SPADES SIX DIAMONDS TEN,0.3664,0.0274,0.6062
SPADES SEVEN DIAMONDS TEN,0.3776,0.0262,0.5962
SPADES NINE DIAMONDS TEN,0.3346,0.0224,0.643
CLUBS FOUR DIAMONDS TEN,0.404,0.0264,0.5696
CLUBS FIVE DIAMONDS TEN,0.3904,0.0284,0.5812
CLUBS SIX DIAMONDS TEN,0.3934,0.0256,0.581
CLUBS SEVEN DIAMONDS TEN,0.3696,0.021,0.6094
CLUBS EIGHT DIAMONDS TEN,0.2668,0.082,0.6512
CLUBS NINE DIAMONDS TEN,0.3396,0.0224,0.638
DIAMONDS THREE CLUBS JACK,0.2764,0.0568,0.6668
DIAMONDS THREE CLUBS TEN,0.2754,0.072,0.6526
DIAMONDS THREE CLUBS KING,0.2786,0.0306,0.6908
DIAMONDS THREE CLUBS QUEEN,0.288,0.0432,0.6688
DIAMONDS THREE CLUBS ACE,0.3012,0.014,0.6848
SPADES FOUR HEARTS JACK,0.3786,0.0164,0.605
SPADES FOUR HEARTS TEN,0.3948,0.0284,0.5768
SPADES FIVE SPADES TWO,0.5616,0.0702,0.3682
SPADES FOUR SPADES TWO,0.5878,0.0746,0.3376
SPADES NINE SPADES TWO,0.37,0.0442,0.5858
SPADES SEVEN SPADES TWO,0.5908,0.0664,0.3428
SPADES SIX SPADES TWO,0.5918,0.0634,0.3448
DIAMONDS QUEEN CLUBS THREE,0.293,0.0438,0.6632
HEARTS TWO CLUBS THREE,0.615,0.1384,0.2466
DIAMONDS QUEEN CLUBS TWO,0.418,0.0134,0.5686
CLUBS TWO HEARTS TWO,0.3868,0.111,0.5022
DIAMONDS QUEEN HEARTS SEVEN,0.4034,0.0132,0.5834
HEARTS TWO HEARTS SEVEN,0.5738,0.0646,0.3616
HEARTS SIX DIAMONDS QUEEN,0.3954,0.0104,0.5942
HEARTS SIX HEARTS TWO,0.5622,0.0608,0.377
DIAMONDS QUEEN HEARTS NINE,0.3614,0.0122,0.6264
HEARTS TWO HEARTS NINE,0.3934,0.038,0.5686
DIAMONDS QUEEN HEARTS EIGHT,0.2784,0.0514,0.6702
HEARTS TWO HEARTS EIGHT,0.2778,0.4682,0.254
CLUBS NINE HEARTS TWO,0.4148,0.0478,0.5374
CLUBS NINE DIAMONDS QUEEN,0.3602,0.0126,0.6272
CLUBS EIGHT HEARTS TWO,0.2934,0.4954,0.2112
CLUBS EIGHT DIAMONDS QUEEN,0.2798,0.0472,0.673
CLUBS FIVE DIAMONDS QUEEN,0.3968,0.0108,0.5924
CLUBS FIVE HEARTS TWO,0.5838,0.0666,0.3496
CLUBS FOUR DIAMONDS QUEEN,0.3856,0.0112,0.6032
CLUBS FOUR HEARTS TWO,0.5802,0.0706,0.3492
CLUBS SEVEN HEARTS TWO,0.587,0.0602,0.3528
CLUBS SEVEN DIAMONDS QUEEN,0.3912,0.0114,0.5974
CLUBS SIX DIAMONDS QUEEN,0.386,0.015,0.599
CLUBS SIX HEARTS TWO,0.5936,0.0698,0.3366
DIAMONDS QUEEN SPADES SIX,0.395,0.0108,0.5942
HEARTS TWO SPADES SIX,0.5906,0.0714,0.338
HEARTS FOUR CLUBS QUEEN,0.4004,0.0138,0.5858
DIAMONDS ACE CLUBS QUEEN,0.3716,0.0032,0.6252
DIAMONDS QUEEN SPADES SEVEN,0.3936,0.0092,0.5972
SPADES SEVEN HEARTS TWO,0.602,0.0636,0.3344
HEARTS FOUR CLUBS KING,0.419,0.0076,0.5734
DIAMONDS ACE CLUBS KING,0.3668,0.0044,0.6288
HEARTS FOUR CLUBS ACE,0.3982,0.0048,0.597
DIAMONDS ACE CLUBS ACE,0.1724,0.003,0.8246
SPADES NINE DIAMONDS QUEEN,0.3394,0.0108,0.6498
SPADES NINE HEARTS TWO,0.3988,0.0418,0.5594
HEARTS TWO SPADES TWO,0.3806,0.11,0.5094
DIAMONDS QUEEN SPADES TWO,0.422,0.013,0.565
HEARTS TWO SPADES FOUR,0.586,0.0686,0.3454
DIAMONDS QUEEN SPADES FOUR,0.4008,0.013,0.5862
HEARTS FOUR CLUBS TEN,0.3854,0.027,0.5876
DIAMONDS ACE CLUBS TEN,0.3746,0.003,0.6224
HEARTS TWO SPADES FIVE,0.5678,0.0742,0.358
DIAMONDS QUEEN SPADES FIVE,0.3834,0.0124,0.6042
HEARTS FOUR CLUBS JACK,0.4016,0.0208,0.5776
DIAMONDS ACE CLUBS JACK,0.3744,0.004,0.6216
CLUBS FIVE CLUBS KING,0.361,0.0096,0.6294
CLUBS FIVE CLUBS QUEEN,0.3784,0.0112,0.6104
CLUBS FIVE CLUBS ACE,0.3582,0.0064,0.6354
CLUBS FIVE CLUBS JACK,0.3754,0.0222,0.6024
CLUBS FIVE CLUBS TEN,0.3644,0.0272,0.6084
SPADES KING CLUBS JACK,0.3454,0.0078,0.6468
SPADES QUEEN CLUBS JACK,0.3422,0.0108,0.647
SPADES ACE CLUBS JACK,0.3476,0.0054,0.647
SPADES SIX CLUBS KING,0.3724,0.0092,0.6184
SPADES SIX CLUBS QUEEN,0.384,0.0142,0.6018
SPADES SIX CLUBS ACE,0.3864,0.0046,0.609
SPADES SIX CLUBS JACK,0.3856,0.0176,0.5968
SPADES SIX CLUBS TEN,0.374,0.0214,0.6046
SPADES TEN CLUBS JACK,0.3366,0.0174,0.646
SPADES JACK CLUBS JACK,0.1606,0.0406,0.7988
SPADES QUEEN CLUBS SEVEN,0.3756,0.0122,0.6122
SPADES KING CLUBS SEVEN,0.3824,0.0058,0.6118
SPADES ACE CLUBS SEVEN,0.3836,0.0058,0.6106
SPADES SIX HEARTS TEN,0.37,0.0266,0.6034
SPADES SIX HEARTS JACK,0.3728,0.018,0.6092
SPADES SIX HEARTS ACE,0.3872,0.004,0.6088
SPADES SIX HEARTS KING,0.38,0.0072,0.6128
SPADES SIX HEARTS QUEEN,0.3728,0.0124,0.6148
SPADES JACK CLUBS SEVEN,0.3924,0.0172,0.5904
CLUBS SEVEN SPADES TEN,0.3654,0.026,0.6086
HEARTS SIX CLUBS TEN,0.3764,0.0292,0.5944
HEARTS SIX CLUBS JACK,0.3872,0.0182,0.5946
CLUBS ACE CLUBS JACK,0.3494,0.0064,0.6442
HEARTS SIX CLUBS QUEEN,0.3882,0.0116,0.6002
HEARTS SIX CLUBS KING,0.393,0.009,0.598
HEARTS SIX CLUBS ACE,0.3898,0.0028,0.6074
CLUBS QUEEN CLUBS JACK,0.352,0.0116,0.6364
CLUBS KING CLUBS JACK,0.337,0.0062,0.6568
DIAMONDS THREE HEARTS ACE,0.2782,0.017,0.7048
DIAMONDS THREE HEARTS QUEEN,0.2886,0.034,0.6774
DIAMONDS THREE HEARTS KING,0.2894,0.0248,0.6858
CLUBS FIVE HEARTS JACK,0.3916,0.0156,0.5928
SPADES TEN DIAMONDS ACE,0.3388,0.0042,0.657
HEARTS FOUR SPADES TEN,0.3782,0.0294,0.5924
CLUBS FIVE HEARTS TEN,0.3864,0.025,0.5886
HEARTS FOUR SPADES JACK,0.3832,0.0198,0.597
SPADES JACK DIAMONDS ACE,0.3458,0.0042,0.65
SPADES ACE HEARTS FOUR,0.3746,0.006,0.6194
SPADES ACE DIAMONDS ACE,0.1656,0.0046,0.8298
CLUBS FIVE HEARTS ACE,0.382,0.0044,0.6136
CLUBS FIVE HEARTS KING,0.3932,0.007,0.5998
HEARTS FOUR SPADES QUEEN,0.3892,0.0128,0.598
SPADES QUEEN DIAMONDS ACE,0.3606,0.0066,0.6328
SPADES FOUR CLUBS JACK,0.3788,0.0214,0.5998
CLUBS FIVE HEARTS QUEEN,0.401,0.013,0.586
SPADES KING DIAMONDS ACE,0.3524,0.0058,0.6418
HEARTS FOUR SPADES KING,0.3848,0.0112,0.604
SPADES FOUR CLUBS TEN,0.374,0.0282,0.5978
DIAMONDS QUEEN DIAMONDS ACE,0.3462,0.005,0.6488
HEARTS TWO DIAMONDS ACE,0.408,0.0034,0.5886
HEARTS FOUR DIAMONDS QUEEN,0.3968,0.0124,0.5908
HEARTS FOUR HEARTS TWO,0.5458,0.0664,0.3878
DIAMONDS THREE HEARTS TEN,0.2806,0.0756,0.6438
SPADES FOUR CLUBS KING,0.388,0.0098,0.6022
HEARTS FIVE DIAMONDS QUEEN,0.3992,0.0132,0.5876
HEARTS FIVE HEARTS TWO,0.5368,0.065,0.3982
DIAMONDS THREE HEARTS JACK,0.283,0.0534,0.6636
SPADES FOUR CLUBS QUEEN,0.39,0.0134,0.5966
DIAMONDS QUEEN HEARTS TWO,0.4302,0.0132,0.5566
DIAMONDS KING DIAMONDS QUEEN,0.3406,0.0076,0.6518
DIAMONDS KING HEARTS TWO,0.4244,0.0076,0.568
HEARTS THREE DIAMONDS QUEEN,0.2906,0.0412,0.6682
HEARTS THREE HEARTS TWO,0.5872,0.1352,0.2776
SPADES FOUR CLUBS ACE,0.3848,0.0052,0.61
HEARTS TWO CLUBS ACE,0.4126,0.004,0.5834
DIAMONDS QUEEN CLUBS ACE,0.3648,0.0036,0.6316
HEARTS TWO CLUBS QUEEN,0.4336,0.0118,0.5546
DIAMONDS QUEEN CLUBS QUEEN,0.1722,0.0276,0.8002
HEARTS TWO CLUBS KING,0.417,0.0054,0.5776
DIAMONDS QUEEN CLUBS KING,0.3596,0.007,0.6334
HEARTS TWO CLUBS TEN,0.4276,0.0268,0.5456
DIAMONDS QUEEN CLUBS TEN,0.3614,0.0084,0.6302
SPADES NINE SPADES FIVE,0.3212,0.0416,0.6372
HEARTS TWO CLUBS JACK,0.4214,0.022,0.5566
DIAMONDS QUEEN CLUBS JACK,0.362,0.0084,0.6296
SPADES SIX SPADES FIVE,0.526,0.0598,0.4142
SPADES SEVEN SPADES FIVE,0.5282,0.0622,0.4096
DIAMONDS FIVE CLUBS QUEEN,0.3856,0.0098,0.6046
CLUBS KING DIAMONDS FIVE,0.3906,0.0082,0.6012
CLUBS ACE DIAMONDS FIVE,0.374,0.0066,0.6194
DIAMONDS FIVE CLUBS TEN,0.3816,0.0282,0.5902
DIAMONDS FIVE CLUBS JACK,0.3866,0.019,0.5944
HEARTS JACK DIAMONDS TEN,0.3442,0.0136,0.6422
DIAMONDS TEN HEARTS TEN,0.179,0.047,0.774
SPADES ACE CLUBS NINE,0.3426,0.0034,0.654
CLUBS NINE SPADES QUEEN,0.3392,0.0128,0.648
SPADES KING CLUBS NINE,0.3434,0.0046,0.652
HEARTS SIX HEARTS KING,0.368,0.0066,0.6254
DIAMONDS KING SPADES SEVEN,0.3748,0.0076,0.6176
HEARTS THREE SPADES SEVEN,0.6246,0.1354,0.24
SPADES KING DIAMONDS SEVEN,0.3828,0.0088,0.6084
HEARTS SIX HEARTS QUEEN,0.3754,0.0098,0.6148
DIAMONDS KING SPADES SIX,0.392,0.006,0.602
HEARTS THREE SPADES SIX,0.6046,0.1384,0.257
SPADES QUEEN DIAMONDS SEVEN,0.3858,0.0146,0.5996
DIAMONDS KING SPADES NINE,0.3466,0.0076,0.6458
HEARTS THREE SPADES NINE,0.2638,0.0974,0.6388
HEARTS SIX HEARTS ACE,0.373,0.0042,0.6228
SPADES ACE DIAMONDS SEVEN,0.378,0.0042,0.6178
CLUBS NINE HEARTS THREE,0.287,0.0946,0.6184
CLUBS NINE DIAMONDS KING,0.3666,0.0072,0.6262
