opposingHand,winningChance,drawChance,lostChance
SPADES KING HEARTS ACE
SPADES TEN HEARTS FIVE,0.6744,0.0052,0.3204
SPADES JACK HEARTS FIVE,0.6878,0.0044,0.3078
SPADES FIVE CLUBS JACK,0.6712,0.0032,0.3256
CLUBS TEN SPADES FIVE,0.656,0.0044,0.3396
CLUBS EIGHT CLUBS JACK,0.607,0.0038,0.3892
CLUBS TEN CLUBS EIGHT,0.5882,0.0038,0.408
CLUBS EIGHT CLUBS KING,0.7088,0.0104,0.2808
SPADES FIVE CLUBS ACE,0.6988,0.0436,0.2576
CLUBS EIGHT CLUBS QUEEN,0.6186,0.0046,0.3768
SPADES FIVE CLUBS KING,0.7528,0.013,0.2342
SPADES FIVE CLUBS QUEEN,0.6708,0.004,0.3252
CLUBS EIGHT CLUBS ACE,0.6646,0.0484,0.287
DIAMONDS TWO DIAMONDS THREE,0.6034,0.0038,0.3928
DIAMONDS TWO DIAMONDS FIVE,0.6072,0.0034,0.3894
DIAMONDS TWO DIAMONDS FOUR,0.6156,0.003,0.3814
SPADES QUEEN HEARTS FIVE,0.6756,0.0062,0.3182
DIAMONDS TWO DIAMONDS SEVEN,0.6222,0.0056,0.3722
DIAMONDS TWO DIAMONDS SIX,0.6214,0.004,0.3746
SPADES ACE HEARTS FIVE,0.6866,0.0494,0.264
DIAMONDS TWO DIAMONDS NINE,0.6278,0.0032,0.369
DIAMONDS TWO DIAMONDS EIGHT,0.6314,0.0042,0.3644
DIAMONDS THREE DIAMONDS FOUR,0.5882,0.005,0.4068
SPADES FOUR CLUBS TWO,0.6516,0.006,0.3424
DIAMONDS THREE DIAMONDS FIVE,0.5856,0.0044,0.41
SPADES FIVE CLUBS TWO,0.657,0.0046,0.3384
CLUBS TWO SPADES TWO,0.474,0.0054,0.5206
CLUBS TWO SPADES THREE,0.6588,0.0046,0.3366
DIAMONDS THREE DIAMONDS EIGHT,0.6316,0.0028,0.3656
SPADES EIGHT CLUBS TWO,0.6742,0.0024,0.3234
DIAMONDS THREE DIAMONDS NINE,0.6372,0.0032,0.3596
SPADES NINE CLUBS TWO,0.6766,0.0062,0.3172
DIAMONDS THREE DIAMONDS SIX,0.6028,0.0038,0.3934
SPADES SIX CLUBS TWO,0.6626,0.0056,0.3318
DIAMONDS THREE DIAMONDS SEVEN,0.617,0.005,0.378
SPADES SEVEN CLUBS TWO,0.6696,0.0082,0.3222
CLUBS SIX CLUBS TWO,0.6086,0.004,0.3874
CLUBS SEVEN CLUBS TWO,0.6264,0.004,0.3696
CLUBS FOUR CLUBS TWO,0.6096,0.0044,0.386
CLUBS FIVE CLUBS TWO,0.6084,0.004,0.3876
CLUBS TEN CLUBS JACK,0.5888,0.0042,0.407
DIAMONDS FOUR DIAMONDS SIX,0.599,0.0048,0.3962
CLUBS TEN CLUBS QUEEN,0.6012,0.0038,0.395
DIAMONDS FOUR DIAMONDS SEVEN,0.6226,0.0052,0.3722
CLUBS TEN CLUBS KING,0.6862,0.0116,0.3022
CLUBS TEN CLUBS ACE,0.6536,0.045,0.3014
CLUBS EIGHT CLUBS TWO,0.6296,0.004,0.3664
DIAMONDS FIVE DIAMONDS FOUR,0.5704,0.0022,0.4274
CLUBS NINE CLUBS TWO,0.6282,0.003,0.3688
DIAMONDS NINE DIAMONDS FOUR,0.6336,0.0024,0.364
DIAMONDS EIGHT DIAMONDS FOUR,0.6136,0.005,0.3814
CLUBS THREE CLUBS TWO,0.605,0.0058,0.3892
DIAMONDS NINE DIAMONDS FIVE,0.6164,0.0042,0.3794
DIAMONDS TWO CLUBS JACK,0.6976,0.0044,0.298
DIAMONDS EIGHT DIAMONDS FIVE,0.5996,0.0038,0.3966
CLUBS TEN DIAMONDS TWO,0.6808,0.005,0.3142
DIAMONDS FIVE DIAMONDS SEVEN,0.5836,0.004,0.4124
DIAMONDS FIVE DIAMONDS SIX,0.5916,0.0046,0.4038
DIAMONDS TWO CLUBS ACE,0.7028,0.045,0.2522
DIAMONDS TWO CLUBS KING,0.7636,0.0118,0.2246
DIAMONDS TWO CLUBS QUEEN,0.677,0.0052,0.3178
DIAMONDS EIGHT DIAMONDS SIX,0.5982,0.0046,0.3972
DIAMONDS NINE DIAMONDS SIX,0.6084,0.004,0.3876
HEARTS KING SPADES THREE,0.7668,0.015,0.2182
DIAMONDS SEVEN DIAMONDS SIX,0.5878,0.004,0.4082
SPADES THREE HEARTS QUEEN,0.683,0.0066,0.3104
SPADES THREE HEARTS JACK,0.6874,0.007,0.3056
SPADES THREE HEARTS TEN,0.69,0.0056,0.3044
DIAMONDS EIGHT DIAMONDS SEVEN,0.5828,0.003,0.4142
DIAMONDS NINE DIAMONDS SEVEN,0.5942,0.005,0.4008
DIAMONDS NINE DIAMONDS EIGHT,0.5974,0.0042,0.3984
DIAMONDS KING HEARTS TEN,0.7492,0.0102,0.2406
HEARTS THREE HEARTS TEN,0.6312,0.0056,0.3632
SPADES JACK CLUBS SIX,0.6694,0.0056,0.325
DIAMONDS KING HEARTS JACK,0.7498,0.0124,0.2378
HEARTS THREE HEARTS JACK,0.6536,0.006,0.3404
SPADES TEN CLUBS SIX,0.668,0.0048,0.3272
SPADES JACK SPADES FIVE,0.6482,0.0046,0.3472
SPADES TEN SPADES FIVE,0.6438,0.0058,0.3504
SPADES ACE CLUBS SIX,0.7052,0.049,0.2458
DIAMONDS KING HEARTS QUEEN,0.7532,0.01,0.2368
HEARTS THREE HEARTS QUEEN,0.6522,0.0052,0.3426
DIAMONDS KING HEARTS KING,0.3024,0.0094,0.6882
HEARTS THREE HEARTS KING,0.7352,0.0104,0.2544
SPADES QUEEN CLUBS SIX,0.6766,0.0052,0.3182
SPADES NINE HEARTS TEN,0.6238,0.0044,0.3718
SPADES NINE HEARTS JACK,0.6488,0.0056,0.3456
SPADES QUEEN SPADES FIVE,0.6426,0.0054,0.352
SPADES ACE SPADES FIVE,0.6514,0.0508,0.2978
SPADES NINE HEARTS QUEEN,0.6668,0.007,0.3262
SPADES NINE HEARTS KING,0.7708,0.0138,0.2154
CLUBS TEN SPADES JACK,0.6296,0.006,0.3644
CLUBS TEN SPADES TEN,0.4272,0.002,0.5708
SPADES ACE CLUBS TEN,0.7056,0.0472,0.2472
SPADES QUEEN CLUBS TEN,0.6402,0.0052,0.3546
SPADES FIVE HEARTS QUEEN,0.6898,0.0046,0.3056
SPADES FIVE HEARTS KING,0.7648,0.014,0.2212
HEARTS THREE SPADES JACK,0.679,0.0058,0.3152
SPADES JACK DIAMONDS KING,0.745,0.0104,0.2446
SPADES TEN CLUBS EIGHT,0.629,0.0046,0.3664
SPADES JACK CLUBS EIGHT,0.654,0.0054,0.3406
HEARTS THREE SPADES TEN,0.6744,0.0052,0.3204
SPADES TEN DIAMONDS KING,0.7566,0.0098,0.2336
SPADES ACE CLUBS EIGHT,0.6914,0.0472,0.2614
HEARTS FIVE CLUBS JACK,0.6708,0.0054,0.3238
CLUBS TEN HEARTS FIVE,0.6618,0.0054,0.3328
CLUBS SIX HEARTS QUEEN,0.6674,0.005,0.3276
SPADES QUEEN CLUBS EIGHT,0.6642,0.0032,0.3326
CLUBS TEN SPADES THREE,0.6712,0.0068,0.322
CLUBS SIX HEARTS KING,0.7568,0.0132,0.23
SPADES THREE CLUBS JACK,0.6802,0.007,0.3128
DIAMONDS TWO HEARTS JACK,0.68,0.0056,0.3144
SPADES THREE CLUBS QUEEN,0.678,0.0052,0.3168
DIAMONDS TWO HEARTS TEN,0.6804,0.0044,0.3152
SPADES THREE CLUBS KING,0.7664,0.01,0.2236
HEARTS FIVE CLUBS ACE,0.6872,0.0492,0.2636
SPADES FIVE HEARTS TEN,0.6748,0.0026,0.3226
SPADES THREE CLUBS ACE,0.6974,0.041,0.2616
HEARTS FIVE CLUBS KING,0.7708,0.0136,0.2156
SPADES FIVE HEARTS JACK,0.68,0.0066,0.3134
HEARTS FIVE CLUBS QUEEN,0.6676,0.0034,0.329
HEARTS THREE CLUBS KING,0.7712,0.0118,0.217
DIAMONDS KING CLUBS KING,0.2936,0.0104,0.696
HEARTS THREE CLUBS QUEEN,0.6748,0.0038,0.3214
DIAMONDS KING CLUBS QUEEN,0.7432,0.0112,0.2456
HEARTS FIVE HEARTS JACK,0.646,0.0052,0.3488
HEARTS FIVE HEARTS TEN,0.625,0.0058,0.3692
HEARTS THREE CLUBS ACE,0.692,0.0486,0.2594
DIAMONDS KING CLUBS ACE,0.0266,0.9484,0.025
SPADES ACE CLUBS QUEEN,0.7198,0.0442,0.236
HEARTS THREE CLUBS JACK,0.6878,0.0056,0.3066
DIAMONDS KING CLUBS JACK,0.7382,0.0086,0.2532
SPADES QUEEN CLUBS QUEEN,0.4222,0.0032,0.5746
CLUBS TEN HEARTS THREE,0.6804,0.0046,0.315
CLUBS TEN DIAMONDS KING,0.7426,0.012,0.2454
SPADES JACK CLUBS QUEEN,0.6442,0.0058,0.35
CLUBS SIX CLUBS QUEEN,0.6342,0.0038,0.362
SPADES TEN CLUBS QUEEN,0.6474,0.0046,0.348
CLUBS SIX CLUBS KING,0.7052,0.0122,0.2826
CLUBS SIX CLUBS ACE,0.6614,0.0494,0.2892
HEARTS FIVE HEARTS KING,0.7224,0.0156,0.262
HEARTS FIVE HEARTS QUEEN,0.6338,0.0052,0.361
CLUBS TEN CLUBS SIX,0.628,0.004,0.368
CLUBS SIX CLUBS JACK,0.6288,0.0034,0.3678
SPADES SEVEN HEARTS JACK,0.69,0.0056,0.3044
SPADES SEVEN HEARTS TEN,0.654,0.0042,0.3418
DIAMONDS TWO CLUBS TWO,0.4576,0.0068,0.5356
DIAMONDS TWO CLUBS THREE,0.651,0.005,0.344
HEARTS SIX DIAMONDS TWO,0.6586,0.0072,0.3342
DIAMONDS TWO HEARTS QUEEN,0.6838,0.0068,0.3094
DIAMONDS TWO HEARTS SEVEN,0.6644,0.006,0.3296
DIAMONDS TWO HEARTS KING,0.7648,0.0148,0.2204
DIAMONDS TWO HEARTS EIGHT,0.6742,0.0032,0.3226
DIAMONDS TWO HEARTS NINE,0.6772,0.0052,0.3176
DIAMONDS TWO DIAMONDS QUEEN,0.634,0.0048,0.3612
DIAMONDS TWO HEARTS TWO,0.4704,0.0058,0.5238
DIAMONDS TWO DIAMONDS KING,0.723,0.0094,0.2676
HEARTS THREE DIAMONDS TWO,0.65,0.006,0.344
DIAMONDS TWO DIAMONDS ACE,0.6514,0.0478,0.3008
HEARTS FOUR DIAMONDS TWO,0.6618,0.005,0.3332
DIAMONDS TWO HEARTS FIVE,0.6468,0.0034,0.3498
DIAMONDS TWO DIAMONDS TEN,0.626,0.0048,0.3692
SPADES SEVEN HEARTS KING,0.7626,0.0112,0.2262
DIAMONDS TWO DIAMONDS JACK,0.6276,0.003,0.3694
SPADES SEVEN HEARTS QUEEN,0.6758,0.0052,0.319
DIAMONDS TWO SPADES NINE,0.6844,0.0078,0.3078
DIAMONDS TWO SPADES EIGHT,0.686,0.0058,0.3082
DIAMONDS TWO SPADES SEVEN,0.6806,0.0054,0.314
DIAMONDS TWO SPADES SIX,0.6674,0.0052,0.3274
DIAMONDS TWO SPADES FIVE,0.6532,0.004,0.3428
DIAMONDS TWO SPADES FOUR,0.6488,0.005,0.3462
DIAMONDS TWO SPADES THREE,0.6598,0.005,0.3352
DIAMONDS TWO SPADES TWO,0.4846,0.0072,0.5082
CLUBS NINE DIAMONDS TWO,0.6686,0.004,0.3274
DIAMONDS TWO CLUBS EIGHT,0.6748,0.004,0.3212
CLUBS SEVEN DIAMONDS TWO,0.6786,0.0038,0.3176
DIAMONDS TWO CLUBS SIX,0.664,0.0046,0.3314
DIAMONDS TWO CLUBS FIVE,0.6548,0.0046,0.3406
DIAMONDS TWO CLUBS FOUR,0.6436,0.0068,0.3496
CLUBS FOUR SPADES FIVE,0.6204,0.0052,0.3744
CLUBS FOUR SPADES FOUR,0.4768,0.0048,0.5184
CLUBS FOUR SPADES THREE,0.6376,0.005,0.3574
CLUBS FOUR SPADES TWO,0.648,0.0056,0.3464
SPADES NINE CLUBS FOUR,0.662,0.0042,0.3338
SPADES EIGHT CLUBS FOUR,0.6568,0.003,0.3402
SPADES SEVEN CLUBS FOUR,0.6464,0.005,0.3486
SPADES SIX CLUBS FOUR,0.6302,0.0046,0.3652
SPADES ACE DIAMONDS SIX,0.7088,0.0474,0.2438
SPADES QUEEN DIAMONDS SIX,0.6744,0.0036,0.322
SPADES TEN DIAMONDS SIX,0.6618,0.0038,0.3344
SPADES JACK DIAMONDS SIX,0.6728,0.0056,0.3216
SPADES QUEEN SPADES TWO,0.648,0.0062,0.3458
SPADES ACE SPADES TWO,0.6576,0.0522,0.2902
DIAMONDS JACK CLUBS JACK,0.4264,0.0024,0.5712
CLUBS TEN DIAMONDS JACK,0.6252,0.0056,0.3692
DIAMONDS JACK CLUBS KING,0.735,0.0094,0.2556
DIAMONDS JACK CLUBS QUEEN,0.6412,0.0044,0.3544
DIAMONDS THREE DIAMONDS JACK,0.6266,0.0044,0.369
DIAMONDS THREE DIAMONDS TEN,0.6312,0.006,0.3628
DIAMONDS JACK CLUBS ACE,0.715,0.039,0.246
DIAMONDS THREE DIAMONDS KING,0.7082,0.0138,0.278
HEARTS THREE DIAMONDS THREE,0.465,0.0054,0.5296
DIAMONDS THREE DIAMONDS QUEEN,0.6348,0.007,0.3582
DIAMONDS THREE HEARTS TWO,0.657,0.0044,0.3386
HEARTS FIVE DIAMONDS THREE,0.635,0.0024,0.3626
DIAMONDS THREE DIAMONDS ACE,0.6464,0.045,0.3086
HEARTS FOUR DIAMONDS THREE,0.649,0.0056,0.3454
DIAMONDS THREE HEARTS SEVEN,0.6604,0.0064,0.3332
SPADES TEN SPADES NINE,0.6158,0.0034,0.3808
HEARTS SIX DIAMONDS THREE,0.6494,0.0046,0.346
SPADES JACK SPADES NINE,0.6174,0.0056,0.377
DIAMONDS THREE HEARTS NINE,0.679,0.0068,0.3142
HEARTS JACK DIAMONDS FOUR,0.6764,0.0038,0.3198
SPADES TEN SPADES TWO,0.6482,0.0052,0.3466
DIAMONDS THREE HEARTS EIGHT,0.6808,0.0072,0.312
HEARTS TEN DIAMONDS FOUR,0.6804,0.0042,0.3154
SPADES JACK SPADES TWO,0.6616,0.0042,0.3342
HEARTS QUEEN DIAMONDS FOUR,0.666,0.0066,0.3274
HEARTS KING DIAMONDS FOUR,0.7718,0.0134,0.2148
SPADES ACE SPADES NINE,0.6794,0.0416,0.279
SPADES QUEEN SPADES NINE,0.635,0.0046,0.3604
DIAMONDS THREE SPADES NINE,0.6646,0.0054,0.33
DIAMONDS THREE SPADES EIGHT,0.689,0.0066,0.3044
DIAMONDS THREE SPADES SEVEN,0.67,0.006,0.324
DIAMONDS THREE SPADES SIX,0.6496,0.0056,0.3448
DIAMONDS THREE CLUBS SIX,0.6408,0.0036,0.3556
CLUBS FIVE CLUBS SIX,0.5824,0.005,0.4126
CLUBS ACE DIAMONDS FOUR,0.692,0.0554,0.2526
CLUBS SEVEN DIAMONDS THREE,0.6598,0.0036,0.3366
CLUBS SEVEN CLUBS FIVE,0.6004,0.0036,0.396
DIAMONDS THREE CLUBS FOUR,0.6326,0.0038,0.3636
DIAMONDS FOUR CLUBS QUEEN,0.6716,0.0048,0.3236
DIAMONDS THREE CLUBS FIVE,0.6182,0.0046,0.3772
CLUBS KING DIAMONDS FOUR,0.7614,0.0124,0.2262
DIAMONDS THREE CLUBS TWO,0.6444,0.0072,0.3484
CLUBS TEN DIAMONDS FOUR,0.6634,0.0036,0.333
DIAMONDS THREE CLUBS THREE,0.4626,0.0044,0.533
DIAMONDS FOUR CLUBS JACK,0.6612,0.0048,0.334
DIAMONDS THREE SPADES FOUR,0.6528,0.006,0.3412
DIAMONDS THREE SPADES FIVE,0.6458,0.0056,0.3486
DIAMONDS THREE SPADES TWO,0.6616,0.0068,0.3316
DIAMONDS THREE SPADES THREE,0.4742,0.0054,0.5204
CLUBS EIGHT DIAMONDS THREE,0.6638,0.0048,0.3314
CLUBS NINE DIAMONDS THREE,0.6712,0.0038,0.325
SPADES SEVEN CLUBS ACE,0.7022,0.0472,0.2506
SPADES SEVEN CLUBS QUEEN,0.6726,0.0026,0.3248
SPADES SEVEN CLUBS KING,0.752,0.0122,0.2358
CLUBS FIVE SPADES SEVEN,0.6388,0.004,0.3572
CLUBS TEN SPADES SEVEN,0.6488,0.0036,0.3476
CLUBS FIVE SPADES SIX,0.6268,0.0046,0.3686
SPADES SEVEN CLUBS JACK,0.6734,0.0044,0.3222
SPADES NINE CLUBS FIVE,0.6626,0.0042,0.3332
CLUBS FIVE SPADES EIGHT,0.6502,0.0048,0.345
CLUBS FIVE SPADES THREE,0.6252,0.0046,0.3702
CLUBS FIVE SPADES TWO,0.6558,0.0058,0.3384
CLUBS FIVE SPADES FIVE,0.4714,0.005,0.5236
CLUBS FIVE SPADES FOUR,0.6192,0.0052,0.3756
CLUBS NINE CLUBS FIVE,0.611,0.0036,0.3854
CLUBS EIGHT CLUBS FIVE,0.6006,0.0028,0.3966
CLUBS ACE CLUBS QUEEN,0.651,0.046,0.303
CLUBS KING CLUBS QUEEN,0.7036,0.0102,0.2862
DIAMONDS TEN DIAMONDS FOUR,0.6394,0.0038,0.3568
CLUBS TEN DIAMONDS NINE,0.6194,0.0038,0.3768
DIAMONDS JACK DIAMONDS FOUR,0.6216,0.0046,0.3738
DIAMONDS NINE CLUBS JACK,0.631,0.0044,0.3646
SPADES NINE CLUBS JACK,0.6444,0.0044,0.3512
CLUBS TEN SPADES NINE,0.63,0.005,0.365
DIAMONDS ACE DIAMONDS FOUR,0.6288,0.0518,0.3194
HEARTS FOUR DIAMONDS FOUR,0.4734,0.0034,0.5232
DIAMONDS JACK HEARTS TEN,0.6424,0.0044,0.3532
SPADES NINE CLUBS KING,0.7496,0.0122,0.2382
DIAMONDS TWO SPADES TEN,0.6842,0.0056,0.3102
DIAMONDS NINE CLUBS ACE,0.709,0.0518,0.2392
HEARTS FIVE DIAMONDS FOUR,0.6176,0.0068,0.3756
HEARTS JACK DIAMONDS JACK,0.4392,0.002,0.5588
SPADES NINE CLUBS QUEEN,0.6478,0.0036,0.3486
SPADES JACK DIAMONDS TWO,0.6724,0.006,0.3216
DIAMONDS QUEEN DIAMONDS FOUR,0.6266,0.0036,0.3698
HEARTS TWO DIAMONDS FOUR,0.6592,0.0058,0.335
DIAMONDS NINE CLUBS QUEEN,0.664,0.0036,0.3324
DIAMONDS KING DIAMONDS FOUR,0.7186,0.0096,0.2718
HEARTS THREE DIAMONDS FOUR,0.6384,0.0062,0.3554
SPADES NINE CLUBS ACE,0.7086,0.0504,0.241
DIAMONDS NINE CLUBS KING,0.7586,0.0116,0.2298
SPADES ACE DIAMONDS TWO,0.6986,0.0488,0.2526
DIAMONDS JACK HEARTS QUEEN,0.6506,0.0044,0.345
SPADES QUEEN DIAMONDS TWO,0.68,0.0052,0.3148
HEARTS KING DIAMONDS JACK,0.7496,0.012,0.2384
SPADES JACK SPADES SEVEN,0.6292,0.0056,0.3652
SPADES TEN SPADES SEVEN,0.6208,0.0066,0.3726
CLUBS SEVEN CLUBS THREE,0.6228,0.0046,0.3726
CLUBS SIX CLUBS THREE,0.6142,0.0042,0.3816
CLUBS FIVE CLUBS THREE,0.6016,0.0028,0.3956
CLUBS THREE CLUBS FOUR,0.5982,0.0056,0.3962
CLUBS NINE CLUBS THREE,0.623,0.0052,0.3718
CLUBS EIGHT CLUBS THREE,0.637,0.0038,0.3592
CLUBS THREE SPADES FIVE,0.6298,0.0052,0.365
CLUBS THREE SPADES FOUR,0.6386,0.0054,0.356
CLUBS THREE SPADES THREE,0.4572,0.0046,0.5382
CLUBS THREE SPADES TWO,0.6576,0.0054,0.337
CLUBS THREE SPADES SIX,0.6524,0.0056,0.342
SPADES SEVEN CLUBS THREE,0.6578,0.0046,0.3376
SPADES EIGHT CLUBS THREE,0.677,0.0048,0.3182
SPADES NINE CLUBS THREE,0.6764,0.0056,0.318
SPADES TWO DIAMONDS FOUR,0.644,0.0066,0.3494
SPADES THREE DIAMONDS FOUR,0.6566,0.0034,0.34
SPADES FOUR DIAMONDS FOUR,0.4662,0.0054,0.5284
SPADES FIVE DIAMONDS FOUR,0.6252,0.0044,0.3704
SPADES SIX DIAMONDS FOUR,0.64,0.0064,0.3536
SPADES SEVEN DIAMONDS FOUR,0.6496,0.0046,0.3458
SPADES EIGHT DIAMONDS FOUR,0.6682,0.0054,0.3264
SPADES NINE DIAMONDS FOUR,0.674,0.004,0.322
CLUBS FIVE DIAMONDS FOUR,0.6148,0.004,0.3812
CLUBS FOUR DIAMONDS FOUR,0.472,0.0028,0.5252
CLUBS SEVEN DIAMONDS FOUR,0.6486,0.0044,0.347
CLUBS SIX DIAMONDS FOUR,0.6306,0.0028,0.3666
CLUBS NINE DIAMONDS FOUR,0.6688,0.0038,0.3274
CLUBS EIGHT DIAMONDS FOUR,0.6584,0.0032,0.3384
DIAMONDS FOUR HEARTS SEVEN,0.6576,0.0046,0.3378
HEARTS SIX DIAMONDS FOUR,0.6476,0.004,0.3484
HEARTS NINE DIAMONDS FOUR,0.6776,0.0056,0.3168
DIAMONDS FOUR HEARTS EIGHT,0.664,0.0048,0.3312
CLUBS THREE DIAMONDS FOUR,0.646,0.0054,0.3486
CLUBS TWO DIAMONDS FOUR,0.6346,0.0044,0.361
DIAMONDS TEN DIAMONDS FIVE,0.6252,0.0036,0.3712
DIAMONDS JACK DIAMONDS FIVE,0.6272,0.004,0.3688
DIAMONDS NINE HEARTS QUEEN,0.6548,0.0058,0.3394
HEARTS KING DIAMONDS NINE,0.7696,0.0148,0.2156
DIAMONDS NINE HEARTS TEN,0.6408,0.0024,0.3568
DIAMONDS NINE HEARTS JACK,0.637,0.0048,0.3582
CLUBS KING DIAMONDS SIX,0.7602,0.0116,0.2282
CLUBS QUEEN DIAMONDS SIX,0.6746,0.0024,0.323
CLUBS ACE DIAMONDS SIX,0.707,0.046,0.247
SPADES ACE SPADES SEVEN,0.6628,0.0468,0.2904
SPADES QUEEN DIAMONDS FOUR,0.6708,0.0044,0.3248
SPADES QUEEN SPADES SEVEN,0.6466,0.0042,0.3492
CLUBS JACK DIAMONDS SIX,0.671,0.0028,0.3262
SPADES ACE DIAMONDS FOUR,0.6842,0.0534,0.2624
CLUBS TEN DIAMONDS SIX,0.6634,0.0034,0.3332
CLUBS NINE CLUBS FOUR,0.6208,0.0042,0.375
CLUBS EIGHT CLUBS FOUR,0.6206,0.0042,0.3752
SPADES JACK DIAMONDS FOUR,0.6928,0.0056,0.3016
SPADES TEN DIAMONDS FOUR,0.6682,0.0046,0.3272
CLUBS FIVE CLUBS FOUR,0.5736,0.0062,0.4202
CLUBS SEVEN CLUBS FOUR,0.614,0.003,0.383
CLUBS SIX CLUBS FOUR,0.5938,0.0058,0.4004
CLUBS SEVEN SPADES EIGHT,0.6232,0.0048,0.372
CLUBS SEVEN SPADES NINE,0.6324,0.0038,0.3638
CLUBS SEVEN SPADES SIX,0.622,0.0048,0.3732
CLUBS SEVEN SPADES SEVEN,0.4574,0.0034,0.5392
CLUBS SEVEN SPADES FIVE,0.6324,0.0034,0.3642
CLUBS SEVEN SPADES FOUR,0.647,0.0046,0.3484
CLUBS SEVEN SPADES THREE,0.6474,0.0044,0.3482
CLUBS SEVEN SPADES TWO,0.6832,0.0038,0.313
CLUBS NINE CLUBS SEVEN,0.5858,0.0024,0.4118
CLUBS SEVEN CLUBS EIGHT,0.5868,0.0042,0.409
HEARTS SIX DIAMONDS FIVE,0.6236,0.0028,0.3736
DIAMONDS FIVE HEARTS SEVEN,0.6352,0.004,0.3608
DIAMONDS FIVE HEARTS EIGHT,0.6366,0.0042,0.3592
HEARTS NINE DIAMONDS FIVE,0.6638,0.0076,0.3286
DIAMONDS QUEEN DIAMONDS FIVE,0.6292,0.0024,0.3684
HEARTS TWO DIAMONDS FIVE,0.6458,0.0058,0.3484
HEARTS KING HEARTS EIGHT,0.7178,0.0138,0.2684
DIAMONDS KING DIAMONDS FIVE,0.7062,0.011,0.2828
HEARTS THREE DIAMONDS FIVE,0.6264,0.005,0.3686
HEARTS QUEEN HEARTS EIGHT,0.6248,0.0056,0.3696
DIAMONDS ACE DIAMONDS FIVE,0.649,0.0464,0.3046
HEARTS FOUR DIAMONDS FIVE,0.6246,0.0052,0.3702
HEARTS FIVE DIAMONDS FIVE,0.4466,0.005,0.5484
CLUBS FOUR DIAMONDS FIVE,0.6176,0.0056,0.3768
CLUBS FIVE DIAMONDS FIVE,0.463,0.0026,0.5344
CLUBS SIX DIAMONDS FIVE,0.6114,0.0038,0.3848
CLUBS SEVEN DIAMONDS FIVE,0.6294,0.004,0.3666
CLUBS TWO DIAMONDS FIVE,0.6474,0.0054,0.3472
CLUBS THREE DIAMONDS FIVE,0.6252,0.0052,0.3696
SPADES THREE DIAMONDS FIVE,0.634,0.0054,0.3606
SPADES TWO DIAMONDS FIVE,0.6482,0.0052,0.3466
SPADES JACK DIAMONDS EIGHT,0.6428,0.0046,0.3526
SPADES FIVE DIAMONDS FIVE,0.4744,0.0046,0.521
CLUBS TEN HEARTS JACK,0.621,0.0046,0.3744
SPADES TEN DIAMONDS EIGHT,0.639,0.005,0.356
SPADES FOUR DIAMONDS FIVE,0.6258,0.005,0.3692
HEARTS JACK CLUBS JACK,0.449,0.004,0.547
HEARTS JACK CLUBS QUEEN,0.6494,0.0044,0.3462
CLUBS NINE DIAMONDS FIVE,0.6546,0.005,0.3404
HEARTS JACK CLUBS KING,0.7438,0.0114,0.2448
CLUBS EIGHT DIAMONDS FIVE,0.6378,0.0036,0.3586
HEARTS JACK CLUBS ACE,0.6976,0.0528,0.2496
SPADES SEVEN DIAMONDS FIVE,0.6374,0.0048,0.3578
SPADES SIX DIAMONDS FIVE,0.6242,0.0044,0.3714
SPADES QUEEN DIAMONDS EIGHT,0.6736,0.0044,0.322
SPADES NINE DIAMONDS FIVE,0.6522,0.0044,0.3434
SPADES EIGHT DIAMONDS FIVE,0.6482,0.0028,0.349
SPADES ACE DIAMONDS EIGHT,0.6994,0.051,0.2496
DIAMONDS TEN DIAMONDS SIX,0.6254,0.0054,0.3692
DIAMONDS JACK DIAMONDS SIX,0.6286,0.0026,0.3688
HEARTS QUEEN DIAMONDS SEVEN,0.6884,0.0048,0.3068
HEARTS KING DIAMONDS SEVEN,0.7552,0.0126,0.2322
DIAMONDS ACE DIAMONDS SIX,0.6522,0.0436,0.3042
HEARTS FOUR DIAMONDS SIX,0.6354,0.0044,0.3602
HEARTS JACK SPADES TWO,0.689,0.0068,0.3042
HEARTS FIVE DIAMONDS SIX,0.6354,0.0036,0.361
SPADES TWO HEARTS TEN,0.6974,0.0058,0.2968
DIAMONDS QUEEN DIAMONDS SIX,0.6186,0.0048,0.3766
HEARTS TWO DIAMONDS SIX,0.6628,0.0056,0.3316
DIAMONDS KING DIAMONDS SIX,0.7056,0.0094,0.285
HEARTS THREE DIAMONDS SIX,0.649,0.0044,0.3466
HEARTS EIGHT DIAMONDS SIX,0.6346,0.005,0.3604
HEARTS NINE DIAMONDS SIX,0.649,0.0034,0.3476
HEARTS SIX DIAMONDS SIX,0.4758,0.0044,0.5198
HEARTS SEVEN DIAMONDS SIX,0.6256,0.0036,0.3708
HEARTS TEN DIAMONDS SEVEN,0.6554,0.0036,0.341
CLUBS TWO DIAMONDS SIX,0.661,0.005,0.334
HEARTS JACK DIAMONDS SEVEN,0.6604,0.0048,0.3348
CLUBS THREE DIAMONDS SIX,0.6472,0.0032,0.3496
CLUBS SEVEN DIAMONDS SIX,0.6186,0.0024,0.379
DIAMONDS EIGHT CLUBS JACK,0.6488,0.004,0.3472
CLUBS SIX DIAMONDS SIX,0.468,0.0018,0.5302
CLUBS TEN DIAMONDS EIGHT,0.63,0.0044,0.3656
CLUBS FIVE DIAMONDS SIX,0.617,0.0038,0.3792
CLUBS FOUR DIAMONDS SIX,0.6396,0.0038,0.3566
DIAMONDS EIGHT CLUBS ACE,0.7122,0.041,0.2468
HEARTS JACK HEARTS QUEEN,0.6192,0.0042,0.3766
DIAMONDS EIGHT CLUBS KING,0.7496,0.0096,0.2408
CLUBS NINE DIAMONDS SIX,0.6428,0.0036,0.3536
HEARTS KING HEARTS JACK,0.7068,0.0106,0.2826
DIAMONDS EIGHT CLUBS QUEEN,0.6704,0.0058,0.3238
CLUBS EIGHT DIAMONDS SIX,0.632,0.003,0.365
SPADES TEN HEARTS KING,0.7436,0.0134,0.243
SPADES FIVE DIAMONDS SIX,0.62,0.004,0.376
SPADES JACK HEARTS KING,0.7454,0.011,0.2436
SPADES FOUR DIAMONDS SIX,0.64,0.0036,0.3564
SPADES THREE DIAMONDS SIX,0.6572,0.0046,0.3382
SPADES TWO HEARTS QUEEN,0.694,0.0064,0.2996
HEARTS KING SPADES TWO,0.7844,0.014,0.2016
SPADES TWO DIAMONDS SIX,0.6712,0.0036,0.3252
HEARTS TEN HEARTS EIGHT,0.6026,0.0056,0.3918
SPADES NINE DIAMONDS SIX,0.658,0.0044,0.3376
HEARTS JACK HEARTS EIGHT,0.6228,0.005,0.3722
SPADES EIGHT DIAMONDS SIX,0.6498,0.0036,0.3466
SPADES SEVEN DIAMONDS SIX,0.6186,0.003,0.3784
SPADES SIX DIAMONDS SIX,0.4756,0.0024,0.522
SPADES QUEEN HEARTS KING,0.7474,0.0118,0.2408
CLUBS ACE CLUBS KING,0.021,0.9068,0.0722
SPADES ACE HEARTS KING,0.0088,0.9828,0.0084
SPADES ACE HEARTS JACK,0.71,0.0462,0.2438
SPADES QUEEN HEARTS JACK,0.6446,0.0052,0.3502
SPADES TEN DIAMONDS TEN,0.4324,0.005,0.5626
SPADES JACK DIAMONDS TEN,0.6306,0.0044,0.365
SPADES ACE DIAMONDS TEN,0.706,0.0432,0.2508
SPADES JACK HEARTS JACK,0.4388,0.0054,0.5558
SPADES TEN HEARTS JACK,0.63,0.0034,0.3666
SPADES QUEEN DIAMONDS TEN,0.6426,0.0052,0.3522
SPADES NINE DIAMONDS SEVEN,0.6452,0.005,0.3498
SPADES EIGHT DIAMONDS SEVEN,0.617,0.0044,0.3786
SPADES SEVEN DIAMONDS SEVEN,0.4644,0.003,0.5326
SPADES SIX DIAMONDS SEVEN,0.6266,0.0044,0.369
DIAMONDS KING DIAMONDS SEVEN,0.7092,0.0094,0.2814
HEARTS THREE DIAMONDS SEVEN,0.6518,0.004,0.3442
HEARTS KING DIAMONDS FIVE,0.7452,0.0164,0.2384
DIAMONDS QUEEN DIAMONDS SEVEN,0.6198,0.0048,0.3754
HEARTS TWO DIAMONDS SEVEN,0.6862,0.0048,0.309
HEARTS QUEEN DIAMONDS FIVE,0.6714,0.0042,0.3244
HEARTS FIVE DIAMONDS SEVEN,0.628,0.0054,0.3666
DIAMONDS ACE DIAMONDS SEVEN,0.656,0.0472,0.2968
HEARTS FOUR DIAMONDS SEVEN,0.6428,0.0054,0.3518
HEARTS SEVEN DIAMONDS SEVEN,0.4644,0.0026,0.533
HEARTS SIX DIAMONDS SEVEN,0.6214,0.005,0.3736
HEARTS NINE DIAMONDS SEVEN,0.642,0.0034,0.3546
DIAMONDS SEVEN HEARTS EIGHT,0.6226,0.0038,0.3736
DIAMONDS JACK DIAMONDS SEVEN,0.6254,0.0038,0.3708
HEARTS JACK DIAMONDS FIVE,0.684,0.005,0.311
DIAMONDS TEN DIAMONDS SEVEN,0.6112,0.0044,0.3844
DIAMONDS FIVE HEARTS TEN,0.68,0.006,0.314
HEARTS KING CLUBS KING,0.288,0.0098,0.7022
CLUBS EIGHT DIAMONDS SEVEN,0.6152,0.0022,0.3826
SPADES QUEEN CLUBS TWO,0.6776,0.0064,0.316
HEARTS KING CLUBS QUEEN,0.7536,0.0102,0.2362
CLUBS NINE DIAMONDS SEVEN,0.6362,0.003,0.3608
SPADES TWO CLUBS JACK,0.6824,0.0046,0.313
SPADES ACE CLUBS TWO,0.7002,0.0486,0.2512
CLUBS TEN SPADES TWO,0.6864,0.0058,0.3078
HEARTS KING CLUBS ACE,0.021,0.9694,0.0096
CLUBS SEVEN CLUBS SIX,0.5962,0.0046,0.3992
SPADES TWO CLUBS KING,0.7768,0.013,0.2102
SPADES TWO DIAMONDS SEVEN,0.6846,0.0038,0.3116
CLUBS EIGHT CLUBS SIX,0.5956,0.0028,0.4016
SPADES THREE DIAMONDS SEVEN,0.6522,0.0054,0.3424
SPADES TWO CLUBS QUEEN,0.6866,0.0048,0.3086
CLUBS NINE CLUBS SIX,0.607,0.0042,0.3888
SPADES FOUR DIAMONDS SEVEN,0.6664,0.0042,0.3294
HEARTS KING CLUBS JACK,0.7578,0.011,0.2312
SPADES FIVE DIAMONDS SEVEN,0.6366,0.0042,0.3592
SPADES TWO CLUBS ACE,0.7082,0.0468,0.245
CLUBS TEN HEARTS KING,0.7416,0.0126,0.2458
CLUBS SIX SPADES TWO,0.6608,0.0034,0.3358
CLUBS SIX SPADES THREE,0.648,0.0044,0.3476
CLUBS TWO DIAMONDS SEVEN,0.6672,0.0044,0.3284
CLUBS SIX SPADES FOUR,0.6442,0.005,0.3508
CLUBS THREE DIAMONDS SEVEN,0.6566,0.0026,0.3408
CLUBS SIX SPADES FIVE,0.6336,0.0048,0.3616
CLUBS FOUR DIAMONDS SEVEN,0.6318,0.005,0.3632
CLUBS SIX SPADES SIX,0.4664,0.0046,0.529
CLUBS FIVE DIAMONDS SEVEN,0.6388,0.006,0.3552
CLUBS SIX SPADES SEVEN,0.6338,0.0046,0.3616
CLUBS SIX DIAMONDS SEVEN,0.6202,0.0028,0.377
SPADES EIGHT CLUBS SIX,0.6336,0.0048,0.3616
SPADES JACK CLUBS TWO,0.6738,0.0058,0.3204
CLUBS SEVEN DIAMONDS SEVEN,0.4514,0.0026,0.546
SPADES NINE CLUBS SIX,0.6466,0.0036,0.3498
SPADES TEN CLUBS TWO,0.687,0.005,0.308
CLUBS TWO CLUBS QUEEN,0.632,0.0046,0.3634
CLUBS TWO CLUBS KING,0.712,0.0144,0.2736
CLUBS THREE DIAMONDS EIGHT,0.6686,0.005,0.3264
CLUBS TWO CLUBS ACE,0.6602,0.048,0.2918
CLUBS TWO DIAMONDS EIGHT,0.6688,0.0038,0.3274
DIAMONDS EIGHT HEARTS SEVEN,0.6214,0.004,0.3746
HEARTS SIX DIAMONDS EIGHT,0.642,0.0046,0.3534
DIAMONDS EIGHT HEARTS NINE,0.6464,0.0032,0.3504
CLUBS TEN CLUBS TWO,0.6336,0.0038,0.3626
DIAMONDS EIGHT HEARTS EIGHT,0.4712,0.003,0.5258
CLUBS TWO CLUBS JACK,0.6322,0.004,0.3638
CLUBS NINE DIAMONDS EIGHT,0.6478,0.003,0.3492
CLUBS EIGHT DIAMONDS EIGHT,0.4652,0.0026,0.5322
CLUBS FIVE DIAMONDS EIGHT,0.6466,0.0036,0.3498
SPADES ACE SPADES THREE,0.6458,0.0554,0.2988
CLUBS FOUR DIAMONDS EIGHT,0.6502,0.0054,0.3444
CLUBS SEVEN DIAMONDS EIGHT,0.6348,0.003,0.3622
SPADES QUEEN SPADES THREE,0.6452,0.005,0.3498
CLUBS SIX DIAMONDS EIGHT,0.6328,0.0036,0.3636
DIAMONDS QUEEN DIAMONDS EIGHT,0.6182,0.0052,0.3766
HEARTS TWO DIAMONDS EIGHT,0.6782,0.004,0.3178
DIAMONDS KING DIAMONDS EIGHT,0.7156,0.0104,0.274
HEARTS THREE DIAMONDS EIGHT,0.6806,0.0038,0.3156
DIAMONDS ACE DIAMONDS EIGHT,0.661,0.0482,0.2908
HEARTS FOUR DIAMONDS EIGHT,0.6574,0.0042,0.3384
HEARTS FIVE DIAMONDS EIGHT,0.6484,0.0048,0.3468
DIAMONDS EIGHT DIAMONDS TEN,0.6006,0.0032,0.3962
DIAMONDS EIGHT DIAMONDS JACK,0.6134,0.0028,0.3838
SPADES JACK SPADES THREE,0.6496,0.005,0.3454
SPADES TEN SPADES THREE,0.653,0.0064,0.3406
CLUBS FOUR HEARTS QUEEN,0.6944,0.0044,0.3012
CLUBS FOUR HEARTS KING,0.758,0.0102,0.2318
CLUBS SIX HEARTS TEN,0.6634,0.004,0.3326
CLUBS SIX HEARTS JACK,0.677,0.0052,0.3178
SPADES FOUR DIAMONDS EIGHT,0.6558,0.0052,0.339
SPADES FIVE DIAMONDS EIGHT,0.6334,0.006,0.3606
DIAMONDS EIGHT SPADES TWO,0.6766,0.0044,0.319
DIAMONDS EIGHT SPADES THREE,0.6816,0.0038,0.3146
CLUBS FOUR HEARTS JACK,0.682,0.0034,0.3146
SPADES EIGHT DIAMONDS EIGHT,0.4622,0.0044,0.5334
SPADES JACK HEARTS EIGHT,0.6588,0.0064,0.3348
SPADES TEN HEARTS TWO,0.6898,0.005,0.3052
SPADES TEN DIAMONDS QUEEN,0.6444,0.0038,0.3518
CLUBS FOUR HEARTS TEN,0.6762,0.0036,0.3202
SPADES NINE DIAMONDS EIGHT,0.627,0.0038,0.3692
SPADES JACK HEARTS TWO,0.6932,0.0048,0.302
SPADES JACK DIAMONDS QUEEN,0.6458,0.004,0.3502
SPADES TEN HEARTS EIGHT,0.6304,0.0058,0.3638
SPADES SIX DIAMONDS EIGHT,0.6402,0.005,0.3548
SPADES SEVEN DIAMONDS EIGHT,0.631,0.004,0.365
SPADES ACE HEARTS TWO,0.6942,0.0514,0.2544
SPADES ACE DIAMONDS QUEEN,0.7066,0.0422,0.2512
SPADES ACE HEARTS EIGHT,0.712,0.0508,0.2372
SPADES QUEEN DIAMONDS QUEEN,0.4264,0.0056,0.568
SPADES QUEEN HEARTS TWO,0.698,0.0044,0.2976
SPADES QUEEN HEARTS EIGHT,0.674,0.006,0.32
CLUBS TWO HEARTS TEN,0.6688,0.0046,0.3266
CLUBS TWO HEARTS JACK,0.6804,0.005,0.3146
SPADES SEVEN DIAMONDS NINE,0.6464,0.0038,0.3498
SPADES SIX DIAMONDS NINE,0.636,0.0028,0.3612
SPADES NINE DIAMONDS NINE,0.4614,0.0062,0.5324
SPADES EIGHT DIAMONDS NINE,0.6426,0.005,0.3524
SPADES TEN CLUBS KING,0.7474,0.0108,0.2418
DIAMONDS NINE SPADES THREE,0.6684,0.0048,0.3268
SPADES JACK CLUBS KING,0.7392,0.0106,0.2502
DIAMONDS NINE SPADES TWO,0.6774,0.0032,0.3194
SPADES FIVE DIAMONDS NINE,0.668,0.0044,0.3276
DIAMONDS NINE SPADES FOUR,0.671,0.0044,0.3246
CLUBS NINE DIAMONDS NINE,0.4468,0.0026,0.5506
CLUBS EIGHT DIAMONDS NINE,0.629,0.0036,0.3674
CLUBS SIX DIAMONDS NINE,0.645,0.003,0.352
SPADES JACK CLUBS FOUR,0.6696,0.0046,0.3258
CLUBS SEVEN DIAMONDS NINE,0.6212,0.0028,0.376
SPADES TEN CLUBS FOUR,0.6658,0.0034,0.3308
CLUBS FOUR DIAMONDS NINE,0.6668,0.0052,0.328
CLUBS FIVE DIAMONDS NINE,0.6532,0.0028,0.344
DIAMONDS NINE CLUBS TWO,0.6762,0.0036,0.3202
CLUBS THREE DIAMONDS NINE,0.683,0.0044,0.3126
DIAMONDS NINE HEARTS EIGHT,0.6396,0.0042,0.3562
DIAMONDS NINE HEARTS NINE,0.461,0.0046,0.5344
HEARTS SIX DIAMONDS NINE,0.6578,0.0044,0.3378
DIAMONDS NINE HEARTS SEVEN,0.6374,0.0036,0.359
CLUBS NINE CLUBS EIGHT,0.61,0.0038,0.3862
DIAMONDS ACE DIAMONDS NINE,0.6746,0.0444,0.281
HEARTS FOUR DIAMONDS NINE,0.6768,0.0046,0.3186
HEARTS FIVE DIAMONDS NINE,0.658,0.0022,0.3398
SPADES ACE CLUBS FOUR,0.695,0.0428,0.2622
DIAMONDS QUEEN DIAMONDS NINE,0.6194,0.0046,0.376
HEARTS TWO DIAMONDS NINE,0.6754,0.004,0.3206
HEARTS KING CLUBS TWO,0.779,0.012,0.209
DIAMONDS KING DIAMONDS NINE,0.717,0.0114,0.2716
HEARTS THREE DIAMONDS NINE,0.6704,0.005,0.3246
CLUBS TWO HEARTS QUEEN,0.6748,0.0062,0.319
SPADES QUEEN CLUBS FOUR,0.675,0.0058,0.3192
DIAMONDS NINE DIAMONDS JACK,0.6024,0.004,0.3936
CLUBS EIGHT SPADES NINE,0.632,0.0052,0.3628
DIAMONDS NINE DIAMONDS TEN,0.5966,0.0048,0.3986
CLUBS EIGHT SPADES EIGHT,0.4604,0.003,0.5366
CLUBS EIGHT SPADES SEVEN,0.6224,0.004,0.3736
CLUBS EIGHT SPADES SIX,0.6406,0.0036,0.3558
CLUBS EIGHT SPADES FIVE,0.6522,0.0044,0.3434
CLUBS EIGHT SPADES FOUR,0.6768,0.0038,0.3194
CLUBS EIGHT SPADES THREE,0.6816,0.0058,0.3126
CLUBS EIGHT SPADES TWO,0.6746,0.004,0.3214
HEARTS SIX DIAMONDS TEN,0.6582,0.0036,0.3382
DIAMONDS TEN HEARTS SEVEN,0.6426,0.0042,0.3532
DIAMONDS TEN HEARTS EIGHT,0.6374,0.0048,0.3578
CLUBS FOUR CLUBS JACK,0.6312,0.0044,0.3644
DIAMONDS TEN HEARTS NINE,0.6392,0.0036,0.3572
CLUBS TEN CLUBS FOUR,0.6298,0.0024,0.3678
CLUBS FOUR CLUBS KING,0.718,0.0138,0.2682
CLUBS FOUR CLUBS QUEEN,0.6402,0.0036,0.3562
CLUBS TWO DIAMONDS TEN,0.6756,0.004,0.3204
CLUBS THREE DIAMONDS TEN,0.6626,0.0042,0.3332
CLUBS FOUR CLUBS ACE,0.6496,0.0488,0.3016
DIAMONDS JACK DIAMONDS TEN,0.5946,0.0034,0.402
DIAMONDS QUEEN DIAMONDS TEN,0.6022,0.0058,0.392
HEARTS TWO DIAMONDS TEN,0.6832,0.005,0.3118
DIAMONDS KING DIAMONDS TEN,0.701,0.0122,0.2868
HEARTS THREE DIAMONDS TEN,0.6856,0.0034,0.311
DIAMONDS ACE DIAMONDS TEN,0.6608,0.0436,0.2956
HEARTS FOUR DIAMONDS TEN,0.6612,0.0048,0.334
CLUBS EIGHT HEARTS JACK,0.664,0.0042,0.3318
HEARTS FIVE DIAMONDS TEN,0.6704,0.0048,0.3248
CLUBS EIGHT HEARTS TEN,0.6322,0.0036,0.3642
CLUBS EIGHT HEARTS QUEEN,0.6696,0.0036,0.3268
CLUBS EIGHT HEARTS KING,0.7542,0.0134,0.2324
CLUBS NINE SPADES THREE,0.6604,0.0044,0.3352
CLUBS NINE SPADES TWO,0.6776,0.0032,0.3192
CLUBS NINE SPADES FIVE,0.6596,0.0036,0.3368
CLUBS NINE SPADES FOUR,0.6828,0.0036,0.3136
CLUBS NINE SPADES SEVEN,0.6422,0.0032,0.3546
CLUBS NINE SPADES SIX,0.6482,0.0048,0.347
CLUBS NINE SPADES NINE,0.4624,0.0052,0.5324
CLUBS TEN HEARTS EIGHT,0.6414,0.0046,0.354
CLUBS NINE SPADES EIGHT,0.6322,0.0036,0.3642
CLUBS JACK HEARTS EIGHT,0.6522,0.0044,0.3434
CLUBS QUEEN HEARTS EIGHT,0.6596,0.005,0.3354
CLUBS KING HEARTS EIGHT,0.7638,0.0126,0.2236
CLUBS ACE HEARTS EIGHT,0.7126,0.0468,0.2406
SPADES QUEEN CLUBS KING,0.7452,0.0126,0.2422
SPADES ACE CLUBS KING,0.0124,0.9728,0.0148
DIAMONDS ACE HEARTS TEN,0.71,0.0452,0.2448
HEARTS FOUR HEARTS TEN,0.6476,0.005,0.3474
DIAMONDS ACE HEARTS JACK,0.7074,0.0492,0.2434
HEARTS FOUR HEARTS JACK,0.6464,0.0038,0.3498
SPADES QUEEN CLUBS FIVE,0.6846,0.0054,0.31
SPADES ACE CLUBS FIVE,0.682,0.052,0.266
DIAMONDS JACK HEARTS SEVEN,0.6602,0.0024,0.3374
HEARTS SIX DIAMONDS JACK,0.667,0.005,0.328
DIAMONDS JACK HEARTS NINE,0.6496,0.0042,0.3462
DIAMONDS JACK HEARTS EIGHT,0.661,0.0038,0.3352
DIAMONDS KING DIAMONDS JACK,0.6964,0.0106,0.293
HEARTS THREE DIAMONDS JACK,0.6792,0.0034,0.3174
SPADES ACE SPADES SIX,0.6714,0.0438,0.2848
DIAMONDS QUEEN DIAMONDS JACK,0.6122,0.0046,0.3832
HEARTS TWO DIAMONDS JACK,0.6872,0.0044,0.3084
HEARTS FIVE DIAMONDS JACK,0.6682,0.004,0.3278
SPADES QUEEN SPADES SIX,0.6488,0.0048,0.3464
SPADES FOUR HEARTS QUEEN,0.6872,0.005,0.3078
DIAMONDS ACE DIAMONDS JACK,0.6516,0.053,0.2954
HEARTS FOUR DIAMONDS JACK,0.6802,0.005,0.3148
HEARTS KING SPADES FOUR,0.7692,0.0112,0.2196
SPADES TEN SPADES SIX,0.6418,0.0054,0.3528
SPADES JACK SPADES SIX,0.639,0.0062,0.3548
SPADES FOUR DIAMONDS JACK,0.6714,0.0048,0.3238
SPADES FIVE DIAMONDS JACK,0.6706,0.005,0.3244
DIAMONDS JACK SPADES TWO,0.6808,0.004,0.3152
SPADES THREE DIAMONDS JACK,0.69,0.006,0.304
SPADES ACE DIAMONDS THREE,0.6818,0.0478,0.2704
SPADES QUEEN DIAMONDS THREE,0.6822,0.0056,0.3122
CLUBS EIGHT DIAMONDS JACK,0.6422,0.001,0.3568
CLUBS NINE DIAMONDS JACK,0.641,0.0028,0.3562
CLUBS SIX DIAMONDS JACK,0.6688,0.0038,0.3274
CLUBS SEVEN DIAMONDS JACK,0.6552,0.0028,0.342
CLUBS FOUR DIAMONDS JACK,0.6722,0.0032,0.3246
CLUBS FIVE DIAMONDS JACK,0.661,0.005,0.334
CLUBS TWO DIAMONDS JACK,0.6812,0.0042,0.3146
CLUBS THREE DIAMONDS JACK,0.663,0.0038,0.3332
SPADES JACK HEARTS SIX,0.6834,0.0052,0.3114
SPADES TEN CLUBS FIVE,0.6796,0.0036,0.3168
SPADES JACK CLUBS FIVE,0.667,0.0052,0.3278
HEARTS SIX SPADES TEN,0.676,0.005,0.319
SPADES JACK DIAMONDS THREE,0.6738,0.0038,0.3224
CLUBS SEVEN CLUBS ACE,0.6554,0.0462,0.2984
SPADES TEN DIAMONDS THREE,0.6724,0.005,0.3226
CLUBS SEVEN CLUBS QUEEN,0.6316,0.0044,0.364
CLUBS SEVEN CLUBS KING,0.7088,0.0146,0.2766
SPADES NINE DIAMONDS JACK,0.6318,0.0056,0.3626
CLUBS TEN CLUBS SEVEN,0.6088,0.0038,0.3874
SPADES EIGHT DIAMONDS JACK,0.6566,0.0056,0.3378
SPADES ACE HEARTS SIX,0.7234,0.0408,0.2358
CLUBS SEVEN CLUBS JACK,0.6192,0.0046,0.3762
DIAMONDS ACE HEARTS KING,0.0188,0.9724,0.0088
HEARTS FOUR HEARTS KING,0.7244,0.01,0.2656
SPADES SEVEN DIAMONDS JACK,0.6704,0.0028,0.3268
DIAMONDS ACE HEARTS QUEEN,0.7154,0.0466,0.238
HEARTS FOUR HEARTS QUEEN,0.6496,0.005,0.3454
SPADES SIX DIAMONDS JACK,0.6778,0.0054,0.3168
SPADES QUEEN HEARTS SIX,0.671,0.0038,0.3252
SPADES TWO DIAMONDS TEN,0.677,0.0036,0.3194
SPADES THREE DIAMONDS TEN,0.677,0.004,0.319
SPADES FOUR DIAMONDS TEN,0.6638,0.004,0.3322
SPADES FIVE DIAMONDS TEN,0.6776,0.0048,0.3176
SPADES SIX DIAMONDS TEN,0.6724,0.0038,0.3238
SPADES SEVEN DIAMONDS TEN,0.6398,0.0038,0.3564
SPADES EIGHT DIAMONDS TEN,0.6492,0.0056,0.3452
SPADES NINE DIAMONDS TEN,0.6268,0.0038,0.3694
CLUBS FOUR DIAMONDS TEN,0.6776,0.0042,0.3182
CLUBS FIVE DIAMONDS TEN,0.661,0.006,0.333
CLUBS SIX DIAMONDS TEN,0.6428,0.0044,0.3528
CLUBS SEVEN DIAMONDS TEN,0.642,0.0034,0.3546
CLUBS EIGHT DIAMONDS TEN,0.6452,0.002,0.3528
CLUBS NINE DIAMONDS TEN,0.625,0.004,0.371
DIAMONDS THREE CLUBS JACK,0.6878,0.002,0.3102
CLUBS TEN DIAMONDS THREE,0.6766,0.0042,0.3192
DIAMONDS THREE CLUBS KING,0.7524,0.0124,0.2352
DIAMONDS THREE CLUBS QUEEN,0.6796,0.0044,0.316
DIAMONDS THREE CLUBS ACE,0.6924,0.047,0.2606
SPADES FOUR HEARTS JACK,0.6756,0.0044,0.32
SPADES FOUR HEARTS TEN,0.676,0.006,0.318
SPADES FIVE SPADES TWO,0.6244,0.0064,0.3692
SPADES FOUR SPADES TWO,0.6226,0.0056,0.3718
SPADES THREE SPADES TWO,0.6238,0.0074,0.3688
SPADES NINE SPADES TWO,0.6358,0.005,0.3592
SPADES EIGHT SPADES TWO,0.651,0.0048,0.3442
SPADES SEVEN SPADES TWO,0.6444,0.0046,0.351
SPADES SIX SPADES TWO,0.628,0.0066,0.3654
DIAMONDS QUEEN CLUBS THREE,0.6818,0.0032,0.315
CLUBS THREE HEARTS TWO,0.6528,0.0086,0.3386
DIAMONDS QUEEN CLUBS TWO,0.6788,0.0048,0.3164
HEARTS TWO CLUBS TWO,0.4624,0.006,0.5316
DIAMONDS QUEEN HEARTS SEVEN,0.6714,0.0046,0.324
HEARTS TWO HEARTS SEVEN,0.6408,0.006,0.3532
HEARTS SIX DIAMONDS QUEEN,0.6758,0.0036,0.3206
HEARTS SIX HEARTS TWO,0.6262,0.0054,0.3684
DIAMONDS QUEEN HEARTS NINE,0.6562,0.0046,0.3392
HEARTS TWO HEARTS NINE,0.6428,0.0056,0.3516
DIAMONDS QUEEN HEARTS EIGHT,0.6636,0.0038,0.3326
HEARTS TWO HEARTS EIGHT,0.6282,0.007,0.3648
CLUBS NINE HEARTS TWO,0.6794,0.005,0.3156
CLUBS NINE DIAMONDS QUEEN,0.6522,0.0038,0.344
CLUBS EIGHT HEARTS TWO,0.674,0.0054,0.3206
CLUBS EIGHT DIAMONDS QUEEN,0.6574,0.0034,0.3392
CLUBS FIVE DIAMONDS QUEEN,0.6836,0.004,0.3124
CLUBS FIVE HEARTS TWO,0.6548,0.005,0.3402
DIAMONDS QUEEN CLUBS FOUR,0.6694,0.0034,0.3272
HEARTS TWO CLUBS FOUR,0.6494,0.004,0.3466
CLUBS SEVEN DIAMONDS QUEEN,0.673,0.004,0.323
CLUBS SEVEN HEARTS TWO,0.677,0.0036,0.3194
SPADES EIGHT HEARTS QUEEN,0.67,0.0044,0.3256
CLUBS SIX DIAMONDS QUEEN,0.6818,0.0034,0.3148
CLUBS SIX HEARTS TWO,0.6636,0.0056,0.3308
SPADES EIGHT HEARTS KING,0.7648,0.0148,0.2204
DIAMONDS QUEEN SPADES SIX,0.6666,0.0044,0.329
HEARTS TWO SPADES SIX,0.6796,0.0042,0.3162
HEARTS FOUR CLUBS QUEEN,0.6766,0.0056,0.3178
DIAMONDS ACE CLUBS QUEEN,0.7102,0.0482,0.2416
DIAMONDS QUEEN SPADES SEVEN,0.687,0.0026,0.3104
SPADES SEVEN HEARTS TWO,0.6682,0.0058,0.326
HEARTS FOUR CLUBS KING,0.7626,0.0104,0.227
DIAMONDS ACE CLUBS KING,0.0238,0.9526,0.0236
SPADES EIGHT DIAMONDS QUEEN,0.6572,0.0044,0.3384
SPADES EIGHT HEARTS TWO,0.6698,0.004,0.3262
HEARTS FOUR CLUBS ACE,0.6922,0.0542,0.2536
DIAMONDS ACE CLUBS ACE,0.0692,0.013,0.9178
SPADES NINE DIAMONDS QUEEN,0.6498,0.0058,0.3444
SPADES NINE HEARTS TWO,0.6782,0.007,0.3148
HEARTS TWO SPADES TWO,0.4778,0.0056,0.5166
DIAMONDS QUEEN SPADES TWO,0.6778,0.004,0.3182
HEARTS TWO SPADES THREE,0.6672,0.0056,0.3272
DIAMONDS QUEEN SPADES THREE,0.6764,0.0046,0.319
HEARTS TWO SPADES FOUR,0.657,0.0054,0.3376
DIAMONDS QUEEN SPADES FOUR,0.683,0.005,0.312
HEARTS FOUR CLUBS TEN,0.6682,0.0052,0.3266
CLUBS TEN DIAMONDS ACE,0.7096,0.0398,0.2506
HEARTS TWO SPADES FIVE,0.6464,0.007,0.3466
DIAMONDS QUEEN SPADES FIVE,0.6796,0.0048,0.3156
HEARTS FOUR CLUBS JACK,0.674,0.0044,0.3216
DIAMONDS ACE CLUBS JACK,0.7016,0.0458,0.2526
CLUBS FIVE CLUBS KING,0.7168,0.0088,0.2744
CLUBS FIVE CLUBS QUEEN,0.6258,0.005,0.3692
CLUBS FIVE CLUBS ACE,0.6474,0.0426,0.31
CLUBS FIVE CLUBS JACK,0.625,0.004,0.371
CLUBS TEN CLUBS FIVE,0.6208,0.0044,0.3748
SPADES QUEEN CLUBS JACK,0.6426,0.0036,0.3538
SPADES ACE CLUBS JACK,0.7044,0.0456,0.25
SPADES SIX CLUBS KING,0.766,0.0118,0.2222
SPADES SIX CLUBS QUEEN,0.682,0.0028,0.3152
SPADES EIGHT HEARTS JACK,0.6598,0.0046,0.3356
SPADES SIX CLUBS ACE,0.7042,0.0448,0.251
SPADES EIGHT HEARTS TEN,0.6436,0.0046,0.3518
SPADES SIX CLUBS JACK,0.6734,0.005,0.3216
CLUBS TEN SPADES SIX,0.6642,0.004,0.3318
SPADES TEN CLUBS JACK,0.6274,0.0068,0.3658
SPADES JACK CLUBS JACK,0.4558,0.0024,0.5418
SPADES QUEEN CLUBS SEVEN,0.6762,0.0036,0.3202
SPADES ACE CLUBS SEVEN,0.688,0.0542,0.2578
SPADES SIX HEARTS TEN,0.6686,0.0046,0.3268
SPADES SIX HEARTS JACK,0.6842,0.0032,0.3126
SPADES SIX HEARTS KING,0.7692,0.0132,0.2176
SPADES SIX HEARTS QUEEN,0.68,0.0042,0.3158
SPADES JACK CLUBS SEVEN,0.667,0.004,0.329
CLUBS SEVEN SPADES TEN,0.656,0.0024,0.3416
CLUBS TEN HEARTS SIX,0.6652,0.0042,0.3306
HEARTS SIX CLUBS JACK,0.6782,0.0038,0.318
CLUBS ACE CLUBS JACK,0.6596,0.0474,0.293
HEARTS SIX CLUBS QUEEN,0.6752,0.0064,0.3184
HEARTS SIX CLUBS KING,0.7596,0.0158,0.2246
HEARTS SIX CLUBS ACE,0.71,0.0436,0.2464
CLUBS QUEEN CLUBS JACK,0.6004,0.0052,0.3944
CLUBS KING CLUBS JACK,0.6878,0.0106,0.3016
DIAMONDS THREE HEARTS QUEEN,0.6764,0.005,0.3186
DIAMONDS THREE HEARTS KING,0.7738,0.0142,0.212
CLUBS FIVE HEARTS JACK,0.6608,0.005,0.3342
HEARTS FOUR SPADES TEN,0.6748,0.005,0.3202
SPADES TEN DIAMONDS ACE,0.7138,0.0478,0.2384
CLUBS FIVE HEARTS TEN,0.6744,0.004,0.3216
HEARTS FOUR SPADES JACK,0.6738,0.0086,0.3176
SPADES JACK DIAMONDS ACE,0.7114,0.0478,0.2408
SPADES ACE HEARTS FOUR,0.6916,0.0484,0.26
SPADES ACE DIAMONDS ACE,0.0604,0.0136,0.926
CLUBS FIVE HEARTS KING,0.7542,0.015,0.2308
SPADES QUEEN DIAMONDS ACE,0.7194,0.0442,0.2364
HEARTS FOUR SPADES QUEEN,0.6874,0.006,0.3066
SPADES FOUR CLUBS JACK,0.6798,0.004,0.3162
CLUBS FIVE HEARTS QUEEN,0.6808,0.003,0.3162
CLUBS TEN SPADES FOUR,0.6736,0.0044,0.322
DIAMONDS QUEEN DIAMONDS ACE,0.6824,0.0378,0.2798
HEARTS TWO DIAMONDS ACE,0.7022,0.051,0.2468
HEARTS FOUR DIAMONDS QUEEN,0.6882,0.0034,0.3084
HEARTS FOUR HEARTS TWO,0.6228,0.0052,0.372
DIAMONDS THREE HEARTS TEN,0.6822,0.0048,0.313
SPADES FOUR CLUBS KING,0.765,0.0116,0.2234
HEARTS FIVE DIAMONDS QUEEN,0.6718,0.0058,0.3224
HEARTS FIVE HEARTS TWO,0.6226,0.0058,0.3716
DIAMONDS THREE HEARTS JACK,0.6848,0.0064,0.3088
SPADES FOUR CLUBS QUEEN,0.6774,0.0054,0.3172
DIAMONDS QUEEN HEARTS TWO,0.6946,0.005,0.3004
DIAMONDS KING DIAMONDS QUEEN,0.7004,0.0098,0.2898
DIAMONDS KING HEARTS TWO,0.7618,0.0134,0.2248
HEARTS THREE DIAMONDS QUEEN,0.6726,0.0044,0.323
HEARTS THREE HEARTS TWO,0.628,0.0052,0.3668
SPADES FOUR CLUBS ACE,0.6862,0.0492,0.2646
HEARTS TWO CLUBS ACE,0.7196,0.0458,0.2346
DIAMONDS QUEEN CLUBS ACE,0.7054,0.0466,0.248
HEARTS TWO CLUBS QUEEN,0.6902,0.0066,0.3032
DIAMONDS QUEEN CLUBS QUEEN,0.4346,0.0032,0.5622
HEARTS TWO CLUBS KING,0.7794,0.0116,0.209
DIAMONDS QUEEN CLUBS KING,0.7394,0.0096,0.251
SPADES EIGHT SPADES FIVE,0.6204,0.003,0.3766
CLUBS TEN HEARTS TWO,0.6772,0.0044,0.3184
CLUBS TEN DIAMONDS QUEEN,0.6356,0.0042,0.3602
SPADES NINE SPADES FIVE,0.6286,0.0048,0.3666
HEARTS TWO CLUBS JACK,0.6912,0.0078,0.301
DIAMONDS QUEEN CLUBS JACK,0.6392,0.0028,0.358
SPADES SIX SPADES FIVE,0.6032,0.0046,0.3922
SPADES SEVEN SPADES FIVE,0.6178,0.0052,0.377
DIAMONDS FIVE CLUBS QUEEN,0.6742,0.0034,0.3224
SPADES EIGHT CLUBS ACE,0.7094,0.0458,0.2448
DIAMONDS FIVE CLUBS KING,0.7514,0.0152,0.2334
SPADES EIGHT CLUBS KING,0.7522,0.012,0.2358
CLUBS ACE DIAMONDS FIVE,0.6958,0.049,0.2552
SPADES EIGHT CLUBS QUEEN,0.6728,0.0052,0.322
SPADES EIGHT CLUBS JACK,0.636,0.0048,0.3592
CLUBS TEN SPADES EIGHT,0.647,0.0044,0.3486
CLUBS TEN DIAMONDS FIVE,0.672,0.004,0.324
DIAMONDS FIVE CLUBS JACK,0.6786,0.0046,0.3168
HEARTS JACK DIAMONDS TEN,0.6216,0.0042,0.3742
DIAMONDS TEN HEARTS TEN,0.444,0.0052,0.5508
SPADES ACE CLUBS NINE,0.7,0.0486,0.2514
CLUBS NINE SPADES QUEEN,0.648,0.006,0.346
HEARTS SIX HEARTS KING,0.7236,0.0118,0.2646
DIAMONDS KING SPADES SEVEN,0.758,0.012,0.23
HEARTS THREE SPADES SEVEN,0.6694,0.0042,0.3264
HEARTS SIX HEARTS QUEEN,0.6436,0.0064,0.35
