opposingHand,winningChance,drawChance,lostChance
SPADES SIX SPADES FOUR
HEARTS FIVE SPADES TEN,0.4112,0.0278,0.561
SPADES JACK HEARTS FIVE,0.4154,0.0172,0.5674
SPADES FIVE CLUBS JACK,0.4212,0.0194,0.5594
SPADES FIVE CLUBS TEN,0.4194,0.0306,0.55
CLUBS EIGHT CLUBS JACK,0.3814,0.0176,0.601
CLUBS EIGHT CLUBS TEN,0.368,0.0222,0.6098
CLUBS EIGHT CLUBS KING,0.3736,0.0086,0.6178
SPADES FIVE CLUBS ACE,0.3858,0.005,0.6092
CLUBS EIGHT CLUBS QUEEN,0.3674,0.0118,0.6208
SPADES FIVE CLUBS KING,0.4074,0.01,0.5826
SPADES FIVE CLUBS QUEEN,0.4106,0.0122,0.5772
CLUBS EIGHT CLUBS ACE,0.3838,0.0034,0.6128
DIAMONDS TWO DIAMONDS THREE,0.5158,0.1338,0.3504
DIAMONDS TWO DIAMONDS FIVE,0.4948,0.1502,0.355
SPADES KING HEARTS FIVE,0.3994,0.0112,0.5894
DIAMONDS TWO DIAMONDS FOUR,0.4756,0.2488,0.2756
SPADES QUEEN HEARTS FIVE,0.4052,0.0118,0.583
DIAMONDS TWO DIAMONDS SEVEN,0.4176,0.0934,0.489
DIAMONDS TWO DIAMONDS SIX,0.3136,0.4422,0.2442
SPADES ACE HEARTS FIVE,0.3956,0.0044,0.6
DIAMONDS TWO DIAMONDS NINE,0.4218,0.0386,0.5396
DIAMONDS TWO DIAMONDS EIGHT,0.4264,0.0626,0.511
DIAMONDS THREE DIAMONDS FOUR,0.4856,0.2408,0.2736
DIAMONDS THREE DIAMONDS FIVE,0.4934,0.1454,0.3612
CLUBS TWO SPADES FIVE,0.5288,0.1472,0.324
CLUBS TWO SPADES TWO,0.381,0.1278,0.4912
CLUBS TWO SPADES THREE,0.5444,0.1558,0.2998
DIAMONDS THREE DIAMONDS EIGHT,0.4208,0.0622,0.517
SPADES EIGHT CLUBS TWO,0.439,0.0692,0.4918
DIAMONDS THREE DIAMONDS NINE,0.4208,0.0444,0.5348
SPADES NINE CLUBS TWO,0.4458,0.047,0.5072
DIAMONDS THREE DIAMONDS SIX,0.3022,0.4492,0.2486
DIAMONDS THREE DIAMONDS SEVEN,0.4236,0.0944,0.482
CLUBS TWO SPADES SEVEN,0.4374,0.1006,0.462
CLUBS SIX CLUBS TWO,0.322,0.4246,0.2534
CLUBS SEVEN CLUBS TWO,0.4312,0.0898,0.479
CLUBS FOUR CLUBS TWO,0.4764,0.2428,0.2808
CLUBS FIVE CLUBS TWO,0.4976,0.14,0.3624
CLUBS JACK CLUBS TEN,0.3664,0.0156,0.618
DIAMONDS FOUR DIAMONDS SIX,0.0702,0.8566,0.0732
CLUBS QUEEN CLUBS TEN,0.3768,0.0102,0.613
DIAMONDS FOUR DIAMONDS SEVEN,0.2744,0.1746,0.551
CLUBS KING CLUBS TEN,0.3632,0.007,0.6298
CLUBS ACE CLUBS TEN,0.3796,0.0054,0.615
CLUBS EIGHT CLUBS TWO,0.4074,0.0658,0.5268
DIAMONDS FIVE DIAMONDS FOUR,0.4698,0.2558,0.2744
CLUBS NINE CLUBS TWO,0.4276,0.044,0.5284
DIAMONDS NINE DIAMONDS FOUR,0.296,0.096,0.608
DIAMONDS EIGHT DIAMONDS FOUR,0.2864,0.1242,0.5894
CLUBS TWO CLUBS THREE,0.524,0.14,0.336
DIAMONDS NINE DIAMONDS FIVE,0.3916,0.0414,0.567
DIAMONDS TWO CLUBS JACK,0.4582,0.0216,0.5202
DIAMONDS EIGHT DIAMONDS FIVE,0.3842,0.0614,0.5544
DIAMONDS TWO CLUBS TEN,0.4574,0.0358,0.5068
DIAMONDS FIVE DIAMONDS SEVEN,0.3768,0.0916,0.5316
DIAMONDS FIVE DIAMONDS SIX,0.2444,0.4048,0.3508
DIAMONDS TWO CLUBS ACE,0.4418,0.005,0.5532
DIAMONDS TWO CLUBS KING,0.4554,0.0088,0.5358
DIAMONDS TWO CLUBS QUEEN,0.4568,0.0112,0.532
DIAMONDS EIGHT DIAMONDS SIX,0.2728,0.1338,0.5934
DIAMONDS NINE DIAMONDS SIX,0.2926,0.104,0.6034
SPADES THREE HEARTS ACE,0.4528,0.005,0.5422
HEARTS KING SPADES THREE,0.4458,0.0102,0.544
DIAMONDS SEVEN DIAMONDS SIX,0.2592,0.1708,0.57
SPADES THREE HEARTS QUEEN,0.4418,0.013,0.5452
SPADES THREE HEARTS JACK,0.4452,0.0184,0.5364
SPADES THREE HEARTS TEN,0.449,0.0262,0.5248
DIAMONDS EIGHT DIAMONDS SEVEN,0.3384,0.0498,0.6118
DIAMONDS NINE DIAMONDS SEVEN,0.3582,0.0388,0.603
DIAMONDS NINE DIAMONDS EIGHT,0.3624,0.0338,0.6038
DIAMONDS KING HEARTS TEN,0.3972,0.0072,0.5956
HEARTS THREE HEARTS TEN,0.423,0.0282,0.5488
CLUBS SIX SPADES JACK,0.2962,0.058,0.6458
DIAMONDS KING HEARTS JACK,0.3978,0.006,0.5962
HEARTS THREE HEARTS JACK,0.4222,0.0194,0.5584
CLUBS SIX SPADES TEN,0.3062,0.079,0.6148
SPADES JACK SPADES FIVE,0.3706,0.0216,0.6078
SPADES TEN SPADES FIVE,0.372,0.0296,0.5984
DIAMONDS KING HEARTS ACE,0.4014,0.004,0.5946
HEARTS THREE HEARTS ACE,0.4142,0.0066,0.5792
SPADES ACE CLUBS SIX,0.2924,0.026,0.6816
DIAMONDS KING HEARTS QUEEN,0.404,0.0054,0.5906
HEARTS THREE HEARTS QUEEN,0.415,0.0132,0.5718
SPADES KING CLUBS SIX,0.2956,0.038,0.6664
DIAMONDS KING HEARTS KING,0.1966,0.0174,0.786
HEARTS THREE HEARTS KING,0.4264,0.0088,0.5648
SPADES QUEEN CLUBS SIX,0.304,0.0476,0.6484
SPADES NINE HEARTS TEN,0.3846,0.0222,0.5932
SPADES NINE HEARTS JACK,0.3726,0.0194,0.608
SPADES QUEEN SPADES FIVE,0.376,0.0132,0.6108
SPADES KING SPADES FIVE,0.3806,0.0072,0.6122
SPADES ACE SPADES FIVE,0.3542,0.0066,0.6392
SPADES NINE HEARTS QUEEN,0.3822,0.012,0.6058
SPADES NINE HEARTS KING,0.3874,0.0092,0.6034
SPADES NINE HEARTS ACE,0.3946,0.0064,0.599
SPADES JACK CLUBS TEN,0.3648,0.0136,0.6216
SPADES TEN CLUBS TEN,0.2168,0.0584,0.7248
SPADES ACE CLUBS TEN,0.374,0.0046,0.6214
SPADES KING CLUBS TEN,0.3728,0.0064,0.6208
SPADES QUEEN CLUBS TEN,0.3814,0.0096,0.609
SPADES FIVE HEARTS QUEEN,0.411,0.0138,0.5752
SPADES FIVE HEARTS KING,0.4262,0.009,0.5648
SPADES FIVE HEARTS ACE,0.4002,0.0074,0.5924
CLUBS EIGHT SPADES TEN,0.3738,0.0252,0.601
HEARTS THREE SPADES JACK,0.4464,0.0212,0.5324
SPADES JACK DIAMONDS KING,0.3794,0.0094,0.6112
SPADES TEN DIAMONDS KING,0.3732,0.01,0.6168
HEARTS THREE SPADES TEN,0.4462,0.0304,0.5234
CLUBS EIGHT SPADES JACK,0.3816,0.0194,0.599
SPADES ACE CLUBS EIGHT,0.3788,0.0044,0.6168
HEARTS FIVE CLUBS JACK,0.4186,0.0192,0.5622
CLUBS SIX HEARTS ACE,0.3056,0.0314,0.663
HEARTS FIVE CLUBS TEN,0.4368,0.0294,0.5338
CLUBS EIGHT SPADES QUEEN,0.376,0.0136,0.6104
SPADES THREE CLUBS TEN,0.4404,0.028,0.5316
CLUBS SIX HEARTS QUEEN,0.318,0.0464,0.6356
CLUBS EIGHT SPADES KING,0.393,0.0068,0.6002
SPADES THREE CLUBS JACK,0.4422,0.02,0.5378
CLUBS SIX HEARTS KING,0.3114,0.0376,0.651
DIAMONDS TWO HEARTS JACK,0.4608,0.0168,0.5224
SPADES THREE CLUBS QUEEN,0.4476,0.0174,0.535
DIAMONDS TWO HEARTS TEN,0.4534,0.0318,0.5148
SPADES THREE CLUBS KING,0.4432,0.0116,0.5452
HEARTS FIVE CLUBS ACE,0.4002,0.0034,0.5964
SPADES FIVE HEARTS TEN,0.4136,0.028,0.5584
SPADES THREE CLUBS ACE,0.4388,0.005,0.5562
HEARTS FIVE CLUBS KING,0.4366,0.009,0.5544
SPADES FIVE HEARTS JACK,0.3926,0.0176,0.5898
HEARTS FIVE CLUBS QUEEN,0.4138,0.0106,0.5756
HEARTS THREE CLUBS KING,0.4436,0.0078,0.5486
DIAMONDS KING CLUBS KING,0.2178,0.0194,0.7628
HEARTS THREE CLUBS QUEEN,0.458,0.0122,0.5298
DIAMONDS KING CLUBS QUEEN,0.398,0.006,0.596
HEARTS FIVE HEARTS JACK,0.405,0.0178,0.5772
HEARTS FIVE HEARTS TEN,0.4034,0.0266,0.57
HEARTS THREE CLUBS ACE,0.439,0.0058,0.5552
DIAMONDS KING CLUBS ACE,0.41,0.003,0.587
SPADES ACE CLUBS QUEEN,0.388,0.0062,0.6058
SPADES KING CLUBS QUEEN,0.3928,0.007,0.6002
HEARTS THREE CLUBS JACK,0.4388,0.02,0.5412
DIAMONDS KING CLUBS JACK,0.3974,0.0072,0.5954
SPADES QUEEN CLUBS QUEEN,0.2062,0.0344,0.7594
HEARTS THREE CLUBS TEN,0.454,0.0274,0.5186
DIAMONDS KING CLUBS TEN,0.402,0.008,0.59
SPADES JACK CLUBS QUEEN,0.3786,0.012,0.6094
CLUBS SIX CLUBS QUEEN,0.2914,0.0488,0.6598
SPADES TEN CLUBS QUEEN,0.3928,0.0114,0.5958
CLUBS SIX CLUBS KING,0.2854,0.0372,0.6774
CLUBS SIX CLUBS ACE,0.2876,0.025,0.6874
HEARTS FIVE HEARTS KING,0.4044,0.0082,0.5874
HEARTS FIVE HEARTS QUEEN,0.3934,0.0136,0.593
CLUBS SIX CLUBS TEN,0.2924,0.0788,0.6288
HEARTS FIVE HEARTS ACE,0.3884,0.005,0.6066
CLUBS SIX CLUBS JACK,0.296,0.0604,0.6436
SPADES SEVEN HEARTS JACK,0.3842,0.0212,0.5946
SPADES SEVEN HEARTS TEN,0.3786,0.0242,0.5972
DIAMONDS TWO CLUBS TWO,0.3786,0.143,0.4784
DIAMONDS TWO CLUBS THREE,0.5384,0.1522,0.3094
HEARTS SIX DIAMONDS TWO,0.3454,0.4546,0.2
DIAMONDS TWO HEARTS QUEEN,0.4584,0.0126,0.529
DIAMONDS TWO HEARTS SEVEN,0.4514,0.0958,0.4528
DIAMONDS TWO HEARTS KING,0.4694,0.0084,0.5222
DIAMONDS TWO HEARTS EIGHT,0.4484,0.0638,0.4878
DIAMONDS TWO HEARTS ACE,0.4418,0.0056,0.5526
DIAMONDS TWO HEARTS NINE,0.4522,0.0376,0.5102
DIAMONDS TWO DIAMONDS QUEEN,0.427,0.0152,0.5578
DIAMONDS TWO HEARTS TWO,0.3936,0.1278,0.4786
DIAMONDS TWO DIAMONDS KING,0.439,0.006,0.555
HEARTS THREE DIAMONDS TWO,0.5608,0.1526,0.2866
DIAMONDS TWO DIAMONDS ACE,0.407,0.0054,0.5876
HEARTS FOUR DIAMONDS TWO,0.5258,0.2552,0.219
DIAMONDS TWO HEARTS FIVE,0.5276,0.1558,0.3166
SPADES SEVEN HEARTS ACE,0.387,0.0054,0.6076
DIAMONDS TWO DIAMONDS TEN,0.4198,0.0282,0.552
SPADES SEVEN HEARTS KING,0.384,0.0104,0.6056
DIAMONDS TWO DIAMONDS JACK,0.422,0.017,0.561
SPADES SEVEN HEARTS QUEEN,0.3918,0.0072,0.601
DIAMONDS TWO SPADES NINE,0.4464,0.0442,0.5094
DIAMONDS TWO SPADES EIGHT,0.445,0.0672,0.4878
DIAMONDS TWO SPADES SEVEN,0.445,0.1,0.455
DIAMONDS TWO SPADES FIVE,0.527,0.149,0.324
DIAMONDS TWO SPADES THREE,0.551,0.1568,0.2922
DIAMONDS TWO SPADES TWO,0.386,0.1338,0.4802
CLUBS NINE DIAMONDS TWO,0.4496,0.0438,0.5066
CLUBS EIGHT DIAMONDS TWO,0.4462,0.0698,0.484
DIAMONDS TWO CLUBS SEVEN,0.4516,0.096,0.4524
CLUBS SIX DIAMONDS TWO,0.3234,0.4682,0.2084
DIAMONDS TWO CLUBS FIVE,0.5204,0.1562,0.3234
DIAMONDS TWO CLUBS FOUR,0.5142,0.2556,0.2302
CLUBS FOUR SPADES FIVE,0.4918,0.267,0.2412
CLUBS FOUR SPADES THREE,0.4874,0.2704,0.2422
CLUBS FOUR SPADES TWO,0.5098,0.2682,0.222
CLUBS FOUR SPADES NINE,0.3112,0.0966,0.5922
CLUBS FOUR SPADES EIGHT,0.2858,0.1336,0.5806
CLUBS FOUR SPADES SEVEN,0.269,0.1928,0.5382
SPADES ACE DIAMONDS SIX,0.2894,0.0274,0.6832
SPADES QUEEN DIAMONDS SIX,0.296,0.0502,0.6538
SPADES KING DIAMONDS SIX,0.2954,0.0368,0.6678
SPADES TEN DIAMONDS SIX,0.2864,0.0862,0.6274
SPADES JACK DIAMONDS SIX,0.295,0.0614,0.6436
SPADES QUEEN SPADES TWO,0.3986,0.015,0.5864
SPADES KING SPADES TWO,0.4052,0.01,0.5848
SPADES ACE SPADES TWO,0.3842,0.0054,0.6104
DIAMONDS JACK CLUBS JACK,0.213,0.0456,0.7414
DIAMONDS JACK CLUBS TEN,0.389,0.0114,0.5996
DIAMONDS JACK CLUBS KING,0.39,0.0078,0.6022
DIAMONDS JACK CLUBS QUEEN,0.4008,0.0082,0.591
DIAMONDS THREE DIAMONDS JACK,0.4218,0.0212,0.557
DIAMONDS THREE DIAMONDS TEN,0.4336,0.023,0.5434
DIAMONDS JACK CLUBS ACE,0.407,0.0046,0.5884
DIAMONDS THREE DIAMONDS KING,0.423,0.0098,0.5672
HEARTS THREE DIAMONDS THREE,0.3822,0.1298,0.488
DIAMONDS THREE DIAMONDS QUEEN,0.4184,0.0124,0.5692
DIAMONDS THREE HEARTS TWO,0.545,0.1554,0.2996
HEARTS FIVE DIAMONDS THREE,0.5216,0.1374,0.341
DIAMONDS THREE DIAMONDS ACE,0.4136,0.007,0.5794
HEARTS FOUR DIAMONDS THREE,0.5084,0.2598,0.2318
DIAMONDS THREE HEARTS SEVEN,0.437,0.096,0.467
SPADES TEN SPADES NINE,0.3236,0.0258,0.6506
HEARTS SIX DIAMONDS THREE,0.3096,0.486,0.2044
SPADES JACK SPADES NINE,0.3372,0.0196,0.6432
DIAMONDS THREE HEARTS NINE,0.4406,0.039,0.5204
HEARTS JACK DIAMONDS FOUR,0.3278,0.047,0.6252
HEARTS KING HEARTS ACE,0.3734,0.0062,0.6204
SPADES TEN SPADES TWO,0.4126,0.0268,0.5606
DIAMONDS THREE HEARTS EIGHT,0.441,0.0598,0.4992
HEARTS TEN DIAMONDS FOUR,0.3138,0.0744,0.6118
SPADES JACK SPADES TWO,0.4016,0.0246,0.5738
HEARTS QUEEN DIAMONDS FOUR,0.3126,0.043,0.6444
HEARTS KING DIAMONDS FOUR,0.3274,0.0264,0.6462
SPADES ACE SPADES NINE,0.344,0.006,0.65
HEARTS ACE DIAMONDS FOUR,0.3042,0.0178,0.678
SPADES KING SPADES NINE,0.3338,0.0102,0.656
SPADES QUEEN SPADES NINE,0.3554,0.0148,0.6298
DIAMONDS THREE SPADES NINE,0.4268,0.046,0.5272
DIAMONDS THREE SPADES EIGHT,0.4394,0.0668,0.4938
DIAMONDS THREE SPADES SEVEN,0.4232,0.1016,0.4752
CLUBS SIX DIAMONDS THREE,0.3114,0.487,0.2016
CLUBS ACE DIAMONDS FOUR,0.303,0.0188,0.6782
CLUBS SIX CLUBS FIVE,0.2498,0.4068,0.3434
CLUBS SEVEN CLUBS FIVE,0.3708,0.0892,0.54
CLUBS SEVEN DIAMONDS THREE,0.446,0.0916,0.4624
DIAMONDS THREE CLUBS FOUR,0.5148,0.257,0.2282
CLUBS QUEEN DIAMONDS FOUR,0.3176,0.044,0.6384
DIAMONDS THREE CLUBS FIVE,0.517,0.1558,0.3272
CLUBS KING DIAMONDS FOUR,0.3174,0.0296,0.653
DIAMONDS THREE CLUBS TWO,0.5406,0.1588,0.3006
DIAMONDS FOUR CLUBS TEN,0.3314,0.0776,0.591
DIAMONDS THREE CLUBS THREE,0.3678,0.1286,0.5036
DIAMONDS FOUR CLUBS JACK,0.309,0.0556,0.6354
DIAMONDS THREE SPADES FIVE,0.5074,0.1504,0.3422
DIAMONDS THREE SPADES TWO,0.5408,0.1506,0.3086
DIAMONDS THREE SPADES THREE,0.3824,0.1286,0.489
CLUBS EIGHT DIAMONDS THREE,0.4572,0.0628,0.48
CLUBS NINE DIAMONDS THREE,0.4514,0.0372,0.5114
SPADES SEVEN CLUBS ACE,0.3782,0.0058,0.616
SPADES SEVEN CLUBS QUEEN,0.3768,0.0138,0.6094
SPADES SEVEN CLUBS KING,0.3898,0.0076,0.6026
CLUBS FIVE SPADES SEVEN,0.3714,0.0946,0.534
SPADES SEVEN CLUBS TEN,0.3856,0.0256,0.5888
SPADES SEVEN CLUBS JACK,0.3764,0.0188,0.6048
SPADES NINE CLUBS FIVE,0.3942,0.0408,0.565
CLUBS FIVE SPADES EIGHT,0.3888,0.0618,0.5494
CLUBS FIVE SPADES THREE,0.5178,0.1578,0.3244
CLUBS FIVE SPADES TWO,0.5316,0.1422,0.3262
CLUBS FIVE SPADES FIVE,0.2738,0.1198,0.6064
CLUBS NINE CLUBS FIVE,0.3876,0.039,0.5734
CLUBS EIGHT CLUBS FIVE,0.3896,0.057,0.5534
CLUBS ACE CLUBS QUEEN,0.3824,0.005,0.6126
CLUBS KING CLUBS QUEEN,0.3854,0.006,0.6086
DIAMONDS TEN DIAMONDS FOUR,0.302,0.068,0.63
DIAMONDS NINE CLUBS TEN,0.3706,0.0224,0.607
DIAMONDS JACK DIAMONDS FOUR,0.3068,0.0538,0.6394
DIAMONDS NINE CLUBS JACK,0.376,0.0154,0.6086
SPADES NINE CLUBS JACK,0.3656,0.0168,0.6176
SPADES NINE CLUBS TEN,0.3784,0.0246,0.597
DIAMONDS ACE DIAMONDS FOUR,0.2886,0.0178,0.6936
HEARTS FOUR DIAMONDS FOUR,0.3142,0.0956,0.5902
DIAMONDS JACK HEARTS TEN,0.385,0.01,0.605
SPADES NINE CLUBS KING,0.3876,0.0068,0.6056
DIAMONDS TWO SPADES TEN,0.457,0.0306,0.5124
DIAMONDS NINE CLUBS ACE,0.41,0.0038,0.5862
HEARTS FIVE DIAMONDS FOUR,0.5078,0.2588,0.2334
HEARTS JACK DIAMONDS JACK,0.2098,0.0458,0.7444
SPADES NINE CLUBS QUEEN,0.3884,0.013,0.5986
DIAMONDS TWO SPADES JACK,0.4352,0.0218,0.543
DIAMONDS QUEEN DIAMONDS FOUR,0.3108,0.0404,0.6488
HEARTS TWO DIAMONDS FOUR,0.512,0.261,0.227
DIAMONDS NINE CLUBS QUEEN,0.3974,0.0128,0.5898
DIAMONDS KING DIAMONDS FOUR,0.2988,0.0272,0.674
HEARTS THREE DIAMONDS FOUR,0.5238,0.254,0.2222
SPADES NINE CLUBS ACE,0.3906,0.0042,0.6052
DIAMONDS NINE CLUBS KING,0.3946,0.0072,0.5982
HEARTS ACE DIAMONDS JACK,0.3936,0.0058,0.6006
SPADES ACE DIAMONDS TWO,0.4174,0.006,0.5766
DIAMONDS JACK HEARTS QUEEN,0.3976,0.0118,0.5906
SPADES QUEEN DIAMONDS TWO,0.4534,0.0132,0.5334
HEARTS KING DIAMONDS JACK,0.4094,0.0058,0.5848
SPADES KING DIAMONDS TWO,0.4386,0.0116,0.5498
SPADES JACK SPADES SEVEN,0.3462,0.0194,0.6344
SPADES TEN SPADES SEVEN,0.334,0.0274,0.6386
CLUBS SEVEN CLUBS THREE,0.4284,0.0892,0.4824
CLUBS SIX CLUBS THREE,0.2996,0.441,0.2594
CLUBS FIVE CLUBS THREE,0.5004,0.1438,0.3558
CLUBS FOUR CLUBS THREE,0.483,0.2462,0.2708
CLUBS NINE CLUBS THREE,0.4214,0.041,0.5376
CLUBS EIGHT CLUBS THREE,0.4236,0.058,0.5184
CLUBS THREE SPADES FIVE,0.507,0.1594,0.3336
CLUBS THREE SPADES THREE,0.382,0.1318,0.4862
CLUBS THREE SPADES TWO,0.5434,0.16,0.2966
SPADES SEVEN CLUBS THREE,0.4318,0.1076,0.4606
SPADES EIGHT CLUBS THREE,0.442,0.0702,0.4878
SPADES NINE CLUBS THREE,0.4426,0.041,0.5164
SPADES TWO DIAMONDS FOUR,0.5152,0.2598,0.225
SPADES THREE DIAMONDS FOUR,0.5032,0.2514,0.2454
SPADES FIVE DIAMONDS FOUR,0.4864,0.271,0.2426
SPADES SEVEN DIAMONDS FOUR,0.278,0.1794,0.5426
SPADES EIGHT DIAMONDS FOUR,0.2942,0.1358,0.57
SPADES NINE DIAMONDS FOUR,0.3094,0.1028,0.5878
CLUBS FIVE DIAMONDS FOUR,0.5032,0.2552,0.2416
CLUBS FOUR DIAMONDS FOUR,0.3196,0.1014,0.579
CLUBS SEVEN DIAMONDS FOUR,0.2722,0.1856,0.5422
CLUBS SIX DIAMONDS FOUR,0.076,0.9026,0.0214
CLUBS NINE DIAMONDS FOUR,0.3108,0.1,0.5892
CLUBS EIGHT DIAMONDS FOUR,0.305,0.1462,0.5488
DIAMONDS FOUR HEARTS SEVEN,0.2916,0.1938,0.5146
HEARTS SIX DIAMONDS FOUR,0.0762,0.9012,0.0226
HEARTS NINE DIAMONDS FOUR,0.311,0.0964,0.5926
DIAMONDS FOUR HEARTS EIGHT,0.3042,0.1332,0.5626
CLUBS THREE DIAMONDS FOUR,0.5096,0.2606,0.2298
CLUBS TWO DIAMONDS FOUR,0.5064,0.2644,0.2292
DIAMONDS TEN DIAMONDS FIVE,0.416,0.0246,0.5594
DIAMONDS JACK DIAMONDS FIVE,0.396,0.0192,0.5848
DIAMONDS NINE HEARTS QUEEN,0.3966,0.009,0.5944
HEARTS KING DIAMONDS NINE,0.4022,0.0072,0.5906
DIAMONDS NINE HEARTS ACE,0.3958,0.0052,0.599
DIAMONDS NINE HEARTS TEN,0.3816,0.023,0.5954
DIAMONDS NINE HEARTS JACK,0.3866,0.0154,0.598
CLUBS KING DIAMONDS SIX,0.3138,0.0394,0.6468
CLUBS QUEEN DIAMONDS SIX,0.3066,0.0516,0.6418
CLUBS ACE DIAMONDS SIX,0.3092,0.0246,0.6662
SPADES KING DIAMONDS FOUR,0.3038,0.0324,0.6638
SPADES ACE SPADES SEVEN,0.3394,0.0054,0.6552
SPADES QUEEN DIAMONDS FOUR,0.295,0.0374,0.6676
SPADES QUEEN SPADES SEVEN,0.3446,0.011,0.6444
CLUBS JACK DIAMONDS SIX,0.3194,0.0554,0.6252
SPADES KING SPADES SEVEN,0.3472,0.0094,0.6434
SPADES ACE DIAMONDS FOUR,0.2816,0.017,0.7014
CLUBS TEN DIAMONDS SIX,0.3126,0.0874,0.6
CLUBS NINE CLUBS FOUR,0.3102,0.0952,0.5946
CLUBS EIGHT CLUBS FOUR,0.2934,0.1224,0.5842
SPADES JACK DIAMONDS FOUR,0.304,0.0502,0.6458
SPADES TEN DIAMONDS FOUR,0.2978,0.0772,0.625
CLUBS FOUR CLUBS FIVE,0.473,0.2452,0.2818
CLUBS SEVEN CLUBS FOUR,0.2606,0.1898,0.5496
CLUBS SIX CLUBS FOUR,0.0718,0.845,0.0832
CLUBS SEVEN SPADES EIGHT,0.368,0.0574,0.5746
CLUBS SEVEN SPADES NINE,0.3614,0.0414,0.5972
CLUBS SEVEN SPADES SEVEN,0.1808,0.0988,0.7204
CLUBS SEVEN SPADES FIVE,0.3738,0.0992,0.527
CLUBS SEVEN SPADES THREE,0.428,0.1016,0.4704
CLUBS SEVEN SPADES TWO,0.4504,0.096,0.4536
CLUBS NINE CLUBS SEVEN,0.351,0.038,0.611
CLUBS EIGHT CLUBS SEVEN,0.3438,0.0504,0.6058
HEARTS SIX DIAMONDS FIVE,0.2764,0.415,0.3086
DIAMONDS FIVE HEARTS SEVEN,0.3856,0.0914,0.523
DIAMONDS FIVE HEARTS EIGHT,0.3954,0.064,0.5406
HEARTS NINE DIAMONDS FIVE,0.4156,0.0386,0.5458
DIAMONDS QUEEN DIAMONDS FIVE,0.409,0.0124,0.5786
HEARTS TWO DIAMONDS FIVE,0.5358,0.147,0.3172
HEARTS KING HEARTS EIGHT,0.3716,0.0068,0.6216
DIAMONDS KING DIAMONDS FIVE,0.3922,0.0102,0.5976
HEARTS THREE DIAMONDS FIVE,0.5268,0.148,0.3252
HEARTS QUEEN HEARTS EIGHT,0.379,0.0106,0.6104
DIAMONDS ACE DIAMONDS FIVE,0.3842,0.0058,0.61
HEARTS FOUR DIAMONDS FIVE,0.5028,0.2646,0.2326
HEARTS FIVE DIAMONDS FIVE,0.2846,0.1256,0.5898
HEARTS ACE HEARTS EIGHT,0.3662,0.0054,0.6284
CLUBS FOUR DIAMONDS FIVE,0.499,0.262,0.239
CLUBS FIVE DIAMONDS FIVE,0.2886,0.1168,0.5946
CLUBS SIX DIAMONDS FIVE,0.2806,0.4272,0.2922
CLUBS SEVEN DIAMONDS FIVE,0.3874,0.0998,0.5128
CLUBS TWO DIAMONDS FIVE,0.5254,0.1562,0.3184
CLUBS THREE DIAMONDS FIVE,0.5254,0.148,0.3266
SPADES THREE DIAMONDS FIVE,0.5206,0.1514,0.328
SPADES TWO DIAMONDS FIVE,0.518,0.1548,0.3272
SPADES JACK DIAMONDS EIGHT,0.3814,0.018,0.6006
SPADES FIVE DIAMONDS FIVE,0.2648,0.1308,0.6044
HEARTS JACK CLUBS TEN,0.4044,0.0172,0.5784
SPADES TEN DIAMONDS EIGHT,0.366,0.0264,0.6076
HEARTS JACK CLUBS JACK,0.2104,0.051,0.7386
HEARTS JACK CLUBS QUEEN,0.396,0.0064,0.5976
CLUBS NINE DIAMONDS FIVE,0.4146,0.0446,0.5408
HEARTS JACK CLUBS KING,0.3976,0.0076,0.5948
CLUBS EIGHT DIAMONDS FIVE,0.4048,0.0598,0.5354
HEARTS JACK CLUBS ACE,0.4036,0.0032,0.5932
SPADES SEVEN DIAMONDS FIVE,0.3604,0.0966,0.543
SPADES KING DIAMONDS EIGHT,0.3926,0.008,0.5994
SPADES QUEEN DIAMONDS EIGHT,0.3928,0.0116,0.5956
SPADES NINE DIAMONDS FIVE,0.4064,0.045,0.5486
SPADES EIGHT DIAMONDS FIVE,0.3814,0.0628,0.5558
SPADES ACE DIAMONDS EIGHT,0.3868,0.0052,0.608
DIAMONDS TEN DIAMONDS SIX,0.2898,0.079,0.6312
HEARTS ACE DIAMONDS SEVEN,0.3986,0.0038,0.5976
DIAMONDS JACK DIAMONDS SIX,0.299,0.0506,0.6504
HEARTS QUEEN DIAMONDS SEVEN,0.412,0.011,0.577
HEARTS KING DIAMONDS SEVEN,0.3876,0.0076,0.6048
DIAMONDS ACE DIAMONDS SIX,0.2944,0.0296,0.676
HEARTS FOUR DIAMONDS SIX,0.0746,0.9038,0.0216
SPADES TWO HEARTS JACK,0.4408,0.0232,0.536
HEARTS FIVE DIAMONDS SIX,0.2674,0.4282,0.3044
SPADES TWO HEARTS TEN,0.4538,0.031,0.5152
DIAMONDS QUEEN DIAMONDS SIX,0.2982,0.0442,0.6576
HEARTS TWO DIAMONDS SIX,0.328,0.4688,0.2032
DIAMONDS KING DIAMONDS SIX,0.309,0.0372,0.6538
HEARTS THREE DIAMONDS SIX,0.3132,0.4888,0.198
HEARTS EIGHT DIAMONDS SIX,0.2872,0.1436,0.5692
HEARTS NINE DIAMONDS SIX,0.3014,0.1054,0.5932
HEARTS SIX DIAMONDS SIX,0.1608,0.1172,0.722
HEARTS SEVEN DIAMONDS SIX,0.2838,0.1814,0.5348
HEARTS TEN DIAMONDS SEVEN,0.4052,0.0272,0.5676
CLUBS TWO DIAMONDS SIX,0.3274,0.4714,0.2012
HEARTS JACK DIAMONDS SEVEN,0.3888,0.021,0.5902
CLUBS THREE DIAMONDS SIX,0.3188,0.4672,0.214
DIAMONDS EIGHT CLUBS JACK,0.403,0.0138,0.5832
CLUBS SEVEN DIAMONDS SIX,0.2816,0.1848,0.5336
CLUBS SIX DIAMONDS SIX,0.1576,0.1224,0.72
DIAMONDS EIGHT CLUBS TEN,0.3766,0.0248,0.5986
CLUBS FIVE DIAMONDS SIX,0.2644,0.4308,0.3048
CLUBS FOUR DIAMONDS SIX,0.0698,0.9068,0.0234
HEARTS ACE HEARTS JACK,0.363,0.0048,0.6322
DIAMONDS EIGHT CLUBS ACE,0.3924,0.0044,0.6032
HEARTS JACK HEARTS QUEEN,0.3694,0.0084,0.6222
DIAMONDS EIGHT CLUBS KING,0.4114,0.0084,0.5802
CLUBS NINE DIAMONDS SIX,0.2966,0.0982,0.6052
HEARTS KING HEARTS JACK,0.369,0.0062,0.6248
DIAMONDS EIGHT CLUBS QUEEN,0.4056,0.0114,0.583
CLUBS EIGHT DIAMONDS SIX,0.3032,0.1422,0.5546
SPADES TEN HEARTS KING,0.388,0.0066,0.6054
SPADES FIVE DIAMONDS SIX,0.2538,0.4416,0.3046
HEARTS ACE SPADES TWO,0.4342,0.0052,0.5606
SPADES JACK HEARTS KING,0.3908,0.0068,0.6024
SPADES THREE DIAMONDS SIX,0.3114,0.4812,0.2074
SPADES TWO HEARTS QUEEN,0.453,0.0146,0.5324
SPADES ACE SPADES KING,0.3478,0.0052,0.647
HEARTS KING SPADES TWO,0.4472,0.0078,0.545
SPADES TWO DIAMONDS SIX,0.3184,0.4722,0.2094
HEARTS TEN HEARTS EIGHT,0.3672,0.026,0.6068
SPADES NINE DIAMONDS SIX,0.276,0.1128,0.6112
HEARTS JACK HEARTS EIGHT,0.3662,0.0168,0.617
SPADES EIGHT DIAMONDS SIX,0.2838,0.1496,0.5666
SPADES SEVEN DIAMONDS SIX,0.2732,0.1868,0.54
SPADES KING HEARTS KING,0.2116,0.019,0.7694
SPADES QUEEN HEARTS KING,0.3986,0.0052,0.5962
CLUBS ACE CLUBS KING,0.3562,0.0042,0.6396
SPADES ACE HEARTS KING,0.3848,0.0062,0.609
SPADES ACE HEARTS JACK,0.3892,0.0034,0.6074
SPADES QUEEN HEARTS JACK,0.3812,0.0096,0.6092
SPADES KING HEARTS JACK,0.3748,0.0066,0.6186
SPADES TEN DIAMONDS TEN,0.2026,0.062,0.7354
SPADES JACK DIAMONDS TEN,0.3756,0.0128,0.6116
SPADES ACE DIAMONDS TEN,0.3786,0.0046,0.6168
SPADES JACK HEARTS JACK,0.1974,0.045,0.7576
SPADES TEN HEARTS JACK,0.3738,0.0148,0.6114
SPADES QUEEN DIAMONDS TEN,0.3746,0.0102,0.6152
SPADES KING DIAMONDS TEN,0.378,0.0084,0.6136
SPADES NINE DIAMONDS SEVEN,0.374,0.0394,0.5866
SPADES EIGHT DIAMONDS SEVEN,0.3548,0.06,0.5852
SPADES SEVEN DIAMONDS SEVEN,0.1762,0.095,0.7288
DIAMONDS KING DIAMONDS SEVEN,0.3766,0.0074,0.616
HEARTS THREE DIAMONDS SEVEN,0.4364,0.1022,0.4614
HEARTS KING DIAMONDS FIVE,0.4222,0.0072,0.5706
DIAMONDS QUEEN DIAMONDS SEVEN,0.389,0.0092,0.6018
HEARTS TWO DIAMONDS SEVEN,0.4534,0.0938,0.4528
HEARTS QUEEN DIAMONDS FIVE,0.4204,0.0126,0.567
HEARTS FIVE DIAMONDS SEVEN,0.3854,0.0944,0.5202
DIAMONDS ACE DIAMONDS SEVEN,0.3744,0.0042,0.6214
HEARTS FOUR DIAMONDS SEVEN,0.2888,0.1882,0.523
HEARTS ACE DIAMONDS FIVE,0.4102,0.0048,0.585
HEARTS SEVEN DIAMONDS SEVEN,0.192,0.102,0.706
HEARTS SIX DIAMONDS SEVEN,0.2834,0.1854,0.5312
HEARTS NINE DIAMONDS SEVEN,0.3788,0.0416,0.5796
DIAMONDS SEVEN HEARTS EIGHT,0.362,0.055,0.583
DIAMONDS JACK DIAMONDS SEVEN,0.3784,0.021,0.6006
HEARTS JACK DIAMONDS FIVE,0.4258,0.0218,0.5524
DIAMONDS TEN DIAMONDS SEVEN,0.3746,0.025,0.6004
DIAMONDS FIVE HEARTS TEN,0.4168,0.0234,0.5598
SPADES KING CLUBS TWO,0.4384,0.0104,0.5512
HEARTS KING CLUBS KING,0.2076,0.0186,0.7738
CLUBS EIGHT DIAMONDS SEVEN,0.363,0.0588,0.5782
SPADES QUEEN CLUBS TWO,0.4538,0.0134,0.5328
HEARTS KING CLUBS QUEEN,0.4128,0.0064,0.5808
CLUBS NINE DIAMONDS SEVEN,0.3854,0.039,0.5756
SPADES TWO CLUBS JACK,0.4426,0.0202,0.5372
SPADES ACE CLUBS TWO,0.4354,0.0054,0.5592
SPADES TWO CLUBS TEN,0.4556,0.027,0.5174
HEARTS KING CLUBS ACE,0.4092,0.0028,0.588
CLUBS SIX CLUBS SEVEN,0.2666,0.1802,0.5532
SPADES TWO CLUBS KING,0.4526,0.0076,0.5398
SPADES TWO DIAMONDS SEVEN,0.454,0.1006,0.4454
CLUBS EIGHT CLUBS SIX,0.2778,0.1392,0.583
SPADES THREE DIAMONDS SEVEN,0.4256,0.0988,0.4756
SPADES TWO CLUBS QUEEN,0.4576,0.0142,0.5282
CLUBS NINE CLUBS SIX,0.2694,0.0998,0.6308
HEARTS KING CLUBS JACK,0.4038,0.007,0.5892
SPADES FIVE DIAMONDS SEVEN,0.378,0.0924,0.5296
SPADES TWO CLUBS ACE,0.446,0.0056,0.5484
HEARTS KING CLUBS TEN,0.3936,0.0054,0.601
CLUBS SIX SPADES TWO,0.3252,0.4714,0.2034
CLUBS SIX SPADES THREE,0.316,0.4818,0.2022
CLUBS TWO DIAMONDS SEVEN,0.4408,0.0944,0.4648
CLUBS THREE DIAMONDS SEVEN,0.439,0.1026,0.4584
CLUBS SIX SPADES FIVE,0.2496,0.4406,0.3098
CLUBS FOUR DIAMONDS SEVEN,0.281,0.1886,0.5304
CLUBS FIVE DIAMONDS SEVEN,0.3904,0.0924,0.5172
CLUBS SIX SPADES SEVEN,0.2656,0.1898,0.5446
CLUBS SIX DIAMONDS SEVEN,0.2878,0.1896,0.5226
CLUBS SIX SPADES EIGHT,0.2708,0.1454,0.5838
SPADES JACK CLUBS TWO,0.436,0.0214,0.5426
CLUBS SIX SPADES NINE,0.2908,0.112,0.5972
SPADES TEN CLUBS TWO,0.441,0.0308,0.5282
CLUBS SEVEN DIAMONDS SEVEN,0.1776,0.104,0.7184
CLUBS TWO CLUBS QUEEN,0.4364,0.013,0.5506
CLUBS TWO CLUBS KING,0.4266,0.0088,0.5646
CLUBS THREE DIAMONDS EIGHT,0.4534,0.0654,0.4812
CLUBS TWO CLUBS ACE,0.4168,0.0068,0.5764
CLUBS TWO DIAMONDS EIGHT,0.4536,0.063,0.4834
DIAMONDS EIGHT HEARTS SEVEN,0.362,0.057,0.581
HEARTS SIX DIAMONDS EIGHT,0.2898,0.1414,0.5688
DIAMONDS EIGHT HEARTS NINE,0.3804,0.0376,0.582
CLUBS TWO CLUBS TEN,0.4398,0.029,0.5312
DIAMONDS EIGHT HEARTS EIGHT,0.1978,0.0912,0.711
CLUBS TWO CLUBS JACK,0.4344,0.0184,0.5472
CLUBS NINE DIAMONDS EIGHT,0.3788,0.0374,0.5838
CLUBS EIGHT DIAMONDS EIGHT,0.2076,0.0854,0.707
CLUBS FIVE DIAMONDS EIGHT,0.3966,0.0612,0.5422
SPADES ACE SPADES THREE,0.3782,0.0078,0.614
CLUBS FOUR DIAMONDS EIGHT,0.2938,0.1278,0.5784
SPADES QUEEN SPADES THREE,0.3892,0.0176,0.5932
CLUBS SEVEN DIAMONDS EIGHT,0.3638,0.0568,0.5794
CLUBS SIX DIAMONDS EIGHT,0.2934,0.1448,0.5618
SPADES KING SPADES THREE,0.3966,0.0104,0.593
DIAMONDS QUEEN DIAMONDS EIGHT,0.3706,0.01,0.6194
HEARTS TWO DIAMONDS EIGHT,0.4446,0.0616,0.4938
DIAMONDS KING DIAMONDS EIGHT,0.3778,0.0076,0.6146
HEARTS THREE DIAMONDS EIGHT,0.4562,0.066,0.4778
DIAMONDS ACE DIAMONDS EIGHT,0.3764,0.0034,0.6202
HEARTS FOUR DIAMONDS EIGHT,0.3078,0.1354,0.5568
HEARTS FIVE DIAMONDS EIGHT,0.399,0.0674,0.5336
DIAMONDS EIGHT DIAMONDS TEN,0.3644,0.0266,0.609
DIAMONDS EIGHT DIAMONDS JACK,0.3698,0.018,0.6122
SPADES JACK SPADES THREE,0.3946,0.0182,0.5872
SPADES TEN SPADES THREE,0.4104,0.0268,0.5628
CLUBS FOUR HEARTS ACE,0.3,0.0186,0.6814
CLUBS FOUR HEARTS QUEEN,0.3222,0.044,0.6338
CLUBS FOUR HEARTS KING,0.3152,0.026,0.6588
CLUBS SIX HEARTS TEN,0.313,0.0756,0.6114
CLUBS SIX HEARTS JACK,0.3104,0.0642,0.6254
SPADES FIVE DIAMONDS EIGHT,0.398,0.0664,0.5356
DIAMONDS EIGHT SPADES TWO,0.4572,0.0608,0.482
SPADES THREE DIAMONDS EIGHT,0.4326,0.0652,0.5022
CLUBS FOUR HEARTS JACK,0.3282,0.053,0.6188
SPADES EIGHT DIAMONDS EIGHT,0.1964,0.0852,0.7184
SPADES TEN DIAMONDS QUEEN,0.3778,0.012,0.6102
SPADES TEN HEARTS TWO,0.4526,0.0336,0.5138
SPADES JACK HEARTS EIGHT,0.3806,0.0186,0.6008
CLUBS FOUR HEARTS TEN,0.323,0.0722,0.6048
SPADES NINE DIAMONDS EIGHT,0.3696,0.0322,0.5982
SPADES TEN HEARTS EIGHT,0.3814,0.0238,0.5948
SPADES JACK HEARTS TWO,0.4426,0.0198,0.5376
SPADES JACK DIAMONDS QUEEN,0.3788,0.0108,0.6104
SPADES SEVEN DIAMONDS EIGHT,0.3622,0.062,0.5758
SPADES ACE HEARTS TWO,0.4206,0.0054,0.574
SPADES ACE DIAMONDS QUEEN,0.389,0.0042,0.6068
SPADES ACE HEARTS EIGHT,0.3814,0.0032,0.6154
SPADES KING HEARTS EIGHT,0.3904,0.0048,0.6048
SPADES QUEEN HEARTS TWO,0.4408,0.0136,0.5456
SPADES QUEEN DIAMONDS QUEEN,0.1994,0.0326,0.768
SPADES KING DIAMONDS QUEEN,0.3904,0.0048,0.6048
SPADES KING HEARTS TWO,0.4632,0.0102,0.5266
SPADES QUEEN HEARTS EIGHT,0.3958,0.0124,0.5918
CLUBS TWO HEARTS TEN,0.4404,0.0304,0.5292
CLUBS TWO HEARTS JACK,0.4544,0.0192,0.5264
SPADES SEVEN DIAMONDS NINE,0.3706,0.0384,0.591
SPADES NINE DIAMONDS NINE,0.2012,0.0766,0.7222
SPADES EIGHT DIAMONDS NINE,0.3692,0.0368,0.594
SPADES TEN CLUBS KING,0.3924,0.0062,0.6014
DIAMONDS NINE SPADES THREE,0.4438,0.043,0.5132
SPADES JACK CLUBS KING,0.385,0.0072,0.6078
DIAMONDS NINE SPADES TWO,0.4356,0.0456,0.5188
SPADES FIVE DIAMONDS NINE,0.4078,0.0416,0.5506
CLUBS NINE DIAMONDS NINE,0.2042,0.07,0.7258
CLUBS EIGHT DIAMONDS NINE,0.3766,0.0358,0.5876
CLUBS SIX DIAMONDS NINE,0.2988,0.1068,0.5944
SPADES JACK CLUBS FOUR,0.2884,0.061,0.6506
SPADES TEN CLUBS FOUR,0.2932,0.0706,0.6362
CLUBS SEVEN DIAMONDS NINE,0.3856,0.0412,0.5732
CLUBS FOUR DIAMONDS NINE,0.3158,0.0992,0.585
CLUBS FIVE DIAMONDS NINE,0.4128,0.0438,0.5434
CLUBS TWO DIAMONDS NINE,0.4394,0.0474,0.5132
CLUBS THREE DIAMONDS NINE,0.4486,0.0402,0.5112
DIAMONDS NINE HEARTS EIGHT,0.3794,0.033,0.5876
DIAMONDS NINE HEARTS NINE,0.2078,0.0782,0.714
HEARTS SIX DIAMONDS NINE,0.301,0.1038,0.5952
DIAMONDS NINE HEARTS SEVEN,0.3858,0.0392,0.575
CLUBS EIGHT CLUBS NINE,0.3522,0.0332,0.6146
DIAMONDS ACE DIAMONDS NINE,0.3778,0.005,0.6172
HEARTS FOUR DIAMONDS NINE,0.3212,0.1026,0.5762
HEARTS FIVE DIAMONDS NINE,0.4112,0.0436,0.5452
CLUBS TWO HEARTS ACE,0.4482,0.0038,0.548
SPADES ACE CLUBS FOUR,0.2874,0.0178,0.6948
DIAMONDS QUEEN DIAMONDS NINE,0.3724,0.0094,0.6182
HEARTS TWO DIAMONDS NINE,0.4512,0.043,0.5058
CLUBS TWO HEARTS KING,0.4642,0.0108,0.525
SPADES KING CLUBS FOUR,0.3058,0.0326,0.6616
DIAMONDS KING DIAMONDS NINE,0.3674,0.0064,0.6262
HEARTS THREE DIAMONDS NINE,0.4546,0.0424,0.503
CLUBS TWO HEARTS QUEEN,0.4578,0.011,0.5312
SPADES QUEEN CLUBS FOUR,0.3108,0.0414,0.6478
DIAMONDS NINE DIAMONDS JACK,0.3582,0.0156,0.6262
CLUBS EIGHT SPADES NINE,0.3646,0.0372,0.5982
DIAMONDS NINE DIAMONDS TEN,0.3664,0.0194,0.6142
CLUBS EIGHT SPADES EIGHT,0.2008,0.094,0.7052
CLUBS EIGHT SPADES SEVEN,0.3566,0.0592,0.5842
CLUBS EIGHT SPADES FIVE,0.3984,0.0594,0.5422
CLUBS EIGHT SPADES THREE,0.4426,0.0684,0.489
CLUBS EIGHT SPADES TWO,0.4498,0.0662,0.484
HEARTS SIX DIAMONDS TEN,0.3046,0.0764,0.619
DIAMONDS TEN HEARTS SEVEN,0.3958,0.0238,0.5804
DIAMONDS TEN HEARTS EIGHT,0.3884,0.0258,0.5858
CLUBS FOUR CLUBS JACK,0.2944,0.056,0.6496
DIAMONDS TEN HEARTS NINE,0.387,0.0218,0.5912
CLUBS FOUR CLUBS TEN,0.304,0.072,0.624
CLUBS FOUR CLUBS KING,0.29,0.0318,0.6782
CLUBS FOUR CLUBS QUEEN,0.3022,0.0362,0.6616
CLUBS TWO DIAMONDS TEN,0.4546,0.026,0.5194
CLUBS THREE DIAMONDS TEN,0.465,0.0276,0.5074
CLUBS FOUR CLUBS ACE,0.2872,0.016,0.6968
DIAMONDS JACK DIAMONDS TEN,0.3596,0.0154,0.625
DIAMONDS QUEEN DIAMONDS TEN,0.368,0.0098,0.6222
HEARTS TWO DIAMONDS TEN,0.4546,0.0284,0.517
DIAMONDS KING DIAMONDS TEN,0.3714,0.007,0.6216
HEARTS THREE DIAMONDS TEN,0.4492,0.027,0.5238
DIAMONDS ACE DIAMONDS TEN,0.3728,0.0052,0.622
HEARTS FOUR DIAMONDS TEN,0.3264,0.0776,0.596
CLUBS EIGHT HEARTS JACK,0.376,0.0178,0.6062
HEARTS FIVE DIAMONDS TEN,0.421,0.03,0.549
CLUBS EIGHT HEARTS TEN,0.4074,0.0204,0.5722
CLUBS EIGHT HEARTS QUEEN,0.4004,0.0084,0.5912
CLUBS EIGHT HEARTS KING,0.4012,0.011,0.5878
CLUBS EIGHT HEARTS ACE,0.4054,0.0032,0.5914
CLUBS NINE SPADES THREE,0.4404,0.0456,0.514
CLUBS NINE SPADES TWO,0.4478,0.045,0.5072
CLUBS NINE SPADES FIVE,0.4052,0.044,0.5508
CLUBS NINE SPADES SEVEN,0.366,0.0412,0.5928
CLUBS NINE SPADES NINE,0.2028,0.073,0.7242
CLUBS TEN HEARTS EIGHT,0.382,0.0268,0.5912
CLUBS NINE SPADES EIGHT,0.377,0.0352,0.5878
CLUBS JACK HEARTS EIGHT,0.4012,0.0172,0.5816
CLUBS QUEEN HEARTS EIGHT,0.3966,0.0114,0.592
CLUBS KING HEARTS EIGHT,0.406,0.007,0.587
CLUBS ACE HEARTS EIGHT,0.3976,0.0048,0.5976
SPADES KING CLUBS KING,0.206,0.018,0.776
SPADES QUEEN CLUBS KING,0.395,0.0064,0.5986
SPADES ACE CLUBS KING,0.388,0.006,0.606
DIAMONDS ACE HEARTS TEN,0.3946,0.0034,0.602
HEARTS FOUR HEARTS TEN,0.31,0.0716,0.6184
DIAMONDS ACE HEARTS JACK,0.3934,0.005,0.6016
HEARTS FOUR HEARTS JACK,0.3054,0.0556,0.639
SPADES KING CLUBS FIVE,0.4006,0.0114,0.588
SPADES QUEEN CLUBS FIVE,0.3972,0.0142,0.5886
SPADES ACE CLUBS FIVE,0.3982,0.0048,0.597
DIAMONDS JACK HEARTS SEVEN,0.3982,0.0148,0.587
HEARTS SIX DIAMONDS JACK,0.3214,0.0648,0.6138
DIAMONDS JACK HEARTS NINE,0.3886,0.0154,0.596
DIAMONDS JACK HEARTS EIGHT,0.3934,0.0174,0.5892
DIAMONDS KING DIAMONDS JACK,0.3706,0.0084,0.621
HEARTS THREE DIAMONDS JACK,0.4488,0.0218,0.5294
DIAMONDS QUEEN DIAMONDS JACK,0.3712,0.0084,0.6204
HEARTS TWO DIAMONDS JACK,0.4402,0.019,0.5408
HEARTS FIVE DIAMONDS JACK,0.4212,0.0158,0.563
DIAMONDS ACE DIAMONDS JACK,0.3852,0.005,0.6098
HEARTS FOUR DIAMONDS JACK,0.311,0.0564,0.6326
SPADES FIVE DIAMONDS JACK,0.4204,0.0196,0.56
SPADES TWO DIAMONDS JACK,0.4506,0.0234,0.526
SPADES THREE DIAMONDS JACK,0.4336,0.0212,0.5452
SPADES ACE DIAMONDS THREE,0.4202,0.006,0.5738
SPADES QUEEN DIAMONDS THREE,0.4376,0.0124,0.55
CLUBS EIGHT DIAMONDS JACK,0.3974,0.0156,0.587
SPADES KING DIAMONDS THREE,0.4404,0.0098,0.5498
CLUBS NINE DIAMONDS JACK,0.3894,0.013,0.5976
CLUBS SIX DIAMONDS JACK,0.3108,0.0636,0.6256
CLUBS SEVEN DIAMONDS JACK,0.3966,0.0174,0.586
CLUBS FOUR DIAMONDS JACK,0.3124,0.0482,0.6394
CLUBS FIVE DIAMONDS JACK,0.4098,0.0188,0.5714
CLUBS TWO DIAMONDS JACK,0.4644,0.0192,0.5164
CLUBS THREE DIAMONDS JACK,0.4418,0.021,0.5372
SPADES TEN CLUBS FIVE,0.4042,0.0334,0.5624
HEARTS SIX SPADES JACK,0.2896,0.0646,0.6458
HEARTS SIX SPADES TEN,0.2848,0.075,0.6402
SPADES JACK CLUBS FIVE,0.4036,0.018,0.5784
SPADES JACK DIAMONDS THREE,0.4504,0.017,0.5326
CLUBS SEVEN CLUBS ACE,0.3746,0.0048,0.6206
DIAMONDS THREE SPADES TEN,0.4412,0.0238,0.535
CLUBS SEVEN CLUBS QUEEN,0.38,0.0106,0.6094
CLUBS SEVEN CLUBS KING,0.3778,0.0096,0.6126
SPADES NINE DIAMONDS JACK,0.3812,0.018,0.6008
CLUBS SEVEN CLUBS TEN,0.3738,0.025,0.6012
DIAMONDS ACE HEARTS ACE,0.2018,0.0024,0.7958
HEARTS FOUR HEARTS ACE,0.2848,0.0186,0.6966
SPADES EIGHT DIAMONDS JACK,0.3948,0.0172,0.588
SPADES ACE HEARTS SIX,0.2966,0.0318,0.6716
CLUBS SEVEN CLUBS JACK,0.3902,0.0178,0.592
DIAMONDS ACE HEARTS KING,0.39,0.004,0.606
HEARTS FOUR HEARTS KING,0.297,0.0312,0.6718
SPADES SEVEN DIAMONDS JACK,0.3854,0.018,0.5966
SPADES KING HEARTS SIX,0.288,0.0394,0.6726
DIAMONDS ACE HEARTS QUEEN,0.3906,0.006,0.6034
HEARTS FOUR HEARTS QUEEN,0.309,0.039,0.652
SPADES QUEEN HEARTS SIX,0.2844,0.048,0.6676
SPADES TWO DIAMONDS TEN,0.4494,0.0256,0.525
SPADES THREE DIAMONDS TEN,0.4422,0.0308,0.527
SPADES FIVE DIAMONDS TEN,0.424,0.0282,0.5478
SPADES SEVEN DIAMONDS TEN,0.3802,0.0284,0.5914
SPADES EIGHT DIAMONDS TEN,0.361,0.031,0.608
SPADES NINE DIAMONDS TEN,0.3714,0.0238,0.6048
CLUBS FOUR DIAMONDS TEN,0.3114,0.0744,0.6142
CLUBS FIVE DIAMONDS TEN,0.4184,0.029,0.5526
CLUBS SIX DIAMONDS TEN,0.3046,0.0748,0.6206
CLUBS SEVEN DIAMONDS TEN,0.395,0.0306,0.5744
CLUBS EIGHT DIAMONDS TEN,0.387,0.0242,0.5888
CLUBS NINE DIAMONDS TEN,0.3856,0.0238,0.5906
DIAMONDS THREE CLUBS JACK,0.4386,0.0206,0.5408
DIAMONDS THREE CLUBS TEN,0.4472,0.03,0.5228
DIAMONDS THREE CLUBS KING,0.4398,0.0082,0.552
DIAMONDS THREE CLUBS QUEEN,0.454,0.012,0.534
DIAMONDS THREE CLUBS ACE,0.4388,0.0048,0.5564
SPADES FIVE SPADES TWO,0.5352,0.1532,0.3116
SPADES THREE SPADES TWO,0.5496,0.1606,0.2898
SPADES NINE SPADES TWO,0.4002,0.045,0.5548
SPADES EIGHT SPADES TWO,0.3982,0.0706,0.5312
SPADES SEVEN SPADES TWO,0.3904,0.1012,0.5084
DIAMONDS QUEEN CLUBS THREE,0.4506,0.0112,0.5382
HEARTS TWO CLUBS THREE,0.5458,0.146,0.3082
DIAMONDS QUEEN CLUBS TWO,0.4474,0.016,0.5366
CLUBS TWO HEARTS TWO,0.3888,0.1422,0.469
DIAMONDS QUEEN HEARTS SEVEN,0.3978,0.0114,0.5908
HEARTS TWO HEARTS SEVEN,0.431,0.096,0.473
HEARTS SIX DIAMONDS QUEEN,0.3222,0.0494,0.6284
HEARTS SIX HEARTS TWO,0.324,0.4316,0.2444
DIAMONDS QUEEN HEARTS NINE,0.402,0.0104,0.5876
HEARTS TWO HEARTS NINE,0.4196,0.0456,0.5348
DIAMONDS QUEEN HEARTS EIGHT,0.3952,0.0102,0.5946
HEARTS TWO HEARTS EIGHT,0.4222,0.0658,0.512
CLUBS NINE HEARTS TWO,0.4466,0.0452,0.5082
CLUBS NINE DIAMONDS QUEEN,0.4026,0.0098,0.5876
CLUBS EIGHT HEARTS TWO,0.4392,0.066,0.4948
CLUBS EIGHT DIAMONDS QUEEN,0.411,0.0094,0.5796
CLUBS FIVE DIAMONDS QUEEN,0.4262,0.0112,0.5626
CLUBS FIVE HEARTS TWO,0.5336,0.1468,0.3196
SPADES EIGHT HEARTS ACE,0.387,0.006,0.607
CLUBS FOUR DIAMONDS QUEEN,0.3172,0.037,0.6458
CLUBS FOUR HEARTS TWO,0.5102,0.2552,0.2346
SPADES EIGHT HEARTS QUEEN,0.3824,0.0096,0.608
CLUBS SEVEN HEARTS TWO,0.4532,0.0938,0.453
CLUBS SEVEN DIAMONDS QUEEN,0.4132,0.0124,0.5744
CLUBS SIX DIAMONDS QUEEN,0.324,0.0542,0.6218
CLUBS SIX HEARTS TWO,0.3382,0.4626,0.1992
SPADES EIGHT HEARTS KING,0.3828,0.009,0.6082
HEARTS FOUR CLUBS QUEEN,0.317,0.0406,0.6424
DIAMONDS ACE CLUBS QUEEN,0.3984,0.0022,0.5994
DIAMONDS QUEEN SPADES SEVEN,0.407,0.0124,0.5806
HEARTS TWO SPADES SEVEN,0.4422,0.103,0.4548
HEARTS FOUR CLUBS KING,0.3164,0.032,0.6516
DIAMONDS ACE CLUBS KING,0.4032,0.0044,0.5924
DIAMONDS QUEEN SPADES EIGHT,0.3818,0.0134,0.6048
SPADES EIGHT HEARTS TWO,0.442,0.0642,0.4938
HEARTS FOUR CLUBS ACE,0.2948,0.02,0.6852
DIAMONDS ACE CLUBS ACE,0.2018,0.0032,0.795
SPADES NINE DIAMONDS QUEEN,0.3826,0.0128,0.6046
SPADES NINE HEARTS TWO,0.433,0.0412,0.5258
HEARTS TWO SPADES TWO,0.3822,0.1374,0.4804
DIAMONDS QUEEN SPADES TWO,0.4512,0.0148,0.534
HEARTS TWO SPADES THREE,0.5376,0.1504,0.312
DIAMONDS QUEEN SPADES THREE,0.4432,0.0146,0.5422
HEARTS FOUR CLUBS TEN,0.3178,0.0702,0.612
DIAMONDS ACE CLUBS TEN,0.3916,0.0048,0.6036
HEARTS TWO SPADES FIVE,0.5274,0.152,0.3206
DIAMONDS QUEEN SPADES FIVE,0.4238,0.0132,0.563
HEARTS FOUR CLUBS JACK,0.3188,0.055,0.6262
DIAMONDS ACE CLUBS JACK,0.4032,0.004,0.5928
CLUBS FIVE CLUBS KING,0.3976,0.011,0.5914
CLUBS FIVE CLUBS QUEEN,0.3978,0.0136,0.5886
CLUBS FIVE CLUBS ACE,0.382,0.0054,0.6126
CLUBS FIVE CLUBS JACK,0.3896,0.019,0.5914
CLUBS FIVE CLUBS TEN,0.4024,0.0278,0.5698
SPADES KING CLUBS JACK,0.3788,0.0084,0.6128
SPADES QUEEN CLUBS JACK,0.378,0.0102,0.6118
SPADES ACE CLUBS JACK,0.3728,0.005,0.6222
SPADES EIGHT HEARTS JACK,0.3814,0.016,0.6026
SPADES EIGHT HEARTS TEN,0.3752,0.024,0.6008
SPADES TEN CLUBS JACK,0.3726,0.0148,0.6126
SPADES JACK CLUBS JACK,0.1974,0.0436,0.759
SPADES QUEEN CLUBS SEVEN,0.395,0.0136,0.5914
SPADES KING CLUBS SEVEN,0.3804,0.0104,0.6092
SPADES ACE CLUBS SEVEN,0.3844,0.008,0.6076
SPADES JACK CLUBS SEVEN,0.385,0.0168,0.5982
CLUBS SEVEN SPADES TEN,0.385,0.0234,0.5916
HEARTS SIX CLUBS TEN,0.3222,0.0752,0.6026
HEARTS SIX CLUBS JACK,0.3128,0.0544,0.6328
CLUBS ACE CLUBS JACK,0.3668,0.0058,0.6274
HEARTS SIX CLUBS QUEEN,0.3078,0.0492,0.643
HEARTS SIX CLUBS KING,0.3002,0.0356,0.6642
HEARTS SIX CLUBS ACE,0.3144,0.024,0.6616
CLUBS QUEEN CLUBS JACK,0.3774,0.0084,0.6142
CLUBS KING CLUBS JACK,0.3706,0.0052,0.6242
DIAMONDS THREE HEARTS ACE,0.4358,0.0044,0.5598
DIAMONDS THREE HEARTS QUEEN,0.451,0.0116,0.5374
DIAMONDS THREE HEARTS KING,0.4542,0.0068,0.539
CLUBS FIVE HEARTS JACK,0.4226,0.0184,0.559
SPADES TEN DIAMONDS ACE,0.3756,0.004,0.6204
HEARTS FOUR SPADES TEN,0.3052,0.0758,0.619
CLUBS FIVE HEARTS TEN,0.425,0.028,0.547
HEARTS FOUR SPADES JACK,0.304,0.0492,0.6468
SPADES JACK DIAMONDS ACE,0.3796,0.006,0.6144
SPADES ACE HEARTS FOUR,0.2818,0.02,0.6982
SPADES ACE DIAMONDS ACE,0.1898,0.002,0.8082
CLUBS FIVE HEARTS ACE,0.4132,0.0054,0.5814
CLUBS FIVE HEARTS KING,0.4256,0.009,0.5654
HEARTS FOUR SPADES QUEEN,0.3106,0.042,0.6474
SPADES QUEEN DIAMONDS ACE,0.3822,0.0034,0.6144
CLUBS FIVE HEARTS QUEEN,0.4246,0.0144,0.561
SPADES KING DIAMONDS ACE,0.3874,0.0068,0.6058
HEARTS FOUR SPADES KING,0.3062,0.0302,0.6636
DIAMONDS QUEEN DIAMONDS ACE,0.3642,0.004,0.6318
HEARTS TWO DIAMONDS ACE,0.4516,0.0046,0.5438
HEARTS FOUR DIAMONDS QUEEN,0.3312,0.0386,0.6302
HEARTS FOUR HEARTS TWO,0.4794,0.2512,0.2694
DIAMONDS THREE HEARTS TEN,0.4492,0.028,0.5228
HEARTS FIVE DIAMONDS QUEEN,0.4338,0.0114,0.5548
HEARTS FIVE HEARTS TWO,0.4958,0.1432,0.361
DIAMONDS THREE HEARTS JACK,0.458,0.0192,0.5228
DIAMONDS QUEEN HEARTS TWO,0.4702,0.0102,0.5196
DIAMONDS KING DIAMONDS QUEEN,0.3774,0.0056,0.617
DIAMONDS KING HEARTS TWO,0.4502,0.0084,0.5414
HEARTS THREE DIAMONDS QUEEN,0.4608,0.0136,0.5256
HEARTS THREE HEARTS TWO,0.5056,0.1498,0.3446
HEARTS TWO CLUBS ACE,0.4528,0.0054,0.5418
DIAMONDS QUEEN CLUBS ACE,0.4132,0.0052,0.5816
HEARTS TWO CLUBS QUEEN,0.4568,0.0148,0.5284
DIAMONDS QUEEN CLUBS QUEEN,0.2106,0.0342,0.7552
HEARTS TWO CLUBS KING,0.4598,0.0086,0.5316
DIAMONDS QUEEN CLUBS KING,0.4048,0.0048,0.5904
SPADES EIGHT SPADES FIVE,0.3476,0.0718,0.5806
HEARTS TWO CLUBS TEN,0.4594,0.0244,0.5162
DIAMONDS QUEEN CLUBS TEN,0.3844,0.0114,0.6042
SPADES NINE SPADES FIVE,0.3532,0.041,0.6058
HEARTS TWO CLUBS JACK,0.454,0.018,0.528
DIAMONDS QUEEN CLUBS JACK,0.3952,0.0086,0.5962
SPADES SEVEN SPADES FIVE,0.3406,0.0994,0.56
DIAMONDS FIVE CLUBS QUEEN,0.429,0.0114,0.5596
SPADES EIGHT CLUBS ACE,0.3802,0.004,0.6158
CLUBS KING DIAMONDS FIVE,0.4244,0.0064,0.5692
SPADES EIGHT CLUBS KING,0.3854,0.008,0.6066
CLUBS ACE DIAMONDS FIVE,0.4044,0.0042,0.5914
SPADES EIGHT CLUBS QUEEN,0.3806,0.0132,0.6062
SPADES EIGHT CLUBS JACK,0.3782,0.019,0.6028
SPADES EIGHT CLUBS TEN,0.3758,0.0246,0.5996
DIAMONDS FIVE CLUBS TEN,0.43,0.0288,0.5412
DIAMONDS FIVE CLUBS JACK,0.4372,0.0166,0.5462
HEARTS JACK DIAMONDS TEN,0.3888,0.0134,0.5978
DIAMONDS TEN HEARTS TEN,0.2228,0.0562,0.721
SPADES ACE CLUBS NINE,0.3896,0.0044,0.606
CLUBS NINE SPADES QUEEN,0.3836,0.0116,0.6048
SPADES KING CLUBS NINE,0.3944,0.0064,0.5992
HEARTS SIX HEARTS KING,0.2996,0.035,0.6654
DIAMONDS KING SPADES SEVEN,0.3948,0.0076,0.5976
HEARTS THREE SPADES SEVEN,0.4282,0.0958,0.476
SPADES KING DIAMONDS SEVEN,0.3796,0.0086,0.6118
HEARTS SIX HEARTS QUEEN,0.2996,0.0492,0.6512
SPADES QUEEN DIAMONDS SEVEN,0.383,0.0104,0.6066
DIAMONDS KING SPADES NINE,0.3868,0.0074,0.6058
HEARTS THREE SPADES NINE,0.4404,0.0474,0.5122
HEARTS SIX HEARTS ACE,0.2842,0.026,0.6898
DIAMONDS KING SPADES EIGHT,0.3944,0.0072,0.5984
HEARTS THREE SPADES EIGHT,0.4456,0.0666,0.4878
