opposingHand,winningChance,drawChance,lostChance
SPADES TEN DIAMONDS TEN
HEARTS FIVE SPADES JACK,0.7026,0.0244,0.273
SPADES FIVE CLUBS JACK,0.6992,0.0208,0.28
CLUBS TEN SPADES FIVE,0.8678,0.054,0.0782
CLUBS EIGHT CLUBS JACK,0.6556,0.019,0.3254
CLUBS TEN CLUBS EIGHT,0.774,0.0486,0.1774
CLUBS EIGHT CLUBS KING,0.6494,0.0056,0.345
SPADES FIVE CLUBS ACE,0.6704,0.003,0.3266
CLUBS EIGHT CLUBS QUEEN,0.6578,0.0114,0.3308
SPADES FIVE CLUBS KING,0.694,0.0088,0.2972
SPADES FIVE CLUBS QUEEN,0.6978,0.0142,0.288
CLUBS EIGHT CLUBS ACE,0.64,0.0042,0.3558
DIAMONDS TWO DIAMONDS THREE,0.7508,0.0694,0.1798
DIAMONDS TWO DIAMONDS FIVE,0.7484,0.0684,0.1832
HEARTS FIVE SPADES KING,0.6868,0.0064,0.3068
DIAMONDS TWO DIAMONDS FOUR,0.7532,0.0676,0.1792
HEARTS FIVE SPADES QUEEN,0.6984,0.0146,0.287
DIAMONDS TWO DIAMONDS SEVEN,0.7846,0.0558,0.1596
DIAMONDS TWO DIAMONDS SIX,0.771,0.0556,0.1734
SPADES ACE HEARTS FIVE,0.6576,0.0024,0.34
DIAMONDS TWO DIAMONDS NINE,0.781,0.0412,0.1778
DIAMONDS TWO DIAMONDS EIGHT,0.7892,0.047,0.1638
DIAMONDS THREE DIAMONDS FOUR,0.7448,0.0618,0.1934
SPADES FOUR CLUBS TWO,0.7902,0.0704,0.1394
DIAMONDS THREE DIAMONDS FIVE,0.7344,0.0624,0.2032
SPADES FIVE CLUBS TWO,0.7852,0.0684,0.1464
CLUBS TWO SPADES TWO,0.703,0.1154,0.1816
CLUBS TWO SPADES THREE,0.7978,0.0658,0.1364
DIAMONDS THREE DIAMONDS EIGHT,0.7854,0.054,0.1606
SPADES EIGHT CLUBS TWO,0.8182,0.0544,0.1274
DIAMONDS THREE DIAMONDS NINE,0.7928,0.0362,0.171
SPADES NINE CLUBS TWO,0.8376,0.0366,0.1258
DIAMONDS THREE DIAMONDS SIX,0.7604,0.0574,0.1822
SPADES SIX CLUBS TWO,0.7982,0.0672,0.1346
DIAMONDS THREE DIAMONDS SEVEN,0.7762,0.0604,0.1634
SPADES SEVEN CLUBS TWO,0.8264,0.0542,0.1194
CLUBS SIX CLUBS TWO,0.757,0.0578,0.1852
CLUBS SEVEN CLUBS TWO,0.7676,0.0506,0.1818
CLUBS FOUR CLUBS TWO,0.7374,0.0644,0.1982
CLUBS FIVE CLUBS TWO,0.741,0.0636,0.1954
CLUBS TEN CLUBS JACK,0.598,0.0312,0.3708
DIAMONDS FOUR DIAMONDS SIX,0.749,0.0586,0.1924
CLUBS TEN CLUBS QUEEN,0.622,0.0236,0.3544
DIAMONDS FOUR DIAMONDS SEVEN,0.7574,0.0536,0.189
CLUBS TEN CLUBS KING,0.618,0.0218,0.3602
CLUBS TEN CLUBS ACE,0.6202,0.0192,0.3606
CLUBS EIGHT CLUBS TWO,0.7794,0.0468,0.1738
DIAMONDS FIVE DIAMONDS FOUR,0.7234,0.064,0.2126
CLUBS NINE CLUBS TWO,0.774,0.0372,0.1888
DIAMONDS NINE DIAMONDS FOUR,0.785,0.0424,0.1726
DIAMONDS EIGHT DIAMONDS FOUR,0.7666,0.05,0.1834
CLUBS THREE CLUBS TWO,0.7548,0.0602,0.185
DIAMONDS NINE DIAMONDS FIVE,0.7628,0.0362,0.201
DIAMONDS TWO CLUBS JACK,0.709,0.023,0.268
DIAMONDS EIGHT DIAMONDS FIVE,0.7598,0.048,0.1922
CLUBS TEN DIAMONDS TWO,0.867,0.0598,0.0732
DIAMONDS FIVE DIAMONDS SEVEN,0.7372,0.052,0.2108
DIAMONDS FIVE DIAMONDS SIX,0.7266,0.0616,0.2118
DIAMONDS TWO CLUBS ACE,0.6922,0.0046,0.3032
DIAMONDS TWO CLUBS KING,0.701,0.0066,0.2924
DIAMONDS TWO CLUBS QUEEN,0.7102,0.0134,0.2764
DIAMONDS EIGHT DIAMONDS SIX,0.7534,0.0456,0.201
DIAMONDS NINE DIAMONDS SIX,0.7624,0.0418,0.1958
HEARTS ACE SPADES THREE,0.6732,0.0038,0.323
SPADES THREE HEARTS KING,0.6996,0.0062,0.2942
DIAMONDS SEVEN DIAMONDS SIX,0.737,0.0536,0.2094
SPADES THREE HEARTS QUEEN,0.7062,0.0172,0.2766
SPADES THREE HEARTS JACK,0.7046,0.0206,0.2748
SPADES THREE HEARTS TEN,0.8592,0.0544,0.0864
DIAMONDS EIGHT DIAMONDS SEVEN,0.7458,0.0454,0.2088
DIAMONDS NINE DIAMONDS SEVEN,0.773,0.0374,0.1896
DIAMONDS NINE DIAMONDS EIGHT,0.7758,0.032,0.1922
DIAMONDS KING HEARTS TEN,0.6474,0.0238,0.3288
HEARTS THREE HEARTS TEN,0.8116,0.0564,0.132
SPADES JACK CLUBS SIX,0.692,0.0248,0.2832
DIAMONDS KING HEARTS JACK,0.5622,0.0056,0.4322
HEARTS THREE HEARTS JACK,0.6654,0.0172,0.3174
SPADES JACK SPADES FIVE,0.6674,0.0192,0.3134
DIAMONDS KING HEARTS ACE,0.5654,0.0038,0.4308
HEARTS THREE HEARTS ACE,0.6342,0.004,0.3618
SPADES ACE CLUBS SIX,0.6794,0.0034,0.3172
DIAMONDS KING HEARTS QUEEN,0.5548,0.006,0.4392
HEARTS THREE HEARTS QUEEN,0.6572,0.015,0.3278
SPADES KING CLUBS SIX,0.6958,0.0064,0.2978
DIAMONDS KING HEARTS KING,0.1864,0.0344,0.7792
HEARTS THREE HEARTS KING,0.6544,0.0074,0.3382
SPADES QUEEN CLUBS SIX,0.696,0.018,0.286
SPADES NINE HEARTS TEN,0.8034,0.0542,0.1424
SPADES NINE HEARTS JACK,0.689,0.0214,0.2896
SPADES QUEEN SPADES FIVE,0.6654,0.0136,0.321
SPADES KING SPADES FIVE,0.654,0.0078,0.3382
SPADES ACE SPADES FIVE,0.6442,0.0042,0.3516
SPADES NINE HEARTS QUEEN,0.693,0.0118,0.2952
SPADES NINE HEARTS KING,0.696,0.008,0.296
SPADES NINE HEARTS ACE,0.686,0.003,0.311
CLUBS TEN SPADES JACK,0.6438,0.0298,0.3264
SPADES ACE CLUBS TEN,0.6602,0.025,0.3148
SPADES KING CLUBS TEN,0.6536,0.0216,0.3248
CLUBS TEN SPADES QUEEN,0.6588,0.0204,0.3208
SPADES FIVE HEARTS QUEEN,0.6924,0.0158,0.2918
SPADES FIVE HEARTS KING,0.7016,0.0056,0.2928
SPADES FIVE HEARTS ACE,0.6748,0.0052,0.32
SPADES JACK HEARTS THREE,0.7052,0.0204,0.2744
SPADES JACK DIAMONDS KING,0.5558,0.004,0.4402
SPADES JACK CLUBS EIGHT,0.6862,0.0228,0.291
CLUBS SIX HEARTS ACE,0.6758,0.0028,0.3214
SPADES ACE CLUBS EIGHT,0.6768,0.0024,0.3208
HEARTS FIVE CLUBS JACK,0.6956,0.023,0.2814
HEARTS FIVE CLUBS TEN,0.8592,0.058,0.0828
CLUBS SIX HEARTS QUEEN,0.71,0.0112,0.2788
SPADES QUEEN CLUBS EIGHT,0.6862,0.012,0.3018
CLUBS TEN SPADES THREE,0.8716,0.0496,0.0788
CLUBS SIX HEARTS KING,0.6804,0.0064,0.3132
SPADES KING CLUBS EIGHT,0.6886,0.007,0.3044
SPADES THREE CLUBS JACK,0.7172,0.0236,0.2592
DIAMONDS TWO HEARTS JACK,0.719,0.0194,0.2616
SPADES THREE CLUBS QUEEN,0.7122,0.0124,0.2754
DIAMONDS TWO HEARTS TEN,0.869,0.0576,0.0734
SPADES THREE CLUBS KING,0.6986,0.0054,0.296
HEARTS FIVE CLUBS ACE,0.674,0.0024,0.3236
SPADES FIVE HEARTS TEN,0.856,0.0562,0.0878
SPADES THREE CLUBS ACE,0.6714,0.004,0.3246
HEARTS FIVE CLUBS KING,0.6916,0.0058,0.3026
SPADES FIVE HEARTS JACK,0.6862,0.0254,0.2884
HEARTS FIVE CLUBS QUEEN,0.7014,0.0136,0.285
HEARTS THREE CLUBS KING,0.6966,0.0078,0.2956
DIAMONDS KING CLUBS KING,0.1734,0.0394,0.7872
HEARTS THREE CLUBS QUEEN,0.6982,0.0156,0.2862
DIAMONDS KING CLUBS QUEEN,0.5582,0.0052,0.4366
HEARTS FIVE HEARTS JACK,0.651,0.0188,0.3302
HEARTS FIVE HEARTS TEN,0.8064,0.055,0.1386
HEARTS THREE CLUBS ACE,0.6694,0.0034,0.3272
DIAMONDS KING CLUBS ACE,0.5536,0.0048,0.4416
SPADES ACE CLUBS QUEEN,0.5574,0.0048,0.4378
SPADES KING CLUBS QUEEN,0.5606,0.0056,0.4338
HEARTS THREE CLUBS JACK,0.6958,0.022,0.2822
DIAMONDS KING CLUBS JACK,0.5686,0.0044,0.427
SPADES QUEEN CLUBS QUEEN,0.1836,0.0734,0.743
CLUBS TEN HEARTS THREE,0.8674,0.0518,0.0808
CLUBS TEN DIAMONDS KING,0.6642,0.023,0.3128
SPADES JACK CLUBS QUEEN,0.5616,0.0096,0.4288
CLUBS SIX CLUBS QUEEN,0.6552,0.0174,0.3274
CLUBS SIX CLUBS KING,0.6506,0.006,0.3434
CLUBS SIX CLUBS ACE,0.6584,0.0038,0.3378
HEARTS FIVE HEARTS KING,0.6526,0.0088,0.3386
HEARTS FIVE HEARTS QUEEN,0.6582,0.016,0.3258
CLUBS TEN CLUBS SIX,0.8022,0.0554,0.1424
HEARTS FIVE HEARTS ACE,0.635,0.0032,0.3618
CLUBS SIX CLUBS JACK,0.67,0.0208,0.3092
SPADES SEVEN HEARTS JACK,0.7078,0.0224,0.2698
SPADES SEVEN HEARTS TEN,0.8316,0.0562,0.1122
DIAMONDS TWO CLUBS TWO,0.6946,0.1292,0.1762
DIAMONDS TWO CLUBS THREE,0.7892,0.0708,0.14
DIAMONDS TWO HEARTS SIX,0.815,0.0616,0.1234
DIAMONDS TWO HEARTS QUEEN,0.7104,0.0136,0.276
HEARTS SEVEN DIAMONDS TWO,0.8232,0.0568,0.12
DIAMONDS TWO HEARTS KING,0.7032,0.008,0.2888
DIAMONDS TWO HEARTS EIGHT,0.823,0.0498,0.1272
DIAMONDS TWO HEARTS ACE,0.686,0.0036,0.3104
DIAMONDS TWO HEARTS NINE,0.8208,0.0342,0.145
DIAMONDS TWO DIAMONDS QUEEN,0.6802,0.014,0.3058
DIAMONDS TWO HEARTS TWO,0.6872,0.1266,0.1862
DIAMONDS TWO DIAMONDS KING,0.6846,0.0088,0.3066
DIAMONDS TWO HEARTS THREE,0.7882,0.0702,0.1416
DIAMONDS TWO DIAMONDS ACE,0.6396,0.005,0.3554
HEARTS FOUR DIAMONDS TWO,0.784,0.0696,0.1464
HEARTS FIVE DIAMONDS TWO,0.7806,0.0694,0.15
SPADES SEVEN HEARTS ACE,0.679,0.0038,0.3172
SPADES SEVEN HEARTS KING,0.7064,0.0058,0.2878
DIAMONDS TWO DIAMONDS JACK,0.6652,0.0184,0.3164
SPADES SEVEN HEARTS QUEEN,0.7008,0.0124,0.2868
DIAMONDS TWO SPADES NINE,0.839,0.043,0.118
DIAMONDS TWO SPADES EIGHT,0.8288,0.0508,0.1204
DIAMONDS TWO SPADES SEVEN,0.8246,0.0576,0.1178
DIAMONDS TWO SPADES SIX,0.8114,0.0648,0.1238
DIAMONDS TWO SPADES FIVE,0.7882,0.0682,0.1436
DIAMONDS TWO SPADES FOUR,0.791,0.067,0.142
DIAMONDS TWO SPADES THREE,0.8032,0.067,0.1298
DIAMONDS TWO SPADES TWO,0.7058,0.1218,0.1724
CLUBS NINE DIAMONDS TWO,0.8254,0.0404,0.1342
DIAMONDS TWO CLUBS EIGHT,0.8142,0.0502,0.1356
CLUBS SEVEN DIAMONDS TWO,0.8198,0.0546,0.1256
DIAMONDS TWO CLUBS SIX,0.7972,0.0656,0.1372
DIAMONDS TWO CLUBS FIVE,0.794,0.0614,0.1446
DIAMONDS TWO CLUBS FOUR,0.779,0.0732,0.1478
CLUBS FOUR SPADES FIVE,0.7498,0.0656,0.1846
CLUBS FOUR SPADES FOUR,0.6794,0.1248,0.1958
CLUBS FOUR SPADES THREE,0.7594,0.0704,0.1702
CLUBS FOUR SPADES TWO,0.7886,0.0648,0.1466
SPADES NINE CLUBS FOUR,0.8258,0.039,0.1352
SPADES EIGHT CLUBS FOUR,0.8012,0.0498,0.149
SPADES SEVEN CLUBS FOUR,0.7928,0.0576,0.1496
SPADES SIX CLUBS FOUR,0.782,0.066,0.152
SPADES ACE DIAMONDS SIX,0.6848,0.0044,0.3108
SPADES QUEEN DIAMONDS SIX,0.696,0.0142,0.2898
SPADES KING DIAMONDS SIX,0.6958,0.0094,0.2948
SPADES JACK DIAMONDS SIX,0.7174,0.0206,0.262
SPADES QUEEN SPADES TWO,0.6734,0.017,0.3096
SPADES KING SPADES TWO,0.6704,0.008,0.3216
SPADES ACE SPADES TWO,0.6512,0.002,0.3468
DIAMONDS JACK CLUBS JACK,0.1766,0.0994,0.724
CLUBS TEN DIAMONDS JACK,0.6344,0.0294,0.3362
DIAMONDS JACK CLUBS KING,0.5528,0.0054,0.4418
DIAMONDS JACK CLUBS QUEEN,0.5528,0.0088,0.4384
DIAMONDS THREE DIAMONDS JACK,0.6724,0.0206,0.307
DIAMONDS JACK CLUBS ACE,0.56,0.0036,0.4364
DIAMONDS THREE DIAMONDS KING,0.6518,0.0076,0.3406
DIAMONDS THREE HEARTS THREE,0.7006,0.123,0.1764
DIAMONDS THREE DIAMONDS QUEEN,0.6704,0.0154,0.3142
DIAMONDS THREE HEARTS TWO,0.8026,0.0642,0.1332
HEARTS FIVE DIAMONDS THREE,0.7654,0.064,0.1706
DIAMONDS THREE DIAMONDS ACE,0.6322,0.0052,0.3626
HEARTS FOUR DIAMONDS THREE,0.7672,0.0716,0.1612
HEARTS SEVEN DIAMONDS THREE,0.8088,0.0538,0.1374
HEARTS SIX DIAMONDS THREE,0.7914,0.0628,0.1458
SPADES JACK SPADES NINE,0.6498,0.0206,0.3296
DIAMONDS THREE HEARTS NINE,0.8166,0.0416,0.1418
HEARTS JACK DIAMONDS FOUR,0.7082,0.023,0.2688
HEARTS ACE HEARTS KING,0.5222,0.0022,0.4756
DIAMONDS THREE HEARTS EIGHT,0.8206,0.052,0.1274
HEARTS TEN DIAMONDS FOUR,0.8626,0.0544,0.083
SPADES JACK SPADES TWO,0.6722,0.0214,0.3064
HEARTS QUEEN DIAMONDS FOUR,0.7016,0.0154,0.283
HEARTS KING DIAMONDS FOUR,0.6826,0.0096,0.3078
SPADES ACE SPADES NINE,0.6612,0.005,0.3338
HEARTS ACE DIAMONDS FOUR,0.6666,0.0046,0.3288
SPADES KING SPADES NINE,0.6692,0.0066,0.3242
SPADES QUEEN SPADES NINE,0.6608,0.0124,0.3268
DIAMONDS THREE SPADES NINE,0.8218,0.045,0.1332
DIAMONDS THREE SPADES EIGHT,0.8218,0.0534,0.1248
DIAMONDS THREE SPADES SEVEN,0.8144,0.0606,0.125
DIAMONDS THREE SPADES SIX,0.8008,0.0596,0.1396
DIAMONDS THREE CLUBS SIX,0.7842,0.0622,0.1536
CLUBS FIVE CLUBS SIX,0.716,0.0564,0.2276
CLUBS ACE DIAMONDS FOUR,0.6764,0.0038,0.3198
CLUBS SEVEN DIAMONDS THREE,0.803,0.0572,0.1398
CLUBS SEVEN CLUBS FIVE,0.7326,0.0528,0.2146
DIAMONDS THREE CLUBS FOUR,0.767,0.0682,0.1648
DIAMONDS FOUR CLUBS QUEEN,0.7008,0.0126,0.2866
DIAMONDS THREE CLUBS FIVE,0.7718,0.059,0.1692
CLUBS KING DIAMONDS FOUR,0.6958,0.0072,0.297
DIAMONDS THREE CLUBS TWO,0.7982,0.0602,0.1416
CLUBS TEN DIAMONDS FOUR,0.8572,0.0592,0.0836
DIAMONDS THREE CLUBS THREE,0.695,0.1224,0.1826
DIAMONDS FOUR CLUBS JACK,0.7076,0.025,0.2674
DIAMONDS THREE SPADES FOUR,0.7798,0.072,0.1482
DIAMONDS THREE SPADES FIVE,0.7852,0.0654,0.1494
DIAMONDS THREE SPADES TWO,0.7928,0.0682,0.139
DIAMONDS THREE SPADES THREE,0.7102,0.125,0.1648
CLUBS EIGHT DIAMONDS THREE,0.8258,0.045,0.1292
CLUBS NINE DIAMONDS THREE,0.8168,0.0434,0.1398
SPADES SEVEN CLUBS ACE,0.6808,0.003,0.3162
SPADES SEVEN CLUBS QUEEN,0.7026,0.011,0.2864
SPADES SEVEN CLUBS KING,0.7032,0.0078,0.289
CLUBS FIVE SPADES SEVEN,0.7622,0.0602,0.1776
CLUBS TEN SPADES SEVEN,0.826,0.0568,0.1172
CLUBS FIVE SPADES SIX,0.7672,0.0606,0.1722
SPADES SEVEN CLUBS JACK,0.7064,0.0224,0.2712
SPADES NINE CLUBS FIVE,0.8014,0.0406,0.158
CLUBS FIVE SPADES EIGHT,0.7922,0.045,0.1628
CLUBS FIVE SPADES THREE,0.7706,0.0648,0.1646
CLUBS FIVE SPADES TWO,0.7838,0.0686,0.1476
CLUBS FIVE SPADES FIVE,0.6916,0.1252,0.1832
CLUBS FIVE SPADES FOUR,0.753,0.067,0.18
CLUBS NINE CLUBS FIVE,0.7588,0.0416,0.1996
CLUBS EIGHT CLUBS FIVE,0.7444,0.047,0.2086
CLUBS ACE CLUBS QUEEN,0.5164,0.0018,0.4818
CLUBS KING CLUBS QUEEN,0.5282,0.0044,0.4674
CLUBS TEN DIAMONDS NINE,0.8092,0.0502,0.1406
DIAMONDS JACK DIAMONDS FOUR,0.6644,0.0208,0.3148
DIAMONDS NINE CLUBS JACK,0.6946,0.0214,0.284
SPADES NINE CLUBS JACK,0.692,0.0206,0.2874
CLUBS TEN SPADES NINE,0.8042,0.0502,0.1456
DIAMONDS ACE DIAMONDS FOUR,0.6364,0.005,0.3586
HEARTS FOUR DIAMONDS FOUR,0.674,0.1292,0.1968
DIAMONDS JACK HEARTS TEN,0.6382,0.0304,0.3314
SPADES NINE CLUBS KING,0.7078,0.008,0.2842
DIAMONDS NINE CLUBS ACE,0.6946,0.0022,0.3032
HEARTS FIVE DIAMONDS FOUR,0.749,0.0664,0.1846
DIAMONDS JACK HEARTS JACK,0.1746,0.1048,0.7206
SPADES NINE CLUBS QUEEN,0.6908,0.0114,0.2978
DIAMONDS TWO SPADES JACK,0.7036,0.0242,0.2722
DIAMONDS QUEEN DIAMONDS FOUR,0.6638,0.0158,0.3204
HEARTS TWO DIAMONDS FOUR,0.7788,0.0716,0.1496
DIAMONDS NINE CLUBS QUEEN,0.7034,0.013,0.2836
DIAMONDS KING DIAMONDS FOUR,0.6506,0.0082,0.3412
HEARTS THREE DIAMONDS FOUR,0.7618,0.0748,0.1634
SPADES NINE CLUBS ACE,0.6864,0.0042,0.3094
DIAMONDS NINE CLUBS KING,0.7002,0.0082,0.2916
HEARTS ACE DIAMONDS JACK,0.5584,0.0024,0.4392
SPADES ACE DIAMONDS TWO,0.6614,0.0062,0.3324
HEARTS QUEEN DIAMONDS JACK,0.5498,0.0096,0.4406
SPADES QUEEN DIAMONDS TWO,0.702,0.0154,0.2826
HEARTS KING DIAMONDS JACK,0.5584,0.008,0.4336
SPADES KING DIAMONDS TWO,0.7078,0.0082,0.284
SPADES JACK SPADES SEVEN,0.6634,0.0224,0.3142
CLUBS SEVEN CLUBS THREE,0.7606,0.057,0.1824
CLUBS SIX CLUBS THREE,0.7476,0.0576,0.1948
CLUBS FIVE CLUBS THREE,0.713,0.0674,0.2196
CLUBS THREE CLUBS FOUR,0.727,0.0694,0.2036
CLUBS NINE CLUBS THREE,0.7798,0.0324,0.1878
CLUBS EIGHT CLUBS THREE,0.7792,0.0478,0.173
CLUBS THREE SPADES FIVE,0.754,0.0754,0.1706
CLUBS THREE SPADES FOUR,0.7686,0.0708,0.1606
CLUBS THREE SPADES THREE,0.6974,0.1188,0.1838
CLUBS THREE SPADES TWO,0.7966,0.0648,0.1386
CLUBS THREE SPADES SIX,0.7852,0.0574,0.1574
SPADES SEVEN CLUBS THREE,0.8078,0.0498,0.1424
SPADES EIGHT CLUBS THREE,0.822,0.0478,0.1302
SPADES NINE CLUBS THREE,0.8114,0.0416,0.147
SPADES TWO DIAMONDS FOUR,0.7914,0.0706,0.138
SPADES THREE DIAMONDS FOUR,0.7762,0.071,0.1528
SPADES FOUR DIAMONDS FOUR,0.6938,0.1252,0.181
SPADES FIVE DIAMONDS FOUR,0.7538,0.07,0.1762
SPADES SIX DIAMONDS FOUR,0.7804,0.0596,0.16
SPADES SEVEN DIAMONDS FOUR,0.7894,0.0564,0.1542
SPADES EIGHT DIAMONDS FOUR,0.813,0.0516,0.1354
SPADES NINE DIAMONDS FOUR,0.828,0.04,0.132
CLUBS FIVE DIAMONDS FOUR,0.7512,0.06,0.1888
CLUBS FOUR DIAMONDS FOUR,0.6938,0.1222,0.184
CLUBS SEVEN DIAMONDS FOUR,0.7942,0.056,0.1498
CLUBS SIX DIAMONDS FOUR,0.772,0.0618,0.1662
CLUBS NINE DIAMONDS FOUR,0.819,0.039,0.142
CLUBS EIGHT DIAMONDS FOUR,0.8094,0.0478,0.1428
HEARTS SEVEN DIAMONDS FOUR,0.779,0.0594,0.1616
HEARTS SIX DIAMONDS FOUR,0.7766,0.0536,0.1698
DIAMONDS FOUR HEARTS NINE,0.8178,0.0388,0.1434
DIAMONDS FOUR HEARTS EIGHT,0.8032,0.0476,0.1492
CLUBS THREE DIAMONDS FOUR,0.7684,0.0678,0.1638
CLUBS TWO DIAMONDS FOUR,0.7962,0.0706,0.1332
DIAMONDS JACK DIAMONDS FIVE,0.6648,0.026,0.3092
DIAMONDS NINE HEARTS QUEEN,0.6982,0.0148,0.287
DIAMONDS NINE HEARTS KING,0.6982,0.0076,0.2942
HEARTS ACE DIAMONDS NINE,0.6844,0.0038,0.3118
DIAMONDS NINE HEARTS TEN,0.8104,0.047,0.1426
DIAMONDS NINE HEARTS JACK,0.7044,0.0246,0.271
CLUBS KING DIAMONDS SIX,0.6954,0.0064,0.2982
CLUBS QUEEN DIAMONDS SIX,0.6982,0.014,0.2878
CLUBS ACE DIAMONDS SIX,0.6918,0.0028,0.3054
SPADES KING DIAMONDS FOUR,0.687,0.008,0.305
SPADES ACE SPADES SEVEN,0.6416,0.0034,0.355
SPADES QUEEN DIAMONDS FOUR,0.6926,0.0134,0.294
SPADES QUEEN SPADES SEVEN,0.6676,0.0124,0.32
CLUBS JACK DIAMONDS SIX,0.7138,0.023,0.2632
SPADES KING SPADES SEVEN,0.6686,0.0086,0.3228
SPADES ACE DIAMONDS FOUR,0.6714,0.0062,0.3224
CLUBS TEN DIAMONDS SIX,0.8518,0.0508,0.0974
CLUBS NINE CLUBS FOUR,0.7702,0.0388,0.191
CLUBS EIGHT CLUBS FOUR,0.7458,0.051,0.2032
SPADES JACK DIAMONDS FOUR,0.7096,0.0266,0.2638
CLUBS FIVE CLUBS FOUR,0.706,0.0618,0.2322
CLUBS SEVEN CLUBS FOUR,0.7474,0.0528,0.1998
CLUBS SIX CLUBS FOUR,0.7218,0.0586,0.2196
CLUBS SEVEN SPADES EIGHT,0.7884,0.0526,0.159
CLUBS SEVEN SPADES NINE,0.8034,0.0368,0.1598
CLUBS SEVEN SPADES SIX,0.7744,0.0522,0.1734
CLUBS SEVEN SPADES SEVEN,0.684,0.1232,0.1928
CLUBS SEVEN SPADES FIVE,0.769,0.055,0.176
CLUBS SEVEN SPADES FOUR,0.779,0.0556,0.1654
CLUBS SEVEN SPADES THREE,0.8114,0.0518,0.1368
CLUBS SEVEN SPADES TWO,0.8198,0.06,0.1202
CLUBS NINE CLUBS SEVEN,0.75,0.0386,0.2114
CLUBS SEVEN CLUBS EIGHT,0.7552,0.0468,0.198
HEARTS SIX DIAMONDS FIVE,0.753,0.0618,0.1852
HEARTS SEVEN DIAMONDS FIVE,0.7668,0.0534,0.1798
DIAMONDS FIVE HEARTS EIGHT,0.7906,0.0456,0.1638
DIAMONDS FIVE HEARTS NINE,0.8076,0.0348,0.1576
DIAMONDS QUEEN DIAMONDS FIVE,0.6648,0.0102,0.325
HEARTS TWO DIAMONDS FIVE,0.7896,0.064,0.1464
HEARTS KING HEARTS EIGHT,0.663,0.0082,0.3288
DIAMONDS KING DIAMONDS FIVE,0.666,0.007,0.327
HEARTS THREE DIAMONDS FIVE,0.7654,0.0674,0.1672
HEARTS QUEEN HEARTS EIGHT,0.6494,0.0132,0.3374
DIAMONDS ACE DIAMONDS FIVE,0.653,0.0046,0.3424
HEARTS FOUR DIAMONDS FIVE,0.7544,0.0726,0.173
HEARTS FIVE DIAMONDS FIVE,0.6842,0.1224,0.1934
HEARTS ACE HEARTS EIGHT,0.6468,0.0014,0.3518
CLUBS FOUR DIAMONDS FIVE,0.7524,0.0644,0.1832
CLUBS FIVE DIAMONDS FIVE,0.675,0.1258,0.1992
CLUBS SIX DIAMONDS FIVE,0.753,0.0608,0.1862
CLUBS SEVEN DIAMONDS FIVE,0.763,0.0612,0.1758
CLUBS TWO DIAMONDS FIVE,0.7832,0.0638,0.153
CLUBS THREE DIAMONDS FIVE,0.7668,0.0698,0.1634
SPADES THREE DIAMONDS FIVE,0.775,0.0624,0.1626
SPADES TWO DIAMONDS FIVE,0.801,0.0638,0.1352
SPADES JACK DIAMONDS EIGHT,0.6834,0.0252,0.2914
SPADES FIVE DIAMONDS FIVE,0.6926,0.123,0.1844
CLUBS TEN HEARTS JACK,0.6428,0.029,0.3282
SPADES FOUR DIAMONDS FIVE,0.7616,0.0654,0.173
HEARTS JACK CLUBS JACK,0.1746,0.1002,0.7252
HEARTS JACK CLUBS QUEEN,0.56,0.01,0.43
CLUBS NINE DIAMONDS FIVE,0.8112,0.0366,0.1522
CLUBS KING HEARTS JACK,0.5758,0.0034,0.4208
CLUBS EIGHT DIAMONDS FIVE,0.7902,0.0462,0.1636
CLUBS ACE HEARTS JACK,0.5574,0.0028,0.4398
SPADES SEVEN DIAMONDS FIVE,0.773,0.0576,0.1694
SPADES KING DIAMONDS EIGHT,0.702,0.009,0.289
SPADES SIX DIAMONDS FIVE,0.7652,0.0616,0.1732
SPADES QUEEN DIAMONDS EIGHT,0.6918,0.014,0.2942
SPADES NINE DIAMONDS FIVE,0.8228,0.033,0.1442
SPADES EIGHT DIAMONDS FIVE,0.8014,0.0518,0.1468
SPADES ACE DIAMONDS EIGHT,0.672,0.0032,0.3248
HEARTS ACE DIAMONDS SEVEN,0.685,0.0028,0.3122
DIAMONDS JACK DIAMONDS SIX,0.6738,0.0242,0.302
HEARTS QUEEN DIAMONDS SEVEN,0.705,0.0144,0.2806
HEARTS KING DIAMONDS SEVEN,0.7032,0.0072,0.2896
DIAMONDS ACE DIAMONDS SIX,0.6526,0.0046,0.3428
HEARTS FOUR DIAMONDS SIX,0.7744,0.0598,0.1658
SPADES TWO HEARTS JACK,0.7102,0.024,0.2658
HEARTS FIVE DIAMONDS SIX,0.744,0.062,0.194
SPADES TWO HEARTS TEN,0.867,0.0564,0.0766
DIAMONDS QUEEN DIAMONDS SIX,0.6568,0.0162,0.327
HEARTS TWO DIAMONDS SIX,0.8078,0.0616,0.1306
DIAMONDS KING DIAMONDS SIX,0.6562,0.0094,0.3344
HEARTS THREE DIAMONDS SIX,0.7882,0.0592,0.1526
HEARTS EIGHT DIAMONDS SIX,0.7758,0.0508,0.1734
HEARTS NINE DIAMONDS SIX,0.8048,0.039,0.1562
HEARTS SIX DIAMONDS SIX,0.6824,0.1222,0.1954
HEARTS SEVEN DIAMONDS SIX,0.7702,0.0576,0.1722
HEARTS TEN DIAMONDS SEVEN,0.829,0.0554,0.1156
CLUBS TWO DIAMONDS SIX,0.8078,0.0632,0.129
HEARTS JACK DIAMONDS SEVEN,0.7132,0.0224,0.2644
CLUBS THREE DIAMONDS SIX,0.7824,0.0626,0.155
CLUBS SEVEN DIAMONDS SIX,0.774,0.0554,0.1706
DIAMONDS EIGHT CLUBS JACK,0.6988,0.0198,0.2814
CLUBS SIX DIAMONDS SIX,0.6894,0.1198,0.1908
CLUBS TEN DIAMONDS EIGHT,0.818,0.0568,0.1252
CLUBS FIVE DIAMONDS SIX,0.7614,0.0592,0.1794
CLUBS FOUR DIAMONDS SIX,0.776,0.055,0.169
HEARTS ACE HEARTS JACK,0.5376,0.0028,0.4596
DIAMONDS EIGHT CLUBS ACE,0.6814,0.004,0.3146
HEARTS QUEEN HEARTS JACK,0.525,0.009,0.466
DIAMONDS EIGHT CLUBS KING,0.695,0.0094,0.2956
CLUBS NINE DIAMONDS SIX,0.7996,0.0446,0.1558
HEARTS KING HEARTS JACK,0.5326,0.0048,0.4626
DIAMONDS EIGHT CLUBS QUEEN,0.71,0.0136,0.2764
CLUBS EIGHT DIAMONDS SIX,0.7874,0.0488,0.1638
SPADES FIVE DIAMONDS SIX,0.757,0.0668,0.1762
HEARTS ACE SPADES TWO,0.6778,0.0046,0.3176
SPADES JACK HEARTS KING,0.5622,0.0064,0.4314
SPADES FOUR DIAMONDS SIX,0.7844,0.0548,0.1608
SPADES THREE DIAMONDS SIX,0.792,0.0644,0.1436
HEARTS QUEEN SPADES TWO,0.7108,0.0138,0.2754
SPADES ACE SPADES KING,0.5268,0.0056,0.4676
SPADES TWO HEARTS KING,0.6942,0.008,0.2978
SPADES TWO DIAMONDS SIX,0.8108,0.0588,0.1304
HEARTS TEN HEARTS EIGHT,0.77,0.0506,0.1794
SPADES NINE DIAMONDS SIX,0.8036,0.0462,0.1502
HEARTS JACK HEARTS EIGHT,0.6524,0.022,0.3256
SPADES EIGHT DIAMONDS SIX,0.782,0.0546,0.1634
SPADES SEVEN DIAMONDS SIX,0.7744,0.0588,0.1668
SPADES SIX DIAMONDS SIX,0.6852,0.1274,0.1874
SPADES KING HEARTS KING,0.186,0.0408,0.7732
SPADES QUEEN HEARTS KING,0.561,0.0036,0.4354
CLUBS ACE CLUBS KING,0.525,0.0038,0.4712
SPADES ACE HEARTS KING,0.552,0.0058,0.4422
SPADES ACE HEARTS JACK,0.555,0.0058,0.4392
SPADES QUEEN HEARTS JACK,0.5532,0.0096,0.4372
SPADES KING HEARTS JACK,0.5514,0.0048,0.4438
SPADES JACK HEARTS JACK,0.174,0.1046,0.7214
SPADES NINE DIAMONDS SEVEN,0.7984,0.0442,0.1574
SPADES EIGHT DIAMONDS SEVEN,0.788,0.0504,0.1616
SPADES SEVEN DIAMONDS SEVEN,0.6948,0.1288,0.1764
SPADES SIX DIAMONDS SEVEN,0.7712,0.0612,0.1676
DIAMONDS KING DIAMONDS SEVEN,0.6594,0.0092,0.3314
HEARTS THREE DIAMONDS SEVEN,0.8054,0.0596,0.135
HEARTS KING DIAMONDS FIVE,0.7036,0.0076,0.2888
DIAMONDS QUEEN DIAMONDS SEVEN,0.665,0.0146,0.3204
HEARTS TWO DIAMONDS SEVEN,0.818,0.0548,0.1272
HEARTS QUEEN DIAMONDS FIVE,0.7054,0.014,0.2806
HEARTS FIVE DIAMONDS SEVEN,0.7746,0.0554,0.17
DIAMONDS ACE DIAMONDS SEVEN,0.6592,0.003,0.3378
HEARTS FOUR DIAMONDS SEVEN,0.7774,0.0614,0.1612
HEARTS ACE DIAMONDS FIVE,0.6868,0.0054,0.3078
HEARTS SEVEN DIAMONDS SEVEN,0.6876,0.1288,0.1836
HEARTS SIX DIAMONDS SEVEN,0.7656,0.0562,0.1782
DIAMONDS SEVEN HEARTS NINE,0.7986,0.0394,0.162
HEARTS EIGHT DIAMONDS SEVEN,0.7798,0.0474,0.1728
DIAMONDS JACK DIAMONDS SEVEN,0.6564,0.0214,0.3222
DIAMONDS FIVE HEARTS JACK,0.7036,0.0236,0.2728
HEARTS TEN DIAMONDS FIVE,0.8532,0.0582,0.0886
SPADES KING CLUBS TWO,0.7018,0.0084,0.2898
HEARTS KING CLUBS KING,0.1916,0.0428,0.7656
CLUBS EIGHT DIAMONDS SEVEN,0.777,0.0516,0.1714
SPADES QUEEN CLUBS TWO,0.7048,0.0154,0.2798
HEARTS KING CLUBS QUEEN,0.5716,0.0048,0.4236
CLUBS NINE DIAMONDS SEVEN,0.8042,0.0376,0.1582
SPADES TWO CLUBS JACK,0.7208,0.0214,0.2578
SPADES ACE CLUBS TWO,0.6742,0.0052,0.3206
CLUBS TEN SPADES TWO,0.8662,0.057,0.0768
HEARTS KING CLUBS ACE,0.551,0.0026,0.4464
CLUBS SEVEN CLUBS SIX,0.7272,0.0544,0.2184
SPADES TWO CLUBS KING,0.7102,0.0084,0.2814
SPADES TWO DIAMONDS SEVEN,0.8398,0.0526,0.1076
CLUBS EIGHT CLUBS SIX,0.7468,0.0442,0.209
SPADES THREE DIAMONDS SEVEN,0.8026,0.0632,0.1342
SPADES TWO CLUBS QUEEN,0.7194,0.0132,0.2674
CLUBS NINE CLUBS SIX,0.7576,0.0372,0.2052
SPADES FOUR DIAMONDS SEVEN,0.801,0.0504,0.1486
HEARTS KING CLUBS JACK,0.5694,0.0046,0.426
SPADES FIVE DIAMONDS SEVEN,0.7826,0.053,0.1644
SPADES TWO CLUBS ACE,0.6836,0.004,0.3124
CLUBS TEN HEARTS KING,0.6654,0.0204,0.3142
CLUBS SIX SPADES TWO,0.8008,0.0596,0.1396
CLUBS SIX SPADES THREE,0.7904,0.0578,0.1518
CLUBS TWO DIAMONDS SEVEN,0.83,0.051,0.119
CLUBS SIX SPADES FOUR,0.7774,0.063,0.1596
CLUBS THREE DIAMONDS SEVEN,0.8014,0.0578,0.1408
CLUBS SIX SPADES FIVE,0.7674,0.059,0.1736
CLUBS FOUR DIAMONDS SEVEN,0.773,0.0608,0.1662
CLUBS SIX SPADES SIX,0.6878,0.1194,0.1928
CLUBS FIVE DIAMONDS SEVEN,0.7742,0.0494,0.1764
CLUBS SIX SPADES SEVEN,0.7768,0.0504,0.1728
CLUBS SIX DIAMONDS SEVEN,0.7616,0.0538,0.1846
SPADES EIGHT CLUBS SIX,0.78,0.044,0.176
SPADES JACK CLUBS TWO,0.7018,0.0256,0.2726
CLUBS SEVEN DIAMONDS SEVEN,0.686,0.126,0.188
SPADES NINE CLUBS SIX,0.808,0.0428,0.1492
CLUBS TWO CLUBS QUEEN,0.6684,0.0146,0.317
CLUBS TWO CLUBS KING,0.6574,0.0084,0.3342
CLUBS THREE DIAMONDS EIGHT,0.824,0.047,0.129
CLUBS TWO CLUBS ACE,0.6394,0.0032,0.3574
CLUBS TWO DIAMONDS EIGHT,0.8138,0.0488,0.1374
HEARTS SEVEN DIAMONDS EIGHT,0.7794,0.0454,0.1752
HEARTS SIX DIAMONDS EIGHT,0.771,0.0524,0.1766
DIAMONDS EIGHT HEARTS NINE,0.8012,0.0354,0.1634
CLUBS TEN CLUBS TWO,0.8192,0.0554,0.1254
DIAMONDS EIGHT HEARTS EIGHT,0.6808,0.1366,0.1826
CLUBS TWO CLUBS JACK,0.6772,0.0238,0.299
CLUBS NINE DIAMONDS EIGHT,0.7972,0.0404,0.1624
CLUBS EIGHT DIAMONDS EIGHT,0.6832,0.1324,0.1844
CLUBS FIVE DIAMONDS EIGHT,0.7826,0.046,0.1714
SPADES ACE SPADES THREE,0.6348,0.0052,0.36
CLUBS FOUR DIAMONDS EIGHT,0.8044,0.0452,0.1504
CLUBS SEVEN DIAMONDS EIGHT,0.7818,0.0454,0.1728
SPADES QUEEN SPADES THREE,0.668,0.0162,0.3158
CLUBS SIX DIAMONDS EIGHT,0.7792,0.0452,0.1756
SPADES KING SPADES THREE,0.6592,0.009,0.3318
DIAMONDS EIGHT DIAMONDS QUEEN,0.6614,0.0138,0.3248
HEARTS TWO DIAMONDS EIGHT,0.8222,0.0496,0.1282
DIAMONDS KING DIAMONDS EIGHT,0.666,0.0066,0.3274
HEARTS THREE DIAMONDS EIGHT,0.8198,0.0484,0.1318
DIAMONDS ACE DIAMONDS EIGHT,0.6578,0.0048,0.3374
HEARTS FOUR DIAMONDS EIGHT,0.8084,0.0482,0.1434
HEARTS FIVE DIAMONDS EIGHT,0.781,0.048,0.171
DIAMONDS EIGHT DIAMONDS JACK,0.6564,0.0204,0.3232
SPADES JACK SPADES THREE,0.6652,0.0186,0.3162
CLUBS FOUR HEARTS ACE,0.6688,0.0024,0.3288
CLUBS FOUR HEARTS QUEEN,0.6982,0.0188,0.283
CLUBS FOUR HEARTS KING,0.6806,0.0078,0.3116
CLUBS SIX HEARTS TEN,0.8366,0.0558,0.1076
CLUBS SIX HEARTS JACK,0.6934,0.0176,0.289
SPADES FOUR DIAMONDS EIGHT,0.8052,0.0506,0.1442
SPADES FIVE DIAMONDS EIGHT,0.7964,0.0496,0.154
DIAMONDS EIGHT SPADES TWO,0.8342,0.0468,0.119
DIAMONDS EIGHT SPADES THREE,0.8256,0.0494,0.125
CLUBS FOUR HEARTS JACK,0.698,0.0232,0.2788
SPADES EIGHT DIAMONDS EIGHT,0.7006,0.135,0.1644
SPADES JACK HEARTS EIGHT,0.6928,0.0236,0.2836
CLUBS FOUR HEARTS TEN,0.8514,0.0596,0.089
SPADES NINE DIAMONDS EIGHT,0.8036,0.0444,0.152
SPADES JACK HEARTS TWO,0.6936,0.0216,0.2848
SPADES JACK DIAMONDS QUEEN,0.5468,0.0102,0.443
SPADES SIX DIAMONDS EIGHT,0.7938,0.052,0.1542
SPADES SEVEN DIAMONDS EIGHT,0.791,0.0486,0.1604
SPADES ACE HEARTS TWO,0.6864,0.006,0.3076
SPADES ACE DIAMONDS QUEEN,0.5642,0.004,0.4318
SPADES ACE HEARTS EIGHT,0.6814,0.0034,0.3152
SPADES KING HEARTS EIGHT,0.6848,0.007,0.3082
SPADES QUEEN HEARTS TWO,0.7136,0.0112,0.2752
SPADES QUEEN DIAMONDS QUEEN,0.1782,0.07,0.7518
SPADES KING DIAMONDS QUEEN,0.5552,0.0048,0.44
SPADES KING HEARTS TWO,0.697,0.0088,0.2942
SPADES QUEEN HEARTS EIGHT,0.6798,0.0152,0.305
CLUBS TWO HEARTS TEN,0.8618,0.0542,0.084
CLUBS TWO HEARTS JACK,0.707,0.0216,0.2714
SPADES SEVEN DIAMONDS NINE,0.8042,0.0406,0.1552
SPADES SIX DIAMONDS NINE,0.808,0.0446,0.1474
SPADES NINE DIAMONDS NINE,0.6882,0.1358,0.176
SPADES EIGHT DIAMONDS NINE,0.8014,0.0424,0.1562
DIAMONDS NINE SPADES THREE,0.8192,0.042,0.1388
SPADES JACK CLUBS KING,0.5538,0.0064,0.4398
DIAMONDS NINE SPADES TWO,0.8318,0.0396,0.1286
SPADES FIVE DIAMONDS NINE,0.814,0.039,0.147
DIAMONDS NINE SPADES FOUR,0.8266,0.0402,0.1332
CLUBS NINE DIAMONDS NINE,0.6954,0.1324,0.1722
CLUBS EIGHT DIAMONDS NINE,0.799,0.0388,0.1622
CLUBS SIX DIAMONDS NINE,0.8024,0.0398,0.1578
SPADES JACK CLUBS FOUR,0.7044,0.027,0.2686
CLUBS SEVEN DIAMONDS NINE,0.8002,0.0388,0.161
CLUBS FOUR DIAMONDS NINE,0.8278,0.0388,0.1334
CLUBS FIVE DIAMONDS NINE,0.7954,0.0412,0.1634
DIAMONDS NINE CLUBS TWO,0.826,0.0396,0.1344
CLUBS THREE DIAMONDS NINE,0.8286,0.042,0.1294
DIAMONDS NINE HEARTS EIGHT,0.792,0.0402,0.1678
DIAMONDS NINE HEARTS NINE,0.6872,0.1302,0.1826
HEARTS SIX DIAMONDS NINE,0.801,0.0382,0.1608
HEARTS SEVEN DIAMONDS NINE,0.793,0.038,0.169
CLUBS NINE CLUBS EIGHT,0.747,0.0396,0.2134
DIAMONDS ACE DIAMONDS NINE,0.6544,0.0028,0.3428
HEARTS FOUR DIAMONDS NINE,0.8226,0.037,0.1404
HEARTS FIVE DIAMONDS NINE,0.804,0.039,0.157
HEARTS ACE CLUBS TWO,0.6756,0.0034,0.321
SPADES ACE CLUBS FOUR,0.6588,0.0042,0.337
DIAMONDS NINE DIAMONDS QUEEN,0.6586,0.0142,0.3272
HEARTS TWO DIAMONDS NINE,0.8204,0.0376,0.142
CLUBS TWO HEARTS KING,0.6912,0.006,0.3028
SPADES KING CLUBS FOUR,0.6896,0.0094,0.301
DIAMONDS KING DIAMONDS NINE,0.6518,0.0086,0.3396
HEARTS THREE DIAMONDS NINE,0.8194,0.0434,0.1372
CLUBS TWO HEARTS QUEEN,0.7012,0.0124,0.2864
SPADES QUEEN CLUBS FOUR,0.7038,0.013,0.2832
DIAMONDS NINE DIAMONDS JACK,0.6534,0.0218,0.3248
CLUBS EIGHT SPADES NINE,0.7914,0.0368,0.1718
CLUBS EIGHT SPADES EIGHT,0.6906,0.1154,0.194
CLUBS EIGHT SPADES SEVEN,0.78,0.0494,0.1706
CLUBS EIGHT SPADES SIX,0.7862,0.0524,0.1614
CLUBS EIGHT SPADES FIVE,0.7894,0.049,0.1616
CLUBS EIGHT SPADES FOUR,0.8136,0.0482,0.1382
CLUBS EIGHT SPADES THREE,0.8328,0.04,0.1272
CLUBS EIGHT SPADES TWO,0.8158,0.0486,0.1356
CLUBS FOUR CLUBS JACK,0.655,0.0214,0.3236
CLUBS TEN CLUBS FOUR,0.8144,0.0566,0.129
CLUBS FOUR CLUBS KING,0.652,0.0066,0.3414
CLUBS FOUR CLUBS QUEEN,0.6542,0.014,0.3318
CLUBS FOUR CLUBS ACE,0.6264,0.0036,0.37
CLUBS EIGHT HEARTS JACK,0.6904,0.0226,0.287
CLUBS EIGHT HEARTS TEN,0.8064,0.05,0.1436
CLUBS EIGHT HEARTS QUEEN,0.697,0.011,0.292
CLUBS EIGHT HEARTS KING,0.6976,0.0054,0.297
CLUBS EIGHT HEARTS ACE,0.6678,0.0018,0.3304
CLUBS NINE SPADES THREE,0.813,0.0416,0.1454
CLUBS NINE SPADES TWO,0.8316,0.0366,0.1318
CLUBS NINE SPADES FIVE,0.7972,0.0432,0.1596
CLUBS NINE SPADES FOUR,0.824,0.0426,0.1334
CLUBS NINE SPADES SEVEN,0.805,0.038,0.157
CLUBS NINE SPADES SIX,0.8022,0.0376,0.1602
CLUBS NINE SPADES NINE,0.6868,0.1324,0.1808
CLUBS TEN HEARTS EIGHT,0.8156,0.0486,0.1358
CLUBS NINE SPADES EIGHT,0.7984,0.0418,0.1598
HEARTS EIGHT CLUBS JACK,0.6944,0.0188,0.2868
CLUBS QUEEN HEARTS EIGHT,0.6914,0.014,0.2946
CLUBS KING HEARTS EIGHT,0.686,0.0066,0.3074
CLUBS ACE HEARTS EIGHT,0.6864,0.0028,0.3108
SPADES KING CLUBS KING,0.1886,0.035,0.7764
SPADES QUEEN CLUBS KING,0.5548,0.0052,0.44
SPADES ACE CLUBS KING,0.558,0.0022,0.4398
DIAMONDS ACE HEARTS TEN,0.6624,0.0196,0.318
HEARTS FOUR HEARTS TEN,0.7978,0.0558,0.1464
DIAMONDS ACE HEARTS JACK,0.5598,0.0034,0.4368
HEARTS FOUR HEARTS JACK,0.6682,0.021,0.3108
SPADES KING CLUBS FIVE,0.6912,0.0088,0.3
SPADES QUEEN CLUBS FIVE,0.7022,0.013,0.2848
SPADES ACE CLUBS FIVE,0.6632,0.0044,0.3324
HEARTS SEVEN DIAMONDS JACK,0.694,0.0236,0.2824
HEARTS SIX DIAMONDS JACK,0.6982,0.0214,0.2804
DIAMONDS JACK HEARTS NINE,0.6848,0.0252,0.29
DIAMONDS JACK HEARTS EIGHT,0.6884,0.0214,0.2902
DIAMONDS KING DIAMONDS JACK,0.521,0.0068,0.4722
HEARTS THREE DIAMONDS JACK,0.6984,0.0198,0.2818
SPADES ACE SPADES SIX,0.6464,0.0052,0.3484
HEARTS ACE SPADES FOUR,0.6626,0.0036,0.3338
DIAMONDS QUEEN DIAMONDS JACK,0.5312,0.0118,0.457
HEARTS TWO DIAMONDS JACK,0.7052,0.0222,0.2726
HEARTS FIVE DIAMONDS JACK,0.698,0.0268,0.2752
SPADES QUEEN SPADES SIX,0.657,0.014,0.329
SPADES FOUR HEARTS QUEEN,0.6952,0.015,0.2898
DIAMONDS ACE DIAMONDS JACK,0.5314,0.007,0.4616
HEARTS FOUR DIAMONDS JACK,0.6942,0.02,0.2858
SPADES KING SPADES SIX,0.657,0.0098,0.3332
SPADES FOUR HEARTS KING,0.6984,0.0084,0.2932
SPADES JACK SPADES SIX,0.6614,0.0242,0.3144
SPADES FOUR DIAMONDS JACK,0.703,0.0242,0.2728
SPADES FIVE DIAMONDS JACK,0.6938,0.024,0.2822
SPADES TWO DIAMONDS JACK,0.7044,0.021,0.2746
SPADES THREE DIAMONDS JACK,0.7076,0.0238,0.2686
SPADES ACE DIAMONDS THREE,0.6724,0.0034,0.3242
SPADES QUEEN DIAMONDS THREE,0.7052,0.0144,0.2804
CLUBS EIGHT DIAMONDS JACK,0.6768,0.024,0.2992
SPADES KING DIAMONDS THREE,0.6858,0.0084,0.3058
CLUBS NINE DIAMONDS JACK,0.6826,0.024,0.2934
CLUBS SIX DIAMONDS JACK,0.6882,0.0286,0.2832
CLUBS SEVEN DIAMONDS JACK,0.6986,0.0232,0.2782
CLUBS FOUR DIAMONDS JACK,0.7026,0.0278,0.2696
CLUBS FIVE DIAMONDS JACK,0.6788,0.0238,0.2974
CLUBS TWO DIAMONDS JACK,0.704,0.0248,0.2712
CLUBS THREE DIAMONDS JACK,0.7076,0.0234,0.269
SPADES JACK HEARTS SIX,0.6954,0.0206,0.284
SPADES JACK CLUBS FIVE,0.6936,0.0226,0.2838
SPADES JACK DIAMONDS THREE,0.7152,0.0272,0.2576
CLUBS SEVEN CLUBS ACE,0.6444,0.0042,0.3514
CLUBS SEVEN CLUBS QUEEN,0.6724,0.0116,0.316
CLUBS SEVEN CLUBS KING,0.653,0.0086,0.3384
SPADES NINE DIAMONDS JACK,0.6844,0.0244,0.2912
CLUBS TEN CLUBS SEVEN,0.7826,0.0522,0.1652
DIAMONDS ACE HEARTS ACE,0.1852,0.003,0.8118
HEARTS FOUR HEARTS ACE,0.6312,0.0028,0.366
SPADES EIGHT DIAMONDS JACK,0.6964,0.0252,0.2784
SPADES ACE HEARTS SIX,0.6672,0.0032,0.3296
CLUBS SEVEN CLUBS JACK,0.667,0.021,0.312
DIAMONDS ACE HEARTS KING,0.5386,0.0046,0.4568
HEARTS FOUR HEARTS KING,0.6472,0.0102,0.3426
SPADES SEVEN DIAMONDS JACK,0.7054,0.0274,0.2672
SPADES KING HEARTS SIX,0.6756,0.0074,0.317
DIAMONDS ACE HEARTS QUEEN,0.5504,0.0032,0.4464
HEARTS FOUR HEARTS QUEEN,0.6594,0.0138,0.3268
SPADES SIX DIAMONDS JACK,0.7032,0.025,0.2718
SPADES QUEEN HEARTS SIX,0.6934,0.0142,0.2924
DIAMONDS THREE CLUBS JACK,0.7102,0.0216,0.2682
CLUBS TEN DIAMONDS THREE,0.8672,0.0568,0.076
DIAMONDS THREE CLUBS KING,0.7,0.0088,0.2912
DIAMONDS THREE CLUBS QUEEN,0.715,0.0118,0.2732
DIAMONDS THREE CLUBS ACE,0.6682,0.0048,0.327
SPADES FOUR HEARTS JACK,0.696,0.0202,0.2838
SPADES FOUR HEARTS TEN,0.8598,0.0564,0.0838
SPADES FIVE SPADES TWO,0.7662,0.06,0.1738
SPADES FOUR SPADES TWO,0.7616,0.0658,0.1726
SPADES THREE SPADES TWO,0.7576,0.0684,0.174
SPADES NINE SPADES TWO,0.7928,0.0364,0.1708
SPADES EIGHT SPADES TWO,0.7894,0.0434,0.1672
SPADES SEVEN SPADES TWO,0.7846,0.0532,0.1622
SPADES SIX SPADES TWO,0.7616,0.0616,0.1768
CLUBS THREE DIAMONDS QUEEN,0.6964,0.0122,0.2914
CLUBS THREE HEARTS TWO,0.7638,0.0746,0.1616
CLUBS TWO DIAMONDS QUEEN,0.6994,0.0126,0.288
HEARTS TWO CLUBS TWO,0.6916,0.1106,0.1978
HEARTS SEVEN DIAMONDS QUEEN,0.6964,0.0136,0.29
HEARTS SEVEN HEARTS TWO,0.7706,0.0552,0.1742
HEARTS SIX DIAMONDS QUEEN,0.6908,0.0152,0.294
HEARTS SIX HEARTS TWO,0.7586,0.0556,0.1858
DIAMONDS QUEEN HEARTS NINE,0.6832,0.013,0.3038
HEARTS TWO HEARTS NINE,0.7814,0.034,0.1846
DIAMONDS QUEEN HEARTS EIGHT,0.6902,0.015,0.2948
HEARTS TWO HEARTS EIGHT,0.773,0.0502,0.1768
CLUBS NINE HEARTS TWO,0.815,0.041,0.144
CLUBS NINE DIAMONDS QUEEN,0.686,0.0106,0.3034
CLUBS EIGHT HEARTS TWO,0.8006,0.052,0.1474
CLUBS EIGHT DIAMONDS QUEEN,0.687,0.0134,0.2996
CLUBS FIVE DIAMONDS QUEEN,0.6908,0.0158,0.2934
CLUBS FIVE HEARTS TWO,0.7892,0.0634,0.1474
SPADES EIGHT HEARTS ACE,0.6754,0.0036,0.321
CLUBS FOUR DIAMONDS QUEEN,0.6982,0.0112,0.2906
CLUBS FOUR HEARTS TWO,0.7696,0.0716,0.1588
CLUBS SEVEN DIAMONDS QUEEN,0.6852,0.0134,0.3014
CLUBS SEVEN HEARTS TWO,0.8154,0.0508,0.1338
SPADES EIGHT HEARTS QUEEN,0.7054,0.0118,0.2828
CLUBS SIX DIAMONDS QUEEN,0.6894,0.0126,0.298
CLUBS SIX HEARTS TWO,0.7986,0.0592,0.1422
SPADES EIGHT HEARTS KING,0.698,0.0082,0.2938
SPADES SIX DIAMONDS QUEEN,0.6974,0.0144,0.2882
SPADES SIX HEARTS TWO,0.812,0.058,0.13
HEARTS FOUR CLUBS QUEEN,0.7034,0.0102,0.2864
DIAMONDS ACE CLUBS QUEEN,0.5618,0.003,0.4352
SPADES SEVEN DIAMONDS QUEEN,0.6942,0.0144,0.2914
SPADES SEVEN HEARTS TWO,0.8232,0.0542,0.1226
HEARTS FOUR CLUBS KING,0.6908,0.0084,0.3008
DIAMONDS ACE CLUBS KING,0.553,0.0046,0.4424
SPADES EIGHT DIAMONDS QUEEN,0.697,0.0118,0.2912
SPADES EIGHT HEARTS TWO,0.8222,0.0466,0.1312
HEARTS FOUR CLUBS ACE,0.6784,0.0038,0.3178
DIAMONDS ACE CLUBS ACE,0.1954,0.0032,0.8014
SPADES NINE DIAMONDS QUEEN,0.6888,0.0144,0.2968
SPADES NINE HEARTS TWO,0.8244,0.0382,0.1374
HEARTS TWO SPADES TWO,0.7026,0.12,0.1774
DIAMONDS QUEEN SPADES TWO,0.717,0.0158,0.2672
HEARTS TWO SPADES THREE,0.7848,0.0732,0.142
SPADES THREE DIAMONDS QUEEN,0.7158,0.0166,0.2676
HEARTS TWO SPADES FOUR,0.7886,0.064,0.1474
SPADES FOUR DIAMONDS QUEEN,0.6906,0.0156,0.2938
CLUBS TEN HEARTS FOUR,0.853,0.0526,0.0944
CLUBS TEN DIAMONDS ACE,0.667,0.026,0.307
HEARTS TWO SPADES FIVE,0.7886,0.0632,0.1482
SPADES FIVE DIAMONDS QUEEN,0.697,0.0146,0.2884
HEARTS FOUR CLUBS JACK,0.6948,0.0202,0.285
DIAMONDS ACE CLUBS JACK,0.5586,0.0026,0.4388
CLUBS FIVE CLUBS KING,0.6546,0.0066,0.3388
CLUBS FIVE CLUBS QUEEN,0.6564,0.0138,0.3298
CLUBS FIVE CLUBS ACE,0.6288,0.0038,0.3674
CLUBS FIVE CLUBS JACK,0.6714,0.0226,0.306
CLUBS TEN CLUBS FIVE,0.814,0.0536,0.1324
SPADES KING CLUBS JACK,0.5656,0.0048,0.4296
SPADES QUEEN CLUBS JACK,0.548,0.0106,0.4414
SPADES ACE CLUBS JACK,0.5608,0.0044,0.4348
SPADES SIX CLUBS KING,0.6938,0.0098,0.2964
SPADES SIX CLUBS QUEEN,0.6924,0.0108,0.2968
SPADES EIGHT HEARTS JACK,0.6968,0.0202,0.283
SPADES SIX CLUBS ACE,0.6802,0.0046,0.3152
SPADES EIGHT HEARTS TEN,0.8192,0.0542,0.1266
SPADES SIX CLUBS JACK,0.7168,0.0256,0.2576
CLUBS TEN SPADES SIX,0.8434,0.0524,0.1042
SPADES JACK CLUBS JACK,0.1822,0.1036,0.7142
SPADES QUEEN CLUBS SEVEN,0.6988,0.0122,0.289
SPADES KING CLUBS SEVEN,0.6804,0.008,0.3116
SPADES ACE CLUBS SEVEN,0.688,0.003,0.309
SPADES SIX HEARTS TEN,0.8532,0.054,0.0928
SPADES SIX HEARTS JACK,0.6976,0.0228,0.2796
SPADES SIX HEARTS ACE,0.683,0.0026,0.3144
SPADES SIX HEARTS KING,0.6942,0.0076,0.2982
SPADES SIX HEARTS QUEEN,0.712,0.0112,0.2768
CLUBS SEVEN SPADES JACK,0.6842,0.0246,0.2912
CLUBS TEN HEARTS SIX,0.836,0.0554,0.1086
HEARTS SIX CLUBS JACK,0.698,0.0232,0.2788
CLUBS ACE CLUBS JACK,0.5378,0.0046,0.4576
HEARTS SIX CLUBS QUEEN,0.6894,0.0136,0.297
HEARTS SIX CLUBS KING,0.6876,0.0074,0.305
HEARTS SIX CLUBS ACE,0.6824,0.0012,0.3164
CLUBS QUEEN CLUBS JACK,0.5336,0.0088,0.4576
CLUBS KING CLUBS JACK,0.5388,0.0056,0.4556
DIAMONDS THREE HEARTS ACE,0.6674,0.0044,0.3282
DIAMONDS THREE HEARTS QUEEN,0.7094,0.012,0.2786
DIAMONDS THREE HEARTS KING,0.699,0.0084,0.2926
CLUBS FIVE HEARTS JACK,0.699,0.0242,0.2768
CLUBS FIVE HEARTS TEN,0.8494,0.0578,0.0928
HEARTS FOUR SPADES JACK,0.703,0.02,0.277
SPADES JACK DIAMONDS ACE,0.56,0.0052,0.4348
SPADES ACE HEARTS FOUR,0.6636,0.0038,0.3326
SPADES ACE DIAMONDS ACE,0.1802,0.0048,0.815
CLUBS FIVE HEARTS ACE,0.6722,0.0034,0.3244
CLUBS FIVE HEARTS KING,0.6996,0.0078,0.2926
HEARTS FOUR SPADES QUEEN,0.6956,0.015,0.2894
SPADES QUEEN DIAMONDS ACE,0.5538,0.0042,0.442
SPADES FOUR CLUBS JACK,0.7024,0.0206,0.277
CLUBS FIVE HEARTS QUEEN,0.6862,0.014,0.2998
SPADES KING DIAMONDS ACE,0.551,0.0046,0.4444
SPADES KING HEARTS FOUR,0.6928,0.0052,0.302
CLUBS TEN SPADES FOUR,0.8622,0.0546,0.0832
DIAMONDS ACE DIAMONDS QUEEN,0.5448,0.004,0.4512
DIAMONDS ACE HEARTS TWO,0.678,0.0056,0.3164
HEARTS FOUR DIAMONDS QUEEN,0.696,0.014,0.29
HEARTS FOUR HEARTS TWO,0.7416,0.064,0.1944
DIAMONDS THREE HEARTS TEN,0.8654,0.0544,0.0802
SPADES FOUR CLUBS KING,0.7048,0.0088,0.2864
HEARTS FIVE DIAMONDS QUEEN,0.7018,0.0128,0.2854
HEARTS FIVE HEARTS TWO,0.7326,0.067,0.2004
DIAMONDS THREE HEARTS JACK,0.7218,0.021,0.2572
SPADES FOUR CLUBS QUEEN,0.7082,0.013,0.2788
HEARTS TWO DIAMONDS QUEEN,0.6962,0.0142,0.2896
DIAMONDS KING DIAMONDS QUEEN,0.5286,0.0074,0.464
DIAMONDS KING HEARTS TWO,0.6996,0.0086,0.2918
HEARTS THREE DIAMONDS QUEEN,0.7044,0.0144,0.2812
HEARTS THREE HEARTS TWO,0.7362,0.0698,0.194
SPADES FOUR CLUBS ACE,0.669,0.0036,0.3274
HEARTS TWO CLUBS ACE,0.6818,0.0038,0.3144
DIAMONDS QUEEN CLUBS ACE,0.5504,0.0046,0.445
HEARTS TWO CLUBS QUEEN,0.705,0.0156,0.2794
DIAMONDS QUEEN CLUBS QUEEN,0.1852,0.0678,0.747
HEARTS TWO CLUBS KING,0.7074,0.0082,0.2844
DIAMONDS QUEEN CLUBS KING,0.5572,0.0048,0.438
SPADES EIGHT SPADES FIVE,0.7466,0.0478,0.2056
CLUBS TEN HEARTS TWO,0.8578,0.0578,0.0844
CLUBS TEN DIAMONDS QUEEN,0.6536,0.0264,0.32
SPADES NINE SPADES FIVE,0.7722,0.0372,0.1906
HEARTS TWO CLUBS JACK,0.7132,0.0206,0.2662
DIAMONDS QUEEN CLUBS JACK,0.5526,0.01,0.4374
SPADES SIX SPADES FIVE,0.729,0.0586,0.2124
SPADES SEVEN SPADES FIVE,0.7364,0.0584,0.2052
DIAMONDS FIVE CLUBS QUEEN,0.7004,0.0138,0.2858
SPADES EIGHT CLUBS ACE,0.6904,0.0044,0.3052
DIAMONDS FIVE CLUBS KING,0.6932,0.0074,0.2994
SPADES EIGHT CLUBS KING,0.706,0.006,0.288
CLUBS ACE DIAMONDS FIVE,0.6686,0.005,0.3264
SPADES EIGHT CLUBS QUEEN,0.6946,0.0142,0.2912
SPADES EIGHT CLUBS JACK,0.6916,0.0248,0.2836
CLUBS TEN SPADES EIGHT,0.8216,0.0542,0.1242
CLUBS TEN DIAMONDS FIVE,0.8626,0.054,0.0834
DIAMONDS FIVE CLUBS JACK,0.7118,0.0216,0.2666
SPADES ACE CLUBS NINE,0.6874,0.003,0.3096
CLUBS NINE SPADES QUEEN,0.692,0.0124,0.2956
CLUBS NINE SPADES KING,0.6948,0.0104,0.2948
HEARTS SIX HEARTS KING,0.649,0.0072,0.3438
DIAMONDS KING SPADES SEVEN,0.693,0.0106,0.2964
SPADES SEVEN HEARTS THREE,0.805,0.0582,0.1368
SPADES KING DIAMONDS SEVEN,0.7012,0.0072,0.2916
HEARTS SIX HEARTS QUEEN,0.668,0.0142,0.3178
DIAMONDS KING SPADES SIX,0.6968,0.0064,0.2968
HEARTS THREE SPADES SIX,0.7884,0.0592,0.1524
SPADES QUEEN DIAMONDS SEVEN,0.6958,0.0154,0.2888
SPADES NINE DIAMONDS KING,0.683,0.009,0.308
SPADES NINE HEARTS THREE,0.8154,0.0438,0.1408
HEARTS SIX HEARTS ACE,0.6372,0.0038,0.359
SPADES EIGHT DIAMONDS KING,0.6972,0.009,0.2938
SPADES EIGHT HEARTS THREE,0.8188,0.0528,0.1284
SPADES ACE DIAMONDS SEVEN,0.6802,0.0032,0.3166
CLUBS NINE HEARTS THREE,0.8112,0.0392,0.1496
CLUBS NINE DIAMONDS KING,0.691,0.0064,0.3026
CLUBS EIGHT HEARTS THREE,0.8078,0.0498,0.1424
CLUBS EIGHT DIAMONDS KING,0.6888,0.007,0.3042
HEARTS THREE SPADES THREE,0.6886,0.1192,0.1922
