opposingHand,winningChance,drawChance,lostChance
SPADES ACE CLUBS THREE
SPADES TEN HEARTS FIVE,0.62,0.004,0.376
SPADES JACK HEARTS FIVE,0.603,0.0072,0.3898
SPADES FIVE CLUBS JACK,0.6142,0.0062,0.3796
CLUBS TEN SPADES FIVE,0.6122,0.0058,0.382
CLUBS EIGHT CLUBS JACK,0.5438,0.0034,0.4528
CLUBS TEN CLUBS EIGHT,0.549,0.0052,0.4458
CLUBS EIGHT CLUBS KING,0.5674,0.005,0.4276
SPADES FIVE CLUBS ACE,0.2104,0.4636,0.326
CLUBS EIGHT CLUBS QUEEN,0.5582,0.006,0.4358
SPADES FIVE CLUBS KING,0.6108,0.007,0.3822
SPADES FIVE CLUBS QUEEN,0.6076,0.0078,0.3846
CLUBS EIGHT CLUBS ACE,0.2198,0.2208,0.5594
DIAMONDS TWO DIAMONDS THREE,0.6956,0.0212,0.2832
DIAMONDS TWO DIAMONDS FIVE,0.5956,0.0058,0.3986
SPADES KING HEARTS FIVE,0.6186,0.0052,0.3762
DIAMONDS TWO DIAMONDS FOUR,0.6024,0.0072,0.3904
SPADES QUEEN HEARTS FIVE,0.6274,0.0062,0.3664
DIAMONDS TWO DIAMONDS SEVEN,0.6058,0.0036,0.3906
DIAMONDS TWO DIAMONDS SIX,0.6016,0.0054,0.393
DIAMONDS TWO DIAMONDS NINE,0.6096,0.0048,0.3856
DIAMONDS TWO DIAMONDS EIGHT,0.6016,0.0058,0.3926
DIAMONDS THREE DIAMONDS FOUR,0.6798,0.0164,0.3038
CLUBS TWO SPADES FOUR,0.6506,0.0072,0.3422
DIAMONDS THREE DIAMONDS FIVE,0.6776,0.0188,0.3036
CLUBS TWO SPADES FIVE,0.6356,0.0044,0.36
CLUBS TWO SPADES TWO,0.4586,0.0082,0.5332
CLUBS TWO SPADES THREE,0.7576,0.0212,0.2212
DIAMONDS THREE DIAMONDS EIGHT,0.702,0.017,0.281
SPADES EIGHT CLUBS TWO,0.6482,0.0052,0.3466
DIAMONDS THREE DIAMONDS NINE,0.6902,0.023,0.2868
SPADES NINE CLUBS TWO,0.659,0.0048,0.3362
DIAMONDS THREE DIAMONDS SIX,0.6916,0.0126,0.2958
CLUBS TWO SPADES SIX,0.6518,0.0086,0.3396
DIAMONDS THREE DIAMONDS SEVEN,0.6846,0.0148,0.3006
SPADES SEVEN CLUBS TWO,0.6634,0.007,0.3296
CLUBS SIX CLUBS TWO,0.6116,0.0046,0.3838
CLUBS SEVEN CLUBS TWO,0.6208,0.0048,0.3744
CLUBS TWO CLUBS FOUR,0.592,0.006,0.402
CLUBS FIVE CLUBS TWO,0.5998,0.0072,0.393
CLUBS TEN CLUBS JACK,0.5124,0.0044,0.4832
DIAMONDS FOUR DIAMONDS SIX,0.5746,0.0054,0.42
CLUBS TEN CLUBS QUEEN,0.532,0.0048,0.4632
DIAMONDS FOUR DIAMONDS SEVEN,0.5694,0.0054,0.4252
CLUBS TEN CLUBS KING,0.5416,0.0044,0.454
CLUBS TEN CLUBS ACE,0.226,0.1182,0.6558
CLUBS EIGHT CLUBS TWO,0.6072,0.0058,0.387
DIAMONDS FIVE DIAMONDS FOUR,0.541,0.0056,0.4534
CLUBS NINE CLUBS TWO,0.6138,0.0048,0.3814
DIAMONDS NINE DIAMONDS FOUR,0.582,0.0048,0.4132
DIAMONDS EIGHT DIAMONDS FOUR,0.5706,0.0042,0.4252
DIAMONDS NINE DIAMONDS FIVE,0.561,0.006,0.433
DIAMONDS TWO CLUBS JACK,0.641,0.0054,0.3536
DIAMONDS EIGHT DIAMONDS FIVE,0.5578,0.0038,0.4384
CLUBS TEN DIAMONDS TWO,0.6526,0.0046,0.3428
DIAMONDS FIVE DIAMONDS SEVEN,0.5532,0.0046,0.4422
DIAMONDS FIVE DIAMONDS SIX,0.548,0.0074,0.4446
DIAMONDS TWO CLUBS ACE,0.2568,0.5246,0.2186
DIAMONDS TWO CLUBS KING,0.6534,0.0054,0.3412
DIAMONDS TWO CLUBS QUEEN,0.6422,0.0074,0.3504
DIAMONDS EIGHT DIAMONDS SIX,0.5336,0.004,0.4624
DIAMONDS NINE DIAMONDS SIX,0.5424,0.004,0.4536
HEARTS ACE SPADES THREE,0.0188,0.9708,0.0104
HEARTS KING SPADES THREE,0.7582,0.024,0.2178
DIAMONDS SEVEN DIAMONDS SIX,0.535,0.0044,0.4606
SPADES THREE HEARTS QUEEN,0.7542,0.0194,0.2264
SPADES THREE HEARTS JACK,0.7526,0.022,0.2254
SPADES THREE HEARTS TEN,0.7518,0.0214,0.2268
DIAMONDS EIGHT DIAMONDS SEVEN,0.5228,0.0038,0.4734
DIAMONDS NINE DIAMONDS SEVEN,0.5404,0.0046,0.455
DIAMONDS NINE DIAMONDS EIGHT,0.5044,0.006,0.4896
DIAMONDS KING HEARTS TEN,0.5538,0.0036,0.4426
HEARTS THREE HEARTS TEN,0.6944,0.02,0.2856
SPADES JACK CLUBS SIX,0.5972,0.0058,0.397
DIAMONDS KING HEARTS JACK,0.5798,0.003,0.4172
HEARTS THREE HEARTS JACK,0.692,0.019,0.289
SPADES TEN CLUBS SIX,0.5996,0.0066,0.3938
SPADES JACK SPADES FIVE,0.5838,0.0048,0.4114
SPADES TEN SPADES FIVE,0.5946,0.0054,0.4
DIAMONDS KING HEARTS ACE,0.2658,0.0464,0.6878
HEARTS THREE HEARTS ACE,0.0206,0.9018,0.0776
DIAMONDS KING HEARTS QUEEN,0.572,0.0072,0.4208
HEARTS THREE HEARTS QUEEN,0.6856,0.0228,0.2916
SPADES KING CLUBS SIX,0.6152,0.0066,0.3782
DIAMONDS KING HEARTS KING,0.288,0.0032,0.7088
HEARTS THREE HEARTS KING,0.7082,0.0208,0.271
SPADES QUEEN CLUBS SIX,0.6052,0.0048,0.39
SPADES NINE HEARTS TEN,0.5564,0.0046,0.439
SPADES NINE HEARTS JACK,0.577,0.0036,0.4194
SPADES QUEEN SPADES FIVE,0.5786,0.0062,0.4152
SPADES KING SPADES FIVE,0.579,0.0048,0.4162
SPADES NINE HEARTS QUEEN,0.5826,0.0042,0.4132
SPADES NINE HEARTS KING,0.5952,0.004,0.4008
SPADES NINE HEARTS ACE,0.2622,0.1706,0.5672
CLUBS TEN SPADES JACK,0.5534,0.0066,0.44
CLUBS TEN SPADES TEN,0.3154,0.0056,0.679
SPADES KING CLUBS TEN,0.5628,0.0068,0.4304
SPADES QUEEN CLUBS TEN,0.5634,0.005,0.4316
SPADES FIVE HEARTS QUEEN,0.6202,0.005,0.3748
SPADES FIVE HEARTS KING,0.6152,0.0044,0.3804
SPADES FIVE HEARTS ACE,0.22,0.4598,0.3202
HEARTS THREE SPADES JACK,0.7446,0.0234,0.232
SPADES JACK DIAMONDS KING,0.5884,0.004,0.4076
SPADES TEN CLUBS EIGHT,0.5616,0.0042,0.4342
SPADES JACK CLUBS EIGHT,0.5768,0.0058,0.4174
HEARTS THREE SPADES TEN,0.7424,0.0234,0.2342
SPADES TEN DIAMONDS KING,0.5816,0.0062,0.4122
CLUBS SIX HEARTS ACE,0.2296,0.3884,0.382
HEARTS FIVE CLUBS JACK,0.6186,0.0044,0.377
CLUBS TEN HEARTS FIVE,0.5974,0.0076,0.395
CLUBS SIX HEARTS QUEEN,0.5998,0.0042,0.396
SPADES QUEEN CLUBS EIGHT,0.5922,0.0064,0.4014
CLUBS TEN SPADES THREE,0.752,0.0202,0.2278
CLUBS SIX HEARTS KING,0.603,0.0044,0.3926
SPADES KING CLUBS EIGHT,0.6028,0.0068,0.3904
SPADES THREE CLUBS JACK,0.747,0.0226,0.2304
DIAMONDS TWO HEARTS JACK,0.6408,0.0054,0.3538
SPADES THREE CLUBS QUEEN,0.748,0.0234,0.2286
DIAMONDS TWO HEARTS TEN,0.6316,0.0046,0.3638
SPADES THREE CLUBS KING,0.7556,0.024,0.2204
HEARTS FIVE CLUBS ACE,0.2164,0.466,0.3176
SPADES FIVE HEARTS TEN,0.6326,0.0068,0.3606
SPADES THREE CLUBS ACE,0.0066,0.9848,0.0086
HEARTS FIVE CLUBS KING,0.6078,0.0036,0.3886
SPADES FIVE HEARTS JACK,0.6154,0.0048,0.3798
HEARTS FIVE CLUBS QUEEN,0.6122,0.0042,0.3836
HEARTS THREE CLUBS KING,0.7404,0.0238,0.2358
DIAMONDS KING CLUBS KING,0.2854,0.0048,0.7098
HEARTS THREE CLUBS QUEEN,0.7392,0.0224,0.2384
DIAMONDS KING CLUBS QUEEN,0.5752,0.0058,0.419
HEARTS FIVE HEARTS JACK,0.5668,0.0058,0.4274
HEARTS FIVE HEARTS TEN,0.5652,0.0052,0.4296
HEARTS THREE CLUBS ACE,0.012,0.9678,0.0202
DIAMONDS KING CLUBS ACE,0.2448,0.0452,0.71
SPADES KING CLUBS QUEEN,0.5798,0.0048,0.4154
HEARTS THREE CLUBS JACK,0.7528,0.02,0.2272
DIAMONDS KING CLUBS JACK,0.573,0.0048,0.4222
SPADES QUEEN CLUBS QUEEN,0.2996,0.0056,0.6948
CLUBS TEN HEARTS THREE,0.7462,0.0214,0.2324
CLUBS TEN DIAMONDS KING,0.5668,0.0052,0.428
SPADES JACK CLUBS QUEEN,0.5622,0.0064,0.4314
CLUBS SIX CLUBS QUEEN,0.5786,0.0054,0.416
SPADES TEN CLUBS QUEEN,0.5524,0.004,0.4436
CLUBS SIX CLUBS KING,0.5674,0.0058,0.4268
CLUBS SIX CLUBS ACE,0.2358,0.3584,0.4058
HEARTS FIVE HEARTS KING,0.579,0.006,0.415
HEARTS FIVE HEARTS QUEEN,0.571,0.0056,0.4234
CLUBS TEN CLUBS SIX,0.5528,0.0042,0.443
HEARTS FIVE HEARTS ACE,0.2084,0.4154,0.3762
CLUBS SIX CLUBS JACK,0.5704,0.0066,0.423
SPADES SEVEN HEARTS JACK,0.5998,0.0042,0.396
SPADES SEVEN HEARTS TEN,0.5942,0.0052,0.4006
DIAMONDS TWO CLUBS TWO,0.4712,0.0074,0.5214
HEARTS SIX DIAMONDS TWO,0.6528,0.0058,0.3414
DIAMONDS TWO HEARTS QUEEN,0.651,0.0046,0.3444
DIAMONDS TWO HEARTS SEVEN,0.642,0.0046,0.3534
DIAMONDS TWO HEARTS KING,0.6596,0.0046,0.3358
DIAMONDS TWO HEARTS EIGHT,0.6406,0.0058,0.3536
DIAMONDS TWO HEARTS ACE,0.2568,0.5228,0.2204
DIAMONDS TWO HEARTS NINE,0.6508,0.0042,0.345
DIAMONDS TWO DIAMONDS QUEEN,0.5962,0.0062,0.3976
DIAMONDS TWO HEARTS TWO,0.4586,0.0074,0.534
DIAMONDS TWO DIAMONDS KING,0.6128,0.0054,0.3818
HEARTS THREE DIAMONDS TWO,0.7374,0.0188,0.2438
DIAMONDS TWO DIAMONDS ACE,0.2516,0.4752,0.2732
HEARTS FOUR DIAMONDS TWO,0.6452,0.0064,0.3484
DIAMONDS TWO HEARTS FIVE,0.6372,0.0058,0.357
SPADES SEVEN HEARTS ACE,0.2318,0.3032,0.465
DIAMONDS TWO DIAMONDS TEN,0.5974,0.0034,0.3992
SPADES SEVEN HEARTS KING,0.6026,0.0032,0.3942
DIAMONDS TWO DIAMONDS JACK,0.5984,0.0042,0.3974
SPADES SEVEN HEARTS QUEEN,0.5986,0.0052,0.3962
DIAMONDS TWO SPADES NINE,0.6436,0.006,0.3504
DIAMONDS TWO SPADES EIGHT,0.645,0.009,0.346
DIAMONDS TWO SPADES SEVEN,0.669,0.0056,0.3254
DIAMONDS TWO SPADES SIX,0.6442,0.0042,0.3516
DIAMONDS TWO SPADES FIVE,0.6298,0.0068,0.3634
DIAMONDS TWO SPADES FOUR,0.6474,0.0048,0.3478
DIAMONDS TWO SPADES THREE,0.761,0.0198,0.2192
DIAMONDS TWO SPADES TWO,0.4594,0.0064,0.5342
CLUBS NINE DIAMONDS TWO,0.6436,0.0038,0.3526
DIAMONDS TWO CLUBS EIGHT,0.6366,0.004,0.3594
CLUBS SEVEN DIAMONDS TWO,0.6466,0.0084,0.345
DIAMONDS TWO CLUBS SIX,0.642,0.006,0.352
DIAMONDS TWO CLUBS FIVE,0.6334,0.0076,0.359
DIAMONDS TWO CLUBS FOUR,0.6358,0.0046,0.3596
CLUBS FOUR SPADES FIVE,0.5882,0.007,0.4048
CLUBS FOUR SPADES FOUR,0.3622,0.0068,0.631
CLUBS FOUR SPADES THREE,0.7196,0.018,0.2624
CLUBS FOUR SPADES TWO,0.6542,0.006,0.3398
SPADES NINE CLUBS FOUR,0.6104,0.0064,0.3832
SPADES EIGHT CLUBS FOUR,0.5936,0.006,0.4004
SPADES SEVEN CLUBS FOUR,0.6096,0.007,0.3834
SPADES SIX CLUBS FOUR,0.5968,0.0064,0.3968
SPADES QUEEN DIAMONDS SIX,0.5986,0.0056,0.3958
SPADES KING DIAMONDS SIX,0.6136,0.005,0.3814
SPADES TEN DIAMONDS SIX,0.5928,0.0056,0.4016
SPADES JACK DIAMONDS SIX,0.6172,0.005,0.3778
SPADES QUEEN SPADES TWO,0.617,0.0068,0.3762
SPADES KING SPADES TWO,0.6252,0.005,0.3698
DIAMONDS JACK CLUBS JACK,0.3,0.0038,0.6962
CLUBS TEN DIAMONDS JACK,0.56,0.0054,0.4346
DIAMONDS JACK CLUBS KING,0.5838,0.0058,0.4104
DIAMONDS JACK CLUBS QUEEN,0.5574,0.0056,0.437
DIAMONDS THREE DIAMONDS JACK,0.702,0.0192,0.2788
DIAMONDS THREE DIAMONDS TEN,0.7028,0.0226,0.2746
DIAMONDS JACK CLUBS ACE,0.2368,0.0938,0.6694
DIAMONDS THREE DIAMONDS KING,0.6918,0.021,0.2872
HEARTS THREE DIAMONDS THREE,0.3222,0.0184,0.6594
DIAMONDS THREE DIAMONDS QUEEN,0.7088,0.0186,0.2726
DIAMONDS THREE HEARTS TWO,0.7468,0.0212,0.232
HEARTS FIVE DIAMONDS THREE,0.7202,0.0186,0.2612
DIAMONDS THREE DIAMONDS ACE,0.0204,0.9078,0.0718
HEARTS FOUR DIAMONDS THREE,0.721,0.0174,0.2616
DIAMONDS THREE HEARTS SEVEN,0.7318,0.0144,0.2538
SPADES TEN SPADES NINE,0.5276,0.0054,0.467
HEARTS SIX DIAMONDS THREE,0.7424,0.0182,0.2394
SPADES JACK SPADES NINE,0.544,0.0042,0.4518
DIAMONDS THREE HEARTS NINE,0.7532,0.0228,0.224
HEARTS JACK DIAMONDS FOUR,0.6098,0.003,0.3872
HEARTS KING HEARTS ACE,0.2412,0.0492,0.7096
SPADES TEN SPADES TWO,0.6146,0.0054,0.38
DIAMONDS THREE HEARTS EIGHT,0.7416,0.0198,0.2386
HEARTS TEN DIAMONDS FOUR,0.616,0.0036,0.3804
SPADES JACK SPADES TWO,0.618,0.0066,0.3754
HEARTS QUEEN DIAMONDS FOUR,0.613,0.005,0.382
HEARTS KING DIAMONDS FOUR,0.6168,0.0044,0.3788
HEARTS ACE DIAMONDS FOUR,0.2298,0.522,0.2482
SPADES KING SPADES NINE,0.5582,0.0052,0.4366
SPADES QUEEN SPADES NINE,0.5456,0.0044,0.45
DIAMONDS THREE SPADES NINE,0.75,0.019,0.231
DIAMONDS THREE SPADES EIGHT,0.7486,0.0156,0.2358
DIAMONDS THREE SPADES SEVEN,0.7378,0.0152,0.247
DIAMONDS THREE SPADES SIX,0.7488,0.0166,0.2346
DIAMONDS THREE CLUBS SIX,0.7446,0.0134,0.242
CLUBS FIVE CLUBS SIX,0.5426,0.005,0.4524
CLUBS ACE DIAMONDS FOUR,0.2304,0.5078,0.2618
CLUBS SEVEN DIAMONDS THREE,0.727,0.0172,0.2558
CLUBS SEVEN CLUBS FIVE,0.5496,0.0064,0.444
DIAMONDS THREE CLUBS FOUR,0.7194,0.0218,0.2588
DIAMONDS FOUR CLUBS QUEEN,0.6134,0.0042,0.3824
DIAMONDS THREE CLUBS FIVE,0.7078,0.0208,0.2714
CLUBS KING DIAMONDS FOUR,0.6096,0.0062,0.3842
DIAMONDS THREE CLUBS TWO,0.7468,0.0188,0.2344
CLUBS TEN DIAMONDS FOUR,0.5952,0.0054,0.3994
DIAMONDS FOUR CLUBS JACK,0.6008,0.0038,0.3954
DIAMONDS THREE SPADES FOUR,0.7284,0.0172,0.2544
DIAMONDS THREE SPADES FIVE,0.7326,0.017,0.2504
DIAMONDS THREE SPADES TWO,0.7504,0.0212,0.2284
DIAMONDS THREE SPADES THREE,0.3336,0.0194,0.647
CLUBS EIGHT DIAMONDS THREE,0.7574,0.016,0.2266
CLUBS NINE DIAMONDS THREE,0.7398,0.0206,0.2396
SPADES SEVEN CLUBS ACE,0.2318,0.3048,0.4634
SPADES SEVEN CLUBS QUEEN,0.5914,0.0062,0.4024
SPADES SEVEN CLUBS KING,0.5992,0.0056,0.3952
CLUBS FIVE SPADES SEVEN,0.584,0.0052,0.4108
CLUBS TEN SPADES SEVEN,0.5686,0.0068,0.4246
CLUBS FIVE SPADES SIX,0.583,0.0048,0.4122
SPADES SEVEN CLUBS JACK,0.5822,0.0042,0.4136
SPADES NINE CLUBS FIVE,0.6114,0.006,0.3826
CLUBS FIVE SPADES EIGHT,0.5902,0.0048,0.405
CLUBS FIVE SPADES THREE,0.7216,0.0204,0.258
CLUBS FIVE SPADES TWO,0.6246,0.0082,0.3672
CLUBS FIVE SPADES FIVE,0.3536,0.0056,0.6408
CLUBS FIVE SPADES FOUR,0.5924,0.0072,0.4004
CLUBS NINE CLUBS FIVE,0.572,0.005,0.423
CLUBS EIGHT CLUBS FIVE,0.5614,0.0046,0.434
CLUBS ACE CLUBS QUEEN,0.2376,0.069,0.6934
CLUBS KING CLUBS QUEEN,0.5488,0.0038,0.4474
DIAMONDS TEN DIAMONDS FOUR,0.5866,0.005,0.4084
CLUBS TEN DIAMONDS NINE,0.548,0.0052,0.4468
DIAMONDS JACK DIAMONDS FOUR,0.5834,0.0042,0.4124
DIAMONDS NINE CLUBS JACK,0.5752,0.005,0.4198
SPADES NINE CLUBS JACK,0.569,0.005,0.426
CLUBS TEN SPADES NINE,0.5618,0.0038,0.4344
DIAMONDS ACE DIAMONDS FOUR,0.2038,0.4958,0.3004
HEARTS FOUR DIAMONDS FOUR,0.3598,0.004,0.6362
DIAMONDS JACK HEARTS TEN,0.5512,0.0032,0.4456
SPADES NINE CLUBS KING,0.5914,0.007,0.4016
DIAMONDS TWO SPADES TEN,0.6574,0.0052,0.3374
DIAMONDS NINE CLUBS ACE,0.2444,0.183,0.5726
HEARTS FIVE DIAMONDS FOUR,0.5868,0.0054,0.4078
HEARTS JACK DIAMONDS JACK,0.3108,0.0036,0.6856
SPADES NINE CLUBS QUEEN,0.5918,0.0062,0.402
SPADES JACK DIAMONDS TWO,0.657,0.005,0.338
DIAMONDS QUEEN DIAMONDS FOUR,0.5774,0.0056,0.417
HEARTS TWO DIAMONDS FOUR,0.6354,0.0064,0.3582
DIAMONDS NINE CLUBS QUEEN,0.5636,0.0034,0.433
DIAMONDS KING DIAMONDS FOUR,0.5744,0.0044,0.4212
HEARTS THREE DIAMONDS FOUR,0.7208,0.017,0.2622
SPADES NINE CLUBS ACE,0.2496,0.1784,0.572
DIAMONDS NINE CLUBS KING,0.5918,0.0046,0.4036
HEARTS ACE DIAMONDS JACK,0.2618,0.0844,0.6538
DIAMONDS JACK HEARTS QUEEN,0.5526,0.0044,0.443
SPADES QUEEN DIAMONDS TWO,0.6518,0.0062,0.342
HEARTS KING DIAMONDS JACK,0.575,0.004,0.421
SPADES KING DIAMONDS TWO,0.6496,0.006,0.3444
SPADES JACK SPADES SEVEN,0.5656,0.0064,0.428
SPADES TEN SPADES SEVEN,0.5562,0.0048,0.439
SPADES TWO DIAMONDS FOUR,0.643,0.0054,0.3516
SPADES THREE DIAMONDS FOUR,0.7304,0.0154,0.2542
SPADES FOUR DIAMONDS FOUR,0.3854,0.007,0.6076
SPADES FIVE DIAMONDS FOUR,0.5888,0.0064,0.4048
SPADES SIX DIAMONDS FOUR,0.6082,0.0054,0.3864
SPADES SEVEN DIAMONDS FOUR,0.6054,0.0052,0.3894
SPADES EIGHT DIAMONDS FOUR,0.605,0.0048,0.3902
SPADES NINE DIAMONDS FOUR,0.6194,0.0068,0.3738
CLUBS FIVE DIAMONDS FOUR,0.5722,0.0058,0.422
CLUBS FOUR DIAMONDS FOUR,0.3648,0.0054,0.6298
CLUBS SEVEN DIAMONDS FOUR,0.6032,0.0034,0.3934
CLUBS SIX DIAMONDS FOUR,0.5864,0.0056,0.408
CLUBS NINE DIAMONDS FOUR,0.61,0.0054,0.3846
CLUBS EIGHT DIAMONDS FOUR,0.6,0.0044,0.3956
DIAMONDS FOUR HEARTS SEVEN,0.6028,0.004,0.3932
HEARTS SIX DIAMONDS FOUR,0.5998,0.0048,0.3954
HEARTS NINE DIAMONDS FOUR,0.6084,0.004,0.3876
DIAMONDS FOUR HEARTS EIGHT,0.5952,0.004,0.4008
CLUBS TWO DIAMONDS FOUR,0.6444,0.0044,0.3512
DIAMONDS TEN DIAMONDS FIVE,0.567,0.0044,0.4286
DIAMONDS JACK DIAMONDS FIVE,0.5836,0.0042,0.4122
DIAMONDS NINE HEARTS QUEEN,0.5718,0.0032,0.425
HEARTS KING DIAMONDS NINE,0.582,0.0034,0.4146
DIAMONDS NINE HEARTS ACE,0.2562,0.171,0.5728
DIAMONDS NINE HEARTS TEN,0.5644,0.0036,0.432
DIAMONDS NINE HEARTS JACK,0.5578,0.0026,0.4396
CLUBS KING DIAMONDS SIX,0.6006,0.0054,0.394
CLUBS QUEEN DIAMONDS SIX,0.6044,0.0046,0.391
CLUBS ACE DIAMONDS SIX,0.235,0.3872,0.3778
SPADES KING DIAMONDS FOUR,0.6256,0.0046,0.3698
SPADES QUEEN DIAMONDS FOUR,0.611,0.0062,0.3828
SPADES QUEEN SPADES SEVEN,0.5734,0.005,0.4216
CLUBS JACK DIAMONDS SIX,0.5998,0.0044,0.3958
SPADES KING SPADES SEVEN,0.561,0.0064,0.4326
CLUBS TEN DIAMONDS SIX,0.5922,0.005,0.4028
CLUBS NINE CLUBS FOUR,0.5962,0.0048,0.399
CLUBS EIGHT CLUBS FOUR,0.582,0.0052,0.4128
SPADES JACK DIAMONDS FOUR,0.6192,0.007,0.3738
SPADES TEN DIAMONDS FOUR,0.6228,0.0036,0.3736
CLUBS FIVE CLUBS FOUR,0.552,0.006,0.442
CLUBS SEVEN CLUBS FOUR,0.5794,0.0066,0.414
CLUBS SIX CLUBS FOUR,0.5678,0.0052,0.427
CLUBS SEVEN SPADES EIGHT,0.5588,0.0056,0.4356
CLUBS SEVEN SPADES NINE,0.5768,0.0052,0.418
CLUBS SEVEN SPADES SIX,0.5762,0.0058,0.418
CLUBS SEVEN SPADES SEVEN,0.3574,0.0056,0.637
CLUBS SEVEN SPADES FIVE,0.5884,0.007,0.4046
CLUBS SEVEN SPADES FOUR,0.6048,0.0048,0.3904
CLUBS SEVEN SPADES THREE,0.7424,0.0124,0.2452
CLUBS SEVEN SPADES TWO,0.6604,0.006,0.3336
CLUBS NINE CLUBS SEVEN,0.5398,0.0044,0.4558
CLUBS SEVEN CLUBS EIGHT,0.5334,0.005,0.4616
HEARTS SIX DIAMONDS FIVE,0.589,0.0054,0.4056
DIAMONDS FIVE HEARTS SEVEN,0.5998,0.0042,0.396
DIAMONDS FIVE HEARTS EIGHT,0.6,0.006,0.394
HEARTS NINE DIAMONDS FIVE,0.6104,0.0052,0.3844
DIAMONDS QUEEN DIAMONDS FIVE,0.5666,0.0068,0.4266
HEARTS TWO DIAMONDS FIVE,0.639,0.0048,0.3562
HEARTS KING HEARTS EIGHT,0.555,0.0044,0.4406
DIAMONDS KING DIAMONDS FIVE,0.5778,0.0048,0.4174
HEARTS THREE DIAMONDS FIVE,0.7198,0.0186,0.2616
HEARTS QUEEN HEARTS EIGHT,0.5368,0.0054,0.4578
DIAMONDS ACE DIAMONDS FIVE,0.2074,0.4322,0.3604
HEARTS FOUR DIAMONDS FIVE,0.5794,0.0058,0.4148
HEARTS FIVE DIAMONDS FIVE,0.3632,0.0056,0.6312
HEARTS ACE HEARTS EIGHT,0.232,0.2082,0.5598
CLUBS FOUR DIAMONDS FIVE,0.5872,0.0046,0.4082
CLUBS FIVE DIAMONDS FIVE,0.3428,0.0058,0.6514
CLUBS SIX DIAMONDS FIVE,0.5814,0.0044,0.4142
CLUBS SEVEN DIAMONDS FIVE,0.59,0.0044,0.4056
CLUBS TWO DIAMONDS FIVE,0.6384,0.0046,0.357
SPADES THREE DIAMONDS FIVE,0.735,0.02,0.245
SPADES TWO DIAMONDS FIVE,0.6448,0.0068,0.3484
SPADES JACK DIAMONDS EIGHT,0.5756,0.005,0.4194
SPADES FIVE DIAMONDS FIVE,0.3674,0.0048,0.6278
CLUBS TEN HEARTS JACK,0.5462,0.0054,0.4484
SPADES TEN DIAMONDS EIGHT,0.5758,0.0034,0.4208
SPADES FOUR DIAMONDS FIVE,0.6002,0.007,0.3928
HEARTS JACK CLUBS JACK,0.3166,0.0032,0.6802
HEARTS JACK CLUBS QUEEN,0.5452,0.0054,0.4494
CLUBS NINE DIAMONDS FIVE,0.5958,0.0046,0.3996
HEARTS JACK CLUBS KING,0.5754,0.003,0.4216
CLUBS EIGHT DIAMONDS FIVE,0.5798,0.0048,0.4154
HEARTS JACK CLUBS ACE,0.2386,0.0908,0.6706
SPADES SEVEN DIAMONDS FIVE,0.5892,0.004,0.4068
SPADES KING DIAMONDS EIGHT,0.6004,0.0064,0.3932
SPADES SIX DIAMONDS FIVE,0.5874,0.004,0.4086
SPADES QUEEN DIAMONDS EIGHT,0.5834,0.007,0.4096
SPADES NINE DIAMONDS FIVE,0.6176,0.007,0.3754
SPADES EIGHT DIAMONDS FIVE,0.5946,0.006,0.3994
DIAMONDS TEN DIAMONDS SIX,0.5436,0.005,0.4514
HEARTS ACE DIAMONDS SEVEN,0.2442,0.3,0.4558
DIAMONDS JACK DIAMONDS SIX,0.5596,0.0044,0.436
HEARTS QUEEN DIAMONDS SEVEN,0.6076,0.005,0.3874
HEARTS KING DIAMONDS SEVEN,0.5866,0.0036,0.4098
DIAMONDS ACE DIAMONDS SIX,0.2286,0.3566,0.4148
HEARTS FOUR DIAMONDS SIX,0.615,0.0034,0.3816
HEARTS JACK SPADES TWO,0.6444,0.0046,0.351
HEARTS FIVE DIAMONDS SIX,0.5896,0.0046,0.4058
SPADES TWO HEARTS TEN,0.6492,0.0054,0.3454
DIAMONDS QUEEN DIAMONDS SIX,0.5514,0.0034,0.4452
HEARTS TWO DIAMONDS SIX,0.6462,0.0058,0.348
DIAMONDS KING DIAMONDS SIX,0.5574,0.0032,0.4394
HEARTS THREE DIAMONDS SIX,0.7326,0.017,0.2504
HEARTS EIGHT DIAMONDS SIX,0.5762,0.0036,0.4202
HEARTS NINE DIAMONDS SIX,0.5772,0.005,0.4178
HEARTS SIX DIAMONDS SIX,0.374,0.004,0.622
HEARTS SEVEN DIAMONDS SIX,0.5828,0.0032,0.414
HEARTS TEN DIAMONDS SEVEN,0.5756,0.005,0.4194
CLUBS TWO DIAMONDS SIX,0.66,0.0052,0.3348
HEARTS JACK DIAMONDS SEVEN,0.599,0.0044,0.3966
CLUBS SEVEN DIAMONDS SIX,0.5704,0.003,0.4266
DIAMONDS EIGHT CLUBS JACK,0.566,0.0046,0.4294
CLUBS SIX DIAMONDS SIX,0.3514,0.0036,0.645
CLUBS TEN DIAMONDS EIGHT,0.5606,0.0052,0.4342
CLUBS FIVE DIAMONDS SIX,0.5784,0.006,0.4156
CLUBS FOUR DIAMONDS SIX,0.5832,0.0044,0.4124
HEARTS ACE HEARTS JACK,0.2326,0.0858,0.6816
DIAMONDS EIGHT CLUBS ACE,0.2312,0.2284,0.5404
HEARTS JACK HEARTS QUEEN,0.5212,0.0046,0.4742
DIAMONDS EIGHT CLUBS KING,0.5948,0.004,0.4012
CLUBS NINE DIAMONDS SIX,0.5834,0.0022,0.4144
HEARTS KING HEARTS JACK,0.5414,0.0058,0.4528
DIAMONDS EIGHT CLUBS QUEEN,0.5864,0.0054,0.4082
CLUBS EIGHT DIAMONDS SIX,0.572,0.0042,0.4238
SPADES TEN HEARTS KING,0.574,0.0058,0.4202
SPADES FIVE DIAMONDS SIX,0.5716,0.0054,0.423
HEARTS ACE SPADES TWO,0.2604,0.5252,0.2144
SPADES JACK HEARTS KING,0.5748,0.0056,0.4196
SPADES FOUR DIAMONDS SIX,0.6058,0.0056,0.3886
SPADES THREE DIAMONDS SIX,0.745,0.0112,0.2438
SPADES TWO HEARTS QUEEN,0.6578,0.0056,0.3366
HEARTS KING SPADES TWO,0.649,0.0054,0.3456
SPADES TWO DIAMONDS SIX,0.6564,0.006,0.3376
HEARTS TEN HEARTS EIGHT,0.5316,0.0052,0.4632
SPADES NINE DIAMONDS SIX,0.5932,0.0038,0.403
HEARTS JACK HEARTS EIGHT,0.534,0.0032,0.4628
SPADES EIGHT DIAMONDS SIX,0.5746,0.0042,0.4212
SPADES SEVEN DIAMONDS SIX,0.5854,0.0046,0.41
SPADES SIX DIAMONDS SIX,0.368,0.0048,0.6272
SPADES KING HEARTS KING,0.2978,0.0058,0.6964
SPADES QUEEN HEARTS KING,0.573,0.0058,0.4212
CLUBS ACE CLUBS KING,0.246,0.0466,0.7074
SPADES QUEEN HEARTS JACK,0.5748,0.0044,0.4208
SPADES KING HEARTS JACK,0.5688,0.0048,0.4264
SPADES TEN DIAMONDS TEN,0.3266,0.0036,0.6698
SPADES JACK DIAMONDS TEN,0.5516,0.004,0.4444
SPADES JACK HEARTS JACK,0.333,0.0044,0.6626
SPADES TEN HEARTS JACK,0.5572,0.0056,0.4372
SPADES QUEEN DIAMONDS TEN,0.5582,0.0058,0.436
SPADES KING DIAMONDS TEN,0.5698,0.0054,0.4248
SPADES NINE DIAMONDS SEVEN,0.5822,0.004,0.4138
SPADES EIGHT DIAMONDS SEVEN,0.5584,0.0028,0.4388
SPADES SEVEN DIAMONDS SEVEN,0.3494,0.0054,0.6452
SPADES SIX DIAMONDS SEVEN,0.5812,0.0064,0.4124
DIAMONDS KING DIAMONDS SEVEN,0.5572,0.005,0.4378
HEARTS THREE DIAMONDS SEVEN,0.723,0.0166,0.2604
HEARTS KING DIAMONDS FIVE,0.6158,0.0042,0.38
DIAMONDS QUEEN DIAMONDS SEVEN,0.5672,0.0044,0.4284
HEARTS TWO DIAMONDS SEVEN,0.6438,0.0048,0.3514
HEARTS QUEEN DIAMONDS FIVE,0.6166,0.0048,0.3786
HEARTS FIVE DIAMONDS SEVEN,0.5952,0.004,0.4008
DIAMONDS ACE DIAMONDS SEVEN,0.2288,0.2852,0.486
HEARTS FOUR DIAMONDS SEVEN,0.5968,0.0044,0.3988
HEARTS ACE DIAMONDS FIVE,0.2268,0.4558,0.3174
HEARTS SEVEN DIAMONDS SEVEN,0.3638,0.0026,0.6336
HEARTS SIX DIAMONDS SEVEN,0.5686,0.004,0.4274
HEARTS NINE DIAMONDS SEVEN,0.5674,0.0034,0.4292
DIAMONDS SEVEN HEARTS EIGHT,0.5562,0.0038,0.44
DIAMONDS JACK DIAMONDS SEVEN,0.5602,0.0034,0.4364
HEARTS JACK DIAMONDS FIVE,0.611,0.0034,0.3856
DIAMONDS TEN DIAMONDS SEVEN,0.541,0.0048,0.4542
DIAMONDS FIVE HEARTS TEN,0.6066,0.0062,0.3872
SPADES KING CLUBS TWO,0.671,0.0066,0.3224
HEARTS KING CLUBS KING,0.2892,0.0052,0.7056
CLUBS EIGHT DIAMONDS SEVEN,0.544,0.004,0.452
SPADES QUEEN CLUBS TWO,0.653,0.0084,0.3386
HEARTS KING CLUBS QUEEN,0.5886,0.0046,0.4068
CLUBS NINE DIAMONDS SEVEN,0.5642,0.0066,0.4292
SPADES TWO CLUBS JACK,0.6426,0.0074,0.35
CLUBS TEN SPADES TWO,0.656,0.0058,0.3382
HEARTS KING CLUBS ACE,0.2462,0.0534,0.7004
CLUBS SEVEN CLUBS SIX,0.5416,0.0066,0.4518
SPADES TWO CLUBS KING,0.6492,0.0054,0.3454
SPADES TWO DIAMONDS SEVEN,0.669,0.004,0.327
CLUBS EIGHT CLUBS SIX,0.5406,0.0054,0.454
SPADES THREE DIAMONDS SEVEN,0.7386,0.0164,0.245
SPADES TWO CLUBS QUEEN,0.6464,0.0062,0.3474
CLUBS NINE CLUBS SIX,0.5618,0.0064,0.4318
SPADES FOUR DIAMONDS SEVEN,0.5992,0.005,0.3958
HEARTS KING CLUBS JACK,0.5626,0.0052,0.4322
SPADES FIVE DIAMONDS SEVEN,0.6022,0.005,0.3928
SPADES TWO CLUBS ACE,0.2618,0.523,0.2152
CLUBS TEN HEARTS KING,0.5724,0.0056,0.422
CLUBS SIX SPADES TWO,0.6386,0.0058,0.3556
CLUBS SIX SPADES THREE,0.7462,0.0162,0.2376
CLUBS TWO DIAMONDS SEVEN,0.6548,0.003,0.3422
CLUBS SIX SPADES FOUR,0.6076,0.006,0.3864
CLUBS SIX SPADES FIVE,0.5856,0.0048,0.4096
CLUBS FOUR DIAMONDS SEVEN,0.5922,0.0058,0.402
CLUBS SIX SPADES SIX,0.3592,0.0064,0.6344
CLUBS FIVE DIAMONDS SEVEN,0.595,0.0044,0.4006
CLUBS SIX SPADES SEVEN,0.5864,0.0052,0.4084
CLUBS SIX DIAMONDS SEVEN,0.5558,0.004,0.4402
SPADES EIGHT CLUBS SIX,0.5676,0.0058,0.4266
SPADES JACK CLUBS TWO,0.6582,0.0048,0.337
CLUBS SEVEN DIAMONDS SEVEN,0.3618,0.0038,0.6344
SPADES NINE CLUBS SIX,0.5926,0.004,0.4034
SPADES TEN CLUBS TWO,0.6514,0.0058,0.3428
CLUBS TWO CLUBS QUEEN,0.6114,0.0078,0.3808
CLUBS TWO CLUBS KING,0.6164,0.005,0.3786
CLUBS TWO CLUBS ACE,0.2536,0.4898,0.2566
CLUBS TWO DIAMONDS EIGHT,0.6344,0.004,0.3616
DIAMONDS EIGHT HEARTS SEVEN,0.5502,0.0044,0.4454
HEARTS SIX DIAMONDS EIGHT,0.5706,0.0028,0.4266
DIAMONDS EIGHT HEARTS NINE,0.5544,0.0032,0.4424
CLUBS TEN CLUBS TWO,0.605,0.0036,0.3914
DIAMONDS EIGHT HEARTS EIGHT,0.351,0.0056,0.6434
CLUBS TWO CLUBS JACK,0.61,0.005,0.385
CLUBS NINE DIAMONDS EIGHT,0.5422,0.0034,0.4544
CLUBS EIGHT DIAMONDS EIGHT,0.3404,0.004,0.6556
CLUBS FIVE DIAMONDS EIGHT,0.5838,0.0042,0.412
CLUBS FOUR DIAMONDS EIGHT,0.6056,0.0058,0.3886
CLUBS SEVEN DIAMONDS EIGHT,0.5504,0.0038,0.4458
SPADES QUEEN SPADES THREE,0.7172,0.0196,0.2632
CLUBS SIX DIAMONDS EIGHT,0.5724,0.0024,0.4252
SPADES KING SPADES THREE,0.714,0.0244,0.2616
DIAMONDS QUEEN DIAMONDS EIGHT,0.5362,0.0044,0.4594
HEARTS TWO DIAMONDS EIGHT,0.6668,0.0046,0.3286
DIAMONDS KING DIAMONDS EIGHT,0.567,0.006,0.427
HEARTS THREE DIAMONDS EIGHT,0.7462,0.0154,0.2384
DIAMONDS ACE DIAMONDS EIGHT,0.2294,0.2062,0.5644
HEARTS FOUR DIAMONDS EIGHT,0.6034,0.0034,0.3932
HEARTS FIVE DIAMONDS EIGHT,0.5886,0.005,0.4064
DIAMONDS EIGHT DIAMONDS TEN,0.5232,0.0052,0.4716
DIAMONDS EIGHT DIAMONDS JACK,0.534,0.0042,0.4618
SPADES JACK SPADES THREE,0.7106,0.0208,0.2686
SPADES TEN SPADES THREE,0.7156,0.0264,0.258
CLUBS FOUR HEARTS ACE,0.2102,0.5228,0.267
CLUBS FOUR HEARTS QUEEN,0.616,0.0058,0.3782
CLUBS FOUR HEARTS KING,0.6014,0.006,0.3926
CLUBS SIX HEARTS TEN,0.5914,0.0046,0.404
CLUBS SIX HEARTS JACK,0.5962,0.005,0.3988
SPADES FOUR DIAMONDS EIGHT,0.613,0.0068,0.3802
SPADES FIVE DIAMONDS EIGHT,0.5892,0.0048,0.406
DIAMONDS EIGHT SPADES TWO,0.6414,0.004,0.3546
DIAMONDS EIGHT SPADES THREE,0.749,0.018,0.233
CLUBS FOUR HEARTS JACK,0.6158,0.0056,0.3786
SPADES EIGHT DIAMONDS EIGHT,0.348,0.0024,0.6496
SPADES JACK HEARTS EIGHT,0.58,0.0048,0.4152
SPADES TEN HEARTS TWO,0.6374,0.0058,0.3568
SPADES TEN DIAMONDS QUEEN,0.5716,0.0042,0.4242
CLUBS FOUR HEARTS TEN,0.6056,0.0054,0.389
SPADES NINE DIAMONDS EIGHT,0.5634,0.0052,0.4314
SPADES JACK HEARTS TWO,0.653,0.0062,0.3408
SPADES JACK DIAMONDS QUEEN,0.5678,0.0072,0.425
SPADES TEN HEARTS EIGHT,0.5812,0.0042,0.4146
SPADES SIX DIAMONDS EIGHT,0.5796,0.0046,0.4158
SPADES SEVEN DIAMONDS EIGHT,0.5578,0.0046,0.4376
SPADES QUEEN DIAMONDS QUEEN,0.3102,0.0048,0.685
SPADES QUEEN HEARTS TWO,0.647,0.0066,0.3464
SPADES KING HEARTS EIGHT,0.606,0.0042,0.3898
SPADES QUEEN HEARTS EIGHT,0.5848,0.0058,0.4094
SPADES KING HEARTS TWO,0.6584,0.0056,0.336
SPADES KING DIAMONDS QUEEN,0.5742,0.007,0.4188
CLUBS TWO HEARTS TEN,0.6562,0.0064,0.3374
CLUBS TWO HEARTS JACK,0.641,0.0072,0.3518
SPADES SEVEN DIAMONDS NINE,0.5762,0.0046,0.4192
SPADES SIX DIAMONDS NINE,0.5872,0.0044,0.4084
SPADES NINE DIAMONDS NINE,0.3402,0.0038,0.656
SPADES EIGHT DIAMONDS NINE,0.5756,0.004,0.4204
SPADES TEN CLUBS KING,0.5748,0.0044,0.4208
DIAMONDS NINE SPADES THREE,0.7472,0.02,0.2328
SPADES JACK CLUBS KING,0.5672,0.006,0.4268
DIAMONDS NINE SPADES TWO,0.6446,0.0052,0.3502
SPADES FIVE DIAMONDS NINE,0.6086,0.0044,0.387
DIAMONDS NINE SPADES FOUR,0.6318,0.0042,0.364
CLUBS NINE DIAMONDS NINE,0.3484,0.0044,0.6472
CLUBS EIGHT DIAMONDS NINE,0.5498,0.0048,0.4454
CLUBS SIX DIAMONDS NINE,0.5842,0.0038,0.412
SPADES JACK CLUBS FOUR,0.6178,0.0064,0.3758
CLUBS SEVEN DIAMONDS NINE,0.5588,0.0044,0.4368
SPADES TEN CLUBS FOUR,0.6148,0.0042,0.381
CLUBS FOUR DIAMONDS NINE,0.606,0.0042,0.3898
CLUBS FIVE DIAMONDS NINE,0.6054,0.0054,0.3892
CLUBS TWO DIAMONDS NINE,0.6504,0.0054,0.3442
DIAMONDS NINE HEARTS EIGHT,0.5614,0.0036,0.435
DIAMONDS NINE HEARTS NINE,0.3408,0.0026,0.6566
HEARTS SIX DIAMONDS NINE,0.5934,0.005,0.4016
DIAMONDS NINE HEARTS SEVEN,0.5666,0.0034,0.43
CLUBS NINE CLUBS EIGHT,0.5302,0.0064,0.4634
DIAMONDS ACE DIAMONDS NINE,0.2332,0.159,0.6078
HEARTS FOUR DIAMONDS NINE,0.6058,0.0044,0.3898
HEARTS FIVE DIAMONDS NINE,0.6002,0.004,0.3958
CLUBS TWO HEARTS ACE,0.2726,0.5136,0.2138
DIAMONDS QUEEN DIAMONDS NINE,0.5432,0.003,0.4538
HEARTS TWO DIAMONDS NINE,0.6476,0.003,0.3494
CLUBS TWO HEARTS KING,0.6582,0.0068,0.335
SPADES KING CLUBS FOUR,0.6204,0.004,0.3756
DIAMONDS KING DIAMONDS NINE,0.5476,0.0048,0.4476
HEARTS THREE DIAMONDS NINE,0.7522,0.0184,0.2294
CLUBS TWO HEARTS QUEEN,0.6534,0.0056,0.341
SPADES QUEEN CLUBS FOUR,0.62,0.0062,0.3738
DIAMONDS NINE DIAMONDS JACK,0.5266,0.0048,0.4686
CLUBS EIGHT SPADES NINE,0.559,0.0078,0.4332
DIAMONDS NINE DIAMONDS TEN,0.5196,0.004,0.4764
CLUBS EIGHT SPADES EIGHT,0.3476,0.005,0.6474
CLUBS EIGHT SPADES SEVEN,0.5558,0.0042,0.44
CLUBS EIGHT SPADES SIX,0.5848,0.0058,0.4094
CLUBS EIGHT SPADES FIVE,0.5964,0.0046,0.399
CLUBS EIGHT SPADES FOUR,0.6034,0.0046,0.392
CLUBS EIGHT SPADES THREE,0.734,0.0216,0.2444
CLUBS EIGHT SPADES TWO,0.6354,0.0058,0.3588
HEARTS SIX DIAMONDS TEN,0.607,0.004,0.389
DIAMONDS TEN HEARTS SEVEN,0.58,0.0044,0.4156
DIAMONDS TEN HEARTS EIGHT,0.559,0.005,0.436
CLUBS FOUR CLUBS JACK,0.5748,0.0068,0.4184
DIAMONDS TEN HEARTS NINE,0.542,0.0026,0.4554
CLUBS TEN CLUBS FOUR,0.5884,0.0062,0.4054
CLUBS FOUR CLUBS KING,0.5962,0.0048,0.399
CLUBS FOUR CLUBS QUEEN,0.5908,0.007,0.4022
CLUBS TWO DIAMONDS TEN,0.654,0.004,0.342
CLUBS FOUR CLUBS ACE,0.2108,0.4946,0.2946
DIAMONDS JACK DIAMONDS TEN,0.5128,0.0056,0.4816
DIAMONDS QUEEN DIAMONDS TEN,0.5326,0.0038,0.4636
HEARTS TWO DIAMONDS TEN,0.6458,0.0058,0.3484
DIAMONDS KING DIAMONDS TEN,0.5348,0.004,0.4612
HEARTS THREE DIAMONDS TEN,0.7448,0.021,0.2342
DIAMONDS ACE DIAMONDS TEN,0.25,0.1076,0.6424
HEARTS FOUR DIAMONDS TEN,0.6206,0.0042,0.3752
CLUBS EIGHT HEARTS JACK,0.5698,0.0032,0.427
HEARTS FIVE DIAMONDS TEN,0.6084,0.0022,0.3894
CLUBS EIGHT HEARTS TEN,0.5702,0.0044,0.4254
CLUBS EIGHT HEARTS QUEEN,0.5828,0.0038,0.4134
CLUBS EIGHT HEARTS KING,0.5932,0.0054,0.4014
CLUBS EIGHT HEARTS ACE,0.2408,0.2298,0.5294
CLUBS NINE SPADES THREE,0.7424,0.0228,0.2348
CLUBS NINE SPADES TWO,0.6472,0.007,0.3458
CLUBS NINE SPADES FIVE,0.6106,0.005,0.3844
CLUBS NINE SPADES FOUR,0.6112,0.0072,0.3816
CLUBS NINE SPADES SEVEN,0.5782,0.0034,0.4184
CLUBS NINE SPADES SIX,0.5884,0.0046,0.407
CLUBS NINE SPADES NINE,0.3378,0.0052,0.657
CLUBS TEN HEARTS EIGHT,0.5688,0.005,0.4262
CLUBS NINE SPADES EIGHT,0.539,0.0044,0.4566
CLUBS JACK HEARTS EIGHT,0.5764,0.0044,0.4192
CLUBS QUEEN HEARTS EIGHT,0.5788,0.0044,0.4168
CLUBS KING HEARTS EIGHT,0.5942,0.0046,0.4012
CLUBS ACE HEARTS EIGHT,0.2374,0.2204,0.5422
SPADES KING CLUBS KING,0.2786,0.0058,0.7156
SPADES QUEEN CLUBS KING,0.5808,0.0054,0.4138
DIAMONDS ACE HEARTS TEN,0.2558,0.1166,0.6276
HEARTS FOUR HEARTS TEN,0.579,0.005,0.416
DIAMONDS ACE HEARTS JACK,0.2506,0.0894,0.66
HEARTS FOUR HEARTS JACK,0.559,0.006,0.435
SPADES KING CLUBS FIVE,0.6196,0.005,0.3754
SPADES QUEEN CLUBS FIVE,0.6202,0.0062,0.3736
DIAMONDS JACK HEARTS SEVEN,0.5864,0.0048,0.4088
HEARTS SIX DIAMONDS JACK,0.6044,0.0038,0.3918
DIAMONDS JACK HEARTS NINE,0.5746,0.005,0.4204
DIAMONDS JACK HEARTS EIGHT,0.5698,0.0048,0.4254
DIAMONDS KING DIAMONDS JACK,0.5282,0.0054,0.4664
HEARTS THREE DIAMONDS JACK,0.7444,0.0176,0.238
SPADES FOUR HEARTS ACE,0.2216,0.5212,0.2572
DIAMONDS QUEEN DIAMONDS JACK,0.5288,0.0048,0.4664
HEARTS TWO DIAMONDS JACK,0.6538,0.0054,0.3408
HEARTS FIVE DIAMONDS JACK,0.6054,0.0038,0.3908
SPADES QUEEN SPADES SIX,0.5786,0.0058,0.4156
SPADES FOUR HEARTS QUEEN,0.6224,0.0046,0.373
DIAMONDS ACE DIAMONDS JACK,0.2404,0.0866,0.673
HEARTS FOUR DIAMONDS JACK,0.6154,0.0046,0.38
SPADES KING SPADES SIX,0.5752,0.0052,0.4196
HEARTS KING SPADES FOUR,0.6192,0.0054,0.3754
SPADES TEN SPADES SIX,0.57,0.006,0.424
SPADES JACK SPADES SIX,0.5856,0.005,0.4094
SPADES FOUR DIAMONDS JACK,0.6122,0.0042,0.3836
SPADES FIVE DIAMONDS JACK,0.6064,0.005,0.3886
DIAMONDS JACK SPADES TWO,0.643,0.0066,0.3504
SPADES THREE DIAMONDS JACK,0.7336,0.0218,0.2446
SPADES QUEEN DIAMONDS THREE,0.752,0.019,0.229
CLUBS EIGHT DIAMONDS JACK,0.571,0.004,0.425
SPADES KING DIAMONDS THREE,0.7536,0.0244,0.222
CLUBS NINE DIAMONDS JACK,0.5484,0.0054,0.4462
CLUBS SIX DIAMONDS JACK,0.6024,0.0046,0.393
CLUBS SEVEN DIAMONDS JACK,0.5806,0.004,0.4154
CLUBS FOUR DIAMONDS JACK,0.6026,0.0056,0.3918
CLUBS FIVE DIAMONDS JACK,0.6024,0.0052,0.3924
CLUBS TWO DIAMONDS JACK,0.651,0.0044,0.3446
SPADES JACK HEARTS SIX,0.6166,0.0044,0.379
SPADES TEN CLUBS FIVE,0.6266,0.0064,0.367
SPADES JACK CLUBS FIVE,0.6204,0.005,0.3746
HEARTS SIX SPADES TEN,0.5964,0.0056,0.398
SPADES JACK DIAMONDS THREE,0.7542,0.023,0.2228
CLUBS SEVEN CLUBS ACE,0.2264,0.2858,0.4878
SPADES TEN DIAMONDS THREE,0.7428,0.0238,0.2334
CLUBS SEVEN CLUBS QUEEN,0.5724,0.0052,0.4224
CLUBS SEVEN CLUBS KING,0.5602,0.0064,0.4334
SPADES NINE DIAMONDS JACK,0.5722,0.0042,0.4236
CLUBS TEN CLUBS SEVEN,0.5444,0.005,0.4506
DIAMONDS ACE HEARTS ACE,0.0686,0.0136,0.9178
HEARTS FOUR HEARTS ACE,0.2098,0.4886,0.3016
SPADES EIGHT DIAMONDS JACK,0.5774,0.0068,0.4158
CLUBS SEVEN CLUBS JACK,0.5636,0.0046,0.4318
DIAMONDS ACE HEARTS KING,0.262,0.0514,0.6866
HEARTS FOUR HEARTS KING,0.58,0.0056,0.4144
SPADES SEVEN DIAMONDS JACK,0.5964,0.0086,0.395
SPADES KING HEARTS SIX,0.6124,0.0078,0.3798
DIAMONDS ACE HEARTS QUEEN,0.2504,0.0634,0.6862
HEARTS FOUR HEARTS QUEEN,0.5928,0.0046,0.4026
SPADES SIX DIAMONDS JACK,0.6254,0.0052,0.3694
SPADES QUEEN HEARTS SIX,0.5998,0.0054,0.3948
SPADES TWO DIAMONDS TEN,0.6554,0.0052,0.3394
SPADES THREE DIAMONDS TEN,0.744,0.021,0.235
SPADES FOUR DIAMONDS TEN,0.605,0.0038,0.3912
SPADES FIVE DIAMONDS TEN,0.6222,0.0052,0.3726
SPADES SIX DIAMONDS TEN,0.5972,0.005,0.3978
SPADES SEVEN DIAMONDS TEN,0.5928,0.0024,0.4048
SPADES EIGHT DIAMONDS TEN,0.56,0.0062,0.4338
SPADES NINE DIAMONDS TEN,0.5558,0.0048,0.4394
CLUBS FOUR DIAMONDS TEN,0.6178,0.0034,0.3788
CLUBS FIVE DIAMONDS TEN,0.6092,0.006,0.3848
CLUBS SIX DIAMONDS TEN,0.5822,0.0046,0.4132
CLUBS SEVEN DIAMONDS TEN,0.5688,0.004,0.4272
CLUBS EIGHT DIAMONDS TEN,0.5672,0.0034,0.4294
CLUBS NINE DIAMONDS TEN,0.5562,0.0046,0.4392
DIAMONDS THREE CLUBS JACK,0.7436,0.0194,0.237
CLUBS TEN DIAMONDS THREE,0.7456,0.0204,0.234
DIAMONDS THREE CLUBS KING,0.736,0.0222,0.2418
DIAMONDS THREE CLUBS QUEEN,0.7404,0.0226,0.237
DIAMONDS THREE CLUBS ACE,0.0114,0.9696,0.019
SPADES FOUR HEARTS JACK,0.619,0.0056,0.3754
SPADES FOUR HEARTS TEN,0.6162,0.0052,0.3786
SPADES FIVE SPADES TWO,0.611,0.0062,0.3828
SPADES FOUR SPADES TWO,0.6114,0.0064,0.3822
SPADES THREE SPADES TWO,0.7262,0.0216,0.2522
SPADES NINE SPADES TWO,0.617,0.006,0.377
SPADES EIGHT SPADES TWO,0.6126,0.0058,0.3816
SPADES SEVEN SPADES TWO,0.6228,0.0056,0.3716
SPADES SIX SPADES TWO,0.618,0.0052,0.3768
DIAMONDS QUEEN CLUBS TWO,0.6492,0.008,0.3428
CLUBS TWO HEARTS TWO,0.4512,0.0076,0.5412
DIAMONDS QUEEN HEARTS SEVEN,0.5984,0.0042,0.3974
HEARTS TWO HEARTS SEVEN,0.6046,0.0066,0.3888
HEARTS SIX DIAMONDS QUEEN,0.6034,0.0052,0.3914
HEARTS SIX HEARTS TWO,0.6106,0.0054,0.384
DIAMONDS QUEEN HEARTS NINE,0.5754,0.0054,0.4192
HEARTS TWO HEARTS NINE,0.6034,0.0046,0.392
DIAMONDS QUEEN HEARTS EIGHT,0.5894,0.0034,0.4072
HEARTS TWO HEARTS EIGHT,0.5868,0.0052,0.408
CLUBS NINE HEARTS TWO,0.6394,0.0046,0.356
CLUBS NINE DIAMONDS QUEEN,0.5746,0.0048,0.4206
CLUBS EIGHT HEARTS TWO,0.6398,0.0042,0.356
CLUBS EIGHT DIAMONDS QUEEN,0.5704,0.0046,0.425
CLUBS FIVE DIAMONDS QUEEN,0.623,0.0046,0.3724
CLUBS FIVE HEARTS TWO,0.6326,0.0066,0.3608
SPADES EIGHT HEARTS ACE,0.238,0.2298,0.5322
DIAMONDS QUEEN CLUBS FOUR,0.6112,0.0048,0.384
HEARTS TWO CLUBS FOUR,0.637,0.0052,0.3578
CLUBS SEVEN DIAMONDS QUEEN,0.6098,0.005,0.3852
CLUBS SEVEN HEARTS TWO,0.6438,0.0056,0.3506
SPADES EIGHT HEARTS QUEEN,0.6076,0.0062,0.3862
CLUBS SIX DIAMONDS QUEEN,0.6022,0.004,0.3938
CLUBS SIX HEARTS TWO,0.6356,0.005,0.3594
SPADES EIGHT HEARTS KING,0.6066,0.0054,0.388
DIAMONDS QUEEN SPADES SIX,0.6172,0.004,0.3788
HEARTS TWO SPADES SIX,0.6394,0.005,0.3556
HEARTS FOUR CLUBS QUEEN,0.6222,0.004,0.3738
DIAMONDS ACE CLUBS QUEEN,0.2396,0.0706,0.6898
DIAMONDS QUEEN SPADES SEVEN,0.6068,0.005,0.3882
SPADES SEVEN HEARTS TWO,0.6514,0.007,0.3416
HEARTS FOUR CLUBS KING,0.611,0.0072,0.3818
DIAMONDS ACE CLUBS KING,0.256,0.0452,0.6988
SPADES EIGHT DIAMONDS QUEEN,0.6032,0.0046,0.3922
SPADES EIGHT HEARTS TWO,0.641,0.006,0.353
HEARTS FOUR CLUBS ACE,0.2142,0.5206,0.2652
DIAMONDS ACE CLUBS ACE,0.0652,0.0132,0.9216
SPADES NINE DIAMONDS QUEEN,0.575,0.0046,0.4204
SPADES NINE HEARTS TWO,0.6374,0.0074,0.3552
HEARTS TWO SPADES TWO,0.4666,0.0062,0.5272
DIAMONDS QUEEN SPADES TWO,0.6566,0.0052,0.3382
HEARTS TWO SPADES THREE,0.7494,0.0182,0.2324
DIAMONDS QUEEN SPADES THREE,0.7456,0.0206,0.2338
HEARTS TWO SPADES FOUR,0.647,0.0058,0.3472
DIAMONDS QUEEN SPADES FOUR,0.617,0.0052,0.3778
HEARTS FOUR CLUBS TEN,0.6168,0.005,0.3782
CLUBS TEN DIAMONDS ACE,0.25,0.1284,0.6216
HEARTS TWO SPADES FIVE,0.637,0.0056,0.3574
DIAMONDS QUEEN SPADES FIVE,0.6136,0.0044,0.382
HEARTS FOUR CLUBS JACK,0.6282,0.0044,0.3674
DIAMONDS ACE CLUBS JACK,0.2422,0.085,0.6728
CLUBS FIVE CLUBS KING,0.576,0.005,0.419
CLUBS FIVE CLUBS QUEEN,0.578,0.0054,0.4166
CLUBS FIVE CLUBS ACE,0.2154,0.4296,0.355
CLUBS FIVE CLUBS JACK,0.5786,0.0042,0.4172
CLUBS TEN CLUBS FIVE,0.5814,0.0064,0.4122
SPADES KING CLUBS JACK,0.57,0.0058,0.4242
SPADES QUEEN CLUBS JACK,0.5502,0.0058,0.444
SPADES SIX CLUBS KING,0.598,0.0068,0.3952
SPADES SIX CLUBS QUEEN,0.6102,0.004,0.3858
SPADES EIGHT HEARTS JACK,0.5736,0.0034,0.423
SPADES SIX CLUBS ACE,0.2406,0.3922,0.3672
SPADES EIGHT HEARTS TEN,0.5678,0.0042,0.428
SPADES SIX CLUBS JACK,0.6002,0.0058,0.394
CLUBS TEN SPADES SIX,0.586,0.0068,0.4072
SPADES TEN CLUBS JACK,0.5488,0.0052,0.446
SPADES JACK CLUBS JACK,0.3136,0.0068,0.6796
SPADES QUEEN CLUBS SEVEN,0.6052,0.0062,0.3886
SPADES KING CLUBS SEVEN,0.5958,0.005,0.3992
SPADES SIX HEARTS TEN,0.5896,0.005,0.4054
SPADES SIX HEARTS JACK,0.623,0.006,0.371
SPADES SIX HEARTS ACE,0.244,0.3786,0.3774
SPADES SIX HEARTS KING,0.6134,0.0052,0.3814
SPADES SIX HEARTS QUEEN,0.6002,0.0038,0.396
SPADES JACK CLUBS SEVEN,0.5946,0.0042,0.4012
CLUBS SEVEN SPADES TEN,0.58,0.0044,0.4156
CLUBS TEN HEARTS SIX,0.5872,0.004,0.4088
HEARTS SIX CLUBS JACK,0.603,0.0046,0.3924
CLUBS ACE CLUBS JACK,0.2414,0.0884,0.6702
HEARTS SIX CLUBS QUEEN,0.6096,0.0042,0.3862
HEARTS SIX CLUBS KING,0.6056,0.0046,0.3898
HEARTS SIX CLUBS ACE,0.2386,0.3742,0.3872
CLUBS QUEEN CLUBS JACK,0.5376,0.0054,0.457
CLUBS KING CLUBS JACK,0.5458,0.0048,0.4494
DIAMONDS THREE HEARTS ACE,0.0222,0.9548,0.023
DIAMONDS THREE HEARTS QUEEN,0.7582,0.022,0.2198
DIAMONDS THREE HEARTS KING,0.7532,0.019,0.2278
CLUBS FIVE HEARTS JACK,0.6078,0.0054,0.3868
HEARTS FOUR SPADES TEN,0.6242,0.0042,0.3716
SPADES TEN DIAMONDS ACE,0.2536,0.1174,0.629
CLUBS FIVE HEARTS TEN,0.6084,0.0056,0.386
HEARTS FOUR SPADES JACK,0.6044,0.006,0.3896
SPADES JACK DIAMONDS ACE,0.2592,0.0894,0.6514
CLUBS FIVE HEARTS ACE,0.222,0.4608,0.3172
CLUBS FIVE HEARTS KING,0.6032,0.0058,0.391
SPADES QUEEN DIAMONDS ACE,0.261,0.0628,0.6762
HEARTS FOUR SPADES QUEEN,0.6164,0.0052,0.3784
SPADES FOUR CLUBS JACK,0.6158,0.005,0.3792
CLUBS FIVE HEARTS QUEEN,0.6086,0.0058,0.3856
SPADES KING HEARTS FOUR,0.6136,0.0034,0.383
SPADES KING DIAMONDS ACE,0.267,0.052,0.681
CLUBS TEN SPADES FOUR,0.6136,0.0032,0.3832
DIAMONDS QUEEN DIAMONDS ACE,0.2362,0.0586,0.7052
HEARTS TWO DIAMONDS ACE,0.2574,0.5336,0.209
HEARTS FOUR DIAMONDS QUEEN,0.6138,0.0044,0.3818
HEARTS FOUR HEARTS TWO,0.603,0.0046,0.3924
DIAMONDS THREE HEARTS TEN,0.7416,0.0198,0.2386
SPADES FOUR CLUBS KING,0.6248,0.0054,0.3698
HEARTS FIVE DIAMONDS QUEEN,0.6064,0.006,0.3876
HEARTS FIVE HEARTS TWO,0.5868,0.0056,0.4076
DIAMONDS THREE HEARTS JACK,0.7494,0.0216,0.229
SPADES FOUR CLUBS QUEEN,0.6112,0.0058,0.383
DIAMONDS QUEEN HEARTS TWO,0.647,0.0066,0.3464
DIAMONDS KING DIAMONDS QUEEN,0.5372,0.0052,0.4576
DIAMONDS KING HEARTS TWO,0.6458,0.0048,0.3494
HEARTS THREE DIAMONDS QUEEN,0.7446,0.0194,0.236
HEARTS THREE HEARTS TWO,0.7056,0.0196,0.2748
SPADES FOUR CLUBS ACE,0.2214,0.53,0.2486
HEARTS TWO CLUBS ACE,0.2566,0.5308,0.2126
DIAMONDS QUEEN CLUBS ACE,0.241,0.0652,0.6938
HEARTS TWO CLUBS QUEEN,0.653,0.0054,0.3416
DIAMONDS QUEEN CLUBS QUEEN,0.2996,0.0038,0.6966
HEARTS TWO CLUBS KING,0.6316,0.007,0.3614
DIAMONDS QUEEN CLUBS KING,0.577,0.0066,0.4164
SPADES EIGHT SPADES FIVE,0.5508,0.0064,0.4428
CLUBS TEN HEARTS TWO,0.6384,0.0054,0.3562
CLUBS TEN DIAMONDS QUEEN,0.5514,0.0044,0.4442
SPADES NINE SPADES FIVE,0.5864,0.0064,0.4072
HEARTS TWO CLUBS JACK,0.6488,0.005,0.3462
DIAMONDS QUEEN CLUBS JACK,0.5632,0.004,0.4328
SPADES SIX SPADES FIVE,0.5612,0.0064,0.4324
SPADES SEVEN SPADES FIVE,0.5616,0.0054,0.433
DIAMONDS FIVE CLUBS QUEEN,0.6054,0.0034,0.3912
SPADES EIGHT CLUBS ACE,0.2354,0.2306,0.534
DIAMONDS FIVE CLUBS KING,0.6246,0.0042,0.3712
SPADES EIGHT CLUBS KING,0.6122,0.0044,0.3834
CLUBS ACE DIAMONDS FIVE,0.2066,0.463,0.3304
SPADES EIGHT CLUBS QUEEN,0.5938,0.0046,0.4016
SPADES EIGHT CLUBS JACK,0.5818,0.0042,0.414
CLUBS TEN SPADES EIGHT,0.5676,0.0048,0.4276
CLUBS TEN DIAMONDS FIVE,0.6076,0.0052,0.3872
DIAMONDS FIVE CLUBS JACK,0.618,0.005,0.377
HEARTS JACK DIAMONDS TEN,0.5432,0.0044,0.4524
DIAMONDS TEN HEARTS TEN,0.3338,0.0046,0.6616
CLUBS NINE SPADES QUEEN,0.5766,0.0052,0.4182
SPADES KING CLUBS NINE,0.6016,0.006,0.3924
HEARTS SIX HEARTS KING,0.5662,0.0048,0.429
DIAMONDS KING SPADES SEVEN,0.59,0.0052,0.4048
HEARTS THREE SPADES SEVEN,0.7314,0.0166,0.252
SPADES KING DIAMONDS SEVEN,0.5928,0.0038,0.4034
