opposingHand,winningChance,drawChance,lostChance
SPADES NINE SPADES FOUR
HEARTS FIVE SPADES TEN,0.3812,0.025,0.5938
SPADES JACK HEARTS FIVE,0.371,0.018,0.611
SPADES FIVE CLUBS JACK,0.3806,0.0192,0.6002
SPADES FIVE CLUBS TEN,0.3786,0.0276,0.5938
CLUBS EIGHT CLUBS JACK,0.347,0.0152,0.6378
CLUBS EIGHT CLUBS TEN,0.3428,0.026,0.6312
CLUBS EIGHT CLUBS KING,0.3668,0.008,0.6252
SPADES FIVE CLUBS ACE,0.3716,0.0048,0.6236
CLUBS EIGHT CLUBS QUEEN,0.3602,0.0098,0.63
SPADES FIVE CLUBS KING,0.396,0.0074,0.5966
SPADES FIVE CLUBS QUEEN,0.3864,0.0132,0.6004
CLUBS EIGHT CLUBS ACE,0.3554,0.0052,0.6394
DIAMONDS TWO DIAMONDS THREE,0.5828,0.0448,0.3724
DIAMONDS TWO DIAMONDS FIVE,0.5594,0.0482,0.3924
SPADES KING HEARTS FIVE,0.3796,0.0084,0.612
DIAMONDS TWO DIAMONDS FOUR,0.6176,0.1038,0.2786
SPADES QUEEN HEARTS FIVE,0.3762,0.0098,0.614
DIAMONDS TWO DIAMONDS SEVEN,0.59,0.04,0.37
DIAMONDS TWO DIAMONDS SIX,0.5738,0.0426,0.3836
SPADES ACE HEARTS FIVE,0.3678,0.0052,0.627
DIAMONDS TWO DIAMONDS NINE,0.2802,0.465,0.2548
DIAMONDS TWO DIAMONDS EIGHT,0.5858,0.0378,0.3764
DIAMONDS THREE DIAMONDS FOUR,0.5978,0.099,0.3032
DIAMONDS THREE DIAMONDS FIVE,0.5642,0.0412,0.3946
CLUBS TWO SPADES FIVE,0.5968,0.0454,0.3578
CLUBS TWO SPADES TWO,0.4012,0.091,0.5078
CLUBS TWO SPADES THREE,0.6204,0.0508,0.3288
DIAMONDS THREE DIAMONDS EIGHT,0.575,0.0384,0.3866
SPADES EIGHT CLUBS TWO,0.6118,0.0442,0.344
DIAMONDS THREE DIAMONDS NINE,0.2912,0.457,0.2518
DIAMONDS THREE DIAMONDS SIX,0.5662,0.0432,0.3906
CLUBS TWO SPADES SIX,0.617,0.0426,0.3404
DIAMONDS THREE DIAMONDS SEVEN,0.5802,0.0458,0.374
SPADES SEVEN CLUBS TWO,0.629,0.0442,0.3268
CLUBS SIX CLUBS TWO,0.5786,0.042,0.3794
CLUBS SEVEN CLUBS TWO,0.59,0.0392,0.3708
CLUBS FOUR CLUBS TWO,0.6034,0.103,0.2936
CLUBS FIVE CLUBS TWO,0.5722,0.0416,0.3862
CLUBS JACK CLUBS TEN,0.3174,0.0156,0.667
DIAMONDS FOUR DIAMONDS SIX,0.603,0.0972,0.2998
CLUBS QUEEN CLUBS TEN,0.3186,0.0114,0.67
DIAMONDS FOUR DIAMONDS SEVEN,0.6098,0.0976,0.2926
CLUBS KING CLUBS TEN,0.3416,0.0086,0.6498
CLUBS ACE CLUBS TEN,0.345,0.0038,0.6512
CLUBS EIGHT CLUBS TWO,0.5794,0.0368,0.3838
DIAMONDS FIVE DIAMONDS FOUR,0.5842,0.1022,0.3136
CLUBS NINE CLUBS TWO,0.2944,0.4466,0.259
DIAMONDS NINE DIAMONDS FOUR,0.0664,0.8668,0.0668
DIAMONDS EIGHT DIAMONDS FOUR,0.6244,0.094,0.2816
CLUBS TWO CLUBS THREE,0.5904,0.045,0.3646
DIAMONDS NINE DIAMONDS FIVE,0.2496,0.396,0.3544
DIAMONDS TWO CLUBS JACK,0.4468,0.0184,0.5348
DIAMONDS EIGHT DIAMONDS FIVE,0.5434,0.0384,0.4182
DIAMONDS TWO CLUBS TEN,0.4328,0.0312,0.536
DIAMONDS FIVE DIAMONDS SEVEN,0.5372,0.0394,0.4234
DIAMONDS FIVE DIAMONDS SIX,0.5284,0.0402,0.4314
DIAMONDS TWO CLUBS ACE,0.4106,0.0064,0.583
DIAMONDS TWO CLUBS KING,0.4486,0.0102,0.5412
DIAMONDS TWO CLUBS QUEEN,0.4424,0.0146,0.543
DIAMONDS EIGHT DIAMONDS SIX,0.5396,0.0364,0.424
DIAMONDS NINE DIAMONDS SIX,0.2478,0.3386,0.4136
SPADES THREE HEARTS ACE,0.3968,0.0052,0.598
HEARTS KING SPADES THREE,0.4148,0.012,0.5732
DIAMONDS SEVEN DIAMONDS SIX,0.5148,0.0376,0.4476
SPADES THREE HEARTS QUEEN,0.416,0.0156,0.5684
SPADES THREE HEARTS JACK,0.4262,0.0178,0.556
SPADES THREE HEARTS TEN,0.419,0.027,0.554
DIAMONDS EIGHT DIAMONDS SEVEN,0.5136,0.0392,0.4472
DIAMONDS NINE DIAMONDS SEVEN,0.2546,0.2754,0.47
DIAMONDS NINE DIAMONDS EIGHT,0.2526,0.1956,0.5518
DIAMONDS KING HEARTS TEN,0.3566,0.0062,0.6372
HEARTS THREE HEARTS TEN,0.3924,0.0226,0.585
CLUBS SIX SPADES JACK,0.3848,0.0176,0.5976
DIAMONDS KING HEARTS JACK,0.373,0.007,0.62
HEARTS THREE HEARTS JACK,0.393,0.0182,0.5888
CLUBS SIX SPADES TEN,0.3764,0.0256,0.598
SPADES JACK SPADES FIVE,0.3414,0.0216,0.637
SPADES TEN SPADES FIVE,0.3476,0.03,0.6224
DIAMONDS KING HEARTS ACE,0.3606,0.0048,0.6346
HEARTS THREE HEARTS ACE,0.3998,0.004,0.5962
SPADES ACE CLUBS SIX,0.3846,0.0056,0.6098
DIAMONDS KING HEARTS QUEEN,0.368,0.0054,0.6266
HEARTS THREE HEARTS QUEEN,0.4104,0.0134,0.5762
SPADES KING CLUBS SIX,0.3806,0.0072,0.6122
DIAMONDS KING HEARTS KING,0.1788,0.0122,0.809
HEARTS THREE HEARTS KING,0.4104,0.0074,0.5822
SPADES QUEEN CLUBS SIX,0.381,0.0118,0.6072
SPADES QUEEN SPADES FIVE,0.3354,0.0162,0.6484
SPADES KING SPADES FIVE,0.359,0.0088,0.6322
SPADES ACE SPADES FIVE,0.3156,0.0072,0.6772
SPADES JACK CLUBS TEN,0.3316,0.0166,0.6518
SPADES TEN CLUBS TEN,0.1704,0.0386,0.791
SPADES ACE CLUBS TEN,0.3466,0.0054,0.648
SPADES KING CLUBS TEN,0.352,0.0062,0.6418
SPADES QUEEN CLUBS TEN,0.3236,0.011,0.6654
SPADES FIVE HEARTS QUEEN,0.3878,0.0148,0.5974
SPADES FIVE HEARTS KING,0.384,0.0102,0.6058
SPADES FIVE HEARTS ACE,0.3698,0.0042,0.626
CLUBS EIGHT SPADES TEN,0.353,0.0246,0.6224
HEARTS THREE SPADES JACK,0.4084,0.0162,0.5754
SPADES JACK DIAMONDS KING,0.3402,0.0096,0.6502
SPADES TEN DIAMONDS KING,0.3434,0.0088,0.6478
HEARTS THREE SPADES TEN,0.4154,0.0274,0.5572
CLUBS EIGHT SPADES JACK,0.377,0.019,0.604
SPADES ACE CLUBS EIGHT,0.3754,0.0032,0.6214
HEARTS FIVE CLUBS JACK,0.4002,0.0178,0.582
CLUBS SIX HEARTS ACE,0.3912,0.0052,0.6036
HEARTS FIVE CLUBS TEN,0.3944,0.0252,0.5804
CLUBS EIGHT SPADES QUEEN,0.3812,0.0096,0.6092
SPADES THREE CLUBS TEN,0.4182,0.0296,0.5522
CLUBS SIX HEARTS QUEEN,0.3984,0.0132,0.5884
CLUBS EIGHT SPADES KING,0.3874,0.009,0.6036
SPADES THREE CLUBS JACK,0.4202,0.0164,0.5634
CLUBS SIX HEARTS KING,0.391,0.0082,0.6008
DIAMONDS TWO HEARTS JACK,0.4342,0.0192,0.5466
SPADES THREE CLUBS QUEEN,0.4272,0.013,0.5598
DIAMONDS TWO HEARTS TEN,0.4316,0.028,0.5404
SPADES THREE CLUBS KING,0.4268,0.0082,0.565
HEARTS FIVE CLUBS ACE,0.383,0.005,0.612
SPADES FIVE HEARTS TEN,0.3844,0.0244,0.5912
SPADES THREE CLUBS ACE,0.4024,0.0074,0.5902
HEARTS FIVE CLUBS KING,0.401,0.0098,0.5892
SPADES FIVE HEARTS JACK,0.3898,0.0166,0.5936
HEARTS FIVE CLUBS QUEEN,0.3942,0.0124,0.5934
HEARTS THREE CLUBS KING,0.4338,0.0076,0.5586
DIAMONDS KING CLUBS KING,0.1688,0.0116,0.8196
HEARTS THREE CLUBS QUEEN,0.42,0.0104,0.5696
DIAMONDS KING CLUBS QUEEN,0.3746,0.005,0.6204
HEARTS FIVE HEARTS JACK,0.3842,0.0146,0.6012
HEARTS FIVE HEARTS TEN,0.3556,0.0296,0.6148
HEARTS THREE CLUBS ACE,0.4134,0.0048,0.5818
DIAMONDS KING CLUBS ACE,0.3744,0.0038,0.6218
SPADES ACE CLUBS QUEEN,0.3506,0.0068,0.6426
SPADES KING CLUBS QUEEN,0.3466,0.0062,0.6472
HEARTS THREE CLUBS JACK,0.4248,0.0168,0.5584
DIAMONDS KING CLUBS JACK,0.356,0.007,0.637
SPADES QUEEN CLUBS QUEEN,0.1616,0.0218,0.8166
HEARTS THREE CLUBS TEN,0.421,0.03,0.549
DIAMONDS KING CLUBS TEN,0.356,0.0086,0.6354
SPADES JACK CLUBS QUEEN,0.3424,0.0116,0.646
CLUBS SIX CLUBS QUEEN,0.3658,0.0136,0.6206
SPADES TEN CLUBS QUEEN,0.3384,0.012,0.6496
CLUBS SIX CLUBS KING,0.37,0.007,0.623
CLUBS SIX CLUBS ACE,0.3722,0.0048,0.623
HEARTS FIVE HEARTS KING,0.3798,0.0086,0.6116
HEARTS FIVE HEARTS QUEEN,0.3752,0.0114,0.6134
CLUBS SIX CLUBS TEN,0.3746,0.0216,0.6038
HEARTS FIVE HEARTS ACE,0.3564,0.0048,0.6388
CLUBS SIX CLUBS JACK,0.38,0.0174,0.6026
SPADES SEVEN HEARTS JACK,0.3848,0.0178,0.5974
SPADES SEVEN HEARTS TEN,0.3546,0.0254,0.62
DIAMONDS TWO CLUBS TWO,0.404,0.0768,0.5192
DIAMONDS TWO CLUBS THREE,0.6312,0.046,0.3228
HEARTS SIX DIAMONDS TWO,0.5994,0.0434,0.3572
DIAMONDS TWO HEARTS QUEEN,0.423,0.0086,0.5684
DIAMONDS TWO HEARTS SEVEN,0.6312,0.0402,0.3286
DIAMONDS TWO HEARTS KING,0.4296,0.0088,0.5616
DIAMONDS TWO HEARTS EIGHT,0.6308,0.0412,0.328
DIAMONDS TWO HEARTS ACE,0.4134,0.0052,0.5814
DIAMONDS TWO HEARTS NINE,0.296,0.4908,0.2132
DIAMONDS TWO DIAMONDS QUEEN,0.4132,0.013,0.5738
DIAMONDS TWO HEARTS TWO,0.3982,0.0848,0.517
DIAMONDS TWO DIAMONDS KING,0.4114,0.0086,0.58
HEARTS THREE DIAMONDS TWO,0.6292,0.0474,0.3234
DIAMONDS TWO DIAMONDS ACE,0.397,0.0064,0.5966
HEARTS FOUR DIAMONDS TWO,0.6522,0.1028,0.245
DIAMONDS TWO HEARTS FIVE,0.5984,0.0478,0.3538
SPADES SEVEN HEARTS ACE,0.3916,0.0054,0.603
DIAMONDS TWO DIAMONDS TEN,0.4076,0.0244,0.568
SPADES SEVEN HEARTS KING,0.3788,0.0094,0.6118
DIAMONDS TWO DIAMONDS JACK,0.4068,0.017,0.5762
SPADES SEVEN HEARTS QUEEN,0.3968,0.011,0.5922
DIAMONDS TWO SPADES EIGHT,0.624,0.0412,0.3348
DIAMONDS TWO SPADES SEVEN,0.618,0.0452,0.3368
DIAMONDS TWO SPADES SIX,0.6034,0.0452,0.3514
DIAMONDS TWO SPADES FIVE,0.5796,0.0466,0.3738
DIAMONDS TWO SPADES THREE,0.6196,0.046,0.3344
DIAMONDS TWO SPADES TWO,0.4124,0.0836,0.504
CLUBS NINE DIAMONDS TWO,0.3118,0.4784,0.2098
CLUBS EIGHT DIAMONDS TWO,0.6298,0.0436,0.3266
DIAMONDS TWO CLUBS SEVEN,0.633,0.0448,0.3222
CLUBS SIX DIAMONDS TWO,0.6146,0.0486,0.3368
DIAMONDS TWO CLUBS FIVE,0.617,0.039,0.344
DIAMONDS TWO CLUBS FOUR,0.6606,0.0954,0.244
CLUBS FOUR SPADES FIVE,0.6058,0.1028,0.2914
CLUBS FOUR SPADES THREE,0.629,0.1102,0.2608
CLUBS FOUR SPADES TWO,0.6334,0.1104,0.2562
CLUBS FOUR SPADES EIGHT,0.666,0.0994,0.2346
CLUBS FOUR SPADES SEVEN,0.6312,0.1066,0.2622
CLUBS FOUR SPADES SIX,0.6414,0.0992,0.2594
SPADES ACE DIAMONDS SIX,0.3804,0.0054,0.6142
SPADES QUEEN DIAMONDS SIX,0.389,0.0118,0.5992
SPADES KING DIAMONDS SIX,0.3826,0.0092,0.6082
SPADES TEN DIAMONDS SIX,0.3696,0.0314,0.599
SPADES JACK DIAMONDS SIX,0.3862,0.0244,0.5894
SPADES QUEEN SPADES TWO,0.3802,0.017,0.6028
SPADES KING SPADES TWO,0.3742,0.0114,0.6144
SPADES ACE SPADES TWO,0.3688,0.0072,0.624
DIAMONDS JACK CLUBS JACK,0.1836,0.0268,0.7896
DIAMONDS JACK CLUBS TEN,0.3464,0.0126,0.641
DIAMONDS JACK CLUBS KING,0.3834,0.0054,0.6112
DIAMONDS JACK CLUBS QUEEN,0.363,0.0096,0.6274
DIAMONDS THREE DIAMONDS JACK,0.4002,0.014,0.5858
DIAMONDS THREE DIAMONDS TEN,0.4044,0.0254,0.5702
DIAMONDS JACK CLUBS ACE,0.3798,0.0048,0.6154
DIAMONDS THREE DIAMONDS KING,0.4022,0.008,0.5898
HEARTS THREE DIAMONDS THREE,0.4174,0.074,0.5086
DIAMONDS THREE DIAMONDS QUEEN,0.4122,0.0132,0.5746
DIAMONDS THREE HEARTS TWO,0.6428,0.0456,0.3116
HEARTS FIVE DIAMONDS THREE,0.5948,0.043,0.3622
DIAMONDS THREE DIAMONDS ACE,0.3952,0.0056,0.5992
HEARTS FOUR DIAMONDS THREE,0.6366,0.0984,0.265
DIAMONDS THREE HEARTS SEVEN,0.6192,0.0416,0.3392
HEARTS SIX DIAMONDS THREE,0.6098,0.043,0.3472
DIAMONDS THREE HEARTS NINE,0.304,0.4846,0.2114
HEARTS JACK DIAMONDS FOUR,0.2928,0.0534,0.6538
HEARTS KING HEARTS ACE,0.3404,0.0054,0.6542
SPADES TEN SPADES TWO,0.3684,0.028,0.6036
DIAMONDS THREE HEARTS EIGHT,0.6186,0.0432,0.3382
HEARTS TEN DIAMONDS FOUR,0.2834,0.0726,0.644
SPADES JACK SPADES TWO,0.3796,0.0212,0.5992
HEARTS QUEEN DIAMONDS FOUR,0.28,0.0422,0.6778
HEARTS KING DIAMONDS FOUR,0.2878,0.0326,0.6796
HEARTS ACE DIAMONDS FOUR,0.2906,0.0192,0.6902
DIAMONDS THREE SPADES EIGHT,0.62,0.0444,0.3356
DIAMONDS THREE SPADES SEVEN,0.6166,0.0414,0.342
DIAMONDS THREE SPADES SIX,0.5938,0.045,0.3612
CLUBS SIX DIAMONDS THREE,0.6128,0.0396,0.3476
CLUBS ACE DIAMONDS FOUR,0.2816,0.0216,0.6968
CLUBS SIX CLUBS FIVE,0.5348,0.0382,0.427
CLUBS SEVEN CLUBS FIVE,0.522,0.0428,0.4352
CLUBS SEVEN DIAMONDS THREE,0.6074,0.0476,0.345
DIAMONDS THREE CLUBS FOUR,0.6396,0.0992,0.2612
CLUBS QUEEN DIAMONDS FOUR,0.2822,0.043,0.6748
DIAMONDS THREE CLUBS FIVE,0.5848,0.0484,0.3668
CLUBS KING DIAMONDS FOUR,0.2964,0.0312,0.6724
DIAMONDS THREE CLUBS TWO,0.6282,0.0428,0.329
DIAMONDS FOUR CLUBS TEN,0.282,0.0722,0.6458
DIAMONDS THREE CLUBS THREE,0.4084,0.0798,0.5118
DIAMONDS FOUR CLUBS JACK,0.2908,0.0594,0.6498
DIAMONDS THREE SPADES FIVE,0.5782,0.0426,0.3792
DIAMONDS THREE SPADES TWO,0.6218,0.0458,0.3324
DIAMONDS THREE SPADES THREE,0.399,0.08,0.521
CLUBS EIGHT DIAMONDS THREE,0.634,0.0452,0.3208
CLUBS NINE DIAMONDS THREE,0.3096,0.4744,0.216
SPADES SEVEN CLUBS ACE,0.381,0.0052,0.6138
SPADES SEVEN CLUBS QUEEN,0.3902,0.0098,0.6
SPADES SEVEN CLUBS KING,0.4026,0.0094,0.588
CLUBS FIVE SPADES SEVEN,0.56,0.0434,0.3966
SPADES SEVEN CLUBS TEN,0.3638,0.0268,0.6094
CLUBS FIVE SPADES SIX,0.5454,0.044,0.4106
SPADES SEVEN CLUBS JACK,0.3796,0.0158,0.6046
SPADES EIGHT CLUBS FIVE,0.5772,0.039,0.3838
CLUBS FIVE SPADES THREE,0.5972,0.042,0.3608
CLUBS FIVE SPADES TWO,0.5984,0.0374,0.3642
CLUBS FIVE SPADES FIVE,0.3058,0.0708,0.6234
CLUBS NINE CLUBS FIVE,0.245,0.408,0.347
CLUBS EIGHT CLUBS FIVE,0.5436,0.0396,0.4168
CLUBS ACE CLUBS QUEEN,0.3348,0.0032,0.662
CLUBS KING CLUBS QUEEN,0.3466,0.006,0.6474
DIAMONDS TEN DIAMONDS FOUR,0.2646,0.0704,0.665
DIAMONDS NINE CLUBS TEN,0.2742,0.0702,0.6556
DIAMONDS JACK DIAMONDS FOUR,0.2706,0.0552,0.6742
DIAMONDS NINE CLUBS JACK,0.28,0.0604,0.6596
DIAMONDS ACE DIAMONDS FOUR,0.2716,0.0196,0.7088
HEARTS FOUR DIAMONDS FOUR,0.3068,0.0634,0.6298
DIAMONDS JACK HEARTS TEN,0.3562,0.0104,0.6334
DIAMONDS TWO SPADES TEN,0.4114,0.0312,0.5574
DIAMONDS NINE CLUBS ACE,0.2702,0.0252,0.7046
HEARTS FIVE DIAMONDS FOUR,0.6136,0.105,0.2814
HEARTS JACK DIAMONDS JACK,0.1794,0.0296,0.791
DIAMONDS TWO SPADES JACK,0.4234,0.0216,0.555
DIAMONDS QUEEN DIAMONDS FOUR,0.2692,0.0442,0.6866
HEARTS TWO DIAMONDS FOUR,0.6544,0.1012,0.2444
DIAMONDS NINE CLUBS QUEEN,0.2824,0.044,0.6736
DIAMONDS KING DIAMONDS FOUR,0.2794,0.0306,0.69
HEARTS THREE DIAMONDS FOUR,0.6444,0.0982,0.2574
DIAMONDS NINE CLUBS KING,0.2926,0.0352,0.6722
HEARTS ACE DIAMONDS JACK,0.363,0.0026,0.6344
SPADES ACE DIAMONDS TWO,0.4098,0.0042,0.586
DIAMONDS JACK HEARTS QUEEN,0.3524,0.0072,0.6404
SPADES QUEEN DIAMONDS TWO,0.4244,0.0138,0.5618
HEARTS KING DIAMONDS JACK,0.376,0.0056,0.6184
SPADES KING DIAMONDS TWO,0.4122,0.0126,0.5752
SPADES JACK SPADES SEVEN,0.3352,0.0164,0.6484
SPADES TEN SPADES SEVEN,0.3238,0.028,0.6482
CLUBS SEVEN CLUBS THREE,0.5854,0.0368,0.3778
CLUBS SIX CLUBS THREE,0.5728,0.0396,0.3876
CLUBS FIVE CLUBS THREE,0.5556,0.0424,0.402
CLUBS FOUR CLUBS THREE,0.6034,0.1018,0.2948
CLUBS NINE CLUBS THREE,0.2832,0.4626,0.2542
CLUBS EIGHT CLUBS THREE,0.5702,0.0418,0.388
CLUBS THREE SPADES FIVE,0.5814,0.0448,0.3738
CLUBS THREE SPADES THREE,0.3922,0.0776,0.5302
CLUBS THREE SPADES TWO,0.6246,0.0442,0.3312
SPADES SIX CLUBS THREE,0.6032,0.0418,0.355
SPADES SEVEN CLUBS THREE,0.6116,0.042,0.3464
SPADES EIGHT CLUBS THREE,0.6138,0.0476,0.3386
SPADES TWO DIAMONDS FOUR,0.6328,0.1152,0.252
SPADES THREE DIAMONDS FOUR,0.6216,0.1088,0.2696
SPADES FIVE DIAMONDS FOUR,0.6166,0.1012,0.2822
SPADES SIX DIAMONDS FOUR,0.6426,0.098,0.2594
SPADES SEVEN DIAMONDS FOUR,0.6402,0.1088,0.251
SPADES EIGHT DIAMONDS FOUR,0.6704,0.1034,0.2262
CLUBS FIVE DIAMONDS FOUR,0.6272,0.098,0.2748
CLUBS FOUR DIAMONDS FOUR,0.3174,0.0536,0.629
CLUBS SEVEN DIAMONDS FOUR,0.6474,0.1022,0.2504
CLUBS SIX DIAMONDS FOUR,0.6426,0.1002,0.2572
CLUBS NINE DIAMONDS FOUR,0.0738,0.9062,0.02
CLUBS EIGHT DIAMONDS FOUR,0.6504,0.0988,0.2508
DIAMONDS FOUR HEARTS SEVEN,0.6524,0.1018,0.2458
HEARTS SIX DIAMONDS FOUR,0.6524,0.0942,0.2534
HEARTS NINE DIAMONDS FOUR,0.072,0.904,0.024
DIAMONDS FOUR HEARTS EIGHT,0.6578,0.1014,0.2408
CLUBS THREE DIAMONDS FOUR,0.6412,0.1036,0.2552
CLUBS TWO DIAMONDS FOUR,0.6568,0.1104,0.2328
DIAMONDS TEN DIAMONDS FIVE,0.3762,0.0238,0.6
DIAMONDS JACK DIAMONDS FIVE,0.3698,0.0156,0.6146
DIAMONDS NINE HEARTS QUEEN,0.272,0.0444,0.6836
HEARTS KING DIAMONDS NINE,0.276,0.0364,0.6876
DIAMONDS NINE HEARTS ACE,0.2854,0.0224,0.6922
DIAMONDS NINE HEARTS TEN,0.2638,0.0724,0.6638
DIAMONDS NINE HEARTS JACK,0.2702,0.0638,0.666
CLUBS KING DIAMONDS SIX,0.3878,0.0064,0.6058
CLUBS QUEEN DIAMONDS SIX,0.3896,0.0106,0.5998
CLUBS ACE DIAMONDS SIX,0.3778,0.0036,0.6186
SPADES KING DIAMONDS FOUR,0.2714,0.0324,0.6962
SPADES ACE SPADES SEVEN,0.3308,0.004,0.6652
SPADES QUEEN DIAMONDS FOUR,0.269,0.0414,0.6896
SPADES QUEEN SPADES SEVEN,0.3484,0.013,0.6386
CLUBS JACK DIAMONDS SIX,0.4068,0.0162,0.577
SPADES KING SPADES SEVEN,0.3438,0.0068,0.6494
SPADES ACE DIAMONDS FOUR,0.2636,0.02,0.7164
CLUBS TEN DIAMONDS SIX,0.3882,0.0232,0.5886
CLUBS NINE CLUBS FOUR,0.0724,0.8558,0.0718
CLUBS EIGHT CLUBS FOUR,0.6182,0.0992,0.2826
SPADES JACK DIAMONDS FOUR,0.2718,0.061,0.6672
SPADES TEN DIAMONDS FOUR,0.2672,0.0802,0.6526
CLUBS FOUR CLUBS FIVE,0.5822,0.102,0.3158
CLUBS SEVEN CLUBS FOUR,0.6054,0.0904,0.3042
CLUBS SIX CLUBS FOUR,0.606,0.097,0.297
CLUBS SEVEN SPADES EIGHT,0.5308,0.0394,0.4298
CLUBS SEVEN SPADES SIX,0.539,0.043,0.418
CLUBS SEVEN SPADES SEVEN,0.2994,0.0712,0.6294
CLUBS SEVEN SPADES FIVE,0.5536,0.0436,0.4028
CLUBS SEVEN SPADES THREE,0.6076,0.0446,0.3478
CLUBS SEVEN SPADES TWO,0.6306,0.0422,0.3272
CLUBS NINE CLUBS SEVEN,0.25,0.2616,0.4884
CLUBS EIGHT CLUBS SEVEN,0.5176,0.0344,0.448
HEARTS SIX DIAMONDS FIVE,0.5686,0.0412,0.3902
DIAMONDS FIVE HEARTS SEVEN,0.5632,0.0386,0.3982
DIAMONDS FIVE HEARTS EIGHT,0.578,0.0402,0.3818
HEARTS NINE DIAMONDS FIVE,0.258,0.4346,0.3074
DIAMONDS QUEEN DIAMONDS FIVE,0.3616,0.0152,0.6232
HEARTS TWO DIAMONDS FIVE,0.592,0.049,0.359
HEARTS KING HEARTS EIGHT,0.372,0.0082,0.6198
DIAMONDS KING DIAMONDS FIVE,0.3604,0.0102,0.6294
HEARTS THREE DIAMONDS FIVE,0.5848,0.0414,0.3738
HEARTS QUEEN HEARTS EIGHT,0.3616,0.0122,0.6262
DIAMONDS ACE DIAMONDS FIVE,0.3544,0.0064,0.6392
HEARTS FOUR DIAMONDS FIVE,0.6182,0.1004,0.2814
HEARTS FIVE DIAMONDS FIVE,0.3092,0.0762,0.6146
HEARTS ACE HEARTS EIGHT,0.3688,0.0032,0.628
CLUBS FOUR DIAMONDS FIVE,0.6158,0.1012,0.283
CLUBS FIVE DIAMONDS FIVE,0.3252,0.0726,0.6022
CLUBS SIX DIAMONDS FIVE,0.5568,0.042,0.4012
CLUBS SEVEN DIAMONDS FIVE,0.567,0.0394,0.3936
CLUBS TWO DIAMONDS FIVE,0.6046,0.0414,0.354
CLUBS THREE DIAMONDS FIVE,0.5978,0.0402,0.362
SPADES THREE DIAMONDS FIVE,0.5832,0.0472,0.3696
SPADES TWO DIAMONDS FIVE,0.6086,0.0416,0.3498
SPADES JACK DIAMONDS EIGHT,0.3648,0.0166,0.6186
SPADES FIVE DIAMONDS FIVE,0.2938,0.0836,0.6226
HEARTS JACK CLUBS TEN,0.3528,0.0156,0.6316
SPADES TEN DIAMONDS EIGHT,0.3682,0.0226,0.6092
HEARTS JACK CLUBS JACK,0.1826,0.0336,0.7838
HEARTS JACK CLUBS QUEEN,0.3524,0.012,0.6356
CLUBS NINE DIAMONDS FIVE,0.268,0.4308,0.3012
HEARTS JACK CLUBS KING,0.3632,0.0076,0.6292
CLUBS EIGHT DIAMONDS FIVE,0.5692,0.0376,0.3932
HEARTS JACK CLUBS ACE,0.3512,0.0042,0.6446
SPADES SEVEN DIAMONDS FIVE,0.5718,0.0366,0.3916
SPADES KING DIAMONDS EIGHT,0.3938,0.0086,0.5976
SPADES SIX DIAMONDS FIVE,0.5586,0.043,0.3984
SPADES QUEEN DIAMONDS EIGHT,0.3702,0.0124,0.6174
SPADES EIGHT DIAMONDS FIVE,0.5536,0.0484,0.398
SPADES ACE DIAMONDS EIGHT,0.3788,0.004,0.6172
DIAMONDS TEN DIAMONDS SIX,0.3674,0.0224,0.6102
HEARTS ACE DIAMONDS SEVEN,0.3822,0.0044,0.6134
DIAMONDS JACK DIAMONDS SIX,0.37,0.0146,0.6154
HEARTS QUEEN DIAMONDS SEVEN,0.403,0.0098,0.5872
HEARTS KING DIAMONDS SEVEN,0.3914,0.0062,0.6024
DIAMONDS ACE DIAMONDS SIX,0.3788,0.0052,0.616
HEARTS FOUR DIAMONDS SIX,0.6298,0.1058,0.2644
SPADES TWO HEARTS JACK,0.4158,0.0188,0.5654
HEARTS FIVE DIAMONDS SIX,0.568,0.0394,0.3926
SPADES TWO HEARTS TEN,0.4122,0.03,0.5578
DIAMONDS QUEEN DIAMONDS SIX,0.376,0.0106,0.6134
HEARTS TWO DIAMONDS SIX,0.6154,0.0412,0.3434
DIAMONDS KING DIAMONDS SIX,0.3716,0.0062,0.6222
HEARTS THREE DIAMONDS SIX,0.618,0.044,0.338
HEARTS EIGHT DIAMONDS SIX,0.5758,0.0356,0.3886
HEARTS NINE DIAMONDS SIX,0.2734,0.3364,0.3902
HEARTS SIX DIAMONDS SIX,0.3062,0.071,0.6228
HEARTS SEVEN DIAMONDS SIX,0.5554,0.0386,0.406
HEARTS TEN DIAMONDS SEVEN,0.3796,0.0256,0.5948
CLUBS TWO DIAMONDS SIX,0.6178,0.0384,0.3438
HEARTS JACK DIAMONDS SEVEN,0.394,0.0166,0.5894
CLUBS THREE DIAMONDS SIX,0.6116,0.0408,0.3476
DIAMONDS EIGHT CLUBS JACK,0.3814,0.0158,0.6028
CLUBS SEVEN DIAMONDS SIX,0.5586,0.0446,0.3968
CLUBS SIX DIAMONDS SIX,0.3106,0.082,0.6074
DIAMONDS EIGHT CLUBS TEN,0.3638,0.0244,0.6118
CLUBS FIVE DIAMONDS SIX,0.5664,0.0446,0.389
CLUBS FOUR DIAMONDS SIX,0.6458,0.1016,0.2526
HEARTS ACE HEARTS JACK,0.35,0.0034,0.6466
DIAMONDS EIGHT CLUBS ACE,0.3902,0.0052,0.6046
HEARTS JACK HEARTS QUEEN,0.3372,0.0072,0.6556
DIAMONDS EIGHT CLUBS KING,0.418,0.0078,0.5742
CLUBS NINE DIAMONDS SIX,0.2596,0.3446,0.3958
HEARTS KING HEARTS JACK,0.3292,0.0072,0.6636
DIAMONDS EIGHT CLUBS QUEEN,0.3808,0.0106,0.6086
CLUBS EIGHT DIAMONDS SIX,0.5676,0.0402,0.3922
SPADES TEN HEARTS KING,0.342,0.0084,0.6496
SPADES FIVE DIAMONDS SIX,0.5448,0.0482,0.407
HEARTS ACE SPADES TWO,0.4116,0.007,0.5814
SPADES JACK HEARTS KING,0.3508,0.0074,0.6418
SPADES THREE DIAMONDS SIX,0.6064,0.0436,0.35
SPADES TWO HEARTS QUEEN,0.4214,0.013,0.5656
SPADES ACE SPADES KING,0.3132,0.0064,0.6804
HEARTS KING SPADES TWO,0.4372,0.0088,0.554
SPADES TWO DIAMONDS SIX,0.6106,0.0464,0.343
HEARTS TEN HEARTS EIGHT,0.3484,0.022,0.6296
HEARTS JACK HEARTS EIGHT,0.3596,0.017,0.6234
SPADES EIGHT DIAMONDS SIX,0.56,0.042,0.398
SPADES SEVEN DIAMONDS SIX,0.5432,0.042,0.4148
SPADES SIX DIAMONDS SIX,0.3038,0.0782,0.618
SPADES KING HEARTS KING,0.168,0.0164,0.8156
SPADES QUEEN HEARTS KING,0.3484,0.0064,0.6452
CLUBS ACE CLUBS KING,0.3284,0.0042,0.6674
SPADES ACE HEARTS KING,0.3514,0.0048,0.6438
SPADES ACE HEARTS JACK,0.3626,0.0058,0.6316
SPADES QUEEN HEARTS JACK,0.341,0.0088,0.6502
SPADES KING HEARTS JACK,0.3482,0.0084,0.6434
SPADES TEN DIAMONDS TEN,0.175,0.0382,0.7868
SPADES JACK DIAMONDS TEN,0.323,0.0142,0.6628
SPADES ACE DIAMONDS TEN,0.3418,0.0058,0.6524
SPADES JACK HEARTS JACK,0.1704,0.0308,0.7988
SPADES TEN HEARTS JACK,0.338,0.0138,0.6482
SPADES QUEEN DIAMONDS TEN,0.35,0.0102,0.6398
SPADES KING DIAMONDS TEN,0.353,0.0074,0.6396
SPADES EIGHT DIAMONDS SEVEN,0.53,0.0398,0.4302
SPADES SEVEN DIAMONDS SEVEN,0.2936,0.0646,0.6418
SPADES SIX DIAMONDS SEVEN,0.5436,0.045,0.4114
DIAMONDS KING DIAMONDS SEVEN,0.3756,0.0056,0.6188
HEARTS THREE DIAMONDS SEVEN,0.634,0.0386,0.3274
HEARTS KING DIAMONDS FIVE,0.3946,0.005,0.6004
DIAMONDS QUEEN DIAMONDS SEVEN,0.3568,0.0114,0.6318
HEARTS TWO DIAMONDS SEVEN,0.6166,0.0448,0.3386
HEARTS QUEEN DIAMONDS FIVE,0.394,0.0136,0.5924
HEARTS FIVE DIAMONDS SEVEN,0.5642,0.0464,0.3894
DIAMONDS ACE DIAMONDS SEVEN,0.3626,0.0046,0.6328
HEARTS FOUR DIAMONDS SEVEN,0.6466,0.1002,0.2532
HEARTS ACE DIAMONDS FIVE,0.3752,0.0048,0.62
HEARTS SEVEN DIAMONDS SEVEN,0.2978,0.0624,0.6398
HEARTS SIX DIAMONDS SEVEN,0.5624,0.0422,0.3954
HEARTS NINE DIAMONDS SEVEN,0.2678,0.2796,0.4526
DIAMONDS SEVEN HEARTS EIGHT,0.5422,0.0418,0.416
DIAMONDS JACK DIAMONDS SEVEN,0.3664,0.0198,0.6138
HEARTS JACK DIAMONDS FIVE,0.4096,0.0178,0.5726
DIAMONDS TEN DIAMONDS SEVEN,0.3626,0.0182,0.6192
DIAMONDS FIVE HEARTS TEN,0.4094,0.021,0.5696
SPADES KING CLUBS TWO,0.4162,0.0102,0.5736
HEARTS KING CLUBS KING,0.173,0.0088,0.8182
CLUBS EIGHT DIAMONDS SEVEN,0.5466,0.0398,0.4136
SPADES QUEEN CLUBS TWO,0.4264,0.0136,0.56
HEARTS KING CLUBS QUEEN,0.3612,0.0074,0.6314
CLUBS NINE DIAMONDS SEVEN,0.2648,0.2774,0.4578
SPADES TWO CLUBS JACK,0.439,0.0194,0.5416
SPADES ACE CLUBS TWO,0.3964,0.006,0.5976
SPADES TWO CLUBS TEN,0.4306,0.0266,0.5428
HEARTS KING CLUBS ACE,0.3688,0.0062,0.625
CLUBS SIX CLUBS SEVEN,0.5354,0.0346,0.43
SPADES TWO CLUBS KING,0.4166,0.0082,0.5752
SPADES TWO DIAMONDS SEVEN,0.633,0.0438,0.3232
CLUBS EIGHT CLUBS SIX,0.5298,0.039,0.4312
SPADES THREE DIAMONDS SEVEN,0.6118,0.0438,0.3444
SPADES TWO CLUBS QUEEN,0.4292,0.0124,0.5584
CLUBS NINE CLUBS SIX,0.2504,0.3174,0.4322
HEARTS KING CLUBS JACK,0.3574,0.0058,0.6368
SPADES FIVE DIAMONDS SEVEN,0.5608,0.044,0.3952
SPADES TWO CLUBS ACE,0.4064,0.0068,0.5868
HEARTS KING CLUBS TEN,0.3732,0.0066,0.6202
CLUBS SIX SPADES TWO,0.6244,0.0436,0.332
CLUBS SIX SPADES THREE,0.5948,0.0438,0.3614
CLUBS TWO DIAMONDS SEVEN,0.6278,0.0408,0.3314
CLUBS THREE DIAMONDS SEVEN,0.6104,0.0386,0.351
CLUBS SIX SPADES FIVE,0.5446,0.044,0.4114
CLUBS FOUR DIAMONDS SEVEN,0.6472,0.0978,0.255
CLUBS SIX SPADES SIX,0.3128,0.0676,0.6196
CLUBS FIVE DIAMONDS SEVEN,0.5674,0.0424,0.3902
CLUBS SIX SPADES SEVEN,0.5576,0.0428,0.3996
CLUBS SIX DIAMONDS SEVEN,0.5446,0.0428,0.4126
CLUBS SIX SPADES EIGHT,0.5454,0.0406,0.414
SPADES JACK CLUBS TWO,0.4246,0.0188,0.5566
SPADES TEN CLUBS TWO,0.4164,0.0276,0.556
CLUBS SEVEN DIAMONDS SEVEN,0.3002,0.0664,0.6334
CLUBS TWO CLUBS QUEEN,0.403,0.015,0.582
CLUBS TWO CLUBS KING,0.3976,0.0092,0.5932
CLUBS THREE DIAMONDS EIGHT,0.629,0.0482,0.3228
CLUBS TWO CLUBS ACE,0.401,0.0052,0.5938
CLUBS TWO DIAMONDS EIGHT,0.6402,0.0444,0.3154
DIAMONDS EIGHT HEARTS SEVEN,0.5432,0.0378,0.419
HEARTS SIX DIAMONDS EIGHT,0.5742,0.0408,0.385
DIAMONDS EIGHT HEARTS NINE,0.2628,0.2146,0.5226
CLUBS TWO CLUBS TEN,0.4038,0.0264,0.5698
DIAMONDS EIGHT HEARTS EIGHT,0.2972,0.0568,0.646
CLUBS TWO CLUBS JACK,0.4104,0.0198,0.5698
CLUBS NINE DIAMONDS EIGHT,0.2664,0.2168,0.5168
CLUBS EIGHT DIAMONDS EIGHT,0.3002,0.0584,0.6414
CLUBS FIVE DIAMONDS EIGHT,0.5882,0.0422,0.3696
SPADES ACE SPADES THREE,0.3668,0.0044,0.6288
CLUBS FOUR DIAMONDS EIGHT,0.6798,0.0926,0.2276
SPADES QUEEN SPADES THREE,0.3764,0.0142,0.6094
CLUBS SEVEN DIAMONDS EIGHT,0.5434,0.0376,0.419
CLUBS SIX DIAMONDS EIGHT,0.5594,0.0388,0.4018
SPADES KING SPADES THREE,0.3638,0.0102,0.626
DIAMONDS QUEEN DIAMONDS EIGHT,0.3744,0.0134,0.6122
HEARTS TWO DIAMONDS EIGHT,0.6128,0.0364,0.3508
DIAMONDS KING DIAMONDS EIGHT,0.3758,0.009,0.6152
HEARTS THREE DIAMONDS EIGHT,0.6218,0.0466,0.3316
DIAMONDS ACE DIAMONDS EIGHT,0.364,0.0056,0.6304
HEARTS FOUR DIAMONDS EIGHT,0.6616,0.0986,0.2398
HEARTS FIVE DIAMONDS EIGHT,0.5832,0.041,0.3758
DIAMONDS EIGHT DIAMONDS TEN,0.3434,0.024,0.6326
DIAMONDS EIGHT DIAMONDS JACK,0.3556,0.0136,0.6308
SPADES JACK SPADES THREE,0.3672,0.02,0.6128
SPADES TEN SPADES THREE,0.372,0.0288,0.5992
CLUBS FOUR HEARTS ACE,0.2852,0.0202,0.6946
CLUBS FOUR HEARTS QUEEN,0.2828,0.0392,0.678
CLUBS FOUR HEARTS KING,0.2802,0.0344,0.6854
CLUBS SIX HEARTS TEN,0.3878,0.0286,0.5836
CLUBS SIX HEARTS JACK,0.3944,0.0162,0.5894
SPADES FIVE DIAMONDS EIGHT,0.563,0.0364,0.4006
DIAMONDS EIGHT SPADES TWO,0.6142,0.0402,0.3456
SPADES THREE DIAMONDS EIGHT,0.625,0.0464,0.3286
CLUBS FOUR HEARTS JACK,0.29,0.0582,0.6518
SPADES EIGHT DIAMONDS EIGHT,0.2802,0.0576,0.6622
SPADES TEN DIAMONDS QUEEN,0.3414,0.0136,0.645
SPADES TEN HEARTS TWO,0.4146,0.0282,0.5572
SPADES JACK HEARTS EIGHT,0.3632,0.0202,0.6166
CLUBS FOUR HEARTS TEN,0.2862,0.0734,0.6404
SPADES TEN HEARTS EIGHT,0.3572,0.0254,0.6174
SPADES JACK HEARTS TWO,0.4144,0.0176,0.568
SPADES JACK DIAMONDS QUEEN,0.3432,0.0126,0.6442
SPADES SIX DIAMONDS EIGHT,0.5562,0.0422,0.4016
SPADES SEVEN DIAMONDS EIGHT,0.5324,0.0464,0.4212
SPADES ACE HEARTS TWO,0.4054,0.006,0.5886
SPADES ACE DIAMONDS QUEEN,0.3472,0.0064,0.6464
SPADES ACE HEARTS EIGHT,0.3782,0.004,0.6178
SPADES KING HEARTS EIGHT,0.392,0.0088,0.5992
SPADES QUEEN HEARTS TWO,0.422,0.0128,0.5652
SPADES QUEEN DIAMONDS QUEEN,0.1704,0.0222,0.8074
SPADES KING DIAMONDS QUEEN,0.3518,0.0042,0.644
SPADES KING HEARTS TWO,0.421,0.0086,0.5704
SPADES QUEEN HEARTS EIGHT,0.3778,0.0126,0.6096
CLUBS TWO HEARTS TEN,0.4148,0.027,0.5582
CLUBS TWO HEARTS JACK,0.435,0.0192,0.5458
SPADES SEVEN DIAMONDS NINE,0.2508,0.2768,0.4724
SPADES SIX DIAMONDS NINE,0.248,0.363,0.389
SPADES EIGHT DIAMONDS NINE,0.2586,0.2194,0.522
SPADES TEN CLUBS KING,0.3404,0.0082,0.6514
DIAMONDS NINE SPADES THREE,0.2934,0.4878,0.2188
SPADES JACK CLUBS KING,0.353,0.006,0.641
DIAMONDS NINE SPADES TWO,0.3032,0.497,0.1998
SPADES FIVE DIAMONDS NINE,0.2504,0.4326,0.317
CLUBS NINE DIAMONDS NINE,0.1318,0.0702,0.798
CLUBS EIGHT DIAMONDS NINE,0.2666,0.2134,0.52
CLUBS SIX DIAMONDS NINE,0.2714,0.3502,0.3784
SPADES JACK CLUBS FOUR,0.2692,0.0604,0.6704
SPADES TEN CLUBS FOUR,0.2514,0.0768,0.6718
CLUBS SEVEN DIAMONDS NINE,0.2588,0.284,0.4572
CLUBS FOUR DIAMONDS NINE,0.07,0.9092,0.0208
CLUBS FIVE DIAMONDS NINE,0.26,0.424,0.316
CLUBS TWO DIAMONDS NINE,0.3144,0.4852,0.2004
CLUBS THREE DIAMONDS NINE,0.3158,0.483,0.2012
DIAMONDS NINE HEARTS EIGHT,0.265,0.2184,0.5166
DIAMONDS NINE HEARTS NINE,0.1276,0.06,0.8124
HEARTS SIX DIAMONDS NINE,0.269,0.345,0.386
DIAMONDS NINE HEARTS SEVEN,0.2724,0.2716,0.456
CLUBS EIGHT CLUBS NINE,0.2404,0.2096,0.55
DIAMONDS ACE DIAMONDS NINE,0.2614,0.0254,0.7132
HEARTS FOUR DIAMONDS NINE,0.0682,0.9118,0.02
HEARTS FIVE DIAMONDS NINE,0.265,0.4152,0.3198
CLUBS TWO HEARTS ACE,0.419,0.0044,0.5766
SPADES ACE CLUBS FOUR,0.2584,0.0214,0.7202
DIAMONDS QUEEN DIAMONDS NINE,0.2662,0.043,0.6908
HEARTS TWO DIAMONDS NINE,0.3074,0.4886,0.204
CLUBS TWO HEARTS KING,0.449,0.009,0.542
SPADES KING CLUBS FOUR,0.2864,0.0318,0.6818
DIAMONDS KING DIAMONDS NINE,0.2774,0.0336,0.689
HEARTS THREE DIAMONDS NINE,0.302,0.4982,0.1998
CLUBS TWO HEARTS QUEEN,0.422,0.0118,0.5662
SPADES QUEEN CLUBS FOUR,0.2678,0.043,0.6892
DIAMONDS NINE DIAMONDS JACK,0.2646,0.0558,0.6796
DIAMONDS NINE DIAMONDS TEN,0.2438,0.0766,0.6796
CLUBS EIGHT SPADES EIGHT,0.2974,0.0632,0.6394
CLUBS EIGHT SPADES SEVEN,0.5388,0.0378,0.4234
CLUBS EIGHT SPADES SIX,0.568,0.0378,0.3942
CLUBS EIGHT SPADES FIVE,0.5554,0.0436,0.401
CLUBS EIGHT SPADES THREE,0.6264,0.0452,0.3284
CLUBS EIGHT SPADES TWO,0.6156,0.0434,0.341
HEARTS SIX DIAMONDS TEN,0.389,0.0252,0.5858
DIAMONDS TEN HEARTS SEVEN,0.3822,0.0266,0.5912
DIAMONDS TEN HEARTS EIGHT,0.3804,0.0258,0.5938
CLUBS FOUR CLUBS JACK,0.2634,0.0542,0.6824
DIAMONDS TEN HEARTS NINE,0.2738,0.0734,0.6528
CLUBS FOUR CLUBS TEN,0.281,0.0706,0.6484
CLUBS FOUR CLUBS KING,0.2716,0.0274,0.701
CLUBS FOUR CLUBS QUEEN,0.2696,0.043,0.6874
CLUBS TWO DIAMONDS TEN,0.4306,0.024,0.5454
CLUBS THREE DIAMONDS TEN,0.4152,0.0268,0.558
CLUBS FOUR CLUBS ACE,0.262,0.0192,0.7188
DIAMONDS JACK DIAMONDS TEN,0.3242,0.0128,0.663
DIAMONDS QUEEN DIAMONDS TEN,0.3358,0.0104,0.6538
HEARTS TWO DIAMONDS TEN,0.4434,0.0274,0.5292
DIAMONDS KING DIAMONDS TEN,0.3506,0.0066,0.6428
HEARTS THREE DIAMONDS TEN,0.4274,0.0264,0.5462
DIAMONDS ACE DIAMONDS TEN,0.3332,0.0036,0.6632
HEARTS FOUR DIAMONDS TEN,0.276,0.0754,0.6486
CLUBS EIGHT HEARTS JACK,0.3846,0.016,0.5994
HEARTS FIVE DIAMONDS TEN,0.402,0.0242,0.5738
CLUBS EIGHT HEARTS TEN,0.3696,0.0244,0.606
CLUBS EIGHT HEARTS QUEEN,0.387,0.01,0.603
CLUBS EIGHT HEARTS KING,0.4034,0.0066,0.59
CLUBS EIGHT HEARTS ACE,0.3972,0.0032,0.5996
CLUBS NINE SPADES THREE,0.2912,0.4972,0.2116
CLUBS NINE SPADES TWO,0.2956,0.4956,0.2088
CLUBS NINE SPADES FIVE,0.2472,0.4362,0.3166
CLUBS NINE SPADES SEVEN,0.248,0.2862,0.4658
CLUBS NINE SPADES SIX,0.2528,0.3492,0.398
CLUBS TEN HEARTS EIGHT,0.3784,0.0202,0.6014
CLUBS NINE SPADES EIGHT,0.2526,0.2228,0.5246
CLUBS JACK HEARTS EIGHT,0.386,0.0148,0.5992
CLUBS QUEEN HEARTS EIGHT,0.3936,0.01,0.5964
CLUBS KING HEARTS EIGHT,0.3968,0.0054,0.5978
CLUBS ACE HEARTS EIGHT,0.3904,0.004,0.6056
SPADES KING CLUBS KING,0.159,0.0154,0.8256
SPADES QUEEN CLUBS KING,0.353,0.0068,0.6402
SPADES ACE CLUBS KING,0.3558,0.0058,0.6384
DIAMONDS ACE HEARTS TEN,0.3712,0.0038,0.625
HEARTS FOUR HEARTS TEN,0.2684,0.0732,0.6584
DIAMONDS ACE HEARTS JACK,0.3528,0.004,0.6432
HEARTS FOUR HEARTS JACK,0.2656,0.0508,0.6836
SPADES KING CLUBS FIVE,0.3818,0.0082,0.61
SPADES QUEEN CLUBS FIVE,0.378,0.0088,0.6132
SPADES ACE CLUBS FIVE,0.369,0.0068,0.6242
DIAMONDS JACK HEARTS SEVEN,0.3932,0.0176,0.5892
HEARTS SIX DIAMONDS JACK,0.3984,0.018,0.5836
DIAMONDS JACK HEARTS NINE,0.273,0.0588,0.6682
DIAMONDS JACK HEARTS EIGHT,0.3828,0.0158,0.6014
DIAMONDS KING DIAMONDS JACK,0.3482,0.0074,0.6444
HEARTS THREE DIAMONDS JACK,0.4258,0.0202,0.554
SPADES ACE SPADES SIX,0.3362,0.0074,0.6564
DIAMONDS QUEEN DIAMONDS JACK,0.334,0.0126,0.6534
HEARTS TWO DIAMONDS JACK,0.4386,0.0202,0.5412
HEARTS FIVE DIAMONDS JACK,0.4022,0.0182,0.5796
SPADES QUEEN SPADES SIX,0.3422,0.013,0.6448
DIAMONDS ACE DIAMONDS JACK,0.3474,0.0052,0.6474
HEARTS FOUR DIAMONDS JACK,0.2826,0.0498,0.6676
SPADES KING SPADES SIX,0.3462,0.008,0.6458
SPADES TEN SPADES SIX,0.3238,0.0278,0.6484
SPADES JACK SPADES SIX,0.3404,0.0182,0.6414
SPADES FIVE DIAMONDS JACK,0.39,0.0164,0.5936
SPADES TWO DIAMONDS JACK,0.4172,0.0254,0.5574
SPADES THREE DIAMONDS JACK,0.427,0.0234,0.5496
SPADES ACE DIAMONDS THREE,0.407,0.0056,0.5874
SPADES QUEEN DIAMONDS THREE,0.4162,0.013,0.5708
CLUBS EIGHT DIAMONDS JACK,0.3762,0.0152,0.6086
SPADES KING DIAMONDS THREE,0.427,0.01,0.563
CLUBS NINE DIAMONDS JACK,0.271,0.0578,0.6712
CLUBS SIX DIAMONDS JACK,0.389,0.0162,0.5948
CLUBS SEVEN DIAMONDS JACK,0.3828,0.0192,0.598
CLUBS FOUR DIAMONDS JACK,0.2704,0.0612,0.6684
CLUBS FIVE DIAMONDS JACK,0.3878,0.0196,0.5926
CLUBS TWO DIAMONDS JACK,0.4206,0.0194,0.56
CLUBS THREE DIAMONDS JACK,0.4258,0.02,0.5542
SPADES TEN CLUBS FIVE,0.3722,0.0278,0.6
HEARTS SIX SPADES JACK,0.396,0.0182,0.5858
HEARTS SIX SPADES TEN,0.3732,0.0282,0.5986
SPADES JACK CLUBS FIVE,0.384,0.0184,0.5976
SPADES JACK DIAMONDS THREE,0.3942,0.0188,0.587
CLUBS SEVEN CLUBS ACE,0.376,0.0034,0.6206
DIAMONDS THREE SPADES TEN,0.416,0.0264,0.5576
CLUBS SEVEN CLUBS QUEEN,0.3888,0.014,0.5972
CLUBS SEVEN CLUBS KING,0.3814,0.0062,0.6124
CLUBS SEVEN CLUBS TEN,0.3546,0.0264,0.619
DIAMONDS ACE HEARTS ACE,0.1628,0.0022,0.835
HEARTS FOUR HEARTS ACE,0.2702,0.0168,0.713
SPADES EIGHT DIAMONDS JACK,0.3756,0.0146,0.6098
SPADES ACE HEARTS SIX,0.3906,0.0048,0.6046
CLUBS SEVEN CLUBS JACK,0.3514,0.0146,0.634
DIAMONDS ACE HEARTS KING,0.3696,0.0054,0.625
HEARTS FOUR HEARTS KING,0.2764,0.0298,0.6938
SPADES SEVEN DIAMONDS JACK,0.385,0.0214,0.5936
SPADES KING HEARTS SIX,0.3806,0.0074,0.612
DIAMONDS ACE HEARTS QUEEN,0.3668,0.0052,0.628
HEARTS FOUR HEARTS QUEEN,0.2654,0.0396,0.695
SPADES SIX DIAMONDS JACK,0.389,0.0178,0.5932
SPADES QUEEN HEARTS SIX,0.3922,0.012,0.5958
SPADES TWO DIAMONDS TEN,0.4128,0.0284,0.5588
SPADES THREE DIAMONDS TEN,0.4132,0.0282,0.5586
SPADES FIVE DIAMONDS TEN,0.3962,0.0272,0.5766
SPADES SIX DIAMONDS TEN,0.3762,0.0266,0.5972
SPADES SEVEN DIAMONDS TEN,0.3588,0.0262,0.615
SPADES EIGHT DIAMONDS TEN,0.3614,0.0272,0.6114
CLUBS FOUR DIAMONDS TEN,0.279,0.0742,0.6468
CLUBS FIVE DIAMONDS TEN,0.4108,0.0216,0.5676
CLUBS SIX DIAMONDS TEN,0.3916,0.0248,0.5836
CLUBS SEVEN DIAMONDS TEN,0.3806,0.0274,0.592
CLUBS EIGHT DIAMONDS TEN,0.37,0.0272,0.6028
CLUBS NINE DIAMONDS TEN,0.2664,0.0738,0.6598
DIAMONDS THREE CLUBS JACK,0.4352,0.0218,0.543
DIAMONDS THREE CLUBS TEN,0.4308,0.0286,0.5406
DIAMONDS THREE CLUBS KING,0.438,0.011,0.551
DIAMONDS THREE CLUBS QUEEN,0.4354,0.011,0.5536
DIAMONDS THREE CLUBS ACE,0.409,0.0044,0.5866
SPADES FIVE SPADES TWO,0.595,0.0466,0.3584
SPADES THREE SPADES TWO,0.6088,0.0516,0.3396
SPADES EIGHT SPADES TWO,0.611,0.0462,0.3428
SPADES SEVEN SPADES TWO,0.6294,0.0386,0.332
SPADES SIX SPADES TWO,0.6022,0.048,0.3498
DIAMONDS QUEEN CLUBS THREE,0.4218,0.0128,0.5654
HEARTS TWO CLUBS THREE,0.6186,0.0422,0.3392
DIAMONDS QUEEN CLUBS TWO,0.433,0.0108,0.5562
CLUBS TWO HEARTS TWO,0.3918,0.085,0.5232
DIAMONDS QUEEN HEARTS SEVEN,0.399,0.0132,0.5878
HEARTS TWO HEARTS SEVEN,0.5884,0.0402,0.3714
HEARTS SIX DIAMONDS QUEEN,0.4008,0.0086,0.5906
HEARTS SIX HEARTS TWO,0.5784,0.0408,0.3808
DIAMONDS QUEEN HEARTS NINE,0.2778,0.0448,0.6774
HEARTS TWO HEARTS NINE,0.2886,0.4572,0.2542
DIAMONDS QUEEN HEARTS EIGHT,0.4016,0.0106,0.5878
HEARTS TWO HEARTS EIGHT,0.602,0.0394,0.3586
CLUBS NINE HEARTS TWO,0.308,0.4906,0.2014
CLUBS NINE DIAMONDS QUEEN,0.28,0.046,0.674
CLUBS EIGHT HEARTS TWO,0.6306,0.0404,0.329
CLUBS EIGHT DIAMONDS QUEEN,0.3922,0.011,0.5968
CLUBS FIVE DIAMONDS QUEEN,0.3934,0.0126,0.594
CLUBS FIVE HEARTS TWO,0.5958,0.0436,0.3606
SPADES EIGHT HEARTS ACE,0.3968,0.0048,0.5984
CLUBS FOUR DIAMONDS QUEEN,0.2912,0.0444,0.6644
CLUBS FOUR HEARTS TWO,0.6512,0.1058,0.243
SPADES EIGHT HEARTS QUEEN,0.3924,0.009,0.5986
CLUBS SEVEN HEARTS TWO,0.6138,0.0466,0.3396
CLUBS SEVEN DIAMONDS QUEEN,0.3894,0.0092,0.6014
CLUBS SIX DIAMONDS QUEEN,0.3962,0.0092,0.5946
CLUBS SIX HEARTS TWO,0.6222,0.0466,0.3312
SPADES EIGHT HEARTS KING,0.3962,0.0078,0.596
DIAMONDS QUEEN SPADES SIX,0.3724,0.0114,0.6162
HEARTS TWO SPADES SIX,0.6214,0.042,0.3366
HEARTS FOUR CLUBS QUEEN,0.2798,0.0424,0.6778
DIAMONDS ACE CLUBS QUEEN,0.3718,0.0028,0.6254
DIAMONDS QUEEN SPADES SEVEN,0.3772,0.0118,0.611
SPADES SEVEN HEARTS TWO,0.631,0.0426,0.3264
HEARTS FOUR CLUBS KING,0.2838,0.033,0.6832
DIAMONDS ACE CLUBS KING,0.3742,0.0038,0.622
SPADES EIGHT DIAMONDS QUEEN,0.3804,0.0128,0.6068
SPADES EIGHT HEARTS TWO,0.613,0.044,0.343
HEARTS FOUR CLUBS ACE,0.2812,0.0176,0.7012
DIAMONDS ACE CLUBS ACE,0.1664,0.0028,0.8308
HEARTS TWO SPADES TWO,0.4002,0.0806,0.5192
DIAMONDS QUEEN SPADES TWO,0.4308,0.0136,0.5556
HEARTS TWO SPADES THREE,0.6196,0.0482,0.3322
DIAMONDS QUEEN SPADES THREE,0.4152,0.0088,0.576
HEARTS FOUR CLUBS TEN,0.2878,0.077,0.6352
DIAMONDS ACE CLUBS TEN,0.3548,0.0036,0.6416
HEARTS TWO SPADES FIVE,0.6028,0.045,0.3522
DIAMONDS QUEEN SPADES FIVE,0.3846,0.0116,0.6038
HEARTS FOUR CLUBS JACK,0.2814,0.0534,0.6652
DIAMONDS ACE CLUBS JACK,0.3676,0.0028,0.6296
CLUBS FIVE CLUBS KING,0.3596,0.0066,0.6338
CLUBS FIVE CLUBS QUEEN,0.3766,0.0132,0.6102
CLUBS FIVE CLUBS ACE,0.3558,0.0054,0.6388
CLUBS FIVE CLUBS JACK,0.3722,0.0144,0.6134
CLUBS FIVE CLUBS TEN,0.3774,0.0246,0.598
SPADES KING CLUBS JACK,0.342,0.0076,0.6504
SPADES QUEEN CLUBS JACK,0.3442,0.0108,0.645
SPADES ACE CLUBS JACK,0.3482,0.0064,0.6454
SPADES SIX CLUBS KING,0.391,0.0068,0.6022
SPADES SIX CLUBS QUEEN,0.3878,0.0142,0.598
SPADES EIGHT HEARTS JACK,0.36,0.0168,0.6232
SPADES SIX CLUBS ACE,0.3944,0.006,0.5996
SPADES EIGHT HEARTS TEN,0.3586,0.0282,0.6132
SPADES SIX CLUBS JACK,0.3908,0.0156,0.5936
SPADES SIX CLUBS TEN,0.3834,0.0246,0.592
SPADES TEN CLUBS JACK,0.3354,0.0146,0.65
SPADES JACK CLUBS JACK,0.1674,0.0368,0.7958
SPADES QUEEN CLUBS SEVEN,0.3946,0.0114,0.594
SPADES KING CLUBS SEVEN,0.367,0.0088,0.6242
SPADES ACE CLUBS SEVEN,0.3786,0.005,0.6164
SPADES SIX HEARTS TEN,0.373,0.0276,0.5994
SPADES SIX HEARTS JACK,0.387,0.0158,0.5972
SPADES SIX HEARTS ACE,0.3968,0.004,0.5992
SPADES SIX HEARTS KING,0.3942,0.0082,0.5976
SPADES SIX HEARTS QUEEN,0.3932,0.0122,0.5946
SPADES JACK CLUBS SEVEN,0.3696,0.018,0.6124
CLUBS SEVEN SPADES TEN,0.3554,0.0232,0.6214
HEARTS SIX CLUBS TEN,0.3884,0.027,0.5846
HEARTS SIX CLUBS JACK,0.397,0.019,0.584
CLUBS ACE CLUBS JACK,0.346,0.0042,0.6498
HEARTS SIX CLUBS QUEEN,0.397,0.0112,0.5918
HEARTS SIX CLUBS KING,0.3998,0.0078,0.5924
HEARTS SIX CLUBS ACE,0.39,0.0046,0.6054
CLUBS QUEEN CLUBS JACK,0.3394,0.0126,0.648
CLUBS KING CLUBS JACK,0.3486,0.0088,0.6426
DIAMONDS THREE HEARTS ACE,0.4218,0.0038,0.5744
DIAMONDS THREE HEARTS QUEEN,0.4282,0.011,0.5608
DIAMONDS THREE HEARTS KING,0.4266,0.0076,0.5658
CLUBS FIVE HEARTS JACK,0.3912,0.0144,0.5944
SPADES TEN DIAMONDS ACE,0.3486,0.0058,0.6456
HEARTS FOUR SPADES TEN,0.2562,0.0784,0.6654
CLUBS FIVE HEARTS TEN,0.4112,0.0294,0.5594
HEARTS FOUR SPADES JACK,0.2562,0.0598,0.684
SPADES JACK DIAMONDS ACE,0.3586,0.004,0.6374
SPADES ACE HEARTS FOUR,0.257,0.0234,0.7196
SPADES ACE DIAMONDS ACE,0.1482,0.0058,0.846
CLUBS FIVE HEARTS ACE,0.3764,0.0046,0.619
CLUBS FIVE HEARTS KING,0.3978,0.0084,0.5938
HEARTS FOUR SPADES QUEEN,0.2738,0.0456,0.6806
SPADES QUEEN DIAMONDS ACE,0.3494,0.0042,0.6464
CLUBS FIVE HEARTS QUEEN,0.3922,0.0086,0.5992
SPADES KING DIAMONDS ACE,0.3588,0.0056,0.6356
HEARTS FOUR SPADES KING,0.2656,0.0344,0.7
DIAMONDS QUEEN DIAMONDS ACE,0.3438,0.0036,0.6526
HEARTS TWO DIAMONDS ACE,0.4144,0.004,0.5816
HEARTS FOUR DIAMONDS QUEEN,0.2844,0.0458,0.6698
HEARTS FOUR HEARTS TWO,0.6174,0.1058,0.2768
DIAMONDS THREE HEARTS TEN,0.419,0.0278,0.5532
HEARTS FIVE DIAMONDS QUEEN,0.3958,0.011,0.5932
HEARTS FIVE HEARTS TWO,0.558,0.0432,0.3988
DIAMONDS THREE HEARTS JACK,0.4204,0.0208,0.5588
DIAMONDS QUEEN HEARTS TWO,0.4334,0.012,0.5546
DIAMONDS KING DIAMONDS QUEEN,0.3452,0.006,0.6488
DIAMONDS KING HEARTS TWO,0.4328,0.0092,0.558
HEARTS THREE DIAMONDS QUEEN,0.423,0.012,0.565
HEARTS THREE HEARTS TWO,0.5984,0.0462,0.3554
HEARTS TWO CLUBS ACE,0.413,0.005,0.582
DIAMONDS QUEEN CLUBS ACE,0.3726,0.0032,0.6242
HEARTS TWO CLUBS QUEEN,0.4334,0.0126,0.554
DIAMONDS QUEEN CLUBS QUEEN,0.187,0.0238,0.7892
HEARTS TWO CLUBS KING,0.438,0.0088,0.5532
DIAMONDS QUEEN CLUBS KING,0.3656,0.0074,0.627
SPADES EIGHT SPADES FIVE,0.559,0.0448,0.3962
HEARTS TWO CLUBS TEN,0.4346,0.0246,0.5408
DIAMONDS QUEEN CLUBS TEN,0.348,0.0112,0.6408
HEARTS TWO CLUBS JACK,0.4298,0.0154,0.5548
DIAMONDS QUEEN CLUBS JACK,0.3486,0.0084,0.643
SPADES SIX SPADES FIVE,0.5568,0.0424,0.4008
SPADES SEVEN SPADES FIVE,0.554,0.0492,0.3968
DIAMONDS FIVE CLUBS QUEEN,0.4,0.0136,0.5864
SPADES EIGHT CLUBS ACE,0.3758,0.0054,0.6188
CLUBS KING DIAMONDS FIVE,0.3812,0.0088,0.61
SPADES EIGHT CLUBS KING,0.3928,0.0066,0.6006
CLUBS ACE DIAMONDS FIVE,0.3846,0.0038,0.6116
SPADES EIGHT CLUBS QUEEN,0.3806,0.0096,0.6098
SPADES EIGHT CLUBS JACK,0.3798,0.0172,0.603
SPADES EIGHT CLUBS TEN,0.3754,0.024,0.6006
DIAMONDS FIVE CLUBS TEN,0.3942,0.0278,0.578
DIAMONDS FIVE CLUBS JACK,0.3938,0.0164,0.5898
HEARTS JACK DIAMONDS TEN,0.348,0.0118,0.6402
DIAMONDS TEN HEARTS TEN,0.1818,0.0358,0.7824
SPADES ACE CLUBS NINE,0.2632,0.0268,0.71
CLUBS NINE SPADES QUEEN,0.2648,0.0478,0.6874
SPADES KING CLUBS NINE,0.2616,0.0376,0.7008
HEARTS SIX HEARTS KING,0.38,0.0098,0.6102
DIAMONDS KING SPADES SEVEN,0.4026,0.005,0.5924
HEARTS THREE SPADES SEVEN,0.6068,0.0416,0.3516
SPADES KING DIAMONDS SEVEN,0.3856,0.0076,0.6068
HEARTS SIX HEARTS QUEEN,0.3622,0.0116,0.6262
DIAMONDS KING SPADES SIX,0.3904,0.008,0.6016
HEARTS THREE SPADES SIX,0.6,0.0394,0.3606
SPADES QUEEN DIAMONDS SEVEN,0.3816,0.011,0.6074
HEARTS SIX HEARTS ACE,0.3724,0.0042,0.6234
DIAMONDS KING SPADES EIGHT,0.3986,0.0076,0.5938
HEARTS THREE SPADES EIGHT,0.6244,0.041,0.3346
SPADES ACE DIAMONDS SEVEN,0.3706,0.0062,0.6232
