opposingHand,winningChance,drawChance,lostChance
SPADES THREE DIAMONDS QUEEN
HEARTS FIVE SPADES TEN,0.6036,0.0124,0.384
HEARTS FIVE SPADES JACK,0.595,0.0102,0.3948
SPADES FIVE CLUBS JACK,0.5932,0.0108,0.396
CLUBS TEN SPADES FIVE,0.6056,0.0118,0.3826
CLUBS EIGHT CLUBS JACK,0.5376,0.0088,0.4536
CLUBS TEN CLUBS EIGHT,0.5164,0.0096,0.474
CLUBS EIGHT CLUBS KING,0.3334,0.0048,0.6618
SPADES FIVE CLUBS ACE,0.3382,0.005,0.6568
CLUBS EIGHT CLUBS QUEEN,0.215,0.2098,0.5752
SPADES FIVE CLUBS KING,0.3578,0.0094,0.6328
SPADES FIVE CLUBS QUEEN,0.213,0.4684,0.3186
CLUBS EIGHT CLUBS ACE,0.3282,0.0036,0.6682
DIAMONDS TWO DIAMONDS THREE,0.6804,0.0402,0.2794
DIAMONDS TWO DIAMONDS FIVE,0.58,0.017,0.403
HEARTS FIVE SPADES KING,0.356,0.0076,0.6364
DIAMONDS TWO DIAMONDS FOUR,0.5868,0.0142,0.399
HEARTS FIVE SPADES QUEEN,0.209,0.4742,0.3168
DIAMONDS TWO DIAMONDS SEVEN,0.6058,0.015,0.3792
DIAMONDS TWO DIAMONDS SIX,0.598,0.018,0.384
SPADES ACE HEARTS FIVE,0.351,0.0048,0.6442
DIAMONDS TWO DIAMONDS NINE,0.5984,0.0146,0.387
DIAMONDS TWO DIAMONDS EIGHT,0.6012,0.0124,0.3864
DIAMONDS THREE DIAMONDS FOUR,0.658,0.0452,0.2968
CLUBS TWO SPADES FOUR,0.6152,0.0138,0.371
DIAMONDS THREE DIAMONDS FIVE,0.6492,0.0388,0.312
SPADES FIVE CLUBS TWO,0.6072,0.0158,0.377
CLUBS TWO SPADES TWO,0.4142,0.0408,0.545
DIAMONDS THREE DIAMONDS EIGHT,0.6846,0.0444,0.271
SPADES EIGHT CLUBS TWO,0.6268,0.014,0.3592
DIAMONDS THREE DIAMONDS NINE,0.6928,0.0434,0.2638
SPADES NINE CLUBS TWO,0.619,0.0144,0.3666
DIAMONDS THREE DIAMONDS SIX,0.6744,0.04,0.2856
SPADES SIX CLUBS TWO,0.6188,0.0144,0.3668
DIAMONDS THREE DIAMONDS SEVEN,0.6758,0.038,0.2862
SPADES SEVEN CLUBS TWO,0.6254,0.0158,0.3588
CLUBS SIX CLUBS TWO,0.5774,0.012,0.4106
CLUBS SEVEN CLUBS TWO,0.597,0.013,0.39
CLUBS FOUR CLUBS TWO,0.57,0.0136,0.4164
CLUBS FIVE CLUBS TWO,0.5772,0.0122,0.4106
CLUBS TEN CLUBS JACK,0.506,0.0084,0.4856
DIAMONDS FOUR DIAMONDS SIX,0.5454,0.0158,0.4388
CLUBS TEN CLUBS QUEEN,0.226,0.1076,0.6664
DIAMONDS FOUR DIAMONDS SEVEN,0.557,0.0148,0.4282
CLUBS TEN CLUBS KING,0.3172,0.0054,0.6774
CLUBS TEN CLUBS ACE,0.3066,0.0046,0.6888
CLUBS EIGHT CLUBS TWO,0.5904,0.0114,0.3982
DIAMONDS FIVE DIAMONDS FOUR,0.5476,0.0156,0.4368
CLUBS NINE CLUBS TWO,0.5926,0.0134,0.394
DIAMONDS NINE DIAMONDS FOUR,0.5668,0.015,0.4182
DIAMONDS EIGHT DIAMONDS FOUR,0.5632,0.013,0.4238
CLUBS THREE CLUBS TWO,0.6572,0.045,0.2978
DIAMONDS NINE DIAMONDS FIVE,0.5506,0.0128,0.4366
DIAMONDS TWO CLUBS JACK,0.639,0.0132,0.3478
DIAMONDS EIGHT DIAMONDS FIVE,0.5592,0.013,0.4278
CLUBS TEN DIAMONDS TWO,0.6222,0.0172,0.3606
DIAMONDS FIVE DIAMONDS SEVEN,0.5442,0.0146,0.4412
DIAMONDS FIVE DIAMONDS SIX,0.5324,0.0154,0.4522
DIAMONDS TWO CLUBS ACE,0.3686,0.0072,0.6242
DIAMONDS TWO CLUBS KING,0.395,0.0084,0.5966
DIAMONDS TWO CLUBS QUEEN,0.2652,0.5106,0.2242
DIAMONDS EIGHT DIAMONDS SIX,0.5378,0.0118,0.4504
DIAMONDS NINE DIAMONDS SIX,0.5414,0.0138,0.4448
DIAMONDS SEVEN DIAMONDS SIX,0.5238,0.0124,0.4638
DIAMONDS EIGHT DIAMONDS SEVEN,0.5262,0.013,0.4608
DIAMONDS NINE DIAMONDS SEVEN,0.535,0.0116,0.4534
DIAMONDS NINE DIAMONDS EIGHT,0.5088,0.0114,0.4798
DIAMONDS KING HEARTS TEN,0.3294,0.007,0.6636
HEARTS THREE HEARTS TEN,0.6714,0.0454,0.2832
SPADES JACK CLUBS SIX,0.593,0.011,0.396
DIAMONDS KING HEARTS JACK,0.3286,0.0076,0.6638
HEARTS THREE HEARTS JACK,0.6854,0.046,0.2686
SPADES TEN CLUBS SIX,0.5804,0.0112,0.4084
SPADES JACK SPADES FIVE,0.5784,0.0106,0.411
SPADES TEN SPADES FIVE,0.567,0.011,0.422
DIAMONDS KING HEARTS ACE,0.2944,0.0044,0.7012
HEARTS THREE HEARTS ACE,0.226,0.021,0.753
SPADES ACE CLUBS SIX,0.3656,0.0046,0.6298
DIAMONDS KING HEARTS QUEEN,0.2194,0.027,0.7536
HEARTS THREE HEARTS QUEEN,0.018,0.9148,0.0672
SPADES KING CLUBS SIX,0.3684,0.007,0.6246
DIAMONDS KING HEARTS KING,0.1338,0.0052,0.861
HEARTS THREE HEARTS KING,0.2158,0.0364,0.7478
SPADES QUEEN CLUBS SIX,0.2116,0.3844,0.404
SPADES NINE HEARTS TEN,0.5392,0.0108,0.45
SPADES NINE HEARTS JACK,0.566,0.0088,0.4252
SPADES QUEEN SPADES FIVE,0.2068,0.432,0.3612
SPADES KING SPADES FIVE,0.339,0.0104,0.6506
SPADES ACE SPADES FIVE,0.3268,0.0064,0.6668
SPADES NINE HEARTS QUEEN,0.232,0.1638,0.6042
SPADES NINE HEARTS KING,0.3368,0.0072,0.656
SPADES NINE HEARTS ACE,0.3562,0.0042,0.6396
CLUBS TEN SPADES JACK,0.5404,0.0118,0.4478
CLUBS TEN SPADES TEN,0.2742,0.0166,0.7092
SPADES ACE CLUBS TEN,0.3334,0.0072,0.6594
SPADES KING CLUBS TEN,0.3424,0.0064,0.6512
CLUBS TEN SPADES QUEEN,0.221,0.1174,0.6616
SPADES FIVE HEARTS QUEEN,0.216,0.4532,0.3308
SPADES FIVE HEARTS KING,0.3488,0.0076,0.6436
HEARTS ACE SPADES FIVE,0.3336,0.004,0.6624
CLUBS EIGHT SPADES TEN,0.5514,0.0092,0.4394
SPADES JACK HEARTS THREE,0.7082,0.0436,0.2482
SPADES JACK DIAMONDS KING,0.3294,0.0088,0.6618
SPADES TEN DIAMONDS KING,0.3352,0.008,0.6568
SPADES TEN HEARTS THREE,0.71,0.0442,0.2458
SPADES JACK CLUBS EIGHT,0.563,0.0104,0.4266
CLUBS SIX HEARTS ACE,0.3622,0.0036,0.6342
SPADES ACE CLUBS EIGHT,0.3494,0.004,0.6466
HEARTS FIVE CLUBS JACK,0.6008,0.0124,0.3868
HEARTS FIVE CLUBS TEN,0.5914,0.013,0.3956
CLUBS SIX HEARTS QUEEN,0.2226,0.381,0.3964
SPADES QUEEN CLUBS EIGHT,0.2218,0.2324,0.5458
CLUBS SIX HEARTS KING,0.3636,0.0066,0.6298
SPADES KING CLUBS EIGHT,0.3674,0.0066,0.626
DIAMONDS TWO HEARTS JACK,0.6374,0.009,0.3536
DIAMONDS TWO HEARTS TEN,0.622,0.0116,0.3664
HEARTS FIVE CLUBS ACE,0.344,0.0026,0.6534
SPADES FIVE HEARTS TEN,0.6022,0.0106,0.3872
HEARTS FIVE CLUBS KING,0.3544,0.006,0.6396
SPADES FIVE HEARTS JACK,0.5934,0.0152,0.3914
HEARTS FIVE CLUBS QUEEN,0.2228,0.4558,0.3214
HEARTS THREE CLUBS KING,0.247,0.0308,0.7222
DIAMONDS KING CLUBS KING,0.1216,0.0062,0.8722
HEARTS THREE CLUBS QUEEN,0.0236,0.9588,0.0176
DIAMONDS KING CLUBS QUEEN,0.2238,0.0268,0.7494
HEARTS FIVE HEARTS JACK,0.5542,0.0112,0.4346
HEARTS FIVE HEARTS TEN,0.5536,0.013,0.4334
HEARTS THREE CLUBS ACE,0.2288,0.0198,0.7514
DIAMONDS KING CLUBS ACE,0.3094,0.0068,0.6838
SPADES ACE CLUBS QUEEN,0.2196,0.0192,0.7612
SPADES KING CLUBS QUEEN,0.2248,0.0284,0.7468
HEARTS THREE CLUBS JACK,0.717,0.0386,0.2444
DIAMONDS KING CLUBS JACK,0.327,0.0058,0.6672
SPADES QUEEN CLUBS QUEEN,0.0712,0.0272,0.9016
CLUBS TEN HEARTS THREE,0.6978,0.0448,0.2574
CLUBS TEN DIAMONDS KING,0.3394,0.0068,0.6538
SPADES JACK CLUBS QUEEN,0.2254,0.0938,0.6808
CLUBS SIX CLUBS QUEEN,0.2054,0.3554,0.4392
SPADES TEN CLUBS QUEEN,0.2288,0.1178,0.6534
CLUBS SIX CLUBS KING,0.325,0.0086,0.6664
CLUBS SIX CLUBS ACE,0.3382,0.0026,0.6592
HEARTS FIVE HEARTS KING,0.3334,0.0074,0.6592
HEARTS FIVE HEARTS QUEEN,0.211,0.4248,0.3642
CLUBS TEN CLUBS SIX,0.5318,0.0084,0.4598
HEARTS FIVE HEARTS ACE,0.3194,0.0058,0.6748
CLUBS SIX CLUBS JACK,0.5506,0.0096,0.4398
SPADES SEVEN HEARTS JACK,0.5674,0.0096,0.423
SPADES SEVEN HEARTS TEN,0.572,0.0112,0.4168
DIAMONDS TWO CLUBS TWO,0.432,0.0372,0.5308
DIAMONDS TWO CLUBS THREE,0.7208,0.0448,0.2344
DIAMONDS TWO HEARTS SIX,0.6296,0.013,0.3574
DIAMONDS TWO HEARTS QUEEN,0.2644,0.5192,0.2164
HEARTS SEVEN DIAMONDS TWO,0.6378,0.0146,0.3476
DIAMONDS TWO HEARTS KING,0.4086,0.0084,0.583
DIAMONDS TWO HEARTS EIGHT,0.6414,0.0122,0.3464
DIAMONDS TWO HEARTS ACE,0.3778,0.0072,0.615
DIAMONDS TWO HEARTS NINE,0.6324,0.0116,0.356
DIAMONDS TWO HEARTS TWO,0.428,0.0386,0.5334
DIAMONDS TWO DIAMONDS KING,0.3762,0.011,0.6128
DIAMONDS TWO HEARTS THREE,0.7026,0.0428,0.2546
DIAMONDS TWO DIAMONDS ACE,0.3746,0.0074,0.618
HEARTS FOUR DIAMONDS TWO,0.613,0.0156,0.3714
HEARTS FIVE DIAMONDS TWO,0.6218,0.0116,0.3666
SPADES SEVEN HEARTS ACE,0.3456,0.0038,0.6506
DIAMONDS TWO DIAMONDS TEN,0.6032,0.0146,0.3822
SPADES SEVEN HEARTS KING,0.3674,0.0066,0.626
DIAMONDS TWO DIAMONDS JACK,0.606,0.016,0.378
SPADES SEVEN HEARTS QUEEN,0.2222,0.3118,0.466
DIAMONDS TWO SPADES NINE,0.637,0.0104,0.3526
DIAMONDS TWO SPADES EIGHT,0.6362,0.0136,0.3502
DIAMONDS TWO SPADES SEVEN,0.6172,0.0122,0.3706
DIAMONDS TWO SPADES SIX,0.6294,0.0114,0.3592
DIAMONDS TWO SPADES FIVE,0.6074,0.0178,0.3748
DIAMONDS TWO SPADES FOUR,0.6026,0.0152,0.3822
DIAMONDS TWO SPADES TWO,0.4222,0.0388,0.539
CLUBS NINE DIAMONDS TWO,0.63,0.0126,0.3574
DIAMONDS TWO CLUBS EIGHT,0.6292,0.0136,0.3572
CLUBS SEVEN DIAMONDS TWO,0.6274,0.0116,0.361
DIAMONDS TWO CLUBS SIX,0.6222,0.0184,0.3594
DIAMONDS TWO CLUBS FIVE,0.6146,0.0156,0.3698
DIAMONDS TWO CLUBS FOUR,0.6052,0.0164,0.3784
CLUBS FOUR SPADES FIVE,0.5588,0.0144,0.4268
CLUBS FOUR SPADES FOUR,0.3218,0.0314,0.6468
CLUBS FOUR SPADES TWO,0.615,0.0156,0.3694
SPADES NINE CLUBS FOUR,0.5838,0.0144,0.4018
SPADES EIGHT CLUBS FOUR,0.5798,0.0162,0.404
SPADES SEVEN CLUBS FOUR,0.5696,0.0134,0.417
CLUBS FOUR SPADES SIX,0.573,0.0122,0.4148
SPADES ACE DIAMONDS SIX,0.3344,0.0048,0.6608
SPADES QUEEN DIAMONDS SIX,0.2214,0.3874,0.3912
SPADES KING DIAMONDS SIX,0.3714,0.0102,0.6184
SPADES TEN DIAMONDS SIX,0.5766,0.012,0.4114
SPADES JACK DIAMONDS SIX,0.6008,0.0094,0.3898
SPADES QUEEN SPADES TWO,0.2486,0.4982,0.2532
SPADES KING SPADES TWO,0.3794,0.007,0.6136
SPADES ACE SPADES TWO,0.3672,0.0068,0.626
DIAMONDS JACK CLUBS JACK,0.2854,0.0126,0.702
CLUBS TEN DIAMONDS JACK,0.5414,0.0112,0.4474
DIAMONDS JACK CLUBS KING,0.3306,0.008,0.6614
DIAMONDS JACK CLUBS QUEEN,0.2452,0.0856,0.6692
DIAMONDS THREE DIAMONDS JACK,0.6926,0.039,0.2684
DIAMONDS THREE DIAMONDS TEN,0.6858,0.0466,0.2676
DIAMONDS JACK CLUBS ACE,0.345,0.0048,0.6502
DIAMONDS THREE DIAMONDS KING,0.2338,0.0328,0.7334
DIAMONDS THREE HEARTS THREE,0.3024,0.0312,0.6664
DIAMONDS THREE HEARTS TWO,0.6904,0.0478,0.2618
HEARTS FIVE DIAMONDS THREE,0.6838,0.042,0.2742
DIAMONDS THREE DIAMONDS ACE,0.2206,0.0238,0.7556
HEARTS FOUR DIAMONDS THREE,0.689,0.044,0.267
HEARTS SEVEN DIAMONDS THREE,0.7202,0.0402,0.2396
SPADES TEN SPADES NINE,0.5204,0.0118,0.4678
HEARTS SIX DIAMONDS THREE,0.7064,0.0348,0.2588
SPADES JACK SPADES NINE,0.5262,0.009,0.4648
DIAMONDS THREE HEARTS NINE,0.7142,0.0466,0.2392
HEARTS JACK DIAMONDS FOUR,0.6076,0.0144,0.378
HEARTS ACE HEARTS KING,0.298,0.0036,0.6984
SPADES TEN SPADES TWO,0.6,0.0152,0.3848
DIAMONDS THREE HEARTS EIGHT,0.7142,0.038,0.2478
HEARTS TEN DIAMONDS FOUR,0.6026,0.0142,0.3832
SPADES JACK SPADES TWO,0.5832,0.013,0.4038
HEARTS QUEEN DIAMONDS FOUR,0.2276,0.5124,0.26
HEARTS KING DIAMONDS FOUR,0.361,0.0088,0.6302
SPADES ACE SPADES NINE,0.3402,0.0054,0.6544
HEARTS ACE DIAMONDS FOUR,0.362,0.0046,0.6334
SPADES KING SPADES NINE,0.3484,0.0076,0.644
SPADES QUEEN SPADES NINE,0.2128,0.1668,0.6204
DIAMONDS THREE SPADES NINE,0.7344,0.0426,0.223
DIAMONDS THREE SPADES EIGHT,0.7336,0.04,0.2264
DIAMONDS THREE SPADES SEVEN,0.6932,0.0482,0.2586
DIAMONDS THREE SPADES SIX,0.6962,0.0404,0.2634
DIAMONDS THREE CLUBS SIX,0.6946,0.0482,0.2572
CLUBS FIVE CLUBS SIX,0.5178,0.0138,0.4684
CLUBS ACE DIAMONDS FOUR,0.3394,0.0042,0.6564
CLUBS SEVEN DIAMONDS THREE,0.7086,0.039,0.2524
CLUBS SEVEN CLUBS FIVE,0.5332,0.0104,0.4564
DIAMONDS THREE CLUBS FOUR,0.6816,0.0466,0.2718
DIAMONDS FOUR CLUBS QUEEN,0.219,0.5368,0.2442
DIAMONDS THREE CLUBS FIVE,0.6802,0.0388,0.281
CLUBS KING DIAMONDS FOUR,0.3572,0.01,0.6328
DIAMONDS THREE CLUBS TWO,0.7098,0.0444,0.2458
CLUBS TEN DIAMONDS FOUR,0.6056,0.0104,0.384
DIAMONDS THREE CLUBS THREE,0.3138,0.0274,0.6588
DIAMONDS FOUR CLUBS JACK,0.5896,0.0146,0.3958
DIAMONDS THREE SPADES FOUR,0.6876,0.0438,0.2686
DIAMONDS THREE SPADES FIVE,0.6746,0.0416,0.2838
DIAMONDS THREE SPADES TWO,0.7114,0.0504,0.2382
CLUBS EIGHT DIAMONDS THREE,0.7206,0.0452,0.2342
CLUBS NINE DIAMONDS THREE,0.7204,0.0434,0.2362
SPADES SEVEN CLUBS ACE,0.3568,0.0034,0.6398
SPADES SEVEN CLUBS QUEEN,0.221,0.3058,0.4732
SPADES SEVEN CLUBS KING,0.37,0.005,0.625
CLUBS FIVE SPADES SEVEN,0.5576,0.0114,0.431
CLUBS TEN SPADES SEVEN,0.5732,0.0124,0.4144
CLUBS FIVE SPADES SIX,0.5424,0.0164,0.4412
SPADES SEVEN CLUBS JACK,0.5824,0.0106,0.407
CLUBS FIVE SPADES NINE,0.5782,0.0096,0.4122
CLUBS FIVE SPADES EIGHT,0.5672,0.0138,0.419
CLUBS FIVE SPADES TWO,0.6044,0.0144,0.3812
CLUBS FIVE SPADES FIVE,0.3306,0.0356,0.6338
CLUBS FIVE SPADES FOUR,0.5608,0.013,0.4262
CLUBS NINE CLUBS FIVE,0.549,0.012,0.439
CLUBS EIGHT CLUBS FIVE,0.5264,0.0112,0.4624
CLUBS ACE CLUBS QUEEN,0.2172,0.018,0.7648
CLUBS KING CLUBS QUEEN,0.2174,0.0218,0.7608
DIAMONDS TEN DIAMONDS FOUR,0.5768,0.0122,0.411
CLUBS TEN DIAMONDS NINE,0.5482,0.0092,0.4426
DIAMONDS JACK DIAMONDS FOUR,0.5724,0.011,0.4166
DIAMONDS NINE CLUBS JACK,0.561,0.0094,0.4296
SPADES NINE CLUBS JACK,0.5396,0.0098,0.4506
CLUBS TEN SPADES NINE,0.534,0.0106,0.4554
DIAMONDS ACE DIAMONDS FOUR,0.3416,0.0048,0.6536
HEARTS FOUR DIAMONDS FOUR,0.3292,0.0346,0.6362
DIAMONDS JACK HEARTS TEN,0.5464,0.0084,0.4452
SPADES NINE CLUBS KING,0.3374,0.0094,0.6532
DIAMONDS TWO SPADES TEN,0.626,0.013,0.361
DIAMONDS NINE CLUBS ACE,0.3642,0.0062,0.6296
HEARTS FIVE DIAMONDS FOUR,0.5762,0.0148,0.409
DIAMONDS JACK HEARTS JACK,0.2784,0.0122,0.7094
SPADES NINE CLUBS QUEEN,0.2346,0.1604,0.605
DIAMONDS TWO SPADES JACK,0.6266,0.013,0.3604
HEARTS TWO DIAMONDS FOUR,0.6142,0.0166,0.3692
DIAMONDS NINE CLUBS QUEEN,0.2314,0.165,0.6036
DIAMONDS KING DIAMONDS FOUR,0.337,0.0078,0.6552
HEARTS THREE DIAMONDS FOUR,0.6844,0.047,0.2686
SPADES NINE CLUBS ACE,0.3536,0.0034,0.643
DIAMONDS NINE CLUBS KING,0.3454,0.0128,0.6418
HEARTS ACE DIAMONDS JACK,0.3488,0.0052,0.646
SPADES ACE DIAMONDS TWO,0.3776,0.0062,0.6162
HEARTS QUEEN DIAMONDS JACK,0.2312,0.0896,0.6792
SPADES QUEEN DIAMONDS TWO,0.2384,0.5432,0.2184
DIAMONDS JACK HEARTS KING,0.3494,0.008,0.6426
SPADES KING DIAMONDS TWO,0.375,0.0082,0.6168
SPADES JACK SPADES SEVEN,0.546,0.01,0.444
SPADES TEN SPADES SEVEN,0.5432,0.0118,0.445
CLUBS SEVEN CLUBS THREE,0.6702,0.0422,0.2876
CLUBS SIX CLUBS THREE,0.6468,0.0356,0.3176
CLUBS FIVE CLUBS THREE,0.6332,0.04,0.3268
CLUBS THREE CLUBS FOUR,0.6404,0.0412,0.3184
CLUBS NINE CLUBS THREE,0.6736,0.0452,0.2812
CLUBS EIGHT CLUBS THREE,0.6688,0.0378,0.2934
CLUBS THREE SPADES FIVE,0.6754,0.0424,0.2822
CLUBS THREE SPADES FOUR,0.6718,0.0438,0.2844
CLUBS THREE SPADES TWO,0.7132,0.0418,0.245
CLUBS THREE SPADES SIX,0.6956,0.0378,0.2666
CLUBS THREE SPADES SEVEN,0.6998,0.0412,0.259
SPADES EIGHT CLUBS THREE,0.7074,0.038,0.2546
SPADES NINE CLUBS THREE,0.7064,0.0422,0.2514
SPADES TWO DIAMONDS FOUR,0.6206,0.0144,0.365
SPADES FOUR DIAMONDS FOUR,0.3224,0.0346,0.643
SPADES FIVE DIAMONDS FOUR,0.5694,0.0128,0.4178
SPADES SIX DIAMONDS FOUR,0.5838,0.013,0.4032
SPADES SEVEN DIAMONDS FOUR,0.5776,0.0142,0.4082
SPADES EIGHT DIAMONDS FOUR,0.5772,0.0124,0.4104
SPADES NINE DIAMONDS FOUR,0.6016,0.0168,0.3816
CLUBS FIVE DIAMONDS FOUR,0.5574,0.0154,0.4272
CLUBS FOUR DIAMONDS FOUR,0.3294,0.0362,0.6344
CLUBS SEVEN DIAMONDS FOUR,0.578,0.0144,0.4076
CLUBS SIX DIAMONDS FOUR,0.5764,0.0136,0.41
CLUBS NINE DIAMONDS FOUR,0.612,0.0138,0.3742
CLUBS EIGHT DIAMONDS FOUR,0.5966,0.0134,0.39
HEARTS SEVEN DIAMONDS FOUR,0.5774,0.0158,0.4068
HEARTS SIX DIAMONDS FOUR,0.575,0.0144,0.4106
DIAMONDS FOUR HEARTS NINE,0.6024,0.0124,0.3852
DIAMONDS FOUR HEARTS EIGHT,0.583,0.0132,0.4038
CLUBS THREE DIAMONDS FOUR,0.6802,0.0406,0.2792
CLUBS TWO DIAMONDS FOUR,0.6138,0.018,0.3682
DIAMONDS TEN DIAMONDS FIVE,0.5706,0.0136,0.4158
DIAMONDS JACK DIAMONDS FIVE,0.5656,0.0138,0.4206
DIAMONDS NINE HEARTS QUEEN,0.235,0.1676,0.5974
DIAMONDS NINE HEARTS KING,0.3608,0.006,0.6332
HEARTS ACE DIAMONDS NINE,0.3586,0.0028,0.6386
DIAMONDS NINE HEARTS TEN,0.5394,0.0122,0.4484
DIAMONDS NINE HEARTS JACK,0.5594,0.0086,0.432
CLUBS KING DIAMONDS SIX,0.3544,0.0076,0.638
CLUBS QUEEN DIAMONDS SIX,0.228,0.3742,0.3978
CLUBS ACE DIAMONDS SIX,0.3544,0.0044,0.6412
SPADES KING DIAMONDS FOUR,0.363,0.0082,0.6288
SPADES ACE SPADES SEVEN,0.347,0.0052,0.6478
SPADES QUEEN DIAMONDS FOUR,0.208,0.529,0.263
SPADES QUEEN SPADES SEVEN,0.2122,0.2986,0.4892
CLUBS JACK DIAMONDS SIX,0.598,0.0116,0.3904
SPADES KING SPADES SEVEN,0.3406,0.0072,0.6522
SPADES ACE DIAMONDS FOUR,0.3524,0.0062,0.6414
CLUBS TEN DIAMONDS SIX,0.5828,0.011,0.4062
CLUBS NINE CLUBS FOUR,0.574,0.0114,0.4146
CLUBS EIGHT CLUBS FOUR,0.544,0.011,0.445
SPADES JACK DIAMONDS FOUR,0.596,0.0112,0.3928
SPADES TEN DIAMONDS FOUR,0.6072,0.0134,0.3794
CLUBS FIVE CLUBS FOUR,0.5196,0.016,0.4644
CLUBS SEVEN CLUBS FOUR,0.5388,0.0112,0.45
CLUBS SIX CLUBS FOUR,0.5404,0.0188,0.4408
CLUBS SEVEN SPADES EIGHT,0.5484,0.0108,0.4408
CLUBS SEVEN SPADES NINE,0.5602,0.0112,0.4286
CLUBS SEVEN SPADES SIX,0.5558,0.016,0.4282
CLUBS SEVEN SPADES SEVEN,0.3004,0.0226,0.677
CLUBS SEVEN SPADES FIVE,0.5742,0.0156,0.4102
CLUBS SEVEN SPADES FOUR,0.577,0.014,0.409
CLUBS SEVEN SPADES TWO,0.6346,0.0126,0.3528
CLUBS NINE CLUBS SEVEN,0.5194,0.0116,0.469
CLUBS SEVEN CLUBS EIGHT,0.513,0.0118,0.4752
HEARTS SIX DIAMONDS FIVE,0.5696,0.0146,0.4158
HEARTS SEVEN DIAMONDS FIVE,0.5728,0.0108,0.4164
DIAMONDS FIVE HEARTS EIGHT,0.5784,0.0102,0.4114
DIAMONDS FIVE HEARTS NINE,0.5806,0.0146,0.4048
HEARTS TWO DIAMONDS FIVE,0.6012,0.0142,0.3846
HEARTS KING HEARTS EIGHT,0.3448,0.0068,0.6484
DIAMONDS KING DIAMONDS FIVE,0.344,0.0114,0.6446
HEARTS THREE DIAMONDS FIVE,0.6724,0.0444,0.2832
HEARTS QUEEN HEARTS EIGHT,0.214,0.2118,0.5742
DIAMONDS ACE DIAMONDS FIVE,0.3302,0.0046,0.6652
HEARTS FOUR DIAMONDS FIVE,0.573,0.0158,0.4112
HEARTS FIVE DIAMONDS FIVE,0.3372,0.0326,0.6302
HEARTS ACE HEARTS EIGHT,0.335,0.0046,0.6604
CLUBS FOUR DIAMONDS FIVE,0.5574,0.0148,0.4278
CLUBS FIVE DIAMONDS FIVE,0.3282,0.0272,0.6446
CLUBS SIX DIAMONDS FIVE,0.5522,0.0136,0.4342
CLUBS SEVEN DIAMONDS FIVE,0.5618,0.0142,0.424
CLUBS TWO DIAMONDS FIVE,0.616,0.0142,0.3698
CLUBS THREE DIAMONDS FIVE,0.6892,0.0486,0.2622
SPADES TWO DIAMONDS FIVE,0.6164,0.0134,0.3702
SPADES JACK DIAMONDS EIGHT,0.5676,0.0116,0.4208
SPADES FIVE DIAMONDS FIVE,0.3182,0.0316,0.6502
CLUBS TEN HEARTS JACK,0.5246,0.0088,0.4666
SPADES TEN DIAMONDS EIGHT,0.5468,0.0112,0.442
SPADES FOUR DIAMONDS FIVE,0.5632,0.0172,0.4196
HEARTS JACK CLUBS JACK,0.2754,0.0098,0.7148
HEARTS JACK CLUBS QUEEN,0.2342,0.0912,0.6746
CLUBS NINE DIAMONDS FIVE,0.5756,0.0154,0.409
CLUBS KING HEARTS JACK,0.3454,0.0076,0.647
CLUBS EIGHT DIAMONDS FIVE,0.5728,0.0136,0.4136
CLUBS ACE HEARTS JACK,0.3332,0.0028,0.664
SPADES SEVEN DIAMONDS FIVE,0.565,0.0164,0.4186
SPADES KING DIAMONDS EIGHT,0.3598,0.0098,0.6304
SPADES QUEEN DIAMONDS EIGHT,0.2268,0.2264,0.5468
SPADES SIX DIAMONDS FIVE,0.5598,0.016,0.4242
SPADES NINE DIAMONDS FIVE,0.5866,0.015,0.3984
SPADES EIGHT DIAMONDS FIVE,0.5624,0.0192,0.4184
SPADES ACE DIAMONDS EIGHT,0.355,0.0062,0.6388
DIAMONDS TEN DIAMONDS SIX,0.5568,0.0112,0.432
HEARTS ACE DIAMONDS SEVEN,0.3514,0.0046,0.644
DIAMONDS JACK DIAMONDS SIX,0.5732,0.0096,0.4172
HEARTS QUEEN DIAMONDS SEVEN,0.233,0.3038,0.4632
HEARTS KING DIAMONDS SEVEN,0.3634,0.0084,0.6282
DIAMONDS ACE DIAMONDS SIX,0.3442,0.006,0.6498
HEARTS FOUR DIAMONDS SIX,0.5658,0.0164,0.4178
SPADES TWO HEARTS JACK,0.6308,0.0132,0.356
HEARTS FIVE DIAMONDS SIX,0.5658,0.0154,0.4188
SPADES TWO HEARTS TEN,0.621,0.0134,0.3656
HEARTS TWO DIAMONDS SIX,0.622,0.0136,0.3644
DIAMONDS KING DIAMONDS SIX,0.3398,0.0078,0.6524
HEARTS THREE DIAMONDS SIX,0.6972,0.0404,0.2624
HEARTS EIGHT DIAMONDS SIX,0.5602,0.0112,0.4286
HEARTS NINE DIAMONDS SIX,0.5836,0.011,0.4054
HEARTS SIX DIAMONDS SIX,0.3194,0.0328,0.6478
HEARTS SEVEN DIAMONDS SIX,0.5626,0.0112,0.4262
HEARTS TEN DIAMONDS SEVEN,0.578,0.0088,0.4132
CLUBS TWO DIAMONDS SIX,0.6178,0.0142,0.368
HEARTS JACK DIAMONDS SEVEN,0.5938,0.0108,0.3954
CLUBS THREE DIAMONDS SIX,0.7066,0.0392,0.2542
CLUBS SEVEN DIAMONDS SIX,0.55,0.011,0.439
DIAMONDS EIGHT CLUBS JACK,0.5732,0.0116,0.4152
CLUBS SIX DIAMONDS SIX,0.3246,0.0298,0.6456
CLUBS TEN DIAMONDS EIGHT,0.5736,0.0126,0.4138
CLUBS FIVE DIAMONDS SIX,0.5694,0.014,0.4166
CLUBS FOUR DIAMONDS SIX,0.5744,0.0124,0.4132
HEARTS ACE HEARTS JACK,0.327,0.0072,0.6658
DIAMONDS EIGHT CLUBS ACE,0.3602,0.0038,0.636
HEARTS QUEEN HEARTS JACK,0.224,0.0838,0.6922
DIAMONDS EIGHT CLUBS KING,0.3592,0.0082,0.6326
CLUBS NINE DIAMONDS SIX,0.574,0.0134,0.4126
HEARTS KING HEARTS JACK,0.3282,0.006,0.6658
DIAMONDS EIGHT CLUBS QUEEN,0.2286,0.2272,0.5442
CLUBS EIGHT DIAMONDS SIX,0.574,0.0124,0.4136
SPADES TEN HEARTS KING,0.3388,0.0064,0.6548
SPADES FIVE DIAMONDS SIX,0.559,0.0166,0.4244
HEARTS ACE SPADES TWO,0.3708,0.005,0.6242
SPADES JACK HEARTS KING,0.3324,0.0068,0.6608
SPADES FOUR DIAMONDS SIX,0.5646,0.0134,0.422
HEARTS QUEEN SPADES TWO,0.2742,0.5058,0.22
SPADES ACE SPADES KING,0.3026,0.0056,0.6918
SPADES TWO HEARTS KING,0.3858,0.0088,0.6054
SPADES TWO DIAMONDS SIX,0.6198,0.0182,0.362
HEARTS TEN HEARTS EIGHT,0.5088,0.0102,0.481
SPADES NINE DIAMONDS SIX,0.5698,0.013,0.4172
HEARTS JACK HEARTS EIGHT,0.5358,0.0106,0.4536
SPADES EIGHT DIAMONDS SIX,0.5504,0.0126,0.437
SPADES SEVEN DIAMONDS SIX,0.5534,0.0122,0.4344
SPADES SIX DIAMONDS SIX,0.3186,0.0302,0.6512
SPADES KING HEARTS KING,0.124,0.0038,0.8722
SPADES QUEEN HEARTS KING,0.2246,0.0256,0.7498
CLUBS ACE CLUBS KING,0.2934,0.004,0.7026
SPADES ACE HEARTS KING,0.3036,0.005,0.6914
SPADES ACE HEARTS JACK,0.3402,0.0044,0.6554
SPADES QUEEN HEARTS JACK,0.2352,0.0838,0.681
SPADES KING HEARTS JACK,0.3388,0.0066,0.6546
SPADES TEN DIAMONDS TEN,0.2944,0.0158,0.6898
SPADES JACK DIAMONDS TEN,0.5328,0.0104,0.4568
SPADES ACE DIAMONDS TEN,0.3428,0.006,0.6512
SPADES JACK HEARTS JACK,0.2728,0.01,0.7172
SPADES TEN HEARTS JACK,0.5404,0.01,0.4496
SPADES QUEEN DIAMONDS TEN,0.2106,0.1234,0.666
SPADES KING DIAMONDS TEN,0.3398,0.0098,0.6504
SPADES NINE DIAMONDS SEVEN,0.5528,0.0128,0.4344
SPADES EIGHT DIAMONDS SEVEN,0.5424,0.0122,0.4454
SPADES SEVEN DIAMONDS SEVEN,0.3114,0.0222,0.6664
SPADES SIX DIAMONDS SEVEN,0.5538,0.0136,0.4326
DIAMONDS KING DIAMONDS SEVEN,0.3454,0.008,0.6466
HEARTS THREE DIAMONDS SEVEN,0.7152,0.0362,0.2486
HEARTS KING DIAMONDS FIVE,0.3648,0.007,0.6282
HEARTS TWO DIAMONDS SEVEN,0.6484,0.0124,0.3392
HEARTS QUEEN DIAMONDS FIVE,0.221,0.468,0.311
HEARTS FIVE DIAMONDS SEVEN,0.5778,0.0122,0.41
DIAMONDS ACE DIAMONDS SEVEN,0.3482,0.0056,0.6462
HEARTS FOUR DIAMONDS SEVEN,0.5732,0.0166,0.4102
HEARTS ACE DIAMONDS FIVE,0.3572,0.0052,0.6376
HEARTS SEVEN DIAMONDS SEVEN,0.3294,0.0242,0.6464
HEARTS SIX DIAMONDS SEVEN,0.5662,0.0112,0.4226
DIAMONDS SEVEN HEARTS NINE,0.5636,0.0124,0.424
HEARTS EIGHT DIAMONDS SEVEN,0.5554,0.015,0.4296
DIAMONDS JACK DIAMONDS SEVEN,0.5536,0.0112,0.4352
DIAMONDS FIVE HEARTS JACK,0.5926,0.0124,0.395
DIAMONDS TEN DIAMONDS SEVEN,0.5542,0.0118,0.434
HEARTS TEN DIAMONDS FIVE,0.6008,0.011,0.3882
SPADES KING CLUBS TWO,0.393,0.0076,0.5994
HEARTS KING CLUBS KING,0.1356,0.0044,0.86
CLUBS EIGHT DIAMONDS SEVEN,0.5556,0.0104,0.434
SPADES QUEEN CLUBS TWO,0.2576,0.518,0.2244
HEARTS KING CLUBS QUEEN,0.2278,0.0248,0.7474
CLUBS NINE DIAMONDS SEVEN,0.5596,0.012,0.4284
SPADES TWO CLUBS JACK,0.6352,0.0146,0.3502
SPADES ACE CLUBS TWO,0.3808,0.0046,0.6146
CLUBS TEN SPADES TWO,0.6338,0.0146,0.3516
HEARTS KING CLUBS ACE,0.3258,0.0054,0.6688
CLUBS SEVEN CLUBS SIX,0.5336,0.0116,0.4548
SPADES TWO CLUBS KING,0.3824,0.0102,0.6074
SPADES TWO DIAMONDS SEVEN,0.6446,0.0172,0.3382
CLUBS EIGHT CLUBS SIX,0.5178,0.0108,0.4714
SPADES TWO CLUBS QUEEN,0.2692,0.5146,0.2162
CLUBS NINE CLUBS SIX,0.5266,0.0108,0.4626
SPADES FOUR DIAMONDS SEVEN,0.5808,0.0164,0.4028
HEARTS KING CLUBS JACK,0.3394,0.0076,0.653
SPADES FIVE DIAMONDS SEVEN,0.565,0.0114,0.4236
SPADES TWO CLUBS ACE,0.384,0.0054,0.6106
CLUBS TEN HEARTS KING,0.3532,0.0046,0.6422
CLUBS SIX SPADES TWO,0.6234,0.0132,0.3634
CLUBS TWO DIAMONDS SEVEN,0.6314,0.0138,0.3548
CLUBS SIX SPADES FOUR,0.5776,0.0146,0.4078
CLUBS THREE DIAMONDS SEVEN,0.7136,0.038,0.2484
CLUBS SIX SPADES FIVE,0.5624,0.0162,0.4214
CLUBS FOUR DIAMONDS SEVEN,0.584,0.014,0.402
CLUBS SIX SPADES SIX,0.3268,0.0258,0.6474
CLUBS FIVE DIAMONDS SEVEN,0.5642,0.0132,0.4226
CLUBS SIX SPADES SEVEN,0.5534,0.0106,0.436
CLUBS SIX DIAMONDS SEVEN,0.557,0.01,0.433
CLUBS SIX SPADES EIGHT,0.5472,0.0118,0.441
SPADES JACK CLUBS TWO,0.6346,0.0116,0.3538
CLUBS SEVEN DIAMONDS SEVEN,0.3216,0.025,0.6534
SPADES NINE CLUBS SIX,0.5708,0.0126,0.4166
SPADES TEN CLUBS TWO,0.6164,0.0144,0.3692
CLUBS TWO CLUBS QUEEN,0.2416,0.5006,0.2578
CLUBS TWO CLUBS KING,0.3662,0.0088,0.625
CLUBS THREE DIAMONDS EIGHT,0.7332,0.0354,0.2314
CLUBS TWO CLUBS ACE,0.3584,0.006,0.6356
CLUBS TWO DIAMONDS EIGHT,0.6414,0.011,0.3476
HEARTS SEVEN DIAMONDS EIGHT,0.5524,0.011,0.4366
HEARTS SIX DIAMONDS EIGHT,0.5612,0.0126,0.4262
DIAMONDS EIGHT HEARTS NINE,0.544,0.0102,0.4458
CLUBS TEN CLUBS TWO,0.5748,0.0094,0.4158
DIAMONDS EIGHT HEARTS EIGHT,0.3078,0.0212,0.671
CLUBS TWO CLUBS JACK,0.5918,0.0124,0.3958
CLUBS NINE DIAMONDS EIGHT,0.5362,0.0122,0.4516
CLUBS EIGHT DIAMONDS EIGHT,0.2974,0.0248,0.6778
CLUBS FIVE DIAMONDS EIGHT,0.5684,0.0156,0.416
CLUBS FOUR DIAMONDS EIGHT,0.5872,0.0154,0.3974
CLUBS SEVEN DIAMONDS EIGHT,0.5476,0.0106,0.4418
CLUBS SIX DIAMONDS EIGHT,0.5626,0.012,0.4254
HEARTS TWO DIAMONDS EIGHT,0.635,0.0128,0.3522
DIAMONDS KING DIAMONDS EIGHT,0.345,0.0096,0.6454
HEARTS THREE DIAMONDS EIGHT,0.7076,0.0428,0.2496
DIAMONDS ACE DIAMONDS EIGHT,0.3308,0.0066,0.6626
HEARTS FOUR DIAMONDS EIGHT,0.5878,0.0126,0.3996
HEARTS FIVE DIAMONDS EIGHT,0.5802,0.0126,0.4072
DIAMONDS EIGHT DIAMONDS TEN,0.5298,0.0112,0.459
DIAMONDS EIGHT DIAMONDS JACK,0.5406,0.0134,0.446
CLUBS FOUR HEARTS ACE,0.3424,0.0052,0.6524
CLUBS FOUR HEARTS QUEEN,0.2242,0.5122,0.2636
CLUBS FOUR HEARTS KING,0.3502,0.0074,0.6424
CLUBS SIX HEARTS TEN,0.5784,0.0106,0.411
CLUBS SIX HEARTS JACK,0.5968,0.0104,0.3928
DIAMONDS EIGHT SPADES FOUR,0.574,0.0148,0.4112
SPADES FIVE DIAMONDS EIGHT,0.568,0.0116,0.4204
DIAMONDS EIGHT SPADES TWO,0.6314,0.0152,0.3534
CLUBS FOUR HEARTS JACK,0.6062,0.0122,0.3816
SPADES EIGHT DIAMONDS EIGHT,0.3012,0.0244,0.6744
SPADES TEN HEARTS TWO,0.6174,0.0122,0.3704
SPADES JACK HEARTS EIGHT,0.5638,0.0112,0.425
CLUBS FOUR HEARTS TEN,0.581,0.0136,0.4054
SPADES NINE DIAMONDS EIGHT,0.5338,0.0114,0.4548
SPADES TEN HEARTS EIGHT,0.551,0.0106,0.4384
SPADES JACK HEARTS TWO,0.6178,0.0154,0.3668
SPADES SIX DIAMONDS EIGHT,0.5516,0.0116,0.4368
SPADES SEVEN DIAMONDS EIGHT,0.5438,0.0138,0.4424
SPADES ACE HEARTS TWO,0.3712,0.0064,0.6224
SPADES ACE HEARTS EIGHT,0.3552,0.004,0.6408
SPADES KING HEARTS EIGHT,0.345,0.0076,0.6474
SPADES QUEEN HEARTS TWO,0.247,0.5234,0.2296
SPADES KING HEARTS TWO,0.3812,0.0076,0.6112
SPADES QUEEN HEARTS EIGHT,0.226,0.2328,0.5412
CLUBS TWO HEARTS TEN,0.6294,0.0134,0.3572
CLUBS TWO HEARTS JACK,0.6232,0.011,0.3658
SPADES SEVEN DIAMONDS NINE,0.5536,0.0134,0.433
SPADES SIX DIAMONDS NINE,0.5784,0.0114,0.4102
SPADES NINE DIAMONDS NINE,0.3042,0.015,0.6808
SPADES EIGHT DIAMONDS NINE,0.5382,0.015,0.4468
SPADES TEN CLUBS KING,0.3262,0.0056,0.6682
SPADES JACK CLUBS KING,0.346,0.0052,0.6488
DIAMONDS NINE SPADES TWO,0.6374,0.0166,0.346
DIAMONDS NINE SPADES FIVE,0.5834,0.0124,0.4042
DIAMONDS NINE SPADES FOUR,0.6044,0.0148,0.3808
CLUBS NINE DIAMONDS NINE,0.3034,0.0168,0.6798
CLUBS EIGHT DIAMONDS NINE,0.5456,0.0126,0.4418
CLUBS SIX DIAMONDS NINE,0.5758,0.0118,0.4124
SPADES JACK CLUBS FOUR,0.5948,0.0106,0.3946
CLUBS SEVEN DIAMONDS NINE,0.5642,0.0126,0.4232
SPADES TEN CLUBS FOUR,0.5944,0.0116,0.394
CLUBS FOUR DIAMONDS NINE,0.6002,0.013,0.3868
CLUBS FIVE DIAMONDS NINE,0.599,0.0148,0.3862
DIAMONDS NINE CLUBS TWO,0.6408,0.0122,0.347
CLUBS THREE DIAMONDS NINE,0.7182,0.046,0.2358
DIAMONDS NINE HEARTS EIGHT,0.55,0.0092,0.4408
DIAMONDS NINE HEARTS NINE,0.3054,0.0194,0.6752
HEARTS SIX DIAMONDS NINE,0.5756,0.0124,0.412
HEARTS SEVEN DIAMONDS NINE,0.5596,0.01,0.4304
CLUBS NINE CLUBS EIGHT,0.5026,0.0136,0.4838
DIAMONDS ACE DIAMONDS NINE,0.3408,0.0046,0.6546
HEARTS FOUR DIAMONDS NINE,0.6066,0.012,0.3814
HEARTS FIVE DIAMONDS NINE,0.598,0.0116,0.3904
HEARTS ACE CLUBS TWO,0.3786,0.0046,0.6168
SPADES ACE CLUBS FOUR,0.3332,0.0032,0.6636
HEARTS TWO DIAMONDS NINE,0.6296,0.0136,0.3568
CLUBS TWO HEARTS KING,0.389,0.0112,0.5998
SPADES KING CLUBS FOUR,0.3536,0.0084,0.638
DIAMONDS KING DIAMONDS NINE,0.337,0.0086,0.6544
HEARTS THREE DIAMONDS NINE,0.7244,0.0416,0.234
CLUBS TWO HEARTS QUEEN,0.2698,0.5104,0.2198
SPADES QUEEN CLUBS FOUR,0.2098,0.5258,0.2644
DIAMONDS NINE DIAMONDS JACK,0.5248,0.0094,0.4658
CLUBS EIGHT SPADES NINE,0.5458,0.013,0.4412
DIAMONDS NINE DIAMONDS TEN,0.5196,0.0096,0.4708
CLUBS EIGHT SPADES EIGHT,0.291,0.0184,0.6906
CLUBS EIGHT SPADES SEVEN,0.547,0.0116,0.4414
CLUBS EIGHT SPADES SIX,0.5538,0.0126,0.4336
CLUBS EIGHT SPADES FIVE,0.5668,0.0138,0.4194
CLUBS EIGHT SPADES FOUR,0.5758,0.012,0.4122
CLUBS EIGHT SPADES TWO,0.6228,0.015,0.3622
HEARTS SIX DIAMONDS TEN,0.5922,0.0144,0.3934
HEARTS SEVEN DIAMONDS TEN,0.5722,0.0102,0.4176
DIAMONDS TEN HEARTS EIGHT,0.5664,0.0126,0.421
CLUBS FOUR CLUBS JACK,0.5704,0.0112,0.4184
DIAMONDS TEN HEARTS NINE,0.5338,0.0148,0.4514
CLUBS TEN CLUBS FOUR,0.554,0.0106,0.4354
CLUBS FOUR CLUBS KING,0.3308,0.0082,0.661
CLUBS FOUR CLUBS QUEEN,0.2178,0.4676,0.3146
CLUBS TWO DIAMONDS TEN,0.6318,0.0146,0.3536
CLUBS THREE DIAMONDS TEN,0.7248,0.0452,0.23
CLUBS FOUR CLUBS ACE,0.3378,0.005,0.6572
DIAMONDS JACK DIAMONDS TEN,0.5138,0.0112,0.475
HEARTS TWO DIAMONDS TEN,0.6298,0.014,0.3562
DIAMONDS KING DIAMONDS TEN,0.3192,0.0088,0.672
HEARTS THREE DIAMONDS TEN,0.7178,0.0438,0.2384
DIAMONDS ACE DIAMONDS TEN,0.3344,0.0056,0.66
HEARTS FOUR DIAMONDS TEN,0.6054,0.0128,0.3818
CLUBS EIGHT HEARTS JACK,0.5728,0.0118,0.4154
HEARTS FIVE DIAMONDS TEN,0.5932,0.012,0.3948
CLUBS EIGHT HEARTS TEN,0.5506,0.0126,0.4368
CLUBS EIGHT HEARTS QUEEN,0.2238,0.2178,0.5584
CLUBS EIGHT HEARTS KING,0.3646,0.0072,0.6282
CLUBS EIGHT HEARTS ACE,0.3664,0.0058,0.6278
CLUBS NINE SPADES TWO,0.633,0.0132,0.3538
CLUBS NINE SPADES FIVE,0.5828,0.0112,0.406
CLUBS NINE SPADES FOUR,0.5906,0.0118,0.3976
CLUBS NINE SPADES SEVEN,0.5564,0.0138,0.4298
CLUBS NINE SPADES SIX,0.5592,0.0174,0.4234
CLUBS NINE SPADES NINE,0.3016,0.014,0.6844
CLUBS TEN HEARTS EIGHT,0.5538,0.011,0.4352
CLUBS NINE SPADES EIGHT,0.5326,0.012,0.4554
HEARTS EIGHT CLUBS JACK,0.556,0.0102,0.4338
CLUBS QUEEN HEARTS EIGHT,0.2252,0.226,0.5488
CLUBS KING HEARTS EIGHT,0.3714,0.0076,0.621
CLUBS ACE HEARTS EIGHT,0.353,0.0048,0.6422
SPADES KING CLUBS KING,0.1254,0.0042,0.8704
SPADES QUEEN CLUBS KING,0.2238,0.026,0.7502
SPADES ACE CLUBS KING,0.3184,0.0048,0.6768
DIAMONDS ACE HEARTS TEN,0.3392,0.0048,0.656
HEARTS FOUR HEARTS TEN,0.5624,0.012,0.4256
DIAMONDS ACE HEARTS JACK,0.336,0.0058,0.6582
HEARTS FOUR HEARTS JACK,0.5586,0.0122,0.4292
SPADES KING CLUBS FIVE,0.36,0.0074,0.6326
SPADES QUEEN CLUBS FIVE,0.2136,0.455,0.3314
SPADES ACE CLUBS FIVE,0.3288,0.0048,0.6664
HEARTS SEVEN DIAMONDS JACK,0.592,0.011,0.397
HEARTS SIX DIAMONDS JACK,0.5986,0.0116,0.3898
DIAMONDS JACK HEARTS NINE,0.556,0.0096,0.4344
DIAMONDS JACK HEARTS EIGHT,0.5718,0.0098,0.4184
DIAMONDS KING DIAMONDS JACK,0.3308,0.0058,0.6634
HEARTS THREE DIAMONDS JACK,0.7254,0.0436,0.231
SPADES ACE SPADES SIX,0.3274,0.0046,0.668
HEARTS ACE SPADES FOUR,0.3362,0.0046,0.6592
HEARTS TWO DIAMONDS JACK,0.6358,0.0134,0.3508
HEARTS FIVE DIAMONDS JACK,0.5956,0.0126,0.3918
SPADES QUEEN SPADES SIX,0.2234,0.365,0.4116
SPADES FOUR HEARTS QUEEN,0.2204,0.5046,0.275
DIAMONDS ACE DIAMONDS JACK,0.33,0.005,0.665
HEARTS FOUR DIAMONDS JACK,0.5942,0.01,0.3958
SPADES KING SPADES SIX,0.348,0.01,0.642
SPADES FOUR HEARTS KING,0.3514,0.008,0.6406
SPADES TEN SPADES SIX,0.5484,0.0096,0.442
SPADES JACK SPADES SIX,0.5664,0.011,0.4226
SPADES FOUR DIAMONDS JACK,0.5896,0.0136,0.3968
SPADES FIVE DIAMONDS JACK,0.5844,0.0142,0.4014
DIAMONDS JACK SPADES TWO,0.6294,0.0128,0.3578
SPADES ACE DIAMONDS THREE,0.2236,0.0262,0.7502
SPADES QUEEN DIAMONDS THREE,0.0074,0.9854,0.0072
CLUBS EIGHT DIAMONDS JACK,0.5672,0.0124,0.4204
SPADES KING DIAMONDS THREE,0.2298,0.0342,0.736
CLUBS NINE DIAMONDS JACK,0.5642,0.009,0.4268
CLUBS SIX DIAMONDS JACK,0.6094,0.0102,0.3804
CLUBS SEVEN DIAMONDS JACK,0.5832,0.011,0.4058
CLUBS FOUR DIAMONDS JACK,0.6048,0.0114,0.3838
CLUBS FIVE DIAMONDS JACK,0.6116,0.0126,0.3758
CLUBS TWO DIAMONDS JACK,0.6314,0.0138,0.3548
CLUBS THREE DIAMONDS JACK,0.7314,0.0434,0.2252
SPADES TEN CLUBS FIVE,0.6016,0.012,0.3864
SPADES JACK HEARTS SIX,0.5974,0.012,0.3906
HEARTS SIX SPADES TEN,0.5814,0.0106,0.408
SPADES JACK CLUBS FIVE,0.5944,0.0126,0.393
SPADES JACK DIAMONDS THREE,0.7186,0.0444,0.237
CLUBS SEVEN CLUBS ACE,0.3332,0.006,0.6608
DIAMONDS THREE SPADES TEN,0.7264,0.0468,0.2268
CLUBS SEVEN CLUBS QUEEN,0.214,0.2796,0.5064
CLUBS SEVEN CLUBS KING,0.3568,0.0066,0.6366
SPADES NINE DIAMONDS JACK,0.5592,0.0118,0.429
CLUBS TEN CLUBS SEVEN,0.5366,0.009,0.4544
DIAMONDS ACE HEARTS ACE,0.1112,0.0036,0.8852
HEARTS FOUR HEARTS ACE,0.3082,0.0054,0.6864
SPADES EIGHT DIAMONDS JACK,0.5782,0.0112,0.4106
SPADES ACE HEARTS SIX,0.3662,0.0046,0.6292
CLUBS SEVEN CLUBS JACK,0.5336,0.014,0.4524
DIAMONDS ACE HEARTS KING,0.3124,0.0052,0.6824
HEARTS FOUR HEARTS KING,0.3346,0.0046,0.6608
SPADES SEVEN DIAMONDS JACK,0.5722,0.0102,0.4176
SPADES KING HEARTS SIX,0.349,0.0078,0.6432
DIAMONDS ACE HEARTS QUEEN,0.2094,0.0186,0.772
HEARTS FOUR HEARTS QUEEN,0.204,0.4956,0.3004
SPADES QUEEN HEARTS SIX,0.2176,0.376,0.4064
SPADES SIX DIAMONDS JACK,0.5944,0.013,0.3926
SPADES TWO DIAMONDS TEN,0.6448,0.013,0.3422
SPADES FOUR DIAMONDS TEN,0.5982,0.0172,0.3846
SPADES FIVE DIAMONDS TEN,0.5964,0.0122,0.3914
SPADES SIX DIAMONDS TEN,0.5938,0.0116,0.3946
SPADES SEVEN DIAMONDS TEN,0.5672,0.015,0.4178
SPADES EIGHT DIAMONDS TEN,0.5426,0.0124,0.445
SPADES NINE DIAMONDS TEN,0.5322,0.0106,0.4572
CLUBS FOUR DIAMONDS TEN,0.593,0.0138,0.3932
CLUBS FIVE DIAMONDS TEN,0.5976,0.015,0.3874
CLUBS SIX DIAMONDS TEN,0.5882,0.012,0.3998
CLUBS SEVEN DIAMONDS TEN,0.5714,0.0098,0.4188
CLUBS EIGHT DIAMONDS TEN,0.5574,0.014,0.4286
CLUBS NINE DIAMONDS TEN,0.5432,0.0108,0.446
DIAMONDS THREE CLUBS JACK,0.7208,0.0454,0.2338
CLUBS TEN DIAMONDS THREE,0.7256,0.0446,0.2298
DIAMONDS THREE CLUBS KING,0.2402,0.0362,0.7236
DIAMONDS THREE CLUBS QUEEN,0.0174,0.9736,0.009
DIAMONDS THREE CLUBS ACE,0.2394,0.0216,0.739
SPADES FOUR HEARTS JACK,0.5722,0.0128,0.415
SPADES FOUR HEARTS TEN,0.5926,0.0128,0.3946
SPADES FIVE SPADES TWO,0.5876,0.0156,0.3968
SPADES FOUR SPADES TWO,0.5816,0.0172,0.4012
SPADES NINE SPADES TWO,0.5862,0.0118,0.402
SPADES EIGHT SPADES TWO,0.5888,0.0142,0.397
SPADES SEVEN SPADES TWO,0.5922,0.0164,0.3914
SPADES SIX SPADES TWO,0.5952,0.0136,0.3912
CLUBS THREE HEARTS TWO,0.6992,0.0456,0.2552
HEARTS TWO CLUBS TWO,0.4228,0.04,0.5372
HEARTS SEVEN HEARTS TWO,0.5856,0.0148,0.3996
HEARTS SIX HEARTS TWO,0.5918,0.0116,0.3966
HEARTS TWO HEARTS NINE,0.581,0.0124,0.4066
HEARTS TWO HEARTS EIGHT,0.5796,0.0132,0.4072
CLUBS NINE HEARTS TWO,0.6156,0.0134,0.371
CLUBS EIGHT HEARTS TWO,0.611,0.013,0.376
CLUBS FIVE HEARTS TWO,0.6048,0.0116,0.3836
SPADES EIGHT HEARTS ACE,0.3622,0.0054,0.6324
CLUBS FOUR HEARTS TWO,0.6168,0.016,0.3672
CLUBS SEVEN HEARTS TWO,0.6264,0.0174,0.3562
SPADES EIGHT HEARTS QUEEN,0.218,0.2316,0.5504
CLUBS SIX HEARTS TWO,0.617,0.0138,0.3692
SPADES EIGHT HEARTS KING,0.356,0.0074,0.6366
HEARTS TWO SPADES SIX,0.6144,0.0124,0.3732
HEARTS FOUR CLUBS QUEEN,0.229,0.5076,0.2634
DIAMONDS ACE CLUBS QUEEN,0.2134,0.0154,0.7712
SPADES SEVEN HEARTS TWO,0.628,0.0146,0.3574
HEARTS FOUR CLUBS KING,0.3612,0.0074,0.6314
DIAMONDS ACE CLUBS KING,0.306,0.005,0.689
SPADES EIGHT HEARTS TWO,0.6164,0.0152,0.3684
HEARTS FOUR CLUBS ACE,0.3476,0.0028,0.6496
DIAMONDS ACE CLUBS ACE,0.1114,0.0056,0.883
SPADES NINE HEARTS TWO,0.626,0.0142,0.3598
HEARTS TWO SPADES TWO,0.423,0.0406,0.5364
HEARTS TWO SPADES FOUR,0.6052,0.0194,0.3754
CLUBS TEN HEARTS FOUR,0.6062,0.0104,0.3834
CLUBS TEN DIAMONDS ACE,0.3402,0.0064,0.6534
HEARTS TWO SPADES FIVE,0.6016,0.0178,0.3806
HEARTS FOUR CLUBS JACK,0.607,0.0118,0.3812
DIAMONDS ACE CLUBS JACK,0.3404,0.0056,0.654
CLUBS FIVE CLUBS KING,0.3274,0.0072,0.6654
CLUBS FIVE CLUBS QUEEN,0.2002,0.4288,0.371
CLUBS FIVE CLUBS ACE,0.3364,0.004,0.6596
CLUBS FIVE CLUBS JACK,0.5602,0.0118,0.428
CLUBS TEN CLUBS FIVE,0.5442,0.0118,0.444
SPADES KING CLUBS JACK,0.3242,0.007,0.6688
SPADES QUEEN CLUBS JACK,0.2242,0.0878,0.688
SPADES ACE CLUBS JACK,0.3478,0.0026,0.6496
SPADES SIX CLUBS KING,0.3534,0.0082,0.6384
SPADES SIX CLUBS QUEEN,0.2106,0.383,0.4064
SPADES EIGHT HEARTS JACK,0.5596,0.0104,0.43
SPADES SIX CLUBS ACE,0.3548,0.0044,0.6408
SPADES EIGHT HEARTS TEN,0.5512,0.0132,0.4356
SPADES SIX CLUBS JACK,0.587,0.0122,0.4008
CLUBS TEN SPADES SIX,0.5838,0.011,0.4052
SPADES TEN CLUBS JACK,0.5332,0.0104,0.4564
SPADES JACK CLUBS JACK,0.2702,0.0104,0.7194
SPADES QUEEN CLUBS SEVEN,0.2268,0.3046,0.4686
SPADES KING CLUBS SEVEN,0.3596,0.0062,0.6342
SPADES ACE CLUBS SEVEN,0.3558,0.0046,0.6396
SPADES SIX HEARTS TEN,0.5642,0.0114,0.4244
SPADES SIX HEARTS JACK,0.5862,0.0108,0.403
SPADES SIX HEARTS ACE,0.3596,0.0046,0.6358
SPADES SIX HEARTS KING,0.3662,0.008,0.6258
SPADES SIX HEARTS QUEEN,0.2172,0.3788,0.404
CLUBS SEVEN SPADES JACK,0.5724,0.0096,0.418
CLUBS SEVEN SPADES TEN,0.5592,0.0138,0.427
CLUBS TEN HEARTS SIX,0.5854,0.0108,0.4038
HEARTS SIX CLUBS JACK,0.595,0.0112,0.3938
CLUBS ACE CLUBS JACK,0.323,0.0042,0.6728
HEARTS SIX CLUBS QUEEN,0.228,0.3694,0.4026
HEARTS SIX CLUBS KING,0.3618,0.0058,0.6324
HEARTS SIX CLUBS ACE,0.3738,0.0034,0.6228
CLUBS QUEEN CLUBS JACK,0.2302,0.0958,0.674
CLUBS KING CLUBS JACK,0.3216,0.008,0.6704
DIAMONDS THREE HEARTS ACE,0.2288,0.0224,0.7488
DIAMONDS THREE HEARTS QUEEN,0.0158,0.9752,0.009
DIAMONDS THREE HEARTS KING,0.2252,0.0366,0.7382
CLUBS FIVE HEARTS JACK,0.5824,0.01,0.4076
SPADES TEN DIAMONDS ACE,0.332,0.004,0.664
HEARTS FOUR SPADES TEN,0.591,0.012,0.397
CLUBS FIVE HEARTS TEN,0.5824,0.011,0.4066
HEARTS FOUR SPADES JACK,0.6056,0.0128,0.3816
SPADES JACK DIAMONDS ACE,0.3394,0.0082,0.6524
SPADES ACE HEARTS FOUR,0.3388,0.005,0.6562
SPADES ACE DIAMONDS ACE,0.1032,0.0062,0.8906
CLUBS FIVE HEARTS ACE,0.3484,0.0046,0.647
CLUBS FIVE HEARTS KING,0.3614,0.0054,0.6332
HEARTS FOUR SPADES QUEEN,0.2226,0.5166,0.2608
SPADES QUEEN DIAMONDS ACE,0.2094,0.0148,0.7758
SPADES FOUR CLUBS JACK,0.5996,0.014,0.3864
CLUBS FIVE HEARTS QUEEN,0.215,0.4464,0.3386
SPADES KING DIAMONDS ACE,0.3076,0.0062,0.6862
SPADES KING HEARTS FOUR,0.358,0.0084,0.6336
CLUBS TEN SPADES FOUR,0.5948,0.0118,0.3934
DIAMONDS ACE HEARTS TWO,0.3922,0.0042,0.6036
HEARTS FOUR HEARTS TWO,0.5782,0.0154,0.4064
DIAMONDS THREE HEARTS TEN,0.7292,0.041,0.2298
SPADES FOUR CLUBS KING,0.3518,0.0084,0.6398
HEARTS FIVE HEARTS TWO,0.5678,0.0116,0.4206
DIAMONDS THREE HEARTS JACK,0.737,0.0444,0.2186
SPADES FOUR CLUBS QUEEN,0.2128,0.5194,0.2678
DIAMONDS KING HEARTS TWO,0.3722,0.0082,0.6196
HEARTS THREE HEARTS TWO,0.6362,0.0494,0.3144
SPADES FOUR CLUBS ACE,0.346,0.0044,0.6496
HEARTS TWO CLUBS ACE,0.3658,0.0062,0.628
HEARTS TWO CLUBS QUEEN,0.2772,0.5164,0.2064
HEARTS TWO CLUBS KING,0.3832,0.0108,0.606
SPADES EIGHT SPADES FIVE,0.5388,0.012,0.4492
CLUBS TEN HEARTS TWO,0.6356,0.0134,0.351
SPADES NINE SPADES FIVE,0.547,0.0102,0.4428
HEARTS TWO CLUBS JACK,0.6144,0.0152,0.3704
SPADES SIX SPADES FIVE,0.5258,0.0132,0.461
SPADES SEVEN SPADES FIVE,0.531,0.0158,0.4532
DIAMONDS FIVE CLUBS QUEEN,0.2244,0.4626,0.313
SPADES EIGHT CLUBS ACE,0.3552,0.0052,0.6396
DIAMONDS FIVE CLUBS KING,0.3618,0.0074,0.6308
SPADES EIGHT CLUBS KING,0.3532,0.0066,0.6402
CLUBS ACE DIAMONDS FIVE,0.3546,0.005,0.6404
SPADES EIGHT CLUBS QUEEN,0.224,0.2112,0.5648
SPADES EIGHT CLUBS JACK,0.555,0.0094,0.4356
CLUBS TEN SPADES EIGHT,0.551,0.01,0.439
CLUBS TEN DIAMONDS FIVE,0.5972,0.0142,0.3886
DIAMONDS FIVE CLUBS JACK,0.6026,0.01,0.3874
DIAMONDS TEN HEARTS JACK,0.544,0.0106,0.4454
DIAMONDS TEN HEARTS TEN,0.2702,0.013,0.7168
SPADES ACE CLUBS NINE,0.3624,0.0048,0.6328
CLUBS NINE SPADES QUEEN,0.2238,0.162,0.6142
CLUBS NINE SPADES KING,0.3528,0.006,0.6412
HEARTS SIX HEARTS KING,0.3396,0.0068,0.6536
DIAMONDS KING SPADES SEVEN,0.3534,0.0094,0.6372
HEARTS THREE SPADES SEVEN,0.713,0.0388,0.2482
SPADES KING DIAMONDS SEVEN,0.359,0.0088,0.6322
HEARTS SIX HEARTS QUEEN,0.207,0.3666,0.4264
SPADES QUEEN DIAMONDS SEVEN,0.228,0.3138,0.4582
HEARTS THREE SPADES SIX,0.6928,0.0362,0.271
DIAMONDS KING SPADES SIX,0.3638,0.0078,0.6284
SPADES NINE DIAMONDS KING,0.3412,0.0086,0.6502
SPADES NINE HEARTS THREE,0.717,0.0432,0.2398
HEARTS SIX HEARTS ACE,0.3348,0.0042,0.661
DIAMONDS KING SPADES EIGHT,0.3424,0.0092,0.6484
SPADES EIGHT HEARTS THREE,0.7254,0.0412,0.2334
SPADES ACE DIAMONDS SEVEN,0.3638,0.0038,0.6324
CLUBS NINE HEARTS THREE,0.7172,0.0452,0.2376
CLUBS NINE DIAMONDS KING,0.347,0.0086,0.6444
CLUBS EIGHT HEARTS THREE,0.721,0.0392,0.2398
CLUBS EIGHT DIAMONDS KING,0.3576,0.0092,0.6332
HEARTS THREE SPADES TWO,0.7052,0.0444,0.2504
DIAMONDS KING SPADES TWO,0.3852,0.0102,0.6046
HEARTS THREE SPADES FIVE,0.6662,0.04,0.2938
DIAMONDS KING SPADES FIVE,0.3454,0.0088,0.6458
HEARTS THREE SPADES FOUR,0.677,0.043,0.28
DIAMONDS KING SPADES FOUR,0.3436,0.0122,0.6442
DIAMONDS KING CLUBS TWO,0.3828,0.0064,0.6108
HEARTS THREE CLUBS TWO,0.708,0.0452,0.2468
DIAMONDS KING CLUBS THREE,0.2266,0.0316,0.7418
