opposingHand,winningChance,drawChance,lostChance
SPADES EIGHT DIAMONDS TEN
HEARTS FIVE SPADES TEN,0.548,0.2232,0.2288
HEARTS FIVE SPADES JACK,0.429,0.0172,0.5538
SPADES FIVE CLUBS JACK,0.4412,0.017,0.5418
CLUBS TEN SPADES FIVE,0.5546,0.227,0.2184
CLUBS EIGHT CLUBS JACK,0.2416,0.052,0.7064
CLUBS TEN CLUBS EIGHT,0.0194,0.9092,0.0714
CLUBS EIGHT CLUBS KING,0.2652,0.0266,0.7082
SPADES FIVE CLUBS ACE,0.446,0.0042,0.5498
CLUBS EIGHT CLUBS QUEEN,0.2524,0.0396,0.708
SPADES FIVE CLUBS KING,0.4346,0.0082,0.5572
SPADES FIVE CLUBS QUEEN,0.4246,0.011,0.5644
CLUBS EIGHT CLUBS ACE,0.264,0.0222,0.7138
DIAMONDS TWO DIAMONDS THREE,0.611,0.0238,0.3652
DIAMONDS TWO DIAMONDS FIVE,0.6098,0.0288,0.3614
HEARTS FIVE SPADES KING,0.4314,0.006,0.5626
DIAMONDS TWO DIAMONDS FOUR,0.6092,0.0266,0.3642
HEARTS FIVE SPADES QUEEN,0.431,0.0108,0.5582
DIAMONDS TWO DIAMONDS SEVEN,0.6354,0.0264,0.3382
DIAMONDS TWO DIAMONDS SIX,0.6304,0.0282,0.3414
SPADES ACE HEARTS FIVE,0.432,0.0048,0.5632
DIAMONDS TWO DIAMONDS NINE,0.6266,0.0308,0.3426
DIAMONDS TWO DIAMONDS EIGHT,0.6574,0.086,0.2566
DIAMONDS THREE DIAMONDS FOUR,0.6078,0.024,0.3682
SPADES FOUR CLUBS TWO,0.6402,0.0274,0.3324
DIAMONDS THREE DIAMONDS FIVE,0.6052,0.0276,0.3672
SPADES FIVE CLUBS TWO,0.634,0.0274,0.3386
CLUBS TWO SPADES TWO,0.4584,0.0464,0.4952
CLUBS TWO SPADES THREE,0.6398,0.027,0.3332
DIAMONDS THREE DIAMONDS EIGHT,0.676,0.0742,0.2498
DIAMONDS THREE DIAMONDS NINE,0.6144,0.0236,0.362
SPADES NINE CLUBS TWO,0.6502,0.023,0.3268
DIAMONDS THREE DIAMONDS SIX,0.6166,0.026,0.3574
SPADES SIX CLUBS TWO,0.6592,0.0276,0.3132
DIAMONDS THREE DIAMONDS SEVEN,0.6256,0.024,0.3504
SPADES SEVEN CLUBS TWO,0.6842,0.0256,0.2902
CLUBS SIX CLUBS TWO,0.6134,0.027,0.3596
CLUBS SEVEN CLUBS TWO,0.6386,0.0242,0.3372
CLUBS FOUR CLUBS TWO,0.578,0.025,0.397
CLUBS FIVE CLUBS TWO,0.6018,0.0218,0.3764
CLUBS TEN CLUBS JACK,0.2256,0.0502,0.7242
DIAMONDS FOUR DIAMONDS SIX,0.5898,0.0276,0.3826
CLUBS TEN CLUBS QUEEN,0.2372,0.0454,0.7174
DIAMONDS FOUR DIAMONDS SEVEN,0.618,0.0232,0.3588
CLUBS TEN CLUBS KING,0.2378,0.033,0.7292
CLUBS TEN CLUBS ACE,0.2478,0.0194,0.7328
CLUBS EIGHT CLUBS TWO,0.6642,0.0724,0.2634
DIAMONDS FIVE DIAMONDS FOUR,0.5924,0.0278,0.3798
CLUBS NINE CLUBS TWO,0.6064,0.0248,0.3688
DIAMONDS NINE DIAMONDS FOUR,0.6122,0.0236,0.3642
DIAMONDS EIGHT DIAMONDS FOUR,0.6522,0.0812,0.2666
CLUBS THREE CLUBS TWO,0.6002,0.0266,0.3732
DIAMONDS NINE DIAMONDS FIVE,0.6032,0.0278,0.369
DIAMONDS TWO CLUBS JACK,0.4354,0.0194,0.5452
DIAMONDS EIGHT DIAMONDS FIVE,0.6554,0.0746,0.27
CLUBS TEN DIAMONDS TWO,0.555,0.2246,0.2204
DIAMONDS FIVE DIAMONDS SEVEN,0.6076,0.023,0.3694
DIAMONDS FIVE DIAMONDS SIX,0.5902,0.0244,0.3854
DIAMONDS TWO CLUBS ACE,0.423,0.0046,0.5724
DIAMONDS TWO CLUBS KING,0.4374,0.0076,0.555
DIAMONDS TWO CLUBS QUEEN,0.4354,0.0112,0.5534
DIAMONDS EIGHT DIAMONDS SIX,0.6264,0.0828,0.2908
DIAMONDS NINE DIAMONDS SIX,0.6012,0.0248,0.374
HEARTS ACE SPADES THREE,0.4368,0.0046,0.5586
SPADES THREE HEARTS KING,0.4442,0.007,0.5488
DIAMONDS SEVEN DIAMONDS SIX,0.5992,0.0282,0.3726
SPADES THREE HEARTS QUEEN,0.448,0.0104,0.5416
SPADES THREE HEARTS JACK,0.4444,0.0174,0.5382
SPADES THREE HEARTS TEN,0.5674,0.2198,0.2128
DIAMONDS EIGHT DIAMONDS SEVEN,0.6338,0.0804,0.2858
DIAMONDS NINE DIAMONDS SEVEN,0.591,0.025,0.384
DIAMONDS NINE DIAMONDS EIGHT,0.6632,0.0702,0.2666
DIAMONDS KING HEARTS TEN,0.245,0.0368,0.7182
HEARTS THREE HEARTS TEN,0.5168,0.2112,0.272
SPADES JACK CLUBS SIX,0.4192,0.0158,0.565
DIAMONDS KING HEARTS JACK,0.3386,0.0066,0.6548
HEARTS THREE HEARTS JACK,0.4026,0.019,0.5784
SPADES TEN CLUBS SIX,0.5456,0.227,0.2274
SPADES JACK SPADES FIVE,0.4256,0.018,0.5564
SPADES TEN SPADES FIVE,0.5234,0.2134,0.2632
DIAMONDS KING HEARTS ACE,0.357,0.0028,0.6402
HEARTS THREE HEARTS ACE,0.3992,0.004,0.5968
SPADES ACE CLUBS SIX,0.43,0.0048,0.5652
DIAMONDS KING HEARTS QUEEN,0.3612,0.0056,0.6332
HEARTS THREE HEARTS QUEEN,0.4168,0.0126,0.5706
SPADES KING CLUBS SIX,0.4106,0.0082,0.5812
DIAMONDS KING HEARTS KING,0.1752,0.0106,0.8142
HEARTS THREE HEARTS KING,0.4132,0.0076,0.5792
SPADES QUEEN CLUBS SIX,0.4206,0.0078,0.5716
SPADES NINE HEARTS TEN,0.2082,0.1798,0.612
SPADES NINE HEARTS JACK,0.351,0.0172,0.6318
SPADES QUEEN SPADES FIVE,0.4006,0.013,0.5864
SPADES KING SPADES FIVE,0.4072,0.0054,0.5874
SPADES ACE SPADES FIVE,0.4048,0.0064,0.5888
SPADES NINE HEARTS QUEEN,0.3696,0.0108,0.6196
SPADES NINE HEARTS KING,0.3814,0.0064,0.6122
SPADES NINE HEARTS ACE,0.3832,0.0042,0.6126
CLUBS TEN SPADES JACK,0.2424,0.0586,0.699
CLUBS TEN SPADES TEN,0.1272,0.051,0.8218
SPADES ACE CLUBS TEN,0.2668,0.0212,0.712
SPADES KING CLUBS TEN,0.2566,0.0388,0.7046
CLUBS TEN SPADES QUEEN,0.2428,0.0432,0.714
SPADES FIVE HEARTS QUEEN,0.4308,0.0118,0.5574
SPADES FIVE HEARTS KING,0.442,0.0072,0.5508
SPADES FIVE HEARTS ACE,0.4272,0.005,0.5678
CLUBS EIGHT SPADES TEN,0.0088,0.9702,0.021
SPADES JACK HEARTS THREE,0.4306,0.0162,0.5532
SPADES JACK DIAMONDS KING,0.3386,0.0108,0.6506
SPADES TEN DIAMONDS KING,0.2492,0.0334,0.7174
SPADES TEN HEARTS THREE,0.5438,0.2308,0.2254
SPADES JACK CLUBS EIGHT,0.251,0.0524,0.6966
CLUBS SIX HEARTS ACE,0.4244,0.0028,0.5728
SPADES ACE CLUBS EIGHT,0.258,0.0222,0.7198
HEARTS FIVE CLUBS JACK,0.4396,0.0164,0.544
HEARTS FIVE CLUBS TEN,0.5518,0.2194,0.2288
CLUBS SIX HEARTS QUEEN,0.4214,0.0096,0.569
SPADES QUEEN CLUBS EIGHT,0.2526,0.0394,0.708
CLUBS TEN SPADES THREE,0.5598,0.2234,0.2168
CLUBS SIX HEARTS KING,0.4172,0.0054,0.5774
SPADES KING CLUBS EIGHT,0.2794,0.0296,0.691
SPADES THREE CLUBS JACK,0.437,0.0162,0.5468
DIAMONDS TWO HEARTS JACK,0.4386,0.013,0.5484
SPADES THREE CLUBS QUEEN,0.452,0.0078,0.5402
DIAMONDS TWO HEARTS TEN,0.5518,0.238,0.2102
SPADES THREE CLUBS KING,0.4462,0.0082,0.5456
HEARTS FIVE CLUBS ACE,0.435,0.0042,0.5608
SPADES FIVE HEARTS TEN,0.5528,0.2264,0.2208
SPADES THREE CLUBS ACE,0.4356,0.0042,0.5602
HEARTS FIVE CLUBS KING,0.4404,0.0068,0.5528
SPADES FIVE HEARTS JACK,0.4316,0.0148,0.5536
HEARTS FIVE CLUBS QUEEN,0.4382,0.0102,0.5516
HEARTS THREE CLUBS KING,0.4418,0.005,0.5532
DIAMONDS KING CLUBS KING,0.1838,0.0092,0.807
HEARTS THREE CLUBS QUEEN,0.436,0.0096,0.5544
DIAMONDS KING CLUBS QUEEN,0.3368,0.007,0.6562
HEARTS FIVE HEARTS JACK,0.4014,0.014,0.5846
HEARTS FIVE HEARTS TEN,0.508,0.2134,0.2786
HEARTS THREE CLUBS ACE,0.4362,0.0046,0.5592
DIAMONDS KING CLUBS ACE,0.349,0.0038,0.6472
SPADES ACE CLUBS QUEEN,0.3534,0.003,0.6436
SPADES KING CLUBS QUEEN,0.3506,0.006,0.6434
HEARTS THREE CLUBS JACK,0.4404,0.0164,0.5432
DIAMONDS KING CLUBS JACK,0.343,0.0072,0.6498
SPADES QUEEN CLUBS QUEEN,0.1638,0.0176,0.8186
CLUBS TEN HEARTS THREE,0.5596,0.2164,0.224
CLUBS TEN DIAMONDS KING,0.2484,0.0378,0.7138
SPADES JACK CLUBS QUEEN,0.328,0.011,0.661
CLUBS SIX CLUBS QUEEN,0.4184,0.0082,0.5734
SPADES TEN CLUBS QUEEN,0.2454,0.0428,0.7118
CLUBS SIX CLUBS KING,0.4046,0.0066,0.5888
CLUBS SIX CLUBS ACE,0.4136,0.004,0.5824
HEARTS FIVE HEARTS KING,0.39,0.0086,0.6014
HEARTS FIVE HEARTS QUEEN,0.4034,0.011,0.5856
CLUBS TEN CLUBS SIX,0.5104,0.2114,0.2782
HEARTS FIVE HEARTS ACE,0.3972,0.004,0.5988
CLUBS SIX CLUBS JACK,0.397,0.0176,0.5854
SPADES SEVEN HEARTS JACK,0.4156,0.0176,0.5668
SPADES SEVEN HEARTS TEN,0.5444,0.2338,0.2218
DIAMONDS TWO CLUBS TWO,0.4488,0.0474,0.5038
DIAMONDS TWO CLUBS THREE,0.65,0.0262,0.3238
DIAMONDS TWO HEARTS SIX,0.659,0.0274,0.3136
DIAMONDS TWO HEARTS QUEEN,0.4458,0.009,0.5452
HEARTS SEVEN DIAMONDS TWO,0.6774,0.0256,0.297
DIAMONDS TWO HEARTS KING,0.4436,0.0114,0.545
DIAMONDS TWO HEARTS EIGHT,0.7056,0.0816,0.2128
DIAMONDS TWO HEARTS ACE,0.4246,0.0042,0.5712
DIAMONDS TWO HEARTS NINE,0.6502,0.0246,0.3252
DIAMONDS TWO DIAMONDS QUEEN,0.4132,0.0118,0.575
DIAMONDS TWO HEARTS TWO,0.452,0.049,0.499
DIAMONDS TWO DIAMONDS KING,0.4242,0.0072,0.5686
DIAMONDS TWO HEARTS THREE,0.6466,0.0262,0.3272
DIAMONDS TWO DIAMONDS ACE,0.4036,0.0048,0.5916
HEARTS FOUR DIAMONDS TWO,0.638,0.0284,0.3336
HEARTS FIVE DIAMONDS TWO,0.6398,0.0288,0.3314
SPADES SEVEN HEARTS ACE,0.4266,0.004,0.5694
SPADES SEVEN HEARTS KING,0.4148,0.0058,0.5794
DIAMONDS TWO DIAMONDS JACK,0.4168,0.0172,0.566
SPADES SEVEN HEARTS QUEEN,0.426,0.0116,0.5624
DIAMONDS TWO SPADES NINE,0.6598,0.0288,0.3114
DIAMONDS TWO SPADES SEVEN,0.6894,0.0264,0.2842
DIAMONDS TWO SPADES SIX,0.6712,0.0274,0.3014
DIAMONDS TWO SPADES FIVE,0.6418,0.0308,0.3274
DIAMONDS TWO SPADES FOUR,0.6334,0.0268,0.3398
DIAMONDS TWO SPADES THREE,0.6502,0.027,0.3228
DIAMONDS TWO SPADES TWO,0.4504,0.054,0.4956
CLUBS NINE DIAMONDS TWO,0.655,0.0234,0.3216
DIAMONDS TWO CLUBS EIGHT,0.7032,0.078,0.2188
CLUBS SEVEN DIAMONDS TWO,0.6744,0.0276,0.298
DIAMONDS TWO CLUBS SIX,0.655,0.0256,0.3194
DIAMONDS TWO CLUBS FIVE,0.6476,0.031,0.3214
DIAMONDS TWO CLUBS FOUR,0.6268,0.031,0.3422
CLUBS FOUR SPADES FIVE,0.6334,0.0232,0.3434
CLUBS FOUR SPADES FOUR,0.4512,0.049,0.4998
CLUBS FOUR SPADES THREE,0.6432,0.0262,0.3306
CLUBS FOUR SPADES TWO,0.6438,0.0282,0.328
SPADES NINE CLUBS FOUR,0.6504,0.0242,0.3254
SPADES SEVEN CLUBS FOUR,0.6444,0.0282,0.3274
SPADES SIX CLUBS FOUR,0.6284,0.0254,0.3462
SPADES ACE DIAMONDS SIX,0.4184,0.0058,0.5758
SPADES QUEEN DIAMONDS SIX,0.4084,0.0114,0.5802
SPADES KING DIAMONDS SIX,0.4266,0.0068,0.5666
SPADES TEN DIAMONDS SIX,0.5532,0.227,0.2198
SPADES JACK DIAMONDS SIX,0.4256,0.0164,0.558
SPADES QUEEN SPADES TWO,0.4216,0.0134,0.565
SPADES KING SPADES TWO,0.4082,0.0068,0.585
SPADES ACE SPADES TWO,0.4184,0.004,0.5776
DIAMONDS JACK CLUBS JACK,0.1572,0.0228,0.82
CLUBS TEN DIAMONDS JACK,0.2314,0.0608,0.7078
DIAMONDS JACK CLUBS KING,0.3302,0.0058,0.664
DIAMONDS JACK CLUBS QUEEN,0.3282,0.0102,0.6616
DIAMONDS THREE DIAMONDS JACK,0.416,0.0174,0.5666
DIAMONDS JACK CLUBS ACE,0.349,0.004,0.647
DIAMONDS THREE DIAMONDS KING,0.4278,0.0078,0.5644
DIAMONDS THREE HEARTS THREE,0.4416,0.0556,0.5028
DIAMONDS THREE DIAMONDS QUEEN,0.4176,0.0124,0.57
DIAMONDS THREE HEARTS TWO,0.643,0.027,0.33
HEARTS FIVE DIAMONDS THREE,0.6222,0.026,0.3518
DIAMONDS THREE DIAMONDS ACE,0.3984,0.0052,0.5964
HEARTS FOUR DIAMONDS THREE,0.6222,0.0294,0.3484
HEARTS SEVEN DIAMONDS THREE,0.662,0.0252,0.3128
SPADES TEN SPADES NINE,0.2136,0.1634,0.623
HEARTS SIX DIAMONDS THREE,0.6492,0.0236,0.3272
SPADES JACK SPADES NINE,0.3558,0.0192,0.625
DIAMONDS THREE HEARTS NINE,0.6536,0.0234,0.323
HEARTS JACK DIAMONDS FOUR,0.431,0.0148,0.5542
HEARTS ACE HEARTS KING,0.3416,0.0022,0.6562
SPADES TEN SPADES TWO,0.5254,0.2212,0.2534
DIAMONDS THREE HEARTS EIGHT,0.6994,0.0782,0.2224
HEARTS TEN DIAMONDS FOUR,0.5634,0.2214,0.2152
SPADES JACK SPADES TWO,0.421,0.017,0.562
HEARTS QUEEN DIAMONDS FOUR,0.44,0.0122,0.5478
HEARTS KING DIAMONDS FOUR,0.4358,0.0078,0.5564
SPADES ACE SPADES NINE,0.372,0.0052,0.6228
HEARTS ACE DIAMONDS FOUR,0.4194,0.0056,0.575
SPADES KING SPADES NINE,0.3734,0.006,0.6206
SPADES QUEEN SPADES NINE,0.358,0.012,0.63
DIAMONDS THREE SPADES NINE,0.6434,0.0258,0.3308
DIAMONDS THREE SPADES SEVEN,0.6654,0.0288,0.3058
DIAMONDS THREE SPADES SIX,0.6574,0.0256,0.317
DIAMONDS THREE CLUBS SIX,0.6448,0.0298,0.3254
CLUBS FIVE CLUBS SIX,0.576,0.0238,0.4002
CLUBS ACE DIAMONDS FOUR,0.4354,0.0028,0.5618
CLUBS SEVEN DIAMONDS THREE,0.6584,0.0292,0.3124
CLUBS SEVEN CLUBS FIVE,0.5936,0.0268,0.3796
DIAMONDS THREE CLUBS FOUR,0.6254,0.0308,0.3438
DIAMONDS FOUR CLUBS QUEEN,0.4272,0.0102,0.5626
DIAMONDS THREE CLUBS FIVE,0.6394,0.0236,0.337
CLUBS KING DIAMONDS FOUR,0.4242,0.0084,0.5674
DIAMONDS THREE CLUBS TWO,0.643,0.0248,0.3322
CLUBS TEN DIAMONDS FOUR,0.5624,0.2156,0.222
DIAMONDS THREE CLUBS THREE,0.4512,0.049,0.4998
DIAMONDS FOUR CLUBS JACK,0.4354,0.0148,0.5498
DIAMONDS THREE SPADES FOUR,0.6406,0.0278,0.3316
DIAMONDS THREE SPADES FIVE,0.6288,0.0286,0.3426
DIAMONDS THREE SPADES TWO,0.6366,0.0266,0.3368
DIAMONDS THREE SPADES THREE,0.4594,0.0474,0.4932
CLUBS EIGHT DIAMONDS THREE,0.7088,0.0846,0.2066
CLUBS NINE DIAMONDS THREE,0.657,0.0256,0.3174
SPADES SEVEN CLUBS ACE,0.429,0.0048,0.5662
SPADES SEVEN CLUBS QUEEN,0.4206,0.0116,0.5678
SPADES SEVEN CLUBS KING,0.414,0.0056,0.5804
CLUBS FIVE SPADES SEVEN,0.6378,0.0282,0.334
CLUBS TEN SPADES SEVEN,0.5578,0.2264,0.2158
CLUBS FIVE SPADES SIX,0.6196,0.0294,0.351
SPADES SEVEN CLUBS JACK,0.4098,0.0152,0.575
CLUBS FIVE SPADES NINE,0.6376,0.0256,0.3368
CLUBS FIVE SPADES THREE,0.6206,0.0282,0.3512
CLUBS FIVE SPADES TWO,0.6374,0.03,0.3326
CLUBS FIVE SPADES FIVE,0.4404,0.049,0.5106
CLUBS FIVE SPADES FOUR,0.6182,0.028,0.3538
CLUBS NINE CLUBS FIVE,0.584,0.0252,0.3908
CLUBS EIGHT CLUBS FIVE,0.6568,0.0794,0.2638
CLUBS ACE CLUBS QUEEN,0.3402,0.0028,0.657
CLUBS KING CLUBS QUEEN,0.3138,0.0064,0.6798
CLUBS TEN DIAMONDS NINE,0.2222,0.1706,0.6072
DIAMONDS JACK DIAMONDS FOUR,0.4182,0.0182,0.5636
DIAMONDS NINE CLUBS JACK,0.3608,0.0134,0.6258
SPADES NINE CLUBS JACK,0.3408,0.017,0.6422
CLUBS TEN SPADES NINE,0.2262,0.1658,0.608
DIAMONDS ACE DIAMONDS FOUR,0.4162,0.0044,0.5794
HEARTS FOUR DIAMONDS FOUR,0.4502,0.053,0.4968
DIAMONDS JACK HEARTS TEN,0.245,0.0512,0.7038
SPADES NINE CLUBS KING,0.3748,0.0048,0.6204
DIAMONDS TWO SPADES TEN,0.5498,0.234,0.2162
DIAMONDS NINE CLUBS ACE,0.3888,0.0036,0.6076
HEARTS FIVE DIAMONDS FOUR,0.6154,0.0238,0.3608
DIAMONDS JACK HEARTS JACK,0.1628,0.0238,0.8134
SPADES NINE CLUBS QUEEN,0.36,0.0088,0.6312
DIAMONDS TWO SPADES JACK,0.4466,0.0182,0.5352
DIAMONDS QUEEN DIAMONDS FOUR,0.4128,0.011,0.5762
HEARTS TWO DIAMONDS FOUR,0.641,0.0268,0.3322
DIAMONDS NINE CLUBS QUEEN,0.3738,0.0088,0.6174
DIAMONDS KING DIAMONDS FOUR,0.3948,0.0076,0.5976
HEARTS THREE DIAMONDS FOUR,0.619,0.0282,0.3528
SPADES NINE CLUBS ACE,0.3798,0.0032,0.617
DIAMONDS NINE CLUBS KING,0.3838,0.006,0.6102
HEARTS ACE DIAMONDS JACK,0.3542,0.0036,0.6422
SPADES ACE DIAMONDS TWO,0.4236,0.0058,0.5706
HEARTS QUEEN DIAMONDS JACK,0.327,0.0092,0.6638
SPADES QUEEN DIAMONDS TWO,0.4402,0.0106,0.5492
HEARTS KING DIAMONDS JACK,0.3452,0.0074,0.6474
SPADES KING DIAMONDS TWO,0.4286,0.0076,0.5638
SPADES JACK SPADES SEVEN,0.3826,0.0142,0.6032
SPADES TEN SPADES SEVEN,0.5336,0.218,0.2484
CLUBS SEVEN CLUBS THREE,0.631,0.0238,0.3452
CLUBS SIX CLUBS THREE,0.5898,0.0268,0.3834
CLUBS FIVE CLUBS THREE,0.5828,0.0242,0.393
CLUBS THREE CLUBS FOUR,0.5772,0.0264,0.3964
CLUBS NINE CLUBS THREE,0.6088,0.0212,0.37
CLUBS EIGHT CLUBS THREE,0.659,0.0822,0.2588
CLUBS THREE SPADES FIVE,0.635,0.0276,0.3374
CLUBS THREE SPADES FOUR,0.6388,0.0252,0.336
CLUBS THREE SPADES THREE,0.461,0.0472,0.4918
CLUBS THREE SPADES TWO,0.641,0.0264,0.3326
CLUBS THREE SPADES SIX,0.6478,0.0252,0.327
SPADES SEVEN CLUBS THREE,0.6646,0.0276,0.3078
SPADES NINE CLUBS THREE,0.641,0.0258,0.3332
SPADES TWO DIAMONDS FOUR,0.6464,0.0262,0.3274
SPADES THREE DIAMONDS FOUR,0.6434,0.0242,0.3324
SPADES FOUR DIAMONDS FOUR,0.4612,0.0478,0.491
SPADES FIVE DIAMONDS FOUR,0.6108,0.029,0.3602
SPADES SIX DIAMONDS FOUR,0.6264,0.027,0.3466
SPADES SEVEN DIAMONDS FOUR,0.6448,0.0284,0.3268
SPADES NINE DIAMONDS FOUR,0.6468,0.025,0.3282
CLUBS FIVE DIAMONDS FOUR,0.6108,0.0282,0.361
CLUBS FOUR DIAMONDS FOUR,0.4488,0.0548,0.4964
CLUBS SEVEN DIAMONDS FOUR,0.66,0.024,0.316
CLUBS SIX DIAMONDS FOUR,0.6218,0.0286,0.3496
CLUBS NINE DIAMONDS FOUR,0.6506,0.0232,0.3262
CLUBS EIGHT DIAMONDS FOUR,0.6832,0.0844,0.2324
HEARTS SEVEN DIAMONDS FOUR,0.6546,0.0278,0.3176
HEARTS SIX DIAMONDS FOUR,0.6312,0.02,0.3488
DIAMONDS FOUR HEARTS NINE,0.6566,0.0246,0.3188
DIAMONDS FOUR HEARTS EIGHT,0.6902,0.083,0.2268
CLUBS THREE DIAMONDS FOUR,0.6358,0.028,0.3362
CLUBS TWO DIAMONDS FOUR,0.6408,0.0284,0.3308
DIAMONDS JACK DIAMONDS FIVE,0.3942,0.0208,0.585
DIAMONDS NINE HEARTS QUEEN,0.3756,0.0114,0.613
DIAMONDS NINE HEARTS KING,0.3864,0.0086,0.605
HEARTS ACE DIAMONDS NINE,0.3836,0.0038,0.6126
DIAMONDS NINE HEARTS TEN,0.2212,0.1668,0.612
DIAMONDS NINE HEARTS JACK,0.3702,0.0166,0.6132
CLUBS KING DIAMONDS SIX,0.4302,0.0062,0.5636
CLUBS QUEEN DIAMONDS SIX,0.421,0.0072,0.5718
CLUBS ACE DIAMONDS SIX,0.4298,0.0042,0.566
SPADES KING DIAMONDS FOUR,0.4386,0.0086,0.5528
SPADES ACE SPADES SEVEN,0.398,0.0032,0.5988
SPADES QUEEN DIAMONDS FOUR,0.4334,0.0096,0.557
SPADES QUEEN SPADES SEVEN,0.4038,0.011,0.5852
CLUBS JACK DIAMONDS SIX,0.4364,0.0204,0.5432
SPADES KING SPADES SEVEN,0.4058,0.005,0.5892
SPADES ACE DIAMONDS FOUR,0.4286,0.0046,0.5668
CLUBS TEN DIAMONDS SIX,0.5662,0.2174,0.2164
CLUBS NINE CLUBS FOUR,0.609,0.0262,0.3648
CLUBS EIGHT CLUBS FOUR,0.639,0.077,0.284
SPADES JACK DIAMONDS FOUR,0.4348,0.0176,0.5476
SPADES TEN DIAMONDS FOUR,0.54,0.2342,0.2258
CLUBS FIVE CLUBS FOUR,0.5732,0.024,0.4028
CLUBS SEVEN CLUBS FOUR,0.5906,0.025,0.3844
CLUBS SIX CLUBS FOUR,0.5896,0.0228,0.3876
CLUBS SEVEN SPADES NINE,0.6198,0.029,0.3512
CLUBS SEVEN SPADES SIX,0.6284,0.0248,0.3468
CLUBS SEVEN SPADES SEVEN,0.422,0.0486,0.5294
CLUBS SEVEN SPADES FIVE,0.6322,0.023,0.3448
CLUBS SEVEN SPADES FOUR,0.6536,0.0236,0.3228
CLUBS SEVEN SPADES THREE,0.658,0.0242,0.3178
CLUBS SEVEN SPADES TWO,0.6728,0.0268,0.3004
CLUBS NINE CLUBS SEVEN,0.5818,0.0226,0.3956
CLUBS SEVEN CLUBS EIGHT,0.6272,0.0672,0.3056
HEARTS SIX DIAMONDS FIVE,0.6326,0.0214,0.346
HEARTS SEVEN DIAMONDS FIVE,0.6222,0.0272,0.3506
DIAMONDS FIVE HEARTS EIGHT,0.6808,0.082,0.2372
DIAMONDS FIVE HEARTS NINE,0.6376,0.0254,0.337
DIAMONDS QUEEN DIAMONDS FIVE,0.4198,0.0112,0.569
HEARTS TWO DIAMONDS FIVE,0.6316,0.0266,0.3418
HEARTS KING HEARTS EIGHT,0.262,0.0326,0.7054
DIAMONDS KING DIAMONDS FIVE,0.4012,0.006,0.5928
HEARTS THREE DIAMONDS FIVE,0.6304,0.025,0.3446
HEARTS QUEEN HEARTS EIGHT,0.262,0.037,0.701
DIAMONDS ACE DIAMONDS FIVE,0.4032,0.0042,0.5926
HEARTS FOUR DIAMONDS FIVE,0.6014,0.0294,0.3692
HEARTS FIVE DIAMONDS FIVE,0.446,0.0504,0.5036
HEARTS ACE HEARTS EIGHT,0.2662,0.0232,0.7106
CLUBS FOUR DIAMONDS FIVE,0.6068,0.0242,0.369
CLUBS FIVE DIAMONDS FIVE,0.4592,0.0474,0.4934
CLUBS SIX DIAMONDS FIVE,0.6226,0.0256,0.3518
CLUBS SEVEN DIAMONDS FIVE,0.6384,0.0236,0.338
CLUBS TWO DIAMONDS FIVE,0.6506,0.0248,0.3246
CLUBS THREE DIAMONDS FIVE,0.6324,0.0276,0.34
SPADES THREE DIAMONDS FIVE,0.6352,0.0278,0.337
SPADES TWO DIAMONDS FIVE,0.6558,0.029,0.3152
SPADES JACK DIAMONDS EIGHT,0.253,0.0584,0.6886
SPADES FIVE DIAMONDS FIVE,0.4416,0.0526,0.5058
CLUBS TEN HEARTS JACK,0.2386,0.0556,0.7058
SPADES TEN DIAMONDS EIGHT,0.0066,0.9856,0.0078
SPADES FOUR DIAMONDS FIVE,0.6248,0.0252,0.35
HEARTS JACK CLUBS JACK,0.159,0.021,0.82
HEARTS JACK CLUBS QUEEN,0.3486,0.0072,0.6442
CLUBS NINE DIAMONDS FIVE,0.6442,0.0268,0.329
CLUBS KING HEARTS JACK,0.3424,0.006,0.6516
CLUBS EIGHT DIAMONDS FIVE,0.6776,0.0808,0.2416
CLUBS ACE HEARTS JACK,0.3688,0.003,0.6282
SPADES SEVEN DIAMONDS FIVE,0.6484,0.0248,0.3268
SPADES KING DIAMONDS EIGHT,0.2874,0.0294,0.6832
SPADES SIX DIAMONDS FIVE,0.627,0.0254,0.3476
SPADES QUEEN DIAMONDS EIGHT,0.2512,0.0414,0.7074
SPADES NINE DIAMONDS FIVE,0.6452,0.0312,0.3236
SPADES ACE DIAMONDS EIGHT,0.2652,0.0216,0.7132
HEARTS ACE DIAMONDS SEVEN,0.424,0.0044,0.5716
DIAMONDS JACK DIAMONDS SIX,0.41,0.0146,0.5754
HEARTS QUEEN DIAMONDS SEVEN,0.416,0.0118,0.5722
HEARTS KING DIAMONDS SEVEN,0.4174,0.0058,0.5768
DIAMONDS ACE DIAMONDS SIX,0.3972,0.0034,0.5994
HEARTS FOUR DIAMONDS SIX,0.6324,0.0258,0.3418
SPADES TWO HEARTS JACK,0.4346,0.0212,0.5442
HEARTS FIVE DIAMONDS SIX,0.6204,0.025,0.3546
SPADES TWO HEARTS TEN,0.5574,0.2298,0.2128
DIAMONDS QUEEN DIAMONDS SIX,0.4088,0.0112,0.58
HEARTS TWO DIAMONDS SIX,0.6662,0.0284,0.3054
DIAMONDS KING DIAMONDS SIX,0.4002,0.0074,0.5924
HEARTS THREE DIAMONDS SIX,0.6386,0.0286,0.3328
HEARTS EIGHT DIAMONDS SIX,0.6702,0.0822,0.2476
HEARTS NINE DIAMONDS SIX,0.6356,0.0236,0.3408
HEARTS SIX DIAMONDS SIX,0.4342,0.0462,0.5196
HEARTS SEVEN DIAMONDS SIX,0.6222,0.0246,0.3532
HEARTS TEN DIAMONDS SEVEN,0.5508,0.2278,0.2214
CLUBS TWO DIAMONDS SIX,0.6638,0.0288,0.3074
HEARTS JACK DIAMONDS SEVEN,0.4158,0.0182,0.566
CLUBS THREE DIAMONDS SIX,0.656,0.0212,0.3228
CLUBS SEVEN DIAMONDS SIX,0.6262,0.0252,0.3486
DIAMONDS EIGHT CLUBS JACK,0.252,0.0528,0.6952
CLUBS SIX DIAMONDS SIX,0.4342,0.0432,0.5226
CLUBS TEN DIAMONDS EIGHT,0.02,0.97,0.01
CLUBS FIVE DIAMONDS SIX,0.6208,0.023,0.3562
CLUBS FOUR DIAMONDS SIX,0.6414,0.0258,0.3328
HEARTS ACE HEARTS JACK,0.334,0.0038,0.6622
DIAMONDS EIGHT CLUBS ACE,0.284,0.0228,0.6932
HEARTS QUEEN HEARTS JACK,0.3246,0.0104,0.665
DIAMONDS EIGHT CLUBS KING,0.2868,0.031,0.6822
CLUBS NINE DIAMONDS SIX,0.6244,0.0222,0.3534
HEARTS KING HEARTS JACK,0.3174,0.009,0.6736
DIAMONDS EIGHT CLUBS QUEEN,0.272,0.039,0.689
CLUBS EIGHT DIAMONDS SIX,0.6728,0.0786,0.2486
SPADES TEN HEARTS KING,0.2548,0.0372,0.708
SPADES FIVE DIAMONDS SIX,0.6148,0.028,0.3572
HEARTS ACE SPADES TWO,0.433,0.005,0.562
SPADES JACK HEARTS KING,0.339,0.0066,0.6544
SPADES FOUR DIAMONDS SIX,0.6286,0.027,0.3444
SPADES THREE DIAMONDS SIX,0.6446,0.0266,0.3288
HEARTS QUEEN SPADES TWO,0.4562,0.0124,0.5314
SPADES ACE SPADES KING,0.3432,0.005,0.6518
SPADES TWO HEARTS KING,0.4346,0.0068,0.5586
SPADES TWO DIAMONDS SIX,0.6694,0.0276,0.303
HEARTS TEN HEARTS EIGHT,0.0218,0.9042,0.074
SPADES NINE DIAMONDS SIX,0.6254,0.0252,0.3494
HEARTS JACK HEARTS EIGHT,0.241,0.0524,0.7066
SPADES SEVEN DIAMONDS SIX,0.6444,0.029,0.3266
SPADES SIX DIAMONDS SIX,0.4284,0.0494,0.5222
SPADES KING HEARTS KING,0.1672,0.0086,0.8242
SPADES QUEEN HEARTS KING,0.3532,0.0058,0.641
CLUBS ACE CLUBS KING,0.34,0.004,0.656
SPADES ACE HEARTS KING,0.3556,0.0042,0.6402
SPADES ACE HEARTS JACK,0.359,0.0032,0.6378
SPADES QUEEN HEARTS JACK,0.3264,0.0094,0.6642
SPADES KING HEARTS JACK,0.356,0.0056,0.6384
SPADES JACK HEARTS JACK,0.1542,0.022,0.8238
SPADES TEN HEARTS JACK,0.2404,0.055,0.7046
SPADES NINE DIAMONDS SEVEN,0.6188,0.0236,0.3576
SPADES SEVEN DIAMONDS SEVEN,0.439,0.042,0.519
SPADES SIX DIAMONDS SEVEN,0.6282,0.0254,0.3464
DIAMONDS KING DIAMONDS SEVEN,0.3866,0.011,0.6024
HEARTS THREE DIAMONDS SEVEN,0.6582,0.0262,0.3156
HEARTS KING DIAMONDS FIVE,0.4322,0.0078,0.56
DIAMONDS QUEEN DIAMONDS SEVEN,0.4064,0.0112,0.5824
HEARTS TWO DIAMONDS SEVEN,0.6606,0.0288,0.3106
HEARTS QUEEN DIAMONDS FIVE,0.4374,0.011,0.5516
HEARTS FIVE DIAMONDS SEVEN,0.626,0.0264,0.3476
DIAMONDS ACE DIAMONDS SEVEN,0.3898,0.0028,0.6074
HEARTS FOUR DIAMONDS SEVEN,0.6416,0.023,0.3354
HEARTS ACE DIAMONDS FIVE,0.4234,0.0028,0.5738
HEARTS SEVEN DIAMONDS SEVEN,0.4242,0.0436,0.5322
HEARTS SIX DIAMONDS SEVEN,0.64,0.0254,0.3346
DIAMONDS SEVEN HEARTS NINE,0.618,0.0196,0.3624
HEARTS EIGHT DIAMONDS SEVEN,0.6536,0.086,0.2604
DIAMONDS JACK DIAMONDS SEVEN,0.3934,0.0152,0.5914
DIAMONDS FIVE HEARTS JACK,0.433,0.0172,0.5498
HEARTS TEN DIAMONDS FIVE,0.5506,0.2284,0.221
SPADES KING CLUBS TWO,0.4336,0.0102,0.5562
HEARTS KING CLUBS KING,0.1772,0.0092,0.8136
CLUBS EIGHT DIAMONDS SEVEN,0.6546,0.0782,0.2672
SPADES QUEEN CLUBS TWO,0.4318,0.0102,0.558
HEARTS KING CLUBS QUEEN,0.3576,0.005,0.6374
CLUBS NINE DIAMONDS SEVEN,0.6204,0.022,0.3576
SPADES TWO CLUBS JACK,0.4506,0.0172,0.5322
SPADES ACE CLUBS TWO,0.4132,0.004,0.5828
CLUBS TEN SPADES TWO,0.5616,0.2194,0.219
HEARTS KING CLUBS ACE,0.3644,0.0026,0.633
CLUBS SEVEN CLUBS SIX,0.5812,0.0246,0.3942
SPADES TWO CLUBS KING,0.4392,0.0086,0.5522
SPADES TWO DIAMONDS SEVEN,0.6782,0.0232,0.2986
CLUBS EIGHT CLUBS SIX,0.636,0.0726,0.2914
SPADES THREE DIAMONDS SEVEN,0.6576,0.0246,0.3178
SPADES TWO CLUBS QUEEN,0.4498,0.0128,0.5374
CLUBS NINE CLUBS SIX,0.5856,0.0248,0.3896
SPADES FOUR DIAMONDS SEVEN,0.6432,0.0286,0.3282
HEARTS KING CLUBS JACK,0.3542,0.0052,0.6406
SPADES FIVE DIAMONDS SEVEN,0.644,0.0266,0.3294
SPADES TWO CLUBS ACE,0.4374,0.0032,0.5594
CLUBS TEN HEARTS KING,0.2546,0.0348,0.7106
CLUBS SIX SPADES TWO,0.6578,0.0266,0.3156
CLUBS SIX SPADES THREE,0.6508,0.0246,0.3246
CLUBS TWO DIAMONDS SEVEN,0.672,0.0292,0.2988
CLUBS SIX SPADES FOUR,0.6316,0.0274,0.341
CLUBS THREE DIAMONDS SEVEN,0.6614,0.0264,0.3122
CLUBS SIX SPADES FIVE,0.6226,0.025,0.3524
CLUBS FOUR DIAMONDS SEVEN,0.6502,0.0256,0.3242
CLUBS SIX SPADES SIX,0.4226,0.047,0.5304
CLUBS FIVE DIAMONDS SEVEN,0.6392,0.0252,0.3356
CLUBS SIX SPADES SEVEN,0.6154,0.0262,0.3584
CLUBS SIX DIAMONDS SEVEN,0.6264,0.026,0.3476
SPADES JACK CLUBS TWO,0.4354,0.0162,0.5484
CLUBS SEVEN DIAMONDS SEVEN,0.4338,0.0468,0.5194
SPADES NINE CLUBS SIX,0.6236,0.028,0.3484
SPADES TEN CLUBS TWO,0.5654,0.2248,0.2098
CLUBS TWO CLUBS QUEEN,0.4054,0.0114,0.5832
CLUBS TWO CLUBS KING,0.411,0.0062,0.5828
CLUBS THREE DIAMONDS EIGHT,0.7028,0.0856,0.2116
CLUBS TWO CLUBS ACE,0.4028,0.0036,0.5936
CLUBS TWO DIAMONDS EIGHT,0.709,0.086,0.205
HEARTS SEVEN DIAMONDS EIGHT,0.6744,0.0746,0.251
HEARTS SIX DIAMONDS EIGHT,0.6626,0.0814,0.256
DIAMONDS EIGHT HEARTS NINE,0.69,0.075,0.235
CLUBS TEN CLUBS TWO,0.5152,0.2146,0.2702
DIAMONDS EIGHT HEARTS EIGHT,0.32,0.0396,0.6404
CLUBS TWO CLUBS JACK,0.4114,0.0164,0.5722
CLUBS NINE DIAMONDS EIGHT,0.6768,0.0706,0.2526
CLUBS EIGHT DIAMONDS EIGHT,0.3172,0.0462,0.6366
CLUBS FIVE DIAMONDS EIGHT,0.6842,0.082,0.2338
SPADES ACE SPADES THREE,0.4132,0.0048,0.582
CLUBS FOUR DIAMONDS EIGHT,0.691,0.0794,0.2296
CLUBS SEVEN DIAMONDS EIGHT,0.6626,0.0762,0.2612
SPADES QUEEN SPADES THREE,0.4032,0.011,0.5858
CLUBS SIX DIAMONDS EIGHT,0.678,0.0824,0.2396
SPADES KING SPADES THREE,0.4226,0.0102,0.5672
DIAMONDS EIGHT DIAMONDS QUEEN,0.2638,0.0378,0.6984
HEARTS TWO DIAMONDS EIGHT,0.7002,0.0828,0.217
DIAMONDS KING DIAMONDS EIGHT,0.276,0.0282,0.6958
HEARTS THREE DIAMONDS EIGHT,0.6902,0.0836,0.2262
DIAMONDS ACE DIAMONDS EIGHT,0.265,0.02,0.715
HEARTS FOUR DIAMONDS EIGHT,0.6858,0.0798,0.2344
HEARTS FIVE DIAMONDS EIGHT,0.6896,0.082,0.2284
DIAMONDS EIGHT DIAMONDS JACK,0.2508,0.05,0.6992
SPADES JACK SPADES THREE,0.4142,0.0176,0.5682
SPADES TEN SPADES THREE,0.5208,0.2226,0.2566
CLUBS FOUR HEARTS ACE,0.4144,0.0028,0.5828
CLUBS FOUR HEARTS QUEEN,0.4296,0.013,0.5574
CLUBS FOUR HEARTS KING,0.4306,0.0056,0.5638
CLUBS SIX HEARTS TEN,0.5524,0.2258,0.2218
CLUBS SIX HEARTS JACK,0.4186,0.0148,0.5666
SPADES FOUR DIAMONDS EIGHT,0.6948,0.0784,0.2268
SPADES FIVE DIAMONDS EIGHT,0.6836,0.0856,0.2308
DIAMONDS EIGHT SPADES TWO,0.714,0.0736,0.2124
DIAMONDS EIGHT SPADES THREE,0.7086,0.0872,0.2042
CLUBS FOUR HEARTS JACK,0.4334,0.0184,0.5482
SPADES TEN DIAMONDS QUEEN,0.2346,0.0462,0.7192
SPADES TEN HEARTS TWO,0.5504,0.2298,0.2198
SPADES JACK HEARTS EIGHT,0.241,0.0604,0.6986
CLUBS FOUR HEARTS TEN,0.551,0.2152,0.2338
SPADES NINE DIAMONDS EIGHT,0.6898,0.0748,0.2354
SPADES TEN HEARTS EIGHT,0.0136,0.9684,0.018
SPADES JACK HEARTS TWO,0.4188,0.0154,0.5658
SPADES JACK DIAMONDS QUEEN,0.3226,0.0084,0.669
SPADES SIX DIAMONDS EIGHT,0.6802,0.0824,0.2374
SPADES SEVEN DIAMONDS EIGHT,0.672,0.0734,0.2546
SPADES ACE HEARTS TWO,0.4318,0.0044,0.5638
SPADES ACE DIAMONDS QUEEN,0.358,0.0038,0.6382
SPADES ACE HEARTS EIGHT,0.2752,0.0202,0.7046
SPADES KING HEARTS EIGHT,0.2592,0.033,0.7078
SPADES QUEEN HEARTS TWO,0.4294,0.0114,0.5592
SPADES QUEEN DIAMONDS QUEEN,0.1598,0.0162,0.824
SPADES KING DIAMONDS QUEEN,0.3336,0.0058,0.6606
SPADES KING HEARTS TWO,0.4328,0.0066,0.5606
SPADES QUEEN HEARTS EIGHT,0.2676,0.0462,0.6862
CLUBS TWO HEARTS TEN,0.5486,0.2228,0.2286
CLUBS TWO HEARTS JACK,0.4484,0.0152,0.5364
SPADES SEVEN DIAMONDS NINE,0.6158,0.0236,0.3606
SPADES SIX DIAMONDS NINE,0.6454,0.0268,0.3278
SPADES NINE DIAMONDS NINE,0.2942,0.0396,0.6662
SPADES TEN CLUBS KING,0.2524,0.031,0.7166
DIAMONDS NINE SPADES THREE,0.6622,0.0272,0.3106
SPADES JACK CLUBS KING,0.3512,0.0068,0.642
DIAMONDS NINE SPADES TWO,0.6718,0.0272,0.301
SPADES FIVE DIAMONDS NINE,0.6502,0.0252,0.3246
DIAMONDS NINE SPADES FOUR,0.6478,0.0284,0.3238
CLUBS NINE DIAMONDS NINE,0.2928,0.0442,0.663
CLUBS EIGHT DIAMONDS NINE,0.6858,0.0716,0.2426
CLUBS SIX DIAMONDS NINE,0.6344,0.0248,0.3408
SPADES JACK CLUBS FOUR,0.4306,0.0138,0.5556
CLUBS SEVEN DIAMONDS NINE,0.623,0.025,0.352
SPADES TEN CLUBS FOUR,0.5528,0.228,0.2192
CLUBS FOUR DIAMONDS NINE,0.6546,0.0242,0.3212
CLUBS FIVE DIAMONDS NINE,0.6554,0.0262,0.3184
DIAMONDS NINE CLUBS TWO,0.6494,0.0248,0.3258
CLUBS THREE DIAMONDS NINE,0.6528,0.0272,0.32
DIAMONDS NINE HEARTS EIGHT,0.6826,0.0682,0.2492
DIAMONDS NINE HEARTS NINE,0.2894,0.0392,0.6714
HEARTS SIX DIAMONDS NINE,0.6296,0.0238,0.3466
HEARTS SEVEN DIAMONDS NINE,0.6302,0.0258,0.344
CLUBS NINE CLUBS EIGHT,0.623,0.0728,0.3042
DIAMONDS ACE DIAMONDS NINE,0.3748,0.0024,0.6228
HEARTS FOUR DIAMONDS NINE,0.6472,0.0232,0.3296
HEARTS FIVE DIAMONDS NINE,0.6394,0.0262,0.3344
HEARTS ACE CLUBS TWO,0.4334,0.0018,0.5648
SPADES ACE CLUBS FOUR,0.4288,0.0048,0.5664
DIAMONDS NINE DIAMONDS QUEEN,0.3424,0.0118,0.6458
HEARTS TWO DIAMONDS NINE,0.6598,0.0264,0.3138
CLUBS TWO HEARTS KING,0.4452,0.0072,0.5476
SPADES KING CLUBS FOUR,0.4272,0.0046,0.5682
DIAMONDS KING DIAMONDS NINE,0.364,0.0078,0.6282
HEARTS THREE DIAMONDS NINE,0.6644,0.0316,0.304
CLUBS TWO HEARTS QUEEN,0.4312,0.0112,0.5576
SPADES QUEEN CLUBS FOUR,0.4222,0.0106,0.5672
DIAMONDS NINE DIAMONDS JACK,0.3412,0.0172,0.6416
CLUBS EIGHT SPADES NINE,0.6726,0.0732,0.2542
CLUBS EIGHT SPADES SEVEN,0.6688,0.074,0.2572
CLUBS EIGHT SPADES SIX,0.6668,0.0788,0.2544
CLUBS EIGHT SPADES FIVE,0.6886,0.0822,0.2292
CLUBS EIGHT SPADES FOUR,0.6852,0.0788,0.236
CLUBS EIGHT SPADES THREE,0.694,0.0862,0.2198
CLUBS EIGHT SPADES TWO,0.6972,0.0884,0.2144
CLUBS FOUR CLUBS JACK,0.4124,0.0162,0.5714
CLUBS TEN CLUBS FOUR,0.5072,0.224,0.2688
CLUBS FOUR CLUBS KING,0.404,0.0056,0.5904
CLUBS FOUR CLUBS QUEEN,0.4154,0.0106,0.574
CLUBS FOUR CLUBS ACE,0.4012,0.0024,0.5964
CLUBS EIGHT HEARTS JACK,0.2606,0.0518,0.6876
CLUBS EIGHT HEARTS TEN,0.0164,0.9618,0.0218
CLUBS EIGHT HEARTS QUEEN,0.2686,0.047,0.6844
CLUBS EIGHT HEARTS KING,0.2936,0.0246,0.6818
CLUBS EIGHT HEARTS ACE,0.2734,0.0194,0.7072
CLUBS NINE SPADES THREE,0.6588,0.0226,0.3186
CLUBS NINE SPADES TWO,0.6676,0.0224,0.31
CLUBS NINE SPADES FIVE,0.6366,0.0262,0.3372
CLUBS NINE SPADES FOUR,0.6546,0.0292,0.3162
CLUBS NINE SPADES SEVEN,0.6284,0.0236,0.348
CLUBS NINE SPADES SIX,0.6416,0.0236,0.3348
CLUBS NINE SPADES NINE,0.2832,0.039,0.6778
CLUBS TEN HEARTS EIGHT,0.023,0.9546,0.0224
HEARTS EIGHT CLUBS JACK,0.2554,0.0592,0.6854
CLUBS QUEEN HEARTS EIGHT,0.2734,0.0374,0.6892
CLUBS KING HEARTS EIGHT,0.2806,0.027,0.6924
CLUBS ACE HEARTS EIGHT,0.2848,0.019,0.6962
SPADES KING CLUBS KING,0.1762,0.0096,0.8142
SPADES QUEEN CLUBS KING,0.3486,0.0048,0.6466
SPADES ACE CLUBS KING,0.3552,0.0042,0.6406
DIAMONDS ACE HEARTS TEN,0.2636,0.02,0.7164
HEARTS FOUR HEARTS TEN,0.5096,0.2198,0.2706
DIAMONDS ACE HEARTS JACK,0.3576,0.004,0.6384
HEARTS FOUR HEARTS JACK,0.4108,0.0156,0.5736
SPADES KING CLUBS FIVE,0.4214,0.008,0.5706
SPADES QUEEN CLUBS FIVE,0.4268,0.0116,0.5616
SPADES ACE CLUBS FIVE,0.4174,0.0054,0.5772
HEARTS SEVEN DIAMONDS JACK,0.3936,0.0152,0.5912
HEARTS SIX DIAMONDS JACK,0.4252,0.017,0.5578
DIAMONDS JACK HEARTS NINE,0.3672,0.0134,0.6194
DIAMONDS JACK HEARTS EIGHT,0.257,0.0504,0.6926
DIAMONDS KING DIAMONDS JACK,0.324,0.0072,0.6688
HEARTS THREE DIAMONDS JACK,0.435,0.0172,0.5478
SPADES ACE SPADES SIX,0.4042,0.0046,0.5912
HEARTS ACE SPADES FOUR,0.4338,0.005,0.5612
DIAMONDS QUEEN DIAMONDS JACK,0.3112,0.0074,0.6814
HEARTS TWO DIAMONDS JACK,0.4348,0.0154,0.5498
HEARTS FIVE DIAMONDS JACK,0.442,0.016,0.542
SPADES QUEEN SPADES SIX,0.4166,0.0122,0.5712
SPADES FOUR HEARTS QUEEN,0.4506,0.0098,0.5396
DIAMONDS ACE DIAMONDS JACK,0.3564,0.0038,0.6398
HEARTS FOUR DIAMONDS JACK,0.4182,0.0154,0.5664
SPADES KING SPADES SIX,0.399,0.0074,0.5936
SPADES FOUR HEARTS KING,0.4274,0.008,0.5646
SPADES TEN SPADES SIX,0.5226,0.2142,0.2632
SPADES JACK SPADES SIX,0.4108,0.0164,0.5728
SPADES FOUR DIAMONDS JACK,0.424,0.0166,0.5594
SPADES FIVE DIAMONDS JACK,0.4264,0.0194,0.5542
SPADES TWO DIAMONDS JACK,0.4434,0.0152,0.5414
SPADES THREE DIAMONDS JACK,0.428,0.0202,0.5518
SPADES ACE DIAMONDS THREE,0.4258,0.0042,0.57
SPADES QUEEN DIAMONDS THREE,0.4176,0.013,0.5694
CLUBS EIGHT DIAMONDS JACK,0.2556,0.0506,0.6938
SPADES KING DIAMONDS THREE,0.43,0.0076,0.5624
CLUBS NINE DIAMONDS JACK,0.3516,0.015,0.6334
CLUBS SIX DIAMONDS JACK,0.4218,0.0144,0.5638
CLUBS SEVEN DIAMONDS JACK,0.4098,0.013,0.5772
CLUBS FOUR DIAMONDS JACK,0.4206,0.0152,0.5642
CLUBS FIVE DIAMONDS JACK,0.424,0.0168,0.5592
CLUBS TWO DIAMONDS JACK,0.427,0.0202,0.5528
CLUBS THREE DIAMONDS JACK,0.4358,0.016,0.5482
SPADES TEN CLUBS FIVE,0.5508,0.2188,0.2304
SPADES JACK HEARTS SIX,0.412,0.017,0.571
HEARTS SIX SPADES TEN,0.5644,0.2128,0.2228
SPADES JACK CLUBS FIVE,0.432,0.0158,0.5522
SPADES JACK DIAMONDS THREE,0.4324,0.0162,0.5514
CLUBS SEVEN CLUBS ACE,0.3882,0.0058,0.606
DIAMONDS THREE SPADES TEN,0.5584,0.224,0.2176
CLUBS SEVEN CLUBS QUEEN,0.395,0.0088,0.5962
CLUBS SEVEN CLUBS KING,0.3902,0.0074,0.6024
SPADES NINE DIAMONDS JACK,0.3494,0.0168,0.6338
CLUBS TEN CLUBS SEVEN,0.5206,0.205,0.2744
DIAMONDS ACE HEARTS ACE,0.1742,0.004,0.8218
HEARTS FOUR HEARTS ACE,0.4034,0.004,0.5926
SPADES ACE HEARTS SIX,0.4216,0.003,0.5754
CLUBS SEVEN CLUBS JACK,0.3952,0.0164,0.5884
DIAMONDS ACE HEARTS KING,0.3616,0.0036,0.6348
HEARTS FOUR HEARTS KING,0.3914,0.006,0.6026
SPADES SEVEN DIAMONDS JACK,0.4076,0.0198,0.5726
SPADES KING HEARTS SIX,0.4288,0.0036,0.5676
DIAMONDS ACE HEARTS QUEEN,0.3556,0.0038,0.6406
HEARTS FOUR HEARTS QUEEN,0.4098,0.011,0.5792
SPADES SIX DIAMONDS JACK,0.4234,0.0158,0.5608
SPADES QUEEN HEARTS SIX,0.4266,0.011,0.5624
DIAMONDS THREE CLUBS JACK,0.4358,0.016,0.5482
CLUBS TEN DIAMONDS THREE,0.5666,0.214,0.2194
DIAMONDS THREE CLUBS KING,0.4586,0.005,0.5364
DIAMONDS THREE CLUBS QUEEN,0.433,0.0116,0.5554
DIAMONDS THREE CLUBS ACE,0.4394,0.006,0.5546
SPADES FOUR HEARTS JACK,0.4394,0.016,0.5446
SPADES FOUR HEARTS TEN,0.5406,0.2296,0.2298
SPADES FIVE SPADES TWO,0.6074,0.0284,0.3642
SPADES FOUR SPADES TWO,0.6164,0.0288,0.3548
SPADES THREE SPADES TWO,0.6114,0.0248,0.3638
SPADES NINE SPADES TWO,0.6286,0.0218,0.3496
SPADES SEVEN SPADES TWO,0.6508,0.027,0.3222
SPADES SIX SPADES TWO,0.6342,0.025,0.3408
CLUBS THREE DIAMONDS QUEEN,0.4256,0.0118,0.5626
CLUBS THREE HEARTS TWO,0.6264,0.0252,0.3484
CLUBS TWO DIAMONDS QUEEN,0.4342,0.0106,0.5552
HEARTS TWO CLUBS TWO,0.4482,0.0492,0.5026
HEARTS SEVEN DIAMONDS QUEEN,0.4196,0.0104,0.57
HEARTS SEVEN HEARTS TWO,0.6376,0.024,0.3384
HEARTS SIX DIAMONDS QUEEN,0.4312,0.0092,0.5596
HEARTS SIX HEARTS TWO,0.6112,0.0204,0.3684
DIAMONDS QUEEN HEARTS NINE,0.3612,0.0132,0.6256
HEARTS TWO HEARTS NINE,0.6146,0.0218,0.3636
DIAMONDS QUEEN HEARTS EIGHT,0.261,0.0426,0.6964
HEARTS TWO HEARTS EIGHT,0.6516,0.0754,0.273
CLUBS NINE HEARTS TWO,0.64,0.0276,0.3324
CLUBS NINE DIAMONDS QUEEN,0.3634,0.0098,0.6268
CLUBS EIGHT HEARTS TWO,0.6978,0.0824,0.2198
CLUBS EIGHT DIAMONDS QUEEN,0.2626,0.0416,0.6958
CLUBS FIVE DIAMONDS QUEEN,0.4192,0.011,0.5698
CLUBS FIVE HEARTS TWO,0.644,0.0262,0.3298
CLUBS FOUR DIAMONDS QUEEN,0.4318,0.013,0.5552
CLUBS FOUR HEARTS TWO,0.619,0.0264,0.3546
CLUBS SEVEN DIAMONDS QUEEN,0.4168,0.0098,0.5734
CLUBS SEVEN HEARTS TWO,0.6704,0.0254,0.3042
CLUBS SIX DIAMONDS QUEEN,0.4216,0.012,0.5664
CLUBS SIX HEARTS TWO,0.6526,0.0262,0.3212
SPADES SIX DIAMONDS QUEEN,0.424,0.013,0.563
SPADES SIX HEARTS TWO,0.6444,0.0268,0.3288
HEARTS FOUR CLUBS QUEEN,0.4392,0.0096,0.5512
DIAMONDS ACE CLUBS QUEEN,0.3484,0.0044,0.6472
SPADES SEVEN DIAMONDS QUEEN,0.422,0.0096,0.5684
SPADES SEVEN HEARTS TWO,0.6732,0.0264,0.3004
HEARTS FOUR CLUBS KING,0.4304,0.0054,0.5642
DIAMONDS ACE CLUBS KING,0.3536,0.0032,0.6432
HEARTS FOUR CLUBS ACE,0.4174,0.004,0.5786
DIAMONDS ACE CLUBS ACE,0.162,0.0034,0.8346
SPADES NINE DIAMONDS QUEEN,0.3608,0.012,0.6272
SPADES NINE HEARTS TWO,0.6378,0.0298,0.3324
HEARTS TWO SPADES TWO,0.4554,0.0468,0.4978
DIAMONDS QUEEN SPADES TWO,0.4364,0.014,0.5496
HEARTS TWO SPADES THREE,0.6446,0.0282,0.3272
SPADES THREE DIAMONDS QUEEN,0.4276,0.0138,0.5586
HEARTS TWO SPADES FOUR,0.649,0.0298,0.3212
SPADES FOUR DIAMONDS QUEEN,0.4298,0.0118,0.5584
CLUBS TEN HEARTS FOUR,0.5594,0.2192,0.2214
CLUBS TEN DIAMONDS ACE,0.2584,0.0198,0.7218
HEARTS TWO SPADES FIVE,0.6404,0.0296,0.33
SPADES FIVE DIAMONDS QUEEN,0.4338,0.0088,0.5574
HEARTS FOUR CLUBS JACK,0.4394,0.0176,0.543
DIAMONDS ACE CLUBS JACK,0.3692,0.004,0.6268
CLUBS FIVE CLUBS KING,0.4072,0.008,0.5848
CLUBS FIVE CLUBS QUEEN,0.4034,0.0128,0.5838
CLUBS FIVE CLUBS ACE,0.393,0.0048,0.6022
CLUBS FIVE CLUBS JACK,0.4052,0.017,0.5778
CLUBS TEN CLUBS FIVE,0.5116,0.2084,0.28
SPADES KING CLUBS JACK,0.351,0.006,0.643
SPADES QUEEN CLUBS JACK,0.33,0.0088,0.6612
SPADES ACE CLUBS JACK,0.3542,0.0034,0.6424
SPADES SIX CLUBS KING,0.4236,0.006,0.5704
SPADES SIX CLUBS QUEEN,0.4352,0.0096,0.5552
SPADES SIX CLUBS ACE,0.4348,0.0044,0.5608
SPADES SIX CLUBS JACK,0.4374,0.0144,0.5482
CLUBS TEN SPADES SIX,0.5428,0.2372,0.22
SPADES TEN CLUBS JACK,0.2372,0.0526,0.7102
SPADES JACK CLUBS JACK,0.1616,0.0212,0.8172
SPADES QUEEN CLUBS SEVEN,0.4186,0.0106,0.5708
SPADES KING CLUBS SEVEN,0.4222,0.0056,0.5722
SPADES ACE CLUBS SEVEN,0.4004,0.004,0.5956
SPADES SIX HEARTS TEN,0.55,0.2238,0.2262
SPADES SIX HEARTS JACK,0.4312,0.0156,0.5532
SPADES SIX HEARTS ACE,0.422,0.0042,0.5738
SPADES SIX HEARTS KING,0.4254,0.0062,0.5684
SPADES SIX HEARTS QUEEN,0.423,0.011,0.566
CLUBS SEVEN SPADES JACK,0.4024,0.016,0.5816
CLUBS SEVEN SPADES TEN,0.5412,0.2278,0.231
CLUBS TEN HEARTS SIX,0.551,0.2134,0.2356
HEARTS SIX CLUBS JACK,0.4306,0.017,0.5524
CLUBS ACE CLUBS JACK,0.3374,0.0038,0.6588
HEARTS SIX CLUBS QUEEN,0.4222,0.0114,0.5664
HEARTS SIX CLUBS KING,0.4166,0.005,0.5784
HEARTS SIX CLUBS ACE,0.4098,0.0034,0.5868
CLUBS QUEEN CLUBS JACK,0.3174,0.0074,0.6752
CLUBS KING CLUBS JACK,0.3224,0.0052,0.6724
DIAMONDS THREE HEARTS ACE,0.4318,0.0046,0.5636
DIAMONDS THREE HEARTS QUEEN,0.4384,0.0096,0.552
DIAMONDS THREE HEARTS KING,0.4306,0.0062,0.5632
CLUBS FIVE HEARTS JACK,0.4264,0.0178,0.5558
SPADES TEN DIAMONDS ACE,0.2648,0.0244,0.7108
HEARTS FOUR SPADES TEN,0.542,0.233,0.225
CLUBS FIVE HEARTS TEN,0.5614,0.2156,0.223
HEARTS FOUR SPADES JACK,0.4316,0.017,0.5514
SPADES JACK DIAMONDS ACE,0.3466,0.0034,0.65
SPADES ACE HEARTS FOUR,0.4248,0.0036,0.5716
SPADES ACE DIAMONDS ACE,0.1546,0.0026,0.8428
CLUBS FIVE HEARTS ACE,0.4514,0.0034,0.5452
CLUBS FIVE HEARTS KING,0.4198,0.0086,0.5716
HEARTS FOUR SPADES QUEEN,0.432,0.0116,0.5564
SPADES QUEEN DIAMONDS ACE,0.3594,0.0042,0.6364
SPADES FOUR CLUBS JACK,0.4236,0.0184,0.558
CLUBS FIVE HEARTS QUEEN,0.4324,0.01,0.5576
SPADES KING DIAMONDS ACE,0.3484,0.0034,0.6482
SPADES KING HEARTS FOUR,0.426,0.0088,0.5652
CLUBS TEN SPADES FOUR,0.5556,0.2236,0.2208
DIAMONDS ACE DIAMONDS QUEEN,0.3342,0.0048,0.661
DIAMONDS ACE HEARTS TWO,0.4148,0.0064,0.5788
HEARTS FOUR DIAMONDS QUEEN,0.4394,0.0092,0.5514
HEARTS FOUR HEARTS TWO,0.5846,0.024,0.3914
DIAMONDS THREE HEARTS TEN,0.5718,0.2108,0.2174
SPADES FOUR CLUBS KING,0.4318,0.0054,0.5628
HEARTS FIVE DIAMONDS QUEEN,0.4356,0.0104,0.554
HEARTS FIVE HEARTS TWO,0.6058,0.0226,0.3716
DIAMONDS THREE HEARTS JACK,0.431,0.0162,0.5528
SPADES FOUR CLUBS QUEEN,0.444,0.011,0.545
HEARTS TWO DIAMONDS QUEEN,0.4266,0.0116,0.5618
DIAMONDS KING DIAMONDS QUEEN,0.324,0.0048,0.6712
DIAMONDS KING HEARTS TWO,0.423,0.0088,0.5682
HEARTS THREE DIAMONDS QUEEN,0.4454,0.0094,0.5452
HEARTS THREE HEARTS TWO,0.5888,0.0242,0.387
SPADES FOUR CLUBS ACE,0.4262,0.0042,0.5696
HEARTS TWO CLUBS ACE,0.4296,0.0032,0.5672
DIAMONDS QUEEN CLUBS ACE,0.3494,0.0026,0.648
HEARTS TWO CLUBS QUEEN,0.4426,0.0112,0.5462
DIAMONDS QUEEN CLUBS QUEEN,0.1712,0.0176,0.8112
HEARTS TWO CLUBS KING,0.4344,0.0088,0.5568
DIAMONDS QUEEN CLUBS KING,0.339,0.0092,0.6518
CLUBS TEN HEARTS TWO,0.5554,0.2204,0.2242
CLUBS TEN DIAMONDS QUEEN,0.2508,0.0494,0.6998
SPADES NINE SPADES FIVE,0.6128,0.0252,0.362
HEARTS TWO CLUBS JACK,0.4256,0.0178,0.5566
DIAMONDS QUEEN CLUBS JACK,0.3296,0.0124,0.658
SPADES SIX SPADES FIVE,0.5842,0.0276,0.3882
SPADES SEVEN SPADES FIVE,0.609,0.0242,0.3668
DIAMONDS FIVE CLUBS QUEEN,0.4494,0.0106,0.54
DIAMONDS FIVE CLUBS KING,0.4276,0.0078,0.5646
CLUBS ACE DIAMONDS FIVE,0.4276,0.0038,0.5686
CLUBS TEN DIAMONDS FIVE,0.5458,0.2346,0.2196
DIAMONDS FIVE CLUBS JACK,0.4276,0.0188,0.5536
SPADES ACE CLUBS NINE,0.3748,0.0024,0.6228
CLUBS NINE SPADES QUEEN,0.366,0.0092,0.6248
CLUBS NINE SPADES KING,0.3956,0.0068,0.5976
HEARTS SIX HEARTS KING,0.399,0.0068,0.5942
DIAMONDS KING SPADES SEVEN,0.4102,0.0084,0.5814
SPADES SEVEN HEARTS THREE,0.658,0.0264,0.3156
SPADES KING DIAMONDS SEVEN,0.4204,0.0072,0.5724
HEARTS SIX HEARTS QUEEN,0.4074,0.0082,0.5844
DIAMONDS KING SPADES SIX,0.4156,0.0066,0.5778
HEARTS THREE SPADES SIX,0.6364,0.0246,0.339
SPADES QUEEN DIAMONDS SEVEN,0.4224,0.0122,0.5654
SPADES NINE DIAMONDS KING,0.3716,0.008,0.6204
SPADES NINE HEARTS THREE,0.6538,0.0234,0.3228
HEARTS SIX HEARTS ACE,0.4076,0.004,0.5884
SPADES ACE DIAMONDS SEVEN,0.4148,0.0044,0.5808
CLUBS NINE HEARTS THREE,0.6284,0.0276,0.344
CLUBS NINE DIAMONDS KING,0.3832,0.0062,0.6106
CLUBS EIGHT HEARTS THREE,0.6918,0.077,0.2312
CLUBS EIGHT DIAMONDS KING,0.2852,0.0296,0.6852
HEARTS THREE SPADES THREE,0.46,0.0474,0.4926
DIAMONDS KING SPADES THREE,0.44,0.0106,0.5494
