opposingHand,winningChance,drawChance,lostChance
SPADES SIX HEARTS TEN
HEARTS FIVE SPADES TEN,0.3976,0.385,0.2174
SPADES JACK HEARTS FIVE,0.4038,0.0208,0.5754
SPADES FIVE CLUBS JACK,0.3974,0.0202,0.5824
CLUBS TEN SPADES FIVE,0.3984,0.3812,0.2204
CLUBS EIGHT CLUBS JACK,0.3316,0.0136,0.6548
CLUBS TEN CLUBS EIGHT,0.2114,0.2008,0.5878
CLUBS EIGHT CLUBS KING,0.3444,0.0062,0.6494
SPADES FIVE CLUBS ACE,0.4006,0.0052,0.5942
CLUBS EIGHT CLUBS QUEEN,0.3342,0.0098,0.656
SPADES FIVE CLUBS KING,0.4146,0.0062,0.5792
SPADES FIVE CLUBS QUEEN,0.3914,0.0102,0.5984
CLUBS EIGHT CLUBS ACE,0.3422,0.0044,0.6534
DIAMONDS TWO DIAMONDS THREE,0.5826,0.0286,0.3888
DIAMONDS TWO DIAMONDS FIVE,0.589,0.026,0.385
SPADES KING HEARTS FIVE,0.395,0.0092,0.5958
DIAMONDS TWO DIAMONDS FOUR,0.5852,0.0298,0.385
SPADES QUEEN HEARTS FIVE,0.3926,0.0154,0.592
DIAMONDS TWO DIAMONDS SEVEN,0.5872,0.0282,0.3846
DIAMONDS TWO DIAMONDS SIX,0.6232,0.0848,0.292
SPADES ACE HEARTS FIVE,0.3878,0.0068,0.6054
DIAMONDS TWO DIAMONDS NINE,0.5806,0.0218,0.3976
DIAMONDS TWO DIAMONDS EIGHT,0.595,0.0236,0.3814
DIAMONDS THREE DIAMONDS FOUR,0.571,0.0272,0.4018
SPADES FOUR CLUBS TWO,0.6134,0.0308,0.3558
DIAMONDS THREE DIAMONDS FIVE,0.561,0.0324,0.4066
SPADES FIVE CLUBS TWO,0.641,0.0276,0.3314
CLUBS TWO SPADES TWO,0.4258,0.0616,0.5126
CLUBS TWO SPADES THREE,0.6264,0.0262,0.3474
DIAMONDS THREE DIAMONDS EIGHT,0.5846,0.023,0.3924
SPADES EIGHT CLUBS TWO,0.6244,0.0258,0.3498
DIAMONDS THREE DIAMONDS NINE,0.5798,0.024,0.3962
SPADES NINE CLUBS TWO,0.613,0.0256,0.3614
DIAMONDS THREE DIAMONDS SIX,0.608,0.0796,0.3124
DIAMONDS THREE DIAMONDS SEVEN,0.5808,0.0262,0.393
SPADES SEVEN CLUBS TWO,0.6426,0.029,0.3284
CLUBS SIX CLUBS TWO,0.6346,0.0804,0.285
CLUBS SEVEN CLUBS TWO,0.5784,0.031,0.3906
CLUBS FOUR CLUBS TWO,0.5792,0.0288,0.392
CLUBS FIVE CLUBS TWO,0.5786,0.0288,0.3926
CLUBS TEN CLUBS JACK,0.2044,0.055,0.7406
DIAMONDS FOUR DIAMONDS SIX,0.6004,0.0742,0.3254
CLUBS TEN CLUBS QUEEN,0.2272,0.04,0.7328
DIAMONDS FOUR DIAMONDS SEVEN,0.5632,0.0248,0.412
CLUBS TEN CLUBS KING,0.2262,0.0328,0.741
CLUBS TEN CLUBS ACE,0.2138,0.02,0.7662
CLUBS EIGHT CLUBS TWO,0.5828,0.0258,0.3914
DIAMONDS FIVE DIAMONDS FOUR,0.5452,0.0266,0.4282
CLUBS NINE CLUBS TWO,0.577,0.0264,0.3966
DIAMONDS NINE DIAMONDS FOUR,0.5936,0.0234,0.383
DIAMONDS EIGHT DIAMONDS FOUR,0.579,0.0248,0.3962
CLUBS THREE CLUBS TWO,0.5832,0.0278,0.389
DIAMONDS NINE DIAMONDS FIVE,0.584,0.021,0.395
DIAMONDS TWO CLUBS JACK,0.409,0.0174,0.5736
DIAMONDS EIGHT DIAMONDS FIVE,0.5694,0.028,0.4026
CLUBS TEN DIAMONDS TWO,0.4098,0.377,0.2132
DIAMONDS FIVE DIAMONDS SEVEN,0.5672,0.0246,0.4082
DIAMONDS FIVE DIAMONDS SIX,0.614,0.0722,0.3138
DIAMONDS TWO CLUBS ACE,0.4028,0.0044,0.5928
DIAMONDS TWO CLUBS KING,0.4054,0.0054,0.5892
DIAMONDS TWO CLUBS QUEEN,0.3998,0.0124,0.5878
DIAMONDS EIGHT DIAMONDS SIX,0.6264,0.0692,0.3044
DIAMONDS NINE DIAMONDS SIX,0.6332,0.063,0.3038
HEARTS ACE SPADES THREE,0.4052,0.005,0.5898
SPADES THREE HEARTS KING,0.4086,0.0102,0.5812
DIAMONDS SEVEN DIAMONDS SIX,0.6128,0.0716,0.3156
SPADES THREE HEARTS QUEEN,0.4108,0.0114,0.5778
SPADES THREE HEARTS JACK,0.4052,0.016,0.5788
DIAMONDS EIGHT DIAMONDS SEVEN,0.5268,0.0228,0.4504
DIAMONDS NINE DIAMONDS SEVEN,0.5326,0.0266,0.4408
DIAMONDS NINE DIAMONDS EIGHT,0.516,0.0266,0.4574
SPADES JACK CLUBS SIX,0.2568,0.0592,0.684
DIAMONDS KING HEARTS JACK,0.3106,0.0072,0.6822
HEARTS THREE HEARTS JACK,0.3692,0.0196,0.6112
SPADES TEN CLUBS SIX,0.0128,0.9716,0.0156
SPADES JACK SPADES FIVE,0.3844,0.0168,0.5988
SPADES TEN SPADES FIVE,0.4,0.3548,0.2452
DIAMONDS KING HEARTS ACE,0.332,0.0038,0.6642
HEARTS THREE HEARTS ACE,0.3766,0.0042,0.6192
SPADES ACE CLUBS SIX,0.2462,0.023,0.7308
DIAMONDS KING HEARTS QUEEN,0.3248,0.009,0.6662
HEARTS THREE HEARTS QUEEN,0.3804,0.0114,0.6082
SPADES KING CLUBS SIX,0.2376,0.0354,0.727
DIAMONDS KING HEARTS KING,0.1468,0.0114,0.8418
HEARTS THREE HEARTS KING,0.388,0.0096,0.6024
SPADES QUEEN CLUBS SIX,0.245,0.0446,0.7104
SPADES NINE HEARTS JACK,0.3458,0.015,0.6392
SPADES QUEEN SPADES FIVE,0.3828,0.0118,0.6054
SPADES KING SPADES FIVE,0.381,0.0078,0.6112
SPADES ACE SPADES FIVE,0.378,0.0046,0.6174
SPADES NINE HEARTS QUEEN,0.3462,0.0114,0.6424
SPADES NINE HEARTS KING,0.3502,0.0066,0.6432
SPADES NINE HEARTS ACE,0.3624,0.0036,0.634
CLUBS TEN SPADES JACK,0.2056,0.057,0.7374
CLUBS TEN SPADES TEN,0.0962,0.0524,0.8514
SPADES ACE CLUBS TEN,0.228,0.025,0.747
SPADES KING CLUBS TEN,0.24,0.036,0.724
CLUBS TEN SPADES QUEEN,0.2318,0.0434,0.7248
SPADES FIVE HEARTS QUEEN,0.3966,0.0134,0.59
SPADES FIVE HEARTS KING,0.4018,0.009,0.5892
SPADES FIVE HEARTS ACE,0.3988,0.0044,0.5968
CLUBS EIGHT SPADES TEN,0.2104,0.2332,0.5564
HEARTS THREE SPADES JACK,0.4038,0.0168,0.5794
SPADES JACK DIAMONDS KING,0.326,0.0072,0.6668
SPADES TEN DIAMONDS KING,0.238,0.0348,0.7272
HEARTS THREE SPADES TEN,0.3952,0.3858,0.219
SPADES JACK CLUBS EIGHT,0.3556,0.0156,0.6288
CLUBS SIX HEARTS ACE,0.2598,0.0256,0.7146
SPADES ACE CLUBS EIGHT,0.3644,0.0038,0.6318
HEARTS FIVE CLUBS JACK,0.4072,0.0174,0.5754
CLUBS TEN HEARTS FIVE,0.4044,0.3772,0.2184
CLUBS SIX HEARTS QUEEN,0.2352,0.048,0.7168
SPADES QUEEN CLUBS EIGHT,0.3672,0.009,0.6238
CLUBS TEN SPADES THREE,0.4006,0.3696,0.2298
CLUBS SIX HEARTS KING,0.2554,0.041,0.7036
SPADES KING CLUBS EIGHT,0.353,0.0066,0.6404
SPADES THREE CLUBS JACK,0.415,0.017,0.568
DIAMONDS TWO HEARTS JACK,0.4036,0.0182,0.5782
SPADES THREE CLUBS QUEEN,0.3978,0.0104,0.5918
SPADES THREE CLUBS KING,0.4182,0.0076,0.5742
HEARTS FIVE CLUBS ACE,0.4048,0.0046,0.5906
SPADES THREE CLUBS ACE,0.4064,0.0046,0.589
HEARTS FIVE CLUBS KING,0.4126,0.008,0.5794
SPADES FIVE HEARTS JACK,0.407,0.0166,0.5764
HEARTS FIVE CLUBS QUEEN,0.4014,0.0106,0.588
HEARTS THREE CLUBS KING,0.4092,0.0064,0.5844
DIAMONDS KING CLUBS KING,0.1566,0.008,0.8354
HEARTS THREE CLUBS QUEEN,0.4152,0.0128,0.572
DIAMONDS KING CLUBS QUEEN,0.334,0.0046,0.6614
HEARTS FIVE HEARTS JACK,0.3814,0.0168,0.6018
HEARTS THREE CLUBS ACE,0.4128,0.0026,0.5846
DIAMONDS KING CLUBS ACE,0.3374,0.004,0.6586
SPADES ACE CLUBS QUEEN,0.3092,0.004,0.6868
SPADES KING CLUBS QUEEN,0.339,0.0076,0.6534
HEARTS THREE CLUBS JACK,0.4148,0.0178,0.5674
DIAMONDS KING CLUBS JACK,0.3248,0.0042,0.671
SPADES QUEEN CLUBS QUEEN,0.148,0.0158,0.8362
CLUBS TEN HEARTS THREE,0.3994,0.3802,0.2204
CLUBS TEN DIAMONDS KING,0.2434,0.0336,0.723
SPADES JACK CLUBS QUEEN,0.3158,0.0112,0.673
CLUBS SIX CLUBS QUEEN,0.2446,0.0386,0.7168
SPADES TEN CLUBS QUEEN,0.2398,0.0472,0.713
CLUBS SIX CLUBS KING,0.2456,0.0344,0.72
CLUBS SIX CLUBS ACE,0.2502,0.0224,0.7274
HEARTS FIVE HEARTS KING,0.398,0.0084,0.5936
HEARTS FIVE HEARTS QUEEN,0.3748,0.0102,0.615
CLUBS TEN CLUBS SIX,0.024,0.9064,0.0696
HEARTS FIVE HEARTS ACE,0.3882,0.004,0.6078
CLUBS SIX CLUBS JACK,0.2376,0.0652,0.6972
SPADES SEVEN HEARTS JACK,0.3424,0.017,0.6406
DIAMONDS TWO CLUBS TWO,0.4116,0.0578,0.5306
DIAMONDS TWO CLUBS THREE,0.6264,0.0308,0.3428
HEARTS SIX DIAMONDS TWO,0.6776,0.0882,0.2342
DIAMONDS TWO HEARTS QUEEN,0.3998,0.0096,0.5906
DIAMONDS TWO HEARTS SEVEN,0.6356,0.0262,0.3382
DIAMONDS TWO HEARTS KING,0.4166,0.0062,0.5772
DIAMONDS TWO HEARTS EIGHT,0.6308,0.028,0.3412
DIAMONDS TWO HEARTS ACE,0.4066,0.006,0.5874
DIAMONDS TWO HEARTS NINE,0.6482,0.0266,0.3252
DIAMONDS TWO DIAMONDS QUEEN,0.3882,0.0136,0.5982
DIAMONDS TWO HEARTS TWO,0.4276,0.0564,0.516
DIAMONDS TWO DIAMONDS KING,0.3682,0.0064,0.6254
HEARTS THREE DIAMONDS TWO,0.6286,0.0308,0.3406
DIAMONDS TWO DIAMONDS ACE,0.389,0.0038,0.6072
HEARTS FOUR DIAMONDS TWO,0.629,0.0318,0.3392
DIAMONDS TWO HEARTS FIVE,0.6322,0.0306,0.3372
SPADES SEVEN HEARTS ACE,0.3536,0.0048,0.6416
DIAMONDS TWO DIAMONDS TEN,0.3812,0.3538,0.265
SPADES SEVEN HEARTS KING,0.3516,0.0084,0.64
DIAMONDS TWO DIAMONDS JACK,0.3872,0.0174,0.5954
SPADES SEVEN HEARTS QUEEN,0.3582,0.0138,0.628
DIAMONDS TWO SPADES NINE,0.6258,0.026,0.3482
DIAMONDS TWO SPADES EIGHT,0.6324,0.0288,0.3388
DIAMONDS TWO SPADES SEVEN,0.6298,0.0298,0.3404
DIAMONDS TWO SPADES FIVE,0.6246,0.0294,0.346
DIAMONDS TWO SPADES FOUR,0.637,0.0294,0.3336
DIAMONDS TWO SPADES THREE,0.6212,0.0332,0.3456
DIAMONDS TWO SPADES TWO,0.4194,0.0652,0.5154
CLUBS NINE DIAMONDS TWO,0.6346,0.0228,0.3426
DIAMONDS TWO CLUBS EIGHT,0.6252,0.0266,0.3482
CLUBS SEVEN DIAMONDS TWO,0.6294,0.0246,0.346
DIAMONDS TWO CLUBS SIX,0.6672,0.0846,0.2482
DIAMONDS TWO CLUBS FIVE,0.6214,0.027,0.3516
DIAMONDS TWO CLUBS FOUR,0.6236,0.0256,0.3508
CLUBS FOUR SPADES FIVE,0.5946,0.0286,0.3768
CLUBS FOUR SPADES FOUR,0.404,0.0616,0.5344
CLUBS FOUR SPADES THREE,0.6214,0.0252,0.3534
CLUBS FOUR SPADES TWO,0.6186,0.0306,0.3508
SPADES NINE CLUBS FOUR,0.6164,0.0298,0.3538
SPADES EIGHT CLUBS FOUR,0.602,0.0232,0.3748
SPADES SEVEN CLUBS FOUR,0.5964,0.0304,0.3732
SPADES ACE DIAMONDS SIX,0.2538,0.0254,0.7208
SPADES QUEEN DIAMONDS SIX,0.2458,0.0548,0.6994
SPADES KING DIAMONDS SIX,0.2528,0.0358,0.7114
SPADES TEN DIAMONDS SIX,0.01,0.9746,0.0154
SPADES JACK DIAMONDS SIX,0.2428,0.0624,0.6948
SPADES QUEEN SPADES TWO,0.3852,0.0118,0.603
SPADES KING SPADES TWO,0.3924,0.0074,0.6002
SPADES ACE SPADES TWO,0.3728,0.0054,0.6218
DIAMONDS JACK CLUBS JACK,0.1612,0.0234,0.8154
CLUBS TEN DIAMONDS JACK,0.2342,0.0514,0.7144
DIAMONDS JACK CLUBS KING,0.3278,0.0056,0.6666
DIAMONDS JACK CLUBS QUEEN,0.3208,0.0096,0.6696
DIAMONDS THREE DIAMONDS JACK,0.3762,0.0174,0.6064
DIAMONDS THREE DIAMONDS TEN,0.386,0.3412,0.2728
DIAMONDS JACK CLUBS ACE,0.3326,0.0026,0.6648
DIAMONDS THREE DIAMONDS KING,0.3814,0.0082,0.6104
HEARTS THREE DIAMONDS THREE,0.4112,0.0592,0.5296
DIAMONDS THREE DIAMONDS QUEEN,0.3678,0.0108,0.6214
DIAMONDS THREE HEARTS TWO,0.6284,0.0294,0.3422
HEARTS FIVE DIAMONDS THREE,0.6254,0.0258,0.3488
DIAMONDS THREE DIAMONDS ACE,0.3832,0.0046,0.6122
HEARTS FOUR DIAMONDS THREE,0.6136,0.0334,0.353
DIAMONDS THREE HEARTS SEVEN,0.6312,0.0292,0.3396
SPADES TEN SPADES NINE,0.2242,0.1586,0.6172
HEARTS SIX DIAMONDS THREE,0.6776,0.0788,0.2436
SPADES JACK SPADES NINE,0.3262,0.0168,0.657
DIAMONDS THREE HEARTS NINE,0.6248,0.0278,0.3474
HEARTS JACK DIAMONDS FOUR,0.3912,0.0184,0.5904
HEARTS ACE HEARTS KING,0.3124,0.0058,0.6818
SPADES TEN SPADES TWO,0.3822,0.3642,0.2536
DIAMONDS THREE HEARTS EIGHT,0.638,0.0272,0.3348
SPADES JACK SPADES TWO,0.395,0.0168,0.5882
HEARTS QUEEN DIAMONDS FOUR,0.4064,0.0114,0.5822
HEARTS KING DIAMONDS FOUR,0.4048,0.0082,0.587
SPADES ACE SPADES NINE,0.3424,0.0062,0.6514
HEARTS ACE DIAMONDS FOUR,0.4068,0.0038,0.5894
SPADES KING SPADES NINE,0.3412,0.0074,0.6514
SPADES QUEEN SPADES NINE,0.3438,0.011,0.6452
DIAMONDS THREE SPADES NINE,0.626,0.0248,0.3492
DIAMONDS THREE SPADES EIGHT,0.6232,0.0296,0.3472
DIAMONDS THREE SPADES SEVEN,0.6152,0.028,0.3568
DIAMONDS THREE CLUBS SIX,0.6566,0.0788,0.2646
CLUBS FIVE CLUBS SIX,0.6102,0.0728,0.317
CLUBS ACE DIAMONDS FOUR,0.404,0.0024,0.5936
CLUBS SEVEN DIAMONDS THREE,0.6182,0.0266,0.3552
CLUBS SEVEN CLUBS FIVE,0.5582,0.026,0.4158
DIAMONDS THREE CLUBS FOUR,0.6114,0.0288,0.3598
DIAMONDS FOUR CLUBS QUEEN,0.4038,0.0098,0.5864
DIAMONDS THREE CLUBS FIVE,0.6076,0.032,0.3604
CLUBS KING DIAMONDS FOUR,0.4088,0.0078,0.5834
DIAMONDS THREE CLUBS TWO,0.6154,0.029,0.3556
CLUBS TEN DIAMONDS FOUR,0.3974,0.3852,0.2174
DIAMONDS THREE CLUBS THREE,0.4186,0.0592,0.5222
DIAMONDS FOUR CLUBS JACK,0.4148,0.0132,0.572
DIAMONDS THREE SPADES FOUR,0.6236,0.0266,0.3498
DIAMONDS THREE SPADES FIVE,0.609,0.029,0.362
DIAMONDS THREE SPADES TWO,0.6244,0.0286,0.347
DIAMONDS THREE SPADES THREE,0.4206,0.059,0.5204
CLUBS EIGHT DIAMONDS THREE,0.6298,0.0258,0.3444
CLUBS NINE DIAMONDS THREE,0.623,0.026,0.351
SPADES SEVEN CLUBS ACE,0.3608,0.0036,0.6356
SPADES SEVEN CLUBS QUEEN,0.3628,0.0094,0.6278
SPADES SEVEN CLUBS KING,0.368,0.006,0.626
CLUBS FIVE SPADES SEVEN,0.5772,0.026,0.3968
CLUBS TEN SPADES SEVEN,0.2224,0.2922,0.4854
SPADES SEVEN CLUBS JACK,0.3528,0.015,0.6322
CLUBS FIVE SPADES NINE,0.6176,0.0262,0.3562
CLUBS FIVE SPADES EIGHT,0.5962,0.027,0.3768
CLUBS FIVE SPADES THREE,0.6134,0.0308,0.3558
CLUBS FIVE SPADES TWO,0.6332,0.0324,0.3344
CLUBS FIVE SPADES FIVE,0.4166,0.0566,0.5268
CLUBS FIVE SPADES FOUR,0.6014,0.0278,0.3708
CLUBS NINE CLUBS FIVE,0.5664,0.0242,0.4094
CLUBS EIGHT CLUBS FIVE,0.5692,0.0228,0.408
CLUBS ACE CLUBS QUEEN,0.306,0.0042,0.6898
CLUBS KING CLUBS QUEEN,0.2938,0.006,0.7002
DIAMONDS TEN DIAMONDS FOUR,0.3748,0.3588,0.2664
CLUBS TEN DIAMONDS NINE,0.2278,0.175,0.5972
DIAMONDS JACK DIAMONDS FOUR,0.377,0.0186,0.6044
DIAMONDS NINE CLUBS JACK,0.339,0.0154,0.6456
SPADES NINE CLUBS JACK,0.3336,0.0134,0.653
CLUBS TEN SPADES NINE,0.2204,0.1682,0.6114
DIAMONDS ACE DIAMONDS FOUR,0.3642,0.0038,0.632
HEARTS FOUR DIAMONDS FOUR,0.4012,0.0568,0.542
SPADES NINE CLUBS KING,0.3604,0.006,0.6336
DIAMONDS TWO SPADES TEN,0.4028,0.3802,0.217
DIAMONDS NINE CLUBS ACE,0.3742,0.0042,0.6216
HEARTS FIVE DIAMONDS FOUR,0.5852,0.032,0.3828
DIAMONDS JACK HEARTS JACK,0.1566,0.0206,0.8228
SPADES NINE CLUBS QUEEN,0.333,0.0094,0.6576
DIAMONDS TWO SPADES JACK,0.4058,0.0184,0.5758
DIAMONDS QUEEN DIAMONDS FOUR,0.3732,0.01,0.6168
HEARTS TWO DIAMONDS FOUR,0.6346,0.0292,0.3362
DIAMONDS NINE CLUBS QUEEN,0.3364,0.0102,0.6534
DIAMONDS KING DIAMONDS FOUR,0.381,0.0084,0.6106
HEARTS THREE DIAMONDS FOUR,0.6052,0.033,0.3618
SPADES NINE CLUBS ACE,0.3602,0.003,0.6368
DIAMONDS NINE CLUBS KING,0.357,0.0062,0.6368
HEARTS ACE DIAMONDS JACK,0.3302,0.0038,0.666
SPADES ACE DIAMONDS TWO,0.405,0.004,0.591
HEARTS QUEEN DIAMONDS JACK,0.315,0.0084,0.6766
SPADES QUEEN DIAMONDS TWO,0.4162,0.0112,0.5726
DIAMONDS JACK HEARTS KING,0.3324,0.006,0.6616
SPADES KING DIAMONDS TWO,0.4022,0.007,0.5908
SPADES JACK SPADES SEVEN,0.3434,0.0148,0.6418
SPADES TEN SPADES SEVEN,0.2094,0.2956,0.495
CLUBS SEVEN CLUBS THREE,0.581,0.0246,0.3944
CLUBS SIX CLUBS THREE,0.6302,0.0744,0.2954
CLUBS FIVE CLUBS THREE,0.5642,0.0256,0.4102
CLUBS THREE CLUBS FOUR,0.5682,0.031,0.4008
CLUBS NINE CLUBS THREE,0.5904,0.0262,0.3834
CLUBS EIGHT CLUBS THREE,0.5884,0.0236,0.388
CLUBS THREE SPADES FIVE,0.6098,0.0296,0.3606
CLUBS THREE SPADES FOUR,0.6098,0.028,0.3622
CLUBS THREE SPADES THREE,0.4196,0.0552,0.5252
CLUBS THREE SPADES TWO,0.6326,0.0268,0.3406
CLUBS THREE SPADES SEVEN,0.6068,0.0294,0.3638
SPADES EIGHT CLUBS THREE,0.6296,0.0314,0.339
SPADES NINE CLUBS THREE,0.623,0.0262,0.3508
SPADES TWO DIAMONDS FOUR,0.6372,0.0274,0.3354
SPADES THREE DIAMONDS FOUR,0.6084,0.027,0.3646
SPADES FOUR DIAMONDS FOUR,0.4054,0.0612,0.5334
SPADES FIVE DIAMONDS FOUR,0.6162,0.031,0.3528
SPADES SEVEN DIAMONDS FOUR,0.602,0.0258,0.3722
SPADES EIGHT DIAMONDS FOUR,0.6082,0.0326,0.3592
SPADES NINE DIAMONDS FOUR,0.6322,0.0234,0.3444
CLUBS FIVE DIAMONDS FOUR,0.5972,0.0294,0.3734
CLUBS FOUR DIAMONDS FOUR,0.4066,0.0536,0.5398
CLUBS SEVEN DIAMONDS FOUR,0.6016,0.025,0.3734
CLUBS SIX DIAMONDS FOUR,0.659,0.068,0.273
CLUBS NINE DIAMONDS FOUR,0.6308,0.0232,0.346
CLUBS EIGHT DIAMONDS FOUR,0.6138,0.0252,0.361
DIAMONDS FOUR HEARTS SEVEN,0.6134,0.0332,0.3534
HEARTS SIX DIAMONDS FOUR,0.658,0.0812,0.2608
HEARTS NINE DIAMONDS FOUR,0.619,0.0308,0.3502
DIAMONDS FOUR HEARTS EIGHT,0.625,0.0236,0.3514
CLUBS THREE DIAMONDS FOUR,0.6168,0.0276,0.3556
CLUBS TWO DIAMONDS FOUR,0.6306,0.03,0.3394
DIAMONDS TEN DIAMONDS FIVE,0.3872,0.3524,0.2604
DIAMONDS JACK DIAMONDS FIVE,0.3766,0.0182,0.6052
DIAMONDS NINE HEARTS QUEEN,0.3562,0.0108,0.633
DIAMONDS NINE HEARTS KING,0.3516,0.0088,0.6396
HEARTS ACE DIAMONDS NINE,0.3634,0.0032,0.6334
DIAMONDS NINE HEARTS JACK,0.3406,0.0132,0.6462
CLUBS KING DIAMONDS SIX,0.2492,0.0318,0.719
CLUBS QUEEN DIAMONDS SIX,0.2392,0.0506,0.7102
CLUBS ACE DIAMONDS SIX,0.252,0.0234,0.7246
SPADES KING DIAMONDS FOUR,0.4012,0.0076,0.5912
SPADES ACE SPADES SEVEN,0.346,0.0032,0.6508
SPADES QUEEN DIAMONDS FOUR,0.3918,0.0148,0.5934
SPADES QUEEN SPADES SEVEN,0.3548,0.0102,0.635
CLUBS JACK DIAMONDS SIX,0.2552,0.0524,0.6924
SPADES KING SPADES SEVEN,0.3518,0.0064,0.6418
SPADES ACE DIAMONDS FOUR,0.3916,0.0052,0.6032
CLUBS TEN DIAMONDS SIX,0.0212,0.9566,0.0222
CLUBS NINE CLUBS FOUR,0.5934,0.0278,0.3788
CLUBS EIGHT CLUBS FOUR,0.5748,0.0256,0.3996
SPADES JACK DIAMONDS FOUR,0.404,0.018,0.578
SPADES TEN DIAMONDS FOUR,0.402,0.3776,0.2204
CLUBS FIVE CLUBS FOUR,0.5572,0.0274,0.4154
CLUBS SEVEN CLUBS FOUR,0.5548,0.0266,0.4186
CLUBS SIX CLUBS FOUR,0.6032,0.079,0.3178
CLUBS SEVEN SPADES EIGHT,0.5528,0.0276,0.4196
CLUBS SEVEN SPADES NINE,0.5588,0.0252,0.416
CLUBS SEVEN SPADES SEVEN,0.2892,0.0556,0.6552
CLUBS SEVEN SPADES FIVE,0.5952,0.024,0.3808
CLUBS SEVEN SPADES FOUR,0.6184,0.0306,0.351
CLUBS SEVEN SPADES THREE,0.6302,0.0274,0.3424
CLUBS SEVEN SPADES TWO,0.6258,0.0294,0.3448
CLUBS NINE CLUBS SEVEN,0.5354,0.0262,0.4384
CLUBS SEVEN CLUBS EIGHT,0.5094,0.0272,0.4634
HEARTS SIX DIAMONDS FIVE,0.6454,0.0772,0.2774
DIAMONDS FIVE HEARTS SEVEN,0.5998,0.0266,0.3736
DIAMONDS FIVE HEARTS EIGHT,0.6,0.0234,0.3766
HEARTS NINE DIAMONDS FIVE,0.6208,0.025,0.3542
DIAMONDS QUEEN DIAMONDS FIVE,0.3934,0.0102,0.5964
HEARTS TWO DIAMONDS FIVE,0.6304,0.027,0.3426
HEARTS KING HEARTS EIGHT,0.3588,0.0076,0.6336
DIAMONDS KING DIAMONDS FIVE,0.3882,0.0078,0.604
HEARTS THREE DIAMONDS FIVE,0.6176,0.0282,0.3542
HEARTS QUEEN HEARTS EIGHT,0.336,0.0116,0.6524
DIAMONDS ACE DIAMONDS FIVE,0.3712,0.0026,0.6262
HEARTS FOUR DIAMONDS FIVE,0.5894,0.0324,0.3782
HEARTS FIVE DIAMONDS FIVE,0.408,0.0598,0.5322
HEARTS ACE HEARTS EIGHT,0.3426,0.0028,0.6546
CLUBS FOUR DIAMONDS FIVE,0.5996,0.0242,0.3762
CLUBS FIVE DIAMONDS FIVE,0.417,0.0596,0.5234
CLUBS SIX DIAMONDS FIVE,0.6414,0.0746,0.284
CLUBS SEVEN DIAMONDS FIVE,0.596,0.0242,0.3798
CLUBS TWO DIAMONDS FIVE,0.6342,0.0296,0.3362
CLUBS THREE DIAMONDS FIVE,0.61,0.026,0.364
SPADES THREE DIAMONDS FIVE,0.6134,0.0306,0.356
SPADES TWO DIAMONDS FIVE,0.6174,0.0276,0.355
SPADES JACK DIAMONDS EIGHT,0.3434,0.0188,0.6378
SPADES FIVE DIAMONDS FIVE,0.408,0.0596,0.5324
CLUBS TEN HEARTS JACK,0.2202,0.0636,0.7162
SPADES TEN DIAMONDS EIGHT,0.2178,0.2268,0.5554
SPADES FOUR DIAMONDS FIVE,0.5946,0.0276,0.3778
HEARTS JACK CLUBS JACK,0.1676,0.0222,0.8102
HEARTS JACK CLUBS QUEEN,0.3138,0.008,0.6782
CLUBS NINE DIAMONDS FIVE,0.6118,0.0246,0.3636
CLUBS KING HEARTS JACK,0.3222,0.007,0.6708
CLUBS EIGHT DIAMONDS FIVE,0.5938,0.0268,0.3794
CLUBS ACE HEARTS JACK,0.3304,0.0042,0.6654
SPADES SEVEN DIAMONDS FIVE,0.5936,0.0278,0.3786
SPADES KING DIAMONDS EIGHT,0.3632,0.0062,0.6306
SPADES QUEEN DIAMONDS EIGHT,0.35,0.0132,0.6368
SPADES NINE DIAMONDS FIVE,0.6168,0.0264,0.3568
SPADES EIGHT DIAMONDS FIVE,0.6076,0.0254,0.367
SPADES ACE DIAMONDS EIGHT,0.3666,0.0032,0.6302
DIAMONDS TEN DIAMONDS SIX,0.0254,0.9054,0.0692
HEARTS ACE DIAMONDS SEVEN,0.371,0.0032,0.6258
DIAMONDS JACK DIAMONDS SIX,0.2348,0.0528,0.7124
HEARTS QUEEN DIAMONDS SEVEN,0.3666,0.0104,0.623
HEARTS KING DIAMONDS SEVEN,0.3654,0.0064,0.6282
DIAMONDS ACE DIAMONDS SIX,0.232,0.0202,0.7478
HEARTS FOUR DIAMONDS SIX,0.6494,0.086,0.2646
SPADES TWO HEARTS JACK,0.4054,0.021,0.5736
HEARTS FIVE DIAMONDS SIX,0.6644,0.0748,0.2608
DIAMONDS QUEEN DIAMONDS SIX,0.2378,0.0442,0.718
HEARTS TWO DIAMONDS SIX,0.6826,0.0844,0.233
DIAMONDS KING DIAMONDS SIX,0.2382,0.0306,0.7312
HEARTS THREE DIAMONDS SIX,0.6658,0.08,0.2542
HEARTS EIGHT DIAMONDS SIX,0.665,0.0752,0.2598
HEARTS NINE DIAMONDS SIX,0.6706,0.0818,0.2476
HEARTS SIX DIAMONDS SIX,0.2898,0.0538,0.6564
HEARTS SEVEN DIAMONDS SIX,0.6492,0.0748,0.276
CLUBS TWO DIAMONDS SIX,0.686,0.074,0.24
HEARTS JACK DIAMONDS SEVEN,0.3642,0.0134,0.6224
CLUBS THREE DIAMONDS SIX,0.6732,0.0814,0.2454
CLUBS SEVEN DIAMONDS SIX,0.6482,0.073,0.2788
DIAMONDS EIGHT CLUBS JACK,0.3494,0.0168,0.6338
CLUBS SIX DIAMONDS SIX,0.299,0.0526,0.6484
CLUBS TEN DIAMONDS EIGHT,0.2274,0.2218,0.5508
CLUBS FIVE DIAMONDS SIX,0.6412,0.0774,0.2814
CLUBS FOUR DIAMONDS SIX,0.6562,0.0782,0.2656
HEARTS ACE HEARTS JACK,0.3082,0.003,0.6888
DIAMONDS EIGHT CLUBS ACE,0.3636,0.0022,0.6342
HEARTS QUEEN HEARTS JACK,0.2964,0.012,0.6916
DIAMONDS EIGHT CLUBS KING,0.364,0.0076,0.6284
CLUBS NINE DIAMONDS SIX,0.6714,0.077,0.2516
HEARTS KING HEARTS JACK,0.3098,0.0064,0.6838
DIAMONDS EIGHT CLUBS QUEEN,0.3598,0.008,0.6322
CLUBS EIGHT DIAMONDS SIX,0.6458,0.0722,0.282
SPADES TEN HEARTS KING,0.2208,0.032,0.7472
SPADES FIVE DIAMONDS SIX,0.6628,0.0732,0.264
HEARTS ACE SPADES TWO,0.3962,0.0054,0.5984
SPADES JACK HEARTS KING,0.3114,0.0072,0.6814
SPADES FOUR DIAMONDS SIX,0.6714,0.0728,0.2558
SPADES THREE DIAMONDS SIX,0.6668,0.075,0.2582
HEARTS QUEEN SPADES TWO,0.4162,0.014,0.5698
SPADES ACE SPADES KING,0.3196,0.004,0.6764
SPADES TWO HEARTS KING,0.4086,0.007,0.5844
SPADES TWO DIAMONDS SIX,0.6782,0.081,0.2408
SPADES NINE DIAMONDS SIX,0.6694,0.0754,0.2552
HEARTS JACK HEARTS EIGHT,0.3516,0.0134,0.635
SPADES EIGHT DIAMONDS SIX,0.6592,0.0818,0.259
SPADES SEVEN DIAMONDS SIX,0.6418,0.0734,0.2848
SPADES KING HEARTS KING,0.1348,0.0114,0.8538
SPADES QUEEN HEARTS KING,0.3206,0.0066,0.6728
CLUBS ACE CLUBS KING,0.316,0.0026,0.6814
SPADES ACE HEARTS KING,0.3104,0.004,0.6856
SPADES ACE HEARTS JACK,0.32,0.0038,0.6762
SPADES QUEEN HEARTS JACK,0.314,0.0112,0.6748
SPADES KING HEARTS JACK,0.3132,0.009,0.6778
SPADES TEN DIAMONDS TEN,0.0972,0.0532,0.8496
SPADES JACK DIAMONDS TEN,0.2124,0.0586,0.729
SPADES ACE DIAMONDS TEN,0.2322,0.026,0.7418
SPADES JACK HEARTS JACK,0.1534,0.023,0.8236
SPADES TEN HEARTS JACK,0.2218,0.0536,0.7246
SPADES QUEEN DIAMONDS TEN,0.2412,0.045,0.7138
SPADES KING DIAMONDS TEN,0.2488,0.034,0.7172
SPADES NINE DIAMONDS SEVEN,0.548,0.025,0.427
SPADES EIGHT DIAMONDS SEVEN,0.5444,0.0268,0.4288
SPADES SEVEN DIAMONDS SEVEN,0.2806,0.056,0.6634
DIAMONDS KING DIAMONDS SEVEN,0.351,0.0082,0.6408
HEARTS THREE DIAMONDS SEVEN,0.6152,0.0256,0.3592
HEARTS KING DIAMONDS FIVE,0.3926,0.0056,0.6018
DIAMONDS QUEEN DIAMONDS SEVEN,0.3472,0.0106,0.6422
HEARTS TWO DIAMONDS SEVEN,0.6278,0.0262,0.346
HEARTS QUEEN DIAMONDS FIVE,0.4052,0.0132,0.5816
HEARTS FIVE DIAMONDS SEVEN,0.601,0.027,0.372
DIAMONDS ACE DIAMONDS SEVEN,0.3484,0.0042,0.6474
HEARTS FOUR DIAMONDS SEVEN,0.6068,0.0286,0.3646
HEARTS ACE DIAMONDS FIVE,0.3878,0.0058,0.6064
HEARTS SEVEN DIAMONDS SEVEN,0.2868,0.0522,0.661
HEARTS SIX DIAMONDS SEVEN,0.6532,0.0764,0.2704
HEARTS NINE DIAMONDS SEVEN,0.5648,0.0276,0.4076
DIAMONDS SEVEN HEARTS EIGHT,0.5722,0.0206,0.4072
DIAMONDS JACK DIAMONDS SEVEN,0.3392,0.0158,0.645
DIAMONDS FIVE HEARTS JACK,0.3914,0.0176,0.591
DIAMONDS TEN DIAMONDS SEVEN,0.2094,0.281,0.5096
SPADES KING CLUBS TWO,0.4162,0.0082,0.5756
HEARTS KING CLUBS KING,0.1562,0.009,0.8348
CLUBS EIGHT DIAMONDS SEVEN,0.5414,0.02,0.4386
SPADES QUEEN CLUBS TWO,0.4134,0.0098,0.5768
HEARTS KING CLUBS QUEEN,0.331,0.008,0.661
CLUBS NINE DIAMONDS SEVEN,0.563,0.0282,0.4088
SPADES TWO CLUBS JACK,0.4114,0.0172,0.5714
SPADES ACE CLUBS TWO,0.3952,0.0058,0.599
CLUBS TEN SPADES TWO,0.406,0.3752,0.2188
HEARTS KING CLUBS ACE,0.3322,0.0036,0.6642
CLUBS SEVEN CLUBS SIX,0.6014,0.0756,0.323
SPADES TWO CLUBS KING,0.4114,0.0074,0.5812
SPADES TWO DIAMONDS SEVEN,0.6342,0.0342,0.3316
CLUBS EIGHT CLUBS SIX,0.6166,0.0702,0.3132
SPADES THREE DIAMONDS SEVEN,0.6174,0.0268,0.3558
SPADES TWO CLUBS QUEEN,0.417,0.0102,0.5728
CLUBS NINE CLUBS SIX,0.6346,0.0778,0.2876
SPADES FOUR DIAMONDS SEVEN,0.618,0.0252,0.3568
HEARTS KING CLUBS JACK,0.3248,0.0078,0.6674
SPADES FIVE DIAMONDS SEVEN,0.592,0.0244,0.3836
SPADES TWO CLUBS ACE,0.4016,0.0042,0.5942
CLUBS TEN HEARTS KING,0.2314,0.0374,0.7312
CLUBS SIX SPADES TWO,0.6832,0.0894,0.2274
CLUBS SIX SPADES THREE,0.6686,0.0792,0.2522
CLUBS TWO DIAMONDS SEVEN,0.6272,0.026,0.3468
CLUBS SIX SPADES FOUR,0.6486,0.084,0.2674
CLUBS THREE DIAMONDS SEVEN,0.6092,0.0302,0.3606
CLUBS SIX SPADES FIVE,0.653,0.0812,0.2658
CLUBS FOUR DIAMONDS SEVEN,0.6024,0.0294,0.3682
CLUBS FIVE DIAMONDS SEVEN,0.6046,0.0248,0.3706
CLUBS SIX SPADES SEVEN,0.652,0.0734,0.2746
CLUBS SIX DIAMONDS SEVEN,0.6396,0.0774,0.283
CLUBS SIX SPADES EIGHT,0.6394,0.0774,0.2832
SPADES JACK CLUBS TWO,0.407,0.017,0.576
CLUBS SEVEN DIAMONDS SEVEN,0.3058,0.0494,0.6448
SPADES NINE CLUBS SIX,0.6724,0.0768,0.2508
SPADES TEN CLUBS TWO,0.4028,0.3804,0.2168
CLUBS TWO CLUBS QUEEN,0.3838,0.012,0.6042
CLUBS TWO CLUBS KING,0.3726,0.0094,0.618
CLUBS THREE DIAMONDS EIGHT,0.6212,0.0252,0.3536
CLUBS TWO CLUBS ACE,0.3766,0.0056,0.6178
CLUBS TWO DIAMONDS EIGHT,0.6174,0.0258,0.3568
DIAMONDS EIGHT HEARTS SEVEN,0.5576,0.0252,0.4172
HEARTS SIX DIAMONDS EIGHT,0.6558,0.0718,0.2724
DIAMONDS EIGHT HEARTS NINE,0.5564,0.025,0.4186
CLUBS TEN CLUBS TWO,0.37,0.3526,0.2774
DIAMONDS EIGHT HEARTS EIGHT,0.293,0.0446,0.6624
CLUBS TWO CLUBS JACK,0.3856,0.0156,0.5988
CLUBS NINE DIAMONDS EIGHT,0.5518,0.0244,0.4238
CLUBS EIGHT DIAMONDS EIGHT,0.284,0.0474,0.6686
CLUBS FIVE DIAMONDS EIGHT,0.599,0.0258,0.3752
SPADES ACE SPADES THREE,0.39,0.0036,0.6064
CLUBS FOUR DIAMONDS EIGHT,0.6094,0.025,0.3656
CLUBS SEVEN DIAMONDS EIGHT,0.5624,0.024,0.4136
SPADES QUEEN SPADES THREE,0.3808,0.0128,0.6064
CLUBS SIX DIAMONDS EIGHT,0.667,0.0684,0.2646
SPADES KING SPADES THREE,0.386,0.0074,0.6066
DIAMONDS QUEEN DIAMONDS EIGHT,0.342,0.0116,0.6464
HEARTS TWO DIAMONDS EIGHT,0.6384,0.0278,0.3338
DIAMONDS KING DIAMONDS EIGHT,0.3398,0.0082,0.652
HEARTS THREE DIAMONDS EIGHT,0.6384,0.0246,0.337
DIAMONDS ACE DIAMONDS EIGHT,0.3314,0.0036,0.665
HEARTS FOUR DIAMONDS EIGHT,0.6256,0.0222,0.3522
HEARTS FIVE DIAMONDS EIGHT,0.6124,0.028,0.3596
DIAMONDS EIGHT DIAMONDS TEN,0.2096,0.2146,0.5758
DIAMONDS EIGHT DIAMONDS JACK,0.3264,0.0164,0.6572
SPADES JACK SPADES THREE,0.3864,0.0196,0.594
SPADES TEN SPADES THREE,0.3834,0.3546,0.262
CLUBS FOUR HEARTS ACE,0.3954,0.0052,0.5994
CLUBS FOUR HEARTS QUEEN,0.4002,0.0118,0.588
CLUBS FOUR HEARTS KING,0.4112,0.0082,0.5806
CLUBS SIX HEARTS JACK,0.2492,0.0556,0.6952
SPADES FOUR DIAMONDS EIGHT,0.624,0.026,0.35
SPADES FIVE DIAMONDS EIGHT,0.6102,0.0262,0.3636
DIAMONDS EIGHT SPADES TWO,0.621,0.0294,0.3496
DIAMONDS EIGHT SPADES THREE,0.6322,0.028,0.3398
CLUBS FOUR HEARTS JACK,0.4104,0.016,0.5736
SPADES EIGHT DIAMONDS EIGHT,0.2866,0.0424,0.671
SPADES TEN DIAMONDS QUEEN,0.2316,0.0506,0.7178
SPADES TEN HEARTS TWO,0.4014,0.3852,0.2134
SPADES JACK HEARTS EIGHT,0.347,0.02,0.633
SPADES NINE DIAMONDS EIGHT,0.56,0.0246,0.4154
SPADES TEN HEARTS EIGHT,0.2182,0.2288,0.553
SPADES JACK HEARTS TWO,0.4048,0.0218,0.5734
SPADES JACK DIAMONDS QUEEN,0.3104,0.01,0.6796
SPADES SEVEN DIAMONDS EIGHT,0.5596,0.0252,0.4152
SPADES ACE HEARTS TWO,0.4034,0.0058,0.5908
SPADES ACE DIAMONDS QUEEN,0.33,0.0038,0.6662
SPADES ACE HEARTS EIGHT,0.3612,0.0038,0.635
SPADES KING HEARTS EIGHT,0.3684,0.0082,0.6234
SPADES QUEEN HEARTS TWO,0.4076,0.012,0.5804
SPADES QUEEN DIAMONDS QUEEN,0.154,0.0188,0.8272
SPADES KING DIAMONDS QUEEN,0.319,0.0068,0.6742
SPADES KING HEARTS TWO,0.4188,0.0092,0.572
SPADES QUEEN HEARTS EIGHT,0.3574,0.012,0.6306
CLUBS TWO HEARTS JACK,0.395,0.019,0.586
SPADES SEVEN DIAMONDS NINE,0.5562,0.025,0.4188
SPADES NINE DIAMONDS NINE,0.2822,0.0392,0.6786
SPADES EIGHT DIAMONDS NINE,0.5352,0.0212,0.4436
SPADES TEN CLUBS KING,0.239,0.0318,0.7292
DIAMONDS NINE SPADES THREE,0.6294,0.0234,0.3472
SPADES JACK CLUBS KING,0.3236,0.0066,0.6698
DIAMONDS NINE SPADES TWO,0.632,0.0262,0.3418
SPADES FIVE DIAMONDS NINE,0.6182,0.026,0.3558
DIAMONDS NINE SPADES FOUR,0.6324,0.0244,0.3432
CLUBS NINE DIAMONDS NINE,0.285,0.0378,0.6772
CLUBS EIGHT DIAMONDS NINE,0.5576,0.024,0.4184
CLUBS SIX DIAMONDS NINE,0.6696,0.0736,0.2568
SPADES JACK CLUBS FOUR,0.3976,0.0184,0.584
CLUBS SEVEN DIAMONDS NINE,0.5586,0.0212,0.4202
SPADES TEN CLUBS FOUR,0.3886,0.386,0.2254
CLUBS FOUR DIAMONDS NINE,0.624,0.0264,0.3496
CLUBS FIVE DIAMONDS NINE,0.6112,0.0232,0.3656
DIAMONDS NINE CLUBS TWO,0.6218,0.028,0.3502
CLUBS THREE DIAMONDS NINE,0.6364,0.0256,0.338
DIAMONDS NINE HEARTS EIGHT,0.5612,0.0274,0.4114
DIAMONDS NINE HEARTS NINE,0.2812,0.039,0.6798
HEARTS SIX DIAMONDS NINE,0.6844,0.0756,0.24
DIAMONDS NINE HEARTS SEVEN,0.568,0.0236,0.4084
CLUBS NINE CLUBS EIGHT,0.5072,0.0256,0.4672
DIAMONDS ACE DIAMONDS NINE,0.3408,0.0022,0.657
HEARTS FOUR DIAMONDS NINE,0.6322,0.0278,0.34
HEARTS FIVE DIAMONDS NINE,0.6266,0.0256,0.3478
HEARTS ACE CLUBS TWO,0.3942,0.0076,0.5982
SPADES ACE CLUBS FOUR,0.3858,0.0034,0.6108
DIAMONDS QUEEN DIAMONDS NINE,0.3292,0.0088,0.662
HEARTS TWO DIAMONDS NINE,0.6294,0.0292,0.3414
CLUBS TWO HEARTS KING,0.406,0.007,0.587
SPADES KING CLUBS FOUR,0.3954,0.006,0.5986
DIAMONDS KING DIAMONDS NINE,0.3382,0.0082,0.6536
HEARTS THREE DIAMONDS NINE,0.6196,0.0264,0.354
CLUBS TWO HEARTS QUEEN,0.399,0.0108,0.5902
SPADES QUEEN CLUBS FOUR,0.4006,0.0094,0.59
DIAMONDS NINE DIAMONDS JACK,0.316,0.0154,0.6686
CLUBS EIGHT SPADES NINE,0.546,0.0236,0.4304
DIAMONDS NINE DIAMONDS TEN,0.2192,0.1522,0.6286
CLUBS EIGHT SPADES EIGHT,0.2772,0.0408,0.682
CLUBS EIGHT SPADES SEVEN,0.556,0.0256,0.4184
CLUBS EIGHT SPADES FIVE,0.5968,0.0316,0.3716
CLUBS EIGHT SPADES FOUR,0.616,0.0248,0.3592
CLUBS EIGHT SPADES THREE,0.628,0.0306,0.3414
CLUBS EIGHT SPADES TWO,0.6428,0.0236,0.3336
HEARTS SIX DIAMONDS TEN,0.0178,0.9702,0.012
DIAMONDS TEN HEARTS SEVEN,0.2224,0.298,0.4796
DIAMONDS TEN HEARTS EIGHT,0.237,0.219,0.544
CLUBS FOUR CLUBS JACK,0.3774,0.014,0.6086
DIAMONDS TEN HEARTS NINE,0.2338,0.17,0.5962
CLUBS TEN CLUBS FOUR,0.3764,0.3548,0.2688
CLUBS FOUR CLUBS KING,0.3808,0.007,0.6122
CLUBS FOUR CLUBS QUEEN,0.3852,0.0112,0.6036
CLUBS TWO DIAMONDS TEN,0.4028,0.3778,0.2194
CLUBS THREE DIAMONDS TEN,0.3928,0.3894,0.2178
CLUBS FOUR CLUBS ACE,0.3656,0.007,0.6274
DIAMONDS JACK DIAMONDS TEN,0.2048,0.06,0.7352
DIAMONDS QUEEN DIAMONDS TEN,0.2216,0.041,0.7374
HEARTS TWO DIAMONDS TEN,0.4222,0.3694,0.2084
DIAMONDS KING DIAMONDS TEN,0.2328,0.0358,0.7314
HEARTS THREE DIAMONDS TEN,0.4014,0.3734,0.2252
DIAMONDS ACE DIAMONDS TEN,0.2428,0.0194,0.7378
HEARTS FOUR DIAMONDS TEN,0.4106,0.3832,0.2062
CLUBS EIGHT HEARTS JACK,0.3552,0.015,0.6298
HEARTS FIVE DIAMONDS TEN,0.4034,0.3746,0.222
CLUBS EIGHT HEARTS QUEEN,0.3594,0.0102,0.6304
CLUBS EIGHT HEARTS KING,0.3694,0.007,0.6236
CLUBS EIGHT HEARTS ACE,0.3606,0.004,0.6354
CLUBS NINE SPADES THREE,0.619,0.0236,0.3574
CLUBS NINE SPADES TWO,0.6208,0.0266,0.3526
CLUBS NINE SPADES FIVE,0.6218,0.0266,0.3516
CLUBS NINE SPADES FOUR,0.6312,0.0316,0.3372
CLUBS NINE SPADES SEVEN,0.5608,0.0262,0.413
CLUBS NINE SPADES NINE,0.2854,0.0402,0.6744
CLUBS TEN HEARTS EIGHT,0.225,0.2202,0.5548
CLUBS NINE SPADES EIGHT,0.5508,0.0242,0.425
CLUBS JACK HEARTS EIGHT,0.3488,0.0148,0.6364
CLUBS QUEEN HEARTS EIGHT,0.3678,0.0098,0.6224
CLUBS KING HEARTS EIGHT,0.3786,0.008,0.6134
CLUBS ACE HEARTS EIGHT,0.3576,0.003,0.6394
SPADES KING CLUBS KING,0.1458,0.0116,0.8426
SPADES QUEEN CLUBS KING,0.313,0.0072,0.6798
SPADES ACE CLUBS KING,0.3372,0.0026,0.6602
DIAMONDS ACE HEARTS JACK,0.3278,0.0038,0.6684
HEARTS FOUR HEARTS JACK,0.373,0.0168,0.6102
SPADES KING CLUBS FIVE,0.4054,0.0052,0.5894
SPADES QUEEN CLUBS FIVE,0.4114,0.01,0.5786
SPADES ACE CLUBS FIVE,0.3872,0.003,0.6098
DIAMONDS JACK HEARTS SEVEN,0.3752,0.013,0.6118
HEARTS SIX DIAMONDS JACK,0.2604,0.0636,0.676
DIAMONDS JACK HEARTS NINE,0.345,0.013,0.642
DIAMONDS JACK HEARTS EIGHT,0.351,0.0162,0.6328
DIAMONDS KING DIAMONDS JACK,0.3062,0.0044,0.6894
HEARTS THREE DIAMONDS JACK,0.4138,0.0196,0.5666
HEARTS ACE SPADES FOUR,0.3914,0.007,0.6016
DIAMONDS QUEEN DIAMONDS JACK,0.2986,0.0078,0.6936
HEARTS TWO DIAMONDS JACK,0.3862,0.0162,0.5976
HEARTS FIVE DIAMONDS JACK,0.3972,0.0172,0.5856
SPADES FOUR HEARTS QUEEN,0.3968,0.0092,0.594
DIAMONDS ACE DIAMONDS JACK,0.3162,0.003,0.6808
HEARTS FOUR DIAMONDS JACK,0.4204,0.0162,0.5634
SPADES FOUR HEARTS KING,0.402,0.01,0.588
SPADES FOUR DIAMONDS JACK,0.4054,0.0132,0.5814
SPADES FIVE DIAMONDS JACK,0.408,0.0162,0.5758
DIAMONDS JACK SPADES TWO,0.4048,0.0176,0.5776
SPADES THREE DIAMONDS JACK,0.391,0.0216,0.5874
SPADES ACE DIAMONDS THREE,0.4088,0.0052,0.586
SPADES QUEEN DIAMONDS THREE,0.3944,0.0124,0.5932
CLUBS EIGHT DIAMONDS JACK,0.3526,0.0132,0.6342
SPADES KING DIAMONDS THREE,0.4028,0.0068,0.5904
CLUBS NINE DIAMONDS JACK,0.3366,0.016,0.6474
CLUBS SIX DIAMONDS JACK,0.2566,0.0514,0.692
CLUBS SEVEN DIAMONDS JACK,0.3624,0.017,0.6206
CLUBS FOUR DIAMONDS JACK,0.4038,0.0176,0.5786
CLUBS FIVE DIAMONDS JACK,0.3896,0.0154,0.595
CLUBS TWO DIAMONDS JACK,0.4024,0.0138,0.5838
CLUBS THREE DIAMONDS JACK,0.401,0.0182,0.5808
SPADES TEN CLUBS FIVE,0.3934,0.3776,0.229
HEARTS SIX SPADES JACK,0.2444,0.0594,0.6962
HEARTS SIX SPADES TEN,0.0108,0.9822,0.007
SPADES JACK CLUBS FIVE,0.4066,0.0156,0.5778
SPADES JACK DIAMONDS THREE,0.4086,0.016,0.5754
CLUBS SEVEN CLUBS ACE,0.3372,0.004,0.6588
DIAMONDS THREE SPADES TEN,0.3912,0.3948,0.214
CLUBS SEVEN CLUBS QUEEN,0.341,0.0094,0.6496
CLUBS SEVEN CLUBS KING,0.3398,0.006,0.6542
SPADES NINE DIAMONDS JACK,0.3448,0.0128,0.6424
CLUBS TEN CLUBS SEVEN,0.2112,0.281,0.5078
DIAMONDS ACE HEARTS ACE,0.134,0.004,0.862
HEARTS FOUR HEARTS ACE,0.376,0.0048,0.6192
SPADES EIGHT DIAMONDS JACK,0.3478,0.0168,0.6354
SPADES ACE HEARTS SIX,0.2464,0.0246,0.729
CLUBS SEVEN CLUBS JACK,0.3258,0.0156,0.6586
DIAMONDS ACE HEARTS KING,0.336,0.0042,0.6598
HEARTS FOUR HEARTS KING,0.393,0.0088,0.5982
SPADES SEVEN DIAMONDS JACK,0.3598,0.0178,0.6224
SPADES KING HEARTS SIX,0.243,0.0384,0.7186
DIAMONDS ACE HEARTS QUEEN,0.3192,0.0024,0.6784
HEARTS FOUR HEARTS QUEEN,0.3774,0.0134,0.6092
SPADES QUEEN HEARTS SIX,0.2356,0.052,0.7124
SPADES TWO DIAMONDS TEN,0.4026,0.3814,0.216
SPADES THREE DIAMONDS TEN,0.4062,0.3756,0.2182
SPADES FOUR DIAMONDS TEN,0.392,0.3872,0.2208
SPADES FIVE DIAMONDS TEN,0.4094,0.3762,0.2144
SPADES SEVEN DIAMONDS TEN,0.213,0.3032,0.4838
SPADES EIGHT DIAMONDS TEN,0.213,0.2302,0.5568
SPADES NINE DIAMONDS TEN,0.2276,0.1662,0.6062
CLUBS FOUR DIAMONDS TEN,0.4114,0.3796,0.209
CLUBS FIVE DIAMONDS TEN,0.3942,0.3766,0.2292
CLUBS SIX DIAMONDS TEN,0.0202,0.9588,0.021
CLUBS SEVEN DIAMONDS TEN,0.2262,0.3008,0.473
CLUBS EIGHT DIAMONDS TEN,0.2314,0.213,0.5556
CLUBS NINE DIAMONDS TEN,0.228,0.173,0.599
DIAMONDS THREE CLUBS JACK,0.4078,0.0126,0.5796
CLUBS TEN DIAMONDS THREE,0.4104,0.3654,0.2242
DIAMONDS THREE CLUBS KING,0.4074,0.0068,0.5858
DIAMONDS THREE CLUBS QUEEN,0.4156,0.012,0.5724
DIAMONDS THREE CLUBS ACE,0.4,0.0046,0.5954
SPADES FOUR HEARTS JACK,0.3968,0.0186,0.5846
SPADES FIVE SPADES TWO,0.5994,0.0264,0.3742
SPADES FOUR SPADES TWO,0.6094,0.03,0.3606
SPADES THREE SPADES TWO,0.5836,0.033,0.3834
SPADES NINE SPADES TWO,0.6032,0.0234,0.3734
SPADES EIGHT SPADES TWO,0.5958,0.026,0.3782
SPADES SEVEN SPADES TWO,0.6028,0.0232,0.374
DIAMONDS QUEEN CLUBS THREE,0.4106,0.0114,0.578
CLUBS THREE HEARTS TWO,0.631,0.0268,0.3422
DIAMONDS QUEEN CLUBS TWO,0.4086,0.011,0.5804
HEARTS TWO CLUBS TWO,0.4338,0.0552,0.511
DIAMONDS QUEEN HEARTS SEVEN,0.3574,0.0126,0.63
HEARTS TWO HEARTS SEVEN,0.5994,0.0264,0.3742
HEARTS SIX DIAMONDS QUEEN,0.2546,0.0458,0.6996
HEARTS SIX HEARTS TWO,0.6574,0.0784,0.2642
DIAMONDS QUEEN HEARTS NINE,0.3628,0.0104,0.6268
HEARTS TWO HEARTS NINE,0.5984,0.03,0.3716
DIAMONDS QUEEN HEARTS EIGHT,0.3654,0.011,0.6236
HEARTS TWO HEARTS EIGHT,0.6028,0.0282,0.369
CLUBS NINE HEARTS TWO,0.629,0.0284,0.3426
CLUBS NINE DIAMONDS QUEEN,0.355,0.0108,0.6342
CLUBS EIGHT HEARTS TWO,0.6336,0.028,0.3384
CLUBS EIGHT DIAMONDS QUEEN,0.363,0.0112,0.6258
CLUBS FIVE DIAMONDS QUEEN,0.3942,0.0098,0.596
CLUBS FIVE HEARTS TWO,0.642,0.0304,0.3276
SPADES EIGHT HEARTS ACE,0.3482,0.0048,0.647
DIAMONDS QUEEN CLUBS FOUR,0.4056,0.0124,0.582
HEARTS TWO CLUBS FOUR,0.633,0.0242,0.3428
CLUBS SEVEN DIAMONDS QUEEN,0.3808,0.0092,0.61
CLUBS SEVEN HEARTS TWO,0.6244,0.0244,0.3512
SPADES EIGHT HEARTS QUEEN,0.35,0.0112,0.6388
CLUBS SIX DIAMONDS QUEEN,0.2434,0.0476,0.709
CLUBS SIX HEARTS TWO,0.6854,0.0906,0.224
SPADES EIGHT HEARTS KING,0.3598,0.0096,0.6306
HEARTS FOUR CLUBS QUEEN,0.4068,0.0112,0.582
DIAMONDS ACE CLUBS QUEEN,0.3288,0.0028,0.6684
DIAMONDS QUEEN SPADES SEVEN,0.3628,0.0088,0.6284
HEARTS TWO SPADES SEVEN,0.627,0.0292,0.3438
HEARTS FOUR CLUBS KING,0.405,0.0064,0.5886
DIAMONDS ACE CLUBS KING,0.3424,0.0026,0.655
DIAMONDS QUEEN SPADES EIGHT,0.3512,0.0086,0.6402
SPADES EIGHT HEARTS TWO,0.63,0.0264,0.3436
HEARTS FOUR CLUBS ACE,0.4014,0.006,0.5926
DIAMONDS ACE CLUBS ACE,0.1416,0.0018,0.8566
SPADES NINE DIAMONDS QUEEN,0.341,0.0128,0.6462
SPADES NINE HEARTS TWO,0.6204,0.0298,0.3498
HEARTS TWO SPADES TWO,0.4338,0.0624,0.5038
DIAMONDS QUEEN SPADES TWO,0.4144,0.013,0.5726
HEARTS TWO SPADES THREE,0.644,0.0316,0.3244
DIAMONDS QUEEN SPADES THREE,0.4056,0.0126,0.5818
HEARTS TWO SPADES FOUR,0.6288,0.0318,0.3394
DIAMONDS QUEEN SPADES FOUR,0.4084,0.0098,0.5818
HEARTS FOUR CLUBS TEN,0.414,0.3798,0.2062
CLUBS TEN DIAMONDS ACE,0.2416,0.0224,0.736
HEARTS TWO SPADES FIVE,0.6422,0.0266,0.3312
DIAMONDS QUEEN SPADES FIVE,0.418,0.011,0.571
HEARTS FOUR CLUBS JACK,0.4212,0.0184,0.5604
DIAMONDS ACE CLUBS JACK,0.3336,0.0042,0.6622
CLUBS FIVE CLUBS KING,0.3786,0.0056,0.6158
CLUBS FIVE CLUBS QUEEN,0.3772,0.0076,0.6152
CLUBS FIVE CLUBS ACE,0.3714,0.0022,0.6264
CLUBS FIVE CLUBS JACK,0.38,0.0184,0.6016
CLUBS TEN CLUBS FIVE,0.374,0.3558,0.2702
SPADES KING CLUBS JACK,0.3178,0.0074,0.6748
SPADES QUEEN CLUBS JACK,0.2984,0.008,0.6936
SPADES ACE CLUBS JACK,0.3188,0.0042,0.677
SPADES EIGHT HEARTS JACK,0.3454,0.0188,0.6358
SPADES TEN CLUBS JACK,0.2122,0.0578,0.73
SPADES JACK CLUBS JACK,0.1498,0.0236,0.8266
SPADES QUEEN CLUBS SEVEN,0.364,0.0086,0.6274
SPADES KING CLUBS SEVEN,0.3674,0.0056,0.627
SPADES ACE CLUBS SEVEN,0.3612,0.0024,0.6364
CLUBS SEVEN SPADES JACK,0.364,0.0168,0.6192
CLUBS SEVEN SPADES TEN,0.2184,0.2964,0.4852
CLUBS TEN HEARTS SIX,0.023,0.9638,0.0132
HEARTS SIX CLUBS JACK,0.259,0.0632,0.6778
CLUBS ACE CLUBS JACK,0.3012,0.0026,0.6962
HEARTS SIX CLUBS QUEEN,0.2582,0.0482,0.6936
HEARTS SIX CLUBS KING,0.259,0.039,0.702
HEARTS SIX CLUBS ACE,0.252,0.0248,0.7232
CLUBS QUEEN CLUBS JACK,0.2988,0.0078,0.6934
CLUBS KING CLUBS JACK,0.305,0.0048,0.6902
DIAMONDS THREE HEARTS ACE,0.3944,0.0068,0.5988
DIAMONDS THREE HEARTS QUEEN,0.4064,0.014,0.5796
DIAMONDS THREE HEARTS KING,0.4056,0.0064,0.588
CLUBS FIVE HEARTS JACK,0.401,0.0184,0.5806
SPADES TEN DIAMONDS ACE,0.2274,0.0246,0.748
HEARTS FOUR SPADES TEN,0.4012,0.386,0.2128
HEARTS FOUR SPADES JACK,0.3888,0.0214,0.5898
SPADES JACK DIAMONDS ACE,0.326,0.0034,0.6706
SPADES ACE HEARTS FOUR,0.4078,0.0042,0.588
SPADES ACE DIAMONDS ACE,0.1334,0.0034,0.8632
CLUBS FIVE HEARTS ACE,0.3974,0.004,0.5986
CLUBS FIVE HEARTS KING,0.402,0.0076,0.5904
HEARTS FOUR SPADES QUEEN,0.4062,0.0112,0.5826
SPADES QUEEN DIAMONDS ACE,0.3274,0.005,0.6676
SPADES FOUR CLUBS JACK,0.4168,0.0202,0.563
CLUBS FIVE HEARTS QUEEN,0.3936,0.0134,0.593
SPADES KING DIAMONDS ACE,0.3442,0.0032,0.6526
HEARTS FOUR SPADES KING,0.4022,0.009,0.5888
CLUBS TEN SPADES FOUR,0.4072,0.3806,0.2122
DIAMONDS QUEEN DIAMONDS ACE,0.3054,0.0038,0.6908
HEARTS TWO DIAMONDS ACE,0.392,0.0032,0.6048
HEARTS FOUR DIAMONDS QUEEN,0.4088,0.0108,0.5804
HEARTS FOUR HEARTS TWO,0.5952,0.0296,0.3752
SPADES FOUR CLUBS KING,0.395,0.0068,0.5982
HEARTS FIVE DIAMONDS QUEEN,0.3934,0.0124,0.5942
HEARTS FIVE HEARTS TWO,0.6024,0.0304,0.3672
DIAMONDS THREE HEARTS JACK,0.409,0.015,0.576
SPADES FOUR CLUBS QUEEN,0.3958,0.0108,0.5934
DIAMONDS QUEEN HEARTS TWO,0.4148,0.0124,0.5728
DIAMONDS KING DIAMONDS QUEEN,0.311,0.0066,0.6824
DIAMONDS KING HEARTS TWO,0.4154,0.0088,0.5758
HEARTS THREE DIAMONDS QUEEN,0.4094,0.0126,0.578
HEARTS THREE HEARTS TWO,0.6078,0.0254,0.3668
SPADES FOUR CLUBS ACE,0.3986,0.0044,0.597
HEARTS TWO CLUBS ACE,0.4006,0.005,0.5944
DIAMONDS QUEEN CLUBS ACE,0.3394,0.0018,0.6588
HEARTS TWO CLUBS QUEEN,0.4082,0.0106,0.5812
DIAMONDS QUEEN CLUBS QUEEN,0.159,0.0152,0.8258
HEARTS TWO CLUBS KING,0.4056,0.0076,0.5868
DIAMONDS QUEEN CLUBS KING,0.331,0.0052,0.6638
SPADES EIGHT SPADES FIVE,0.583,0.0316,0.3854
CLUBS TEN HEARTS TWO,0.409,0.3766,0.2144
CLUBS TEN DIAMONDS QUEEN,0.2388,0.0406,0.7206
SPADES NINE SPADES FIVE,0.5812,0.025,0.3938
HEARTS TWO CLUBS JACK,0.4136,0.0178,0.5686
DIAMONDS QUEEN CLUBS JACK,0.325,0.0078,0.6672
SPADES SEVEN SPADES FIVE,0.566,0.0284,0.4056
DIAMONDS FIVE CLUBS QUEEN,0.4004,0.0098,0.5898
SPADES EIGHT CLUBS ACE,0.3628,0.0028,0.6344
DIAMONDS FIVE CLUBS KING,0.4102,0.0048,0.585
SPADES EIGHT CLUBS KING,0.3628,0.0078,0.6294
CLUBS ACE DIAMONDS FIVE,0.4108,0.0046,0.5846
SPADES EIGHT CLUBS QUEEN,0.362,0.011,0.627
SPADES EIGHT CLUBS JACK,0.3446,0.0164,0.639
CLUBS TEN SPADES EIGHT,0.2222,0.2296,0.5482
CLUBS TEN DIAMONDS FIVE,0.4078,0.3624,0.2298
DIAMONDS FIVE CLUBS JACK,0.396,0.0176,0.5864
DIAMONDS TEN HEARTS JACK,0.218,0.0588,0.7232
SPADES ACE CLUBS NINE,0.3598,0.0038,0.6364
CLUBS NINE SPADES QUEEN,0.3476,0.0112,0.6412
CLUBS NINE SPADES KING,0.3448,0.0068,0.6484
HEARTS SIX HEARTS KING,0.2298,0.0312,0.739
DIAMONDS KING SPADES SEVEN,0.3726,0.0062,0.6212
HEARTS THREE SPADES SEVEN,0.6,0.0296,0.3704
SPADES KING DIAMONDS SEVEN,0.3636,0.0074,0.629
HEARTS SIX HEARTS QUEEN,0.2462,0.0482,0.7056
SPADES QUEEN DIAMONDS SEVEN,0.3734,0.0094,0.6172
