opposingHand,winningChance,drawChance,lostChance
SPADES NINE DIAMONDS QUEEN
HEARTS FIVE SPADES TEN,0.656,0.0146,0.3294
HEARTS FIVE SPADES JACK,0.6528,0.0094,0.3378
SPADES FIVE CLUBS JACK,0.6494,0.0118,0.3388
CLUBS TEN SPADES FIVE,0.6466,0.0084,0.345
CLUBS EIGHT CLUBS JACK,0.5842,0.0086,0.4072
CLUBS TEN CLUBS EIGHT,0.5796,0.0104,0.41
CLUBS EIGHT CLUBS KING,0.3884,0.0062,0.6054
SPADES FIVE CLUBS ACE,0.4266,0.0046,0.5688
CLUBS EIGHT CLUBS QUEEN,0.5698,0.1574,0.2728
SPADES FIVE CLUBS KING,0.4118,0.0064,0.5818
SPADES FIVE CLUBS QUEEN,0.6052,0.1694,0.2254
CLUBS EIGHT CLUBS ACE,0.384,0.004,0.612
DIAMONDS TWO DIAMONDS THREE,0.6168,0.01,0.3732
DIAMONDS TWO DIAMONDS FIVE,0.6106,0.0104,0.379
HEARTS FIVE SPADES KING,0.4254,0.0056,0.569
DIAMONDS TWO DIAMONDS FOUR,0.6094,0.0124,0.3782
HEARTS FIVE SPADES QUEEN,0.5946,0.172,0.2334
DIAMONDS TWO DIAMONDS SEVEN,0.6492,0.0112,0.3396
DIAMONDS TWO DIAMONDS SIX,0.6298,0.0116,0.3586
SPADES ACE HEARTS FIVE,0.4124,0.0054,0.5822
DIAMONDS TWO DIAMONDS NINE,0.693,0.0518,0.2552
DIAMONDS TWO DIAMONDS EIGHT,0.6452,0.013,0.3418
DIAMONDS THREE DIAMONDS FOUR,0.6044,0.011,0.3846
SPADES FOUR CLUBS TWO,0.6572,0.0146,0.3282
DIAMONDS THREE DIAMONDS FIVE,0.607,0.0122,0.3808
SPADES FIVE CLUBS TWO,0.6324,0.0108,0.3568
CLUBS TWO SPADES TWO,0.4552,0.0198,0.525
CLUBS TWO SPADES THREE,0.6564,0.0136,0.33
DIAMONDS THREE DIAMONDS EIGHT,0.6392,0.0118,0.349
SPADES EIGHT CLUBS TWO,0.6762,0.0104,0.3134
DIAMONDS THREE DIAMONDS NINE,0.6982,0.0472,0.2546
DIAMONDS THREE DIAMONDS SIX,0.6084,0.014,0.3776
SPADES SIX CLUBS TWO,0.653,0.0122,0.3348
DIAMONDS THREE DIAMONDS SEVEN,0.6334,0.0104,0.3562
SPADES SEVEN CLUBS TWO,0.6796,0.011,0.3094
CLUBS SIX CLUBS TWO,0.6246,0.0136,0.3618
CLUBS SEVEN CLUBS TWO,0.6386,0.0096,0.3518
CLUBS FOUR CLUBS TWO,0.6082,0.0086,0.3832
CLUBS FIVE CLUBS TWO,0.597,0.0106,0.3924
CLUBS TEN CLUBS JACK,0.5342,0.0088,0.457
DIAMONDS FOUR DIAMONDS SIX,0.6136,0.009,0.3774
CLUBS TEN CLUBS QUEEN,0.2102,0.1124,0.6774
DIAMONDS FOUR DIAMONDS SEVEN,0.6272,0.0144,0.3584
CLUBS TEN CLUBS KING,0.3426,0.0064,0.651
CLUBS TEN CLUBS ACE,0.3446,0.0052,0.6502
CLUBS EIGHT CLUBS TWO,0.6278,0.0106,0.3616
DIAMONDS FIVE DIAMONDS FOUR,0.6046,0.0098,0.3856
CLUBS NINE CLUBS TWO,0.68,0.0456,0.2744
DIAMONDS NINE DIAMONDS FOUR,0.6944,0.0442,0.2614
DIAMONDS EIGHT DIAMONDS FOUR,0.6426,0.012,0.3454
CLUBS THREE CLUBS TWO,0.603,0.0098,0.3872
DIAMONDS NINE DIAMONDS FIVE,0.679,0.043,0.278
DIAMONDS TWO CLUBS JACK,0.6656,0.0116,0.3228
DIAMONDS EIGHT DIAMONDS FIVE,0.6194,0.0112,0.3694
CLUBS TEN DIAMONDS TWO,0.6572,0.012,0.3308
DIAMONDS FIVE DIAMONDS SEVEN,0.5858,0.0104,0.4038
DIAMONDS FIVE DIAMONDS SIX,0.5958,0.0102,0.394
DIAMONDS TWO CLUBS ACE,0.4274,0.0056,0.567
DIAMONDS TWO CLUBS KING,0.4432,0.0046,0.5522
DIAMONDS TWO CLUBS QUEEN,0.6086,0.1786,0.2128
DIAMONDS EIGHT DIAMONDS SIX,0.6128,0.0118,0.3754
DIAMONDS NINE DIAMONDS SIX,0.6634,0.0454,0.2912
HEARTS ACE SPADES THREE,0.4348,0.0042,0.561
SPADES THREE HEARTS KING,0.4144,0.0068,0.5788
DIAMONDS SEVEN DIAMONDS SIX,0.585,0.0114,0.4036
SPADES THREE HEARTS QUEEN,0.6102,0.1622,0.2276
SPADES THREE HEARTS JACK,0.6438,0.013,0.3432
SPADES THREE HEARTS TEN,0.6522,0.0124,0.3354
DIAMONDS EIGHT DIAMONDS SEVEN,0.588,0.0134,0.3986
DIAMONDS NINE DIAMONDS SEVEN,0.683,0.0422,0.2748
DIAMONDS NINE DIAMONDS EIGHT,0.672,0.042,0.286
DIAMONDS KING HEARTS TEN,0.3532,0.0076,0.6392
HEARTS THREE HEARTS TEN,0.6154,0.0106,0.374
SPADES JACK CLUBS SIX,0.6588,0.0086,0.3326
DIAMONDS KING HEARTS JACK,0.3524,0.0062,0.6414
HEARTS THREE HEARTS JACK,0.6098,0.011,0.3792
SPADES TEN CLUBS SIX,0.6384,0.0112,0.3504
SPADES JACK SPADES FIVE,0.6182,0.0108,0.371
SPADES TEN SPADES FIVE,0.6184,0.0122,0.3694
DIAMONDS KING HEARTS ACE,0.3366,0.0046,0.6588
HEARTS THREE HEARTS ACE,0.39,0.0044,0.6056
SPADES ACE CLUBS SIX,0.4276,0.0044,0.568
DIAMONDS KING HEARTS QUEEN,0.242,0.0272,0.7308
HEARTS THREE HEARTS QUEEN,0.58,0.147,0.273
SPADES KING CLUBS SIX,0.4038,0.007,0.5892
DIAMONDS KING HEARTS KING,0.1456,0.0036,0.8508
HEARTS THREE HEARTS KING,0.393,0.0062,0.6008
SPADES QUEEN CLUBS SIX,0.5982,0.1684,0.2334
SPADES QUEEN SPADES FIVE,0.5688,0.159,0.2722
SPADES KING SPADES FIVE,0.407,0.0062,0.5868
SPADES ACE SPADES FIVE,0.403,0.0058,0.5912
CLUBS TEN SPADES JACK,0.5502,0.0084,0.4414
CLUBS TEN SPADES TEN,0.293,0.0146,0.6924
SPADES ACE CLUBS TEN,0.3644,0.0044,0.6312
SPADES KING CLUBS TEN,0.356,0.006,0.638
CLUBS TEN SPADES QUEEN,0.2282,0.125,0.6468
SPADES FIVE HEARTS QUEEN,0.6102,0.1632,0.2266
SPADES FIVE HEARTS KING,0.424,0.0054,0.5706
SPADES FIVE HEARTS ACE,0.416,0.0038,0.5802
CLUBS EIGHT SPADES TEN,0.6192,0.0102,0.3706
SPADES JACK HEARTS THREE,0.6396,0.0126,0.3478
SPADES JACK DIAMONDS KING,0.3472,0.007,0.6458
SPADES TEN DIAMONDS KING,0.3342,0.0078,0.658
SPADES TEN HEARTS THREE,0.6516,0.0128,0.3356
SPADES JACK CLUBS EIGHT,0.6298,0.009,0.3612
CLUBS SIX HEARTS ACE,0.4286,0.0024,0.569
SPADES ACE CLUBS EIGHT,0.4114,0.0042,0.5844
HEARTS FIVE CLUBS JACK,0.6388,0.0088,0.3524
HEARTS FIVE CLUBS TEN,0.6464,0.0108,0.3428
CLUBS SIX HEARTS QUEEN,0.5928,0.1726,0.2346
SPADES QUEEN CLUBS EIGHT,0.5982,0.1684,0.2334
CLUBS TEN SPADES THREE,0.6442,0.0106,0.3452
CLUBS SIX HEARTS KING,0.4282,0.0054,0.5664
SPADES KING CLUBS EIGHT,0.4034,0.0072,0.5894
SPADES THREE CLUBS JACK,0.6502,0.0138,0.336
DIAMONDS TWO HEARTS JACK,0.6536,0.0106,0.3358
SPADES THREE CLUBS QUEEN,0.6132,0.1706,0.2162
DIAMONDS TWO HEARTS TEN,0.6514,0.01,0.3386
SPADES THREE CLUBS KING,0.43,0.009,0.561
HEARTS FIVE CLUBS ACE,0.4146,0.0042,0.5812
SPADES FIVE HEARTS TEN,0.6548,0.011,0.3342
SPADES THREE CLUBS ACE,0.4104,0.0036,0.586
HEARTS FIVE CLUBS KING,0.422,0.007,0.571
SPADES FIVE HEARTS JACK,0.6412,0.0124,0.3464
HEARTS FIVE CLUBS QUEEN,0.6024,0.1648,0.2328
HEARTS THREE CLUBS KING,0.4208,0.0072,0.572
DIAMONDS KING CLUBS KING,0.1456,0.0034,0.851
HEARTS THREE CLUBS QUEEN,0.6112,0.1584,0.2304
DIAMONDS KING CLUBS QUEEN,0.2408,0.027,0.7322
HEARTS FIVE HEARTS JACK,0.6128,0.0088,0.3784
HEARTS FIVE HEARTS TEN,0.6018,0.0112,0.387
HEARTS THREE CLUBS ACE,0.424,0.0038,0.5722
DIAMONDS KING CLUBS ACE,0.342,0.0036,0.6544
SPADES ACE CLUBS QUEEN,0.2354,0.0138,0.7508
SPADES KING CLUBS QUEEN,0.2406,0.0272,0.7322
HEARTS THREE CLUBS JACK,0.643,0.008,0.349
DIAMONDS KING CLUBS JACK,0.3626,0.007,0.6304
SPADES QUEEN CLUBS QUEEN,0.1158,0.0206,0.8636
CLUBS TEN HEARTS THREE,0.6456,0.0114,0.343
CLUBS TEN DIAMONDS KING,0.3638,0.0078,0.6284
SPADES JACK CLUBS QUEEN,0.222,0.095,0.683
CLUBS SIX CLUBS QUEEN,0.5592,0.1522,0.2886
SPADES TEN CLUBS QUEEN,0.224,0.1188,0.6572
CLUBS SIX CLUBS KING,0.3954,0.0062,0.5984
CLUBS SIX CLUBS ACE,0.3896,0.0052,0.6052
HEARTS FIVE HEARTS KING,0.4048,0.0058,0.5894
HEARTS FIVE HEARTS QUEEN,0.5688,0.1588,0.2724
CLUBS TEN CLUBS SIX,0.595,0.0086,0.3964
HEARTS FIVE HEARTS ACE,0.3864,0.0034,0.6102
CLUBS SIX CLUBS JACK,0.591,0.009,0.4
SPADES SEVEN HEARTS JACK,0.6482,0.011,0.3408
SPADES SEVEN HEARTS TEN,0.6324,0.009,0.3586
DIAMONDS TWO CLUBS TWO,0.4604,0.0228,0.5168
DIAMONDS TWO CLUBS THREE,0.6514,0.0106,0.338
DIAMONDS TWO HEARTS SIX,0.6594,0.0112,0.3294
DIAMONDS TWO HEARTS QUEEN,0.6112,0.162,0.2268
HEARTS SEVEN DIAMONDS TWO,0.6614,0.0102,0.3284
DIAMONDS TWO HEARTS KING,0.429,0.0068,0.5642
DIAMONDS TWO HEARTS EIGHT,0.6708,0.0122,0.317
DIAMONDS TWO HEARTS ACE,0.426,0.0042,0.5698
DIAMONDS TWO HEARTS NINE,0.7278,0.0458,0.2264
DIAMONDS TWO HEARTS TWO,0.4774,0.023,0.4996
DIAMONDS TWO DIAMONDS KING,0.4064,0.0078,0.5858
DIAMONDS TWO HEARTS THREE,0.6568,0.0114,0.3318
DIAMONDS TWO DIAMONDS ACE,0.4012,0.0056,0.5932
HEARTS FOUR DIAMONDS TWO,0.6488,0.0136,0.3376
HEARTS FIVE DIAMONDS TWO,0.6456,0.0116,0.3428
SPADES SEVEN HEARTS ACE,0.418,0.0056,0.5764
DIAMONDS TWO DIAMONDS TEN,0.6188,0.0142,0.367
SPADES SEVEN HEARTS KING,0.4234,0.008,0.5686
DIAMONDS TWO DIAMONDS JACK,0.6238,0.0126,0.3636
SPADES SEVEN HEARTS QUEEN,0.5936,0.1712,0.2352
DIAMONDS TWO SPADES EIGHT,0.6816,0.0138,0.3046
DIAMONDS TWO SPADES SEVEN,0.6756,0.012,0.3124
DIAMONDS TWO SPADES SIX,0.6614,0.012,0.3266
DIAMONDS TWO SPADES FIVE,0.6474,0.0132,0.3394
DIAMONDS TWO SPADES FOUR,0.6548,0.0124,0.3328
DIAMONDS TWO SPADES THREE,0.6474,0.016,0.3366
DIAMONDS TWO SPADES TWO,0.4748,0.0218,0.5034
CLUBS NINE DIAMONDS TWO,0.7338,0.0474,0.2188
DIAMONDS TWO CLUBS EIGHT,0.6742,0.0128,0.313
CLUBS SEVEN DIAMONDS TWO,0.6718,0.0108,0.3174
DIAMONDS TWO CLUBS SIX,0.665,0.0082,0.3268
DIAMONDS TWO CLUBS FIVE,0.6558,0.0116,0.3326
DIAMONDS TWO CLUBS FOUR,0.6578,0.0124,0.3298
CLUBS FOUR SPADES FIVE,0.6152,0.013,0.3718
CLUBS FOUR SPADES FOUR,0.476,0.0184,0.5056
CLUBS FOUR SPADES THREE,0.6312,0.0112,0.3576
CLUBS FOUR SPADES TWO,0.6568,0.0108,0.3324
SPADES EIGHT CLUBS FOUR,0.6636,0.012,0.3244
SPADES SEVEN CLUBS FOUR,0.647,0.0112,0.3418
SPADES SIX CLUBS FOUR,0.6328,0.013,0.3542
SPADES ACE DIAMONDS SIX,0.4162,0.0046,0.5792
SPADES QUEEN DIAMONDS SIX,0.6034,0.1626,0.234
SPADES KING DIAMONDS SIX,0.4124,0.0058,0.5818
SPADES TEN DIAMONDS SIX,0.6384,0.0122,0.3494
SPADES JACK DIAMONDS SIX,0.6572,0.0134,0.3294
SPADES QUEEN SPADES TWO,0.5776,0.159,0.2634
SPADES KING SPADES TWO,0.4078,0.0082,0.584
SPADES ACE SPADES TWO,0.398,0.0056,0.5964
DIAMONDS JACK CLUBS JACK,0.2948,0.0098,0.6954
CLUBS TEN DIAMONDS JACK,0.568,0.009,0.423
DIAMONDS JACK CLUBS KING,0.3548,0.0056,0.6396
DIAMONDS JACK CLUBS QUEEN,0.2298,0.098,0.6722
DIAMONDS THREE DIAMONDS JACK,0.624,0.0082,0.3678
DIAMONDS THREE DIAMONDS TEN,0.6244,0.0116,0.364
DIAMONDS JACK CLUBS ACE,0.3626,0.0036,0.6338
DIAMONDS THREE DIAMONDS KING,0.4066,0.007,0.5864
DIAMONDS THREE HEARTS THREE,0.4664,0.0212,0.5124
DIAMONDS THREE HEARTS TWO,0.6448,0.0124,0.3428
HEARTS FIVE DIAMONDS THREE,0.632,0.0108,0.3572
DIAMONDS THREE DIAMONDS ACE,0.3956,0.0048,0.5996
HEARTS FOUR DIAMONDS THREE,0.642,0.0122,0.3458
HEARTS SEVEN DIAMONDS THREE,0.6734,0.0114,0.3152
HEARTS SIX DIAMONDS THREE,0.6624,0.0096,0.328
DIAMONDS THREE HEARTS NINE,0.72,0.0458,0.2342
HEARTS JACK DIAMONDS FOUR,0.6504,0.0128,0.3368
HEARTS ACE HEARTS KING,0.332,0.0034,0.6646
SPADES TEN SPADES TWO,0.6178,0.0128,0.3694
DIAMONDS THREE HEARTS EIGHT,0.6808,0.0098,0.3094
HEARTS TEN DIAMONDS FOUR,0.6496,0.0132,0.3372
SPADES JACK SPADES TWO,0.6296,0.011,0.3594
HEARTS QUEEN DIAMONDS FOUR,0.6126,0.168,0.2194
HEARTS KING DIAMONDS FOUR,0.4262,0.0056,0.5682
HEARTS ACE DIAMONDS FOUR,0.4166,0.0046,0.5788
DIAMONDS THREE SPADES EIGHT,0.6836,0.0112,0.3052
DIAMONDS THREE SPADES SEVEN,0.6546,0.011,0.3344
DIAMONDS THREE SPADES SIX,0.6604,0.0104,0.3292
DIAMONDS THREE CLUBS SIX,0.6528,0.0106,0.3366
CLUBS FIVE CLUBS SIX,0.5744,0.0098,0.4158
CLUBS ACE DIAMONDS FOUR,0.4178,0.0034,0.5788
CLUBS SEVEN DIAMONDS THREE,0.655,0.0094,0.3356
CLUBS SEVEN CLUBS FIVE,0.5902,0.0092,0.4006
DIAMONDS THREE CLUBS FOUR,0.6324,0.011,0.3566
DIAMONDS FOUR CLUBS QUEEN,0.5996,0.1732,0.2272
DIAMONDS THREE CLUBS FIVE,0.6304,0.0104,0.3592
CLUBS KING DIAMONDS FOUR,0.4256,0.0084,0.566
DIAMONDS THREE CLUBS TWO,0.6528,0.0148,0.3324
CLUBS TEN DIAMONDS FOUR,0.655,0.0106,0.3344
DIAMONDS THREE CLUBS THREE,0.458,0.0234,0.5186
DIAMONDS FOUR CLUBS JACK,0.6438,0.0102,0.346
DIAMONDS THREE SPADES FOUR,0.6408,0.0116,0.3476
DIAMONDS THREE SPADES FIVE,0.6392,0.0134,0.3474
DIAMONDS THREE SPADES TWO,0.6486,0.0142,0.3372
DIAMONDS THREE SPADES THREE,0.463,0.0234,0.5136
CLUBS EIGHT DIAMONDS THREE,0.6782,0.0124,0.3094
CLUBS NINE DIAMONDS THREE,0.7306,0.0468,0.2226
SPADES SEVEN CLUBS ACE,0.416,0.0044,0.5796
SPADES SEVEN CLUBS QUEEN,0.618,0.1632,0.2188
SPADES SEVEN CLUBS KING,0.4334,0.0066,0.56
CLUBS FIVE SPADES SEVEN,0.6404,0.011,0.3486
CLUBS TEN SPADES SEVEN,0.6332,0.0098,0.357
CLUBS FIVE SPADES SIX,0.6132,0.0114,0.3754
SPADES SEVEN CLUBS JACK,0.6368,0.0098,0.3534
CLUBS FIVE SPADES EIGHT,0.6372,0.0134,0.3494
CLUBS FIVE SPADES THREE,0.6268,0.0092,0.364
CLUBS FIVE SPADES TWO,0.6506,0.0106,0.3388
CLUBS FIVE SPADES FIVE,0.4466,0.018,0.5354
CLUBS FIVE SPADES FOUR,0.6304,0.0086,0.361
CLUBS NINE CLUBS FIVE,0.6536,0.0458,0.3006
CLUBS EIGHT CLUBS FIVE,0.6166,0.008,0.3754
CLUBS ACE CLUBS QUEEN,0.2294,0.0146,0.756
CLUBS KING CLUBS QUEEN,0.2286,0.0226,0.7488
DIAMONDS TEN DIAMONDS FOUR,0.6276,0.01,0.3624
CLUBS TEN DIAMONDS NINE,0.6882,0.039,0.2728
DIAMONDS JACK DIAMONDS FOUR,0.6066,0.0128,0.3806
DIAMONDS NINE CLUBS JACK,0.7104,0.037,0.2526
DIAMONDS ACE DIAMONDS FOUR,0.4032,0.0058,0.591
HEARTS FOUR DIAMONDS FOUR,0.4646,0.0174,0.518
DIAMONDS JACK HEARTS TEN,0.5712,0.0112,0.4176
DIAMONDS TWO SPADES TEN,0.6576,0.0108,0.3316
DIAMONDS NINE CLUBS ACE,0.2736,0.0194,0.707
HEARTS FIVE DIAMONDS FOUR,0.6236,0.0132,0.3632
DIAMONDS JACK HEARTS JACK,0.2898,0.01,0.7002
DIAMONDS TWO SPADES JACK,0.6522,0.0086,0.3392
HEARTS TWO DIAMONDS FOUR,0.6478,0.014,0.3382
DIAMONDS NINE CLUBS QUEEN,0.0174,0.9738,0.0088
DIAMONDS KING DIAMONDS FOUR,0.41,0.0076,0.5824
HEARTS THREE DIAMONDS FOUR,0.6392,0.0102,0.3506
DIAMONDS NINE CLUBS KING,0.2562,0.0296,0.7142
HEARTS ACE DIAMONDS JACK,0.3696,0.005,0.6254
SPADES ACE DIAMONDS TWO,0.4182,0.0056,0.5762
HEARTS QUEEN DIAMONDS JACK,0.239,0.086,0.675
SPADES QUEEN DIAMONDS TWO,0.6046,0.1728,0.2226
DIAMONDS JACK HEARTS KING,0.3672,0.007,0.6258
SPADES KING DIAMONDS TWO,0.4292,0.0082,0.5626
SPADES JACK SPADES SEVEN,0.6024,0.01,0.3876
SPADES TEN SPADES SEVEN,0.5878,0.01,0.4022
CLUBS SEVEN CLUBS THREE,0.6176,0.0118,0.3706
CLUBS SIX CLUBS THREE,0.608,0.0108,0.3812
CLUBS FIVE CLUBS THREE,0.5988,0.0134,0.3878
CLUBS THREE CLUBS FOUR,0.5892,0.0106,0.4002
CLUBS NINE CLUBS THREE,0.6772,0.0482,0.2746
CLUBS EIGHT CLUBS THREE,0.6196,0.011,0.3694
CLUBS THREE SPADES FIVE,0.642,0.0116,0.3464
CLUBS THREE SPADES FOUR,0.624,0.0116,0.3644
CLUBS THREE SPADES THREE,0.476,0.0186,0.5054
CLUBS THREE SPADES TWO,0.6532,0.0136,0.3332
CLUBS THREE SPADES SIX,0.6458,0.0108,0.3434
SPADES SEVEN CLUBS THREE,0.6628,0.0116,0.3256
SPADES EIGHT CLUBS THREE,0.674,0.0122,0.3138
SPADES TWO DIAMONDS FOUR,0.6556,0.0134,0.331
SPADES THREE DIAMONDS FOUR,0.6376,0.0122,0.3502
SPADES FOUR DIAMONDS FOUR,0.4642,0.0192,0.5166
SPADES FIVE DIAMONDS FOUR,0.623,0.0134,0.3636
SPADES SIX DIAMONDS FOUR,0.6292,0.0126,0.3582
SPADES SEVEN DIAMONDS FOUR,0.6576,0.0114,0.331
SPADES EIGHT DIAMONDS FOUR,0.6594,0.0136,0.327
CLUBS FIVE DIAMONDS FOUR,0.6192,0.01,0.3708
CLUBS FOUR DIAMONDS FOUR,0.4528,0.018,0.5292
CLUBS SEVEN DIAMONDS FOUR,0.6496,0.0108,0.3396
CLUBS SIX DIAMONDS FOUR,0.6432,0.0108,0.346
CLUBS NINE DIAMONDS FOUR,0.7276,0.0464,0.226
CLUBS EIGHT DIAMONDS FOUR,0.6646,0.0116,0.3238
HEARTS SEVEN DIAMONDS FOUR,0.6594,0.0104,0.3302
HEARTS SIX DIAMONDS FOUR,0.6262,0.0106,0.3632
DIAMONDS FOUR HEARTS NINE,0.7354,0.048,0.2166
DIAMONDS FOUR HEARTS EIGHT,0.6508,0.014,0.3352
CLUBS THREE DIAMONDS FOUR,0.6474,0.0078,0.3448
CLUBS TWO DIAMONDS FOUR,0.6492,0.0094,0.3414
DIAMONDS TEN DIAMONDS FIVE,0.6128,0.0106,0.3766
DIAMONDS JACK DIAMONDS FIVE,0.6258,0.01,0.3642
DIAMONDS NINE HEARTS QUEEN,0.018,0.9706,0.0114
DIAMONDS NINE HEARTS KING,0.245,0.0332,0.7218
HEARTS ACE DIAMONDS NINE,0.2808,0.0182,0.701
DIAMONDS NINE HEARTS TEN,0.6932,0.043,0.2638
DIAMONDS NINE HEARTS JACK,0.7158,0.0394,0.2448
CLUBS KING DIAMONDS SIX,0.4288,0.0062,0.565
CLUBS QUEEN DIAMONDS SIX,0.6044,0.1676,0.228
CLUBS ACE DIAMONDS SIX,0.4134,0.0042,0.5824
SPADES KING DIAMONDS FOUR,0.4134,0.0072,0.5794
SPADES ACE SPADES SEVEN,0.399,0.0034,0.5976
SPADES QUEEN DIAMONDS FOUR,0.6036,0.1676,0.2288
SPADES QUEEN SPADES SEVEN,0.5674,0.164,0.2686
CLUBS JACK DIAMONDS SIX,0.6612,0.0096,0.3292
SPADES KING SPADES SEVEN,0.4028,0.0076,0.5896
SPADES ACE DIAMONDS FOUR,0.4138,0.0062,0.58
CLUBS TEN DIAMONDS SIX,0.641,0.0106,0.3484
CLUBS NINE CLUBS FOUR,0.69,0.0412,0.2688
CLUBS EIGHT CLUBS FOUR,0.6112,0.0094,0.3794
SPADES JACK DIAMONDS FOUR,0.6394,0.0128,0.3478
SPADES TEN DIAMONDS FOUR,0.6398,0.0118,0.3484
CLUBS FIVE CLUBS FOUR,0.5762,0.0092,0.4146
CLUBS SEVEN CLUBS FOUR,0.602,0.0104,0.3876
CLUBS SIX CLUBS FOUR,0.5914,0.0094,0.3992
CLUBS SEVEN SPADES EIGHT,0.6322,0.0124,0.3554
CLUBS SEVEN SPADES SIX,0.6104,0.01,0.3796
CLUBS SEVEN SPADES SEVEN,0.4562,0.0174,0.5264
CLUBS SEVEN SPADES FIVE,0.6426,0.011,0.3464
CLUBS SEVEN SPADES FOUR,0.6424,0.012,0.3456
CLUBS SEVEN SPADES THREE,0.668,0.0096,0.3224
CLUBS SEVEN SPADES TWO,0.665,0.0106,0.3244
CLUBS NINE CLUBS SEVEN,0.6656,0.0436,0.2908
CLUBS SEVEN CLUBS EIGHT,0.597,0.009,0.394
HEARTS SIX DIAMONDS FIVE,0.622,0.0136,0.3644
HEARTS SEVEN DIAMONDS FIVE,0.6278,0.0116,0.3606
DIAMONDS FIVE HEARTS EIGHT,0.6556,0.0098,0.3346
DIAMONDS FIVE HEARTS NINE,0.7138,0.0428,0.2434
HEARTS TWO DIAMONDS FIVE,0.6446,0.0104,0.345
HEARTS KING HEARTS EIGHT,0.376,0.0078,0.6162
DIAMONDS KING DIAMONDS FIVE,0.4014,0.0072,0.5914
HEARTS THREE DIAMONDS FIVE,0.6352,0.0122,0.3526
HEARTS QUEEN HEARTS EIGHT,0.5722,0.1552,0.2726
DIAMONDS ACE DIAMONDS FIVE,0.3906,0.007,0.6024
HEARTS FOUR DIAMONDS FIVE,0.6086,0.0088,0.3826
HEARTS FIVE DIAMONDS FIVE,0.4524,0.0234,0.5242
HEARTS ACE HEARTS EIGHT,0.379,0.0028,0.6182
CLUBS FOUR DIAMONDS FIVE,0.624,0.0108,0.3652
CLUBS FIVE DIAMONDS FIVE,0.4568,0.0216,0.5216
CLUBS SIX DIAMONDS FIVE,0.624,0.0076,0.3684
CLUBS SEVEN DIAMONDS FIVE,0.6248,0.0096,0.3656
CLUBS TWO DIAMONDS FIVE,0.6422,0.0102,0.3476
CLUBS THREE DIAMONDS FIVE,0.6238,0.0114,0.3648
SPADES THREE DIAMONDS FIVE,0.6306,0.012,0.3574
SPADES TWO DIAMONDS FIVE,0.6582,0.0104,0.3314
SPADES JACK DIAMONDS EIGHT,0.632,0.0112,0.3568
SPADES FIVE DIAMONDS FIVE,0.4606,0.0198,0.5196
CLUBS TEN HEARTS JACK,0.5764,0.0052,0.4184
SPADES TEN DIAMONDS EIGHT,0.62,0.0122,0.3678
SPADES FOUR DIAMONDS FIVE,0.6274,0.013,0.3596
HEARTS JACK CLUBS JACK,0.2832,0.0102,0.7066
HEARTS JACK CLUBS QUEEN,0.2398,0.0886,0.6716
CLUBS NINE DIAMONDS FIVE,0.7086,0.046,0.2454
CLUBS KING HEARTS JACK,0.3742,0.006,0.6198
CLUBS EIGHT DIAMONDS FIVE,0.6524,0.01,0.3376
CLUBS ACE HEARTS JACK,0.3756,0.0034,0.621
SPADES SEVEN DIAMONDS FIVE,0.6364,0.011,0.3526
SPADES KING DIAMONDS EIGHT,0.4126,0.0078,0.5796
SPADES SIX DIAMONDS FIVE,0.6308,0.0128,0.3564
SPADES QUEEN DIAMONDS EIGHT,0.6076,0.1658,0.2266
SPADES EIGHT DIAMONDS FIVE,0.6548,0.0126,0.3326
SPADES ACE DIAMONDS EIGHT,0.4192,0.0054,0.5754
DIAMONDS TEN DIAMONDS SIX,0.6138,0.0102,0.376
HEARTS ACE DIAMONDS SEVEN,0.4226,0.0028,0.5746
DIAMONDS JACK DIAMONDS SIX,0.62,0.0096,0.3704
HEARTS QUEEN DIAMONDS SEVEN,0.6098,0.1672,0.223
HEARTS KING DIAMONDS SEVEN,0.4234,0.0058,0.5708
DIAMONDS ACE DIAMONDS SIX,0.395,0.0042,0.6008
HEARTS FOUR DIAMONDS SIX,0.6282,0.0096,0.3622
SPADES TWO HEARTS JACK,0.6632,0.0104,0.3264
HEARTS FIVE DIAMONDS SIX,0.6348,0.0108,0.3544
SPADES TWO HEARTS TEN,0.6582,0.012,0.3298
HEARTS TWO DIAMONDS SIX,0.6628,0.0126,0.3246
DIAMONDS KING DIAMONDS SIX,0.4,0.0084,0.5916
HEARTS THREE DIAMONDS SIX,0.6372,0.0116,0.3512
HEARTS EIGHT DIAMONDS SIX,0.6362,0.0118,0.352
HEARTS NINE DIAMONDS SIX,0.7066,0.0426,0.2508
HEARTS SIX DIAMONDS SIX,0.459,0.02,0.521
HEARTS SEVEN DIAMONDS SIX,0.623,0.0118,0.3652
HEARTS TEN DIAMONDS SEVEN,0.625,0.0086,0.3664
CLUBS TWO DIAMONDS SIX,0.662,0.0106,0.3274
HEARTS JACK DIAMONDS SEVEN,0.6352,0.0104,0.3544
CLUBS THREE DIAMONDS SIX,0.6444,0.0124,0.3432
CLUBS SEVEN DIAMONDS SIX,0.6114,0.0114,0.3772
DIAMONDS EIGHT CLUBS JACK,0.6488,0.0098,0.3414
CLUBS SIX DIAMONDS SIX,0.4458,0.0186,0.5356
CLUBS TEN DIAMONDS EIGHT,0.6176,0.0072,0.3752
CLUBS FIVE DIAMONDS SIX,0.6182,0.0102,0.3716
CLUBS FOUR DIAMONDS SIX,0.6334,0.0116,0.355
HEARTS ACE HEARTS JACK,0.3418,0.005,0.6532
DIAMONDS EIGHT CLUBS ACE,0.411,0.0048,0.5842
HEARTS QUEEN HEARTS JACK,0.2264,0.0888,0.6848
DIAMONDS EIGHT CLUBS KING,0.4222,0.0096,0.5682
CLUBS NINE DIAMONDS SIX,0.703,0.045,0.252
HEARTS KING HEARTS JACK,0.3418,0.0056,0.6526
DIAMONDS EIGHT CLUBS QUEEN,0.617,0.1602,0.2228
CLUBS EIGHT DIAMONDS SIX,0.6446,0.0128,0.3426
SPADES TEN HEARTS KING,0.3614,0.007,0.6316
SPADES FIVE DIAMONDS SIX,0.6146,0.0108,0.3746
HEARTS ACE SPADES TWO,0.4082,0.0056,0.5862
SPADES JACK HEARTS KING,0.3602,0.004,0.6358
SPADES FOUR DIAMONDS SIX,0.6352,0.0118,0.353
SPADES THREE DIAMONDS SIX,0.666,0.0108,0.3232
HEARTS QUEEN SPADES TWO,0.619,0.1626,0.2184
SPADES ACE SPADES KING,0.3216,0.0042,0.6742
SPADES TWO HEARTS KING,0.4316,0.0058,0.5626
SPADES TWO DIAMONDS SIX,0.673,0.0116,0.3154
HEARTS TEN HEARTS EIGHT,0.5858,0.0074,0.4068
HEARTS JACK HEARTS EIGHT,0.5958,0.0094,0.3948
SPADES EIGHT DIAMONDS SIX,0.6344,0.012,0.3536
SPADES SEVEN DIAMONDS SIX,0.624,0.0118,0.3642
SPADES SIX DIAMONDS SIX,0.455,0.0196,0.5254
SPADES KING HEARTS KING,0.1526,0.0046,0.8428
SPADES QUEEN HEARTS KING,0.2238,0.028,0.7482
CLUBS ACE CLUBS KING,0.3256,0.0044,0.67
SPADES ACE HEARTS KING,0.3396,0.0036,0.6568
SPADES ACE HEARTS JACK,0.3574,0.0062,0.6364
SPADES QUEEN HEARTS JACK,0.2206,0.0858,0.6936
SPADES KING HEARTS JACK,0.347,0.0066,0.6464
SPADES TEN DIAMONDS TEN,0.2932,0.0168,0.69
SPADES JACK DIAMONDS TEN,0.5784,0.0124,0.4092
SPADES ACE DIAMONDS TEN,0.3608,0.0038,0.6354
SPADES JACK HEARTS JACK,0.2842,0.0104,0.7054
SPADES TEN HEARTS JACK,0.5606,0.0112,0.4282
SPADES QUEEN DIAMONDS TEN,0.218,0.116,0.666
SPADES KING DIAMONDS TEN,0.3484,0.0098,0.6418
SPADES EIGHT DIAMONDS SEVEN,0.6436,0.01,0.3464
SPADES SEVEN DIAMONDS SEVEN,0.4612,0.0178,0.521
SPADES SIX DIAMONDS SEVEN,0.6248,0.0116,0.3636
DIAMONDS KING DIAMONDS SEVEN,0.4084,0.0068,0.5848
HEARTS THREE DIAMONDS SEVEN,0.6626,0.0096,0.3278
HEARTS KING DIAMONDS FIVE,0.4122,0.007,0.5808
HEARTS TWO DIAMONDS SEVEN,0.6614,0.0132,0.3254
HEARTS QUEEN DIAMONDS FIVE,0.6088,0.1666,0.2246
HEARTS FIVE DIAMONDS SEVEN,0.6282,0.0076,0.3642
DIAMONDS ACE DIAMONDS SEVEN,0.3894,0.0038,0.6068
HEARTS FOUR DIAMONDS SEVEN,0.6548,0.0118,0.3334
HEARTS ACE DIAMONDS FIVE,0.4156,0.004,0.5804
HEARTS SEVEN DIAMONDS SEVEN,0.4522,0.0202,0.5276
HEARTS SIX DIAMONDS SEVEN,0.6308,0.0104,0.3588
DIAMONDS SEVEN HEARTS NINE,0.6998,0.0458,0.2544
HEARTS EIGHT DIAMONDS SEVEN,0.6298,0.0092,0.361
DIAMONDS JACK DIAMONDS SEVEN,0.609,0.0122,0.3788
DIAMONDS FIVE HEARTS JACK,0.6596,0.0086,0.3318
DIAMONDS TEN DIAMONDS SEVEN,0.6156,0.009,0.3754
HEARTS TEN DIAMONDS FIVE,0.6552,0.011,0.3338
SPADES KING CLUBS TWO,0.414,0.008,0.578
HEARTS KING CLUBS KING,0.1616,0.003,0.8354
CLUBS EIGHT DIAMONDS SEVEN,0.6336,0.0108,0.3556
SPADES QUEEN CLUBS TWO,0.6088,0.1622,0.229
HEARTS KING CLUBS QUEEN,0.2372,0.0248,0.738
CLUBS NINE DIAMONDS SEVEN,0.7026,0.0438,0.2536
SPADES TWO CLUBS JACK,0.6586,0.0104,0.331
SPADES ACE CLUBS TWO,0.4216,0.0064,0.572
CLUBS TEN SPADES TWO,0.6494,0.0146,0.336
HEARTS KING CLUBS ACE,0.33,0.0038,0.6662
CLUBS SEVEN CLUBS SIX,0.5798,0.0094,0.4108
SPADES TWO CLUBS KING,0.429,0.0058,0.5652
SPADES TWO DIAMONDS SEVEN,0.6696,0.0098,0.3206
CLUBS EIGHT CLUBS SIX,0.5926,0.0104,0.397
SPADES THREE DIAMONDS SEVEN,0.6648,0.0106,0.3246
SPADES TWO CLUBS QUEEN,0.614,0.175,0.211
CLUBS NINE CLUBS SIX,0.6582,0.0438,0.298
SPADES FOUR DIAMONDS SEVEN,0.6598,0.013,0.3272
HEARTS KING CLUBS JACK,0.3714,0.0056,0.623
SPADES FIVE DIAMONDS SEVEN,0.6398,0.0108,0.3494
SPADES TWO CLUBS ACE,0.4272,0.0038,0.569
CLUBS TEN HEARTS KING,0.362,0.0102,0.6278
CLUBS SIX SPADES TWO,0.655,0.011,0.334
CLUBS SIX SPADES THREE,0.6594,0.0106,0.33
CLUBS TWO DIAMONDS SEVEN,0.6862,0.0122,0.3016
CLUBS SIX SPADES FOUR,0.6382,0.0104,0.3514
CLUBS THREE DIAMONDS SEVEN,0.6704,0.0102,0.3194
CLUBS SIX SPADES FIVE,0.636,0.0102,0.3538
CLUBS FOUR DIAMONDS SEVEN,0.6476,0.0122,0.3402
CLUBS SIX SPADES SIX,0.4642,0.0172,0.5186
CLUBS FIVE DIAMONDS SEVEN,0.6264,0.009,0.3646
CLUBS SIX SPADES SEVEN,0.6188,0.0124,0.3688
CLUBS SIX DIAMONDS SEVEN,0.6066,0.0112,0.3822
SPADES EIGHT CLUBS SIX,0.64,0.011,0.349
SPADES JACK CLUBS TWO,0.6406,0.0108,0.3486
CLUBS SEVEN DIAMONDS SEVEN,0.4414,0.0186,0.54
SPADES TEN CLUBS TWO,0.642,0.0092,0.3488
CLUBS TWO CLUBS QUEEN,0.5714,0.158,0.2706
CLUBS TWO CLUBS KING,0.3856,0.0072,0.6072
CLUBS THREE DIAMONDS EIGHT,0.683,0.01,0.307
CLUBS TWO CLUBS ACE,0.3894,0.005,0.6056
CLUBS TWO DIAMONDS EIGHT,0.6688,0.0126,0.3186
HEARTS SEVEN DIAMONDS EIGHT,0.6306,0.0104,0.359
HEARTS SIX DIAMONDS EIGHT,0.6332,0.0112,0.3556
DIAMONDS EIGHT HEARTS NINE,0.6922,0.0444,0.2634
CLUBS TEN CLUBS TWO,0.621,0.0106,0.3684
DIAMONDS EIGHT HEARTS EIGHT,0.449,0.0186,0.5324
CLUBS TWO CLUBS JACK,0.6164,0.0082,0.3754
CLUBS NINE DIAMONDS EIGHT,0.684,0.0448,0.2712
CLUBS EIGHT DIAMONDS EIGHT,0.4422,0.0164,0.5414
CLUBS FIVE DIAMONDS EIGHT,0.6384,0.0134,0.3482
SPADES ACE SPADES THREE,0.3962,0.0048,0.599
CLUBS FOUR DIAMONDS EIGHT,0.6644,0.0128,0.3228
CLUBS SEVEN DIAMONDS EIGHT,0.6236,0.0076,0.3688
SPADES QUEEN SPADES THREE,0.5822,0.1572,0.2606
CLUBS SIX DIAMONDS EIGHT,0.6318,0.0138,0.3544
SPADES KING SPADES THREE,0.3988,0.006,0.5952
HEARTS TWO DIAMONDS EIGHT,0.6818,0.0104,0.3078
DIAMONDS KING DIAMONDS EIGHT,0.3894,0.0068,0.6038
HEARTS THREE DIAMONDS EIGHT,0.6768,0.0104,0.3128
DIAMONDS ACE DIAMONDS EIGHT,0.3928,0.003,0.6042
HEARTS FOUR DIAMONDS EIGHT,0.6626,0.0098,0.3276
HEARTS FIVE DIAMONDS EIGHT,0.6446,0.0102,0.3452
DIAMONDS EIGHT DIAMONDS TEN,0.5954,0.0104,0.3942
DIAMONDS EIGHT DIAMONDS JACK,0.6084,0.0102,0.3814
SPADES JACK SPADES THREE,0.614,0.0116,0.3744
SPADES TEN SPADES THREE,0.6086,0.0096,0.3818
CLUBS FOUR HEARTS ACE,0.4264,0.0032,0.5704
CLUBS FOUR HEARTS QUEEN,0.6102,0.1626,0.2272
CLUBS FOUR HEARTS KING,0.4266,0.0064,0.567
CLUBS SIX HEARTS TEN,0.6522,0.009,0.3388
CLUBS SIX HEARTS JACK,0.6546,0.0094,0.336
SPADES FOUR DIAMONDS EIGHT,0.6632,0.0168,0.32
SPADES FIVE DIAMONDS EIGHT,0.6518,0.0136,0.3346
DIAMONDS EIGHT SPADES TWO,0.6954,0.0128,0.2918
DIAMONDS EIGHT SPADES THREE,0.685,0.0122,0.3028
CLUBS FOUR HEARTS JACK,0.6602,0.009,0.3308
SPADES EIGHT DIAMONDS EIGHT,0.4504,0.0168,0.5328
SPADES TEN HEARTS TWO,0.6546,0.0094,0.336
SPADES JACK HEARTS EIGHT,0.6382,0.0102,0.3516
CLUBS FOUR HEARTS TEN,0.6454,0.0092,0.3454
SPADES TEN HEARTS EIGHT,0.6086,0.0082,0.3832
SPADES JACK HEARTS TWO,0.655,0.01,0.335
SPADES SIX DIAMONDS EIGHT,0.6572,0.0084,0.3344
SPADES SEVEN DIAMONDS EIGHT,0.6368,0.0126,0.3506
SPADES ACE HEARTS TWO,0.411,0.0046,0.5844
SPADES ACE HEARTS EIGHT,0.4048,0.0044,0.5908
SPADES KING HEARTS EIGHT,0.4142,0.008,0.5778
SPADES QUEEN HEARTS TWO,0.5874,0.1748,0.2378
SPADES KING HEARTS TWO,0.4146,0.01,0.5754
SPADES QUEEN HEARTS EIGHT,0.597,0.1628,0.2402
CLUBS TWO HEARTS TEN,0.6538,0.0092,0.337
CLUBS TWO HEARTS JACK,0.6488,0.0088,0.3424
SPADES SEVEN DIAMONDS NINE,0.7066,0.0454,0.248
SPADES SIX DIAMONDS NINE,0.7154,0.0458,0.2388
SPADES EIGHT DIAMONDS NINE,0.6944,0.047,0.2586
SPADES TEN CLUBS KING,0.3496,0.007,0.6434
DIAMONDS NINE SPADES THREE,0.7308,0.0496,0.2196
SPADES JACK CLUBS KING,0.36,0.0078,0.6322
DIAMONDS NINE SPADES TWO,0.7312,0.049,0.2198
SPADES FIVE DIAMONDS NINE,0.7228,0.0508,0.2264
DIAMONDS NINE SPADES FOUR,0.7452,0.0448,0.21
CLUBS NINE DIAMONDS NINE,0.3238,0.027,0.6492
CLUBS EIGHT DIAMONDS NINE,0.6904,0.044,0.2656
CLUBS SIX DIAMONDS NINE,0.705,0.044,0.251
SPADES JACK CLUBS FOUR,0.6416,0.0128,0.3456
CLUBS SEVEN DIAMONDS NINE,0.7118,0.0422,0.246
SPADES TEN CLUBS FOUR,0.638,0.0092,0.3528
CLUBS FOUR DIAMONDS NINE,0.7334,0.0506,0.216
CLUBS FIVE DIAMONDS NINE,0.7128,0.0476,0.2396
DIAMONDS NINE CLUBS TWO,0.7372,0.0472,0.2156
CLUBS THREE DIAMONDS NINE,0.7326,0.0512,0.2162
DIAMONDS NINE HEARTS EIGHT,0.6818,0.0468,0.2714
DIAMONDS NINE HEARTS NINE,0.3118,0.0294,0.6588
HEARTS SIX DIAMONDS NINE,0.7104,0.0426,0.247
HEARTS SEVEN DIAMONDS NINE,0.7018,0.0424,0.2558
CLUBS NINE CLUBS EIGHT,0.6492,0.0426,0.3082
DIAMONDS ACE DIAMONDS NINE,0.2562,0.017,0.7268
HEARTS FOUR DIAMONDS NINE,0.734,0.0466,0.2194
HEARTS FIVE DIAMONDS NINE,0.7266,0.0452,0.2282
HEARTS ACE CLUBS TWO,0.428,0.0046,0.5674
SPADES ACE CLUBS FOUR,0.418,0.0034,0.5786
HEARTS TWO DIAMONDS NINE,0.7254,0.0498,0.2248
CLUBS TWO HEARTS KING,0.4178,0.0066,0.5756
SPADES KING CLUBS FOUR,0.4182,0.005,0.5768
DIAMONDS KING DIAMONDS NINE,0.2318,0.0308,0.7374
HEARTS THREE DIAMONDS NINE,0.7228,0.0504,0.2268
CLUBS TWO HEARTS QUEEN,0.6228,0.1524,0.2248
SPADES QUEEN CLUBS FOUR,0.6044,0.162,0.2336
DIAMONDS NINE DIAMONDS JACK,0.67,0.0424,0.2876
DIAMONDS NINE DIAMONDS TEN,0.6684,0.037,0.2946
CLUBS EIGHT SPADES EIGHT,0.4352,0.0214,0.5434
CLUBS EIGHT SPADES SEVEN,0.626,0.0108,0.3632
CLUBS EIGHT SPADES SIX,0.6282,0.0098,0.362
CLUBS EIGHT SPADES FIVE,0.6468,0.0134,0.3398
CLUBS EIGHT SPADES FOUR,0.658,0.0124,0.3296
CLUBS EIGHT SPADES THREE,0.671,0.0108,0.3182
CLUBS EIGHT SPADES TWO,0.6782,0.0122,0.3096
HEARTS SIX DIAMONDS TEN,0.6466,0.0112,0.3422
HEARTS SEVEN DIAMONDS TEN,0.6264,0.0118,0.3618
DIAMONDS TEN HEARTS EIGHT,0.6128,0.0116,0.3756
CLUBS FOUR CLUBS JACK,0.6046,0.0088,0.3866
DIAMONDS TEN HEARTS NINE,0.7082,0.0388,0.253
CLUBS TEN CLUBS FOUR,0.6058,0.0112,0.383
CLUBS FOUR CLUBS KING,0.407,0.0072,0.5858
CLUBS FOUR CLUBS QUEEN,0.5654,0.155,0.2796
CLUBS TWO DIAMONDS TEN,0.6578,0.0078,0.3344
CLUBS THREE DIAMONDS TEN,0.6432,0.0124,0.3444
CLUBS FOUR CLUBS ACE,0.3802,0.0044,0.6154
DIAMONDS JACK DIAMONDS TEN,0.5646,0.0086,0.4268
HEARTS TWO DIAMONDS TEN,0.6492,0.0118,0.339
DIAMONDS KING DIAMONDS TEN,0.324,0.0088,0.6672
HEARTS THREE DIAMONDS TEN,0.6436,0.0094,0.347
DIAMONDS ACE DIAMONDS TEN,0.35,0.0048,0.6452
HEARTS FOUR DIAMONDS TEN,0.6534,0.0114,0.3352
CLUBS EIGHT HEARTS JACK,0.62,0.0078,0.3722
HEARTS FIVE DIAMONDS TEN,0.6534,0.0114,0.3352
CLUBS EIGHT HEARTS TEN,0.6252,0.008,0.3668
CLUBS EIGHT HEARTS QUEEN,0.6148,0.1668,0.2184
CLUBS EIGHT HEARTS KING,0.4096,0.0052,0.5852
CLUBS EIGHT HEARTS ACE,0.4072,0.0024,0.5904
CLUBS NINE SPADES THREE,0.7208,0.0432,0.236
CLUBS NINE SPADES TWO,0.7404,0.0434,0.2162
CLUBS NINE SPADES FIVE,0.7116,0.046,0.2424
CLUBS NINE SPADES FOUR,0.7186,0.0454,0.236
CLUBS NINE SPADES SEVEN,0.7082,0.0448,0.247
CLUBS NINE SPADES SIX,0.6998,0.0426,0.2576
CLUBS TEN HEARTS EIGHT,0.622,0.0068,0.3712
CLUBS NINE SPADES EIGHT,0.6982,0.0512,0.2506
HEARTS EIGHT CLUBS JACK,0.6344,0.008,0.3576
CLUBS QUEEN HEARTS EIGHT,0.6024,0.169,0.2286
CLUBS KING HEARTS EIGHT,0.4128,0.0056,0.5816
CLUBS ACE HEARTS EIGHT,0.4074,0.0028,0.5898
SPADES KING CLUBS KING,0.1446,0.0048,0.8506
SPADES QUEEN CLUBS KING,0.2502,0.0282,0.7216
SPADES ACE CLUBS KING,0.3376,0.0056,0.6568
DIAMONDS ACE HEARTS TEN,0.3586,0.0046,0.6368
HEARTS FOUR HEARTS TEN,0.594,0.0118,0.3942
DIAMONDS ACE HEARTS JACK,0.3638,0.0052,0.631
HEARTS FOUR HEARTS JACK,0.5984,0.0106,0.391
SPADES KING CLUBS FIVE,0.4122,0.006,0.5818
SPADES QUEEN CLUBS FIVE,0.5956,0.1702,0.2342
SPADES ACE CLUBS FIVE,0.4008,0.0048,0.5944
HEARTS SEVEN DIAMONDS JACK,0.6514,0.0082,0.3404
HEARTS SIX DIAMONDS JACK,0.6492,0.0122,0.3386
DIAMONDS JACK HEARTS NINE,0.7122,0.0422,0.2456
DIAMONDS JACK HEARTS EIGHT,0.632,0.0108,0.3572
DIAMONDS KING DIAMONDS JACK,0.3486,0.0064,0.645
HEARTS THREE DIAMONDS JACK,0.6546,0.0122,0.3332
SPADES ACE SPADES SIX,0.3958,0.0044,0.5998
HEARTS ACE SPADES FOUR,0.438,0.0046,0.5574
HEARTS TWO DIAMONDS JACK,0.6514,0.013,0.3356
HEARTS FIVE DIAMONDS JACK,0.6468,0.0112,0.342
SPADES QUEEN SPADES SIX,0.5776,0.1636,0.2588
SPADES FOUR HEARTS QUEEN,0.61,0.1654,0.2246
DIAMONDS ACE DIAMONDS JACK,0.3572,0.0054,0.6374
HEARTS FOUR DIAMONDS JACK,0.6566,0.0112,0.3322
SPADES KING SPADES SIX,0.3988,0.006,0.5952
SPADES FOUR HEARTS KING,0.4246,0.007,0.5684
SPADES TEN SPADES SIX,0.6014,0.0104,0.3882
SPADES JACK SPADES SIX,0.6216,0.0098,0.3686
SPADES FOUR DIAMONDS JACK,0.6576,0.0102,0.3322
SPADES FIVE DIAMONDS JACK,0.6462,0.012,0.3418
DIAMONDS JACK SPADES TWO,0.651,0.0128,0.3362
SPADES THREE DIAMONDS JACK,0.6664,0.0134,0.3202
SPADES ACE DIAMONDS THREE,0.4252,0.005,0.5698
SPADES QUEEN DIAMONDS THREE,0.625,0.158,0.217
CLUBS EIGHT DIAMONDS JACK,0.6208,0.0104,0.3688
SPADES KING DIAMONDS THREE,0.4272,0.01,0.5628
CLUBS NINE DIAMONDS JACK,0.7222,0.0396,0.2382
CLUBS SIX DIAMONDS JACK,0.6464,0.0098,0.3438
CLUBS SEVEN DIAMONDS JACK,0.6424,0.0128,0.3448
CLUBS FOUR DIAMONDS JACK,0.6526,0.0132,0.3342
CLUBS FIVE DIAMONDS JACK,0.65,0.0094,0.3406
CLUBS TWO DIAMONDS JACK,0.645,0.0092,0.3458
CLUBS THREE DIAMONDS JACK,0.655,0.0112,0.3338
SPADES TEN CLUBS FIVE,0.6366,0.0094,0.354
SPADES JACK HEARTS SIX,0.6378,0.0082,0.354
HEARTS SIX SPADES TEN,0.6294,0.0104,0.3602
SPADES JACK CLUBS FIVE,0.6334,0.0144,0.3522
SPADES JACK DIAMONDS THREE,0.6492,0.0108,0.34
CLUBS SEVEN CLUBS ACE,0.3738,0.0042,0.622
DIAMONDS THREE SPADES TEN,0.6482,0.0094,0.3424
CLUBS SEVEN CLUBS QUEEN,0.5704,0.1566,0.273
CLUBS SEVEN CLUBS KING,0.388,0.0058,0.6062
CLUBS TEN CLUBS SEVEN,0.6016,0.0084,0.39
DIAMONDS ACE HEARTS ACE,0.1372,0.0034,0.8594
HEARTS FOUR HEARTS ACE,0.3912,0.0046,0.6042
SPADES EIGHT DIAMONDS JACK,0.6384,0.0106,0.351
SPADES ACE HEARTS SIX,0.412,0.0044,0.5836
CLUBS SEVEN CLUBS JACK,0.5978,0.0094,0.3928
DIAMONDS ACE HEARTS KING,0.3492,0.005,0.6458
HEARTS FOUR HEARTS KING,0.4096,0.0042,0.5862
SPADES SEVEN DIAMONDS JACK,0.6404,0.0118,0.3478
SPADES KING HEARTS SIX,0.4174,0.0068,0.5758
DIAMONDS ACE HEARTS QUEEN,0.2442,0.0138,0.742
HEARTS FOUR HEARTS QUEEN,0.5666,0.1622,0.2712
SPADES SIX DIAMONDS JACK,0.6558,0.0134,0.3308
SPADES QUEEN HEARTS SIX,0.599,0.1628,0.2382
SPADES TWO DIAMONDS TEN,0.6568,0.0122,0.331
SPADES THREE DIAMONDS TEN,0.66,0.012,0.328
SPADES FOUR DIAMONDS TEN,0.6514,0.0122,0.3364
SPADES FIVE DIAMONDS TEN,0.6576,0.0114,0.331
SPADES SIX DIAMONDS TEN,0.6426,0.011,0.3464
SPADES SEVEN DIAMONDS TEN,0.6428,0.0116,0.3456
SPADES EIGHT DIAMONDS TEN,0.623,0.0114,0.3656
CLUBS FOUR DIAMONDS TEN,0.6492,0.0104,0.3404
CLUBS FIVE DIAMONDS TEN,0.6368,0.0118,0.3514
CLUBS SIX DIAMONDS TEN,0.6444,0.012,0.3436
CLUBS SEVEN DIAMONDS TEN,0.6248,0.0098,0.3654
CLUBS EIGHT DIAMONDS TEN,0.6206,0.0104,0.369
CLUBS NINE DIAMONDS TEN,0.6896,0.042,0.2684
DIAMONDS THREE CLUBS JACK,0.6418,0.0114,0.3468
CLUBS TEN DIAMONDS THREE,0.6542,0.014,0.3318
DIAMONDS THREE CLUBS KING,0.4322,0.0084,0.5594
DIAMONDS THREE CLUBS QUEEN,0.6112,0.1704,0.2184
DIAMONDS THREE CLUBS ACE,0.4212,0.0046,0.5742
SPADES FOUR HEARTS JACK,0.6478,0.0124,0.3398
SPADES FOUR HEARTS TEN,0.6484,0.0116,0.34
SPADES FIVE SPADES TWO,0.609,0.012,0.379
SPADES FOUR SPADES TWO,0.6248,0.0118,0.3634
SPADES THREE SPADES TWO,0.6348,0.0102,0.355
SPADES EIGHT SPADES TWO,0.643,0.012,0.345
SPADES SEVEN SPADES TWO,0.6434,0.01,0.3466
SPADES SIX SPADES TWO,0.6246,0.012,0.3634
CLUBS THREE HEARTS TWO,0.6408,0.0104,0.3488
HEARTS TWO CLUBS TWO,0.473,0.0204,0.5066
HEARTS SEVEN HEARTS TWO,0.6356,0.0136,0.3508
HEARTS SIX HEARTS TWO,0.6206,0.0108,0.3686
HEARTS TWO HEARTS NINE,0.688,0.042,0.27
HEARTS TWO HEARTS EIGHT,0.6384,0.0094,0.3522
CLUBS NINE HEARTS TWO,0.7336,0.0482,0.2182
CLUBS EIGHT HEARTS TWO,0.6776,0.01,0.3124
CLUBS FIVE HEARTS TWO,0.6418,0.0096,0.3486
SPADES EIGHT HEARTS ACE,0.418,0.0032,0.5788
CLUBS FOUR HEARTS TWO,0.6302,0.0114,0.3584
CLUBS SEVEN HEARTS TWO,0.6658,0.0124,0.3218
SPADES EIGHT HEARTS QUEEN,0.6064,0.1676,0.226
CLUBS SIX HEARTS TWO,0.6536,0.0102,0.3362
SPADES EIGHT HEARTS KING,0.4108,0.0068,0.5824
SPADES SIX HEARTS TWO,0.661,0.0116,0.3274
HEARTS FOUR CLUBS QUEEN,0.6014,0.1612,0.2374
DIAMONDS ACE CLUBS QUEEN,0.2396,0.0122,0.7482
SPADES SEVEN HEARTS TWO,0.6662,0.0118,0.322
HEARTS FOUR CLUBS KING,0.4294,0.0064,0.5642
DIAMONDS ACE CLUBS KING,0.3356,0.0056,0.6588
SPADES EIGHT HEARTS TWO,0.6764,0.0112,0.3124
HEARTS FOUR CLUBS ACE,0.4166,0.0032,0.5802
DIAMONDS ACE CLUBS ACE,0.1414,0.0034,0.8552
HEARTS TWO SPADES TWO,0.4738,0.0222,0.504
HEARTS TWO SPADES THREE,0.6546,0.012,0.3334
HEARTS TWO SPADES FOUR,0.6414,0.0136,0.345
CLUBS TEN HEARTS FOUR,0.6398,0.0118,0.3484
CLUBS TEN DIAMONDS ACE,0.3632,0.0044,0.6324
HEARTS TWO SPADES FIVE,0.6334,0.0134,0.3532
HEARTS FOUR CLUBS JACK,0.648,0.0094,0.3426
DIAMONDS ACE CLUBS JACK,0.3622,0.0038,0.634
CLUBS FIVE CLUBS KING,0.3854,0.0044,0.6102
CLUBS FIVE CLUBS QUEEN,0.5676,0.156,0.2764
CLUBS FIVE CLUBS ACE,0.3814,0.003,0.6156
CLUBS FIVE CLUBS JACK,0.5954,0.0118,0.3928
CLUBS TEN CLUBS FIVE,0.605,0.0116,0.3834
SPADES KING CLUBS JACK,0.3592,0.008,0.6328
SPADES QUEEN CLUBS JACK,0.2246,0.0832,0.6922
SPADES ACE CLUBS JACK,0.3688,0.0034,0.6278
SPADES SIX CLUBS KING,0.42,0.008,0.572
SPADES SIX CLUBS QUEEN,0.6126,0.1628,0.2246
SPADES EIGHT HEARTS JACK,0.6306,0.0098,0.3596
SPADES SIX CLUBS ACE,0.4354,0.0022,0.5624
SPADES EIGHT HEARTS TEN,0.6284,0.0092,0.3624
SPADES SIX CLUBS JACK,0.6498,0.0094,0.3408
CLUBS TEN SPADES SIX,0.6488,0.0108,0.3404
SPADES TEN CLUBS JACK,0.5738,0.012,0.4142
SPADES JACK CLUBS JACK,0.2882,0.01,0.7018
SPADES QUEEN CLUBS SEVEN,0.613,0.16,0.227
SPADES KING CLUBS SEVEN,0.4216,0.0052,0.5732
SPADES ACE CLUBS SEVEN,0.4066,0.0038,0.5896
SPADES SIX HEARTS TEN,0.649,0.01,0.341
SPADES SIX HEARTS JACK,0.655,0.0114,0.3336
SPADES SIX HEARTS ACE,0.4164,0.0022,0.5814
SPADES SIX HEARTS KING,0.4188,0.0068,0.5744
SPADES SIX HEARTS QUEEN,0.6062,0.1698,0.224
CLUBS SEVEN SPADES JACK,0.6464,0.0086,0.345
CLUBS SEVEN SPADES TEN,0.6224,0.0124,0.3652
CLUBS TEN HEARTS SIX,0.6306,0.0094,0.36
HEARTS SIX CLUBS JACK,0.6452,0.0086,0.3462
CLUBS ACE CLUBS JACK,0.3426,0.004,0.6534
HEARTS SIX CLUBS QUEEN,0.599,0.1692,0.2318
HEARTS SIX CLUBS KING,0.4254,0.0058,0.5688
HEARTS SIX CLUBS ACE,0.4156,0.0032,0.5812
CLUBS QUEEN CLUBS JACK,0.2314,0.0842,0.6844
CLUBS KING CLUBS JACK,0.3384,0.0056,0.656
DIAMONDS THREE HEARTS ACE,0.4258,0.0052,0.569
DIAMONDS THREE HEARTS QUEEN,0.6038,0.1688,0.2274
DIAMONDS THREE HEARTS KING,0.4332,0.008,0.5588
CLUBS FIVE HEARTS JACK,0.6444,0.0104,0.3452
SPADES TEN DIAMONDS ACE,0.3544,0.0032,0.6424
HEARTS FOUR SPADES TEN,0.643,0.0098,0.3472
CLUBS FIVE HEARTS TEN,0.641,0.008,0.351
HEARTS FOUR SPADES JACK,0.6402,0.009,0.3508
SPADES JACK DIAMONDS ACE,0.3614,0.0052,0.6334
SPADES ACE HEARTS FOUR,0.4148,0.0044,0.5808
SPADES ACE DIAMONDS ACE,0.1358,0.004,0.8602
CLUBS FIVE HEARTS ACE,0.421,0.0044,0.5746
CLUBS FIVE HEARTS KING,0.4248,0.0046,0.5706
HEARTS FOUR SPADES QUEEN,0.5904,0.177,0.2326
SPADES QUEEN DIAMONDS ACE,0.232,0.0176,0.7504
SPADES FOUR CLUBS JACK,0.669,0.008,0.323
CLUBS FIVE HEARTS QUEEN,0.5962,0.1656,0.2382
SPADES KING DIAMONDS ACE,0.3272,0.0048,0.668
SPADES KING HEARTS FOUR,0.4202,0.009,0.5708
CLUBS TEN SPADES FOUR,0.6398,0.0092,0.351
DIAMONDS ACE HEARTS TWO,0.4142,0.004,0.5818
HEARTS FOUR HEARTS TWO,0.6016,0.0106,0.3878
DIAMONDS THREE HEARTS TEN,0.6444,0.0094,0.3462
SPADES FOUR CLUBS KING,0.4184,0.0066,0.575
HEARTS FIVE HEARTS TWO,0.608,0.0106,0.3814
DIAMONDS THREE HEARTS JACK,0.641,0.0106,0.3484
SPADES FOUR CLUBS QUEEN,0.6196,0.1634,0.217
DIAMONDS KING HEARTS TWO,0.4218,0.0072,0.571
HEARTS THREE HEARTS TWO,0.592,0.0104,0.3976
SPADES FOUR CLUBS ACE,0.4186,0.0046,0.5768
HEARTS TWO CLUBS ACE,0.4234,0.0048,0.5718
HEARTS TWO CLUBS QUEEN,0.6106,0.1632,0.2262
HEARTS TWO CLUBS KING,0.4244,0.0064,0.5692
SPADES EIGHT SPADES FIVE,0.6126,0.012,0.3754
CLUBS TEN HEARTS TWO,0.647,0.0128,0.3402
HEARTS TWO CLUBS JACK,0.6556,0.0116,0.3328
SPADES SIX SPADES FIVE,0.5898,0.0104,0.3998
SPADES SEVEN SPADES FIVE,0.6126,0.0128,0.3746
DIAMONDS FIVE CLUBS QUEEN,0.6126,0.1602,0.2272
SPADES EIGHT CLUBS ACE,0.404,0.0044,0.5916
DIAMONDS FIVE CLUBS KING,0.4372,0.0066,0.5562
SPADES EIGHT CLUBS KING,0.411,0.0062,0.5828
CLUBS ACE DIAMONDS FIVE,0.4202,0.0036,0.5762
SPADES EIGHT CLUBS QUEEN,0.618,0.166,0.216
SPADES EIGHT CLUBS JACK,0.6272,0.0094,0.3634
CLUBS TEN SPADES EIGHT,0.625,0.0106,0.3644
CLUBS TEN DIAMONDS FIVE,0.6488,0.009,0.3422
DIAMONDS FIVE CLUBS JACK,0.6604,0.0098,0.3298
DIAMONDS TEN HEARTS JACK,0.581,0.0074,0.4116
DIAMONDS TEN HEARTS TEN,0.2944,0.012,0.6936
SPADES ACE CLUBS NINE,0.2642,0.0172,0.7186
CLUBS NINE SPADES QUEEN,0.0104,0.9714,0.0182
CLUBS NINE SPADES KING,0.2476,0.0284,0.724
HEARTS SIX HEARTS KING,0.4046,0.007,0.5884
DIAMONDS KING SPADES SEVEN,0.4254,0.0062,0.5684
SPADES SEVEN HEARTS THREE,0.6632,0.0112,0.3256
SPADES KING DIAMONDS SEVEN,0.4088,0.0082,0.583
HEARTS SIX HEARTS QUEEN,0.5656,0.1514,0.283
DIAMONDS KING SPADES SIX,0.4234,0.0056,0.571
HEARTS THREE SPADES SIX,0.6476,0.0112,0.3412
SPADES QUEEN DIAMONDS SEVEN,0.6042,0.1696,0.2262
HEARTS SIX HEARTS ACE,0.3898,0.0042,0.606
SPADES EIGHT DIAMONDS KING,0.4142,0.0092,0.5766
SPADES EIGHT HEARTS THREE,0.6852,0.0122,0.3026
SPADES ACE DIAMONDS SEVEN,0.402,0.004,0.594
CLUBS NINE HEARTS THREE,0.7236,0.046,0.2304
CLUBS NINE DIAMONDS KING,0.2458,0.0302,0.724
CLUBS EIGHT HEARTS THREE,0.6726,0.0076,0.3198
CLUBS EIGHT DIAMONDS KING,0.4006,0.008,0.5914
HEARTS THREE SPADES THREE,0.465,0.0208,0.5142
DIAMONDS KING SPADES THREE,0.4242,0.0086,0.5672
HEARTS THREE SPADES TWO,0.6338,0.0104,0.3558
DIAMONDS KING SPADES TWO,0.4228,0.0096,0.5676
HEARTS THREE SPADES FIVE,0.6222,0.0126,0.3652
DIAMONDS KING SPADES FIVE,0.4262,0.008,0.5658
HEARTS THREE SPADES FOUR,0.6376,0.0114,0.351
DIAMONDS KING SPADES FOUR,0.4324,0.0094,0.5582
DIAMONDS KING CLUBS TWO,0.421,0.0054,0.5736
HEARTS THREE CLUBS TWO,0.652,0.011,0.337
DIAMONDS KING CLUBS THREE,0.4196,0.0062,0.5742
CLUBS THREE HEARTS THREE,0.4538,0.0202,0.526
