opposingHand,winningChance,drawChance,lostChance
SPADES QUEEN SPADES EIGHT
SPADES TEN HEARTS FIVE,0.655,0.0102,0.3348
SPADES JACK HEARTS FIVE,0.655,0.011,0.334
SPADES FIVE CLUBS JACK,0.6462,0.012,0.3418
SPADES FIVE CLUBS TEN,0.6616,0.012,0.3264
CLUBS EIGHT CLUBS JACK,0.6804,0.0356,0.284
CLUBS EIGHT CLUBS TEN,0.6668,0.0416,0.2916
CLUBS EIGHT CLUBS KING,0.2708,0.0294,0.6998
SPADES FIVE CLUBS ACE,0.4338,0.0052,0.561
CLUBS EIGHT CLUBS QUEEN,0.0698,0.8598,0.0704
SPADES FIVE CLUBS KING,0.4286,0.008,0.5634
SPADES FIVE CLUBS QUEEN,0.5674,0.2176,0.215
CLUBS EIGHT CLUBS ACE,0.2812,0.0238,0.695
DIAMONDS TWO DIAMONDS THREE,0.6306,0.01,0.3594
DIAMONDS TWO DIAMONDS FIVE,0.6134,0.0136,0.373
SPADES KING HEARTS FIVE,0.4418,0.007,0.5512
DIAMONDS TWO DIAMONDS FOUR,0.6164,0.0122,0.3714
DIAMONDS TWO DIAMONDS SEVEN,0.6434,0.011,0.3456
DIAMONDS TWO DIAMONDS SIX,0.6342,0.01,0.3558
SPADES ACE HEARTS FIVE,0.4348,0.0028,0.5624
DIAMONDS TWO DIAMONDS NINE,0.617,0.0126,0.3704
DIAMONDS TWO DIAMONDS EIGHT,0.6984,0.0488,0.2528
DIAMONDS THREE DIAMONDS FOUR,0.6274,0.0102,0.3624
CLUBS TWO SPADES FOUR,0.6586,0.0128,0.3286
DIAMONDS THREE DIAMONDS FIVE,0.6126,0.0098,0.3776
CLUBS TWO SPADES FIVE,0.6572,0.014,0.3288
CLUBS TWO SPADES TWO,0.4748,0.0234,0.5018
CLUBS TWO SPADES THREE,0.6682,0.013,0.3188
DIAMONDS THREE DIAMONDS EIGHT,0.7038,0.0464,0.2498
DIAMONDS THREE DIAMONDS NINE,0.6316,0.0158,0.3526
SPADES NINE CLUBS TWO,0.6606,0.012,0.3274
DIAMONDS THREE DIAMONDS SIX,0.6304,0.0134,0.3562
SPADES SIX CLUBS TWO,0.6752,0.0126,0.3122
DIAMONDS THREE DIAMONDS SEVEN,0.6372,0.0128,0.35
SPADES SEVEN CLUBS TWO,0.689,0.0118,0.2992
CLUBS SIX CLUBS TWO,0.6268,0.0094,0.3638
CLUBS SEVEN CLUBS TWO,0.6466,0.013,0.3404
CLUBS FOUR CLUBS TWO,0.6274,0.013,0.3596
CLUBS FIVE CLUBS TWO,0.6356,0.01,0.3544
CLUBS JACK CLUBS TEN,0.5398,0.0082,0.452
DIAMONDS FOUR DIAMONDS SIX,0.6216,0.0126,0.3658
CLUBS QUEEN CLUBS TEN,0.2618,0.1068,0.6314
DIAMONDS FOUR DIAMONDS SEVEN,0.6352,0.0106,0.3542
CLUBS KING CLUBS TEN,0.3692,0.0082,0.6226
CLUBS ACE CLUBS TEN,0.3778,0.0052,0.617
CLUBS EIGHT CLUBS TWO,0.7072,0.0408,0.252
DIAMONDS FIVE DIAMONDS FOUR,0.5998,0.0122,0.388
CLUBS NINE CLUBS TWO,0.6196,0.0086,0.3718
DIAMONDS NINE DIAMONDS FOUR,0.6176,0.0108,0.3716
DIAMONDS EIGHT DIAMONDS FOUR,0.6798,0.0454,0.2748
CLUBS TWO CLUBS THREE,0.6148,0.014,0.3712
DIAMONDS NINE DIAMONDS FIVE,0.613,0.0112,0.3758
DIAMONDS TWO CLUBS JACK,0.648,0.0118,0.3402
DIAMONDS EIGHT DIAMONDS FIVE,0.6632,0.043,0.2938
DIAMONDS TWO CLUBS TEN,0.6634,0.0108,0.3258
DIAMONDS FIVE DIAMONDS SEVEN,0.62,0.0098,0.3702
DIAMONDS FIVE DIAMONDS SIX,0.6086,0.0108,0.3806
DIAMONDS TWO CLUBS ACE,0.458,0.0046,0.5374
DIAMONDS TWO CLUBS KING,0.4476,0.0076,0.5448
DIAMONDS TWO CLUBS QUEEN,0.5654,0.222,0.2126
DIAMONDS EIGHT DIAMONDS SIX,0.663,0.0424,0.2946
DIAMONDS NINE DIAMONDS SIX,0.6018,0.0096,0.3886
SPADES THREE HEARTS ACE,0.4506,0.0052,0.5442
HEARTS KING SPADES THREE,0.4422,0.008,0.5498
DIAMONDS SEVEN DIAMONDS SIX,0.5974,0.0098,0.3928
SPADES THREE HEARTS QUEEN,0.571,0.2244,0.2046
SPADES THREE HEARTS JACK,0.6526,0.0096,0.3378
SPADES THREE HEARTS TEN,0.649,0.012,0.339
DIAMONDS EIGHT DIAMONDS SEVEN,0.665,0.047,0.288
DIAMONDS NINE DIAMONDS SEVEN,0.5958,0.0102,0.394
DIAMONDS NINE DIAMONDS EIGHT,0.6474,0.0392,0.3134
DIAMONDS KING HEARTS TEN,0.3894,0.008,0.6026
HEARTS THREE HEARTS TEN,0.6156,0.0112,0.3732
SPADES JACK CLUBS SIX,0.6496,0.0124,0.338
DIAMONDS KING HEARTS JACK,0.3844,0.0054,0.6102
HEARTS THREE HEARTS JACK,0.6252,0.0122,0.3626
CLUBS SIX SPADES TEN,0.643,0.0122,0.3448
SPADES JACK SPADES FIVE,0.6306,0.0116,0.3578
SPADES TEN SPADES FIVE,0.6412,0.0138,0.345
DIAMONDS KING HEARTS ACE,0.3814,0.004,0.6146
HEARTS THREE HEARTS ACE,0.4212,0.005,0.5738
SPADES ACE CLUBS SIX,0.4156,0.0038,0.5806
DIAMONDS KING HEARTS QUEEN,0.2848,0.024,0.6912
HEARTS THREE HEARTS QUEEN,0.5362,0.195,0.2688
SPADES KING CLUBS SIX,0.4396,0.0052,0.5552
DIAMONDS KING HEARTS KING,0.2004,0.003,0.7966
HEARTS THREE HEARTS KING,0.4224,0.0102,0.5674
SPADES NINE HEARTS TEN,0.5898,0.0128,0.3974
SPADES NINE HEARTS JACK,0.5868,0.0118,0.4014
SPADES KING SPADES FIVE,0.3832,0.0086,0.6082
SPADES ACE SPADES FIVE,0.3896,0.0064,0.604
SPADES NINE HEARTS QUEEN,0.2642,0.1576,0.5782
SPADES NINE HEARTS KING,0.4048,0.0102,0.585
SPADES NINE HEARTS ACE,0.3938,0.0036,0.6026
SPADES JACK CLUBS TEN,0.571,0.011,0.418
SPADES TEN CLUBS TEN,0.313,0.0122,0.6748
SPADES ACE CLUBS TEN,0.3828,0.0056,0.6116
SPADES KING CLUBS TEN,0.3754,0.0074,0.6172
SPADES FIVE HEARTS QUEEN,0.562,0.2094,0.2286
SPADES FIVE HEARTS KING,0.451,0.0082,0.5408
SPADES FIVE HEARTS ACE,0.442,0.005,0.553
HEARTS THREE SPADES JACK,0.6618,0.0116,0.3266
SPADES JACK DIAMONDS KING,0.3828,0.0066,0.6106
CLUBS EIGHT SPADES TEN,0.7,0.0408,0.2592
CLUBS EIGHT SPADES JACK,0.7168,0.0398,0.2434
HEARTS THREE SPADES TEN,0.6502,0.0132,0.3366
SPADES TEN DIAMONDS KING,0.385,0.0068,0.6082
SPADES ACE CLUBS EIGHT,0.2742,0.0244,0.7014
HEARTS FIVE CLUBS JACK,0.6524,0.0098,0.3378
CLUBS SIX HEARTS ACE,0.4406,0.0036,0.5558
HEARTS FIVE CLUBS TEN,0.6574,0.0076,0.335
SPADES THREE CLUBS TEN,0.6668,0.0108,0.3224
CLUBS SIX HEARTS QUEEN,0.5746,0.2046,0.2208
CLUBS EIGHT SPADES KING,0.2724,0.035,0.6926
SPADES THREE CLUBS JACK,0.667,0.0098,0.3232
CLUBS SIX HEARTS KING,0.4414,0.0054,0.5532
DIAMONDS TWO HEARTS JACK,0.6648,0.0116,0.3236
SPADES THREE CLUBS QUEEN,0.5604,0.2202,0.2194
DIAMONDS TWO HEARTS TEN,0.6618,0.012,0.3262
SPADES THREE CLUBS KING,0.4336,0.0078,0.5586
HEARTS FIVE CLUBS ACE,0.4368,0.0036,0.5596
SPADES FIVE HEARTS TEN,0.6458,0.0112,0.343
SPADES THREE CLUBS ACE,0.448,0.006,0.546
HEARTS FIVE CLUBS KING,0.4532,0.0056,0.5412
SPADES FIVE HEARTS JACK,0.6584,0.0118,0.3298
HEARTS FIVE CLUBS QUEEN,0.5646,0.2168,0.2186
HEARTS THREE CLUBS KING,0.4538,0.0082,0.538
DIAMONDS KING CLUBS KING,0.1884,0.0032,0.8084
HEARTS THREE CLUBS QUEEN,0.568,0.2106,0.2214
DIAMONDS KING CLUBS QUEEN,0.2828,0.025,0.6922
HEARTS FIVE HEARTS JACK,0.627,0.0118,0.3612
HEARTS FIVE HEARTS TEN,0.6098,0.0094,0.3808
HEARTS THREE CLUBS ACE,0.4456,0.0046,0.5498
DIAMONDS KING CLUBS ACE,0.392,0.0046,0.6034
SPADES ACE CLUBS QUEEN,0.269,0.0184,0.7126
SPADES KING CLUBS QUEEN,0.2642,0.0264,0.7094
HEARTS THREE CLUBS JACK,0.6618,0.012,0.3262
DIAMONDS KING CLUBS JACK,0.4008,0.0034,0.5958
HEARTS THREE CLUBS TEN,0.6632,0.0116,0.3252
DIAMONDS KING CLUBS TEN,0.386,0.0056,0.6084
SPADES JACK CLUBS QUEEN,0.277,0.0866,0.6364
CLUBS SIX CLUBS QUEEN,0.5378,0.2124,0.2498
SPADES TEN CLUBS QUEEN,0.2644,0.114,0.6216
CLUBS SIX CLUBS KING,0.4314,0.007,0.5616
CLUBS SIX CLUBS ACE,0.4072,0.005,0.5878
HEARTS FIVE HEARTS KING,0.4096,0.0062,0.5842
HEARTS FIVE HEARTS QUEEN,0.532,0.2,0.268
CLUBS SIX CLUBS TEN,0.6122,0.0104,0.3774
HEARTS FIVE HEARTS ACE,0.418,0.0042,0.5778
CLUBS SIX CLUBS JACK,0.6228,0.0114,0.3658
SPADES SEVEN HEARTS JACK,0.6484,0.0098,0.3418
SPADES SEVEN HEARTS TEN,0.6382,0.0114,0.3504
DIAMONDS TWO CLUBS TWO,0.488,0.0218,0.4902
DIAMONDS TWO CLUBS THREE,0.6606,0.014,0.3254
HEARTS SIX DIAMONDS TWO,0.676,0.0118,0.3122
DIAMONDS TWO HEARTS QUEEN,0.588,0.2058,0.2062
DIAMONDS TWO HEARTS SEVEN,0.6936,0.009,0.2974
DIAMONDS TWO HEARTS KING,0.4498,0.0052,0.545
DIAMONDS TWO HEARTS EIGHT,0.7356,0.048,0.2164
DIAMONDS TWO HEARTS ACE,0.4554,0.004,0.5406
DIAMONDS TWO HEARTS NINE,0.6484,0.0136,0.338
DIAMONDS TWO DIAMONDS QUEEN,0.5326,0.2068,0.2606
DIAMONDS TWO HEARTS TWO,0.473,0.0232,0.5038
DIAMONDS TWO DIAMONDS KING,0.416,0.0096,0.5744
HEARTS THREE DIAMONDS TWO,0.6696,0.0114,0.319
DIAMONDS TWO DIAMONDS ACE,0.429,0.0036,0.5674
HEARTS FOUR DIAMONDS TWO,0.6656,0.0118,0.3226
DIAMONDS TWO HEARTS FIVE,0.6564,0.0116,0.332
SPADES SEVEN HEARTS ACE,0.4264,0.0066,0.567
DIAMONDS TWO DIAMONDS TEN,0.6126,0.0106,0.3768
SPADES SEVEN HEARTS KING,0.4372,0.0084,0.5544
DIAMONDS TWO DIAMONDS JACK,0.6154,0.0106,0.374
SPADES SEVEN HEARTS QUEEN,0.563,0.2084,0.2286
DIAMONDS TWO SPADES NINE,0.6534,0.012,0.3346
DIAMONDS TWO SPADES SEVEN,0.6816,0.0118,0.3066
DIAMONDS TWO SPADES SIX,0.6722,0.0114,0.3164
DIAMONDS TWO SPADES FIVE,0.6528,0.0134,0.3338
DIAMONDS TWO SPADES FOUR,0.6542,0.0148,0.331
DIAMONDS TWO SPADES THREE,0.6604,0.015,0.3246
DIAMONDS TWO SPADES TWO,0.468,0.0252,0.5068
CLUBS NINE DIAMONDS TWO,0.6712,0.0076,0.3212
CLUBS EIGHT DIAMONDS TWO,0.7362,0.0484,0.2154
DIAMONDS TWO CLUBS SEVEN,0.6778,0.0154,0.3068
CLUBS SIX DIAMONDS TWO,0.6702,0.0138,0.316
DIAMONDS TWO CLUBS FIVE,0.6694,0.0096,0.321
DIAMONDS TWO CLUBS FOUR,0.6584,0.0144,0.3272
CLUBS FOUR SPADES FIVE,0.6336,0.0124,0.354
CLUBS FOUR SPADES FOUR,0.4664,0.0212,0.5124
CLUBS FOUR SPADES THREE,0.6432,0.0122,0.3446
CLUBS FOUR SPADES TWO,0.6494,0.0122,0.3384
SPADES NINE CLUBS FOUR,0.6596,0.0138,0.3266
CLUBS FOUR SPADES SEVEN,0.66,0.0132,0.3268
CLUBS FOUR SPADES SIX,0.6448,0.0112,0.344
SPADES ACE DIAMONDS SIX,0.4156,0.0024,0.582
SPADES KING DIAMONDS SIX,0.4208,0.0074,0.5718
SPADES TEN DIAMONDS SIX,0.6492,0.013,0.3378
SPADES JACK DIAMONDS SIX,0.6588,0.0102,0.331
SPADES KING SPADES TWO,0.3952,0.0096,0.5952
SPADES ACE SPADES TWO,0.3908,0.0064,0.6028
DIAMONDS JACK CLUBS JACK,0.319,0.009,0.672
DIAMONDS JACK CLUBS TEN,0.5836,0.0074,0.409
DIAMONDS JACK CLUBS KING,0.3884,0.0064,0.6052
DIAMONDS JACK CLUBS QUEEN,0.2806,0.0856,0.6338
DIAMONDS THREE DIAMONDS JACK,0.6288,0.0118,0.3594
DIAMONDS THREE DIAMONDS TEN,0.6266,0.011,0.3624
DIAMONDS JACK CLUBS ACE,0.401,0.004,0.595
DIAMONDS THREE DIAMONDS KING,0.4134,0.006,0.5806
HEARTS THREE DIAMONDS THREE,0.4868,0.0248,0.4884
DIAMONDS THREE DIAMONDS QUEEN,0.5416,0.2012,0.2572
DIAMONDS THREE HEARTS TWO,0.67,0.0122,0.3178
HEARTS FIVE DIAMONDS THREE,0.6536,0.01,0.3364
DIAMONDS THREE DIAMONDS ACE,0.4218,0.003,0.5752
HEARTS FOUR DIAMONDS THREE,0.6634,0.0146,0.322
DIAMONDS THREE HEARTS SEVEN,0.6784,0.0132,0.3084
SPADES TEN SPADES NINE,0.58,0.0124,0.4076
HEARTS SIX DIAMONDS THREE,0.661,0.0122,0.3268
SPADES JACK SPADES NINE,0.577,0.0136,0.4094
DIAMONDS THREE HEARTS NINE,0.666,0.0118,0.3222
HEARTS JACK DIAMONDS FOUR,0.6538,0.0096,0.3366
HEARTS KING HEARTS ACE,0.3628,0.0046,0.6326
SPADES TEN SPADES TWO,0.6568,0.0114,0.3318
DIAMONDS THREE HEARTS EIGHT,0.7388,0.0498,0.2114
HEARTS TEN DIAMONDS FOUR,0.653,0.0108,0.3362
SPADES JACK SPADES TWO,0.6584,0.0138,0.3278
HEARTS QUEEN DIAMONDS FOUR,0.58,0.2188,0.2012
HEARTS KING DIAMONDS FOUR,0.4612,0.0052,0.5336
SPADES ACE SPADES NINE,0.3496,0.0066,0.6438
HEARTS ACE DIAMONDS FOUR,0.4352,0.0048,0.56
SPADES KING SPADES NINE,0.3322,0.0102,0.6576
DIAMONDS THREE SPADES NINE,0.6514,0.0122,0.3364
DIAMONDS THREE SPADES SEVEN,0.6624,0.0142,0.3234
DIAMONDS THREE SPADES SIX,0.6614,0.012,0.3266
CLUBS SIX DIAMONDS THREE,0.6538,0.0114,0.3348
CLUBS ACE DIAMONDS FOUR,0.4416,0.005,0.5534
CLUBS SIX CLUBS FIVE,0.5958,0.0116,0.3926
CLUBS SEVEN CLUBS FIVE,0.6168,0.0124,0.3708
CLUBS SEVEN DIAMONDS THREE,0.6766,0.0126,0.3108
DIAMONDS THREE CLUBS FOUR,0.6562,0.011,0.3328
CLUBS QUEEN DIAMONDS FOUR,0.5734,0.2036,0.223
DIAMONDS THREE CLUBS FIVE,0.6556,0.0146,0.3298
CLUBS KING DIAMONDS FOUR,0.4404,0.0072,0.5524
DIAMONDS THREE CLUBS TWO,0.6716,0.0122,0.3162
DIAMONDS FOUR CLUBS TEN,0.6614,0.0108,0.3278
DIAMONDS THREE CLUBS THREE,0.4816,0.0236,0.4948
DIAMONDS FOUR CLUBS JACK,0.6592,0.0092,0.3316
DIAMONDS THREE SPADES FOUR,0.654,0.0124,0.3336
DIAMONDS THREE SPADES FIVE,0.6454,0.0126,0.342
DIAMONDS THREE SPADES TWO,0.6706,0.0136,0.3158
DIAMONDS THREE SPADES THREE,0.4716,0.0246,0.5038
CLUBS EIGHT DIAMONDS THREE,0.7374,0.053,0.2096
CLUBS NINE DIAMONDS THREE,0.6602,0.013,0.3268
SPADES SEVEN CLUBS ACE,0.4364,0.006,0.5576
SPADES SEVEN CLUBS QUEEN,0.5716,0.2172,0.2112
SPADES SEVEN CLUBS KING,0.4256,0.0066,0.5678
SPADES SEVEN CLUBS FIVE,0.6372,0.0136,0.3492
SPADES SEVEN CLUBS TEN,0.6406,0.0126,0.3468
CLUBS FIVE SPADES SIX,0.626,0.0144,0.3596
SPADES SEVEN CLUBS JACK,0.6398,0.0122,0.348
SPADES NINE CLUBS FIVE,0.644,0.0106,0.3454
CLUBS FIVE SPADES THREE,0.6526,0.0118,0.3356
CLUBS FIVE SPADES TWO,0.6428,0.0146,0.3426
CLUBS FIVE SPADES FIVE,0.4934,0.0216,0.485
CLUBS FIVE SPADES FOUR,0.6446,0.0126,0.3428
CLUBS NINE CLUBS FIVE,0.6058,0.0112,0.383
CLUBS EIGHT CLUBS FIVE,0.669,0.045,0.286
CLUBS ACE CLUBS QUEEN,0.2798,0.0132,0.707
CLUBS KING CLUBS QUEEN,0.2578,0.0228,0.7194
DIAMONDS TEN DIAMONDS FOUR,0.6192,0.0122,0.3686
DIAMONDS NINE CLUBS TEN,0.588,0.0094,0.4026
DIAMONDS JACK DIAMONDS FOUR,0.6176,0.01,0.3724
DIAMONDS NINE CLUBS JACK,0.5984,0.0126,0.389
SPADES NINE CLUBS JACK,0.6022,0.0096,0.3882
SPADES NINE CLUBS TEN,0.5896,0.0116,0.3988
DIAMONDS ACE DIAMONDS FOUR,0.4062,0.0048,0.589
HEARTS FOUR DIAMONDS FOUR,0.4682,0.027,0.5048
DIAMONDS JACK HEARTS TEN,0.5832,0.0068,0.41
SPADES NINE CLUBS KING,0.3992,0.0066,0.5942
DIAMONDS TWO SPADES TEN,0.6482,0.0128,0.339
DIAMONDS NINE CLUBS ACE,0.4114,0.0048,0.5838
HEARTS FIVE DIAMONDS FOUR,0.6266,0.0132,0.3602
HEARTS JACK DIAMONDS JACK,0.3194,0.0104,0.6702
SPADES NINE CLUBS QUEEN,0.2536,0.1696,0.5768
SPADES JACK DIAMONDS TWO,0.6538,0.0096,0.3366
DIAMONDS QUEEN DIAMONDS FOUR,0.5376,0.1994,0.263
HEARTS TWO DIAMONDS FOUR,0.658,0.0152,0.3268
DIAMONDS NINE CLUBS QUEEN,0.2724,0.1598,0.5678
DIAMONDS KING DIAMONDS FOUR,0.425,0.005,0.57
HEARTS THREE DIAMONDS FOUR,0.6504,0.0144,0.3352
SPADES NINE CLUBS ACE,0.4098,0.003,0.5872
DIAMONDS NINE CLUBS KING,0.4032,0.007,0.5898
HEARTS ACE DIAMONDS JACK,0.3972,0.002,0.6008
SPADES ACE DIAMONDS TWO,0.4256,0.0064,0.568
DIAMONDS JACK HEARTS QUEEN,0.2852,0.0832,0.6316
HEARTS KING DIAMONDS JACK,0.392,0.0066,0.6014
SPADES KING DIAMONDS TWO,0.4492,0.008,0.5428
SPADES JACK SPADES SEVEN,0.6448,0.0132,0.342
SPADES TEN SPADES SEVEN,0.639,0.012,0.349
CLUBS SEVEN CLUBS THREE,0.637,0.0132,0.3498
CLUBS SIX CLUBS THREE,0.623,0.0102,0.3668
CLUBS FIVE CLUBS THREE,0.6188,0.0096,0.3716
CLUBS FOUR CLUBS THREE,0.619,0.0136,0.3674
CLUBS NINE CLUBS THREE,0.6258,0.0102,0.364
CLUBS EIGHT CLUBS THREE,0.6882,0.0484,0.2634
SPADES FIVE CLUBS THREE,0.6454,0.0146,0.34
CLUBS THREE SPADES FOUR,0.6476,0.0112,0.3412
CLUBS THREE SPADES THREE,0.4848,0.0256,0.4896
CLUBS THREE SPADES TWO,0.666,0.0094,0.3246
SPADES SIX CLUBS THREE,0.6636,0.0124,0.324
SPADES SEVEN CLUBS THREE,0.6692,0.0126,0.3182
SPADES NINE CLUBS THREE,0.6586,0.0124,0.329
SPADES TWO DIAMONDS FOUR,0.6594,0.0114,0.3292
SPADES THREE DIAMONDS FOUR,0.6602,0.013,0.3268
SPADES FOUR DIAMONDS FOUR,0.4754,0.0254,0.4992
SPADES FIVE DIAMONDS FOUR,0.6198,0.0108,0.3694
SPADES SIX DIAMONDS FOUR,0.6414,0.013,0.3456
SPADES SEVEN DIAMONDS FOUR,0.6616,0.0094,0.329
SPADES NINE DIAMONDS FOUR,0.6508,0.014,0.3352
CLUBS FIVE DIAMONDS FOUR,0.6386,0.0092,0.3522
CLUBS FOUR DIAMONDS FOUR,0.4702,0.0236,0.5062
CLUBS SEVEN DIAMONDS FOUR,0.6638,0.0128,0.3234
CLUBS SIX DIAMONDS FOUR,0.6434,0.0094,0.3472
CLUBS NINE DIAMONDS FOUR,0.6594,0.012,0.3286
CLUBS EIGHT DIAMONDS FOUR,0.7188,0.0446,0.2366
DIAMONDS FOUR HEARTS SEVEN,0.6652,0.0108,0.324
HEARTS SIX DIAMONDS FOUR,0.6554,0.0118,0.3328
HEARTS NINE DIAMONDS FOUR,0.6682,0.0106,0.3212
DIAMONDS FOUR HEARTS EIGHT,0.727,0.0454,0.2276
CLUBS THREE DIAMONDS FOUR,0.6508,0.01,0.3392
CLUBS TWO DIAMONDS FOUR,0.6656,0.0112,0.3232
DIAMONDS TEN DIAMONDS FIVE,0.6128,0.0114,0.3758
DIAMONDS JACK DIAMONDS FIVE,0.6108,0.0106,0.3786
DIAMONDS NINE HEARTS QUEEN,0.2694,0.1586,0.572
HEARTS KING DIAMONDS NINE,0.4002,0.0056,0.5942
DIAMONDS NINE HEARTS ACE,0.417,0.0022,0.5808
DIAMONDS NINE HEARTS TEN,0.5828,0.0114,0.4058
DIAMONDS NINE HEARTS JACK,0.6074,0.0118,0.3808
CLUBS KING DIAMONDS SIX,0.4454,0.0064,0.5482
CLUBS QUEEN DIAMONDS SIX,0.5886,0.1978,0.2136
CLUBS ACE DIAMONDS SIX,0.4374,0.005,0.5576
SPADES KING DIAMONDS FOUR,0.4398,0.0082,0.552
SPADES ACE SPADES SEVEN,0.3766,0.0058,0.6176
CLUBS JACK DIAMONDS SIX,0.6534,0.0082,0.3384
SPADES KING SPADES SEVEN,0.3778,0.0068,0.6154
SPADES ACE DIAMONDS FOUR,0.4252,0.0056,0.5692
CLUBS TEN DIAMONDS SIX,0.6562,0.0104,0.3334
CLUBS NINE CLUBS FOUR,0.614,0.0112,0.3748
CLUBS EIGHT CLUBS FOUR,0.6654,0.0476,0.287
SPADES JACK DIAMONDS FOUR,0.6558,0.0096,0.3346
SPADES TEN DIAMONDS FOUR,0.6504,0.0136,0.336
CLUBS FOUR CLUBS FIVE,0.5984,0.0102,0.3914
CLUBS SEVEN CLUBS FOUR,0.6254,0.0116,0.363
CLUBS SIX CLUBS FOUR,0.617,0.014,0.369
CLUBS SEVEN SPADES NINE,0.6258,0.0108,0.3634
CLUBS SEVEN SPADES SIX,0.645,0.0124,0.3426
CLUBS SEVEN SPADES SEVEN,0.4652,0.0226,0.5122
CLUBS SEVEN SPADES FIVE,0.6366,0.0094,0.354
CLUBS SEVEN SPADES FOUR,0.6628,0.0088,0.3284
CLUBS SEVEN SPADES THREE,0.6684,0.0136,0.318
CLUBS SEVEN SPADES TWO,0.6826,0.0122,0.3052
CLUBS NINE CLUBS SEVEN,0.591,0.012,0.397
CLUBS EIGHT CLUBS SEVEN,0.6572,0.0468,0.296
HEARTS SIX DIAMONDS FIVE,0.628,0.012,0.36
DIAMONDS FIVE HEARTS SEVEN,0.6582,0.0122,0.3296
DIAMONDS FIVE HEARTS EIGHT,0.7088,0.0404,0.2508
HEARTS NINE DIAMONDS FIVE,0.6428,0.0096,0.3476
DIAMONDS QUEEN DIAMONDS FIVE,0.5352,0.1994,0.2654
HEARTS TWO DIAMONDS FIVE,0.6622,0.0112,0.3266
HEARTS KING HEARTS EIGHT,0.2886,0.0324,0.679
DIAMONDS KING DIAMONDS FIVE,0.407,0.0088,0.5842
HEARTS THREE DIAMONDS FIVE,0.6478,0.011,0.3412
HEARTS QUEEN HEARTS EIGHT,0.0718,0.8554,0.0728
DIAMONDS ACE DIAMONDS FIVE,0.4016,0.004,0.5944
HEARTS FOUR DIAMONDS FIVE,0.6412,0.0124,0.3464
HEARTS FIVE DIAMONDS FIVE,0.4766,0.0198,0.5036
HEARTS ACE HEARTS EIGHT,0.277,0.0242,0.6988
CLUBS FOUR DIAMONDS FIVE,0.6316,0.0136,0.3548
CLUBS FIVE DIAMONDS FIVE,0.4762,0.0228,0.501
CLUBS SIX DIAMONDS FIVE,0.6352,0.011,0.3538
CLUBS SEVEN DIAMONDS FIVE,0.6536,0.0104,0.336
CLUBS TWO DIAMONDS FIVE,0.6576,0.011,0.3314
CLUBS THREE DIAMONDS FIVE,0.6466,0.0126,0.3408
SPADES THREE DIAMONDS FIVE,0.6412,0.011,0.3478
SPADES TWO DIAMONDS FIVE,0.6534,0.014,0.3326
SPADES FIVE DIAMONDS FIVE,0.4586,0.022,0.5194
SPADES JACK DIAMONDS EIGHT,0.7138,0.0406,0.2456
HEARTS JACK CLUBS TEN,0.574,0.0098,0.4162
SPADES TEN DIAMONDS EIGHT,0.7074,0.0388,0.2538
SPADES FOUR DIAMONDS FIVE,0.6308,0.0122,0.357
HEARTS JACK CLUBS JACK,0.3224,0.0108,0.6668
HEARTS JACK CLUBS QUEEN,0.282,0.079,0.639
CLUBS NINE DIAMONDS FIVE,0.656,0.0084,0.3356
HEARTS JACK CLUBS KING,0.3842,0.0058,0.61
CLUBS EIGHT DIAMONDS FIVE,0.7198,0.0432,0.237
HEARTS JACK CLUBS ACE,0.4034,0.0036,0.593
SPADES SEVEN DIAMONDS FIVE,0.6436,0.0118,0.3446
SPADES KING DIAMONDS EIGHT,0.2826,0.0286,0.6888
SPADES SIX DIAMONDS FIVE,0.6278,0.0124,0.3598
SPADES NINE DIAMONDS FIVE,0.632,0.011,0.357
SPADES ACE DIAMONDS EIGHT,0.2782,0.0236,0.6982
DIAMONDS TEN DIAMONDS SIX,0.6118,0.0108,0.3774
HEARTS ACE DIAMONDS SEVEN,0.4416,0.0044,0.554
DIAMONDS JACK DIAMONDS SIX,0.6268,0.0088,0.3644
HEARTS QUEEN DIAMONDS SEVEN,0.587,0.197,0.216
HEARTS KING DIAMONDS SEVEN,0.4404,0.0058,0.5538
DIAMONDS ACE DIAMONDS SIX,0.4366,0.0028,0.5606
HEARTS FOUR DIAMONDS SIX,0.6478,0.0118,0.3404
SPADES TWO HEARTS JACK,0.6494,0.0134,0.3372
HEARTS FIVE DIAMONDS SIX,0.6294,0.0106,0.36
SPADES TWO HEARTS TEN,0.6526,0.0118,0.3356
DIAMONDS QUEEN DIAMONDS SIX,0.5246,0.2058,0.2696
HEARTS TWO DIAMONDS SIX,0.6912,0.0112,0.2976
DIAMONDS KING DIAMONDS SIX,0.4266,0.0036,0.5698
HEARTS THREE DIAMONDS SIX,0.6698,0.011,0.3192
HEARTS EIGHT DIAMONDS SIX,0.6996,0.0448,0.2556
HEARTS NINE DIAMONDS SIX,0.6338,0.0104,0.3558
HEARTS SIX DIAMONDS SIX,0.4636,0.0208,0.5156
HEARTS SEVEN DIAMONDS SIX,0.6382,0.0108,0.351
HEARTS TEN DIAMONDS SEVEN,0.6506,0.0108,0.3386
CLUBS TWO DIAMONDS SIX,0.6688,0.0112,0.32
HEARTS JACK DIAMONDS SEVEN,0.65,0.0106,0.3394
CLUBS THREE DIAMONDS SIX,0.6684,0.0126,0.319
DIAMONDS EIGHT CLUBS JACK,0.7224,0.0378,0.2398
CLUBS SEVEN DIAMONDS SIX,0.6388,0.0088,0.3524
CLUBS SIX DIAMONDS SIX,0.4718,0.021,0.5072
DIAMONDS EIGHT CLUBS TEN,0.7112,0.0366,0.2522
CLUBS FIVE DIAMONDS SIX,0.6366,0.0114,0.352
CLUBS FOUR DIAMONDS SIX,0.6518,0.0116,0.3366
HEARTS ACE HEARTS JACK,0.3852,0.0058,0.609
DIAMONDS EIGHT CLUBS ACE,0.2828,0.0258,0.6914
HEARTS JACK HEARTS QUEEN,0.2668,0.0852,0.648
DIAMONDS EIGHT CLUBS KING,0.2892,0.033,0.6778
CLUBS NINE DIAMONDS SIX,0.644,0.0098,0.3462
HEARTS KING HEARTS JACK,0.3748,0.0054,0.6198
DIAMONDS EIGHT CLUBS QUEEN,0.0706,0.9072,0.0222
CLUBS EIGHT DIAMONDS SIX,0.7032,0.0392,0.2576
SPADES FIVE DIAMONDS SIX,0.6352,0.0104,0.3544
SPADES TEN HEARTS KING,0.381,0.0062,0.6128
HEARTS ACE SPADES TWO,0.447,0.0044,0.5486
SPADES JACK HEARTS KING,0.3854,0.0074,0.6072
SPADES FOUR DIAMONDS SIX,0.6578,0.0126,0.3296
SPADES THREE DIAMONDS SIX,0.6512,0.0144,0.3344
SPADES TWO HEARTS QUEEN,0.5562,0.2184,0.2254
SPADES ACE SPADES KING,0.3182,0.0042,0.6776
HEARTS KING SPADES TWO,0.45,0.007,0.543
SPADES TWO DIAMONDS SIX,0.6774,0.0142,0.3084
HEARTS TEN HEARTS EIGHT,0.6826,0.0352,0.2822
SPADES NINE DIAMONDS SIX,0.632,0.0122,0.3558
HEARTS JACK HEARTS EIGHT,0.6802,0.0426,0.2772
SPADES SEVEN DIAMONDS SIX,0.647,0.0094,0.3436
SPADES SIX DIAMONDS SIX,0.4586,0.0248,0.5166
SPADES KING HEARTS KING,0.1764,0.0048,0.8188
CLUBS ACE CLUBS KING,0.347,0.0068,0.6462
SPADES ACE HEARTS KING,0.3678,0.0054,0.6268
SPADES ACE HEARTS JACK,0.3796,0.0044,0.616
SPADES KING HEARTS JACK,0.3866,0.0042,0.6092
SPADES TEN DIAMONDS TEN,0.3238,0.016,0.6602
SPADES JACK DIAMONDS TEN,0.5776,0.0098,0.4126
SPADES ACE DIAMONDS TEN,0.3862,0.004,0.6098
SPADES JACK HEARTS JACK,0.3116,0.0102,0.6782
SPADES TEN HEARTS JACK,0.5746,0.0122,0.4132
SPADES KING DIAMONDS TEN,0.375,0.0076,0.6174
SPADES NINE DIAMONDS SEVEN,0.6294,0.0102,0.3604
SPADES SEVEN DIAMONDS SEVEN,0.4556,0.021,0.5234
SPADES SIX DIAMONDS SEVEN,0.6408,0.0122,0.347
DIAMONDS KING DIAMONDS SEVEN,0.419,0.006,0.575
HEARTS THREE DIAMONDS SEVEN,0.6828,0.0106,0.3066
HEARTS KING DIAMONDS FIVE,0.4426,0.0062,0.5512
DIAMONDS QUEEN DIAMONDS SEVEN,0.5172,0.2122,0.2706
HEARTS TWO DIAMONDS SEVEN,0.6846,0.0104,0.305
HEARTS QUEEN DIAMONDS FIVE,0.5714,0.208,0.2206
HEARTS FIVE DIAMONDS SEVEN,0.6588,0.0118,0.3294
DIAMONDS ACE DIAMONDS SEVEN,0.4078,0.0042,0.588
HEARTS FOUR DIAMONDS SEVEN,0.6632,0.0106,0.3262
HEARTS ACE DIAMONDS FIVE,0.4292,0.0056,0.5652
HEARTS SEVEN DIAMONDS SEVEN,0.4684,0.0196,0.512
HEARTS SIX DIAMONDS SEVEN,0.6486,0.0108,0.3406
HEARTS NINE DIAMONDS SEVEN,0.6462,0.0096,0.3442
DIAMONDS SEVEN HEARTS EIGHT,0.7056,0.0398,0.2546
DIAMONDS JACK DIAMONDS SEVEN,0.6076,0.011,0.3814
HEARTS JACK DIAMONDS FIVE,0.658,0.012,0.33
DIAMONDS TEN DIAMONDS SEVEN,0.6086,0.0096,0.3818
DIAMONDS FIVE HEARTS TEN,0.6628,0.0094,0.3278
SPADES KING CLUBS TWO,0.4312,0.0098,0.559
HEARTS KING CLUBS KING,0.191,0.004,0.805
CLUBS EIGHT DIAMONDS SEVEN,0.6994,0.0436,0.257
HEARTS KING CLUBS QUEEN,0.2728,0.024,0.7032
CLUBS NINE DIAMONDS SEVEN,0.6348,0.0124,0.3528
SPADES TWO CLUBS JACK,0.6484,0.011,0.3406
SPADES ACE CLUBS TWO,0.4376,0.0042,0.5582
SPADES TWO CLUBS TEN,0.654,0.0126,0.3334
HEARTS KING CLUBS ACE,0.37,0.0038,0.6262
CLUBS SIX CLUBS SEVEN,0.6046,0.01,0.3854
SPADES TWO CLUBS KING,0.435,0.009,0.556
SPADES TWO DIAMONDS SEVEN,0.687,0.013,0.3
CLUBS EIGHT CLUBS SIX,0.6562,0.045,0.2988
SPADES THREE DIAMONDS SEVEN,0.6868,0.0112,0.302
SPADES TWO CLUBS QUEEN,0.5586,0.2232,0.2182
CLUBS NINE CLUBS SIX,0.6012,0.0086,0.3902
SPADES FOUR DIAMONDS SEVEN,0.6512,0.014,0.3348
HEARTS KING CLUBS JACK,0.4,0.0056,0.5944
SPADES FIVE DIAMONDS SEVEN,0.6452,0.0102,0.3446
SPADES TWO CLUBS ACE,0.4316,0.0072,0.5612
HEARTS KING CLUBS TEN,0.3914,0.0062,0.6024
CLUBS SIX SPADES TWO,0.6678,0.0148,0.3174
CLUBS SIX SPADES THREE,0.6696,0.0096,0.3208
CLUBS TWO DIAMONDS SEVEN,0.6902,0.0116,0.2982
CLUBS SIX SPADES FOUR,0.6422,0.0142,0.3436
CLUBS THREE DIAMONDS SEVEN,0.696,0.0112,0.2928
CLUBS SIX SPADES FIVE,0.6346,0.0096,0.3558
CLUBS FOUR DIAMONDS SEVEN,0.6668,0.012,0.3212
CLUBS SIX SPADES SIX,0.4484,0.0218,0.5298
CLUBS FIVE DIAMONDS SEVEN,0.6412,0.014,0.3448
CLUBS SIX SPADES SEVEN,0.632,0.0122,0.3558
CLUBS SIX DIAMONDS SEVEN,0.6294,0.009,0.3616
SPADES JACK CLUBS TWO,0.659,0.0114,0.3296
CLUBS SIX SPADES NINE,0.6384,0.0132,0.3484
SPADES TEN CLUBS TWO,0.6602,0.011,0.3288
CLUBS SEVEN DIAMONDS SEVEN,0.474,0.0216,0.5044
CLUBS TWO CLUBS QUEEN,0.538,0.2082,0.2538
CLUBS TWO CLUBS KING,0.4274,0.0084,0.5642
CLUBS THREE DIAMONDS EIGHT,0.7402,0.0462,0.2136
CLUBS TWO CLUBS ACE,0.4248,0.0046,0.5706
CLUBS TWO DIAMONDS EIGHT,0.7352,0.0474,0.2174
DIAMONDS EIGHT HEARTS SEVEN,0.7004,0.0414,0.2582
HEARTS SIX DIAMONDS EIGHT,0.7038,0.046,0.2502
DIAMONDS EIGHT HEARTS NINE,0.7028,0.0332,0.264
CLUBS TWO CLUBS TEN,0.6186,0.0118,0.3696
DIAMONDS EIGHT HEARTS EIGHT,0.352,0.028,0.62
CLUBS TWO CLUBS JACK,0.627,0.0082,0.3648
CLUBS NINE DIAMONDS EIGHT,0.7022,0.0358,0.262
CLUBS EIGHT DIAMONDS EIGHT,0.3368,0.0286,0.6346
CLUBS FIVE DIAMONDS EIGHT,0.7132,0.0444,0.2424
SPADES ACE SPADES THREE,0.3908,0.0048,0.6044
CLUBS FOUR DIAMONDS EIGHT,0.7314,0.0422,0.2264
CLUBS SEVEN DIAMONDS EIGHT,0.7076,0.0408,0.2516
CLUBS SIX DIAMONDS EIGHT,0.6942,0.0424,0.2634
SPADES KING SPADES THREE,0.3958,0.0102,0.594
DIAMONDS QUEEN DIAMONDS EIGHT,0.0764,0.8512,0.0724
HEARTS TWO DIAMONDS EIGHT,0.7406,0.0464,0.213
DIAMONDS KING DIAMONDS EIGHT,0.2822,0.0336,0.6842
HEARTS THREE DIAMONDS EIGHT,0.7376,0.051,0.2114
DIAMONDS ACE DIAMONDS EIGHT,0.2756,0.0218,0.7026
HEARTS FOUR DIAMONDS EIGHT,0.7282,0.0466,0.2252
HEARTS FIVE DIAMONDS EIGHT,0.6988,0.0482,0.253
DIAMONDS EIGHT DIAMONDS TEN,0.6588,0.0394,0.3018
DIAMONDS EIGHT DIAMONDS JACK,0.6804,0.038,0.2816
SPADES JACK SPADES THREE,0.6522,0.0108,0.337
SPADES TEN SPADES THREE,0.6512,0.0142,0.3346
CLUBS FOUR HEARTS ACE,0.441,0.005,0.554
CLUBS FOUR HEARTS QUEEN,0.574,0.2104,0.2156
CLUBS FOUR HEARTS KING,0.44,0.0068,0.5532
CLUBS SIX HEARTS TEN,0.6562,0.0096,0.3342
CLUBS SIX HEARTS JACK,0.6542,0.0074,0.3384
SPADES FOUR DIAMONDS EIGHT,0.7222,0.0426,0.2352
SPADES FIVE DIAMONDS EIGHT,0.6992,0.0472,0.2536
DIAMONDS EIGHT SPADES TWO,0.7352,0.0388,0.226
SPADES THREE DIAMONDS EIGHT,0.7366,0.0446,0.2188
CLUBS FOUR HEARTS JACK,0.6564,0.0106,0.333
SPADES JACK HEARTS EIGHT,0.6998,0.0432,0.257
SPADES TEN HEARTS TWO,0.6576,0.0126,0.3298
SPADES TEN DIAMONDS QUEEN,0.2658,0.1144,0.6198
CLUBS FOUR HEARTS TEN,0.6654,0.0082,0.3264
SPADES NINE DIAMONDS EIGHT,0.69,0.0412,0.2688
SPADES JACK HEARTS TWO,0.653,0.0124,0.3346
SPADES JACK DIAMONDS QUEEN,0.2694,0.084,0.6466
SPADES TEN HEARTS EIGHT,0.6916,0.0476,0.2608
SPADES SIX DIAMONDS EIGHT,0.709,0.0428,0.2482
SPADES SEVEN DIAMONDS EIGHT,0.7,0.0464,0.2536
SPADES ACE HEARTS TWO,0.433,0.0056,0.5614
SPADES ACE DIAMONDS QUEEN,0.2738,0.0158,0.7104
SPADES ACE HEARTS EIGHT,0.2782,0.0244,0.6974
SPADES KING HEARTS EIGHT,0.2836,0.034,0.6824
SPADES KING DIAMONDS QUEEN,0.2626,0.0314,0.706
SPADES KING HEARTS TWO,0.4466,0.0084,0.545
CLUBS TWO HEARTS TEN,0.665,0.0102,0.3248
CLUBS TWO HEARTS JACK,0.6668,0.0096,0.3236
SPADES SEVEN DIAMONDS NINE,0.6302,0.0118,0.358
SPADES SIX DIAMONDS NINE,0.6338,0.0102,0.356
SPADES NINE DIAMONDS NINE,0.3334,0.0216,0.645
SPADES TEN CLUBS KING,0.3796,0.0058,0.6146
DIAMONDS NINE SPADES THREE,0.663,0.0102,0.3268
SPADES JACK CLUBS KING,0.3784,0.0086,0.613
DIAMONDS NINE SPADES TWO,0.6448,0.0134,0.3418
SPADES FIVE DIAMONDS NINE,0.6334,0.0112,0.3554
SPADES FOUR DIAMONDS NINE,0.6492,0.0126,0.3382
CLUBS NINE DIAMONDS NINE,0.3242,0.0166,0.6592
CLUBS EIGHT DIAMONDS NINE,0.6942,0.0388,0.267
CLUBS SIX DIAMONDS NINE,0.6414,0.0104,0.3482
SPADES JACK CLUBS FOUR,0.6524,0.0126,0.335
SPADES TEN CLUBS FOUR,0.6624,0.0096,0.328
CLUBS SEVEN DIAMONDS NINE,0.6278,0.0108,0.3614
CLUBS FOUR DIAMONDS NINE,0.6606,0.0106,0.3288
CLUBS FIVE DIAMONDS NINE,0.6516,0.0106,0.3378
CLUBS TWO DIAMONDS NINE,0.6554,0.011,0.3336
CLUBS THREE DIAMONDS NINE,0.6706,0.011,0.3184
DIAMONDS NINE HEARTS EIGHT,0.6962,0.0356,0.2682
DIAMONDS NINE HEARTS NINE,0.3322,0.014,0.6538
HEARTS SIX DIAMONDS NINE,0.642,0.0106,0.3474
DIAMONDS NINE HEARTS SEVEN,0.6344,0.0082,0.3574
CLUBS EIGHT CLUBS NINE,0.6516,0.0382,0.3102
DIAMONDS ACE DIAMONDS NINE,0.3814,0.0038,0.6148
HEARTS FOUR DIAMONDS NINE,0.6492,0.0136,0.3372
HEARTS FIVE DIAMONDS NINE,0.6414,0.0118,0.3468
CLUBS TWO HEARTS ACE,0.4552,0.0042,0.5406
SPADES ACE CLUBS FOUR,0.4308,0.0036,0.5656
DIAMONDS QUEEN DIAMONDS NINE,0.2582,0.1584,0.5834
HEARTS TWO DIAMONDS NINE,0.6504,0.01,0.3396
CLUBS TWO HEARTS KING,0.4504,0.0098,0.5398
SPADES KING CLUBS FOUR,0.4412,0.0084,0.5504
DIAMONDS KING DIAMONDS NINE,0.378,0.007,0.615
HEARTS THREE DIAMONDS NINE,0.6722,0.011,0.3168
CLUBS TWO HEARTS QUEEN,0.5578,0.2254,0.2168
DIAMONDS NINE DIAMONDS JACK,0.5632,0.0114,0.4254
CLUBS EIGHT SPADES NINE,0.69,0.0436,0.2664
DIAMONDS NINE DIAMONDS TEN,0.5588,0.0118,0.4294
CLUBS EIGHT SPADES SEVEN,0.6946,0.0444,0.261
CLUBS EIGHT SPADES SIX,0.6856,0.0428,0.2716
CLUBS EIGHT SPADES FIVE,0.7062,0.0432,0.2506
CLUBS EIGHT SPADES FOUR,0.7262,0.044,0.2298
CLUBS EIGHT SPADES THREE,0.7388,0.0474,0.2138
CLUBS EIGHT SPADES TWO,0.739,0.0412,0.2198
HEARTS SIX DIAMONDS TEN,0.6496,0.0074,0.343
DIAMONDS TEN HEARTS SEVEN,0.6418,0.0092,0.349
DIAMONDS TEN HEARTS EIGHT,0.702,0.0398,0.2582
CLUBS FOUR CLUBS JACK,0.6206,0.0082,0.3712
DIAMONDS TEN HEARTS NINE,0.5986,0.0084,0.393
CLUBS FOUR CLUBS TEN,0.617,0.0112,0.3718
CLUBS FOUR CLUBS KING,0.417,0.008,0.575
CLUBS FOUR CLUBS QUEEN,0.5332,0.198,0.2688
CLUBS TWO DIAMONDS TEN,0.6766,0.0094,0.314
CLUBS THREE DIAMONDS TEN,0.672,0.0096,0.3184
CLUBS FOUR CLUBS ACE,0.4028,0.0056,0.5916
DIAMONDS JACK DIAMONDS TEN,0.5466,0.008,0.4454
DIAMONDS QUEEN DIAMONDS TEN,0.261,0.1028,0.6362
HEARTS TWO DIAMONDS TEN,0.6624,0.0086,0.329
DIAMONDS KING DIAMONDS TEN,0.3606,0.008,0.6314
HEARTS THREE DIAMONDS TEN,0.6534,0.0086,0.338
DIAMONDS ACE DIAMONDS TEN,0.389,0.0034,0.6076
HEARTS FOUR DIAMONDS TEN,0.6582,0.01,0.3318
CLUBS EIGHT HEARTS JACK,0.7232,0.0384,0.2384
HEARTS FIVE DIAMONDS TEN,0.6474,0.0114,0.3412
CLUBS EIGHT HEARTS TEN,0.7008,0.0408,0.2584
CLUBS EIGHT HEARTS QUEEN,0.065,0.9126,0.0224
CLUBS EIGHT HEARTS KING,0.2984,0.0284,0.6732
CLUBS EIGHT HEARTS ACE,0.2956,0.0248,0.6796
CLUBS NINE SPADES THREE,0.6572,0.01,0.3328
CLUBS NINE SPADES TWO,0.6586,0.0116,0.3298
CLUBS NINE SPADES FIVE,0.649,0.013,0.338
CLUBS NINE SPADES FOUR,0.6498,0.013,0.3372
CLUBS NINE SPADES SEVEN,0.6266,0.0088,0.3646
CLUBS NINE SPADES SIX,0.629,0.0102,0.3608
CLUBS NINE SPADES NINE,0.3298,0.023,0.6472
CLUBS TEN HEARTS EIGHT,0.7016,0.0428,0.2556
CLUBS JACK HEARTS EIGHT,0.7172,0.0376,0.2452
CLUBS QUEEN HEARTS EIGHT,0.0672,0.9102,0.0226
CLUBS KING HEARTS EIGHT,0.3094,0.0302,0.6604
CLUBS ACE HEARTS EIGHT,0.289,0.0232,0.6878
SPADES KING CLUBS KING,0.174,0.0036,0.8224
SPADES ACE CLUBS KING,0.347,0.0042,0.6488
DIAMONDS ACE HEARTS TEN,0.4116,0.0032,0.5852
HEARTS FOUR HEARTS TEN,0.6222,0.0106,0.3672
DIAMONDS ACE HEARTS JACK,0.3988,0.0036,0.5976
HEARTS FOUR HEARTS JACK,0.6048,0.0096,0.3856
SPADES KING CLUBS FIVE,0.4346,0.0078,0.5576
SPADES ACE CLUBS FIVE,0.4258,0.004,0.5702
DIAMONDS JACK HEARTS SEVEN,0.663,0.0076,0.3294
HEARTS SIX DIAMONDS JACK,0.6514,0.0088,0.3398
DIAMONDS JACK HEARTS NINE,0.6096,0.0098,0.3806
DIAMONDS JACK HEARTS EIGHT,0.7326,0.0376,0.2298
DIAMONDS KING DIAMONDS JACK,0.3622,0.0064,0.6314
HEARTS THREE DIAMONDS JACK,0.6674,0.0108,0.3218
SPADES FOUR HEARTS ACE,0.4398,0.0056,0.5546
SPADES ACE SPADES SIX,0.405,0.0062,0.5888
DIAMONDS QUEEN DIAMONDS JACK,0.2732,0.0806,0.6462
HEARTS TWO DIAMONDS JACK,0.6616,0.0118,0.3266
HEARTS FIVE DIAMONDS JACK,0.6588,0.0086,0.3326
SPADES FOUR HEARTS QUEEN,0.5674,0.2124,0.2202
DIAMONDS ACE DIAMONDS JACK,0.3766,0.004,0.6194
HEARTS FOUR DIAMONDS JACK,0.6654,0.0088,0.3258
SPADES FOUR HEARTS KING,0.4354,0.0052,0.5594
SPADES KING SPADES SIX,0.3862,0.007,0.6068
SPADES TEN SPADES SIX,0.6414,0.0094,0.3492
SPADES JACK SPADES SIX,0.654,0.0112,0.3348
SPADES FOUR DIAMONDS JACK,0.6488,0.0102,0.341
SPADES FIVE DIAMONDS JACK,0.6464,0.0126,0.341
SPADES TWO DIAMONDS JACK,0.6568,0.0108,0.3324
SPADES THREE DIAMONDS JACK,0.6518,0.0094,0.3388
SPADES ACE DIAMONDS THREE,0.4354,0.0058,0.5588
CLUBS EIGHT DIAMONDS JACK,0.722,0.0394,0.2386
SPADES KING DIAMONDS THREE,0.45,0.0066,0.5434
CLUBS NINE DIAMONDS JACK,0.598,0.0112,0.3908
CLUBS SIX DIAMONDS JACK,0.6592,0.0072,0.3336
CLUBS SEVEN DIAMONDS JACK,0.6334,0.0116,0.355
CLUBS FOUR DIAMONDS JACK,0.6596,0.0088,0.3316
CLUBS FIVE DIAMONDS JACK,0.658,0.01,0.332
CLUBS TWO DIAMONDS JACK,0.6524,0.0096,0.338
CLUBS THREE DIAMONDS JACK,0.6692,0.0126,0.3182
SPADES JACK HEARTS SIX,0.6532,0.009,0.3378
SPADES TEN CLUBS FIVE,0.649,0.011,0.34
SPADES JACK CLUBS FIVE,0.6414,0.0104,0.3482
HEARTS SIX SPADES TEN,0.6466,0.009,0.3444
SPADES JACK DIAMONDS THREE,0.6602,0.011,0.3288
CLUBS SEVEN CLUBS ACE,0.4262,0.0034,0.5704
SPADES TEN DIAMONDS THREE,0.6454,0.0108,0.3438
CLUBS SEVEN CLUBS QUEEN,0.5414,0.2068,0.2518
CLUBS SEVEN CLUBS KING,0.4106,0.008,0.5814
SPADES NINE DIAMONDS JACK,0.6048,0.0108,0.3844
CLUBS SEVEN CLUBS TEN,0.6022,0.0094,0.3884
DIAMONDS ACE HEARTS ACE,0.1848,0.0034,0.8118
HEARTS FOUR HEARTS ACE,0.4084,0.0032,0.5884
SPADES ACE HEARTS SIX,0.42,0.0036,0.5764
CLUBS SEVEN CLUBS JACK,0.616,0.0098,0.3742
DIAMONDS ACE HEARTS KING,0.372,0.003,0.625
HEARTS FOUR HEARTS KING,0.406,0.0058,0.5882
SPADES SEVEN DIAMONDS JACK,0.6574,0.0088,0.3338
SPADES KING HEARTS SIX,0.4258,0.0086,0.5656
DIAMONDS ACE HEARTS QUEEN,0.2952,0.0128,0.692
HEARTS FOUR HEARTS QUEEN,0.5304,0.2092,0.2604
SPADES SIX DIAMONDS JACK,0.656,0.0126,0.3314
SPADES TWO DIAMONDS TEN,0.6524,0.01,0.3376
SPADES THREE DIAMONDS TEN,0.6496,0.0128,0.3376
SPADES FOUR DIAMONDS TEN,0.6408,0.0106,0.3486
SPADES FIVE DIAMONDS TEN,0.6552,0.0124,0.3324
SPADES SIX DIAMONDS TEN,0.6548,0.011,0.3342
SPADES SEVEN DIAMONDS TEN,0.6382,0.0128,0.349
SPADES NINE DIAMONDS TEN,0.5746,0.0114,0.414
CLUBS FOUR DIAMONDS TEN,0.6648,0.0094,0.3258
CLUBS FIVE DIAMONDS TEN,0.6656,0.0114,0.323
CLUBS SIX DIAMONDS TEN,0.6558,0.0128,0.3314
CLUBS SEVEN DIAMONDS TEN,0.6432,0.009,0.3478
CLUBS EIGHT DIAMONDS TEN,0.7006,0.0386,0.2608
CLUBS NINE DIAMONDS TEN,0.5902,0.0114,0.3984
DIAMONDS THREE CLUBS JACK,0.654,0.011,0.335
DIAMONDS THREE CLUBS TEN,0.6606,0.0098,0.3296
DIAMONDS THREE CLUBS KING,0.4502,0.008,0.5418
DIAMONDS THREE CLUBS QUEEN,0.5744,0.2114,0.2142
DIAMONDS THREE CLUBS ACE,0.4448,0.005,0.5502
SPADES FOUR HEARTS JACK,0.6522,0.0102,0.3376
SPADES FOUR HEARTS TEN,0.645,0.0134,0.3416
SPADES FIVE SPADES TWO,0.6516,0.0142,0.3342
SPADES FOUR SPADES TWO,0.6632,0.0104,0.3264
SPADES THREE SPADES TWO,0.6664,0.012,0.3216
SPADES NINE SPADES TWO,0.6528,0.015,0.3322
SPADES SEVEN SPADES TWO,0.683,0.0088,0.3082
SPADES SIX SPADES TWO,0.6656,0.0112,0.3232
DIAMONDS QUEEN CLUBS THREE,0.5728,0.2076,0.2196
HEARTS TWO CLUBS THREE,0.664,0.009,0.327
DIAMONDS QUEEN CLUBS TWO,0.5852,0.2038,0.211
CLUBS TWO HEARTS TWO,0.4864,0.0226,0.491
DIAMONDS QUEEN HEARTS SEVEN,0.572,0.2142,0.2138
HEARTS TWO HEARTS SEVEN,0.6476,0.01,0.3424
HEARTS SIX DIAMONDS QUEEN,0.5766,0.2126,0.2108
HEARTS SIX HEARTS TWO,0.6384,0.0142,0.3474
DIAMONDS QUEEN HEARTS NINE,0.2814,0.1524,0.5662
HEARTS TWO HEARTS NINE,0.6276,0.0106,0.3618
DIAMONDS QUEEN HEARTS EIGHT,0.0698,0.9058,0.0244
HEARTS TWO HEARTS EIGHT,0.691,0.046,0.263
CLUBS NINE HEARTS TWO,0.662,0.0084,0.3296
CLUBS NINE DIAMONDS QUEEN,0.2726,0.1602,0.5672
CLUBS EIGHT HEARTS TWO,0.7272,0.048,0.2248
CLUBS EIGHT DIAMONDS QUEEN,0.0718,0.9052,0.023
CLUBS FIVE DIAMONDS QUEEN,0.5532,0.2326,0.2142
CLUBS FIVE HEARTS TWO,0.6628,0.0138,0.3234
CLUBS FOUR DIAMONDS QUEEN,0.5702,0.205,0.2248
CLUBS FOUR HEARTS TWO,0.6602,0.0112,0.3286
CLUBS SEVEN HEARTS TWO,0.6924,0.013,0.2946
CLUBS SEVEN DIAMONDS QUEEN,0.5756,0.2104,0.214
CLUBS SIX DIAMONDS QUEEN,0.577,0.2092,0.2138
CLUBS SIX HEARTS TWO,0.6712,0.0104,0.3184
DIAMONDS QUEEN SPADES SIX,0.571,0.211,0.218
SPADES SIX HEARTS TWO,0.6782,0.0134,0.3084
HEARTS FOUR CLUBS QUEEN,0.5782,0.207,0.2148
DIAMONDS ACE CLUBS QUEEN,0.2968,0.0138,0.6894
SPADES SEVEN DIAMONDS QUEEN,0.5726,0.2164,0.211
SPADES SEVEN HEARTS TWO,0.6902,0.0146,0.2952
HEARTS FOUR CLUBS KING,0.4444,0.0066,0.549
DIAMONDS ACE CLUBS KING,0.376,0.0044,0.6196
HEARTS FOUR CLUBS ACE,0.4332,0.0044,0.5624
DIAMONDS ACE CLUBS ACE,0.1774,0.003,0.8196
SPADES NINE DIAMONDS QUEEN,0.2666,0.1642,0.5692
SPADES NINE HEARTS TWO,0.6552,0.0136,0.3312
HEARTS TWO SPADES TWO,0.4718,0.0238,0.5044
DIAMONDS QUEEN SPADES TWO,0.5506,0.2276,0.2218
HEARTS TWO SPADES THREE,0.6636,0.013,0.3234
DIAMONDS QUEEN SPADES THREE,0.5806,0.2168,0.2026
HEARTS TWO SPADES FOUR,0.6704,0.0132,0.3164
DIAMONDS QUEEN SPADES FOUR,0.5686,0.2074,0.224
HEARTS FOUR CLUBS TEN,0.645,0.0108,0.3442
DIAMONDS ACE CLUBS TEN,0.3914,0.0046,0.604
DIAMONDS QUEEN SPADES FIVE,0.562,0.2158,0.2222
HEARTS TWO SPADES FIVE,0.6482,0.0122,0.3396
HEARTS FOUR CLUBS JACK,0.6424,0.0106,0.347
DIAMONDS ACE CLUBS JACK,0.4052,0.0022,0.5926
CLUBS FIVE CLUBS KING,0.412,0.0066,0.5814
CLUBS FIVE CLUBS QUEEN,0.5302,0.2008,0.269
CLUBS FIVE CLUBS ACE,0.4254,0.0044,0.5702
CLUBS FIVE CLUBS JACK,0.6122,0.0106,0.3772
CLUBS FIVE CLUBS TEN,0.6126,0.0082,0.3792
SPADES KING CLUBS JACK,0.369,0.0082,0.6228
SPADES ACE CLUBS JACK,0.3846,0.0076,0.6078
SPADES SIX CLUBS KING,0.4348,0.0092,0.556
SPADES SIX CLUBS QUEEN,0.5714,0.216,0.2126
SPADES SIX CLUBS ACE,0.4362,0.0042,0.5596
SPADES SIX CLUBS JACK,0.6574,0.0092,0.3334
SPADES SIX CLUBS TEN,0.6518,0.0082,0.34
SPADES TEN CLUBS JACK,0.5796,0.01,0.4104
SPADES JACK CLUBS JACK,0.3154,0.0118,0.6728
SPADES KING CLUBS SEVEN,0.418,0.0074,0.5746
SPADES ACE CLUBS SEVEN,0.4204,0.0034,0.5762
SPADES SIX HEARTS TEN,0.6432,0.0102,0.3466
SPADES SIX HEARTS JACK,0.657,0.01,0.333
SPADES SIX HEARTS ACE,0.4404,0.005,0.5546
SPADES SIX HEARTS KING,0.4336,0.0096,0.5568
SPADES SIX HEARTS QUEEN,0.5806,0.2112,0.2082
SPADES JACK CLUBS SEVEN,0.6434,0.0096,0.347
SPADES TEN CLUBS SEVEN,0.6386,0.0094,0.352
HEARTS SIX CLUBS TEN,0.6536,0.0102,0.3362
HEARTS SIX CLUBS JACK,0.6698,0.0106,0.3196
CLUBS ACE CLUBS JACK,0.3876,0.0038,0.6086
HEARTS SIX CLUBS QUEEN,0.5806,0.202,0.2174
HEARTS SIX CLUBS KING,0.4488,0.0056,0.5456
HEARTS SIX CLUBS ACE,0.4404,0.0016,0.558
CLUBS QUEEN CLUBS JACK,0.2626,0.0814,0.656
CLUBS KING CLUBS JACK,0.368,0.0088,0.6232
DIAMONDS THREE HEARTS ACE,0.4486,0.0036,0.5478
DIAMONDS THREE HEARTS QUEEN,0.5688,0.2084,0.2228
DIAMONDS THREE HEARTS KING,0.4562,0.0082,0.5356
CLUBS FIVE HEARTS JACK,0.6546,0.0096,0.3358
HEARTS FOUR SPADES TEN,0.6612,0.0116,0.3272
SPADES TEN DIAMONDS ACE,0.3982,0.0048,0.597
CLUBS FIVE HEARTS TEN,0.6544,0.0084,0.3372
HEARTS FOUR SPADES JACK,0.6536,0.0122,0.3342
SPADES JACK DIAMONDS ACE,0.4038,0.0052,0.591
SPADES ACE HEARTS FOUR,0.4366,0.0064,0.557
SPADES ACE DIAMONDS ACE,0.171,0.0046,0.8244
CLUBS FIVE HEARTS ACE,0.4466,0.0046,0.5488
CLUBS FIVE HEARTS KING,0.4406,0.0088,0.5506
SPADES FOUR CLUBS JACK,0.6598,0.009,0.3312
CLUBS FIVE HEARTS QUEEN,0.5692,0.2156,0.2152
SPADES FOUR CLUBS TEN,0.6404,0.0134,0.3462
SPADES KING DIAMONDS ACE,0.3568,0.0034,0.6398
HEARTS FOUR SPADES KING,0.4308,0.0088,0.5604
DIAMONDS QUEEN DIAMONDS ACE,0.2796,0.0136,0.7068
HEARTS TWO DIAMONDS ACE,0.4556,0.0052,0.5392
HEARTS FOUR DIAMONDS QUEEN,0.5788,0.206,0.2152
HEARTS FOUR HEARTS TWO,0.6276,0.0112,0.3612
DIAMONDS THREE HEARTS TEN,0.6618,0.0096,0.3286
SPADES FOUR CLUBS KING,0.4432,0.01,0.5468
HEARTS FIVE DIAMONDS QUEEN,0.5642,0.219,0.2168
HEARTS FIVE HEARTS TWO,0.6176,0.012,0.3704
DIAMONDS THREE HEARTS JACK,0.661,0.0084,0.3306
SPADES FOUR CLUBS QUEEN,0.5696,0.2134,0.217
DIAMONDS QUEEN HEARTS TWO,0.5688,0.2166,0.2146
DIAMONDS KING DIAMONDS QUEEN,0.2624,0.0262,0.7114
DIAMONDS KING HEARTS TWO,0.4424,0.0076,0.55
HEARTS THREE DIAMONDS QUEEN,0.5696,0.2166,0.2138
HEARTS THREE HEARTS TWO,0.631,0.0104,0.3586
SPADES FOUR CLUBS ACE,0.4242,0.0044,0.5714
HEARTS TWO CLUBS ACE,0.453,0.0038,0.5432
DIAMONDS QUEEN CLUBS ACE,0.2984,0.0144,0.6872
HEARTS TWO CLUBS QUEEN,0.5714,0.2108,0.2178
DIAMONDS QUEEN CLUBS QUEEN,0.1486,0.0208,0.8306
HEARTS TWO CLUBS KING,0.4494,0.0092,0.5414
DIAMONDS QUEEN CLUBS KING,0.2728,0.028,0.6992
HEARTS TWO CLUBS TEN,0.6616,0.011,0.3274
DIAMONDS QUEEN CLUBS TEN,0.2742,0.104,0.6218
SPADES NINE SPADES FIVE,0.641,0.0098,0.3492
HEARTS TWO CLUBS JACK,0.6432,0.0134,0.3434
DIAMONDS QUEEN CLUBS JACK,0.2806,0.0856,0.6338
SPADES SIX SPADES FIVE,0.6326,0.0118,0.3556
SPADES SEVEN SPADES FIVE,0.642,0.012,0.346
DIAMONDS FIVE CLUBS QUEEN,0.5682,0.2154,0.2164
CLUBS KING DIAMONDS FIVE,0.4432,0.0078,0.549
CLUBS ACE DIAMONDS FIVE,0.4362,0.0052,0.5586
DIAMONDS FIVE CLUBS TEN,0.6574,0.0126,0.33
DIAMONDS FIVE CLUBS JACK,0.6622,0.01,0.3278
HEARTS JACK DIAMONDS TEN,0.5926,0.0082,0.3992
DIAMONDS TEN HEARTS TEN,0.3334,0.0116,0.655
SPADES ACE CLUBS NINE,0.3906,0.0056,0.6038
SPADES KING CLUBS NINE,0.3956,0.0076,0.5968
HEARTS SIX HEARTS KING,0.428,0.006,0.566
DIAMONDS KING SPADES SEVEN,0.4284,0.0082,0.5634
HEARTS THREE SPADES SEVEN,0.671,0.0112,0.3178
SPADES KING DIAMONDS SEVEN,0.4194,0.009,0.5716
HEARTS SIX HEARTS QUEEN,0.5256,0.2072,0.2672
DIAMONDS KING SPADES SIX,0.4266,0.0072,0.5662
HEARTS THREE SPADES SIX,0.6622,0.0132,0.3246
SPADES NINE DIAMONDS KING,0.3912,0.0068,0.602
HEARTS THREE SPADES NINE,0.6612,0.0136,0.3252
