opposingHand,winningChance,drawChance,lostChance
SPADES ACE DIAMONDS EIGHT
HEARTS FIVE SPADES TEN,0.65,0.0052,0.3448
HEARTS FIVE SPADES JACK,0.638,0.004,0.358
SPADES FIVE CLUBS JACK,0.6414,0.003,0.3556
CLUBS TEN SPADES FIVE,0.6376,0.0034,0.359
CLUBS EIGHT CLUBS JACK,0.6722,0.0228,0.305
CLUBS TEN CLUBS EIGHT,0.6576,0.0224,0.32
CLUBS EIGHT CLUBS KING,0.6984,0.0228,0.2788
SPADES FIVE CLUBS ACE,0.5234,0.2402,0.2364
CLUBS EIGHT CLUBS QUEEN,0.6882,0.0198,0.292
SPADES FIVE CLUBS KING,0.638,0.0024,0.3596
SPADES FIVE CLUBS QUEEN,0.6404,0.006,0.3536
CLUBS EIGHT CLUBS ACE,0.0216,0.9038,0.0746
DIAMONDS TWO DIAMONDS THREE,0.6316,0.0042,0.3642
DIAMONDS TWO DIAMONDS FIVE,0.6412,0.0044,0.3544
SPADES KING HEARTS FIVE,0.6196,0.0036,0.3768
DIAMONDS TWO DIAMONDS FOUR,0.625,0.0062,0.3688
HEARTS FIVE SPADES QUEEN,0.6378,0.0048,0.3574
DIAMONDS TWO DIAMONDS SEVEN,0.6552,0.0052,0.3396
DIAMONDS TWO DIAMONDS SIX,0.6414,0.0046,0.354
DIAMONDS TWO DIAMONDS NINE,0.6066,0.0048,0.3886
DIAMONDS THREE DIAMONDS FOUR,0.6138,0.0046,0.3816
SPADES FOUR CLUBS TWO,0.6394,0.006,0.3546
DIAMONDS THREE DIAMONDS FIVE,0.6106,0.0046,0.3848
SPADES FIVE CLUBS TWO,0.6682,0.0046,0.3272
CLUBS TWO SPADES TWO,0.4776,0.005,0.5174
CLUBS TWO SPADES THREE,0.6582,0.0056,0.3362
SPADES EIGHT CLUBS TWO,0.752,0.0324,0.2156
DIAMONDS THREE DIAMONDS NINE,0.6104,0.004,0.3856
SPADES NINE CLUBS TWO,0.6474,0.005,0.3476
DIAMONDS THREE DIAMONDS SIX,0.6228,0.0058,0.3714
SPADES SIX CLUBS TWO,0.6718,0.0044,0.3238
DIAMONDS THREE DIAMONDS SEVEN,0.6486,0.004,0.3474
SPADES SEVEN CLUBS TWO,0.6732,0.0058,0.321
CLUBS SIX CLUBS TWO,0.6272,0.0028,0.37
CLUBS SEVEN CLUBS TWO,0.6214,0.0038,0.3748
CLUBS FOUR CLUBS TWO,0.6124,0.0054,0.3822
CLUBS FIVE CLUBS TWO,0.6028,0.0022,0.395
CLUBS TEN CLUBS JACK,0.5264,0.0038,0.4698
DIAMONDS FOUR DIAMONDS SIX,0.6104,0.0048,0.3848
CLUBS TEN CLUBS QUEEN,0.5256,0.0042,0.4702
DIAMONDS FOUR DIAMONDS SEVEN,0.6284,0.0032,0.3684
CLUBS TEN CLUBS KING,0.5318,0.005,0.4632
CLUBS TEN CLUBS ACE,0.2224,0.1108,0.6668
CLUBS EIGHT CLUBS TWO,0.703,0.03,0.267
DIAMONDS FIVE DIAMONDS FOUR,0.5828,0.0058,0.4114
CLUBS NINE CLUBS TWO,0.6046,0.0046,0.3908
DIAMONDS NINE DIAMONDS FOUR,0.6064,0.0054,0.3882
CLUBS THREE CLUBS TWO,0.611,0.0052,0.3838
DIAMONDS NINE DIAMONDS FIVE,0.595,0.0054,0.3996
DIAMONDS TWO CLUBS JACK,0.6522,0.0032,0.3446
CLUBS TEN DIAMONDS TWO,0.6496,0.0038,0.3466
DIAMONDS FIVE DIAMONDS SEVEN,0.6134,0.0046,0.382
DIAMONDS FIVE DIAMONDS SIX,0.6034,0.0034,0.3932
DIAMONDS TWO CLUBS ACE,0.5142,0.2438,0.242
DIAMONDS TWO CLUBS KING,0.6386,0.0038,0.3576
DIAMONDS TWO CLUBS QUEEN,0.6534,0.0026,0.344
DIAMONDS NINE DIAMONDS SIX,0.5816,0.0032,0.4152
HEARTS ACE SPADES THREE,0.5412,0.2304,0.2284
SPADES THREE HEARTS KING,0.6466,0.0054,0.348
DIAMONDS SEVEN DIAMONDS SIX,0.602,0.0036,0.3944
SPADES THREE HEARTS QUEEN,0.652,0.0044,0.3436
SPADES THREE HEARTS JACK,0.641,0.006,0.353
SPADES THREE HEARTS TEN,0.6558,0.0042,0.34
DIAMONDS NINE DIAMONDS SEVEN,0.585,0.0042,0.4108
DIAMONDS KING HEARTS TEN,0.5736,0.0048,0.4216
HEARTS THREE HEARTS TEN,0.601,0.004,0.395
SPADES JACK CLUBS SIX,0.6506,0.0038,0.3456
DIAMONDS KING HEARTS JACK,0.567,0.0054,0.4276
HEARTS THREE HEARTS JACK,0.6008,0.0044,0.3948
SPADES TEN CLUBS SIX,0.6372,0.0018,0.361
SPADES JACK SPADES FIVE,0.6122,0.0038,0.384
SPADES TEN SPADES FIVE,0.6232,0.0064,0.3704
DIAMONDS KING HEARTS ACE,0.2372,0.0546,0.7082
HEARTS THREE HEARTS ACE,0.501,0.2172,0.2818
DIAMONDS KING HEARTS QUEEN,0.5688,0.0044,0.4268
HEARTS THREE HEARTS QUEEN,0.5916,0.005,0.4034
SPADES KING CLUBS SIX,0.6454,0.0046,0.35
DIAMONDS KING HEARTS KING,0.273,0.0032,0.7238
HEARTS THREE HEARTS KING,0.6026,0.0026,0.3948
SPADES QUEEN CLUBS SIX,0.6376,0.0042,0.3582
SPADES NINE HEARTS TEN,0.5704,0.0052,0.4244
SPADES NINE HEARTS JACK,0.5794,0.0044,0.4162
SPADES QUEEN SPADES FIVE,0.605,0.005,0.39
SPADES KING SPADES FIVE,0.6002,0.0046,0.3952
SPADES NINE HEARTS QUEEN,0.5858,0.0052,0.409
SPADES NINE HEARTS KING,0.5944,0.0042,0.4014
SPADES NINE HEARTS ACE,0.226,0.1728,0.6012
CLUBS TEN SPADES JACK,0.549,0.0048,0.4462
CLUBS TEN SPADES TEN,0.3102,0.0032,0.6866
SPADES KING CLUBS TEN,0.575,0.004,0.421
SPADES QUEEN CLUBS TEN,0.571,0.0032,0.4258
SPADES FIVE HEARTS QUEEN,0.6348,0.0028,0.3624
SPADES FIVE HEARTS KING,0.6304,0.0056,0.364
SPADES FIVE HEARTS ACE,0.5234,0.2322,0.2444
SPADES JACK HEARTS THREE,0.6528,0.0054,0.3418
SPADES JACK DIAMONDS KING,0.5772,0.0052,0.4176
SPADES TEN CLUBS EIGHT,0.7058,0.025,0.2692
SPADES JACK CLUBS EIGHT,0.7188,0.0238,0.2574
SPADES TEN HEARTS THREE,0.648,0.005,0.347
SPADES TEN DIAMONDS KING,0.5694,0.0036,0.427
CLUBS SIX HEARTS ACE,0.5492,0.2212,0.2296
HEARTS FIVE CLUBS JACK,0.6224,0.0032,0.3744
HEARTS FIVE CLUBS TEN,0.6346,0.005,0.3604
CLUBS SIX HEARTS QUEEN,0.633,0.0038,0.3632
SPADES QUEEN CLUBS EIGHT,0.7276,0.0222,0.2502
CLUBS TEN SPADES THREE,0.641,0.003,0.356
CLUBS SIX HEARTS KING,0.642,0.0042,0.3538
SPADES KING CLUBS EIGHT,0.7408,0.0272,0.232
SPADES THREE CLUBS JACK,0.6448,0.0038,0.3514
DIAMONDS TWO HEARTS JACK,0.6488,0.004,0.3472
SPADES THREE CLUBS QUEEN,0.6502,0.0046,0.3452
DIAMONDS TWO HEARTS TEN,0.6528,0.004,0.3432
SPADES THREE CLUBS KING,0.6442,0.0048,0.351
HEARTS FIVE CLUBS ACE,0.5184,0.233,0.2486
SPADES FIVE HEARTS TEN,0.6532,0.0042,0.3426
SPADES THREE CLUBS ACE,0.5452,0.2234,0.2314
HEARTS FIVE CLUBS KING,0.6328,0.004,0.3632
SPADES FIVE HEARTS JACK,0.6332,0.0046,0.3622
HEARTS FIVE CLUBS QUEEN,0.6312,0.0028,0.366
HEARTS THREE CLUBS KING,0.6522,0.0048,0.343
DIAMONDS KING CLUBS KING,0.2736,0.0036,0.7228
HEARTS THREE CLUBS QUEEN,0.6248,0.0034,0.3718
DIAMONDS KING CLUBS QUEEN,0.5596,0.0038,0.4366
HEARTS FIVE HEARTS JACK,0.5942,0.0028,0.403
HEARTS FIVE HEARTS TEN,0.5892,0.0036,0.4072
HEARTS THREE CLUBS ACE,0.5148,0.2422,0.243
DIAMONDS KING CLUBS ACE,0.2518,0.0462,0.702
SPADES KING CLUBS QUEEN,0.5804,0.0042,0.4154
HEARTS THREE CLUBS JACK,0.6296,0.0046,0.3658
DIAMONDS KING CLUBS JACK,0.5764,0.0032,0.4204
SPADES QUEEN CLUBS QUEEN,0.309,0.003,0.688
CLUBS TEN HEARTS THREE,0.6384,0.003,0.3586
CLUBS TEN DIAMONDS KING,0.5686,0.0042,0.4272
SPADES JACK CLUBS QUEEN,0.5746,0.0032,0.4222
CLUBS SIX CLUBS QUEEN,0.588,0.003,0.409
SPADES TEN CLUBS QUEEN,0.568,0.0036,0.4284
CLUBS SIX CLUBS KING,0.6,0.0042,0.3958
CLUBS SIX CLUBS ACE,0.5264,0.207,0.2666
HEARTS FIVE HEARTS KING,0.6008,0.0056,0.3936
HEARTS FIVE HEARTS QUEEN,0.5884,0.003,0.4086
CLUBS TEN CLUBS SIX,0.6018,0.004,0.3942
HEARTS FIVE HEARTS ACE,0.4954,0.2204,0.2842
CLUBS SIX CLUBS JACK,0.6076,0.0032,0.3892
SPADES SEVEN HEARTS JACK,0.637,0.0042,0.3588
SPADES SEVEN HEARTS TEN,0.6114,0.0038,0.3848
DIAMONDS TWO CLUBS TWO,0.4736,0.0038,0.5226
DIAMONDS TWO CLUBS THREE,0.6568,0.0052,0.338
DIAMONDS TWO HEARTS SIX,0.6698,0.0044,0.3258
DIAMONDS TWO HEARTS QUEEN,0.6452,0.0042,0.3506
HEARTS SEVEN DIAMONDS TWO,0.6864,0.004,0.3096
DIAMONDS TWO HEARTS KING,0.6334,0.0056,0.361
DIAMONDS TWO HEARTS EIGHT,0.7592,0.0304,0.2104
DIAMONDS TWO HEARTS ACE,0.5354,0.2264,0.2382
DIAMONDS TWO HEARTS NINE,0.659,0.0042,0.3368
DIAMONDS TWO DIAMONDS QUEEN,0.609,0.0032,0.3878
DIAMONDS TWO HEARTS TWO,0.4676,0.007,0.5254
DIAMONDS TWO DIAMONDS KING,0.6066,0.005,0.3884
DIAMONDS TWO HEARTS THREE,0.6614,0.006,0.3326
DIAMONDS TWO DIAMONDS ACE,0.4984,0.2252,0.2764
HEARTS FOUR DIAMONDS TWO,0.653,0.0046,0.3424
HEARTS FIVE DIAMONDS TWO,0.654,0.0038,0.3422
SPADES SEVEN HEARTS ACE,0.5412,0.2342,0.2246
DIAMONDS TWO DIAMONDS TEN,0.5996,0.0052,0.3952
SPADES SEVEN HEARTS KING,0.6332,0.0032,0.3636
DIAMONDS TWO DIAMONDS JACK,0.6022,0.0058,0.392
SPADES SEVEN HEARTS QUEEN,0.643,0.0032,0.3538
DIAMONDS TWO SPADES NINE,0.6496,0.0038,0.3466
DIAMONDS TWO SPADES EIGHT,0.7464,0.0362,0.2174
DIAMONDS TWO SPADES SEVEN,0.6782,0.0046,0.3172
DIAMONDS TWO SPADES SIX,0.668,0.0042,0.3278
DIAMONDS TWO SPADES FIVE,0.6544,0.0062,0.3394
DIAMONDS TWO SPADES FOUR,0.6612,0.0062,0.3326
DIAMONDS TWO SPADES THREE,0.6758,0.0042,0.32
DIAMONDS TWO SPADES TWO,0.4838,0.005,0.5112
CLUBS NINE DIAMONDS TWO,0.6558,0.004,0.3402
DIAMONDS TWO CLUBS EIGHT,0.7544,0.0334,0.2122
CLUBS SEVEN DIAMONDS TWO,0.6876,0.0042,0.3082
DIAMONDS TWO CLUBS SIX,0.6618,0.0042,0.334
DIAMONDS TWO CLUBS FIVE,0.652,0.005,0.343
DIAMONDS TWO CLUBS FOUR,0.6508,0.006,0.3432
CLUBS FOUR SPADES FIVE,0.6208,0.0056,0.3736
CLUBS FOUR SPADES FOUR,0.4742,0.0046,0.5212
CLUBS FOUR SPADES THREE,0.6604,0.005,0.3346
CLUBS FOUR SPADES TWO,0.6676,0.0058,0.3266
SPADES NINE CLUBS FOUR,0.6464,0.0046,0.349
SPADES EIGHT CLUBS FOUR,0.7308,0.0268,0.2424
SPADES SEVEN CLUBS FOUR,0.6622,0.0048,0.333
SPADES SIX CLUBS FOUR,0.6344,0.004,0.3616
SPADES QUEEN DIAMONDS SIX,0.6294,0.0072,0.3634
SPADES KING DIAMONDS SIX,0.635,0.0034,0.3616
SPADES TEN DIAMONDS SIX,0.6326,0.002,0.3654
SPADES JACK DIAMONDS SIX,0.6492,0.0034,0.3474
SPADES QUEEN SPADES TWO,0.6226,0.0052,0.3722
SPADES KING SPADES TWO,0.6054,0.0058,0.3888
DIAMONDS JACK CLUBS JACK,0.2966,0.002,0.7014
CLUBS TEN DIAMONDS JACK,0.5618,0.0034,0.4348
DIAMONDS JACK CLUBS KING,0.5824,0.0054,0.4122
DIAMONDS JACK CLUBS QUEEN,0.565,0.005,0.43
DIAMONDS THREE DIAMONDS JACK,0.5988,0.0044,0.3968
DIAMONDS THREE DIAMONDS TEN,0.602,0.0068,0.3912
DIAMONDS JACK CLUBS ACE,0.2264,0.0942,0.6794
DIAMONDS THREE DIAMONDS KING,0.6076,0.005,0.3874
DIAMONDS THREE HEARTS THREE,0.4812,0.0042,0.5146
DIAMONDS THREE DIAMONDS QUEEN,0.6152,0.0048,0.38
DIAMONDS THREE HEARTS TWO,0.6656,0.0062,0.3282
HEARTS FIVE DIAMONDS THREE,0.6504,0.0042,0.3454
DIAMONDS THREE DIAMONDS ACE,0.517,0.2208,0.2622
HEARTS FOUR DIAMONDS THREE,0.635,0.0056,0.3594
HEARTS SEVEN DIAMONDS THREE,0.661,0.0038,0.3352
SPADES TEN SPADES NINE,0.5498,0.0046,0.4456
HEARTS SIX DIAMONDS THREE,0.671,0.0028,0.3262
SPADES JACK SPADES NINE,0.5542,0.0042,0.4416
DIAMONDS THREE HEARTS NINE,0.646,0.0028,0.3512
HEARTS JACK DIAMONDS FOUR,0.648,0.0034,0.3486
HEARTS ACE HEARTS KING,0.2286,0.0464,0.725
SPADES TEN SPADES TWO,0.6176,0.005,0.3774
DIAMONDS THREE HEARTS EIGHT,0.7618,0.03,0.2082
HEARTS TEN DIAMONDS FOUR,0.6342,0.0052,0.3606
SPADES JACK SPADES TWO,0.5958,0.0044,0.3998
HEARTS QUEEN DIAMONDS FOUR,0.6412,0.0038,0.355
HEARTS KING DIAMONDS FOUR,0.6406,0.0048,0.3546
HEARTS ACE DIAMONDS FOUR,0.5196,0.2402,0.2402
SPADES KING SPADES NINE,0.569,0.0048,0.4262
SPADES QUEEN SPADES NINE,0.5582,0.0048,0.437
DIAMONDS THREE SPADES NINE,0.6572,0.0064,0.3364
DIAMONDS THREE SPADES EIGHT,0.7642,0.0308,0.205
DIAMONDS THREE SPADES SEVEN,0.6826,0.0042,0.3132
DIAMONDS THREE SPADES SIX,0.656,0.0066,0.3374
DIAMONDS THREE CLUBS SIX,0.6584,0.0048,0.3368
CLUBS FIVE CLUBS SIX,0.578,0.0042,0.4178
CLUBS ACE DIAMONDS FOUR,0.5314,0.222,0.2466
CLUBS SEVEN DIAMONDS THREE,0.6638,0.005,0.3312
CLUBS SEVEN CLUBS FIVE,0.5968,0.0038,0.3994
DIAMONDS THREE CLUBS FOUR,0.65,0.0034,0.3466
DIAMONDS FOUR CLUBS QUEEN,0.6464,0.006,0.3476
DIAMONDS THREE CLUBS FIVE,0.6346,0.0036,0.3618
CLUBS KING DIAMONDS FOUR,0.6436,0.0036,0.3528
DIAMONDS THREE CLUBS TWO,0.6622,0.0068,0.331
CLUBS TEN DIAMONDS FOUR,0.6324,0.0036,0.364
DIAMONDS THREE CLUBS THREE,0.4788,0.0052,0.516
DIAMONDS FOUR CLUBS JACK,0.6356,0.0044,0.36
DIAMONDS THREE SPADES FOUR,0.6518,0.0066,0.3416
DIAMONDS THREE SPADES FIVE,0.638,0.0062,0.3558
DIAMONDS THREE SPADES TWO,0.6676,0.0066,0.3258
DIAMONDS THREE SPADES THREE,0.4706,0.0056,0.5238
CLUBS EIGHT DIAMONDS THREE,0.7596,0.0286,0.2118
CLUBS NINE DIAMONDS THREE,0.657,0.0026,0.3404
SPADES SEVEN CLUBS ACE,0.5452,0.2328,0.222
SPADES SEVEN CLUBS QUEEN,0.6268,0.0048,0.3684
SPADES SEVEN CLUBS KING,0.634,0.005,0.361
CLUBS FIVE SPADES SEVEN,0.6352,0.0044,0.3604
CLUBS TEN SPADES SEVEN,0.616,0.0034,0.3806
CLUBS FIVE SPADES SIX,0.6276,0.0042,0.3682
SPADES SEVEN CLUBS JACK,0.6242,0.0038,0.372
SPADES NINE CLUBS FIVE,0.6404,0.0036,0.356
CLUBS FIVE SPADES EIGHT,0.7324,0.0276,0.24
CLUBS FIVE SPADES THREE,0.654,0.0062,0.3398
CLUBS FIVE SPADES TWO,0.654,0.0022,0.3438
CLUBS FIVE SPADES FIVE,0.4696,0.0054,0.525
CLUBS FIVE SPADES FOUR,0.6214,0.0032,0.3754
CLUBS NINE CLUBS FIVE,0.5976,0.004,0.3984
CLUBS EIGHT CLUBS FIVE,0.664,0.029,0.307
CLUBS ACE CLUBS QUEEN,0.2264,0.0568,0.7168
CLUBS KING CLUBS QUEEN,0.531,0.0046,0.4644
DIAMONDS TEN DIAMONDS FOUR,0.5994,0.0064,0.3942
CLUBS TEN DIAMONDS NINE,0.571,0.0026,0.4264
DIAMONDS JACK DIAMONDS FOUR,0.594,0.0052,0.4008
DIAMONDS NINE CLUBS JACK,0.5686,0.004,0.4274
SPADES NINE CLUBS JACK,0.5958,0.0048,0.3994
CLUBS TEN SPADES NINE,0.5716,0.005,0.4234
DIAMONDS ACE DIAMONDS FOUR,0.513,0.2036,0.2834
HEARTS FOUR DIAMONDS FOUR,0.4772,0.0048,0.518
DIAMONDS JACK HEARTS TEN,0.5456,0.0054,0.449
SPADES NINE CLUBS KING,0.589,0.0042,0.4068
DIAMONDS TWO SPADES TEN,0.643,0.0058,0.3512
DIAMONDS NINE CLUBS ACE,0.2212,0.1644,0.6144
HEARTS FIVE DIAMONDS FOUR,0.63,0.0056,0.3644
DIAMONDS JACK HEARTS JACK,0.303,0.0038,0.6932
SPADES NINE CLUBS QUEEN,0.582,0.0034,0.4146
SPADES JACK DIAMONDS TWO,0.654,0.0052,0.3408
DIAMONDS QUEEN DIAMONDS FOUR,0.5994,0.0046,0.396
HEARTS TWO DIAMONDS FOUR,0.6598,0.005,0.3352
DIAMONDS NINE CLUBS QUEEN,0.5892,0.0034,0.4074
DIAMONDS KING DIAMONDS FOUR,0.599,0.0062,0.3948
HEARTS THREE DIAMONDS FOUR,0.6652,0.004,0.3308
SPADES NINE CLUBS ACE,0.2332,0.183,0.5838
DIAMONDS NINE CLUBS KING,0.5962,0.0046,0.3992
HEARTS ACE DIAMONDS JACK,0.222,0.0902,0.6878
HEARTS QUEEN DIAMONDS JACK,0.5744,0.0046,0.421
SPADES QUEEN DIAMONDS TWO,0.635,0.0056,0.3594
HEARTS KING DIAMONDS JACK,0.5728,0.0064,0.4208
SPADES KING DIAMONDS TWO,0.6426,0.008,0.3494
SPADES JACK SPADES SEVEN,0.5974,0.0042,0.3984
SPADES TEN SPADES SEVEN,0.6006,0.0052,0.3942
CLUBS SEVEN CLUBS THREE,0.6174,0.004,0.3786
CLUBS SIX CLUBS THREE,0.608,0.0052,0.3868
CLUBS FIVE CLUBS THREE,0.5966,0.0044,0.399
CLUBS THREE CLUBS FOUR,0.604,0.0056,0.3904
CLUBS NINE CLUBS THREE,0.6126,0.0026,0.3848
CLUBS EIGHT CLUBS THREE,0.7096,0.0288,0.2616
CLUBS THREE SPADES FIVE,0.6292,0.0034,0.3674
CLUBS THREE SPADES FOUR,0.6462,0.0046,0.3492
CLUBS THREE SPADES THREE,0.4726,0.0044,0.523
CLUBS THREE SPADES TWO,0.669,0.0058,0.3252
CLUBS THREE SPADES SIX,0.6528,0.004,0.3432
SPADES SEVEN CLUBS THREE,0.6606,0.0036,0.3358
SPADES EIGHT CLUBS THREE,0.761,0.0248,0.2142
SPADES NINE CLUBS THREE,0.6328,0.0044,0.3628
SPADES TWO DIAMONDS FOUR,0.6574,0.0042,0.3384
SPADES THREE DIAMONDS FOUR,0.6574,0.0054,0.3372
SPADES FOUR DIAMONDS FOUR,0.4878,0.0046,0.5076
SPADES FIVE DIAMONDS FOUR,0.6256,0.0062,0.3682
SPADES SIX DIAMONDS FOUR,0.64,0.0032,0.3568
SPADES SEVEN DIAMONDS FOUR,0.6664,0.005,0.3286
SPADES EIGHT DIAMONDS FOUR,0.7528,0.0286,0.2186
SPADES NINE DIAMONDS FOUR,0.659,0.0048,0.3362
CLUBS FIVE DIAMONDS FOUR,0.6286,0.0064,0.365
CLUBS FOUR DIAMONDS FOUR,0.4534,0.004,0.5426
CLUBS SEVEN DIAMONDS FOUR,0.6584,0.0044,0.3372
CLUBS SIX DIAMONDS FOUR,0.642,0.0056,0.3524
CLUBS NINE DIAMONDS FOUR,0.6386,0.0032,0.3582
CLUBS EIGHT DIAMONDS FOUR,0.7422,0.0314,0.2264
HEARTS SEVEN DIAMONDS FOUR,0.6668,0.0054,0.3278
HEARTS SIX DIAMONDS FOUR,0.6432,0.0046,0.3522
DIAMONDS FOUR HEARTS NINE,0.6514,0.0036,0.345
DIAMONDS FOUR HEARTS EIGHT,0.7346,0.0288,0.2366
CLUBS THREE DIAMONDS FOUR,0.6476,0.0048,0.3476
CLUBS TWO DIAMONDS FOUR,0.6528,0.0058,0.3414
DIAMONDS TEN DIAMONDS FIVE,0.6022,0.0044,0.3934
DIAMONDS JACK DIAMONDS FIVE,0.6198,0.0056,0.3746
DIAMONDS NINE HEARTS QUEEN,0.5846,0.003,0.4124
DIAMONDS NINE HEARTS KING,0.5956,0.0028,0.4016
HEARTS ACE DIAMONDS NINE,0.227,0.171,0.602
DIAMONDS NINE HEARTS TEN,0.5594,0.0036,0.437
DIAMONDS NINE HEARTS JACK,0.5652,0.004,0.4308
CLUBS KING DIAMONDS SIX,0.6412,0.0048,0.354
CLUBS QUEEN DIAMONDS SIX,0.638,0.004,0.358
CLUBS ACE DIAMONDS SIX,0.549,0.235,0.216
SPADES KING DIAMONDS FOUR,0.651,0.0046,0.3444
SPADES QUEEN DIAMONDS FOUR,0.6486,0.0042,0.3472
SPADES QUEEN SPADES SEVEN,0.6228,0.0056,0.3716
CLUBS JACK DIAMONDS SIX,0.6514,0.0044,0.3442
SPADES KING SPADES SEVEN,0.5996,0.004,0.3964
CLUBS TEN DIAMONDS SIX,0.6238,0.003,0.3732
CLUBS NINE CLUBS FOUR,0.604,0.0046,0.3914
CLUBS EIGHT CLUBS FOUR,0.7032,0.0248,0.272
SPADES JACK DIAMONDS FOUR,0.6458,0.004,0.3502
SPADES TEN DIAMONDS FOUR,0.6446,0.0046,0.3508
CLUBS FIVE CLUBS FOUR,0.5676,0.005,0.4274
CLUBS SEVEN CLUBS FOUR,0.6184,0.0046,0.377
CLUBS SIX CLUBS FOUR,0.6004,0.0038,0.3958
CLUBS SEVEN SPADES EIGHT,0.6968,0.0224,0.2808
CLUBS SEVEN SPADES NINE,0.6114,0.006,0.3826
CLUBS SEVEN SPADES SIX,0.6322,0.0042,0.3636
CLUBS SEVEN SPADES SEVEN,0.444,0.0022,0.5538
CLUBS SEVEN SPADES FIVE,0.6298,0.0026,0.3676
CLUBS SEVEN SPADES FOUR,0.6542,0.0034,0.3424
CLUBS SEVEN SPADES THREE,0.6678,0.0048,0.3274
CLUBS SEVEN SPADES TWO,0.683,0.0056,0.3114
CLUBS NINE CLUBS SEVEN,0.5856,0.0034,0.411
CLUBS SEVEN CLUBS EIGHT,0.6474,0.0212,0.3314
HEARTS SIX DIAMONDS FIVE,0.6212,0.0048,0.374
HEARTS SEVEN DIAMONDS FIVE,0.6392,0.0056,0.3552
DIAMONDS FIVE HEARTS EIGHT,0.7204,0.0274,0.2522
DIAMONDS FIVE HEARTS NINE,0.6422,0.0046,0.3532
DIAMONDS QUEEN DIAMONDS FIVE,0.6182,0.0038,0.378
HEARTS TWO DIAMONDS FIVE,0.6476,0.0046,0.3478
HEARTS KING HEARTS EIGHT,0.6948,0.0242,0.281
DIAMONDS KING DIAMONDS FIVE,0.6012,0.0052,0.3936
HEARTS THREE DIAMONDS FIVE,0.6316,0.0062,0.3622
HEARTS QUEEN HEARTS EIGHT,0.6692,0.025,0.3058
DIAMONDS ACE DIAMONDS FIVE,0.512,0.2222,0.2658
HEARTS FOUR DIAMONDS FIVE,0.6128,0.0048,0.3824
HEARTS FIVE DIAMONDS FIVE,0.4692,0.004,0.5268
HEARTS ACE HEARTS EIGHT,0.022,0.904,0.074
CLUBS FOUR DIAMONDS FIVE,0.6092,0.005,0.3858
CLUBS FIVE DIAMONDS FIVE,0.4716,0.0042,0.5242
CLUBS SIX DIAMONDS FIVE,0.6102,0.004,0.3858
CLUBS SEVEN DIAMONDS FIVE,0.634,0.0034,0.3626
CLUBS TWO DIAMONDS FIVE,0.6406,0.004,0.3554
CLUBS THREE DIAMONDS FIVE,0.622,0.0068,0.3712
SPADES THREE DIAMONDS FIVE,0.6398,0.0062,0.354
SPADES TWO DIAMONDS FIVE,0.65,0.0048,0.3452
SPADES FIVE DIAMONDS FIVE,0.4532,0.0058,0.541
CLUBS TEN HEARTS JACK,0.5632,0.0032,0.4336
SPADES FOUR DIAMONDS FIVE,0.6334,0.004,0.3626
HEARTS JACK CLUBS JACK,0.3196,0.0014,0.679
HEARTS JACK CLUBS QUEEN,0.5628,0.0024,0.4348
CLUBS NINE DIAMONDS FIVE,0.6372,0.0054,0.3574
CLUBS KING HEARTS JACK,0.5714,0.003,0.4256
CLUBS EIGHT DIAMONDS FIVE,0.735,0.0274,0.2376
CLUBS ACE HEARTS JACK,0.234,0.0932,0.6728
SPADES SEVEN DIAMONDS FIVE,0.6496,0.0048,0.3456
SPADES SIX DIAMONDS FIVE,0.6344,0.0062,0.3594
SPADES NINE DIAMONDS FIVE,0.6502,0.009,0.3408
SPADES EIGHT DIAMONDS FIVE,0.7256,0.0336,0.2408
DIAMONDS TEN DIAMONDS SIX,0.6088,0.0042,0.387
HEARTS ACE DIAMONDS SEVEN,0.5548,0.234,0.2112
DIAMONDS JACK DIAMONDS SIX,0.6044,0.0048,0.3908
HEARTS QUEEN DIAMONDS SEVEN,0.6512,0.0038,0.345
HEARTS KING DIAMONDS SEVEN,0.6424,0.0042,0.3534
DIAMONDS ACE DIAMONDS SIX,0.5284,0.2162,0.2554
HEARTS FOUR DIAMONDS SIX,0.6434,0.003,0.3536
SPADES TWO HEARTS JACK,0.6398,0.0042,0.356
HEARTS FIVE DIAMONDS SIX,0.6276,0.006,0.3664
SPADES TWO HEARTS TEN,0.656,0.0058,0.3382
DIAMONDS QUEEN DIAMONDS SIX,0.6042,0.0044,0.3914
HEARTS TWO DIAMONDS SIX,0.6628,0.0054,0.3318
DIAMONDS KING DIAMONDS SIX,0.603,0.0052,0.3918
HEARTS THREE DIAMONDS SIX,0.6578,0.0058,0.3364
HEARTS EIGHT DIAMONDS SIX,0.7158,0.025,0.2592
HEARTS NINE DIAMONDS SIX,0.623,0.0036,0.3734
HEARTS SIX DIAMONDS SIX,0.4564,0.0032,0.5404
HEARTS SEVEN DIAMONDS SIX,0.6318,0.0028,0.3654
HEARTS TEN DIAMONDS SEVEN,0.6212,0.003,0.3758
CLUBS TWO DIAMONDS SIX,0.6684,0.0056,0.326
HEARTS JACK DIAMONDS SEVEN,0.6338,0.004,0.3622
CLUBS THREE DIAMONDS SIX,0.654,0.0046,0.3414
CLUBS SEVEN DIAMONDS SIX,0.6356,0.0026,0.3618
CLUBS SIX DIAMONDS SIX,0.4606,0.0028,0.5366
CLUBS FIVE DIAMONDS SIX,0.6282,0.0026,0.3692
CLUBS FOUR DIAMONDS SIX,0.6458,0.005,0.3492
HEARTS ACE HEARTS JACK,0.2288,0.088,0.6832
HEARTS QUEEN HEARTS JACK,0.5282,0.0052,0.4666
CLUBS NINE DIAMONDS SIX,0.6122,0.0034,0.3844
HEARTS KING HEARTS JACK,0.535,0.0032,0.4618
CLUBS EIGHT DIAMONDS SIX,0.7062,0.0284,0.2654
SPADES TEN HEARTS KING,0.5856,0.0036,0.4108
SPADES FIVE DIAMONDS SIX,0.6492,0.005,0.3458
HEARTS ACE SPADES TWO,0.5276,0.2346,0.2378
SPADES JACK HEARTS KING,0.584,0.004,0.412
SPADES FOUR DIAMONDS SIX,0.6414,0.0048,0.3538
SPADES THREE DIAMONDS SIX,0.6656,0.0042,0.3302
HEARTS QUEEN SPADES TWO,0.6424,0.0038,0.3538
SPADES TWO HEARTS KING,0.6446,0.004,0.3514
SPADES TWO DIAMONDS SIX,0.6644,0.0058,0.3298
HEARTS TEN HEARTS EIGHT,0.655,0.023,0.322
SPADES NINE DIAMONDS SIX,0.6312,0.0056,0.3632
HEARTS JACK HEARTS EIGHT,0.6668,0.0224,0.3108
SPADES EIGHT DIAMONDS SIX,0.716,0.0302,0.2538
SPADES SEVEN DIAMONDS SIX,0.629,0.0034,0.3676
SPADES SIX DIAMONDS SIX,0.4726,0.0048,0.5226
SPADES KING HEARTS KING,0.2932,0.0042,0.7026
SPADES QUEEN HEARTS KING,0.5662,0.0046,0.4292
CLUBS ACE CLUBS KING,0.242,0.0452,0.7128
SPADES QUEEN HEARTS JACK,0.573,0.0042,0.4228
SPADES KING HEARTS JACK,0.5742,0.0034,0.4224
SPADES TEN DIAMONDS TEN,0.3054,0.0046,0.69
SPADES JACK DIAMONDS TEN,0.561,0.0064,0.4326
SPADES JACK HEARTS JACK,0.3124,0.0032,0.6844
SPADES TEN HEARTS JACK,0.5662,0.0046,0.4292
SPADES QUEEN DIAMONDS TEN,0.5752,0.0056,0.4192
SPADES KING DIAMONDS TEN,0.5748,0.0044,0.4208
SPADES NINE DIAMONDS SEVEN,0.6228,0.0046,0.3726
SPADES EIGHT DIAMONDS SEVEN,0.6936,0.029,0.2774
SPADES SEVEN DIAMONDS SEVEN,0.4586,0.0038,0.5376
SPADES SIX DIAMONDS SEVEN,0.6448,0.0056,0.3496
DIAMONDS KING DIAMONDS SEVEN,0.6018,0.004,0.3942
HEARTS THREE DIAMONDS SEVEN,0.6684,0.004,0.3276
HEARTS KING DIAMONDS FIVE,0.6392,0.0044,0.3564
DIAMONDS QUEEN DIAMONDS SEVEN,0.6098,0.003,0.3872
HEARTS TWO DIAMONDS SEVEN,0.6752,0.0072,0.3176
HEARTS QUEEN DIAMONDS FIVE,0.64,0.0038,0.3562
HEARTS FIVE DIAMONDS SEVEN,0.6224,0.0046,0.373
DIAMONDS ACE DIAMONDS SEVEN,0.5204,0.2092,0.2704
HEARTS FOUR DIAMONDS SEVEN,0.6484,0.0028,0.3488
HEARTS ACE DIAMONDS FIVE,0.519,0.2328,0.2482
HEARTS SEVEN DIAMONDS SEVEN,0.4706,0.004,0.5254
HEARTS SIX DIAMONDS SEVEN,0.637,0.0036,0.3594
DIAMONDS SEVEN HEARTS NINE,0.6192,0.003,0.3778
HEARTS EIGHT DIAMONDS SEVEN,0.6834,0.0296,0.287
DIAMONDS JACK DIAMONDS SEVEN,0.6102,0.0032,0.3866
DIAMONDS FIVE HEARTS JACK,0.6322,0.0052,0.3626
DIAMONDS TEN DIAMONDS SEVEN,0.584,0.005,0.411
HEARTS TEN DIAMONDS FIVE,0.6434,0.0052,0.3514
SPADES KING CLUBS TWO,0.6352,0.0048,0.36
HEARTS KING CLUBS KING,0.2894,0.0026,0.708
CLUBS EIGHT DIAMONDS SEVEN,0.6934,0.0266,0.28
SPADES QUEEN CLUBS TWO,0.6502,0.0054,0.3444
HEARTS KING CLUBS QUEEN,0.5692,0.0038,0.427
CLUBS NINE DIAMONDS SEVEN,0.6294,0.0026,0.368
SPADES TWO CLUBS JACK,0.6336,0.0042,0.3622
CLUBS TEN SPADES TWO,0.6438,0.0052,0.351
HEARTS KING CLUBS ACE,0.2564,0.0486,0.695
CLUBS SEVEN CLUBS SIX,0.586,0.0032,0.4108
SPADES TWO CLUBS KING,0.6318,0.006,0.3622
SPADES TWO DIAMONDS SEVEN,0.687,0.0064,0.3066
CLUBS EIGHT CLUBS SIX,0.671,0.025,0.304
SPADES THREE DIAMONDS SEVEN,0.6686,0.0068,0.3246
SPADES TWO CLUBS QUEEN,0.6482,0.005,0.3468
CLUBS NINE CLUBS SIX,0.576,0.0048,0.4192
SPADES FOUR DIAMONDS SEVEN,0.6526,0.003,0.3444
HEARTS KING CLUBS JACK,0.5682,0.0036,0.4282
SPADES FIVE DIAMONDS SEVEN,0.6488,0.0058,0.3454
SPADES TWO CLUBS ACE,0.5248,0.2322,0.243
CLUBS TEN HEARTS KING,0.5798,0.003,0.4172
CLUBS SIX SPADES TWO,0.6744,0.0046,0.321
CLUBS SIX SPADES THREE,0.669,0.0052,0.3258
CLUBS TWO DIAMONDS SEVEN,0.6782,0.0044,0.3174
CLUBS SIX SPADES FOUR,0.64,0.0054,0.3546
CLUBS THREE DIAMONDS SEVEN,0.6718,0.0048,0.3234
CLUBS SIX SPADES FIVE,0.6224,0.004,0.3736
CLUBS FOUR DIAMONDS SEVEN,0.6496,0.0026,0.3478
CLUBS SIX SPADES SIX,0.457,0.0032,0.5398
CLUBS FIVE DIAMONDS SEVEN,0.6384,0.0034,0.3582
CLUBS SIX SPADES SEVEN,0.634,0.0022,0.3638
CLUBS SIX DIAMONDS SEVEN,0.6234,0.006,0.3706
SPADES EIGHT CLUBS SIX,0.7098,0.0248,0.2654
SPADES JACK CLUBS TWO,0.6364,0.0038,0.3598
CLUBS SEVEN DIAMONDS SEVEN,0.4386,0.0034,0.558
SPADES NINE CLUBS SIX,0.6374,0.004,0.3586
SPADES TEN CLUBS TWO,0.6456,0.004,0.3504
CLUBS TWO CLUBS QUEEN,0.5908,0.0062,0.403
CLUBS TWO CLUBS KING,0.5852,0.0054,0.4094
CLUBS TWO CLUBS ACE,0.4916,0.2222,0.2862
CLUBS TEN CLUBS TWO,0.5994,0.0054,0.3952
CLUBS TWO CLUBS JACK,0.601,0.0032,0.3958
SPADES QUEEN SPADES THREE,0.6074,0.0042,0.3884
SPADES KING SPADES THREE,0.6156,0.0062,0.3782
SPADES JACK SPADES THREE,0.609,0.0032,0.3878
SPADES TEN SPADES THREE,0.6186,0.005,0.3764
CLUBS FOUR HEARTS ACE,0.5344,0.2192,0.2464
CLUBS FOUR HEARTS QUEEN,0.6346,0.0042,0.3612
CLUBS FOUR HEARTS KING,0.6414,0.0016,0.357
CLUBS SIX HEARTS TEN,0.6322,0.0046,0.3632
CLUBS SIX HEARTS JACK,0.6412,0.0036,0.3552
CLUBS FOUR HEARTS JACK,0.629,0.005,0.366
SPADES JACK HEARTS EIGHT,0.7056,0.0256,0.2688
SPADES TEN HEARTS TWO,0.634,0.0036,0.3624
SPADES TEN DIAMONDS QUEEN,0.5674,0.0036,0.429
CLUBS FOUR HEARTS TEN,0.643,0.0034,0.3536
SPADES JACK HEARTS TWO,0.6358,0.005,0.3592
SPADES JACK DIAMONDS QUEEN,0.553,0.0048,0.4422
SPADES TEN HEARTS EIGHT,0.6984,0.0208,0.2808
SPADES QUEEN DIAMONDS QUEEN,0.2824,0.0062,0.7114
SPADES QUEEN HEARTS TWO,0.6572,0.005,0.3378
SPADES KING HEARTS EIGHT,0.7566,0.022,0.2214
SPADES QUEEN HEARTS EIGHT,0.729,0.0226,0.2484
SPADES KING HEARTS TWO,0.6228,0.0066,0.3706
SPADES KING DIAMONDS QUEEN,0.5808,0.0044,0.4148
CLUBS TWO HEARTS TEN,0.6406,0.0028,0.3566
CLUBS TWO HEARTS JACK,0.6414,0.0058,0.3528
SPADES SEVEN DIAMONDS NINE,0.6214,0.005,0.3736
SPADES SIX DIAMONDS NINE,0.6128,0.0046,0.3826
SPADES NINE DIAMONDS NINE,0.3324,0.0052,0.6624
SPADES EIGHT DIAMONDS NINE,0.6994,0.0258,0.2748
SPADES TEN CLUBS KING,0.5722,0.004,0.4238
DIAMONDS NINE SPADES THREE,0.6494,0.0048,0.3458
SPADES JACK CLUBS KING,0.5846,0.0046,0.4108
DIAMONDS NINE SPADES TWO,0.6446,0.0056,0.3498
SPADES FIVE DIAMONDS NINE,0.6342,0.0048,0.361
SPADES FOUR DIAMONDS NINE,0.648,0.004,0.348
CLUBS NINE DIAMONDS NINE,0.3328,0.0026,0.6646
CLUBS EIGHT DIAMONDS NINE,0.6894,0.0252,0.2854
CLUBS SIX DIAMONDS NINE,0.6332,0.0036,0.3632
SPADES JACK CLUBS FOUR,0.649,0.004,0.347
CLUBS SEVEN DIAMONDS NINE,0.6076,0.003,0.3894
SPADES TEN CLUBS FOUR,0.6258,0.0044,0.3698
CLUBS FOUR DIAMONDS NINE,0.6414,0.0058,0.3528
CLUBS FIVE DIAMONDS NINE,0.6318,0.0026,0.3656
CLUBS TWO DIAMONDS NINE,0.6388,0.0038,0.3574
CLUBS THREE DIAMONDS NINE,0.6406,0.006,0.3534
DIAMONDS NINE HEARTS EIGHT,0.6916,0.0204,0.288
DIAMONDS NINE HEARTS NINE,0.3226,0.0046,0.6728
HEARTS SIX DIAMONDS NINE,0.616,0.0036,0.3804
HEARTS SEVEN DIAMONDS NINE,0.6082,0.006,0.3858
CLUBS NINE CLUBS EIGHT,0.6588,0.0232,0.318
DIAMONDS ACE DIAMONDS NINE,0.209,0.1686,0.6224
HEARTS FOUR DIAMONDS NINE,0.6356,0.005,0.3594
HEARTS FIVE DIAMONDS NINE,0.6312,0.0046,0.3642
HEARTS ACE CLUBS TWO,0.52,0.2344,0.2456
DIAMONDS NINE DIAMONDS QUEEN,0.5544,0.0052,0.4404
HEARTS TWO DIAMONDS NINE,0.6398,0.0038,0.3564
CLUBS TWO HEARTS KING,0.6366,0.0042,0.3592
SPADES KING CLUBS FOUR,0.6336,0.0046,0.3618
DIAMONDS KING DIAMONDS NINE,0.5456,0.0074,0.447
HEARTS THREE DIAMONDS NINE,0.6372,0.004,0.3588
CLUBS TWO HEARTS QUEEN,0.639,0.0042,0.3568
SPADES QUEEN CLUBS FOUR,0.6326,0.0056,0.3618
DIAMONDS NINE DIAMONDS JACK,0.539,0.0054,0.4556
CLUBS EIGHT SPADES NINE,0.6852,0.022,0.2928
DIAMONDS TEN DIAMONDS NINE,0.539,0.0068,0.4542
CLUBS EIGHT SPADES EIGHT,0.3164,0.0222,0.6614
CLUBS EIGHT SPADES SEVEN,0.6928,0.032,0.2752
CLUBS EIGHT SPADES SIX,0.7122,0.0276,0.2602
CLUBS EIGHT SPADES FIVE,0.7332,0.0254,0.2414
CLUBS EIGHT SPADES FOUR,0.7432,0.0252,0.2316
CLUBS EIGHT SPADES THREE,0.7502,0.0306,0.2192
CLUBS EIGHT SPADES TWO,0.745,0.0348,0.2202
HEARTS SIX DIAMONDS TEN,0.6252,0.0026,0.3722
HEARTS SEVEN DIAMONDS TEN,0.6186,0.0026,0.3788
DIAMONDS TEN HEARTS EIGHT,0.6902,0.0216,0.2882
CLUBS FOUR CLUBS JACK,0.5916,0.0054,0.403
DIAMONDS TEN HEARTS NINE,0.563,0.0036,0.4334
CLUBS TEN CLUBS FOUR,0.5918,0.0046,0.4036
CLUBS FOUR CLUBS KING,0.591,0.0036,0.4054
CLUBS FOUR CLUBS QUEEN,0.588,0.0052,0.4068
DIAMONDS TEN CLUBS TWO,0.6496,0.0052,0.3452
CLUBS THREE DIAMONDS TEN,0.635,0.0064,0.3586
CLUBS FOUR CLUBS ACE,0.4988,0.2078,0.2934
DIAMONDS TEN DIAMONDS JACK,0.527,0.004,0.469
DIAMONDS TEN DIAMONDS QUEEN,0.5304,0.0052,0.4644
HEARTS TWO DIAMONDS TEN,0.6416,0.003,0.3554
DIAMONDS KING DIAMONDS TEN,0.5488,0.0056,0.4456
HEARTS THREE DIAMONDS TEN,0.6316,0.0054,0.363
DIAMONDS ACE DIAMONDS TEN,0.2256,0.1112,0.6632
HEARTS FOUR DIAMONDS TEN,0.6508,0.0034,0.3458
CLUBS EIGHT HEARTS JACK,0.704,0.0244,0.2716
HEARTS FIVE DIAMONDS TEN,0.6398,0.0034,0.3568
CLUBS EIGHT HEARTS TEN,0.6926,0.0216,0.2858
CLUBS EIGHT HEARTS QUEEN,0.7214,0.0268,0.2518
CLUBS EIGHT HEARTS KING,0.7446,0.024,0.2314
CLUBS EIGHT HEARTS ACE,0.0248,0.9548,0.0204
CLUBS NINE SPADES THREE,0.6498,0.0054,0.3448
CLUBS NINE SPADES TWO,0.6554,0.004,0.3406
CLUBS NINE SPADES FIVE,0.6362,0.0044,0.3594
CLUBS NINE SPADES FOUR,0.636,0.0038,0.3602
CLUBS NINE SPADES SEVEN,0.615,0.0036,0.3814
CLUBS NINE SPADES SIX,0.64,0.0032,0.3568
CLUBS NINE SPADES NINE,0.3322,0.0032,0.6646
CLUBS TEN HEARTS EIGHT,0.6924,0.023,0.2846
CLUBS NINE SPADES EIGHT,0.6938,0.0222,0.284
HEARTS EIGHT CLUBS JACK,0.7084,0.0214,0.2702
CLUBS QUEEN HEARTS EIGHT,0.7286,0.0256,0.2458
CLUBS KING HEARTS EIGHT,0.7514,0.0218,0.2268
CLUBS ACE HEARTS EIGHT,0.0208,0.9606,0.0186
SPADES KING CLUBS KING,0.2848,0.0036,0.7116
SPADES QUEEN CLUBS KING,0.5852,0.0038,0.411
DIAMONDS ACE HEARTS TEN,0.2196,0.1206,0.6598
HEARTS FOUR HEARTS TEN,0.5976,0.0034,0.399
DIAMONDS ACE HEARTS JACK,0.2332,0.0852,0.6816
HEARTS FOUR HEARTS JACK,0.5902,0.0056,0.4042
SPADES KING CLUBS FIVE,0.633,0.004,0.363
SPADES QUEEN CLUBS FIVE,0.6434,0.0026,0.354
HEARTS SEVEN DIAMONDS JACK,0.6242,0.0038,0.372
HEARTS SIX DIAMONDS JACK,0.639,0.0036,0.3574
DIAMONDS JACK HEARTS NINE,0.5744,0.0064,0.4192
DIAMONDS JACK HEARTS EIGHT,0.716,0.0208,0.2632
DIAMONDS KING DIAMONDS JACK,0.5434,0.0052,0.4514
HEARTS THREE DIAMONDS JACK,0.639,0.0038,0.3572
HEARTS ACE SPADES FOUR,0.5186,0.2298,0.2516
DIAMONDS QUEEN DIAMONDS JACK,0.5428,0.0056,0.4516
HEARTS TWO DIAMONDS JACK,0.635,0.0044,0.3606
HEARTS FIVE DIAMONDS JACK,0.6322,0.0052,0.3626
SPADES QUEEN SPADES SIX,0.6088,0.0048,0.3864
SPADES FOUR HEARTS QUEEN,0.644,0.0044,0.3516
DIAMONDS ACE DIAMONDS JACK,0.2234,0.0902,0.6864
HEARTS FOUR DIAMONDS JACK,0.631,0.005,0.364
SPADES KING SPADES SIX,0.6034,0.004,0.3926
SPADES FOUR HEARTS KING,0.6362,0.0056,0.3582
SPADES TEN SPADES SIX,0.6118,0.004,0.3842
SPADES JACK SPADES SIX,0.6156,0.0046,0.3798
SPADES FOUR DIAMONDS JACK,0.6414,0.0058,0.3528
SPADES FIVE DIAMONDS JACK,0.637,0.0062,0.3568
SPADES TWO DIAMONDS JACK,0.6402,0.0066,0.3532
SPADES THREE DIAMONDS JACK,0.646,0.005,0.349
SPADES QUEEN DIAMONDS THREE,0.6364,0.004,0.3596
CLUBS EIGHT DIAMONDS JACK,0.7106,0.0228,0.2666
SPADES KING DIAMONDS THREE,0.654,0.0064,0.3396
CLUBS NINE DIAMONDS JACK,0.5626,0.0048,0.4326
CLUBS SIX DIAMONDS JACK,0.628,0.005,0.367
CLUBS SEVEN DIAMONDS JACK,0.6346,0.0028,0.3626
CLUBS FOUR DIAMONDS JACK,0.6264,0.0036,0.37
CLUBS FIVE DIAMONDS JACK,0.6138,0.0038,0.3824
CLUBS TWO DIAMONDS JACK,0.6426,0.0056,0.3518
CLUBS THREE DIAMONDS JACK,0.637,0.0054,0.3576
SPADES JACK HEARTS SIX,0.6514,0.003,0.3456
SPADES TEN CLUBS FIVE,0.6374,0.0046,0.358
SPADES JACK CLUBS FIVE,0.6412,0.0032,0.3556
SPADES TEN HEARTS SIX,0.6414,0.0058,0.3528
SPADES JACK DIAMONDS THREE,0.6364,0.0068,0.3568
CLUBS SEVEN CLUBS ACE,0.5058,0.214,0.2802
SPADES TEN DIAMONDS THREE,0.6568,0.0056,0.3376
CLUBS SEVEN CLUBS QUEEN,0.588,0.0032,0.4088
CLUBS SEVEN CLUBS KING,0.5936,0.0032,0.4032
SPADES NINE DIAMONDS JACK,0.5804,0.0042,0.4154
CLUBS TEN CLUBS SEVEN,0.5832,0.0028,0.414
DIAMONDS ACE HEARTS ACE,0.0558,0.0108,0.9334
HEARTS FOUR HEARTS ACE,0.4932,0.2136,0.2932
SPADES EIGHT DIAMONDS JACK,0.713,0.0246,0.2624
CLUBS SEVEN CLUBS JACK,0.598,0.002,0.4
DIAMONDS ACE HEARTS KING,0.2534,0.0492,0.6974
HEARTS FOUR HEARTS KING,0.5864,0.0034,0.4102
SPADES SEVEN DIAMONDS JACK,0.6404,0.0044,0.3552
SPADES KING HEARTS SIX,0.6286,0.004,0.3674
DIAMONDS ACE HEARTS QUEEN,0.2404,0.068,0.6916
HEARTS FOUR HEARTS QUEEN,0.5896,0.0044,0.406
SPADES SIX DIAMONDS JACK,0.6446,0.007,0.3484
SPADES QUEEN HEARTS SIX,0.6318,0.0052,0.363
DIAMONDS TEN SPADES TWO,0.6464,0.0058,0.3478
DIAMONDS TEN SPADES THREE,0.629,0.0046,0.3664
DIAMONDS TEN SPADES FOUR,0.6498,0.005,0.3452
SPADES FIVE DIAMONDS TEN,0.6458,0.0036,0.3506
SPADES SIX DIAMONDS TEN,0.6314,0.0044,0.3642
SPADES SEVEN DIAMONDS TEN,0.6322,0.0052,0.3626
SPADES EIGHT DIAMONDS TEN,0.7018,0.0246,0.2736
SPADES NINE DIAMONDS TEN,0.5726,0.0062,0.4212
CLUBS FOUR DIAMONDS TEN,0.6422,0.005,0.3528
CLUBS FIVE DIAMONDS TEN,0.6394,0.0028,0.3578
CLUBS SIX DIAMONDS TEN,0.6188,0.004,0.3772
CLUBS SEVEN DIAMONDS TEN,0.6086,0.0038,0.3876
CLUBS EIGHT DIAMONDS TEN,0.6876,0.0212,0.2912
CLUBS NINE DIAMONDS TEN,0.5584,0.0036,0.438
DIAMONDS THREE CLUBS JACK,0.657,0.0024,0.3406
CLUBS TEN DIAMONDS THREE,0.645,0.0042,0.3508
DIAMONDS THREE CLUBS KING,0.6304,0.0062,0.3634
DIAMONDS THREE CLUBS QUEEN,0.6384,0.0052,0.3564
DIAMONDS THREE CLUBS ACE,0.531,0.2426,0.2264
SPADES FOUR HEARTS JACK,0.6472,0.0048,0.348
SPADES FOUR HEARTS TEN,0.6428,0.0036,0.3536
SPADES FIVE SPADES TWO,0.6234,0.0044,0.3722
SPADES FOUR SPADES TWO,0.6248,0.0056,0.3696
SPADES THREE SPADES TWO,0.63,0.0066,0.3634
SPADES NINE SPADES TWO,0.6194,0.004,0.3766
SPADES EIGHT SPADES TWO,0.7102,0.0248,0.265
SPADES SEVEN SPADES TWO,0.6548,0.0058,0.3394
SPADES SIX SPADES TWO,0.6446,0.0024,0.353
CLUBS THREE DIAMONDS QUEEN,0.638,0.0038,0.3582
CLUBS THREE HEARTS TWO,0.6386,0.0054,0.356
CLUBS TWO DIAMONDS QUEEN,0.6312,0.0064,0.3624
HEARTS TWO CLUBS TWO,0.4706,0.0054,0.524
HEARTS SEVEN DIAMONDS QUEEN,0.6278,0.0032,0.369
HEARTS SEVEN HEARTS TWO,0.633,0.0034,0.3636
HEARTS SIX DIAMONDS QUEEN,0.6276,0.0054,0.367
HEARTS SIX HEARTS TWO,0.6336,0.0052,0.3612
DIAMONDS QUEEN HEARTS NINE,0.5838,0.0048,0.4114
HEARTS TWO HEARTS NINE,0.6042,0.0038,0.392
DIAMONDS QUEEN HEARTS EIGHT,0.7192,0.025,0.2558
HEARTS TWO HEARTS EIGHT,0.706,0.0296,0.2644
CLUBS NINE HEARTS TWO,0.6376,0.0048,0.3576
CLUBS NINE DIAMONDS QUEEN,0.5884,0.004,0.4076
CLUBS EIGHT HEARTS TWO,0.7398,0.0304,0.2298
CLUBS EIGHT DIAMONDS QUEEN,0.7278,0.0252,0.247
CLUBS FIVE DIAMONDS QUEEN,0.624,0.0058,0.3702
CLUBS FIVE HEARTS TWO,0.6378,0.0052,0.357
SPADES EIGHT HEARTS ACE,0.023,0.9652,0.0118
CLUBS FOUR DIAMONDS QUEEN,0.6402,0.0056,0.3542
CLUBS FOUR HEARTS TWO,0.6464,0.0044,0.3492
CLUBS SEVEN DIAMONDS QUEEN,0.6402,0.005,0.3548
CLUBS SEVEN HEARTS TWO,0.6832,0.0052,0.3116
SPADES EIGHT HEARTS QUEEN,0.7396,0.025,0.2354
CLUBS SIX DIAMONDS QUEEN,0.6398,0.0034,0.3568
CLUBS SIX HEARTS TWO,0.664,0.0034,0.3326
SPADES EIGHT HEARTS KING,0.7518,0.026,0.2222
SPADES SIX DIAMONDS QUEEN,0.6326,0.0048,0.3626
SPADES SIX HEARTS TWO,0.6644,0.0036,0.332
HEARTS FOUR CLUBS QUEEN,0.645,0.0038,0.3512
DIAMONDS ACE CLUBS QUEEN,0.2488,0.0688,0.6824
SPADES SEVEN DIAMONDS QUEEN,0.6398,0.0046,0.3556
SPADES SEVEN HEARTS TWO,0.663,0.0034,0.3336
HEARTS FOUR CLUBS KING,0.65,0.0046,0.3454
DIAMONDS ACE CLUBS KING,0.2392,0.0512,0.7096
SPADES EIGHT DIAMONDS QUEEN,0.734,0.0218,0.2442
SPADES EIGHT HEARTS TWO,0.7522,0.03,0.2178
HEARTS FOUR CLUBS ACE,0.54,0.217,0.243
DIAMONDS ACE CLUBS ACE,0.0538,0.012,0.9342
SPADES NINE DIAMONDS QUEEN,0.5784,0.0062,0.4154
SPADES NINE HEARTS TWO,0.6464,0.0058,0.3478
HEARTS TWO SPADES TWO,0.4722,0.0042,0.5236
DIAMONDS QUEEN SPADES TWO,0.6376,0.003,0.3594
HEARTS TWO SPADES THREE,0.6738,0.0034,0.3228
SPADES THREE DIAMONDS QUEEN,0.6318,0.0072,0.361
HEARTS TWO SPADES FOUR,0.6488,0.005,0.3462
SPADES FOUR DIAMONDS QUEEN,0.6344,0.0052,0.3604
CLUBS TEN HEARTS FOUR,0.6394,0.003,0.3576
CLUBS TEN DIAMONDS ACE,0.2328,0.108,0.6592
HEARTS TWO SPADES FIVE,0.6366,0.0062,0.3572
SPADES FIVE DIAMONDS QUEEN,0.6226,0.0046,0.3728
HEARTS FOUR CLUBS JACK,0.6298,0.005,0.3652
DIAMONDS ACE CLUBS JACK,0.2296,0.0828,0.6876
CLUBS FIVE CLUBS KING,0.5838,0.0046,0.4116
CLUBS FIVE CLUBS QUEEN,0.595,0.0034,0.4016
CLUBS FIVE CLUBS ACE,0.4916,0.2166,0.2918
CLUBS FIVE CLUBS JACK,0.5888,0.0048,0.4064
CLUBS TEN CLUBS FIVE,0.5998,0.0048,0.3954
SPADES KING CLUBS JACK,0.5866,0.004,0.4094
SPADES QUEEN CLUBS JACK,0.5774,0.0032,0.4194
SPADES SIX CLUBS KING,0.6346,0.0052,0.3602
SPADES SIX CLUBS QUEEN,0.6456,0.0044,0.35
SPADES EIGHT HEARTS JACK,0.7184,0.0246,0.257
SPADES SIX CLUBS ACE,0.5434,0.2214,0.2352
SPADES EIGHT HEARTS TEN,0.7064,0.0248,0.2688
SPADES SIX CLUBS JACK,0.662,0.0036,0.3344
CLUBS TEN SPADES SIX,0.6356,0.0042,0.3602
SPADES TEN CLUBS JACK,0.5628,0.0028,0.4344
SPADES JACK CLUBS JACK,0.3162,0.0032,0.6806
SPADES QUEEN CLUBS SEVEN,0.6408,0.0044,0.3548
SPADES KING CLUBS SEVEN,0.6358,0.0048,0.3594
SPADES SIX HEARTS TEN,0.6348,0.0046,0.3606
SPADES SIX HEARTS JACK,0.6432,0.0044,0.3524
SPADES SIX HEARTS ACE,0.555,0.22,0.225
SPADES SIX HEARTS KING,0.6318,0.004,0.3642
SPADES SIX HEARTS QUEEN,0.6492,0.0026,0.3482
SPADES JACK CLUBS SEVEN,0.6474,0.0028,0.3498
CLUBS SEVEN SPADES TEN,0.616,0.0034,0.3806
CLUBS TEN HEARTS SIX,0.6326,0.0034,0.364
HEARTS SIX CLUBS JACK,0.6438,0.0038,0.3524
CLUBS ACE CLUBS JACK,0.2212,0.0874,0.6914
HEARTS SIX CLUBS QUEEN,0.6282,0.0028,0.369
HEARTS SIX CLUBS KING,0.6266,0.004,0.3694
HEARTS SIX CLUBS ACE,0.547,0.2208,0.2322
CLUBS QUEEN CLUBS JACK,0.5252,0.0054,0.4694
CLUBS KING CLUBS JACK,0.5342,0.003,0.4628
DIAMONDS THREE HEARTS ACE,0.521,0.2276,0.2514
DIAMONDS THREE HEARTS QUEEN,0.643,0.0048,0.3522
DIAMONDS THREE HEARTS KING,0.6422,0.0044,0.3534
CLUBS FIVE HEARTS JACK,0.6222,0.003,0.3748
HEARTS FOUR SPADES TEN,0.6472,0.0034,0.3494
SPADES TEN DIAMONDS ACE,0.2204,0.1156,0.664
CLUBS FIVE HEARTS TEN,0.6342,0.0036,0.3622
HEARTS FOUR SPADES JACK,0.6462,0.0044,0.3494
SPADES JACK DIAMONDS ACE,0.2334,0.0926,0.674
CLUBS FIVE HEARTS ACE,0.538,0.2172,0.2448
CLUBS FIVE HEARTS KING,0.632,0.0024,0.3656
SPADES QUEEN DIAMONDS ACE,0.2438,0.0638,0.6924
SPADES QUEEN HEARTS FOUR,0.6414,0.0052,0.3534
SPADES FOUR CLUBS JACK,0.6412,0.0044,0.3544
CLUBS FIVE HEARTS QUEEN,0.6304,0.0044,0.3652
SPADES KING HEARTS FOUR,0.6328,0.003,0.3642
SPADES KING DIAMONDS ACE,0.2408,0.0512,0.708
CLUBS TEN SPADES FOUR,0.6338,0.0054,0.3608
DIAMONDS ACE DIAMONDS QUEEN,0.227,0.06,0.713
DIAMONDS ACE HEARTS TWO,0.5168,0.2288,0.2544
HEARTS FOUR DIAMONDS QUEEN,0.6376,0.0036,0.3588
HEARTS FOUR HEARTS TWO,0.6106,0.0038,0.3856
DIAMONDS THREE HEARTS TEN,0.6406,0.0038,0.3556
SPADES FOUR CLUBS KING,0.6392,0.005,0.3558
HEARTS FIVE DIAMONDS QUEEN,0.6216,0.005,0.3734
HEARTS FIVE HEARTS TWO,0.6096,0.0038,0.3866
DIAMONDS THREE HEARTS JACK,0.6434,0.0038,0.3528
SPADES FOUR CLUBS QUEEN,0.636,0.005,0.359
HEARTS TWO DIAMONDS QUEEN,0.6312,0.0058,0.363
DIAMONDS KING DIAMONDS QUEEN,0.5452,0.0036,0.4512
DIAMONDS KING HEARTS TWO,0.6336,0.007,0.3594
HEARTS THREE DIAMONDS QUEEN,0.6406,0.0048,0.3546
HEARTS THREE HEARTS TWO,0.61,0.0062,0.3838
SPADES FOUR CLUBS ACE,0.533,0.223,0.244
HEARTS TWO CLUBS ACE,0.542,0.2282,0.2298
DIAMONDS QUEEN CLUBS ACE,0.2374,0.0594,0.7032
HEARTS TWO CLUBS QUEEN,0.6312,0.0034,0.3654
DIAMONDS QUEEN CLUBS QUEEN,0.2904,0.0032,0.7064
HEARTS TWO CLUBS KING,0.6376,0.0042,0.3582
DIAMONDS QUEEN CLUBS KING,0.5658,0.0052,0.429
SPADES EIGHT SPADES FIVE,0.6914,0.029,0.2796
CLUBS TEN HEARTS TWO,0.643,0.0048,0.3522
CLUBS TEN DIAMONDS QUEEN,0.5746,0.005,0.4204
SPADES NINE SPADES FIVE,0.6108,0.0044,0.3848
HEARTS TWO CLUBS JACK,0.649,0.0026,0.3484
DIAMONDS QUEEN CLUBS JACK,0.5634,0.0038,0.4328
SPADES SIX SPADES FIVE,0.594,0.005,0.401
SPADES SEVEN SPADES FIVE,0.6106,0.0048,0.3846
DIAMONDS FIVE CLUBS QUEEN,0.639,0.0042,0.3568
SPADES EIGHT CLUBS ACE,0.0178,0.9706,0.0116
DIAMONDS FIVE CLUBS KING,0.633,0.0056,0.3614
SPADES EIGHT CLUBS KING,0.7468,0.0276,0.2256
CLUBS ACE DIAMONDS FIVE,0.5312,0.2326,0.2362
SPADES EIGHT CLUBS QUEEN,0.7312,0.0244,0.2444
SPADES EIGHT CLUBS JACK,0.706,0.0248,0.2692
CLUBS TEN SPADES EIGHT,0.7094,0.0234,0.2672
CLUBS TEN DIAMONDS FIVE,0.6426,0.0038,0.3536
DIAMONDS FIVE CLUBS JACK,0.638,0.0042,0.3578
DIAMONDS TEN HEARTS JACK,0.5556,0.0028,0.4416
DIAMONDS TEN HEARTS TEN,0.3082,0.0024,0.6894
CLUBS NINE SPADES QUEEN,0.5908,0.0036,0.4056
SPADES KING CLUBS NINE,0.6058,0.0052,0.389
HEARTS SIX HEARTS KING,0.5852,0.003,0.4118
DIAMONDS KING SPADES SEVEN,0.633,0.0052,0.3618
SPADES SEVEN HEARTS THREE,0.6642,0.0042,0.3316
SPADES KING DIAMONDS SEVEN,0.6418,0.0062,0.352
HEARTS SIX HEARTS QUEEN,0.5862,0.0036,0.4102
DIAMONDS KING SPADES SIX,0.6422,0.0052,0.3526
HEARTS THREE SPADES SIX,0.6584,0.0028,0.3388
SPADES QUEEN DIAMONDS SEVEN,0.6486,0.0044,0.347
SPADES NINE DIAMONDS KING,0.5926,0.0054,0.402
SPADES NINE HEARTS THREE,0.6478,0.0052,0.347
HEARTS SIX HEARTS ACE,0.5194,0.2066,0.274
SPADES EIGHT DIAMONDS KING,0.7416,0.0282,0.2302
SPADES EIGHT HEARTS THREE,0.7586,0.0276,0.2138
CLUBS NINE HEARTS THREE,0.6364,0.0034,0.3602
CLUBS NINE DIAMONDS KING,0.6004,0.0048,0.3948
CLUBS EIGHT HEARTS THREE,0.7444,0.026,0.2296
CLUBS EIGHT DIAMONDS KING,0.7386,0.0274,0.234
HEARTS THREE SPADES THREE,0.469,0.0046,0.5264
DIAMONDS KING SPADES THREE,0.6348,0.0046,0.3606
HEARTS THREE SPADES TWO,0.6576,0.0042,0.3382
DIAMONDS KING SPADES TWO,0.6436,0.007,0.3494
HEARTS THREE SPADES FIVE,0.6474,0.0048,0.3478
DIAMONDS KING SPADES FIVE,0.6462,0.004,0.3498
HEARTS THREE SPADES FOUR,0.6488,0.005,0.3462
