opposingHand,winningChance,drawChance,lostChance
SPADES NINE CLUBS THREE
HEARTS FIVE SPADES TEN,0.3484,0.0306,0.621
SPADES JACK HEARTS FIVE,0.3532,0.0142,0.6326
SPADES FIVE CLUBS JACK,0.3498,0.0196,0.6306
CLUBS TEN SPADES FIVE,0.3568,0.0296,0.6136
CLUBS EIGHT CLUBS JACK,0.3234,0.0148,0.6618
CLUBS TEN CLUBS EIGHT,0.3192,0.0218,0.659
CLUBS EIGHT CLUBS KING,0.3264,0.007,0.6666
SPADES FIVE CLUBS ACE,0.3312,0.0044,0.6644
CLUBS EIGHT CLUBS QUEEN,0.3438,0.0114,0.6448
SPADES FIVE CLUBS KING,0.3668,0.0076,0.6256
SPADES FIVE CLUBS QUEEN,0.3582,0.0128,0.629
CLUBS EIGHT CLUBS ACE,0.3278,0.0054,0.6668
DIAMONDS TWO DIAMONDS THREE,0.6056,0.1022,0.2922
DIAMONDS TWO DIAMONDS FIVE,0.5272,0.0454,0.4274
SPADES KING HEARTS FIVE,0.3632,0.0088,0.628
DIAMONDS TWO DIAMONDS FOUR,0.5392,0.045,0.4158
SPADES QUEEN HEARTS FIVE,0.3448,0.0142,0.641
DIAMONDS TWO DIAMONDS SEVEN,0.5746,0.0416,0.3838
DIAMONDS TWO DIAMONDS SIX,0.5498,0.0458,0.4044
SPADES ACE HEARTS FIVE,0.3328,0.0048,0.6624
DIAMONDS TWO DIAMONDS NINE,0.2436,0.498,0.2584
DIAMONDS TWO DIAMONDS EIGHT,0.5606,0.0374,0.402
DIAMONDS THREE DIAMONDS FOUR,0.5824,0.1076,0.31
CLUBS TWO SPADES FOUR,0.5956,0.047,0.3574
DIAMONDS THREE DIAMONDS FIVE,0.5894,0.0938,0.3168
CLUBS TWO SPADES FIVE,0.5996,0.0416,0.3588
CLUBS TWO SPADES TWO,0.3756,0.0876,0.5368
CLUBS TWO SPADES THREE,0.6356,0.1102,0.2542
DIAMONDS THREE DIAMONDS EIGHT,0.6238,0.0982,0.278
SPADES EIGHT CLUBS TWO,0.6032,0.0418,0.355
DIAMONDS THREE DIAMONDS NINE,0.02,0.9062,0.0738
DIAMONDS THREE DIAMONDS SIX,0.5882,0.1038,0.308
CLUBS TWO SPADES SIX,0.5974,0.0534,0.3492
DIAMONDS THREE DIAMONDS SEVEN,0.5934,0.1008,0.3058
SPADES SEVEN CLUBS TWO,0.6112,0.048,0.3408
CLUBS SIX CLUBS TWO,0.5564,0.0524,0.3912
CLUBS SEVEN CLUBS TWO,0.5632,0.0432,0.3936
CLUBS TWO CLUBS FOUR,0.549,0.0408,0.4102
CLUBS FIVE CLUBS TWO,0.556,0.0448,0.3992
CLUBS TEN CLUBS JACK,0.2816,0.014,0.7044
DIAMONDS FOUR DIAMONDS SIX,0.5118,0.0422,0.446
CLUBS TEN CLUBS QUEEN,0.2924,0.0088,0.6988
DIAMONDS FOUR DIAMONDS SEVEN,0.509,0.048,0.443
CLUBS TEN CLUBS KING,0.3026,0.0052,0.6922
CLUBS TEN CLUBS ACE,0.2992,0.004,0.6968
CLUBS EIGHT CLUBS TWO,0.5714,0.0396,0.389
DIAMONDS FIVE DIAMONDS FOUR,0.498,0.042,0.46
CLUBS NINE CLUBS TWO,0.2476,0.4952,0.2572
DIAMONDS NINE DIAMONDS FOUR,0.2034,0.4932,0.3034
DIAMONDS EIGHT DIAMONDS FOUR,0.525,0.0382,0.4368
DIAMONDS NINE DIAMONDS FIVE,0.2002,0.42,0.3798
DIAMONDS TWO CLUBS JACK,0.3806,0.0184,0.601
DIAMONDS EIGHT DIAMONDS FIVE,0.5166,0.0362,0.4472
CLUBS TEN DIAMONDS TWO,0.3924,0.0272,0.5804
DIAMONDS FIVE DIAMONDS SEVEN,0.5042,0.0412,0.4546
DIAMONDS FIVE DIAMONDS SIX,0.4914,0.0454,0.4632
DIAMONDS TWO CLUBS ACE,0.379,0.0068,0.6142
DIAMONDS TWO CLUBS KING,0.3942,0.011,0.5948
DIAMONDS TWO CLUBS QUEEN,0.3956,0.0126,0.5918
DIAMONDS EIGHT DIAMONDS SIX,0.4988,0.0356,0.4656
DIAMONDS NINE DIAMONDS SIX,0.2114,0.3446,0.444
HEARTS ACE SPADES THREE,0.2446,0.0206,0.7348
HEARTS KING SPADES THREE,0.2444,0.0346,0.721
DIAMONDS SEVEN DIAMONDS SIX,0.485,0.0424,0.4726
SPADES THREE HEARTS QUEEN,0.249,0.0462,0.7048
SPADES THREE HEARTS JACK,0.2348,0.0612,0.704
SPADES THREE HEARTS TEN,0.2404,0.0744,0.6852
DIAMONDS EIGHT DIAMONDS SEVEN,0.4746,0.037,0.4884
DIAMONDS NINE DIAMONDS SEVEN,0.2078,0.2696,0.5226
DIAMONDS NINE DIAMONDS EIGHT,0.2028,0.2146,0.5826
DIAMONDS KING HEARTS TEN,0.3166,0.007,0.6764
HEARTS THREE HEARTS TEN,0.2276,0.0758,0.6966
SPADES JACK CLUBS SIX,0.3474,0.0204,0.6322
DIAMONDS KING HEARTS JACK,0.3246,0.0068,0.6686
HEARTS THREE HEARTS JACK,0.2212,0.0546,0.7242
SPADES TEN CLUBS SIX,0.3318,0.0254,0.6428
SPADES JACK SPADES FIVE,0.3346,0.0178,0.6476
SPADES TEN SPADES FIVE,0.3416,0.0284,0.63
DIAMONDS KING HEARTS ACE,0.3236,0.0062,0.6702
HEARTS THREE HEARTS ACE,0.224,0.0206,0.7554
SPADES ACE CLUBS SIX,0.338,0.0042,0.6578
DIAMONDS KING HEARTS QUEEN,0.33,0.006,0.664
HEARTS THREE HEARTS QUEEN,0.2232,0.045,0.7318
SPADES KING CLUBS SIX,0.3572,0.0076,0.6352
DIAMONDS KING HEARTS KING,0.141,0.0096,0.8494
HEARTS THREE HEARTS KING,0.2418,0.0286,0.7296
SPADES QUEEN CLUBS SIX,0.3496,0.0132,0.6372
SPADES QUEEN SPADES FIVE,0.321,0.0102,0.6688
SPADES KING SPADES FIVE,0.3522,0.0084,0.6394
SPADES ACE SPADES FIVE,0.3286,0.0048,0.6666
CLUBS TEN SPADES JACK,0.2954,0.017,0.6876
CLUBS TEN SPADES TEN,0.131,0.042,0.827
SPADES ACE CLUBS TEN,0.3184,0.0062,0.6754
SPADES KING CLUBS TEN,0.3094,0.0074,0.6832
CLUBS TEN SPADES QUEEN,0.3006,0.012,0.6874
SPADES FIVE HEARTS QUEEN,0.3576,0.0136,0.6288
SPADES FIVE HEARTS KING,0.3566,0.0076,0.6358
SPADES FIVE HEARTS ACE,0.345,0.0058,0.6492
CLUBS EIGHT SPADES TEN,0.3222,0.027,0.6508
HEARTS THREE SPADES JACK,0.231,0.0548,0.7142
SPADES JACK DIAMONDS KING,0.3144,0.0062,0.6794
SPADES TEN DIAMONDS KING,0.3216,0.0088,0.6696
HEARTS THREE SPADES TEN,0.2474,0.0724,0.6802
SPADES JACK CLUBS EIGHT,0.3288,0.0156,0.6556
CLUBS SIX HEARTS ACE,0.3448,0.0054,0.6498
SPADES ACE CLUBS EIGHT,0.3384,0.0038,0.6578
HEARTS FIVE CLUBS JACK,0.353,0.0196,0.6274
CLUBS TEN HEARTS FIVE,0.35,0.0288,0.6212
CLUBS SIX HEARTS QUEEN,0.3506,0.0124,0.637
SPADES QUEEN CLUBS EIGHT,0.3348,0.0118,0.6534
CLUBS TEN SPADES THREE,0.231,0.0802,0.6888
CLUBS SIX HEARTS KING,0.3662,0.0106,0.6232
SPADES KING CLUBS EIGHT,0.3622,0.007,0.6308
SPADES THREE CLUBS JACK,0.2364,0.0578,0.7058
DIAMONDS TWO HEARTS JACK,0.392,0.019,0.589
SPADES THREE CLUBS QUEEN,0.233,0.0448,0.7222
DIAMONDS TWO HEARTS TEN,0.3844,0.0346,0.581
SPADES THREE CLUBS KING,0.243,0.0364,0.7206
HEARTS FIVE CLUBS ACE,0.337,0.0056,0.6574
SPADES FIVE HEARTS TEN,0.3622,0.0318,0.606
SPADES THREE CLUBS ACE,0.2416,0.0242,0.7342
HEARTS FIVE CLUBS KING,0.3592,0.0064,0.6344
SPADES FIVE HEARTS JACK,0.3592,0.0196,0.6212
HEARTS FIVE CLUBS QUEEN,0.3538,0.012,0.6342
HEARTS THREE CLUBS KING,0.2462,0.0338,0.72
DIAMONDS KING CLUBS KING,0.1326,0.0146,0.8528
HEARTS THREE CLUBS QUEEN,0.2422,0.041,0.7168
DIAMONDS KING CLUBS QUEEN,0.3104,0.0074,0.6822
HEARTS FIVE HEARTS JACK,0.3316,0.016,0.6524
HEARTS FIVE HEARTS TEN,0.337,0.0216,0.6414
HEARTS THREE CLUBS ACE,0.2236,0.0212,0.7552
DIAMONDS KING CLUBS ACE,0.326,0.0056,0.6684
SPADES ACE CLUBS QUEEN,0.3138,0.0054,0.6808
SPADES KING CLUBS QUEEN,0.3142,0.0086,0.6772
HEARTS THREE CLUBS JACK,0.2278,0.0558,0.7164
DIAMONDS KING CLUBS JACK,0.3122,0.006,0.6818
SPADES QUEEN CLUBS QUEEN,0.1356,0.0208,0.8436
CLUBS TEN HEARTS THREE,0.2266,0.077,0.6964
CLUBS TEN DIAMONDS KING,0.3124,0.0066,0.681
SPADES JACK CLUBS QUEEN,0.3006,0.0136,0.6858
CLUBS SIX CLUBS QUEEN,0.3506,0.0144,0.635
SPADES TEN CLUBS QUEEN,0.2956,0.0116,0.6928
CLUBS SIX CLUBS KING,0.3384,0.0076,0.654
CLUBS SIX CLUBS ACE,0.333,0.0056,0.6614
HEARTS FIVE HEARTS KING,0.3304,0.0066,0.663
HEARTS FIVE HEARTS QUEEN,0.3272,0.0094,0.6634
CLUBS TEN CLUBS SIX,0.3278,0.0242,0.648
HEARTS FIVE HEARTS ACE,0.316,0.0038,0.6802
CLUBS SIX CLUBS JACK,0.3426,0.0146,0.6428
SPADES SEVEN HEARTS JACK,0.3398,0.0174,0.6428
SPADES SEVEN HEARTS TEN,0.3484,0.0274,0.6242
DIAMONDS TWO CLUBS TWO,0.3622,0.1,0.5378
HEARTS SIX DIAMONDS TWO,0.6064,0.0382,0.3554
DIAMONDS TWO HEARTS QUEEN,0.3968,0.0128,0.5904
DIAMONDS TWO HEARTS SEVEN,0.6,0.0442,0.3558
DIAMONDS TWO HEARTS KING,0.386,0.0076,0.6064
DIAMONDS TWO HEARTS EIGHT,0.6018,0.0434,0.3548
DIAMONDS TWO HEARTS ACE,0.3776,0.0054,0.617
DIAMONDS TWO HEARTS NINE,0.2622,0.5236,0.2142
DIAMONDS TWO DIAMONDS QUEEN,0.3588,0.0146,0.6266
DIAMONDS TWO HEARTS TWO,0.368,0.0946,0.5374
DIAMONDS TWO DIAMONDS KING,0.3608,0.0082,0.631
HEARTS THREE DIAMONDS TWO,0.6346,0.1126,0.2528
DIAMONDS TWO DIAMONDS ACE,0.351,0.0042,0.6448
HEARTS FOUR DIAMONDS TWO,0.5768,0.0458,0.3774
DIAMONDS TWO HEARTS FIVE,0.5818,0.0466,0.3716
SPADES SEVEN HEARTS ACE,0.3496,0.0036,0.6468
DIAMONDS TWO DIAMONDS TEN,0.3732,0.028,0.5988
SPADES SEVEN HEARTS KING,0.355,0.008,0.637
DIAMONDS TWO DIAMONDS JACK,0.3664,0.02,0.6136
SPADES SEVEN HEARTS QUEEN,0.3816,0.0112,0.6072
DIAMONDS TWO SPADES EIGHT,0.5928,0.0494,0.3578
DIAMONDS TWO SPADES SEVEN,0.6078,0.0454,0.3468
DIAMONDS TWO SPADES SIX,0.593,0.043,0.364
DIAMONDS TWO SPADES FIVE,0.5952,0.0408,0.364
DIAMONDS TWO SPADES FOUR,0.5956,0.0414,0.363
DIAMONDS TWO SPADES THREE,0.6408,0.1106,0.2486
DIAMONDS TWO SPADES TWO,0.3806,0.0952,0.5242
CLUBS NINE DIAMONDS TWO,0.242,0.532,0.226
DIAMONDS TWO CLUBS EIGHT,0.603,0.0408,0.3562
CLUBS SEVEN DIAMONDS TWO,0.6074,0.0466,0.346
DIAMONDS TWO CLUBS SIX,0.5928,0.044,0.3632
DIAMONDS TWO CLUBS FIVE,0.5758,0.044,0.3802
DIAMONDS TWO CLUBS FOUR,0.5752,0.0492,0.3756
CLUBS FOUR SPADES FIVE,0.5242,0.0434,0.4324
CLUBS FOUR SPADES FOUR,0.2774,0.0834,0.6392
CLUBS FOUR SPADES THREE,0.6102,0.1088,0.281
CLUBS FOUR SPADES TWO,0.5848,0.0486,0.3666
SPADES EIGHT CLUBS FOUR,0.5494,0.047,0.4036
SPADES SEVEN CLUBS FOUR,0.5528,0.0432,0.404
SPADES SIX CLUBS FOUR,0.555,0.044,0.401
SPADES ACE DIAMONDS SIX,0.3508,0.0042,0.645
SPADES QUEEN DIAMONDS SIX,0.3624,0.0122,0.6254
SPADES KING DIAMONDS SIX,0.352,0.0084,0.6396
SPADES TEN DIAMONDS SIX,0.3348,0.0316,0.6336
SPADES JACK DIAMONDS SIX,0.3536,0.021,0.6254
SPADES QUEEN SPADES TWO,0.375,0.0136,0.6114
SPADES KING SPADES TWO,0.3776,0.0084,0.614
SPADES ACE SPADES TWO,0.3602,0.0042,0.6356
DIAMONDS JACK CLUBS JACK,0.1388,0.031,0.8302
CLUBS TEN DIAMONDS JACK,0.304,0.0134,0.6826
DIAMONDS JACK CLUBS KING,0.319,0.0076,0.6734
DIAMONDS JACK CLUBS QUEEN,0.2972,0.0114,0.6914
DIAMONDS THREE DIAMONDS JACK,0.2302,0.057,0.7128
DIAMONDS THREE DIAMONDS TEN,0.22,0.077,0.703
DIAMONDS JACK CLUBS ACE,0.3172,0.0044,0.6784
DIAMONDS THREE DIAMONDS KING,0.2276,0.0294,0.743
HEARTS THREE DIAMONDS THREE,0.2814,0.058,0.6606
DIAMONDS THREE DIAMONDS QUEEN,0.2332,0.043,0.7238
DIAMONDS THREE HEARTS TWO,0.6182,0.114,0.2678
HEARTS FIVE DIAMONDS THREE,0.6076,0.1054,0.287
DIAMONDS THREE DIAMONDS ACE,0.2266,0.0192,0.7542
HEARTS FOUR DIAMONDS THREE,0.6186,0.1004,0.281
DIAMONDS THREE HEARTS SEVEN,0.6446,0.1064,0.249
HEARTS SIX DIAMONDS THREE,0.6374,0.101,0.2616
DIAMONDS THREE HEARTS NINE,0.0232,0.9494,0.0274
HEARTS JACK DIAMONDS FOUR,0.3474,0.021,0.6316
HEARTS KING HEARTS ACE,0.2988,0.0046,0.6966
SPADES TEN SPADES TWO,0.3694,0.023,0.6076
DIAMONDS THREE HEARTS EIGHT,0.6562,0.1116,0.2322
HEARTS TEN DIAMONDS FOUR,0.3522,0.0272,0.6206
SPADES JACK SPADES TWO,0.3754,0.0164,0.6082
HEARTS QUEEN DIAMONDS FOUR,0.3622,0.0094,0.6284
HEARTS KING DIAMONDS FOUR,0.3734,0.007,0.6196
HEARTS ACE DIAMONDS FOUR,0.3452,0.005,0.6498
DIAMONDS THREE SPADES EIGHT,0.6576,0.1134,0.229
DIAMONDS THREE SPADES SEVEN,0.6418,0.1096,0.2486
DIAMONDS THREE SPADES SIX,0.636,0.1048,0.2592
DIAMONDS THREE CLUBS SIX,0.631,0.0952,0.2738
CLUBS FIVE CLUBS SIX,0.5042,0.0462,0.4496
CLUBS ACE DIAMONDS FOUR,0.3474,0.0056,0.647
CLUBS SEVEN DIAMONDS THREE,0.6408,0.1086,0.2506
CLUBS SEVEN CLUBS FIVE,0.5112,0.0442,0.4446
DIAMONDS THREE CLUBS FOUR,0.6214,0.1126,0.266
DIAMONDS FOUR CLUBS QUEEN,0.3594,0.0124,0.6282
DIAMONDS THREE CLUBS FIVE,0.6182,0.1014,0.2804
CLUBS KING DIAMONDS FOUR,0.3568,0.0078,0.6354
DIAMONDS THREE CLUBS TWO,0.6536,0.1036,0.2428
CLUBS TEN DIAMONDS FOUR,0.3574,0.032,0.6106
DIAMONDS FOUR CLUBS JACK,0.3628,0.0188,0.6184
DIAMONDS THREE SPADES FOUR,0.6272,0.1068,0.266
DIAMONDS THREE SPADES FIVE,0.6286,0.1034,0.268
DIAMONDS THREE SPADES TWO,0.6388,0.1164,0.2448
DIAMONDS THREE SPADES THREE,0.2746,0.0658,0.6596
CLUBS EIGHT DIAMONDS THREE,0.6522,0.1072,0.2406
CLUBS NINE DIAMONDS THREE,0.0088,0.9736,0.0176
SPADES SEVEN CLUBS ACE,0.3582,0.005,0.6368
SPADES SEVEN CLUBS QUEEN,0.3638,0.0098,0.6264
SPADES SEVEN CLUBS KING,0.3606,0.0082,0.6312
CLUBS FIVE SPADES SEVEN,0.5278,0.0482,0.424
CLUBS TEN SPADES SEVEN,0.3438,0.0286,0.6276
CLUBS FIVE SPADES SIX,0.5336,0.0462,0.4202
SPADES SEVEN CLUBS JACK,0.3444,0.0154,0.6402
CLUBS FIVE SPADES EIGHT,0.5496,0.0398,0.4106
CLUBS FIVE SPADES THREE,0.614,0.1092,0.2768
CLUBS FIVE SPADES TWO,0.575,0.0508,0.3742
CLUBS FIVE SPADES FIVE,0.2736,0.0768,0.6496
CLUBS FIVE SPADES FOUR,0.5394,0.0514,0.4092
CLUBS NINE CLUBS FIVE,0.202,0.4448,0.3532
CLUBS EIGHT CLUBS FIVE,0.518,0.0372,0.4448
CLUBS ACE CLUBS QUEEN,0.2852,0.0058,0.709
CLUBS KING CLUBS QUEEN,0.3076,0.0054,0.687
DIAMONDS TEN DIAMONDS FOUR,0.3446,0.0256,0.6298
CLUBS TEN DIAMONDS NINE,0.223,0.0778,0.6992
DIAMONDS JACK DIAMONDS FOUR,0.3432,0.0176,0.6392
DIAMONDS NINE CLUBS JACK,0.2338,0.0584,0.7078
DIAMONDS ACE DIAMONDS FOUR,0.3218,0.0044,0.6738
HEARTS FOUR DIAMONDS FOUR,0.2856,0.0804,0.634
DIAMONDS JACK HEARTS TEN,0.3076,0.0138,0.6786
DIAMONDS TWO SPADES TEN,0.3846,0.0326,0.5828
DIAMONDS NINE CLUBS ACE,0.2228,0.0242,0.753
HEARTS FIVE DIAMONDS FOUR,0.5458,0.0402,0.414
HEARTS JACK DIAMONDS JACK,0.136,0.031,0.833
DIAMONDS TWO SPADES JACK,0.392,0.0214,0.5866
DIAMONDS QUEEN DIAMONDS FOUR,0.338,0.0144,0.6476
HEARTS TWO DIAMONDS FOUR,0.5786,0.045,0.3764
DIAMONDS NINE CLUBS QUEEN,0.2262,0.0458,0.728
DIAMONDS KING DIAMONDS FOUR,0.3424,0.0092,0.6484
HEARTS THREE DIAMONDS FOUR,0.618,0.104,0.278
DIAMONDS NINE CLUBS KING,0.2306,0.0408,0.7286
HEARTS ACE DIAMONDS JACK,0.315,0.0042,0.6808
SPADES ACE DIAMONDS TWO,0.3686,0.0066,0.6248
DIAMONDS JACK HEARTS QUEEN,0.315,0.008,0.677
SPADES QUEEN DIAMONDS TWO,0.3904,0.013,0.5966
HEARTS KING DIAMONDS JACK,0.3212,0.0042,0.6746
SPADES KING DIAMONDS TWO,0.3866,0.0082,0.6052
SPADES JACK SPADES SEVEN,0.3356,0.0176,0.6468
SPADES TEN SPADES SEVEN,0.313,0.0266,0.6604
SPADES TWO DIAMONDS FOUR,0.5768,0.0498,0.3734
SPADES THREE DIAMONDS FOUR,0.6286,0.1124,0.259
SPADES FOUR DIAMONDS FOUR,0.2922,0.081,0.6268
SPADES FIVE DIAMONDS FOUR,0.5376,0.0476,0.4148
SPADES SIX DIAMONDS FOUR,0.5554,0.042,0.4026
SPADES SEVEN DIAMONDS FOUR,0.556,0.045,0.399
SPADES EIGHT DIAMONDS FOUR,0.5778,0.044,0.3782
CLUBS FIVE DIAMONDS FOUR,0.53,0.0414,0.4286
CLUBS FOUR DIAMONDS FOUR,0.2726,0.0898,0.6376
CLUBS SEVEN DIAMONDS FOUR,0.5586,0.046,0.3954
CLUBS SIX DIAMONDS FOUR,0.5448,0.0456,0.4096
CLUBS NINE DIAMONDS FOUR,0.2242,0.5128,0.263
CLUBS EIGHT DIAMONDS FOUR,0.55,0.0438,0.4062
DIAMONDS FOUR HEARTS SEVEN,0.5418,0.046,0.4122
HEARTS SIX DIAMONDS FOUR,0.542,0.0462,0.4118
HEARTS NINE DIAMONDS FOUR,0.2066,0.5266,0.2668
DIAMONDS FOUR HEARTS EIGHT,0.5626,0.0432,0.3942
CLUBS TWO DIAMONDS FOUR,0.5804,0.0476,0.372
DIAMONDS TEN DIAMONDS FIVE,0.338,0.0222,0.6398
DIAMONDS JACK DIAMONDS FIVE,0.3426,0.015,0.6424
DIAMONDS NINE HEARTS QUEEN,0.228,0.0392,0.7328
HEARTS KING DIAMONDS NINE,0.2394,0.0316,0.729
DIAMONDS NINE HEARTS ACE,0.2464,0.0236,0.73
DIAMONDS NINE HEARTS TEN,0.2184,0.0742,0.7074
DIAMONDS NINE HEARTS JACK,0.2214,0.0482,0.7304
CLUBS KING DIAMONDS SIX,0.3572,0.0074,0.6354
CLUBS QUEEN DIAMONDS SIX,0.3402,0.011,0.6488
CLUBS ACE DIAMONDS SIX,0.3556,0.0036,0.6408
SPADES KING DIAMONDS FOUR,0.357,0.0086,0.6344
SPADES ACE SPADES SEVEN,0.3278,0.0048,0.6674
SPADES QUEEN DIAMONDS FOUR,0.3566,0.0128,0.6306
SPADES QUEEN SPADES SEVEN,0.3468,0.0122,0.641
CLUBS JACK DIAMONDS SIX,0.3504,0.0174,0.6322
SPADES KING SPADES SEVEN,0.342,0.0076,0.6504
SPADES ACE DIAMONDS FOUR,0.3422,0.0044,0.6534
CLUBS TEN DIAMONDS SIX,0.353,0.0258,0.6212
CLUBS NINE CLUBS FOUR,0.2062,0.5016,0.2922
CLUBS EIGHT CLUBS FOUR,0.533,0.0402,0.4268
SPADES JACK DIAMONDS FOUR,0.3456,0.0158,0.6386
SPADES TEN DIAMONDS FOUR,0.3512,0.0308,0.618
CLUBS FIVE CLUBS FOUR,0.5062,0.0406,0.4532
CLUBS SEVEN CLUBS FOUR,0.5254,0.0438,0.4308
CLUBS SIX CLUBS FOUR,0.5174,0.0372,0.4454
CLUBS SEVEN SPADES EIGHT,0.5192,0.0392,0.4416
CLUBS SEVEN SPADES SIX,0.524,0.0418,0.4342
CLUBS SEVEN SPADES SEVEN,0.2646,0.0718,0.6636
CLUBS SEVEN SPADES FIVE,0.5432,0.0394,0.4174
CLUBS SEVEN SPADES FOUR,0.552,0.0468,0.4012
CLUBS SEVEN SPADES THREE,0.6476,0.1066,0.2458
CLUBS SEVEN SPADES TWO,0.5986,0.0478,0.3536
CLUBS NINE CLUBS SEVEN,0.2014,0.2806,0.518
CLUBS SEVEN CLUBS EIGHT,0.4868,0.0414,0.4718
HEARTS SIX DIAMONDS FIVE,0.5224,0.0476,0.43
DIAMONDS FIVE HEARTS SEVEN,0.55,0.0394,0.4106
DIAMONDS FIVE HEARTS EIGHT,0.544,0.0404,0.4156
HEARTS NINE DIAMONDS FIVE,0.2132,0.4562,0.3306
DIAMONDS QUEEN DIAMONDS FIVE,0.3224,0.0132,0.6644
HEARTS TWO DIAMONDS FIVE,0.5842,0.0468,0.369
HEARTS KING HEARTS EIGHT,0.3448,0.0088,0.6464
DIAMONDS KING DIAMONDS FIVE,0.3366,0.0076,0.6558
HEARTS THREE DIAMONDS FIVE,0.6118,0.104,0.2842
HEARTS QUEEN HEARTS EIGHT,0.3312,0.0148,0.654
DIAMONDS ACE DIAMONDS FIVE,0.335,0.005,0.66
HEARTS FOUR DIAMONDS FIVE,0.5506,0.0458,0.4036
HEARTS FIVE DIAMONDS FIVE,0.2782,0.0784,0.6434
HEARTS ACE HEARTS EIGHT,0.3286,0.0052,0.6662
CLUBS FOUR DIAMONDS FIVE,0.522,0.045,0.433
CLUBS FIVE DIAMONDS FIVE,0.2676,0.079,0.6534
CLUBS SIX DIAMONDS FIVE,0.5332,0.0396,0.4272
CLUBS SEVEN DIAMONDS FIVE,0.5188,0.0542,0.427
CLUBS TWO DIAMONDS FIVE,0.5894,0.0498,0.3608
SPADES THREE DIAMONDS FIVE,0.6196,0.105,0.2754
SPADES TWO DIAMONDS FIVE,0.5688,0.0476,0.3836
SPADES JACK DIAMONDS EIGHT,0.3278,0.0142,0.658
SPADES FIVE DIAMONDS FIVE,0.2798,0.076,0.6442
CLUBS TEN HEARTS JACK,0.2942,0.0144,0.6914
SPADES TEN DIAMONDS EIGHT,0.3294,0.0262,0.6444
SPADES FOUR DIAMONDS FIVE,0.5338,0.0462,0.42
HEARTS JACK CLUBS JACK,0.1412,0.0306,0.8282
HEARTS JACK CLUBS QUEEN,0.3024,0.0102,0.6874
CLUBS NINE DIAMONDS FIVE,0.2058,0.4652,0.329
HEARTS JACK CLUBS KING,0.3204,0.0076,0.672
CLUBS EIGHT DIAMONDS FIVE,0.5366,0.0408,0.4226
HEARTS JACK CLUBS ACE,0.33,0.006,0.664
SPADES SEVEN DIAMONDS FIVE,0.5348,0.0446,0.4206
SPADES KING DIAMONDS EIGHT,0.3452,0.0078,0.647
SPADES SIX DIAMONDS FIVE,0.526,0.044,0.43
SPADES QUEEN DIAMONDS EIGHT,0.338,0.0098,0.6522
SPADES EIGHT DIAMONDS FIVE,0.561,0.0468,0.3922
SPADES ACE DIAMONDS EIGHT,0.3408,0.0046,0.6546
DIAMONDS TEN DIAMONDS SIX,0.3292,0.0244,0.6464
HEARTS ACE DIAMONDS SEVEN,0.349,0.004,0.647
DIAMONDS JACK DIAMONDS SIX,0.3422,0.0188,0.639
HEARTS QUEEN DIAMONDS SEVEN,0.3608,0.0136,0.6256
HEARTS KING DIAMONDS SEVEN,0.3568,0.007,0.6362
DIAMONDS ACE DIAMONDS SIX,0.3392,0.0042,0.6566
HEARTS FOUR DIAMONDS SIX,0.551,0.0424,0.4066
HEARTS JACK SPADES TWO,0.387,0.0192,0.5938
HEARTS FIVE DIAMONDS SIX,0.532,0.0404,0.4276
SPADES TWO HEARTS TEN,0.3958,0.0308,0.5734
DIAMONDS QUEEN DIAMONDS SIX,0.3444,0.011,0.6446
HEARTS TWO DIAMONDS SIX,0.5886,0.0444,0.367
DIAMONDS KING DIAMONDS SIX,0.3448,0.0086,0.6466
HEARTS THREE DIAMONDS SIX,0.6352,0.0988,0.266
HEARTS EIGHT DIAMONDS SIX,0.5444,0.0412,0.4144
HEARTS NINE DIAMONDS SIX,0.212,0.3672,0.4208
HEARTS SIX DIAMONDS SIX,0.2668,0.0682,0.665
HEARTS SEVEN DIAMONDS SIX,0.5406,0.037,0.4224
HEARTS TEN DIAMONDS SEVEN,0.3506,0.0262,0.6232
CLUBS TWO DIAMONDS SIX,0.5936,0.0452,0.3612
HEARTS JACK DIAMONDS SEVEN,0.3566,0.0126,0.6308
CLUBS SEVEN DIAMONDS SIX,0.518,0.0458,0.4362
DIAMONDS EIGHT CLUBS JACK,0.3338,0.0174,0.6488
CLUBS SIX DIAMONDS SIX,0.2622,0.0782,0.6596
CLUBS TEN DIAMONDS EIGHT,0.3252,0.0254,0.6494
CLUBS FIVE DIAMONDS SIX,0.54,0.047,0.413
CLUBS FOUR DIAMONDS SIX,0.5218,0.0432,0.435
HEARTS ACE HEARTS JACK,0.2964,0.004,0.6996
DIAMONDS EIGHT CLUBS ACE,0.3354,0.0042,0.6604
HEARTS JACK HEARTS QUEEN,0.2926,0.0088,0.6986
DIAMONDS EIGHT CLUBS KING,0.3604,0.0078,0.6318
CLUBS NINE DIAMONDS SIX,0.2118,0.3732,0.415
HEARTS KING HEARTS JACK,0.2836,0.0052,0.7112
DIAMONDS EIGHT CLUBS QUEEN,0.3392,0.0116,0.6492
CLUBS EIGHT DIAMONDS SIX,0.5394,0.0416,0.419
SPADES TEN HEARTS KING,0.3062,0.0068,0.687
SPADES FIVE DIAMONDS SIX,0.5304,0.046,0.4236
HEARTS ACE SPADES TWO,0.3738,0.005,0.6212
SPADES JACK HEARTS KING,0.3136,0.007,0.6794
SPADES FOUR DIAMONDS SIX,0.5428,0.047,0.4102
SPADES THREE DIAMONDS SIX,0.6466,0.1042,0.2492
SPADES TWO HEARTS QUEEN,0.387,0.014,0.599
SPADES ACE SPADES KING,0.3056,0.0048,0.6896
HEARTS KING SPADES TWO,0.3942,0.0094,0.5964
SPADES TWO DIAMONDS SIX,0.5974,0.0442,0.3584
HEARTS TEN HEARTS EIGHT,0.3062,0.0236,0.6702
HEARTS JACK HEARTS EIGHT,0.3196,0.0142,0.6662
SPADES EIGHT DIAMONDS SIX,0.533,0.045,0.422
SPADES SEVEN DIAMONDS SIX,0.5324,0.0378,0.4298
SPADES SIX DIAMONDS SIX,0.2652,0.0784,0.6564
SPADES KING HEARTS KING,0.1336,0.0142,0.8522
SPADES QUEEN HEARTS KING,0.3228,0.0088,0.6684
CLUBS ACE CLUBS KING,0.3074,0.0046,0.688
SPADES ACE HEARTS KING,0.3284,0.004,0.6676
SPADES ACE HEARTS JACK,0.3264,0.0052,0.6684
SPADES QUEEN HEARTS JACK,0.3108,0.0116,0.6776
SPADES KING HEARTS JACK,0.332,0.007,0.661
SPADES TEN DIAMONDS TEN,0.1402,0.0398,0.82
SPADES JACK DIAMONDS TEN,0.295,0.0126,0.6924
SPADES ACE DIAMONDS TEN,0.3096,0.0024,0.688
SPADES JACK HEARTS JACK,0.1338,0.0308,0.8354
SPADES TEN HEARTS JACK,0.2938,0.0144,0.6918
SPADES QUEEN DIAMONDS TEN,0.2986,0.0096,0.6918
SPADES KING DIAMONDS TEN,0.3208,0.0078,0.6714
SPADES EIGHT DIAMONDS SEVEN,0.5166,0.0432,0.4402
SPADES SEVEN DIAMONDS SEVEN,0.268,0.0716,0.6604
SPADES SIX DIAMONDS SEVEN,0.526,0.0442,0.4298
DIAMONDS KING DIAMONDS SEVEN,0.352,0.0058,0.6422
HEARTS THREE DIAMONDS SEVEN,0.6604,0.0996,0.24
HEARTS KING DIAMONDS FIVE,0.3578,0.0072,0.635
DIAMONDS QUEEN DIAMONDS SEVEN,0.3364,0.0126,0.651
HEARTS TWO DIAMONDS SEVEN,0.6056,0.0478,0.3466
HEARTS QUEEN DIAMONDS FIVE,0.3626,0.0126,0.6248
HEARTS FIVE DIAMONDS SEVEN,0.541,0.0432,0.4158
DIAMONDS ACE DIAMONDS SEVEN,0.3288,0.0026,0.6686
HEARTS FOUR DIAMONDS SEVEN,0.5636,0.0398,0.3966
HEARTS ACE DIAMONDS FIVE,0.3566,0.0036,0.6398
HEARTS SEVEN DIAMONDS SEVEN,0.2694,0.0618,0.6688
HEARTS SIX DIAMONDS SEVEN,0.5318,0.0414,0.4268
HEARTS NINE DIAMONDS SEVEN,0.2172,0.2974,0.4854
DIAMONDS SEVEN HEARTS EIGHT,0.5236,0.0396,0.4368
DIAMONDS JACK DIAMONDS SEVEN,0.329,0.0172,0.6538
HEARTS JACK DIAMONDS FIVE,0.3596,0.019,0.6214
DIAMONDS TEN DIAMONDS SEVEN,0.33,0.0204,0.6496
DIAMONDS FIVE HEARTS TEN,0.3568,0.0276,0.6156
SPADES KING CLUBS TWO,0.3814,0.0096,0.609
HEARTS KING CLUBS KING,0.133,0.0108,0.8562
CLUBS EIGHT DIAMONDS SEVEN,0.5104,0.0402,0.4494
SPADES QUEEN CLUBS TWO,0.3896,0.0142,0.5962
HEARTS KING CLUBS QUEEN,0.316,0.0076,0.6764
CLUBS NINE DIAMONDS SEVEN,0.2086,0.2896,0.5018
SPADES TWO CLUBS JACK,0.381,0.02,0.599
SPADES ACE CLUBS TWO,0.3688,0.005,0.6262
CLUBS TEN SPADES TWO,0.3804,0.0318,0.5878
HEARTS KING CLUBS ACE,0.3194,0.0052,0.6754
CLUBS SEVEN CLUBS SIX,0.49,0.0384,0.4716
SPADES TWO CLUBS KING,0.3952,0.0088,0.596
SPADES TWO DIAMONDS SEVEN,0.606,0.045,0.349
CLUBS EIGHT CLUBS SIX,0.5048,0.041,0.4542
SPADES THREE DIAMONDS SEVEN,0.6538,0.1004,0.2458
SPADES TWO CLUBS QUEEN,0.3972,0.0142,0.5886
CLUBS NINE CLUBS SIX,0.2186,0.3394,0.442
SPADES FOUR DIAMONDS SEVEN,0.5548,0.0442,0.401
HEARTS KING CLUBS JACK,0.3232,0.0068,0.67
SPADES FIVE DIAMONDS SEVEN,0.5394,0.0394,0.4212
SPADES TWO CLUBS ACE,0.369,0.006,0.625
CLUBS TEN HEARTS KING,0.3184,0.0056,0.676
CLUBS SIX SPADES TWO,0.5972,0.0478,0.355
CLUBS SIX SPADES THREE,0.657,0.1002,0.2428
CLUBS TWO DIAMONDS SEVEN,0.5942,0.0402,0.3656
CLUBS SIX SPADES FOUR,0.545,0.0422,0.4128
CLUBS SIX SPADES FIVE,0.5284,0.0466,0.425
CLUBS FOUR DIAMONDS SEVEN,0.5596,0.039,0.4014
CLUBS SIX SPADES SIX,0.2704,0.0826,0.647
CLUBS FIVE DIAMONDS SEVEN,0.5384,0.0436,0.418
CLUBS SIX SPADES SEVEN,0.5284,0.0438,0.4278
CLUBS SIX DIAMONDS SEVEN,0.5304,0.0404,0.4292
SPADES EIGHT CLUBS SIX,0.5256,0.0432,0.4312
SPADES JACK CLUBS TWO,0.3884,0.0226,0.589
CLUBS SEVEN DIAMONDS SEVEN,0.26,0.0688,0.6712
SPADES TEN CLUBS TWO,0.3804,0.0282,0.5914
CLUBS TWO CLUBS QUEEN,0.3652,0.0174,0.6174
CLUBS TWO CLUBS KING,0.3768,0.0074,0.6158
CLUBS TWO CLUBS ACE,0.359,0.0054,0.6356
CLUBS TWO DIAMONDS EIGHT,0.601,0.0406,0.3584
DIAMONDS EIGHT HEARTS SEVEN,0.5132,0.0368,0.45
HEARTS SIX DIAMONDS EIGHT,0.5426,0.0412,0.4162
DIAMONDS EIGHT HEARTS NINE,0.2038,0.2354,0.5608
CLUBS TEN CLUBS TWO,0.3748,0.0278,0.5974
DIAMONDS EIGHT HEARTS EIGHT,0.2722,0.054,0.6738
CLUBS TWO CLUBS JACK,0.3758,0.016,0.6082
CLUBS NINE DIAMONDS EIGHT,0.2064,0.2372,0.5564
CLUBS EIGHT DIAMONDS EIGHT,0.258,0.059,0.683
CLUBS FIVE DIAMONDS EIGHT,0.5438,0.042,0.4142
SPADES ACE SPADES THREE,0.2326,0.0196,0.7478
CLUBS FOUR DIAMONDS EIGHT,0.555,0.0456,0.3994
CLUBS SEVEN DIAMONDS EIGHT,0.499,0.0408,0.4602
SPADES QUEEN SPADES THREE,0.2412,0.0392,0.7196
CLUBS SIX DIAMONDS EIGHT,0.5204,0.0416,0.438
SPADES KING SPADES THREE,0.227,0.0366,0.7364
DIAMONDS QUEEN DIAMONDS EIGHT,0.3362,0.0126,0.6512
HEARTS TWO DIAMONDS EIGHT,0.5976,0.0462,0.3562
DIAMONDS KING DIAMONDS EIGHT,0.3406,0.0066,0.6528
HEARTS THREE DIAMONDS EIGHT,0.6598,0.1084,0.2318
DIAMONDS ACE DIAMONDS EIGHT,0.3408,0.005,0.6542
HEARTS FOUR DIAMONDS EIGHT,0.5644,0.0424,0.3932
HEARTS FIVE DIAMONDS EIGHT,0.5394,0.044,0.4166
DIAMONDS EIGHT DIAMONDS TEN,0.3084,0.0244,0.6672
DIAMONDS EIGHT DIAMONDS JACK,0.3178,0.0174,0.6648
SPADES JACK SPADES THREE,0.2304,0.0558,0.7138
SPADES TEN SPADES THREE,0.2352,0.071,0.6938
CLUBS FOUR HEARTS ACE,0.3448,0.0034,0.6518
CLUBS FOUR HEARTS QUEEN,0.3602,0.0126,0.6272
CLUBS FOUR HEARTS KING,0.347,0.0094,0.6436
CLUBS SIX HEARTS TEN,0.3412,0.0316,0.6272
CLUBS SIX HEARTS JACK,0.3384,0.019,0.6426
SPADES FOUR DIAMONDS EIGHT,0.5678,0.0468,0.3854
SPADES FIVE DIAMONDS EIGHT,0.5602,0.042,0.3978
DIAMONDS EIGHT SPADES TWO,0.6052,0.0414,0.3534
DIAMONDS EIGHT SPADES THREE,0.6618,0.1074,0.2308
CLUBS FOUR HEARTS JACK,0.3566,0.0164,0.627
SPADES EIGHT DIAMONDS EIGHT,0.2636,0.0646,0.6718
SPADES TEN DIAMONDS QUEEN,0.2986,0.0096,0.6918
SPADES TEN HEARTS TWO,0.3854,0.0286,0.586
SPADES JACK HEARTS EIGHT,0.3532,0.0172,0.6296
CLUBS FOUR HEARTS TEN,0.3438,0.03,0.6262
SPADES TEN HEARTS EIGHT,0.3198,0.0228,0.6574
SPADES JACK HEARTS TWO,0.387,0.0218,0.5912
SPADES JACK DIAMONDS QUEEN,0.3128,0.009,0.6782
SPADES SIX DIAMONDS EIGHT,0.5346,0.039,0.4264
SPADES SEVEN DIAMONDS EIGHT,0.5286,0.0398,0.4316
SPADES ACE HEARTS TWO,0.3844,0.005,0.6106
SPADES ACE DIAMONDS QUEEN,0.3174,0.0044,0.6782
SPADES ACE HEARTS EIGHT,0.3436,0.0034,0.653
SPADES KING HEARTS EIGHT,0.3488,0.0086,0.6426
SPADES QUEEN HEARTS TWO,0.3914,0.0126,0.596
SPADES QUEEN DIAMONDS QUEEN,0.1316,0.024,0.8444
SPADES KING DIAMONDS QUEEN,0.3306,0.0072,0.6622
SPADES KING HEARTS TWO,0.3934,0.0102,0.5964
SPADES QUEEN HEARTS EIGHT,0.3554,0.0116,0.633
CLUBS TWO HEARTS TEN,0.3954,0.0286,0.576
CLUBS TWO HEARTS JACK,0.3956,0.018,0.5864
SPADES SEVEN DIAMONDS NINE,0.2068,0.315,0.4782
SPADES SIX DIAMONDS NINE,0.2168,0.366,0.4172
SPADES EIGHT DIAMONDS NINE,0.2248,0.2272,0.548
SPADES TEN CLUBS KING,0.3036,0.0062,0.6902
DIAMONDS NINE SPADES THREE,0.0156,0.975,0.0094
SPADES JACK CLUBS KING,0.3082,0.0098,0.682
DIAMONDS NINE SPADES TWO,0.2724,0.5228,0.2048
SPADES FIVE DIAMONDS NINE,0.2216,0.4564,0.322
DIAMONDS NINE SPADES FOUR,0.2198,0.5246,0.2556
CLUBS NINE DIAMONDS NINE,0.073,0.0708,0.8562
CLUBS EIGHT DIAMONDS NINE,0.22,0.2354,0.5446
CLUBS SIX DIAMONDS NINE,0.209,0.3784,0.4126
SPADES JACK CLUBS FOUR,0.3426,0.0192,0.6382
CLUBS SEVEN DIAMONDS NINE,0.2038,0.303,0.4932
SPADES TEN CLUBS FOUR,0.3478,0.0292,0.623
CLUBS FOUR DIAMONDS NINE,0.2128,0.5316,0.2556
CLUBS FIVE DIAMONDS NINE,0.2104,0.4656,0.324
CLUBS TWO DIAMONDS NINE,0.2516,0.5274,0.221
DIAMONDS NINE HEARTS EIGHT,0.2244,0.2376,0.538
DIAMONDS NINE HEARTS NINE,0.079,0.0766,0.8444
HEARTS SIX DIAMONDS NINE,0.2156,0.3624,0.422
DIAMONDS NINE HEARTS SEVEN,0.2142,0.3032,0.4826
CLUBS NINE CLUBS EIGHT,0.2076,0.2242,0.5682
DIAMONDS ACE DIAMONDS NINE,0.2066,0.026,0.7674
HEARTS FOUR DIAMONDS NINE,0.2208,0.5152,0.264
HEARTS FIVE DIAMONDS NINE,0.2158,0.4568,0.3274
CLUBS TWO HEARTS ACE,0.3758,0.0058,0.6184
SPADES ACE CLUBS FOUR,0.3442,0.0034,0.6524
DIAMONDS QUEEN DIAMONDS NINE,0.2282,0.0482,0.7236
HEARTS TWO DIAMONDS NINE,0.2574,0.533,0.2096
CLUBS TWO HEARTS KING,0.401,0.01,0.589
SPADES KING CLUBS FOUR,0.3464,0.0072,0.6464
DIAMONDS KING DIAMONDS NINE,0.2116,0.0334,0.755
HEARTS THREE DIAMONDS NINE,0.0196,0.958,0.0224
CLUBS TWO HEARTS QUEEN,0.3938,0.012,0.5942
SPADES QUEEN CLUBS FOUR,0.3438,0.0118,0.6444
DIAMONDS NINE DIAMONDS JACK,0.2208,0.0598,0.7194
DIAMONDS NINE DIAMONDS TEN,0.2164,0.0822,0.7014
CLUBS EIGHT SPADES EIGHT,0.2498,0.0638,0.6864
CLUBS EIGHT SPADES SEVEN,0.518,0.0382,0.4438
CLUBS EIGHT SPADES SIX,0.5364,0.042,0.4216
CLUBS EIGHT SPADES FIVE,0.5472,0.0446,0.4082
CLUBS EIGHT SPADES FOUR,0.571,0.0452,0.3838
CLUBS EIGHT SPADES THREE,0.6772,0.1006,0.2222
CLUBS EIGHT SPADES TWO,0.5916,0.0514,0.357
HEARTS SIX DIAMONDS TEN,0.3542,0.0248,0.621
DIAMONDS TEN HEARTS SEVEN,0.3424,0.0246,0.633
DIAMONDS TEN HEARTS EIGHT,0.3302,0.024,0.6458
CLUBS FOUR CLUBS JACK,0.3462,0.0176,0.6362
DIAMONDS TEN HEARTS NINE,0.2398,0.0728,0.6874
CLUBS TEN CLUBS FOUR,0.3328,0.025,0.6422
CLUBS FOUR CLUBS KING,0.3384,0.0082,0.6534
CLUBS FOUR CLUBS QUEEN,0.3346,0.0126,0.6528
CLUBS TWO DIAMONDS TEN,0.39,0.0298,0.5802
CLUBS FOUR CLUBS ACE,0.3472,0.007,0.6458
DIAMONDS JACK DIAMONDS TEN,0.2858,0.0146,0.6996
DIAMONDS QUEEN DIAMONDS TEN,0.2888,0.0116,0.6996
HEARTS TWO DIAMONDS TEN,0.3898,0.0302,0.58
DIAMONDS KING DIAMONDS TEN,0.2958,0.0062,0.698
HEARTS THREE DIAMONDS TEN,0.2366,0.0874,0.676
DIAMONDS ACE DIAMONDS TEN,0.303,0.004,0.693
HEARTS FOUR DIAMONDS TEN,0.3668,0.028,0.6052
CLUBS EIGHT HEARTS JACK,0.3226,0.0176,0.6598
HEARTS FIVE DIAMONDS TEN,0.3532,0.0248,0.622
CLUBS EIGHT HEARTS TEN,0.3216,0.0236,0.6548
CLUBS EIGHT HEARTS QUEEN,0.345,0.0112,0.6438
CLUBS EIGHT HEARTS KING,0.348,0.0082,0.6438
CLUBS EIGHT HEARTS ACE,0.3454,0.0036,0.651
CLUBS NINE SPADES THREE,0.006,0.9866,0.0074
CLUBS NINE SPADES TWO,0.2674,0.5092,0.2234
CLUBS NINE SPADES FIVE,0.2012,0.4562,0.3426
CLUBS NINE SPADES FOUR,0.207,0.5348,0.2582
CLUBS NINE SPADES SEVEN,0.2182,0.288,0.4938
CLUBS NINE SPADES SIX,0.2142,0.3662,0.4196
CLUBS TEN HEARTS EIGHT,0.319,0.024,0.657
CLUBS NINE SPADES EIGHT,0.208,0.2386,0.5534
CLUBS JACK HEARTS EIGHT,0.3246,0.0188,0.6566
CLUBS QUEEN HEARTS EIGHT,0.3462,0.0112,0.6426
CLUBS KING HEARTS EIGHT,0.3656,0.0106,0.6238
CLUBS ACE HEARTS EIGHT,0.3512,0.0046,0.6442
SPADES KING CLUBS KING,0.1216,0.0136,0.8648
SPADES QUEEN CLUBS KING,0.3104,0.0072,0.6824
SPADES ACE CLUBS KING,0.3166,0.005,0.6784
DIAMONDS ACE HEARTS TEN,0.3244,0.0022,0.6734
HEARTS FOUR HEARTS TEN,0.3356,0.0288,0.6356
DIAMONDS ACE HEARTS JACK,0.3348,0.0028,0.6624
HEARTS FOUR HEARTS JACK,0.3344,0.0162,0.6494
SPADES KING CLUBS FIVE,0.3472,0.0084,0.6444
SPADES QUEEN CLUBS FIVE,0.3534,0.013,0.6336
SPADES ACE CLUBS FIVE,0.3406,0.0068,0.6526
DIAMONDS JACK HEARTS SEVEN,0.351,0.0154,0.6336
HEARTS SIX DIAMONDS JACK,0.3492,0.0172,0.6336
DIAMONDS JACK HEARTS NINE,0.2312,0.0566,0.7122
DIAMONDS JACK HEARTS EIGHT,0.3356,0.0174,0.647
DIAMONDS KING DIAMONDS JACK,0.3048,0.006,0.6892
HEARTS THREE DIAMONDS JACK,0.237,0.0476,0.7154
SPADES ACE SPADES SIX,0.3238,0.0064,0.6698
SPADES FOUR HEARTS ACE,0.3588,0.0066,0.6346
DIAMONDS QUEEN DIAMONDS JACK,0.3054,0.011,0.6836
HEARTS TWO DIAMONDS JACK,0.3956,0.0192,0.5852
HEARTS FIVE DIAMONDS JACK,0.3486,0.0176,0.6338
SPADES QUEEN SPADES SIX,0.3502,0.0106,0.6392
SPADES FOUR HEARTS QUEEN,0.375,0.0126,0.6124
DIAMONDS ACE DIAMONDS JACK,0.2956,0.0048,0.6996
HEARTS FOUR DIAMONDS JACK,0.3612,0.0192,0.6196
SPADES KING SPADES SIX,0.3394,0.007,0.6536
HEARTS KING SPADES FOUR,0.3744,0.0088,0.6168
SPADES TEN SPADES SIX,0.3208,0.0296,0.6496
SPADES JACK SPADES SIX,0.341,0.015,0.644
SPADES FOUR DIAMONDS JACK,0.352,0.0154,0.6326
SPADES FIVE DIAMONDS JACK,0.3574,0.02,0.6226
DIAMONDS JACK SPADES TWO,0.3858,0.0186,0.5956
SPADES THREE DIAMONDS JACK,0.2394,0.0552,0.7054
SPADES ACE DIAMONDS THREE,0.2338,0.0196,0.7466
SPADES QUEEN DIAMONDS THREE,0.2422,0.0436,0.7142
CLUBS EIGHT DIAMONDS JACK,0.3352,0.017,0.6478
SPADES KING DIAMONDS THREE,0.2476,0.0324,0.72
CLUBS NINE DIAMONDS JACK,0.2268,0.0662,0.707
CLUBS SIX DIAMONDS JACK,0.3608,0.0204,0.6188
CLUBS SEVEN DIAMONDS JACK,0.3434,0.0184,0.6382
CLUBS FOUR DIAMONDS JACK,0.3562,0.0184,0.6254
CLUBS FIVE DIAMONDS JACK,0.3608,0.02,0.6192
CLUBS TWO DIAMONDS JACK,0.394,0.02,0.586
SPADES TEN CLUBS FIVE,0.3518,0.0274,0.6208
HEARTS SIX SPADES JACK,0.35,0.02,0.63
HEARTS SIX SPADES TEN,0.3524,0.0234,0.6242
SPADES JACK CLUBS FIVE,0.3442,0.015,0.6408
SPADES JACK DIAMONDS THREE,0.2394,0.0574,0.7032
CLUBS SEVEN CLUBS ACE,0.334,0.0054,0.6606
DIAMONDS THREE SPADES TEN,0.2282,0.0858,0.686
CLUBS SEVEN CLUBS QUEEN,0.3424,0.0126,0.645
CLUBS SEVEN CLUBS KING,0.3412,0.0064,0.6524
CLUBS TEN CLUBS SEVEN,0.3186,0.0268,0.6546
DIAMONDS ACE HEARTS ACE,0.1288,0.0036,0.8676
HEARTS FOUR HEARTS ACE,0.323,0.0042,0.6728
SPADES EIGHT DIAMONDS JACK,0.3374,0.0128,0.6498
SPADES ACE HEARTS SIX,0.3474,0.0058,0.6468
CLUBS SEVEN CLUBS JACK,0.3306,0.0176,0.6518
DIAMONDS ACE HEARTS KING,0.3336,0.0052,0.6612
HEARTS FOUR HEARTS KING,0.3296,0.0072,0.6632
SPADES SEVEN DIAMONDS JACK,0.3496,0.0184,0.632
SPADES KING HEARTS SIX,0.3544,0.0074,0.6382
DIAMONDS ACE HEARTS QUEEN,0.325,0.0034,0.6716
HEARTS FOUR HEARTS QUEEN,0.3414,0.0112,0.6474
SPADES SIX DIAMONDS JACK,0.3686,0.0188,0.6126
SPADES QUEEN HEARTS SIX,0.3596,0.0118,0.6286
SPADES TWO DIAMONDS TEN,0.3874,0.0316,0.581
SPADES THREE DIAMONDS TEN,0.2398,0.0792,0.681
SPADES FOUR DIAMONDS TEN,0.3514,0.032,0.6166
SPADES FIVE DIAMONDS TEN,0.361,0.029,0.61
SPADES SIX DIAMONDS TEN,0.355,0.0296,0.6154
SPADES SEVEN DIAMONDS TEN,0.3436,0.0298,0.6266
SPADES EIGHT DIAMONDS TEN,0.3392,0.0252,0.6356
CLUBS FOUR DIAMONDS TEN,0.3506,0.0278,0.6216
CLUBS FIVE DIAMONDS TEN,0.3502,0.0264,0.6234
CLUBS SIX DIAMONDS TEN,0.349,0.0276,0.6234
CLUBS SEVEN DIAMONDS TEN,0.3344,0.0282,0.6374
CLUBS EIGHT DIAMONDS TEN,0.3264,0.0256,0.648
CLUBS NINE DIAMONDS TEN,0.2152,0.0774,0.7074
DIAMONDS THREE CLUBS JACK,0.2304,0.0548,0.7148
CLUBS TEN DIAMONDS THREE,0.2236,0.0788,0.6976
DIAMONDS THREE CLUBS KING,0.2236,0.0356,0.7408
DIAMONDS THREE CLUBS QUEEN,0.249,0.0486,0.7024
DIAMONDS THREE CLUBS ACE,0.2348,0.0196,0.7456
SPADES FOUR HEARTS JACK,0.3496,0.0206,0.6298
SPADES FOUR HEARTS TEN,0.356,0.0304,0.6136
SPADES FIVE SPADES TWO,0.5566,0.0388,0.4046
SPADES FOUR SPADES TWO,0.548,0.0494,0.4026
SPADES THREE SPADES TWO,0.6082,0.1056,0.2862
SPADES EIGHT SPADES TWO,0.559,0.0456,0.3954
SPADES SEVEN SPADES TWO,0.581,0.043,0.376
SPADES SIX SPADES TWO,0.561,0.0436,0.3954
DIAMONDS QUEEN CLUBS TWO,0.384,0.0118,0.6042
CLUBS TWO HEARTS TWO,0.3806,0.0884,0.531
DIAMONDS QUEEN HEARTS SEVEN,0.3554,0.0106,0.634
HEARTS TWO HEARTS SEVEN,0.5582,0.0412,0.4006
HEARTS SIX DIAMONDS QUEEN,0.3646,0.0116,0.6238
HEARTS SIX HEARTS TWO,0.5462,0.0458,0.408
DIAMONDS QUEEN HEARTS NINE,0.2302,0.0476,0.7222
HEARTS TWO HEARTS NINE,0.2452,0.4928,0.262
DIAMONDS QUEEN HEARTS EIGHT,0.3636,0.0106,0.6258
HEARTS TWO HEARTS EIGHT,0.5632,0.0388,0.398
CLUBS NINE HEARTS TWO,0.2602,0.5328,0.207
CLUBS NINE DIAMONDS QUEEN,0.2292,0.0518,0.719
CLUBS EIGHT HEARTS TWO,0.5966,0.042,0.3614
CLUBS EIGHT DIAMONDS QUEEN,0.3416,0.0094,0.649
CLUBS FIVE DIAMONDS QUEEN,0.3474,0.0112,0.6414
CLUBS FIVE HEARTS TWO,0.5662,0.0474,0.3864
SPADES EIGHT HEARTS ACE,0.3536,0.0046,0.6418
DIAMONDS QUEEN CLUBS FOUR,0.3566,0.0092,0.6342
HEARTS TWO CLUBS FOUR,0.5708,0.0474,0.3818
CLUBS SEVEN DIAMONDS QUEEN,0.3676,0.0116,0.6208
CLUBS SEVEN HEARTS TWO,0.5996,0.0482,0.3522
SPADES EIGHT HEARTS QUEEN,0.364,0.0114,0.6246
CLUBS SIX DIAMONDS QUEEN,0.3452,0.0134,0.6414
CLUBS SIX HEARTS TWO,0.5802,0.0452,0.3746
SPADES EIGHT HEARTS KING,0.3518,0.0076,0.6406
DIAMONDS QUEEN SPADES SIX,0.3554,0.009,0.6356
HEARTS TWO SPADES SIX,0.593,0.047,0.36
HEARTS FOUR CLUBS QUEEN,0.3546,0.017,0.6284
DIAMONDS ACE CLUBS QUEEN,0.3094,0.0066,0.684
DIAMONDS QUEEN SPADES SEVEN,0.3776,0.0096,0.6128
SPADES SEVEN HEARTS TWO,0.6158,0.0426,0.3416
HEARTS FOUR CLUBS KING,0.3576,0.008,0.6344
DIAMONDS ACE CLUBS KING,0.3072,0.0034,0.6894
SPADES EIGHT DIAMONDS QUEEN,0.3428,0.0114,0.6458
SPADES EIGHT HEARTS TWO,0.607,0.0448,0.3482
HEARTS FOUR CLUBS ACE,0.3456,0.004,0.6504
DIAMONDS ACE CLUBS ACE,0.1278,0.0032,0.869
HEARTS TWO SPADES TWO,0.3802,0.0912,0.5286
DIAMONDS QUEEN SPADES TWO,0.4022,0.0096,0.5882
HEARTS TWO SPADES THREE,0.6466,0.1064,0.247
DIAMONDS QUEEN SPADES THREE,0.2404,0.0482,0.7114
HEARTS TWO SPADES FOUR,0.5784,0.0442,0.3774
DIAMONDS QUEEN SPADES FOUR,0.369,0.013,0.618
HEARTS FOUR CLUBS TEN,0.3638,0.025,0.6112
CLUBS TEN DIAMONDS ACE,0.302,0.006,0.692
HEARTS TWO SPADES FIVE,0.5902,0.0464,0.3634
DIAMONDS QUEEN SPADES FIVE,0.3556,0.0118,0.6326
HEARTS FOUR CLUBS JACK,0.3528,0.0206,0.6266
DIAMONDS ACE CLUBS JACK,0.309,0.0076,0.6834
CLUBS FIVE CLUBS KING,0.3532,0.0098,0.637
CLUBS FIVE CLUBS QUEEN,0.343,0.0116,0.6454
CLUBS FIVE CLUBS ACE,0.3296,0.0048,0.6656
CLUBS FIVE CLUBS JACK,0.33,0.0154,0.6546
CLUBS TEN CLUBS FIVE,0.3272,0.0322,0.6406
SPADES KING CLUBS JACK,0.3166,0.0082,0.6752
SPADES QUEEN CLUBS JACK,0.3014,0.0132,0.6854
SPADES ACE CLUBS JACK,0.3102,0.0036,0.6862
SPADES SIX CLUBS KING,0.3698,0.0094,0.6208
SPADES SIX CLUBS QUEEN,0.361,0.0124,0.6266
SPADES EIGHT HEARTS JACK,0.3408,0.0182,0.641
SPADES SIX CLUBS ACE,0.3518,0.0038,0.6444
SPADES EIGHT HEARTS TEN,0.3296,0.0236,0.6468
SPADES SIX CLUBS JACK,0.3556,0.0168,0.6276
CLUBS TEN SPADES SIX,0.3364,0.0272,0.6364
SPADES TEN CLUBS JACK,0.288,0.0164,0.6956
SPADES JACK CLUBS JACK,0.1378,0.0314,0.8308
SPADES QUEEN CLUBS SEVEN,0.3476,0.0108,0.6416
SPADES KING CLUBS SEVEN,0.3404,0.0084,0.6512
SPADES ACE CLUBS SEVEN,0.3414,0.0056,0.653
SPADES SIX HEARTS TEN,0.3496,0.022,0.6284
SPADES SIX HEARTS JACK,0.3656,0.0214,0.613
SPADES SIX HEARTS ACE,0.3566,0.004,0.6394
SPADES SIX HEARTS KING,0.3608,0.0072,0.632
SPADES SIX HEARTS QUEEN,0.362,0.0126,0.6254
CLUBS SEVEN SPADES JACK,0.3496,0.0166,0.6338
CLUBS SEVEN SPADES TEN,0.33,0.0252,0.6448
CLUBS TEN HEARTS SIX,0.3466,0.0252,0.6282
HEARTS SIX CLUBS JACK,0.3574,0.0192,0.6234
CLUBS ACE CLUBS JACK,0.309,0.0028,0.6882
HEARTS SIX CLUBS QUEEN,0.3634,0.012,0.6246
HEARTS SIX CLUBS KING,0.3608,0.0092,0.63
HEARTS SIX CLUBS ACE,0.3662,0.0054,0.6284
CLUBS QUEEN CLUBS JACK,0.298,0.0106,0.6914
CLUBS KING CLUBS JACK,0.2984,0.0066,0.695
DIAMONDS THREE HEARTS ACE,0.246,0.021,0.733
DIAMONDS THREE HEARTS QUEEN,0.2418,0.0488,0.7094
DIAMONDS THREE HEARTS KING,0.2624,0.033,0.7046
CLUBS FIVE HEARTS JACK,0.3574,0.0202,0.6224
SPADES TEN DIAMONDS ACE,0.3164,0.004,0.6796
HEARTS FOUR SPADES TEN,0.3612,0.0244,0.6144
CLUBS FIVE HEARTS TEN,0.343,0.0236,0.6334
HEARTS FOUR SPADES JACK,0.3534,0.0178,0.6288
SPADES JACK DIAMONDS ACE,0.3142,0.0036,0.6822
SPADES ACE HEARTS FOUR,0.3444,0.004,0.6516
SPADES ACE DIAMONDS ACE,0.1266,0.005,0.8684
CLUBS FIVE HEARTS ACE,0.3442,0.0052,0.6506
CLUBS FIVE HEARTS KING,0.3502,0.0074,0.6424
HEARTS FOUR SPADES QUEEN,0.3644,0.0146,0.621
SPADES QUEEN DIAMONDS ACE,0.3234,0.004,0.6726
SPADES FOUR CLUBS JACK,0.357,0.0184,0.6246
CLUBS FIVE HEARTS QUEEN,0.365,0.0156,0.6194
SPADES KING DIAMONDS ACE,0.3178,0.0032,0.679
HEARTS FOUR SPADES KING,0.359,0.0072,0.6338
CLUBS TEN SPADES FOUR,0.3536,0.0274,0.619
DIAMONDS QUEEN DIAMONDS ACE,0.3082,0.0032,0.6886
HEARTS TWO DIAMONDS ACE,0.379,0.0054,0.6156
HEARTS FOUR DIAMONDS QUEEN,0.3668,0.0126,0.6206
HEARTS FOUR HEARTS TWO,0.5498,0.0436,0.4066
DIAMONDS THREE HEARTS TEN,0.235,0.0808,0.6842
SPADES FOUR CLUBS KING,0.381,0.0098,0.6092
HEARTS FIVE DIAMONDS QUEEN,0.375,0.0138,0.6112
HEARTS FIVE HEARTS TWO,0.5418,0.0426,0.4156
DIAMONDS THREE HEARTS JACK,0.2428,0.0554,0.7018
SPADES FOUR CLUBS QUEEN,0.3698,0.0106,0.6196
DIAMONDS QUEEN HEARTS TWO,0.3918,0.0122,0.596
DIAMONDS KING DIAMONDS QUEEN,0.3068,0.0062,0.687
DIAMONDS KING HEARTS TWO,0.3822,0.0084,0.6094
HEARTS THREE DIAMONDS QUEEN,0.2356,0.0462,0.7182
HEARTS THREE HEARTS TWO,0.5792,0.1094,0.3114
SPADES FOUR CLUBS ACE,0.3484,0.0058,0.6458
HEARTS TWO CLUBS ACE,0.3674,0.0054,0.6272
DIAMONDS QUEEN CLUBS ACE,0.3248,0.0042,0.671
HEARTS TWO CLUBS QUEEN,0.3914,0.013,0.5956
DIAMONDS QUEEN CLUBS QUEEN,0.1316,0.0206,0.8478
HEARTS TWO CLUBS KING,0.3876,0.0068,0.6056
DIAMONDS QUEEN CLUBS KING,0.3244,0.0046,0.671
SPADES EIGHT SPADES FIVE,0.5182,0.0462,0.4356
CLUBS TEN HEARTS TWO,0.39,0.0312,0.5788
CLUBS TEN DIAMONDS QUEEN,0.3132,0.011,0.6758
HEARTS TWO CLUBS JACK,0.3668,0.0226,0.6106
DIAMONDS QUEEN CLUBS JACK,0.3104,0.012,0.6776
SPADES SIX SPADES FIVE,0.4944,0.04,0.4656
SPADES SEVEN SPADES FIVE,0.5164,0.0432,0.4404
DIAMONDS FIVE CLUBS QUEEN,0.3618,0.0124,0.6258
SPADES EIGHT CLUBS ACE,0.3406,0.0056,0.6538
DIAMONDS FIVE CLUBS KING,0.3604,0.005,0.6346
SPADES EIGHT CLUBS KING,0.3548,0.008,0.6372
CLUBS ACE DIAMONDS FIVE,0.3396,0.005,0.6554
SPADES EIGHT CLUBS QUEEN,0.3396,0.0132,0.6472
SPADES EIGHT CLUBS JACK,0.3388,0.0206,0.6406
CLUBS TEN SPADES EIGHT,0.3198,0.0254,0.6548
CLUBS TEN DIAMONDS FIVE,0.3594,0.0336,0.607
DIAMONDS FIVE CLUBS JACK,0.3506,0.0176,0.6318
HEARTS JACK DIAMONDS TEN,0.3174,0.0158,0.6668
DIAMONDS TEN HEARTS TEN,0.1402,0.0384,0.8214
SPADES ACE CLUBS NINE,0.216,0.026,0.758
CLUBS NINE SPADES QUEEN,0.2202,0.0462,0.7336
CLUBS NINE SPADES KING,0.214,0.0382,0.7478
HEARTS SIX HEARTS KING,0.3382,0.0088,0.653
DIAMONDS KING SPADES SEVEN,0.367,0.0098,0.6232
HEARTS THREE SPADES SEVEN,0.6482,0.1074,0.2444
SPADES KING DIAMONDS SEVEN,0.3552,0.0056,0.6392
HEARTS SIX HEARTS QUEEN,0.3354,0.0102,0.6544
DIAMONDS KING SPADES SIX,0.3428,0.0104,0.6468
HEARTS THREE SPADES SIX,0.6496,0.105,0.2454
