opposingHand,winningChance,drawChance,lostChance
SPADES JACK DIAMONDS SEVEN
HEARTS FIVE SPADES TEN,0.631,0.0156,0.3534
SPADES FIVE CLUBS JACK,0.4876,0.2962,0.2162
CLUBS TEN SPADES FIVE,0.6382,0.0174,0.3444
CLUBS EIGHT CLUBS JACK,0.2138,0.2032,0.583
CLUBS TEN CLUBS EIGHT,0.5242,0.0192,0.4566
CLUBS EIGHT CLUBS KING,0.345,0.0076,0.6474
SPADES FIVE CLUBS ACE,0.3942,0.0036,0.6022
CLUBS EIGHT CLUBS QUEEN,0.345,0.0096,0.6454
SPADES FIVE CLUBS KING,0.4052,0.0078,0.587
SPADES FIVE CLUBS QUEEN,0.4048,0.0088,0.5864
CLUBS EIGHT CLUBS ACE,0.3488,0.0022,0.649
DIAMONDS TWO DIAMONDS THREE,0.6158,0.0176,0.3666
DIAMONDS TWO DIAMONDS FIVE,0.6124,0.0168,0.3708
HEARTS FIVE SPADES KING,0.4094,0.0056,0.585
DIAMONDS TWO DIAMONDS FOUR,0.6144,0.0196,0.366
HEARTS FIVE SPADES QUEEN,0.3992,0.012,0.5888
DIAMONDS TWO DIAMONDS SIX,0.6284,0.0192,0.3524
SPADES ACE HEARTS FIVE,0.4024,0.0042,0.5934
DIAMONDS TWO DIAMONDS NINE,0.615,0.0182,0.3668
DIAMONDS TWO DIAMONDS EIGHT,0.6236,0.0156,0.3608
DIAMONDS THREE DIAMONDS FOUR,0.5858,0.018,0.3962
SPADES FOUR CLUBS TWO,0.6544,0.0202,0.3254
DIAMONDS THREE DIAMONDS FIVE,0.6022,0.0184,0.3794
SPADES FIVE CLUBS TWO,0.638,0.0174,0.3446
CLUBS TWO SPADES TWO,0.4436,0.0388,0.5176
CLUBS TWO SPADES THREE,0.6386,0.0192,0.3422
DIAMONDS THREE DIAMONDS EIGHT,0.6158,0.0156,0.3686
SPADES EIGHT CLUBS TWO,0.6468,0.0204,0.3328
DIAMONDS THREE DIAMONDS NINE,0.6008,0.0198,0.3794
SPADES NINE CLUBS TWO,0.6416,0.0192,0.3392
DIAMONDS THREE DIAMONDS SIX,0.6212,0.021,0.3578
SPADES SIX CLUBS TWO,0.6526,0.0226,0.3248
SPADES SEVEN CLUBS TWO,0.7164,0.0708,0.2128
CLUBS SIX CLUBS TWO,0.6148,0.0184,0.3668
CLUBS SEVEN CLUBS TWO,0.6668,0.0602,0.273
CLUBS FOUR CLUBS TWO,0.595,0.0194,0.3856
CLUBS FIVE CLUBS TWO,0.5816,0.0194,0.399
CLUBS TEN CLUBS JACK,0.2214,0.114,0.6646
DIAMONDS FOUR DIAMONDS SIX,0.596,0.0186,0.3854
CLUBS TEN CLUBS QUEEN,0.3244,0.009,0.6666
CLUBS TEN CLUBS KING,0.3328,0.0052,0.662
CLUBS TEN CLUBS ACE,0.3332,0.0028,0.664
CLUBS EIGHT CLUBS TWO,0.5946,0.018,0.3874
DIAMONDS FIVE DIAMONDS FOUR,0.5838,0.0188,0.3974
CLUBS NINE CLUBS TWO,0.5928,0.019,0.3882
DIAMONDS NINE DIAMONDS FOUR,0.6126,0.018,0.3694
DIAMONDS FOUR DIAMONDS EIGHT,0.5786,0.0198,0.4016
CLUBS THREE CLUBS TWO,0.593,0.0152,0.3918
DIAMONDS NINE DIAMONDS FIVE,0.5928,0.0168,0.3904
DIAMONDS TWO CLUBS JACK,0.492,0.2922,0.2158
DIAMONDS FIVE DIAMONDS EIGHT,0.5902,0.0186,0.3912
CLUBS TEN DIAMONDS TWO,0.6416,0.0182,0.3402
DIAMONDS FIVE DIAMONDS SIX,0.5866,0.0182,0.3952
DIAMONDS TWO CLUBS ACE,0.4242,0.0046,0.5712
DIAMONDS TWO CLUBS KING,0.421,0.0078,0.5712
DIAMONDS TWO CLUBS QUEEN,0.4208,0.0118,0.5674
DIAMONDS EIGHT DIAMONDS SIX,0.5636,0.0168,0.4196
DIAMONDS NINE DIAMONDS SIX,0.58,0.0184,0.4016
HEARTS ACE SPADES THREE,0.417,0.0034,0.5796
SPADES THREE HEARTS KING,0.417,0.0078,0.5752
SPADES THREE HEARTS QUEEN,0.4004,0.0108,0.5888
SPADES THREE HEARTS JACK,0.4846,0.2912,0.2242
SPADES THREE HEARTS TEN,0.6336,0.018,0.3484
DIAMONDS NINE DIAMONDS EIGHT,0.535,0.0134,0.4516
DIAMONDS KING HEARTS TEN,0.3506,0.0076,0.6418
HEARTS THREE HEARTS TEN,0.59,0.0186,0.3914
DIAMONDS KING HEARTS JACK,0.2422,0.0314,0.7264
HEARTS THREE HEARTS JACK,0.4548,0.278,0.2672
SPADES TEN CLUBS SIX,0.6344,0.0174,0.3482
SPADES TEN SPADES FIVE,0.6046,0.02,0.3754
DIAMONDS KING HEARTS ACE,0.335,0.0038,0.6612
HEARTS THREE HEARTS ACE,0.3738,0.0034,0.6228
SPADES ACE CLUBS SIX,0.4072,0.0048,0.588
DIAMONDS KING HEARTS QUEEN,0.3358,0.0048,0.6594
HEARTS THREE HEARTS QUEEN,0.3868,0.0106,0.6026
SPADES KING CLUBS SIX,0.3984,0.0046,0.597
DIAMONDS KING HEARTS KING,0.1482,0.0082,0.8436
HEARTS THREE HEARTS KING,0.3854,0.007,0.6076
SPADES QUEEN CLUBS SIX,0.4058,0.0104,0.5838
SPADES NINE HEARTS TEN,0.5694,0.0148,0.4158
SPADES NINE HEARTS JACK,0.2374,0.1642,0.5984
SPADES QUEEN SPADES FIVE,0.3728,0.0112,0.616
SPADES KING SPADES FIVE,0.3908,0.0072,0.602
SPADES ACE SPADES FIVE,0.375,0.004,0.621
SPADES NINE HEARTS QUEEN,0.3544,0.0094,0.6362
SPADES NINE HEARTS KING,0.3728,0.0074,0.6198
SPADES NINE HEARTS ACE,0.3638,0.0022,0.634
CLUBS TEN SPADES TEN,0.2792,0.019,0.7018
SPADES ACE CLUBS TEN,0.3536,0.005,0.6414
SPADES KING CLUBS TEN,0.3484,0.0078,0.6438
CLUBS TEN SPADES QUEEN,0.3396,0.0096,0.6508
SPADES FIVE HEARTS QUEEN,0.4044,0.0104,0.5852
SPADES FIVE HEARTS KING,0.409,0.0062,0.5848
SPADES FIVE HEARTS ACE,0.4222,0.004,0.5738
SPADES TEN CLUBS EIGHT,0.578,0.0148,0.4072
SPADES TEN HEARTS THREE,0.6468,0.017,0.3362
SPADES TEN DIAMONDS KING,0.3492,0.007,0.6438
CLUBS SIX HEARTS ACE,0.4022,0.0036,0.5942
SPADES ACE CLUBS EIGHT,0.3642,0.0044,0.6314
HEARTS FIVE CLUBS JACK,0.4708,0.3022,0.227
HEARTS FIVE CLUBS TEN,0.6258,0.018,0.3562
CLUBS SIX HEARTS QUEEN,0.4128,0.0106,0.5766
SPADES QUEEN CLUBS EIGHT,0.3466,0.0118,0.6416
CLUBS TEN SPADES THREE,0.6326,0.0174,0.35
CLUBS SIX HEARTS KING,0.4018,0.0066,0.5916
SPADES KING CLUBS EIGHT,0.3846,0.0082,0.6072
SPADES THREE CLUBS JACK,0.485,0.301,0.214
DIAMONDS TWO HEARTS JACK,0.4898,0.2956,0.2146
SPADES THREE CLUBS QUEEN,0.4104,0.0118,0.5778
DIAMONDS TWO HEARTS TEN,0.6444,0.0174,0.3382
SPADES THREE CLUBS KING,0.4244,0.007,0.5686
HEARTS FIVE CLUBS ACE,0.391,0.0038,0.6052
SPADES FIVE HEARTS TEN,0.6348,0.0178,0.3474
SPADES THREE CLUBS ACE,0.4128,0.0036,0.5836
HEARTS FIVE CLUBS KING,0.405,0.0066,0.5884
SPADES FIVE HEARTS JACK,0.4792,0.296,0.2248
HEARTS FIVE CLUBS QUEEN,0.397,0.0102,0.5928
HEARTS THREE CLUBS KING,0.4182,0.0064,0.5754
DIAMONDS KING CLUBS KING,0.1446,0.0066,0.8488
HEARTS THREE CLUBS QUEEN,0.4052,0.0124,0.5824
DIAMONDS KING CLUBS QUEEN,0.3236,0.0056,0.6708
HEARTS FIVE HEARTS JACK,0.447,0.2868,0.2662
HEARTS FIVE HEARTS TEN,0.589,0.0144,0.3966
HEARTS THREE CLUBS ACE,0.4214,0.0042,0.5744
DIAMONDS KING CLUBS ACE,0.336,0.0038,0.6602
SPADES ACE CLUBS QUEEN,0.3156,0.0034,0.681
SPADES KING CLUBS QUEEN,0.3206,0.005,0.6744
HEARTS THREE CLUBS JACK,0.4858,0.2942,0.22
DIAMONDS KING CLUBS JACK,0.2472,0.0318,0.721
SPADES QUEEN CLUBS QUEEN,0.152,0.0122,0.8358
CLUBS TEN HEARTS THREE,0.6222,0.0158,0.362
CLUBS TEN DIAMONDS KING,0.3438,0.0064,0.6498
CLUBS SIX CLUBS QUEEN,0.37,0.0116,0.6184
SPADES TEN CLUBS QUEEN,0.3518,0.0092,0.639
CLUBS SIX CLUBS KING,0.3816,0.0062,0.6122
CLUBS SIX CLUBS ACE,0.362,0.0026,0.6354
HEARTS FIVE HEARTS KING,0.38,0.0068,0.6132
HEARTS FIVE HEARTS QUEEN,0.375,0.0106,0.6144
CLUBS TEN CLUBS SIX,0.5848,0.0164,0.3988
HEARTS FIVE HEARTS ACE,0.3676,0.0038,0.6286
CLUBS SIX CLUBS JACK,0.4542,0.2814,0.2644
SPADES SEVEN HEARTS JACK,0.0154,0.973,0.0116
SPADES SEVEN HEARTS TEN,0.695,0.0538,0.2512
DIAMONDS TWO CLUBS TWO,0.4448,0.04,0.5152
DIAMONDS TWO CLUBS THREE,0.656,0.0178,0.3262
DIAMONDS TWO HEARTS SIX,0.6624,0.0162,0.3214
DIAMONDS TWO HEARTS QUEEN,0.4154,0.0138,0.5708
HEARTS SEVEN DIAMONDS TWO,0.7178,0.0556,0.2266
DIAMONDS TWO HEARTS KING,0.4166,0.0092,0.5742
DIAMONDS TWO HEARTS EIGHT,0.648,0.0206,0.3314
DIAMONDS TWO HEARTS ACE,0.4236,0.0044,0.572
DIAMONDS TWO HEARTS NINE,0.6308,0.0172,0.352
DIAMONDS TWO DIAMONDS QUEEN,0.3896,0.0134,0.597
DIAMONDS TWO HEARTS TWO,0.4332,0.0372,0.5296
DIAMONDS TWO DIAMONDS KING,0.3884,0.0108,0.6008
DIAMONDS TWO HEARTS THREE,0.6556,0.0194,0.325
DIAMONDS TWO DIAMONDS ACE,0.3836,0.004,0.6124
HEARTS FOUR DIAMONDS TWO,0.6284,0.017,0.3546
HEARTS FIVE DIAMONDS TWO,0.6336,0.0192,0.3472
SPADES SEVEN HEARTS ACE,0.2508,0.0258,0.7234
DIAMONDS TWO DIAMONDS TEN,0.5994,0.015,0.3856
SPADES SEVEN HEARTS KING,0.2532,0.0352,0.7116
DIAMONDS TWO DIAMONDS JACK,0.4642,0.286,0.2498
SPADES SEVEN HEARTS QUEEN,0.2534,0.043,0.7036
DIAMONDS TWO SPADES NINE,0.6408,0.0186,0.3406
DIAMONDS TWO SPADES EIGHT,0.6298,0.0176,0.3526
DIAMONDS TWO SPADES SEVEN,0.7204,0.0666,0.213
DIAMONDS TWO SPADES SIX,0.6604,0.0206,0.319
DIAMONDS TWO SPADES FIVE,0.636,0.016,0.348
DIAMONDS TWO SPADES FOUR,0.6426,0.0196,0.3378
DIAMONDS TWO SPADES THREE,0.6546,0.02,0.3254
DIAMONDS TWO SPADES TWO,0.4562,0.0396,0.5042
CLUBS NINE DIAMONDS TWO,0.6398,0.0174,0.3428
DIAMONDS TWO CLUBS EIGHT,0.6422,0.016,0.3418
CLUBS SEVEN DIAMONDS TWO,0.7146,0.0702,0.2152
DIAMONDS TWO CLUBS SIX,0.6636,0.0192,0.3172
DIAMONDS TWO CLUBS FIVE,0.6378,0.0176,0.3446
DIAMONDS TWO CLUBS FOUR,0.6582,0.0186,0.3232
CLUBS FOUR SPADES FIVE,0.5968,0.0202,0.383
CLUBS FOUR SPADES FOUR,0.4232,0.042,0.5348
CLUBS FOUR SPADES THREE,0.6338,0.0192,0.347
CLUBS FOUR SPADES TWO,0.6496,0.0182,0.3322
SPADES NINE CLUBS FOUR,0.644,0.0174,0.3386
SPADES EIGHT CLUBS FOUR,0.6232,0.0202,0.3566
SPADES SEVEN CLUBS FOUR,0.7008,0.059,0.2402
SPADES SIX CLUBS FOUR,0.6276,0.0226,0.3498
SPADES ACE DIAMONDS SIX,0.402,0.0046,0.5934
SPADES QUEEN DIAMONDS SIX,0.4032,0.011,0.5858
SPADES KING DIAMONDS SIX,0.404,0.0078,0.5882
SPADES TEN DIAMONDS SIX,0.6354,0.0178,0.3468
SPADES QUEEN SPADES TWO,0.39,0.0122,0.5978
SPADES KING SPADES TWO,0.3878,0.0098,0.6024
SPADES ACE SPADES TWO,0.383,0.0044,0.6126
DIAMONDS JACK CLUBS JACK,0.1002,0.0424,0.8574
CLUBS TEN DIAMONDS JACK,0.2192,0.1232,0.6576
DIAMONDS JACK CLUBS KING,0.2378,0.0276,0.7346
DIAMONDS JACK CLUBS QUEEN,0.2254,0.039,0.7356
DIAMONDS THREE DIAMONDS JACK,0.459,0.2826,0.2584
DIAMONDS THREE DIAMONDS TEN,0.5972,0.0188,0.384
DIAMONDS JACK CLUBS ACE,0.244,0.0188,0.7372
DIAMONDS THREE DIAMONDS KING,0.4088,0.006,0.5852
DIAMONDS THREE HEARTS THREE,0.4282,0.039,0.5328
DIAMONDS THREE DIAMONDS QUEEN,0.3882,0.0092,0.6026
DIAMONDS THREE HEARTS TWO,0.6572,0.0204,0.3224
HEARTS FIVE DIAMONDS THREE,0.624,0.0172,0.3588
DIAMONDS THREE DIAMONDS ACE,0.3974,0.005,0.5976
HEARTS FOUR DIAMONDS THREE,0.6244,0.019,0.3566
HEARTS SEVEN DIAMONDS THREE,0.6968,0.0684,0.2348
SPADES TEN SPADES NINE,0.539,0.0122,0.4488
HEARTS SIX DIAMONDS THREE,0.6426,0.0218,0.3356
DIAMONDS THREE HEARTS NINE,0.636,0.018,0.346
HEARTS JACK DIAMONDS FOUR,0.4882,0.2958,0.216
HEARTS ACE HEARTS KING,0.319,0.0044,0.6766
SPADES TEN SPADES TWO,0.6124,0.0154,0.3722
DIAMONDS THREE HEARTS EIGHT,0.6232,0.019,0.3578
HEARTS TEN DIAMONDS FOUR,0.637,0.0212,0.3418
HEARTS QUEEN DIAMONDS FOUR,0.4038,0.0122,0.584
HEARTS KING DIAMONDS FOUR,0.4156,0.006,0.5784
SPADES ACE SPADES NINE,0.3482,0.0048,0.647
HEARTS ACE DIAMONDS FOUR,0.399,0.0054,0.5956
SPADES KING SPADES NINE,0.3468,0.007,0.6462
SPADES QUEEN SPADES NINE,0.3298,0.0104,0.6598
DIAMONDS THREE SPADES NINE,0.6384,0.0196,0.342
DIAMONDS THREE SPADES EIGHT,0.6432,0.019,0.3378
DIAMONDS THREE SPADES SEVEN,0.7028,0.068,0.2292
DIAMONDS THREE SPADES SIX,0.6374,0.0204,0.3422
DIAMONDS THREE CLUBS SIX,0.6392,0.0202,0.3406
CLUBS FIVE CLUBS SIX,0.5616,0.021,0.4174
CLUBS ACE DIAMONDS FOUR,0.4086,0.0056,0.5858
CLUBS SEVEN DIAMONDS THREE,0.6988,0.0648,0.2364
CLUBS SEVEN CLUBS FIVE,0.6224,0.0562,0.3214
DIAMONDS THREE CLUBS FOUR,0.6152,0.0206,0.3642
DIAMONDS FOUR CLUBS QUEEN,0.4078,0.009,0.5832
DIAMONDS THREE CLUBS FIVE,0.6322,0.0176,0.3502
CLUBS KING DIAMONDS FOUR,0.4104,0.0082,0.5814
DIAMONDS THREE CLUBS TWO,0.6402,0.0196,0.3402
CLUBS TEN DIAMONDS FOUR,0.6272,0.0166,0.3562
DIAMONDS THREE CLUBS THREE,0.433,0.0388,0.5282
DIAMONDS FOUR CLUBS JACK,0.4804,0.3062,0.2134
DIAMONDS THREE SPADES FOUR,0.635,0.02,0.345
DIAMONDS THREE SPADES FIVE,0.6266,0.02,0.3534
DIAMONDS THREE SPADES TWO,0.6636,0.0172,0.3192
DIAMONDS THREE SPADES THREE,0.4384,0.0426,0.519
CLUBS EIGHT DIAMONDS THREE,0.6402,0.0166,0.3432
CLUBS NINE DIAMONDS THREE,0.6336,0.0202,0.3462
SPADES SEVEN CLUBS ACE,0.2632,0.0226,0.7142
SPADES SEVEN CLUBS QUEEN,0.2614,0.0438,0.6948
SPADES SEVEN CLUBS KING,0.2464,0.0346,0.719
CLUBS FIVE SPADES SEVEN,0.668,0.052,0.28
CLUBS TEN SPADES SEVEN,0.687,0.0586,0.2544
CLUBS FIVE SPADES SIX,0.6054,0.0238,0.3708
SPADES SEVEN CLUBS JACK,0.0134,0.9758,0.0108
SPADES NINE CLUBS FIVE,0.6244,0.0144,0.3612
CLUBS FIVE SPADES EIGHT,0.6074,0.0202,0.3724
CLUBS FIVE SPADES THREE,0.609,0.0194,0.3716
CLUBS FIVE SPADES TWO,0.6338,0.0198,0.3464
CLUBS FIVE SPADES FIVE,0.4178,0.0364,0.5458
CLUBS FIVE SPADES FOUR,0.6154,0.019,0.3656
CLUBS NINE CLUBS FIVE,0.5744,0.0182,0.4074
CLUBS EIGHT CLUBS FIVE,0.5638,0.017,0.4192
CLUBS ACE CLUBS QUEEN,0.315,0.0036,0.6814
CLUBS KING CLUBS QUEEN,0.3092,0.0068,0.684
DIAMONDS TEN DIAMONDS FOUR,0.602,0.0172,0.3808
CLUBS TEN DIAMONDS NINE,0.5616,0.0176,0.4208
DIAMONDS JACK DIAMONDS FOUR,0.4582,0.2748,0.267
DIAMONDS NINE CLUBS JACK,0.2222,0.1686,0.6092
SPADES NINE CLUBS JACK,0.23,0.161,0.609
CLUBS TEN SPADES NINE,0.5662,0.0144,0.4194
DIAMONDS ACE DIAMONDS FOUR,0.3842,0.004,0.6118
HEARTS FOUR DIAMONDS FOUR,0.4302,0.0408,0.529
DIAMONDS JACK HEARTS TEN,0.2262,0.123,0.6508
SPADES NINE CLUBS KING,0.377,0.0072,0.6158
DIAMONDS TWO SPADES TEN,0.6338,0.0178,0.3484
DIAMONDS NINE CLUBS ACE,0.3672,0.004,0.6288
HEARTS FIVE DIAMONDS FOUR,0.6004,0.0202,0.3794
DIAMONDS JACK HEARTS JACK,0.1012,0.0364,0.8624
SPADES NINE CLUBS QUEEN,0.3536,0.0104,0.636
DIAMONDS QUEEN DIAMONDS FOUR,0.383,0.011,0.606
HEARTS TWO DIAMONDS FOUR,0.6382,0.0232,0.3386
DIAMONDS NINE CLUBS QUEEN,0.3506,0.0098,0.6396
DIAMONDS KING DIAMONDS FOUR,0.3814,0.0074,0.6112
HEARTS THREE DIAMONDS FOUR,0.641,0.02,0.339
SPADES NINE CLUBS ACE,0.379,0.0046,0.6164
DIAMONDS NINE CLUBS KING,0.3584,0.0076,0.634
HEARTS ACE DIAMONDS JACK,0.2426,0.02,0.7374
SPADES ACE DIAMONDS TWO,0.4038,0.0044,0.5918
HEARTS QUEEN DIAMONDS JACK,0.2196,0.0438,0.7366
SPADES QUEEN DIAMONDS TWO,0.4142,0.012,0.5738
HEARTS KING DIAMONDS JACK,0.223,0.03,0.747
SPADES KING DIAMONDS TWO,0.4156,0.0094,0.575
SPADES TEN SPADES SEVEN,0.6778,0.057,0.2652
CLUBS SEVEN CLUBS THREE,0.6554,0.059,0.2856
CLUBS SIX CLUBS THREE,0.5972,0.0162,0.3866
CLUBS FIVE CLUBS THREE,0.5808,0.016,0.4032
CLUBS THREE CLUBS FOUR,0.586,0.022,0.392
CLUBS NINE CLUBS THREE,0.6008,0.0152,0.384
CLUBS EIGHT CLUBS THREE,0.586,0.0174,0.3966
CLUBS THREE SPADES FIVE,0.6078,0.0216,0.3706
CLUBS THREE SPADES FOUR,0.6304,0.0184,0.3512
CLUBS THREE SPADES THREE,0.432,0.04,0.528
CLUBS THREE SPADES TWO,0.6362,0.019,0.3448
CLUBS THREE SPADES SIX,0.6358,0.0202,0.344
SPADES SEVEN CLUBS THREE,0.7064,0.0662,0.2274
SPADES EIGHT CLUBS THREE,0.6368,0.018,0.3452
SPADES NINE CLUBS THREE,0.6328,0.0176,0.3496
SPADES TWO DIAMONDS FOUR,0.6374,0.02,0.3426
SPADES THREE DIAMONDS FOUR,0.6376,0.0208,0.3416
SPADES FOUR DIAMONDS FOUR,0.4426,0.0412,0.5162
SPADES FIVE DIAMONDS FOUR,0.617,0.0188,0.3642
SPADES SIX DIAMONDS FOUR,0.6366,0.0164,0.347
SPADES SEVEN DIAMONDS FOUR,0.6916,0.0614,0.247
SPADES EIGHT DIAMONDS FOUR,0.6334,0.0206,0.346
SPADES NINE DIAMONDS FOUR,0.6422,0.0182,0.3396
CLUBS FIVE DIAMONDS FOUR,0.5996,0.0192,0.3812
CLUBS FOUR DIAMONDS FOUR,0.4258,0.0366,0.5376
CLUBS SEVEN DIAMONDS FOUR,0.684,0.0634,0.2526
CLUBS SIX DIAMONDS FOUR,0.6202,0.02,0.3598
CLUBS NINE DIAMONDS FOUR,0.648,0.0156,0.3364
CLUBS EIGHT DIAMONDS FOUR,0.6412,0.0172,0.3416
HEARTS SEVEN DIAMONDS FOUR,0.6808,0.0626,0.2566
HEARTS SIX DIAMONDS FOUR,0.6274,0.0182,0.3544
DIAMONDS FOUR HEARTS NINE,0.6316,0.019,0.3494
DIAMONDS FOUR HEARTS EIGHT,0.6306,0.024,0.3454
CLUBS THREE DIAMONDS FOUR,0.6252,0.0214,0.3534
CLUBS TWO DIAMONDS FOUR,0.651,0.0182,0.3308
DIAMONDS TEN DIAMONDS FIVE,0.6048,0.016,0.3792
DIAMONDS JACK DIAMONDS FIVE,0.4584,0.27,0.2716
DIAMONDS NINE HEARTS QUEEN,0.3408,0.01,0.6492
DIAMONDS NINE HEARTS KING,0.3506,0.0068,0.6426
HEARTS ACE DIAMONDS NINE,0.356,0.0034,0.6406
DIAMONDS NINE HEARTS TEN,0.5668,0.0168,0.4164
DIAMONDS NINE HEARTS JACK,0.2148,0.1694,0.6158
CLUBS KING DIAMONDS SIX,0.4004,0.007,0.5926
CLUBS QUEEN DIAMONDS SIX,0.4022,0.0136,0.5842
CLUBS ACE DIAMONDS SIX,0.4126,0.006,0.5814
SPADES KING DIAMONDS FOUR,0.4146,0.011,0.5744
SPADES ACE SPADES SEVEN,0.2318,0.0248,0.7434
SPADES QUEEN DIAMONDS FOUR,0.4052,0.012,0.5828
SPADES QUEEN SPADES SEVEN,0.243,0.0416,0.7154
CLUBS JACK DIAMONDS SIX,0.4816,0.303,0.2154
SPADES KING SPADES SEVEN,0.24,0.0296,0.7304
SPADES ACE DIAMONDS FOUR,0.383,0.0032,0.6138
CLUBS TEN DIAMONDS SIX,0.625,0.017,0.358
CLUBS NINE CLUBS FOUR,0.5938,0.0168,0.3894
CLUBS EIGHT CLUBS FOUR,0.5864,0.0148,0.3988
SPADES TEN DIAMONDS FOUR,0.6434,0.0218,0.3348
CLUBS FIVE CLUBS FOUR,0.5734,0.0164,0.4102
CLUBS SEVEN CLUBS FOUR,0.6348,0.0646,0.3006
CLUBS SIX CLUBS FOUR,0.5886,0.0208,0.3906
CLUBS SEVEN SPADES EIGHT,0.6702,0.0572,0.2726
CLUBS SEVEN SPADES NINE,0.686,0.0544,0.2596
CLUBS SEVEN SPADES SIX,0.6718,0.0646,0.2636
CLUBS SEVEN SPADES SEVEN,0.3048,0.0402,0.655
CLUBS SEVEN SPADES FIVE,0.6794,0.0596,0.261
CLUBS SEVEN SPADES FOUR,0.6836,0.065,0.2514
CLUBS SEVEN SPADES THREE,0.7008,0.059,0.2402
CLUBS SEVEN SPADES TWO,0.7084,0.0678,0.2238
CLUBS NINE CLUBS SEVEN,0.6338,0.0496,0.3166
CLUBS SEVEN CLUBS EIGHT,0.623,0.0532,0.3238
HEARTS SIX DIAMONDS FIVE,0.6148,0.0194,0.3658
HEARTS SEVEN DIAMONDS FIVE,0.6698,0.0616,0.2686
DIAMONDS FIVE HEARTS EIGHT,0.6216,0.0198,0.3586
DIAMONDS FIVE HEARTS NINE,0.6136,0.0184,0.368
DIAMONDS QUEEN DIAMONDS FIVE,0.3886,0.012,0.5994
HEARTS TWO DIAMONDS FIVE,0.6366,0.0188,0.3446
HEARTS KING HEARTS EIGHT,0.3434,0.0064,0.6502
DIAMONDS KING DIAMONDS FIVE,0.3806,0.007,0.6124
HEARTS THREE DIAMONDS FIVE,0.6118,0.0164,0.3718
HEARTS QUEEN HEARTS EIGHT,0.3344,0.0092,0.6564
DIAMONDS ACE DIAMONDS FIVE,0.3808,0.0044,0.6148
HEARTS FOUR DIAMONDS FIVE,0.6104,0.0198,0.3698
HEARTS FIVE DIAMONDS FIVE,0.4274,0.0376,0.535
HEARTS ACE HEARTS EIGHT,0.3514,0.0036,0.645
CLUBS FOUR DIAMONDS FIVE,0.6114,0.021,0.3676
CLUBS FIVE DIAMONDS FIVE,0.417,0.0332,0.5498
CLUBS SIX DIAMONDS FIVE,0.6142,0.0196,0.3662
CLUBS SEVEN DIAMONDS FIVE,0.669,0.0568,0.2742
CLUBS TWO DIAMONDS FIVE,0.6322,0.0202,0.3476
CLUBS THREE DIAMONDS FIVE,0.6328,0.0186,0.3486
SPADES THREE DIAMONDS FIVE,0.6314,0.017,0.3516
SPADES TWO DIAMONDS FIVE,0.6298,0.0234,0.3468
SPADES FIVE DIAMONDS FIVE,0.4268,0.0352,0.538
CLUBS TEN HEARTS JACK,0.2312,0.1248,0.644
SPADES TEN DIAMONDS EIGHT,0.5752,0.017,0.4078
SPADES FOUR DIAMONDS FIVE,0.6138,0.019,0.3672
HEARTS JACK CLUBS JACK,0.1082,0.034,0.8578
HEARTS JACK CLUBS QUEEN,0.2388,0.0402,0.721
CLUBS NINE DIAMONDS FIVE,0.6262,0.0174,0.3564
CLUBS KING HEARTS JACK,0.2434,0.0242,0.7324
CLUBS EIGHT DIAMONDS FIVE,0.6248,0.02,0.3552
CLUBS ACE HEARTS JACK,0.2396,0.0194,0.741
SPADES SEVEN DIAMONDS FIVE,0.6724,0.0604,0.2672
SPADES KING DIAMONDS EIGHT,0.3504,0.0062,0.6434
SPADES SIX DIAMONDS FIVE,0.6188,0.0206,0.3606
SPADES QUEEN DIAMONDS EIGHT,0.3442,0.01,0.6458
SPADES NINE DIAMONDS FIVE,0.6274,0.0198,0.3528
SPADES EIGHT DIAMONDS FIVE,0.6168,0.018,0.3652
SPADES ACE DIAMONDS EIGHT,0.3472,0.0042,0.6486
DIAMONDS TEN DIAMONDS SIX,0.588,0.016,0.396
DIAMONDS JACK DIAMONDS SIX,0.4626,0.2794,0.258
DIAMONDS ACE DIAMONDS SIX,0.3706,0.0038,0.6256
HEARTS FOUR DIAMONDS SIX,0.6282,0.0196,0.3522
SPADES TWO HEARTS JACK,0.4804,0.3038,0.2158
HEARTS FIVE DIAMONDS SIX,0.6184,0.0162,0.3654
SPADES TWO HEARTS TEN,0.6426,0.0178,0.3396
DIAMONDS QUEEN DIAMONDS SIX,0.3694,0.0102,0.6204
HEARTS TWO DIAMONDS SIX,0.657,0.0178,0.3252
DIAMONDS KING DIAMONDS SIX,0.3854,0.007,0.6076
HEARTS THREE DIAMONDS SIX,0.6436,0.0176,0.3388
HEARTS EIGHT DIAMONDS SIX,0.6016,0.0144,0.384
HEARTS NINE DIAMONDS SIX,0.6264,0.0166,0.357
HEARTS SIX DIAMONDS SIX,0.4136,0.0358,0.5506
HEARTS SEVEN DIAMONDS SIX,0.6758,0.0654,0.2588
CLUBS TWO DIAMONDS SIX,0.6606,0.0204,0.319
CLUBS THREE DIAMONDS SIX,0.6426,0.0214,0.336
CLUBS SEVEN DIAMONDS SIX,0.6718,0.061,0.2672
DIAMONDS EIGHT CLUBS JACK,0.2166,0.222,0.5614
CLUBS SIX DIAMONDS SIX,0.4274,0.0372,0.5354
CLUBS TEN DIAMONDS EIGHT,0.5638,0.0156,0.4206
CLUBS FIVE DIAMONDS SIX,0.6112,0.0184,0.3704
CLUBS FOUR DIAMONDS SIX,0.6322,0.0172,0.3506
HEARTS ACE HEARTS JACK,0.24,0.0166,0.7434
CLUBS ACE DIAMONDS EIGHT,0.3692,0.0046,0.6262
HEARTS QUEEN HEARTS JACK,0.2236,0.0422,0.7342
CLUBS KING DIAMONDS EIGHT,0.3574,0.006,0.6366
CLUBS NINE DIAMONDS SIX,0.6282,0.0184,0.3534
HEARTS KING HEARTS JACK,0.227,0.0268,0.7462
CLUBS QUEEN DIAMONDS EIGHT,0.3586,0.0102,0.6312
CLUBS EIGHT DIAMONDS SIX,0.6182,0.0156,0.3662
SPADES TEN HEARTS KING,0.3536,0.0068,0.6396
SPADES FIVE DIAMONDS SIX,0.6076,0.0174,0.375
HEARTS ACE SPADES TWO,0.4066,0.0042,0.5892
SPADES FOUR DIAMONDS SIX,0.6216,0.0186,0.3598
SPADES THREE DIAMONDS SIX,0.6536,0.0164,0.33
HEARTS QUEEN SPADES TWO,0.4222,0.0088,0.569
SPADES ACE SPADES KING,0.302,0.0038,0.6942
SPADES TWO HEARTS KING,0.4286,0.0066,0.5648
SPADES TWO DIAMONDS SIX,0.6648,0.017,0.3182
HEARTS TEN HEARTS EIGHT,0.5306,0.0172,0.4522
SPADES NINE DIAMONDS SIX,0.6244,0.0188,0.3568
HEARTS JACK HEARTS EIGHT,0.2104,0.2086,0.581
SPADES EIGHT DIAMONDS SIX,0.6186,0.0188,0.3626
SPADES SEVEN DIAMONDS SIX,0.6804,0.0602,0.2594
SPADES SIX DIAMONDS SIX,0.425,0.0422,0.5328
SPADES KING HEARTS KING,0.1452,0.0068,0.848
SPADES QUEEN HEARTS KING,0.3204,0.0082,0.6714
CLUBS ACE CLUBS KING,0.318,0.0038,0.6782
SPADES ACE HEARTS KING,0.3198,0.0036,0.6766
SPADES ACE HEARTS JACK,0.2348,0.0206,0.7446
SPADES QUEEN HEARTS JACK,0.222,0.038,0.74
SPADES KING HEARTS JACK,0.2392,0.0308,0.73
SPADES TEN DIAMONDS TEN,0.284,0.0204,0.6956
SPADES ACE DIAMONDS TEN,0.3432,0.0046,0.6522
SPADES TEN HEARTS JACK,0.2396,0.1184,0.642
SPADES QUEEN DIAMONDS TEN,0.3202,0.0102,0.6696
SPADES KING DIAMONDS TEN,0.3372,0.0064,0.6564
HEARTS KING DIAMONDS FIVE,0.4022,0.0066,0.5912
HEARTS QUEEN DIAMONDS FIVE,0.3952,0.0104,0.5944
HEARTS ACE DIAMONDS FIVE,0.4036,0.0038,0.5926
DIAMONDS FIVE HEARTS JACK,0.4754,0.303,0.2216
HEARTS TEN DIAMONDS FIVE,0.637,0.0198,0.3432
SPADES KING CLUBS TWO,0.42,0.0076,0.5724
HEARTS KING CLUBS KING,0.1498,0.0066,0.8436
SPADES QUEEN CLUBS TWO,0.4188,0.0104,0.5708
HEARTS KING CLUBS QUEEN,0.329,0.0062,0.6648
SPADES TWO CLUBS JACK,0.4874,0.2948,0.2178
SPADES ACE CLUBS TWO,0.4048,0.0046,0.5906
CLUBS TEN SPADES TWO,0.6456,0.0184,0.336
HEARTS KING CLUBS ACE,0.3394,0.002,0.6586
CLUBS SEVEN CLUBS SIX,0.6192,0.061,0.3198
SPADES TWO CLUBS KING,0.4282,0.0084,0.5634
CLUBS EIGHT CLUBS SIX,0.568,0.0158,0.4162
SPADES TWO CLUBS QUEEN,0.4204,0.009,0.5706
CLUBS NINE CLUBS SIX,0.565,0.0124,0.4226
HEARTS KING CLUBS JACK,0.2556,0.023,0.7214
SPADES TWO CLUBS ACE,0.4256,0.0048,0.5696
CLUBS TEN HEARTS KING,0.3396,0.0038,0.6566
CLUBS SIX SPADES TWO,0.6652,0.0204,0.3144
CLUBS SIX SPADES THREE,0.6418,0.0166,0.3416
CLUBS SIX SPADES FOUR,0.6286,0.0174,0.354
CLUBS SIX SPADES FIVE,0.6132,0.0148,0.372
CLUBS SIX SPADES SIX,0.4318,0.0388,0.5294
CLUBS SIX SPADES SEVEN,0.6756,0.0596,0.2648
SPADES EIGHT CLUBS SIX,0.6072,0.0176,0.3752
SPADES NINE CLUBS SIX,0.6304,0.017,0.3526
SPADES TEN CLUBS TWO,0.634,0.0208,0.3452
CLUBS TWO CLUBS QUEEN,0.3862,0.0106,0.6032
CLUBS TWO CLUBS KING,0.392,0.0062,0.6018
CLUBS THREE DIAMONDS EIGHT,0.6482,0.0174,0.3344
CLUBS TWO CLUBS ACE,0.3856,0.0056,0.6088
CLUBS TWO DIAMONDS EIGHT,0.6414,0.02,0.3386
HEARTS SEVEN DIAMONDS EIGHT,0.6524,0.052,0.2956
HEARTS SIX DIAMONDS EIGHT,0.6104,0.0168,0.3728
DIAMONDS EIGHT HEARTS NINE,0.5568,0.0154,0.4278
CLUBS TEN CLUBS TWO,0.5944,0.0146,0.391
HEARTS EIGHT DIAMONDS EIGHT,0.2958,0.0304,0.6738
CLUBS TWO CLUBS JACK,0.4554,0.2766,0.268
CLUBS NINE DIAMONDS EIGHT,0.5626,0.0152,0.4222
CLUBS EIGHT DIAMONDS EIGHT,0.3046,0.0316,0.6638
CLUBS FIVE DIAMONDS EIGHT,0.609,0.0188,0.3722
SPADES ACE SPADES THREE,0.3858,0.0044,0.6098
CLUBS FOUR DIAMONDS EIGHT,0.6198,0.0164,0.3638
CLUBS SEVEN DIAMONDS EIGHT,0.6598,0.0564,0.2838
SPADES QUEEN SPADES THREE,0.3838,0.0126,0.6036
CLUBS SIX DIAMONDS EIGHT,0.6,0.019,0.381
SPADES KING SPADES THREE,0.3866,0.0084,0.605
DIAMONDS QUEEN DIAMONDS EIGHT,0.3462,0.0102,0.6436
HEARTS TWO DIAMONDS EIGHT,0.6294,0.02,0.3506
DIAMONDS KING DIAMONDS EIGHT,0.3498,0.0066,0.6436
HEARTS THREE DIAMONDS EIGHT,0.634,0.0172,0.3488
DIAMONDS ACE DIAMONDS EIGHT,0.3526,0.0044,0.643
HEARTS FOUR DIAMONDS EIGHT,0.6234,0.0202,0.3564
HEARTS FIVE DIAMONDS EIGHT,0.6,0.0182,0.3818
DIAMONDS TEN DIAMONDS EIGHT,0.5492,0.0188,0.432
DIAMONDS JACK DIAMONDS EIGHT,0.2192,0.2166,0.5642
SPADES TEN SPADES THREE,0.606,0.0154,0.3786
CLUBS FOUR HEARTS ACE,0.4046,0.0032,0.5922
CLUBS FOUR HEARTS QUEEN,0.4076,0.0104,0.582
CLUBS FOUR HEARTS KING,0.4158,0.0064,0.5778
CLUBS SIX HEARTS TEN,0.62,0.0168,0.3632
CLUBS SIX HEARTS JACK,0.4832,0.2898,0.227
SPADES FOUR DIAMONDS EIGHT,0.6356,0.0158,0.3486
SPADES FIVE DIAMONDS EIGHT,0.6174,0.017,0.3656
SPADES TWO DIAMONDS EIGHT,0.643,0.0158,0.3412
SPADES THREE DIAMONDS EIGHT,0.6358,0.0162,0.348
CLUBS FOUR HEARTS JACK,0.4704,0.2938,0.2358
SPADES EIGHT DIAMONDS EIGHT,0.2984,0.0348,0.6668
SPADES TEN HEARTS TWO,0.639,0.0152,0.3458
SPADES TEN DIAMONDS QUEEN,0.3414,0.0094,0.6492
CLUBS FOUR HEARTS TEN,0.6298,0.0184,0.3518
SPADES NINE DIAMONDS EIGHT,0.5692,0.0162,0.4146
SPADES TEN HEARTS EIGHT,0.596,0.0158,0.3882
SPADES SIX DIAMONDS EIGHT,0.5998,0.0156,0.3846
SPADES SEVEN DIAMONDS EIGHT,0.6614,0.0552,0.2834
SPADES ACE HEARTS TWO,0.4074,0.0046,0.588
SPADES ACE DIAMONDS QUEEN,0.3288,0.0052,0.666
SPADES ACE HEARTS EIGHT,0.3528,0.0032,0.644
SPADES KING HEARTS EIGHT,0.3552,0.009,0.6358
SPADES QUEEN HEARTS TWO,0.4104,0.0118,0.5778
SPADES QUEEN DIAMONDS QUEEN,0.1404,0.0104,0.8492
SPADES KING DIAMONDS QUEEN,0.3282,0.0078,0.664
SPADES KING HEARTS TWO,0.421,0.0092,0.5698
SPADES QUEEN HEARTS EIGHT,0.3622,0.0072,0.6306
CLUBS TWO HEARTS TEN,0.632,0.0182,0.3498
CLUBS TWO HEARTS JACK,0.4834,0.2842,0.2324
SPADES SEVEN DIAMONDS NINE,0.6868,0.0514,0.2618
SPADES SIX DIAMONDS NINE,0.6236,0.0202,0.3562
SPADES NINE DIAMONDS NINE,0.29,0.0324,0.6776
SPADES EIGHT DIAMONDS NINE,0.5536,0.0178,0.4286
SPADES TEN CLUBS KING,0.348,0.0088,0.6432
DIAMONDS NINE SPADES THREE,0.6246,0.0168,0.3586
DIAMONDS NINE SPADES TWO,0.6428,0.0204,0.3368
SPADES FIVE DIAMONDS NINE,0.6222,0.0182,0.3596
SPADES FOUR DIAMONDS NINE,0.6344,0.0172,0.3484
CLUBS NINE DIAMONDS NINE,0.2758,0.0282,0.696
CLUBS EIGHT DIAMONDS NINE,0.562,0.014,0.424
CLUBS SIX DIAMONDS NINE,0.6204,0.0178,0.3618
CLUBS SEVEN DIAMONDS NINE,0.6728,0.0574,0.2698
SPADES TEN CLUBS FOUR,0.6414,0.0184,0.3402
CLUBS FOUR DIAMONDS NINE,0.6174,0.0168,0.3658
CLUBS FIVE DIAMONDS NINE,0.617,0.0186,0.3644
CLUBS TWO DIAMONDS NINE,0.6324,0.0204,0.3472
CLUBS THREE DIAMONDS NINE,0.6144,0.0202,0.3654
DIAMONDS NINE HEARTS EIGHT,0.5492,0.0164,0.4344
DIAMONDS NINE HEARTS NINE,0.2856,0.0302,0.6842
HEARTS SIX DIAMONDS NINE,0.5892,0.0176,0.3932
HEARTS SEVEN DIAMONDS NINE,0.6652,0.0584,0.2764
CLUBS NINE CLUBS EIGHT,0.533,0.0146,0.4524
DIAMONDS ACE DIAMONDS NINE,0.3494,0.0046,0.646
HEARTS FOUR DIAMONDS NINE,0.6386,0.0186,0.3428
HEARTS FIVE DIAMONDS NINE,0.6166,0.0206,0.3628
HEARTS ACE CLUBS TWO,0.4082,0.0024,0.5894
SPADES ACE CLUBS FOUR,0.3962,0.0042,0.5996
DIAMONDS NINE DIAMONDS QUEEN,0.3354,0.0108,0.6538
HEARTS TWO DIAMONDS NINE,0.6366,0.016,0.3474
CLUBS TWO HEARTS KING,0.4132,0.0064,0.5804
SPADES KING CLUBS FOUR,0.4086,0.0064,0.585
DIAMONDS KING DIAMONDS NINE,0.3292,0.0062,0.6646
HEARTS THREE DIAMONDS NINE,0.6334,0.0202,0.3464
CLUBS TWO HEARTS QUEEN,0.4212,0.0118,0.567
SPADES QUEEN CLUBS FOUR,0.4004,0.0114,0.5882
DIAMONDS NINE DIAMONDS JACK,0.2072,0.1688,0.624
CLUBS EIGHT SPADES NINE,0.563,0.015,0.422
DIAMONDS TEN DIAMONDS NINE,0.5316,0.017,0.4514
CLUBS EIGHT SPADES EIGHT,0.2934,0.0332,0.6734
CLUBS EIGHT SPADES SEVEN,0.6644,0.057,0.2786
CLUBS EIGHT SPADES SIX,0.6126,0.0186,0.3688
CLUBS EIGHT SPADES FIVE,0.6198,0.0148,0.3654
CLUBS EIGHT SPADES FOUR,0.635,0.0142,0.3508
CLUBS EIGHT SPADES THREE,0.6438,0.0142,0.342
CLUBS EIGHT SPADES TWO,0.6504,0.0196,0.33
HEARTS SIX DIAMONDS TEN,0.6226,0.019,0.3584
HEARTS SEVEN DIAMONDS TEN,0.6964,0.0534,0.2502
DIAMONDS TEN HEARTS EIGHT,0.5666,0.0182,0.4152
CLUBS FOUR CLUBS JACK,0.4374,0.2802,0.2824
DIAMONDS TEN HEARTS NINE,0.5522,0.0158,0.432
CLUBS TEN CLUBS FOUR,0.5818,0.0182,0.4
CLUBS FOUR CLUBS KING,0.3704,0.0066,0.623
CLUBS FOUR CLUBS QUEEN,0.3774,0.0122,0.6104
DIAMONDS TEN CLUBS TWO,0.6342,0.0202,0.3456
CLUBS THREE DIAMONDS TEN,0.6186,0.0188,0.3626
CLUBS FOUR CLUBS ACE,0.386,0.004,0.61
DIAMONDS TEN DIAMONDS JACK,0.2228,0.124,0.6532
DIAMONDS TEN DIAMONDS QUEEN,0.3136,0.0096,0.6768
HEARTS TWO DIAMONDS TEN,0.6374,0.0194,0.3432
DIAMONDS KING DIAMONDS TEN,0.3328,0.0068,0.6604
HEARTS THREE DIAMONDS TEN,0.6388,0.0174,0.3438
DIAMONDS ACE DIAMONDS TEN,0.3392,0.0048,0.656
HEARTS FOUR DIAMONDS TEN,0.6288,0.017,0.3542
CLUBS EIGHT HEARTS JACK,0.2244,0.2218,0.5538
HEARTS FIVE DIAMONDS TEN,0.636,0.0166,0.3474
CLUBS EIGHT HEARTS TEN,0.57,0.0132,0.4168
CLUBS EIGHT HEARTS QUEEN,0.3684,0.0098,0.6218
CLUBS EIGHT HEARTS KING,0.3826,0.0048,0.6126
CLUBS EIGHT HEARTS ACE,0.3678,0.0044,0.6278
CLUBS NINE SPADES THREE,0.647,0.0174,0.3356
CLUBS NINE SPADES TWO,0.6432,0.0178,0.339
CLUBS NINE SPADES FIVE,0.631,0.015,0.354
CLUBS NINE SPADES FOUR,0.6406,0.0146,0.3448
CLUBS NINE SPADES SEVEN,0.6896,0.0584,0.252
CLUBS NINE SPADES SIX,0.6142,0.0186,0.3672
CLUBS NINE SPADES NINE,0.294,0.0266,0.6794
CLUBS TEN HEARTS EIGHT,0.5756,0.0154,0.409
CLUBS NINE SPADES EIGHT,0.5708,0.0148,0.4144
HEARTS EIGHT CLUBS JACK,0.2272,0.2216,0.5512
CLUBS QUEEN HEARTS EIGHT,0.3604,0.0118,0.6278
CLUBS KING HEARTS EIGHT,0.3668,0.005,0.6282
CLUBS ACE HEARTS EIGHT,0.3662,0.0022,0.6316
SPADES KING CLUBS KING,0.1422,0.0058,0.852
SPADES QUEEN CLUBS KING,0.3182,0.008,0.6738
SPADES ACE CLUBS KING,0.331,0.0034,0.6656
DIAMONDS ACE HEARTS TEN,0.3496,0.0038,0.6466
HEARTS FOUR HEARTS TEN,0.5748,0.0176,0.4076
DIAMONDS ACE HEARTS JACK,0.239,0.0214,0.7396
HEARTS FOUR HEARTS JACK,0.4414,0.2852,0.2734
SPADES KING CLUBS FIVE,0.3962,0.009,0.5948
SPADES QUEEN CLUBS FIVE,0.3836,0.012,0.6044
SPADES ACE CLUBS FIVE,0.3876,0.0044,0.608
HEARTS SEVEN DIAMONDS JACK,0.0104,0.9744,0.0152
HEARTS SIX DIAMONDS JACK,0.4812,0.2878,0.231
DIAMONDS JACK HEARTS NINE,0.2142,0.171,0.6148
DIAMONDS JACK HEARTS EIGHT,0.222,0.2192,0.5588
DIAMONDS KING DIAMONDS JACK,0.235,0.0318,0.7332
HEARTS THREE DIAMONDS JACK,0.4742,0.3,0.2258
SPADES ACE SPADES SIX,0.3966,0.004,0.5994
HEARTS ACE SPADES FOUR,0.402,0.0038,0.5942
DIAMONDS QUEEN DIAMONDS JACK,0.218,0.0424,0.7396
HEARTS TWO DIAMONDS JACK,0.4692,0.3004,0.2304
HEARTS FIVE DIAMONDS JACK,0.4664,0.3082,0.2254
SPADES QUEEN SPADES SIX,0.3854,0.011,0.6036
SPADES FOUR HEARTS QUEEN,0.4114,0.0128,0.5758
DIAMONDS ACE DIAMONDS JACK,0.243,0.02,0.737
HEARTS FOUR DIAMONDS JACK,0.4698,0.296,0.2342
SPADES KING SPADES SIX,0.3882,0.0076,0.6042
SPADES FOUR HEARTS KING,0.4168,0.008,0.5752
SPADES TEN SPADES SIX,0.5896,0.017,0.3934
SPADES FOUR DIAMONDS JACK,0.4758,0.305,0.2192
SPADES FIVE DIAMONDS JACK,0.4812,0.3042,0.2146
SPADES TWO DIAMONDS JACK,0.4852,0.3004,0.2144
SPADES THREE DIAMONDS JACK,0.4712,0.3056,0.2232
SPADES ACE DIAMONDS THREE,0.3954,0.005,0.5996
SPADES QUEEN DIAMONDS THREE,0.4046,0.0102,0.5852
CLUBS EIGHT DIAMONDS JACK,0.2184,0.2294,0.5522
SPADES KING DIAMONDS THREE,0.4026,0.0086,0.5888
CLUBS NINE DIAMONDS JACK,0.2128,0.1656,0.6216
CLUBS SIX DIAMONDS JACK,0.475,0.3024,0.2226
CLUBS SEVEN DIAMONDS JACK,0.0098,0.9712,0.019
CLUBS FOUR DIAMONDS JACK,0.4692,0.3004,0.2304
CLUBS FIVE DIAMONDS JACK,0.4816,0.2934,0.225
CLUBS TWO DIAMONDS JACK,0.4848,0.286,0.2292
CLUBS THREE DIAMONDS JACK,0.4784,0.2968,0.2248
SPADES TEN CLUBS FIVE,0.6366,0.0184,0.345
SPADES TEN HEARTS SIX,0.643,0.016,0.341
CLUBS SEVEN CLUBS ACE,0.239,0.0244,0.7366
SPADES TEN DIAMONDS THREE,0.6306,0.02,0.3494
CLUBS SEVEN CLUBS QUEEN,0.2372,0.0426,0.7202
CLUBS SEVEN CLUBS KING,0.2398,0.037,0.7232
SPADES NINE DIAMONDS JACK,0.2162,0.169,0.6148
CLUBS TEN CLUBS SEVEN,0.656,0.0556,0.2884
DIAMONDS ACE HEARTS ACE,0.138,0.0042,0.8578
HEARTS FOUR HEARTS ACE,0.3754,0.0054,0.6192
SPADES EIGHT DIAMONDS JACK,0.2178,0.231,0.5512
SPADES ACE HEARTS SIX,0.401,0.0038,0.5952
CLUBS SEVEN CLUBS JACK,0.0202,0.9038,0.076
DIAMONDS ACE HEARTS KING,0.3182,0.005,0.6768
HEARTS FOUR HEARTS KING,0.372,0.0078,0.6202
SPADES SEVEN DIAMONDS JACK,0.007,0.986,0.007
SPADES KING HEARTS SIX,0.3992,0.0048,0.596
DIAMONDS ACE HEARTS QUEEN,0.3214,0.0026,0.676
HEARTS FOUR HEARTS QUEEN,0.3788,0.0104,0.6108
SPADES SIX DIAMONDS JACK,0.4706,0.302,0.2274
SPADES QUEEN HEARTS SIX,0.3966,0.0078,0.5956
DIAMONDS TEN SPADES TWO,0.6396,0.0196,0.3408
DIAMONDS TEN SPADES THREE,0.63,0.0174,0.3526
DIAMONDS TEN SPADES FOUR,0.643,0.0156,0.3414
SPADES FIVE DIAMONDS TEN,0.6438,0.0186,0.3376
SPADES SIX DIAMONDS TEN,0.6278,0.0194,0.3528
SPADES SEVEN DIAMONDS TEN,0.7022,0.0576,0.2402
SPADES EIGHT DIAMONDS TEN,0.5826,0.0174,0.4
SPADES NINE DIAMONDS TEN,0.5666,0.0168,0.4166
CLUBS FOUR DIAMONDS TEN,0.6166,0.0156,0.3678
CLUBS FIVE DIAMONDS TEN,0.636,0.0166,0.3474
CLUBS SIX DIAMONDS TEN,0.6264,0.018,0.3556
CLUBS SEVEN DIAMONDS TEN,0.68,0.0598,0.2602
CLUBS EIGHT DIAMONDS TEN,0.5628,0.0184,0.4188
CLUBS NINE DIAMONDS TEN,0.5518,0.0162,0.432
DIAMONDS THREE CLUBS JACK,0.4682,0.3064,0.2254
CLUBS TEN DIAMONDS THREE,0.6392,0.0194,0.3414
DIAMONDS THREE CLUBS KING,0.4106,0.0082,0.5812
DIAMONDS THREE CLUBS QUEEN,0.4124,0.0102,0.5774
DIAMONDS THREE CLUBS ACE,0.412,0.0034,0.5846
SPADES FOUR HEARTS JACK,0.4856,0.3058,0.2086
SPADES FOUR HEARTS TEN,0.6152,0.0184,0.3664
SPADES FIVE SPADES TWO,0.6058,0.0164,0.3778
SPADES FOUR SPADES TWO,0.599,0.0202,0.3808
SPADES THREE SPADES TWO,0.6162,0.0206,0.3632
SPADES NINE SPADES TWO,0.6098,0.0182,0.372
SPADES EIGHT SPADES TWO,0.6196,0.0184,0.362
SPADES SEVEN SPADES TWO,0.676,0.0654,0.2586
SPADES SIX SPADES TWO,0.6238,0.0186,0.3576
CLUBS THREE DIAMONDS QUEEN,0.4,0.0122,0.5878
CLUBS THREE HEARTS TWO,0.631,0.0192,0.3498
CLUBS TWO DIAMONDS QUEEN,0.399,0.0126,0.5884
HEARTS TWO CLUBS TWO,0.4222,0.0424,0.5354
HEARTS SEVEN DIAMONDS QUEEN,0.2486,0.045,0.7064
HEARTS SEVEN HEARTS TWO,0.6756,0.0584,0.266
HEARTS SIX DIAMONDS QUEEN,0.3972,0.012,0.5908
HEARTS SIX HEARTS TWO,0.6256,0.0182,0.3562
DIAMONDS QUEEN HEARTS NINE,0.337,0.0118,0.6512
HEARTS TWO HEARTS NINE,0.601,0.0164,0.3826
DIAMONDS QUEEN HEARTS EIGHT,0.3584,0.0092,0.6324
HEARTS TWO HEARTS EIGHT,0.599,0.0208,0.3802
CLUBS NINE HEARTS TWO,0.6462,0.018,0.3358
CLUBS NINE DIAMONDS QUEEN,0.3556,0.0086,0.6358
CLUBS EIGHT HEARTS TWO,0.6336,0.017,0.3494
CLUBS EIGHT DIAMONDS QUEEN,0.3528,0.0124,0.6348
CLUBS FIVE DIAMONDS QUEEN,0.4046,0.0102,0.5852
CLUBS FIVE HEARTS TWO,0.6432,0.021,0.3358
SPADES EIGHT HEARTS ACE,0.3634,0.0032,0.6334
CLUBS FOUR DIAMONDS QUEEN,0.403,0.0092,0.5878
CLUBS FOUR HEARTS TWO,0.651,0.0166,0.3324
CLUBS SEVEN DIAMONDS QUEEN,0.2408,0.0434,0.7158
CLUBS SEVEN HEARTS TWO,0.7104,0.064,0.2256
SPADES EIGHT HEARTS QUEEN,0.3502,0.0106,0.6392
CLUBS SIX DIAMONDS QUEEN,0.4178,0.0072,0.575
CLUBS SIX HEARTS TWO,0.6462,0.0174,0.3364
SPADES EIGHT HEARTS KING,0.3576,0.0076,0.6348
SPADES SIX DIAMONDS QUEEN,0.3988,0.0128,0.5884
SPADES SIX HEARTS TWO,0.6472,0.0194,0.3334
HEARTS FOUR CLUBS QUEEN,0.4122,0.0114,0.5764
DIAMONDS ACE CLUBS QUEEN,0.3286,0.0022,0.6692
SPADES SEVEN DIAMONDS QUEEN,0.2532,0.0388,0.708
SPADES SEVEN HEARTS TWO,0.7148,0.0662,0.219
HEARTS FOUR CLUBS KING,0.4144,0.0066,0.579
DIAMONDS ACE CLUBS KING,0.3336,0.0052,0.6612
SPADES EIGHT DIAMONDS QUEEN,0.3534,0.0122,0.6344
SPADES EIGHT HEARTS TWO,0.6216,0.0216,0.3568
HEARTS FOUR CLUBS ACE,0.4028,0.003,0.5942
DIAMONDS ACE CLUBS ACE,0.1388,0.0032,0.858
SPADES NINE DIAMONDS QUEEN,0.3394,0.009,0.6516
SPADES NINE HEARTS TWO,0.632,0.0182,0.3498
HEARTS TWO SPADES TWO,0.4262,0.0468,0.527
DIAMONDS QUEEN SPADES TWO,0.41,0.0106,0.5794
HEARTS TWO SPADES THREE,0.6424,0.0196,0.338
SPADES THREE DIAMONDS QUEEN,0.4176,0.0096,0.5728
HEARTS TWO SPADES FOUR,0.642,0.0196,0.3384
SPADES FOUR DIAMONDS QUEEN,0.393,0.0098,0.5972
CLUBS TEN HEARTS FOUR,0.6322,0.016,0.3518
CLUBS TEN DIAMONDS ACE,0.3578,0.0032,0.639
HEARTS TWO SPADES FIVE,0.6316,0.0198,0.3486
SPADES FIVE DIAMONDS QUEEN,0.4102,0.0078,0.582
HEARTS FOUR CLUBS JACK,0.4888,0.2864,0.2248
DIAMONDS ACE CLUBS JACK,0.2456,0.0196,0.7348
CLUBS FIVE CLUBS KING,0.39,0.0064,0.6036
CLUBS FIVE CLUBS QUEEN,0.3836,0.0082,0.6082
CLUBS FIVE CLUBS ACE,0.375,0.0034,0.6216
CLUBS FIVE CLUBS JACK,0.454,0.277,0.269
CLUBS TEN CLUBS FIVE,0.5848,0.0176,0.3976
SPADES KING CLUBS JACK,0.254,0.029,0.717
SPADES QUEEN CLUBS JACK,0.2246,0.0402,0.7352
SPADES ACE CLUBS JACK,0.2418,0.0208,0.7374
SPADES SIX CLUBS KING,0.4084,0.007,0.5846
SPADES SIX CLUBS QUEEN,0.4046,0.0118,0.5836
SPADES EIGHT HEARTS JACK,0.2228,0.2188,0.5584
SPADES SIX CLUBS ACE,0.414,0.0044,0.5816
SPADES EIGHT HEARTS TEN,0.576,0.0166,0.4074
SPADES SIX CLUBS JACK,0.4842,0.3012,0.2146
CLUBS TEN SPADES SIX,0.6232,0.0148,0.362
SPADES TEN CLUBS JACK,0.2246,0.1086,0.6668
SPADES QUEEN CLUBS SEVEN,0.2526,0.0394,0.708
SPADES KING CLUBS SEVEN,0.252,0.0358,0.7122
SPADES ACE CLUBS SEVEN,0.2504,0.0268,0.7228
SPADES SIX HEARTS TEN,0.6316,0.015,0.3534
SPADES SIX HEARTS JACK,0.4982,0.2906,0.2112
SPADES SIX HEARTS ACE,0.4104,0.0036,0.586
SPADES SIX HEARTS KING,0.4062,0.0072,0.5866
SPADES SIX HEARTS QUEEN,0.3994,0.0122,0.5884
CLUBS SEVEN SPADES TEN,0.7038,0.0576,0.2386
CLUBS TEN HEARTS SIX,0.6248,0.0144,0.3608
HEARTS SIX CLUBS JACK,0.4808,0.2934,0.2258
CLUBS ACE CLUBS JACK,0.2294,0.0186,0.752
HEARTS SIX CLUBS QUEEN,0.4066,0.012,0.5814
HEARTS SIX CLUBS KING,0.4014,0.0046,0.594
HEARTS SIX CLUBS ACE,0.4052,0.0024,0.5924
CLUBS QUEEN CLUBS JACK,0.22,0.0362,0.7438
CLUBS KING CLUBS JACK,0.221,0.0314,0.7476
DIAMONDS THREE HEARTS ACE,0.3952,0.0046,0.6002
DIAMONDS THREE HEARTS QUEEN,0.4108,0.0104,0.5788
DIAMONDS THREE HEARTS KING,0.4254,0.0054,0.5692
CLUBS FIVE HEARTS JACK,0.4612,0.3058,0.233
HEARTS FOUR SPADES TEN,0.6446,0.0174,0.338
SPADES TEN DIAMONDS ACE,0.332,0.004,0.664
CLUBS FIVE HEARTS TEN,0.6298,0.017,0.3532
SPADES ACE HEARTS FOUR,0.3948,0.0044,0.6008
SPADES ACE DIAMONDS ACE,0.1284,0.005,0.8666
CLUBS FIVE HEARTS ACE,0.3956,0.0028,0.6016
CLUBS FIVE HEARTS KING,0.4112,0.0084,0.5804
HEARTS FOUR SPADES QUEEN,0.394,0.0126,0.5934
SPADES QUEEN DIAMONDS ACE,0.3234,0.0036,0.673
SPADES FOUR CLUBS JACK,0.4856,0.2968,0.2176
CLUBS FIVE HEARTS QUEEN,0.41,0.0094,0.5806
SPADES KING DIAMONDS ACE,0.3216,0.0064,0.672
SPADES KING HEARTS FOUR,0.3964,0.0076,0.596
CLUBS TEN SPADES FOUR,0.6168,0.017,0.3662
DIAMONDS ACE DIAMONDS QUEEN,0.323,0.0044,0.6726
DIAMONDS ACE HEARTS TWO,0.4058,0.0058,0.5884
HEARTS FOUR DIAMONDS QUEEN,0.4052,0.0094,0.5854
HEARTS FOUR HEARTS TWO,0.605,0.014,0.381
DIAMONDS THREE HEARTS TEN,0.6306,0.0186,0.3508
SPADES FOUR CLUBS KING,0.4034,0.006,0.5906
HEARTS FIVE DIAMONDS QUEEN,0.3968,0.013,0.5902
HEARTS FIVE HEARTS TWO,0.6028,0.0166,0.3806
DIAMONDS THREE HEARTS JACK,0.483,0.2934,0.2236
SPADES FOUR CLUBS QUEEN,0.415,0.0126,0.5724
HEARTS TWO DIAMONDS QUEEN,0.4148,0.011,0.5742
DIAMONDS KING DIAMONDS QUEEN,0.3146,0.0082,0.6772
DIAMONDS KING HEARTS TWO,0.4134,0.0088,0.5778
HEARTS THREE DIAMONDS QUEEN,0.4026,0.0086,0.5888
HEARTS THREE HEARTS TWO,0.6086,0.019,0.3724
SPADES FOUR CLUBS ACE,0.4094,0.0032,0.5874
HEARTS TWO CLUBS ACE,0.4176,0.0046,0.5778
DIAMONDS QUEEN CLUBS ACE,0.3318,0.003,0.6652
HEARTS TWO CLUBS QUEEN,0.4104,0.0106,0.579
DIAMONDS QUEEN CLUBS QUEEN,0.1548,0.013,0.8322
HEARTS TWO CLUBS KING,0.424,0.0074,0.5686
DIAMONDS QUEEN CLUBS KING,0.3168,0.0074,0.6758
SPADES EIGHT SPADES FIVE,0.595,0.0184,0.3866
CLUBS TEN HEARTS TWO,0.6434,0.0188,0.3378
CLUBS TEN DIAMONDS QUEEN,0.3322,0.0102,0.6576
SPADES NINE SPADES FIVE,0.5964,0.0166,0.387
HEARTS TWO CLUBS JACK,0.4822,0.292,0.2258
DIAMONDS QUEEN CLUBS JACK,0.2224,0.0452,0.7324
SPADES SIX SPADES FIVE,0.5882,0.017,0.3948
SPADES SEVEN SPADES FIVE,0.6298,0.0602,0.31
DIAMONDS FIVE CLUBS QUEEN,0.4154,0.0128,0.5718
SPADES EIGHT CLUBS ACE,0.3738,0.0036,0.6226
DIAMONDS FIVE CLUBS KING,0.3912,0.0076,0.6012
SPADES EIGHT CLUBS KING,0.3736,0.007,0.6194
CLUBS ACE DIAMONDS FIVE,0.4,0.004,0.596
SPADES EIGHT CLUBS QUEEN,0.3722,0.0094,0.6184
SPADES EIGHT CLUBS JACK,0.2268,0.2338,0.5394
CLUBS TEN SPADES EIGHT,0.5954,0.0144,0.3902
CLUBS TEN DIAMONDS FIVE,0.6476,0.0148,0.3376
DIAMONDS FIVE CLUBS JACK,0.4762,0.2958,0.228
DIAMONDS TEN HEARTS JACK,0.2254,0.1148,0.6598
DIAMONDS TEN HEARTS TEN,0.276,0.0242,0.6998
SPADES ACE CLUBS NINE,0.363,0.0046,0.6324
CLUBS NINE SPADES QUEEN,0.3424,0.0114,0.6462
CLUBS NINE SPADES KING,0.3464,0.0074,0.6462
HEARTS SIX HEARTS KING,0.3644,0.0066,0.629
DIAMONDS KING SPADES SEVEN,0.2442,0.0332,0.7226
SPADES SEVEN HEARTS THREE,0.6866,0.0672,0.2462
HEARTS SIX HEARTS QUEEN,0.3698,0.0072,0.623
DIAMONDS KING SPADES SIX,0.4024,0.0092,0.5884
HEARTS THREE SPADES SIX,0.6324,0.023,0.3446
SPADES NINE DIAMONDS KING,0.3636,0.0052,0.6312
SPADES NINE HEARTS THREE,0.6434,0.0164,0.3402
HEARTS SIX HEARTS ACE,0.3802,0.0034,0.6164
SPADES EIGHT DIAMONDS KING,0.3808,0.0066,0.6126
SPADES EIGHT HEARTS THREE,0.639,0.0184,0.3426
CLUBS NINE HEARTS THREE,0.635,0.021,0.344
CLUBS NINE DIAMONDS KING,0.3594,0.005,0.6356
CLUBS EIGHT HEARTS THREE,0.6292,0.0198,0.351
CLUBS EIGHT DIAMONDS KING,0.3642,0.0072,0.6286
HEARTS THREE SPADES THREE,0.4326,0.0424,0.525
DIAMONDS KING SPADES THREE,0.4112,0.008,0.5808
HEARTS THREE SPADES TWO,0.6474,0.0152,0.3374
DIAMONDS KING SPADES TWO,0.4134,0.0062,0.5804
HEARTS THREE SPADES FIVE,0.6104,0.0194,0.3702
