opposingHand,winningChance,drawChance,lostChance
SPADES QUEEN SPADES TWO
SPADES TEN HEARTS FIVE,0.5968,0.0114,0.3918
SPADES JACK HEARTS FIVE,0.6096,0.0126,0.3778
SPADES FIVE CLUBS JACK,0.613,0.0082,0.3788
SPADES FIVE CLUBS TEN,0.622,0.0102,0.3678
CLUBS EIGHT CLUBS JACK,0.545,0.0112,0.4438
CLUBS EIGHT CLUBS TEN,0.5332,0.0112,0.4556
CLUBS EIGHT CLUBS KING,0.3834,0.007,0.6096
SPADES FIVE CLUBS ACE,0.3736,0.0076,0.6188
CLUBS EIGHT CLUBS QUEEN,0.258,0.2022,0.5398
SPADES FIVE CLUBS KING,0.381,0.0088,0.6102
SPADES FIVE CLUBS QUEEN,0.2674,0.43,0.3026
CLUBS EIGHT CLUBS ACE,0.3658,0.0026,0.6316
DIAMONDS TWO DIAMONDS THREE,0.6798,0.0412,0.279
DIAMONDS TWO DIAMONDS FIVE,0.6698,0.0358,0.2944
SPADES KING HEARTS FIVE,0.3788,0.008,0.6132
DIAMONDS TWO DIAMONDS FOUR,0.663,0.0362,0.3008
DIAMONDS TWO DIAMONDS SEVEN,0.6932,0.0344,0.2724
DIAMONDS TWO DIAMONDS SIX,0.6902,0.035,0.2748
SPADES ACE HEARTS FIVE,0.3684,0.0062,0.6254
DIAMONDS TWO DIAMONDS NINE,0.6914,0.0366,0.272
DIAMONDS TWO DIAMONDS EIGHT,0.6906,0.038,0.2714
DIAMONDS THREE DIAMONDS FOUR,0.5566,0.0166,0.4268
CLUBS TWO SPADES FOUR,0.7128,0.0398,0.2474
DIAMONDS THREE DIAMONDS FIVE,0.5644,0.012,0.4236
CLUBS TWO SPADES FIVE,0.7068,0.0378,0.2554
CLUBS TWO SPADES THREE,0.7162,0.0386,0.2452
DIAMONDS THREE DIAMONDS EIGHT,0.5852,0.0138,0.401
SPADES EIGHT CLUBS TWO,0.7236,0.0432,0.2332
DIAMONDS THREE DIAMONDS NINE,0.5846,0.0134,0.402
SPADES NINE CLUBS TWO,0.73,0.0396,0.2304
DIAMONDS THREE DIAMONDS SIX,0.5612,0.0138,0.425
CLUBS TWO SPADES SIX,0.7266,0.0396,0.2338
DIAMONDS THREE DIAMONDS SEVEN,0.5796,0.0138,0.4066
SPADES SEVEN CLUBS TWO,0.7294,0.0394,0.2312
CLUBS SIX CLUBS TWO,0.6906,0.0324,0.277
CLUBS SEVEN CLUBS TWO,0.692,0.0338,0.2742
CLUBS FOUR CLUBS TWO,0.6704,0.0376,0.292
CLUBS FIVE CLUBS TWO,0.6722,0.0372,0.2906
CLUBS JACK CLUBS TEN,0.5288,0.0066,0.4646
DIAMONDS FOUR DIAMONDS SIX,0.5588,0.0088,0.4324
CLUBS QUEEN CLUBS TEN,0.2476,0.1124,0.64
DIAMONDS FOUR DIAMONDS SEVEN,0.5664,0.0122,0.4214
CLUBS KING CLUBS TEN,0.3494,0.008,0.6426
CLUBS ACE CLUBS TEN,0.3688,0.0052,0.626
CLUBS EIGHT CLUBS TWO,0.6862,0.0378,0.276
DIAMONDS FIVE DIAMONDS FOUR,0.54,0.0154,0.4446
CLUBS NINE CLUBS TWO,0.6908,0.0332,0.276
DIAMONDS NINE DIAMONDS FOUR,0.5844,0.014,0.4016
DIAMONDS EIGHT DIAMONDS FOUR,0.5798,0.0114,0.4088
CLUBS TWO CLUBS THREE,0.6764,0.0338,0.2898
DIAMONDS NINE DIAMONDS FIVE,0.5652,0.0132,0.4216
DIAMONDS TWO CLUBS JACK,0.7498,0.0398,0.2104
DIAMONDS EIGHT DIAMONDS FIVE,0.563,0.0098,0.4272
DIAMONDS TWO CLUBS TEN,0.7316,0.0402,0.2282
DIAMONDS FIVE DIAMONDS SEVEN,0.5538,0.0126,0.4336
DIAMONDS FIVE DIAMONDS SIX,0.5382,0.0134,0.4484
DIAMONDS TWO CLUBS ACE,0.277,0.0168,0.7062
DIAMONDS TWO CLUBS KING,0.2752,0.0276,0.6972
DIAMONDS TWO CLUBS QUEEN,0.074,0.907,0.019
DIAMONDS EIGHT DIAMONDS SIX,0.5532,0.013,0.4338
DIAMONDS NINE DIAMONDS SIX,0.543,0.0126,0.4444
HEARTS ACE SPADES THREE,0.3868,0.0056,0.6076
HEARTS KING SPADES THREE,0.3832,0.0116,0.6052
DIAMONDS SEVEN DIAMONDS SIX,0.5404,0.0108,0.4488
SPADES THREE HEARTS QUEEN,0.256,0.4934,0.2506
SPADES THREE HEARTS JACK,0.6178,0.0114,0.3708
SPADES THREE HEARTS TEN,0.612,0.012,0.376
DIAMONDS EIGHT DIAMONDS SEVEN,0.5428,0.0106,0.4466
DIAMONDS NINE DIAMONDS SEVEN,0.551,0.0132,0.4358
DIAMONDS NINE DIAMONDS EIGHT,0.5274,0.0136,0.459
DIAMONDS KING HEARTS TEN,0.3884,0.0094,0.6022
HEARTS THREE HEARTS TEN,0.5852,0.0122,0.4026
SPADES JACK CLUBS SIX,0.6094,0.0122,0.3784
DIAMONDS KING HEARTS JACK,0.3786,0.0052,0.6162
HEARTS THREE HEARTS JACK,0.5916,0.0116,0.3968
CLUBS SIX SPADES TEN,0.614,0.0112,0.3748
SPADES JACK SPADES FIVE,0.6058,0.014,0.3802
SPADES TEN SPADES FIVE,0.6056,0.0148,0.3796
DIAMONDS KING HEARTS ACE,0.3536,0.0048,0.6416
HEARTS THREE HEARTS ACE,0.3648,0.0054,0.6298
SPADES ACE CLUBS SIX,0.3864,0.006,0.6076
DIAMONDS KING HEARTS QUEEN,0.276,0.0242,0.6998
HEARTS THREE HEARTS QUEEN,0.262,0.4588,0.2792
SPADES KING CLUBS SIX,0.3882,0.0086,0.6032
DIAMONDS KING HEARTS KING,0.171,0.0056,0.8234
HEARTS THREE HEARTS KING,0.385,0.0072,0.6078
SPADES NINE HEARTS TEN,0.5728,0.0114,0.4158
SPADES NINE HEARTS JACK,0.57,0.0098,0.4202
SPADES KING SPADES FIVE,0.3388,0.0084,0.6528
SPADES ACE SPADES FIVE,0.334,0.0058,0.6602
SPADES NINE HEARTS QUEEN,0.2594,0.157,0.5836
SPADES NINE HEARTS KING,0.3762,0.0084,0.6154
SPADES NINE HEARTS ACE,0.3954,0.0052,0.5994
SPADES JACK CLUBS TEN,0.5486,0.013,0.4384
SPADES TEN CLUBS TEN,0.3048,0.0158,0.6794
SPADES ACE CLUBS TEN,0.371,0.0062,0.6228
SPADES KING CLUBS TEN,0.3398,0.0092,0.651
SPADES FIVE HEARTS QUEEN,0.2482,0.436,0.3158
SPADES FIVE HEARTS KING,0.3862,0.0074,0.6064
SPADES FIVE HEARTS ACE,0.3764,0.005,0.6186
HEARTS THREE SPADES JACK,0.6184,0.0114,0.3702
SPADES JACK DIAMONDS KING,0.3588,0.007,0.6342
CLUBS EIGHT SPADES TEN,0.5652,0.013,0.4218
CLUBS EIGHT SPADES JACK,0.5766,0.0122,0.4112
HEARTS THREE SPADES TEN,0.6128,0.0126,0.3746
SPADES TEN DIAMONDS KING,0.3686,0.0086,0.6228
SPADES ACE CLUBS EIGHT,0.3824,0.0056,0.612
HEARTS FIVE CLUBS JACK,0.608,0.0124,0.3796
CLUBS SIX HEARTS ACE,0.3972,0.0046,0.5982
HEARTS FIVE CLUBS TEN,0.6052,0.0108,0.384
SPADES THREE CLUBS TEN,0.613,0.0128,0.3742
CLUBS SIX HEARTS QUEEN,0.2778,0.36,0.3622
CLUBS EIGHT SPADES KING,0.3766,0.0072,0.6162
SPADES THREE CLUBS JACK,0.63,0.0136,0.3564
CLUBS SIX HEARTS KING,0.3984,0.0046,0.597
DIAMONDS TWO HEARTS JACK,0.7428,0.0352,0.222
SPADES THREE CLUBS QUEEN,0.2552,0.499,0.2458
DIAMONDS TWO HEARTS TEN,0.73,0.0378,0.2322
SPADES THREE CLUBS KING,0.3916,0.007,0.6014
HEARTS FIVE CLUBS ACE,0.395,0.0062,0.5988
SPADES FIVE HEARTS TEN,0.6162,0.0104,0.3734
SPADES THREE CLUBS ACE,0.3788,0.0066,0.6146
HEARTS FIVE CLUBS KING,0.392,0.007,0.601
SPADES FIVE HEARTS JACK,0.606,0.0102,0.3838
HEARTS FIVE CLUBS QUEEN,0.263,0.4364,0.3006
HEARTS THREE CLUBS KING,0.4036,0.0096,0.5868
DIAMONDS KING CLUBS KING,0.1684,0.0046,0.827
HEARTS THREE CLUBS QUEEN,0.2596,0.4834,0.257
DIAMONDS KING CLUBS QUEEN,0.278,0.0256,0.6964
HEARTS FIVE HEARTS JACK,0.5796,0.0114,0.409
HEARTS FIVE HEARTS TEN,0.5798,0.0108,0.4094
HEARTS THREE CLUBS ACE,0.3952,0.0054,0.5994
DIAMONDS KING CLUBS ACE,0.357,0.005,0.638
SPADES ACE CLUBS QUEEN,0.2516,0.017,0.7314
SPADES KING CLUBS QUEEN,0.2416,0.0292,0.7292
HEARTS THREE CLUBS JACK,0.6346,0.0094,0.356
DIAMONDS KING CLUBS JACK,0.367,0.0082,0.6248
HEARTS THREE CLUBS TEN,0.6158,0.0132,0.371
DIAMONDS KING CLUBS TEN,0.3848,0.0084,0.6068
SPADES JACK CLUBS QUEEN,0.2652,0.0908,0.644
CLUBS SIX CLUBS QUEEN,0.2524,0.3308,0.4168
SPADES TEN CLUBS QUEEN,0.2584,0.1106,0.631
CLUBS SIX CLUBS KING,0.3796,0.0074,0.613
CLUBS SIX CLUBS ACE,0.381,0.006,0.613
HEARTS FIVE HEARTS KING,0.3784,0.0084,0.6132
HEARTS FIVE HEARTS QUEEN,0.2508,0.4032,0.346
CLUBS SIX CLUBS TEN,0.5568,0.011,0.4322
HEARTS FIVE HEARTS ACE,0.369,0.0046,0.6264
CLUBS SIX CLUBS JACK,0.5844,0.0108,0.4048
SPADES SEVEN HEARTS JACK,0.6,0.0104,0.3896
SPADES SEVEN HEARTS TEN,0.5752,0.0132,0.4116
DIAMONDS TWO CLUBS TWO,0.3476,0.026,0.6264
DIAMONDS TWO CLUBS THREE,0.722,0.0354,0.2426
HEARTS SIX DIAMONDS TWO,0.7338,0.0318,0.2344
DIAMONDS TWO HEARTS QUEEN,0.0796,0.899,0.0214
DIAMONDS TWO HEARTS SEVEN,0.7336,0.0366,0.2298
DIAMONDS TWO HEARTS KING,0.2796,0.0308,0.6896
DIAMONDS TWO HEARTS EIGHT,0.7374,0.0366,0.226
DIAMONDS TWO HEARTS ACE,0.2826,0.0154,0.702
DIAMONDS TWO HEARTS NINE,0.7346,0.0348,0.2306
DIAMONDS TWO DIAMONDS QUEEN,0.0678,0.864,0.0682
DIAMONDS TWO HEARTS TWO,0.3462,0.0246,0.6292
DIAMONDS TWO DIAMONDS KING,0.267,0.025,0.708
HEARTS THREE DIAMONDS TWO,0.7174,0.0386,0.244
DIAMONDS TWO DIAMONDS ACE,0.2762,0.0146,0.7092
HEARTS FOUR DIAMONDS TWO,0.7128,0.0366,0.2506
DIAMONDS TWO HEARTS FIVE,0.706,0.036,0.258
SPADES SEVEN HEARTS ACE,0.3916,0.006,0.6024
DIAMONDS TWO DIAMONDS TEN,0.6898,0.0406,0.2696
SPADES SEVEN HEARTS KING,0.3938,0.0092,0.597
DIAMONDS TWO DIAMONDS JACK,0.693,0.0348,0.2722
SPADES SEVEN HEARTS QUEEN,0.2482,0.2898,0.462
DIAMONDS TWO SPADES NINE,0.73,0.0414,0.2286
DIAMONDS TWO SPADES EIGHT,0.7324,0.0368,0.2308
DIAMONDS TWO SPADES SEVEN,0.7422,0.032,0.2258
DIAMONDS TWO SPADES SIX,0.7216,0.0318,0.2466
DIAMONDS TWO SPADES FIVE,0.7038,0.041,0.2552
DIAMONDS TWO SPADES FOUR,0.7088,0.0374,0.2538
DIAMONDS TWO SPADES THREE,0.7092,0.0376,0.2532
CLUBS NINE DIAMONDS TWO,0.741,0.0312,0.2278
CLUBS EIGHT DIAMONDS TWO,0.7318,0.0412,0.227
DIAMONDS TWO CLUBS SEVEN,0.7314,0.037,0.2316
CLUBS SIX DIAMONDS TWO,0.7198,0.0408,0.2394
DIAMONDS TWO CLUBS FIVE,0.7148,0.0324,0.2528
DIAMONDS TWO CLUBS FOUR,0.7092,0.0386,0.2522
CLUBS FOUR SPADES FIVE,0.5724,0.0152,0.4124
CLUBS FOUR SPADES FOUR,0.3542,0.0344,0.6114
CLUBS FOUR SPADES THREE,0.5882,0.0172,0.3946
SPADES NINE CLUBS FOUR,0.6,0.0132,0.3868
CLUBS FOUR SPADES EIGHT,0.6078,0.0152,0.377
CLUBS FOUR SPADES SEVEN,0.5798,0.0142,0.406
CLUBS FOUR SPADES SIX,0.5796,0.014,0.4064
SPADES ACE DIAMONDS SIX,0.3904,0.0064,0.6032
SPADES KING DIAMONDS SIX,0.392,0.0094,0.5986
SPADES TEN DIAMONDS SIX,0.6066,0.0102,0.3832
SPADES JACK DIAMONDS SIX,0.6196,0.0106,0.3698
DIAMONDS JACK CLUBS JACK,0.307,0.0106,0.6824
DIAMONDS JACK CLUBS TEN,0.5602,0.0106,0.4292
DIAMONDS JACK CLUBS KING,0.3728,0.0046,0.6226
DIAMONDS JACK CLUBS QUEEN,0.2662,0.0866,0.6472
DIAMONDS THREE DIAMONDS JACK,0.575,0.0134,0.4116
DIAMONDS THREE DIAMONDS TEN,0.57,0.0148,0.4152
DIAMONDS JACK CLUBS ACE,0.3718,0.004,0.6242
DIAMONDS THREE DIAMONDS KING,0.3782,0.0084,0.6134
HEARTS THREE DIAMONDS THREE,0.3666,0.0348,0.5986
DIAMONDS THREE DIAMONDS QUEEN,0.2578,0.4524,0.2898
DIAMONDS THREE HEARTS TWO,0.7154,0.0372,0.2474
HEARTS FIVE DIAMONDS THREE,0.603,0.0148,0.3822
DIAMONDS THREE DIAMONDS ACE,0.368,0.0046,0.6274
HEARTS FOUR DIAMONDS THREE,0.6008,0.013,0.3862
DIAMONDS THREE HEARTS SEVEN,0.6128,0.016,0.3712
SPADES TEN SPADES NINE,0.5476,0.0126,0.4398
HEARTS SIX DIAMONDS THREE,0.6016,0.0122,0.3862
SPADES JACK SPADES NINE,0.5676,0.0138,0.4186
DIAMONDS THREE HEARTS NINE,0.6176,0.0122,0.3702
HEARTS JACK DIAMONDS FOUR,0.6244,0.0122,0.3634
HEARTS KING HEARTS ACE,0.3288,0.0054,0.6658
DIAMONDS THREE HEARTS EIGHT,0.6214,0.0088,0.3698
HEARTS TEN DIAMONDS FOUR,0.6144,0.011,0.3746
HEARTS QUEEN DIAMONDS FOUR,0.2668,0.487,0.2462
HEARTS KING DIAMONDS FOUR,0.3898,0.0076,0.6026
SPADES ACE SPADES NINE,0.3228,0.0052,0.672
HEARTS ACE DIAMONDS FOUR,0.3968,0.0074,0.5958
SPADES KING SPADES NINE,0.3496,0.0124,0.638
DIAMONDS THREE SPADES NINE,0.6138,0.0124,0.3738
DIAMONDS THREE SPADES EIGHT,0.6154,0.011,0.3736
DIAMONDS THREE SPADES SEVEN,0.5944,0.0152,0.3904
DIAMONDS THREE SPADES SIX,0.5856,0.0152,0.3992
CLUBS SIX DIAMONDS THREE,0.598,0.0134,0.3886
CLUBS ACE DIAMONDS FOUR,0.3938,0.0042,0.602
CLUBS SIX CLUBS FIVE,0.5468,0.0104,0.4428
CLUBS SEVEN CLUBS FIVE,0.56,0.013,0.427
CLUBS SEVEN DIAMONDS THREE,0.6214,0.0136,0.365
DIAMONDS THREE CLUBS FOUR,0.6084,0.0136,0.378
CLUBS QUEEN DIAMONDS FOUR,0.268,0.4828,0.2492
DIAMONDS THREE CLUBS FIVE,0.5988,0.0142,0.387
CLUBS KING DIAMONDS FOUR,0.4044,0.008,0.5876
DIAMONDS THREE CLUBS TWO,0.725,0.0378,0.2372
DIAMONDS FOUR CLUBS TEN,0.6086,0.0142,0.3772
DIAMONDS THREE CLUBS THREE,0.3786,0.036,0.5854
DIAMONDS FOUR CLUBS JACK,0.6208,0.0094,0.3698
DIAMONDS THREE SPADES FOUR,0.59,0.0158,0.3942
DIAMONDS THREE SPADES FIVE,0.5794,0.0192,0.4014
DIAMONDS THREE SPADES THREE,0.3586,0.0342,0.6072
CLUBS EIGHT DIAMONDS THREE,0.6326,0.0118,0.3556
CLUBS NINE DIAMONDS THREE,0.6294,0.0124,0.3582
SPADES SEVEN CLUBS ACE,0.3858,0.0062,0.608
SPADES SEVEN CLUBS QUEEN,0.2572,0.2978,0.445
SPADES SEVEN CLUBS KING,0.38,0.007,0.613
CLUBS FIVE SPADES SEVEN,0.5824,0.0132,0.4044
SPADES SEVEN CLUBS TEN,0.5872,0.0112,0.4016
CLUBS FIVE SPADES SIX,0.5798,0.0132,0.407
SPADES SEVEN CLUBS JACK,0.5954,0.0118,0.3928
SPADES NINE CLUBS FIVE,0.6038,0.0132,0.383
SPADES EIGHT CLUBS FIVE,0.5894,0.0126,0.398
CLUBS FIVE SPADES THREE,0.592,0.0156,0.3924
CLUBS FIVE SPADES FIVE,0.3696,0.0306,0.5998
CLUBS FIVE SPADES FOUR,0.5712,0.0162,0.4126
CLUBS NINE CLUBS FIVE,0.5546,0.013,0.4324
CLUBS EIGHT CLUBS FIVE,0.556,0.012,0.432
CLUBS ACE CLUBS QUEEN,0.248,0.0158,0.7362
CLUBS KING CLUBS QUEEN,0.2492,0.0238,0.727
DIAMONDS TEN DIAMONDS FOUR,0.5756,0.0114,0.413
DIAMONDS NINE CLUBS TEN,0.5588,0.0082,0.433
DIAMONDS JACK DIAMONDS FOUR,0.5688,0.012,0.4192
DIAMONDS NINE CLUBS JACK,0.575,0.0118,0.4132
SPADES NINE CLUBS JACK,0.5818,0.0128,0.4054
SPADES NINE CLUBS TEN,0.5684,0.0104,0.4212
DIAMONDS ACE DIAMONDS FOUR,0.3682,0.0072,0.6246
HEARTS FOUR DIAMONDS FOUR,0.3714,0.0324,0.5962
DIAMONDS JACK HEARTS TEN,0.5666,0.011,0.4224
SPADES NINE CLUBS KING,0.3844,0.0094,0.6062
DIAMONDS TWO SPADES TEN,0.7318,0.037,0.2312
DIAMONDS NINE CLUBS ACE,0.401,0.003,0.596
HEARTS FIVE DIAMONDS FOUR,0.5754,0.015,0.4096
HEARTS JACK DIAMONDS JACK,0.3252,0.0104,0.6644
SPADES NINE CLUBS QUEEN,0.2632,0.1562,0.5806
SPADES JACK DIAMONDS TWO,0.7364,0.0386,0.225
DIAMONDS QUEEN DIAMONDS FOUR,0.2538,0.4534,0.2928
HEARTS TWO DIAMONDS FOUR,0.723,0.0362,0.2408
DIAMONDS NINE CLUBS QUEEN,0.2754,0.1568,0.5678
DIAMONDS KING DIAMONDS FOUR,0.3654,0.0106,0.624
HEARTS THREE DIAMONDS FOUR,0.5878,0.0154,0.3968
SPADES NINE CLUBS ACE,0.3848,0.0044,0.6108
DIAMONDS NINE CLUBS KING,0.3928,0.0072,0.6
HEARTS ACE DIAMONDS JACK,0.377,0.0046,0.6184
SPADES ACE DIAMONDS TWO,0.265,0.0142,0.7208
DIAMONDS JACK HEARTS QUEEN,0.2618,0.092,0.6462
HEARTS KING DIAMONDS JACK,0.3756,0.0064,0.618
SPADES KING DIAMONDS TWO,0.2574,0.0302,0.7124
SPADES JACK SPADES SEVEN,0.5968,0.0128,0.3904
SPADES TEN SPADES SEVEN,0.567,0.0142,0.4188
CLUBS SEVEN CLUBS THREE,0.5724,0.0126,0.415
CLUBS SIX CLUBS THREE,0.5696,0.012,0.4184
CLUBS FIVE CLUBS THREE,0.5674,0.0136,0.419
CLUBS FOUR CLUBS THREE,0.5558,0.0144,0.4298
CLUBS NINE CLUBS THREE,0.5696,0.0138,0.4166
CLUBS EIGHT CLUBS THREE,0.5852,0.0128,0.402
CLUBS THREE SPADES FIVE,0.5904,0.0146,0.395
CLUBS THREE SPADES FOUR,0.5862,0.0136,0.4002
CLUBS THREE SPADES THREE,0.3578,0.0344,0.6078
SPADES SIX CLUBS THREE,0.5934,0.0142,0.3924
SPADES SEVEN CLUBS THREE,0.6082,0.0146,0.3772
SPADES EIGHT CLUBS THREE,0.6114,0.0162,0.3724
SPADES NINE CLUBS THREE,0.6148,0.0158,0.3694
SPADES THREE DIAMONDS FOUR,0.5956,0.0148,0.3896
SPADES FOUR DIAMONDS FOUR,0.3534,0.0328,0.6138
SPADES FIVE DIAMONDS FOUR,0.5568,0.0134,0.4298
SPADES SIX DIAMONDS FOUR,0.601,0.013,0.386
SPADES SEVEN DIAMONDS FOUR,0.601,0.0136,0.3854
SPADES EIGHT DIAMONDS FOUR,0.6198,0.012,0.3682
SPADES NINE DIAMONDS FOUR,0.6182,0.0124,0.3694
CLUBS FIVE DIAMONDS FOUR,0.587,0.0148,0.3982
CLUBS FOUR DIAMONDS FOUR,0.3584,0.0304,0.6112
CLUBS SEVEN DIAMONDS FOUR,0.6014,0.0124,0.3862
CLUBS SIX DIAMONDS FOUR,0.5882,0.0138,0.398
CLUBS NINE DIAMONDS FOUR,0.614,0.0144,0.3716
CLUBS EIGHT DIAMONDS FOUR,0.6092,0.014,0.3768
DIAMONDS FOUR HEARTS SEVEN,0.603,0.0128,0.3842
HEARTS SIX DIAMONDS FOUR,0.589,0.0156,0.3954
HEARTS NINE DIAMONDS FOUR,0.6276,0.0138,0.3586
DIAMONDS FOUR HEARTS EIGHT,0.6198,0.0114,0.3688
CLUBS THREE DIAMONDS FOUR,0.5932,0.0142,0.3926
CLUBS TWO DIAMONDS FOUR,0.7094,0.0402,0.2504
DIAMONDS TEN DIAMONDS FIVE,0.5824,0.0132,0.4044
DIAMONDS JACK DIAMONDS FIVE,0.5772,0.0118,0.411
DIAMONDS NINE HEARTS QUEEN,0.2736,0.1656,0.5608
HEARTS KING DIAMONDS NINE,0.3892,0.0084,0.6024
DIAMONDS NINE HEARTS ACE,0.4018,0.0044,0.5938
DIAMONDS NINE HEARTS TEN,0.5764,0.0084,0.4152
DIAMONDS NINE HEARTS JACK,0.5784,0.009,0.4126
CLUBS KING DIAMONDS SIX,0.4038,0.0078,0.5884
CLUBS QUEEN DIAMONDS SIX,0.2748,0.3568,0.3684
CLUBS ACE DIAMONDS SIX,0.3952,0.0044,0.6004
SPADES KING DIAMONDS FOUR,0.3868,0.0094,0.6038
SPADES ACE SPADES SEVEN,0.3424,0.008,0.6496
CLUBS JACK DIAMONDS SIX,0.6248,0.0106,0.3646
SPADES KING SPADES SEVEN,0.3342,0.0078,0.658
SPADES ACE DIAMONDS FOUR,0.3792,0.0046,0.6162
CLUBS TEN DIAMONDS SIX,0.6002,0.0126,0.3872
CLUBS NINE CLUBS FOUR,0.5836,0.0132,0.4032
CLUBS EIGHT CLUBS FOUR,0.566,0.0138,0.4202
SPADES JACK DIAMONDS FOUR,0.6194,0.0124,0.3682
SPADES TEN DIAMONDS FOUR,0.6134,0.0128,0.3738
CLUBS FOUR CLUBS FIVE,0.5452,0.0146,0.4402
CLUBS SEVEN CLUBS FOUR,0.556,0.0114,0.4326
CLUBS SIX CLUBS FOUR,0.555,0.0112,0.4338
CLUBS SEVEN SPADES EIGHT,0.5686,0.0106,0.4208
CLUBS SEVEN SPADES NINE,0.5812,0.0132,0.4056
CLUBS SEVEN SPADES SIX,0.5758,0.0126,0.4116
CLUBS SEVEN SPADES SEVEN,0.3342,0.025,0.6408
CLUBS SEVEN SPADES FIVE,0.5738,0.0144,0.4118
CLUBS SEVEN SPADES FOUR,0.5854,0.0116,0.403
CLUBS SEVEN SPADES THREE,0.607,0.0128,0.3802
CLUBS NINE CLUBS SEVEN,0.5464,0.0116,0.442
CLUBS EIGHT CLUBS SEVEN,0.5356,0.0104,0.454
HEARTS SIX DIAMONDS FIVE,0.5638,0.0142,0.422
DIAMONDS FIVE HEARTS SEVEN,0.581,0.013,0.406
DIAMONDS FIVE HEARTS EIGHT,0.6036,0.0104,0.386
HEARTS NINE DIAMONDS FIVE,0.5874,0.0134,0.3992
DIAMONDS QUEEN DIAMONDS FIVE,0.2578,0.403,0.3392
HEARTS TWO DIAMONDS FIVE,0.7012,0.0408,0.258
HEARTS KING HEARTS EIGHT,0.3696,0.0092,0.6212
DIAMONDS KING DIAMONDS FIVE,0.3716,0.0096,0.6188
HEARTS THREE DIAMONDS FIVE,0.5928,0.0144,0.3928
HEARTS QUEEN HEARTS EIGHT,0.2578,0.1972,0.545
DIAMONDS ACE DIAMONDS FIVE,0.3568,0.0064,0.6368
HEARTS FOUR DIAMONDS FIVE,0.5874,0.012,0.4006
HEARTS FIVE DIAMONDS FIVE,0.3562,0.0328,0.611
HEARTS ACE HEARTS EIGHT,0.372,0.004,0.624
CLUBS FOUR DIAMONDS FIVE,0.581,0.0126,0.4064
CLUBS FIVE DIAMONDS FIVE,0.3588,0.0286,0.6126
CLUBS SIX DIAMONDS FIVE,0.5708,0.0122,0.417
CLUBS SEVEN DIAMONDS FIVE,0.592,0.0132,0.3948
CLUBS TWO DIAMONDS FIVE,0.7054,0.0394,0.2552
CLUBS THREE DIAMONDS FIVE,0.5972,0.016,0.3868
SPADES THREE DIAMONDS FIVE,0.5848,0.0138,0.4014
SPADES JACK DIAMONDS EIGHT,0.5808,0.0112,0.408
SPADES FIVE DIAMONDS FIVE,0.35,0.0288,0.6212
HEARTS JACK CLUBS TEN,0.5776,0.0088,0.4136
SPADES TEN DIAMONDS EIGHT,0.5748,0.0118,0.4134
SPADES FOUR DIAMONDS FIVE,0.5562,0.0168,0.427
HEARTS JACK CLUBS JACK,0.3014,0.0108,0.6878
HEARTS JACK CLUBS QUEEN,0.2772,0.0806,0.6422
CLUBS NINE DIAMONDS FIVE,0.6054,0.0136,0.381
HEARTS JACK CLUBS KING,0.3704,0.0092,0.6204
CLUBS EIGHT DIAMONDS FIVE,0.5982,0.0106,0.3912
HEARTS JACK CLUBS ACE,0.38,0.0036,0.6164
SPADES SEVEN DIAMONDS FIVE,0.575,0.0132,0.4118
SPADES KING DIAMONDS EIGHT,0.3884,0.008,0.6036
SPADES SIX DIAMONDS FIVE,0.5772,0.0142,0.4086
SPADES NINE DIAMONDS FIVE,0.6032,0.0106,0.3862
SPADES EIGHT DIAMONDS FIVE,0.5936,0.012,0.3944
SPADES ACE DIAMONDS EIGHT,0.3698,0.0048,0.6254
DIAMONDS TEN DIAMONDS SIX,0.5736,0.0096,0.4168
HEARTS ACE DIAMONDS SEVEN,0.4044,0.0036,0.592
DIAMONDS JACK DIAMONDS SIX,0.5714,0.0108,0.4178
HEARTS QUEEN DIAMONDS SEVEN,0.2804,0.2838,0.4358
HEARTS KING DIAMONDS SEVEN,0.3908,0.004,0.6052
DIAMONDS ACE DIAMONDS SIX,0.3754,0.005,0.6196
HEARTS FOUR DIAMONDS SIX,0.597,0.0116,0.3914
HEARTS FIVE DIAMONDS SIX,0.5838,0.013,0.4032
DIAMONDS QUEEN DIAMONDS SIX,0.253,0.3394,0.4076
HEARTS TWO DIAMONDS SIX,0.731,0.0344,0.2346
DIAMONDS KING DIAMONDS SIX,0.3814,0.0052,0.6134
HEARTS THREE DIAMONDS SIX,0.607,0.0138,0.3792
HEARTS EIGHT DIAMONDS SIX,0.5964,0.01,0.3936
HEARTS NINE DIAMONDS SIX,0.6022,0.0118,0.386
HEARTS SIX DIAMONDS SIX,0.3494,0.0304,0.6202
HEARTS SEVEN DIAMONDS SIX,0.5834,0.0106,0.406
HEARTS TEN DIAMONDS SEVEN,0.5844,0.012,0.4036
CLUBS TWO DIAMONDS SIX,0.716,0.0358,0.2482
HEARTS JACK DIAMONDS SEVEN,0.59,0.0106,0.3994
CLUBS THREE DIAMONDS SIX,0.6046,0.0126,0.3828
DIAMONDS EIGHT CLUBS JACK,0.5898,0.0122,0.398
CLUBS SEVEN DIAMONDS SIX,0.5852,0.0132,0.4016
CLUBS SIX DIAMONDS SIX,0.3568,0.0264,0.6168
DIAMONDS EIGHT CLUBS TEN,0.5758,0.0086,0.4156
CLUBS FIVE DIAMONDS SIX,0.5742,0.0096,0.4162
CLUBS FOUR DIAMONDS SIX,0.595,0.0114,0.3936
HEARTS ACE HEARTS JACK,0.3586,0.0042,0.6372
DIAMONDS EIGHT CLUBS ACE,0.4022,0.0042,0.5936
HEARTS JACK HEARTS QUEEN,0.2662,0.0822,0.6516
DIAMONDS EIGHT CLUBS KING,0.4084,0.006,0.5856
CLUBS NINE DIAMONDS SIX,0.604,0.0102,0.3858
HEARTS KING HEARTS JACK,0.3524,0.0066,0.641
DIAMONDS EIGHT CLUBS QUEEN,0.272,0.2148,0.5132
CLUBS EIGHT DIAMONDS SIX,0.5816,0.0116,0.4068
SPADES TEN HEARTS KING,0.3754,0.0066,0.618
SPADES FIVE DIAMONDS SIX,0.575,0.0156,0.4094
SPADES JACK HEARTS KING,0.3634,0.007,0.6296
SPADES FOUR DIAMONDS SIX,0.5952,0.0128,0.392
SPADES THREE DIAMONDS SIX,0.6072,0.0102,0.3826
SPADES ACE SPADES KING,0.2876,0.0076,0.7048
HEARTS TEN HEARTS EIGHT,0.5486,0.0112,0.4402
SPADES NINE DIAMONDS SIX,0.5782,0.0094,0.4124
HEARTS JACK HEARTS EIGHT,0.556,0.0124,0.4316
SPADES EIGHT DIAMONDS SIX,0.5752,0.013,0.4118
SPADES SEVEN DIAMONDS SIX,0.5756,0.0126,0.4118
SPADES SIX DIAMONDS SIX,0.3384,0.0262,0.6354
SPADES KING HEARTS KING,0.1512,0.0046,0.8442
CLUBS ACE CLUBS KING,0.3326,0.0054,0.662
SPADES ACE HEARTS KING,0.3414,0.005,0.6536
SPADES ACE HEARTS JACK,0.372,0.0042,0.6238
SPADES KING HEARTS JACK,0.3622,0.007,0.6308
SPADES TEN DIAMONDS TEN,0.3152,0.0132,0.6716
SPADES JACK DIAMONDS TEN,0.5726,0.0098,0.4176
SPADES ACE DIAMONDS TEN,0.3834,0.0048,0.6118
SPADES JACK HEARTS JACK,0.2872,0.012,0.7008
SPADES TEN HEARTS JACK,0.5502,0.0114,0.4384
SPADES KING DIAMONDS TEN,0.3694,0.0098,0.6208
SPADES NINE DIAMONDS SEVEN,0.5596,0.0118,0.4286
SPADES EIGHT DIAMONDS SEVEN,0.5644,0.0128,0.4228
SPADES SEVEN DIAMONDS SEVEN,0.3402,0.0304,0.6294
SPADES SIX DIAMONDS SEVEN,0.5588,0.013,0.4282
DIAMONDS KING DIAMONDS SEVEN,0.3772,0.0092,0.6136
HEARTS THREE DIAMONDS SEVEN,0.6028,0.0146,0.3826
HEARTS KING DIAMONDS FIVE,0.4074,0.0072,0.5854
DIAMONDS QUEEN DIAMONDS SEVEN,0.2642,0.2656,0.4702
HEARTS TWO DIAMONDS SEVEN,0.7442,0.0326,0.2232
HEARTS QUEEN DIAMONDS FIVE,0.2604,0.4318,0.3078
HEARTS FIVE DIAMONDS SEVEN,0.5956,0.0124,0.392
DIAMONDS ACE DIAMONDS SEVEN,0.3696,0.0054,0.625
HEARTS FOUR DIAMONDS SEVEN,0.6068,0.0094,0.3838
HEARTS ACE DIAMONDS FIVE,0.3824,0.0042,0.6134
HEARTS SEVEN DIAMONDS SEVEN,0.349,0.0236,0.6274
HEARTS SIX DIAMONDS SEVEN,0.5734,0.0144,0.4122
HEARTS NINE DIAMONDS SEVEN,0.5842,0.0098,0.406
DIAMONDS SEVEN HEARTS EIGHT,0.5622,0.0112,0.4266
DIAMONDS JACK DIAMONDS SEVEN,0.5732,0.0112,0.4156
HEARTS JACK DIAMONDS FIVE,0.6138,0.0126,0.3736
DIAMONDS TEN DIAMONDS SEVEN,0.5616,0.012,0.4264
DIAMONDS FIVE HEARTS TEN,0.6148,0.012,0.3732
SPADES KING CLUBS TWO,0.2632,0.0274,0.7094
HEARTS KING CLUBS KING,0.1728,0.0038,0.8234
CLUBS EIGHT DIAMONDS SEVEN,0.5736,0.01,0.4164
HEARTS KING CLUBS QUEEN,0.2664,0.0262,0.7074
CLUBS NINE DIAMONDS SEVEN,0.5874,0.0096,0.403
SPADES ACE CLUBS TWO,0.2532,0.0168,0.73
HEARTS KING CLUBS ACE,0.3608,0.0066,0.6326
CLUBS SIX CLUBS SEVEN,0.5362,0.009,0.4548
CLUBS EIGHT CLUBS SIX,0.5538,0.0088,0.4374
SPADES THREE DIAMONDS SEVEN,0.5972,0.0148,0.388
CLUBS NINE CLUBS SIX,0.56,0.0102,0.4298
SPADES FOUR DIAMONDS SEVEN,0.585,0.0116,0.4034
HEARTS KING CLUBS JACK,0.3832,0.0088,0.608
SPADES FIVE DIAMONDS SEVEN,0.5864,0.014,0.3996
HEARTS KING CLUBS TEN,0.3712,0.006,0.6228
CLUBS SIX SPADES THREE,0.6052,0.0126,0.3822
CLUBS TWO DIAMONDS SEVEN,0.7374,0.038,0.2246
CLUBS SIX SPADES FOUR,0.5878,0.0122,0.4
CLUBS THREE DIAMONDS SEVEN,0.614,0.015,0.371
CLUBS SIX SPADES FIVE,0.56,0.015,0.425
CLUBS FOUR DIAMONDS SEVEN,0.5922,0.0124,0.3954
CLUBS SIX SPADES SIX,0.3566,0.0282,0.6152
CLUBS FIVE DIAMONDS SEVEN,0.5754,0.0132,0.4114
CLUBS SIX SPADES SEVEN,0.5596,0.0118,0.4286
CLUBS SIX DIAMONDS SEVEN,0.5776,0.0132,0.4092
CLUBS SIX SPADES EIGHT,0.5648,0.013,0.4222
SPADES JACK CLUBS TWO,0.735,0.0442,0.2208
CLUBS SIX SPADES NINE,0.5892,0.0122,0.3986
SPADES TEN CLUBS TWO,0.7278,0.0398,0.2324
CLUBS SEVEN DIAMONDS SEVEN,0.3482,0.0246,0.6272
CLUBS TWO CLUBS QUEEN,0.0704,0.8572,0.0724
CLUBS TWO CLUBS KING,0.2726,0.0258,0.7016
CLUBS THREE DIAMONDS EIGHT,0.6186,0.015,0.3664
CLUBS TWO CLUBS ACE,0.2676,0.0172,0.7152
CLUBS TWO DIAMONDS EIGHT,0.7406,0.0402,0.2192
DIAMONDS EIGHT HEARTS SEVEN,0.581,0.0136,0.4054
HEARTS SIX DIAMONDS EIGHT,0.575,0.0108,0.4142
DIAMONDS EIGHT HEARTS NINE,0.565,0.0082,0.4268
CLUBS TWO CLUBS TEN,0.6814,0.036,0.2826
DIAMONDS EIGHT HEARTS EIGHT,0.3306,0.018,0.6514
CLUBS TWO CLUBS JACK,0.704,0.0364,0.2596
CLUBS NINE DIAMONDS EIGHT,0.5764,0.0086,0.415
CLUBS EIGHT DIAMONDS EIGHT,0.3404,0.0214,0.6382
CLUBS FIVE DIAMONDS EIGHT,0.5904,0.0138,0.3958
SPADES ACE SPADES THREE,0.3432,0.0048,0.652
CLUBS FOUR DIAMONDS EIGHT,0.6046,0.0092,0.3862
CLUBS SEVEN DIAMONDS EIGHT,0.5762,0.01,0.4138
CLUBS SIX DIAMONDS EIGHT,0.5748,0.0128,0.4124
SPADES KING SPADES THREE,0.3388,0.0096,0.6516
DIAMONDS QUEEN DIAMONDS EIGHT,0.2562,0.206,0.5378
HEARTS TWO DIAMONDS EIGHT,0.7364,0.0406,0.223
DIAMONDS KING DIAMONDS EIGHT,0.3792,0.0076,0.6132
HEARTS THREE DIAMONDS EIGHT,0.6356,0.0146,0.3498
DIAMONDS ACE DIAMONDS EIGHT,0.3682,0.0038,0.628
HEARTS FOUR DIAMONDS EIGHT,0.6154,0.0116,0.373
HEARTS FIVE DIAMONDS EIGHT,0.5928,0.0138,0.3934
DIAMONDS EIGHT DIAMONDS TEN,0.5346,0.0112,0.4542
DIAMONDS EIGHT DIAMONDS JACK,0.5562,0.0096,0.4342
SPADES JACK SPADES THREE,0.622,0.015,0.363
SPADES TEN SPADES THREE,0.611,0.0128,0.3762
CLUBS FOUR HEARTS ACE,0.3776,0.0058,0.6166
CLUBS FOUR HEARTS QUEEN,0.2586,0.4794,0.262
CLUBS FOUR HEARTS KING,0.3918,0.006,0.6022
CLUBS SIX HEARTS TEN,0.6122,0.011,0.3768
CLUBS SIX HEARTS JACK,0.6214,0.011,0.3676
SPADES FOUR DIAMONDS EIGHT,0.6036,0.0122,0.3842
SPADES FIVE DIAMONDS EIGHT,0.5964,0.0126,0.391
DIAMONDS EIGHT SPADES THREE,0.6158,0.0132,0.371
CLUBS FOUR HEARTS JACK,0.6186,0.0128,0.3686
SPADES EIGHT DIAMONDS EIGHT,0.3344,0.0224,0.6432
SPADES JACK HEARTS EIGHT,0.5796,0.0106,0.4098
SPADES TEN HEARTS TWO,0.7338,0.0436,0.2226
SPADES TEN DIAMONDS QUEEN,0.2522,0.1172,0.6306
CLUBS FOUR HEARTS TEN,0.6124,0.0134,0.3742
SPADES NINE DIAMONDS EIGHT,0.5578,0.0114,0.4308
SPADES JACK HEARTS TWO,0.7402,0.0408,0.219
SPADES JACK DIAMONDS QUEEN,0.258,0.0974,0.6446
SPADES TEN HEARTS EIGHT,0.5742,0.0128,0.413
SPADES SIX DIAMONDS EIGHT,0.5766,0.011,0.4124
SPADES SEVEN DIAMONDS EIGHT,0.5778,0.0102,0.412
SPADES ACE HEARTS TWO,0.2724,0.0152,0.7124
SPADES ACE DIAMONDS QUEEN,0.2418,0.0212,0.737
SPADES ACE HEARTS EIGHT,0.3742,0.0036,0.6222
SPADES KING HEARTS EIGHT,0.3848,0.0086,0.6066
SPADES KING DIAMONDS QUEEN,0.262,0.0238,0.7142
SPADES KING HEARTS TWO,0.2606,0.0308,0.7086
CLUBS TWO HEARTS TEN,0.7424,0.04,0.2176
CLUBS TWO HEARTS JACK,0.7414,0.0378,0.2208
SPADES SEVEN DIAMONDS NINE,0.5922,0.0134,0.3944
SPADES SIX DIAMONDS NINE,0.5762,0.0118,0.412
SPADES NINE DIAMONDS NINE,0.3202,0.017,0.6628
SPADES EIGHT DIAMONDS NINE,0.566,0.012,0.422
SPADES TEN CLUBS KING,0.3612,0.0088,0.63
DIAMONDS NINE SPADES THREE,0.6274,0.0104,0.3622
SPADES JACK CLUBS KING,0.3732,0.0064,0.6204
SPADES FIVE DIAMONDS NINE,0.5992,0.0126,0.3882
DIAMONDS NINE SPADES FOUR,0.6132,0.012,0.3748
CLUBS NINE DIAMONDS NINE,0.3312,0.0158,0.653
CLUBS EIGHT DIAMONDS NINE,0.5702,0.0112,0.4186
CLUBS SIX DIAMONDS NINE,0.579,0.0114,0.4096
SPADES JACK CLUBS FOUR,0.6202,0.0134,0.3664
SPADES TEN CLUBS FOUR,0.614,0.0126,0.3734
CLUBS SEVEN DIAMONDS NINE,0.5786,0.0136,0.4078
CLUBS FOUR DIAMONDS NINE,0.626,0.0118,0.3622
CLUBS FIVE DIAMONDS NINE,0.5936,0.013,0.3934
CLUBS TWO DIAMONDS NINE,0.717,0.0438,0.2392
CLUBS THREE DIAMONDS NINE,0.6136,0.0116,0.3748
DIAMONDS NINE HEARTS EIGHT,0.5746,0.0122,0.4132
DIAMONDS NINE HEARTS NINE,0.3318,0.0178,0.6504
HEARTS SIX DIAMONDS NINE,0.596,0.0106,0.3934
DIAMONDS NINE HEARTS SEVEN,0.5806,0.0108,0.4086
CLUBS EIGHT CLUBS NINE,0.5326,0.0114,0.456
DIAMONDS ACE DIAMONDS NINE,0.3728,0.0054,0.6218
HEARTS FOUR DIAMONDS NINE,0.6294,0.0128,0.3578
HEARTS FIVE DIAMONDS NINE,0.5994,0.0124,0.3882
CLUBS TWO HEARTS ACE,0.2898,0.0166,0.6936
SPADES ACE CLUBS FOUR,0.3758,0.0066,0.6176
DIAMONDS QUEEN DIAMONDS NINE,0.2586,0.1444,0.597
HEARTS TWO DIAMONDS NINE,0.7418,0.0404,0.2178
CLUBS TWO HEARTS KING,0.288,0.0324,0.6796
SPADES KING CLUBS FOUR,0.386,0.009,0.605
DIAMONDS KING DIAMONDS NINE,0.3692,0.0068,0.624
HEARTS THREE DIAMONDS NINE,0.6142,0.0102,0.3756
CLUBS TWO HEARTS QUEEN,0.0716,0.9124,0.016
DIAMONDS NINE DIAMONDS JACK,0.5348,0.0102,0.455
CLUBS EIGHT SPADES NINE,0.5618,0.013,0.4252
DIAMONDS NINE DIAMONDS TEN,0.5372,0.0094,0.4534
CLUBS EIGHT SPADES EIGHT,0.3266,0.0232,0.6502
CLUBS EIGHT SPADES SEVEN,0.5512,0.0134,0.4354
CLUBS EIGHT SPADES SIX,0.5812,0.0126,0.4062
CLUBS EIGHT SPADES FIVE,0.5874,0.014,0.3986
CLUBS EIGHT SPADES FOUR,0.6048,0.0114,0.3838
CLUBS EIGHT SPADES THREE,0.6218,0.0148,0.3634
HEARTS SIX DIAMONDS TEN,0.6032,0.0106,0.3862
DIAMONDS TEN HEARTS SEVEN,0.5914,0.0128,0.3958
DIAMONDS TEN HEARTS EIGHT,0.5876,0.0104,0.402
CLUBS FOUR CLUBS JACK,0.5724,0.013,0.4146
DIAMONDS TEN HEARTS NINE,0.5656,0.011,0.4234
CLUBS FOUR CLUBS TEN,0.5844,0.0112,0.4044
CLUBS FOUR CLUBS KING,0.3714,0.0088,0.6198
CLUBS FOUR CLUBS QUEEN,0.2498,0.4606,0.2896
CLUBS TWO DIAMONDS TEN,0.7256,0.039,0.2354
CLUBS THREE DIAMONDS TEN,0.614,0.0118,0.3742
CLUBS FOUR CLUBS ACE,0.3724,0.0044,0.6232
DIAMONDS JACK DIAMONDS TEN,0.5212,0.009,0.4698
DIAMONDS QUEEN DIAMONDS TEN,0.2558,0.1054,0.6388
HEARTS TWO DIAMONDS TEN,0.7306,0.043,0.2264
DIAMONDS KING DIAMONDS TEN,0.3692,0.0064,0.6244
HEARTS THREE DIAMONDS TEN,0.6236,0.0128,0.3636
DIAMONDS ACE DIAMONDS TEN,0.3532,0.0052,0.6416
HEARTS FOUR DIAMONDS TEN,0.6172,0.012,0.3708
CLUBS EIGHT HEARTS JACK,0.6068,0.0118,0.3814
HEARTS FIVE DIAMONDS TEN,0.6188,0.0128,0.3684
CLUBS EIGHT HEARTS TEN,0.5812,0.0108,0.408
CLUBS EIGHT HEARTS QUEEN,0.269,0.2132,0.5178
CLUBS EIGHT HEARTS KING,0.402,0.0068,0.5912
CLUBS EIGHT HEARTS ACE,0.401,0.003,0.596
CLUBS NINE SPADES THREE,0.6116,0.0144,0.374
CLUBS NINE SPADES FIVE,0.6024,0.0138,0.3838
CLUBS NINE SPADES FOUR,0.618,0.0118,0.3702
CLUBS NINE SPADES SEVEN,0.5756,0.0088,0.4156
CLUBS NINE SPADES SIX,0.5786,0.0132,0.4082
CLUBS NINE SPADES NINE,0.3242,0.017,0.6588
CLUBS TEN HEARTS EIGHT,0.588,0.0104,0.4016
CLUBS NINE SPADES EIGHT,0.5662,0.0106,0.4232
CLUBS JACK HEARTS EIGHT,0.5966,0.0114,0.392
CLUBS QUEEN HEARTS EIGHT,0.263,0.2266,0.5104
CLUBS KING HEARTS EIGHT,0.3926,0.005,0.6024
CLUBS ACE HEARTS EIGHT,0.3928,0.0038,0.6034
SPADES KING CLUBS KING,0.165,0.0052,0.8298
SPADES ACE CLUBS KING,0.3518,0.0046,0.6436
DIAMONDS ACE HEARTS TEN,0.388,0.005,0.607
HEARTS FOUR HEARTS TEN,0.5808,0.0122,0.407
DIAMONDS ACE HEARTS JACK,0.3946,0.0042,0.6012
HEARTS FOUR HEARTS JACK,0.5928,0.0122,0.395
SPADES KING CLUBS FIVE,0.3696,0.0096,0.6208
SPADES ACE CLUBS FIVE,0.37,0.0084,0.6216
DIAMONDS JACK HEARTS SEVEN,0.5964,0.0104,0.3932
HEARTS SIX DIAMONDS JACK,0.6358,0.013,0.3512
DIAMONDS JACK HEARTS NINE,0.5852,0.014,0.4008
DIAMONDS JACK HEARTS EIGHT,0.5848,0.0126,0.4026
DIAMONDS KING DIAMONDS JACK,0.358,0.0056,0.6364
HEARTS THREE DIAMONDS JACK,0.6284,0.0114,0.3602
SPADES ACE SPADES SIX,0.3646,0.0068,0.6286
SPADES FOUR HEARTS ACE,0.378,0.007,0.615
DIAMONDS QUEEN DIAMONDS JACK,0.2708,0.0872,0.642
HEARTS TWO DIAMONDS JACK,0.7428,0.0378,0.2194
HEARTS FIVE DIAMONDS JACK,0.603,0.0134,0.3836
SPADES FOUR HEARTS QUEEN,0.2626,0.4806,0.2568
DIAMONDS ACE DIAMONDS JACK,0.355,0.0046,0.6404
HEARTS FOUR DIAMONDS JACK,0.6034,0.0098,0.3868
SPADES KING SPADES SIX,0.3378,0.0086,0.6536
HEARTS KING SPADES FOUR,0.3912,0.0114,0.5974
SPADES TEN SPADES SIX,0.5914,0.0126,0.396
SPADES JACK SPADES SIX,0.6008,0.0144,0.3848
SPADES FOUR DIAMONDS JACK,0.6178,0.0108,0.3714
SPADES FIVE DIAMONDS JACK,0.6204,0.0124,0.3672
SPADES THREE DIAMONDS JACK,0.6204,0.0126,0.367
SPADES ACE DIAMONDS THREE,0.3832,0.0044,0.6124
CLUBS EIGHT DIAMONDS JACK,0.5868,0.01,0.4032
SPADES KING DIAMONDS THREE,0.3814,0.01,0.6086
CLUBS NINE DIAMONDS JACK,0.5716,0.0106,0.4178
CLUBS SIX DIAMONDS JACK,0.6264,0.0108,0.3628
CLUBS SEVEN DIAMONDS JACK,0.6018,0.0106,0.3876
CLUBS FOUR DIAMONDS JACK,0.6212,0.0128,0.366
CLUBS FIVE DIAMONDS JACK,0.6306,0.013,0.3564
CLUBS TWO DIAMONDS JACK,0.7336,0.0366,0.2298
CLUBS THREE DIAMONDS JACK,0.6176,0.015,0.3674
SPADES JACK HEARTS SIX,0.6224,0.0092,0.3684
SPADES TEN CLUBS FIVE,0.6124,0.0092,0.3784
SPADES JACK CLUBS FIVE,0.6184,0.0116,0.37
HEARTS SIX SPADES TEN,0.5954,0.0118,0.3928
SPADES JACK DIAMONDS THREE,0.6244,0.0112,0.3644
CLUBS SEVEN CLUBS ACE,0.3788,0.0052,0.616
SPADES TEN DIAMONDS THREE,0.6168,0.0112,0.372
CLUBS SEVEN CLUBS QUEEN,0.2564,0.2602,0.4834
CLUBS SEVEN CLUBS KING,0.3682,0.01,0.6218
SPADES NINE DIAMONDS JACK,0.5616,0.013,0.4254
CLUBS SEVEN CLUBS TEN,0.556,0.0114,0.4326
DIAMONDS ACE HEARTS ACE,0.1638,0.003,0.8332
HEARTS FOUR HEARTS ACE,0.368,0.006,0.626
SPADES EIGHT DIAMONDS JACK,0.5882,0.012,0.3998
SPADES ACE HEARTS SIX,0.3918,0.007,0.6012
CLUBS SEVEN CLUBS JACK,0.5784,0.01,0.4116
DIAMONDS ACE HEARTS KING,0.3556,0.004,0.6404
HEARTS FOUR HEARTS KING,0.3756,0.0096,0.6148
SPADES SEVEN DIAMONDS JACK,0.5964,0.0108,0.3928
SPADES KING HEARTS SIX,0.3712,0.0098,0.619
DIAMONDS ACE HEARTS QUEEN,0.2692,0.0156,0.7152
HEARTS FOUR HEARTS QUEEN,0.2552,0.4506,0.2942
SPADES SIX DIAMONDS JACK,0.6054,0.0118,0.3828
SPADES THREE DIAMONDS TEN,0.6174,0.0126,0.37
SPADES FOUR DIAMONDS TEN,0.6086,0.0134,0.378
SPADES FIVE DIAMONDS TEN,0.6082,0.013,0.3788
SPADES SIX DIAMONDS TEN,0.6024,0.0128,0.3848
SPADES SEVEN DIAMONDS TEN,0.5926,0.0138,0.3936
SPADES EIGHT DIAMONDS TEN,0.5724,0.0122,0.4154
SPADES NINE DIAMONDS TEN,0.5546,0.01,0.4354
CLUBS FOUR DIAMONDS TEN,0.6102,0.0144,0.3754
CLUBS FIVE DIAMONDS TEN,0.6158,0.012,0.3722
CLUBS SIX DIAMONDS TEN,0.6008,0.0094,0.3898
CLUBS SEVEN DIAMONDS TEN,0.5958,0.0116,0.3926
CLUBS EIGHT DIAMONDS TEN,0.5748,0.009,0.4162
CLUBS NINE DIAMONDS TEN,0.5676,0.0108,0.4216
DIAMONDS THREE CLUBS JACK,0.6312,0.0126,0.3562
DIAMONDS THREE CLUBS TEN,0.6136,0.0134,0.373
DIAMONDS THREE CLUBS KING,0.4006,0.009,0.5904
DIAMONDS THREE CLUBS QUEEN,0.2598,0.4978,0.2424
DIAMONDS THREE CLUBS ACE,0.3928,0.0056,0.6016
SPADES FOUR HEARTS JACK,0.6148,0.0136,0.3716
SPADES FOUR HEARTS TEN,0.6146,0.015,0.3704
DIAMONDS QUEEN CLUBS THREE,0.2688,0.4824,0.2488
HEARTS TWO CLUBS THREE,0.7238,0.0374,0.2388
DIAMONDS QUEEN CLUBS TWO,0.0772,0.906,0.0168
CLUBS TWO HEARTS TWO,0.349,0.0266,0.6244
DIAMONDS QUEEN HEARTS SEVEN,0.2738,0.2796,0.4466
HEARTS TWO HEARTS SEVEN,0.708,0.0306,0.2614
HEARTS SIX DIAMONDS QUEEN,0.2722,0.3576,0.3702
HEARTS SIX HEARTS TWO,0.704,0.0306,0.2654
DIAMONDS QUEEN HEARTS NINE,0.271,0.1592,0.5698
HEARTS TWO HEARTS NINE,0.6952,0.04,0.2648
DIAMONDS QUEEN HEARTS EIGHT,0.2654,0.2096,0.525
HEARTS TWO HEARTS EIGHT,0.6926,0.0402,0.2672
CLUBS NINE HEARTS TWO,0.735,0.0398,0.2252
CLUBS NINE DIAMONDS QUEEN,0.2818,0.1544,0.5638
CLUBS EIGHT HEARTS TWO,0.7282,0.0432,0.2286
CLUBS EIGHT DIAMONDS QUEEN,0.2706,0.2226,0.5068
CLUBS FIVE DIAMONDS QUEEN,0.2742,0.4212,0.3046
CLUBS FIVE HEARTS TWO,0.7052,0.0362,0.2586
SPADES EIGHT HEARTS ACE,0.371,0.0054,0.6236
CLUBS FOUR DIAMONDS QUEEN,0.2672,0.4792,0.2536
CLUBS FOUR HEARTS TWO,0.7196,0.0398,0.2406
SPADES EIGHT HEARTS QUEEN,0.2674,0.2056,0.527
CLUBS SEVEN HEARTS TWO,0.7424,0.0344,0.2232
CLUBS SEVEN DIAMONDS QUEEN,0.269,0.2832,0.4478
CLUBS SIX DIAMONDS QUEEN,0.2698,0.3518,0.3784
CLUBS SIX HEARTS TWO,0.7204,0.035,0.2446
SPADES EIGHT HEARTS KING,0.4012,0.0086,0.5902
DIAMONDS QUEEN SPADES SIX,0.2614,0.3602,0.3784
HEARTS TWO SPADES SIX,0.7248,0.0402,0.235
HEARTS FOUR CLUBS QUEEN,0.266,0.4804,0.2536
DIAMONDS ACE CLUBS QUEEN,0.2614,0.0128,0.7258
DIAMONDS QUEEN SPADES SEVEN,0.2618,0.2796,0.4586
SPADES SEVEN HEARTS TWO,0.735,0.0328,0.2322
HEARTS FOUR CLUBS KING,0.4022,0.0078,0.59
DIAMONDS ACE CLUBS KING,0.353,0.0048,0.6422
SPADES EIGHT DIAMONDS QUEEN,0.2604,0.212,0.5276
SPADES EIGHT HEARTS TWO,0.7324,0.0454,0.2222
HEARTS FOUR CLUBS ACE,0.3922,0.0044,0.6034
DIAMONDS ACE CLUBS ACE,0.158,0.0032,0.8388
SPADES NINE DIAMONDS QUEEN,0.2594,0.1606,0.58
SPADES NINE HEARTS TWO,0.7438,0.0334,0.2228
HEARTS TWO SPADES THREE,0.7134,0.0356,0.251
DIAMONDS QUEEN SPADES THREE,0.2618,0.4956,0.2426
HEARTS TWO SPADES FOUR,0.7104,0.0364,0.2532
DIAMONDS QUEEN SPADES FOUR,0.251,0.4886,0.2604
HEARTS FOUR CLUBS TEN,0.6158,0.0114,0.3728
DIAMONDS ACE CLUBS TEN,0.3906,0.004,0.6054
HEARTS TWO SPADES FIVE,0.7162,0.0376,0.2462
DIAMONDS QUEEN SPADES FIVE,0.245,0.44,0.315
HEARTS FOUR CLUBS JACK,0.623,0.0112,0.3658
DIAMONDS ACE CLUBS JACK,0.3838,0.005,0.6112
CLUBS FIVE CLUBS KING,0.3858,0.0084,0.6058
CLUBS FIVE CLUBS QUEEN,0.2438,0.4044,0.3518
CLUBS FIVE CLUBS ACE,0.3742,0.0042,0.6216
CLUBS FIVE CLUBS JACK,0.5752,0.0122,0.4126
CLUBS FIVE CLUBS TEN,0.5616,0.0136,0.4248
SPADES KING CLUBS JACK,0.3598,0.0076,0.6326
SPADES ACE CLUBS JACK,0.357,0.006,0.637
SPADES SIX CLUBS KING,0.3946,0.0072,0.5982
SPADES SIX CLUBS QUEEN,0.2566,0.372,0.3714
SPADES EIGHT HEARTS JACK,0.5804,0.0112,0.4084
SPADES SIX CLUBS ACE,0.392,0.0054,0.6026
SPADES EIGHT HEARTS TEN,0.5816,0.012,0.4064
SPADES SIX CLUBS JACK,0.615,0.0124,0.3726
SPADES SIX CLUBS TEN,0.599,0.0118,0.3892
SPADES TEN CLUBS JACK,0.5602,0.0122,0.4276
SPADES JACK CLUBS JACK,0.3086,0.0086,0.6828
SPADES KING CLUBS SEVEN,0.3768,0.0072,0.616
SPADES ACE CLUBS SEVEN,0.3902,0.0058,0.604
SPADES SIX HEARTS TEN,0.6056,0.0132,0.3812
SPADES SIX HEARTS JACK,0.612,0.014,0.374
SPADES SIX HEARTS ACE,0.3856,0.0064,0.608
SPADES SIX HEARTS KING,0.383,0.009,0.608
SPADES SIX HEARTS QUEEN,0.2518,0.3692,0.379
SPADES JACK CLUBS SEVEN,0.5936,0.0104,0.396
SPADES TEN CLUBS SEVEN,0.597,0.0126,0.3904
HEARTS SIX CLUBS TEN,0.611,0.0114,0.3776
HEARTS SIX CLUBS JACK,0.6044,0.0106,0.385
CLUBS ACE CLUBS JACK,0.3568,0.0048,0.6384
HEARTS SIX CLUBS QUEEN,0.2694,0.3498,0.3808
HEARTS SIX CLUBS KING,0.4038,0.0078,0.5884
HEARTS SIX CLUBS ACE,0.3984,0.0038,0.5978
CLUBS QUEEN CLUBS JACK,0.2638,0.0774,0.6588
CLUBS KING CLUBS JACK,0.3592,0.0058,0.635
DIAMONDS THREE HEARTS ACE,0.3982,0.006,0.5958
DIAMONDS THREE HEARTS QUEEN,0.2606,0.4944,0.245
DIAMONDS THREE HEARTS KING,0.3996,0.0068,0.5936
CLUBS FIVE HEARTS JACK,0.6082,0.0114,0.3804
HEARTS FOUR SPADES TEN,0.5948,0.0124,0.3928
SPADES TEN DIAMONDS ACE,0.3736,0.0062,0.6202
CLUBS FIVE HEARTS TEN,0.6226,0.0104,0.367
HEARTS FOUR SPADES JACK,0.6126,0.0118,0.3756
SPADES JACK DIAMONDS ACE,0.3672,0.006,0.6268
SPADES ACE HEARTS FOUR,0.375,0.0052,0.6198
SPADES ACE DIAMONDS ACE,0.1452,0.0058,0.849
CLUBS FIVE HEARTS ACE,0.3912,0.0044,0.6044
CLUBS FIVE HEARTS KING,0.4002,0.0098,0.59
SPADES FOUR CLUBS JACK,0.6032,0.0134,0.3834
CLUBS FIVE HEARTS QUEEN,0.2554,0.4342,0.3104
SPADES KING DIAMONDS ACE,0.3474,0.006,0.6466
HEARTS FOUR SPADES KING,0.3822,0.008,0.6098
SPADES FOUR CLUBS TEN,0.6174,0.013,0.3696
DIAMONDS QUEEN DIAMONDS ACE,0.2556,0.0172,0.7272
HEARTS TWO DIAMONDS ACE,0.2716,0.016,0.7124
HEARTS FOUR DIAMONDS QUEEN,0.2706,0.4768,0.2526
HEARTS FOUR HEARTS TWO,0.6744,0.0358,0.2898
DIAMONDS THREE HEARTS TEN,0.6326,0.0104,0.357
SPADES FOUR CLUBS KING,0.392,0.0096,0.5984
HEARTS FIVE DIAMONDS QUEEN,0.264,0.4282,0.3078
HEARTS FIVE HEARTS TWO,0.6622,0.0372,0.3006
DIAMONDS THREE HEARTS JACK,0.605,0.0122,0.3828
SPADES FOUR CLUBS QUEEN,0.2538,0.4754,0.2708
DIAMONDS QUEEN HEARTS TWO,0.071,0.9074,0.0216
DIAMONDS KING DIAMONDS QUEEN,0.2608,0.0246,0.7146
DIAMONDS KING HEARTS TWO,0.2846,0.0274,0.688
HEARTS THREE DIAMONDS QUEEN,0.2694,0.477,0.2536
HEARTS THREE HEARTS TWO,0.6694,0.0426,0.288
SPADES FOUR CLUBS ACE,0.37,0.0066,0.6234
HEARTS TWO CLUBS ACE,0.2798,0.0176,0.7026
DIAMONDS QUEEN CLUBS ACE,0.2644,0.0194,0.7162
HEARTS TWO CLUBS QUEEN,0.068,0.9112,0.0208
DIAMONDS QUEEN CLUBS QUEEN,0.1246,0.0256,0.8498
HEARTS TWO CLUBS KING,0.2792,0.027,0.6938
DIAMONDS QUEEN CLUBS KING,0.2678,0.0272,0.705
SPADES EIGHT SPADES FIVE,0.583,0.012,0.405
HEARTS TWO CLUBS TEN,0.7386,0.0424,0.219
DIAMONDS QUEEN CLUBS TEN,0.2786,0.1118,0.6096
SPADES NINE SPADES FIVE,0.6008,0.0146,0.3846
HEARTS TWO CLUBS JACK,0.7336,0.0388,0.2276
DIAMONDS QUEEN CLUBS JACK,0.2652,0.082,0.6528
SPADES SIX SPADES FIVE,0.5524,0.0134,0.4342
SPADES SEVEN SPADES FIVE,0.5796,0.0144,0.406
DIAMONDS FIVE CLUBS QUEEN,0.2716,0.4326,0.2958
SPADES EIGHT CLUBS ACE,0.3832,0.0034,0.6134
CLUBS KING DIAMONDS FIVE,0.3994,0.0074,0.5932
SPADES EIGHT CLUBS KING,0.396,0.007,0.597
CLUBS ACE DIAMONDS FIVE,0.387,0.005,0.608
SPADES EIGHT CLUBS QUEEN,0.2566,0.2216,0.5218
SPADES EIGHT CLUBS JACK,0.5844,0.0098,0.4058
SPADES EIGHT CLUBS TEN,0.559,0.011,0.43
DIAMONDS FIVE CLUBS TEN,0.609,0.0116,0.3794
DIAMONDS FIVE CLUBS JACK,0.6226,0.0122,0.3652
HEARTS JACK DIAMONDS TEN,0.5606,0.011,0.4284
DIAMONDS TEN HEARTS TEN,0.3246,0.0132,0.6622
SPADES ACE CLUBS NINE,0.3704,0.0068,0.6228
SPADES KING CLUBS NINE,0.3772,0.0064,0.6164
HEARTS SIX HEARTS KING,0.3784,0.0066,0.615
DIAMONDS KING SPADES SEVEN,0.387,0.0072,0.6058
HEARTS THREE SPADES SEVEN,0.6066,0.0138,0.3796
SPADES KING DIAMONDS SEVEN,0.3722,0.0108,0.617
HEARTS SIX HEARTS QUEEN,0.2434,0.3508,0.4058
DIAMONDS KING SPADES SIX,0.406,0.0054,0.5886
HEARTS THREE SPADES SIX,0.6146,0.0108,0.3746
SPADES NINE DIAMONDS KING,0.3752,0.01,0.6148
HEARTS THREE SPADES NINE,0.613,0.013,0.374
HEARTS SIX HEARTS ACE,0.3666,0.0064,0.627
DIAMONDS KING SPADES EIGHT,0.4126,0.0088,0.5786
HEARTS THREE SPADES EIGHT,0.6356,0.0126,0.3518
SPADES ACE DIAMONDS SEVEN,0.3894,0.0046,0.606
CLUBS NINE HEARTS THREE,0.616,0.0138,0.3702
CLUBS NINE DIAMONDS KING,0.3982,0.0066,0.5952
CLUBS EIGHT HEARTS THREE,0.6232,0.0144,0.3624
