opposingHand,winningChance,drawChance,lostChance
SPADES SEVEN HEARTS TEN
HEARTS FIVE SPADES TEN,0.4746,0.3004,0.225
SPADES JACK HEARTS FIVE,0.4236,0.015,0.5614
SPADES FIVE CLUBS JACK,0.4058,0.0172,0.577
CLUBS TEN SPADES FIVE,0.4894,0.2988,0.2118
CLUBS EIGHT CLUBS JACK,0.3482,0.0138,0.638
CLUBS TEN CLUBS EIGHT,0.2174,0.213,0.5696
CLUBS EIGHT CLUBS KING,0.3592,0.0054,0.6354
SPADES FIVE CLUBS ACE,0.4268,0.0042,0.569
CLUBS EIGHT CLUBS QUEEN,0.3444,0.0114,0.6442
SPADES FIVE CLUBS KING,0.4242,0.0094,0.5664
SPADES FIVE CLUBS QUEEN,0.412,0.0146,0.5734
CLUBS EIGHT CLUBS ACE,0.3532,0.005,0.6418
DIAMONDS TWO DIAMONDS THREE,0.6094,0.0224,0.3682
DIAMONDS TWO DIAMONDS FIVE,0.5906,0.0284,0.381
SPADES KING HEARTS FIVE,0.4166,0.01,0.5734
DIAMONDS TWO DIAMONDS FOUR,0.6128,0.0262,0.361
SPADES QUEEN HEARTS FIVE,0.414,0.0128,0.5732
DIAMONDS TWO DIAMONDS SEVEN,0.6528,0.0788,0.2684
DIAMONDS TWO DIAMONDS SIX,0.5998,0.0268,0.3734
SPADES ACE HEARTS FIVE,0.4034,0.0046,0.592
DIAMONDS TWO DIAMONDS NINE,0.5988,0.0234,0.3778
DIAMONDS TWO DIAMONDS EIGHT,0.6062,0.0248,0.369
DIAMONDS THREE DIAMONDS FOUR,0.5856,0.0264,0.388
SPADES FOUR CLUBS TWO,0.643,0.026,0.331
DIAMONDS THREE DIAMONDS FIVE,0.5792,0.026,0.3948
SPADES FIVE CLUBS TWO,0.6324,0.028,0.3396
CLUBS TWO SPADES TWO,0.4302,0.0628,0.507
CLUBS TWO SPADES THREE,0.6468,0.0278,0.3254
DIAMONDS THREE DIAMONDS EIGHT,0.5902,0.0262,0.3836
SPADES EIGHT CLUBS TWO,0.6344,0.0278,0.3378
DIAMONDS THREE DIAMONDS NINE,0.5938,0.0256,0.3806
SPADES NINE CLUBS TWO,0.6434,0.0256,0.331
DIAMONDS THREE DIAMONDS SIX,0.5974,0.0262,0.3764
SPADES SIX CLUBS TWO,0.6638,0.0284,0.3078
DIAMONDS THREE DIAMONDS SEVEN,0.6304,0.0798,0.2898
CLUBS SIX CLUBS TWO,0.6096,0.029,0.3614
CLUBS SEVEN CLUBS TWO,0.6564,0.0696,0.274
CLUBS FOUR CLUBS TWO,0.6008,0.0228,0.3764
CLUBS FIVE CLUBS TWO,0.583,0.0268,0.3902
CLUBS TEN CLUBS JACK,0.2232,0.0532,0.7236
DIAMONDS FOUR DIAMONDS SIX,0.5636,0.024,0.4124
CLUBS TEN CLUBS QUEEN,0.2176,0.046,0.7364
DIAMONDS FOUR DIAMONDS SEVEN,0.6184,0.0748,0.3068
CLUBS TEN CLUBS KING,0.2448,0.0302,0.725
CLUBS TEN CLUBS ACE,0.2484,0.0176,0.734
CLUBS EIGHT CLUBS TWO,0.5974,0.0264,0.3762
DIAMONDS FIVE DIAMONDS FOUR,0.5516,0.0284,0.42
CLUBS NINE CLUBS TWO,0.5984,0.0268,0.3748
DIAMONDS NINE DIAMONDS FOUR,0.5918,0.0252,0.383
DIAMONDS EIGHT DIAMONDS FOUR,0.5976,0.026,0.3764
CLUBS THREE CLUBS TWO,0.5984,0.0268,0.3748
DIAMONDS NINE DIAMONDS FIVE,0.5832,0.0292,0.3876
DIAMONDS TWO CLUBS JACK,0.4182,0.0168,0.565
DIAMONDS EIGHT DIAMONDS FIVE,0.584,0.0258,0.3902
CLUBS TEN DIAMONDS TWO,0.4998,0.2816,0.2186
DIAMONDS FIVE DIAMONDS SEVEN,0.6216,0.0754,0.303
DIAMONDS FIVE DIAMONDS SIX,0.573,0.0252,0.4018
DIAMONDS TWO CLUBS ACE,0.4232,0.0044,0.5724
DIAMONDS TWO CLUBS KING,0.4264,0.0058,0.5678
DIAMONDS TWO CLUBS QUEEN,0.4294,0.0092,0.5614
DIAMONDS EIGHT DIAMONDS SIX,0.5558,0.0238,0.4204
DIAMONDS NINE DIAMONDS SIX,0.5776,0.0292,0.3932
HEARTS ACE SPADES THREE,0.4234,0.0052,0.5714
SPADES THREE HEARTS KING,0.421,0.0058,0.5732
DIAMONDS SEVEN DIAMONDS SIX,0.6028,0.085,0.3122
SPADES THREE HEARTS QUEEN,0.4138,0.0106,0.5756
SPADES THREE HEARTS JACK,0.4304,0.0166,0.553
DIAMONDS EIGHT DIAMONDS SEVEN,0.614,0.0722,0.3138
DIAMONDS NINE DIAMONDS SEVEN,0.6338,0.075,0.2912
DIAMONDS NINE DIAMONDS EIGHT,0.5246,0.0228,0.4526
SPADES JACK CLUBS SIX,0.389,0.017,0.594
DIAMONDS KING HEARTS JACK,0.336,0.0072,0.6568
HEARTS THREE HEARTS JACK,0.4058,0.0186,0.5756
SPADES TEN CLUBS SIX,0.4746,0.2946,0.2308
SPADES JACK SPADES FIVE,0.401,0.0156,0.5834
SPADES TEN SPADES FIVE,0.4494,0.2876,0.263
DIAMONDS KING HEARTS ACE,0.342,0.0042,0.6538
HEARTS THREE HEARTS ACE,0.3906,0.0056,0.6038
SPADES ACE CLUBS SIX,0.4028,0.0046,0.5926
DIAMONDS KING HEARTS QUEEN,0.343,0.009,0.648
HEARTS THREE HEARTS QUEEN,0.4118,0.014,0.5742
SPADES KING CLUBS SIX,0.4008,0.0076,0.5916
DIAMONDS KING HEARTS KING,0.17,0.012,0.818
HEARTS THREE HEARTS KING,0.4004,0.0076,0.592
SPADES QUEEN CLUBS SIX,0.4058,0.0108,0.5834
SPADES NINE HEARTS JACK,0.3484,0.017,0.6346
SPADES QUEEN SPADES FIVE,0.3908,0.0102,0.599
SPADES KING SPADES FIVE,0.398,0.0086,0.5934
SPADES ACE SPADES FIVE,0.3838,0.0042,0.612
SPADES NINE HEARTS QUEEN,0.3498,0.0094,0.6408
SPADES NINE HEARTS KING,0.3626,0.0082,0.6292
SPADES NINE HEARTS ACE,0.3798,0.0052,0.615
CLUBS TEN SPADES JACK,0.238,0.0562,0.7058
CLUBS TEN SPADES TEN,0.1088,0.0522,0.839
SPADES ACE CLUBS TEN,0.263,0.0236,0.7134
SPADES KING CLUBS TEN,0.2422,0.0392,0.7186
CLUBS TEN SPADES QUEEN,0.229,0.0424,0.7286
SPADES FIVE HEARTS QUEEN,0.4182,0.015,0.5668
SPADES FIVE HEARTS KING,0.4228,0.0064,0.5708
SPADES FIVE HEARTS ACE,0.4066,0.0038,0.5896
CLUBS EIGHT SPADES TEN,0.22,0.2288,0.5512
HEARTS THREE SPADES JACK,0.4236,0.0178,0.5586
SPADES JACK DIAMONDS KING,0.3246,0.006,0.6694
SPADES TEN DIAMONDS KING,0.2452,0.033,0.7218
HEARTS THREE SPADES TEN,0.4874,0.299,0.2136
SPADES JACK CLUBS EIGHT,0.36,0.0198,0.6202
CLUBS SIX HEARTS ACE,0.407,0.0036,0.5894
SPADES ACE CLUBS EIGHT,0.3744,0.0044,0.6212
HEARTS FIVE CLUBS JACK,0.4162,0.0212,0.5626
CLUBS TEN HEARTS FIVE,0.4936,0.2868,0.2196
CLUBS SIX HEARTS QUEEN,0.4094,0.0078,0.5828
SPADES QUEEN CLUBS EIGHT,0.3582,0.01,0.6318
CLUBS TEN SPADES THREE,0.4856,0.2994,0.215
CLUBS SIX HEARTS KING,0.3984,0.006,0.5956
SPADES KING CLUBS EIGHT,0.376,0.008,0.616
SPADES THREE CLUBS JACK,0.4176,0.0192,0.5632
DIAMONDS TWO HEARTS JACK,0.4274,0.0188,0.5538
SPADES THREE CLUBS QUEEN,0.4366,0.011,0.5524
SPADES THREE CLUBS KING,0.4288,0.0086,0.5626
HEARTS FIVE CLUBS ACE,0.4202,0.006,0.5738
SPADES THREE CLUBS ACE,0.4184,0.0026,0.579
HEARTS FIVE CLUBS KING,0.4298,0.0084,0.5618
SPADES FIVE HEARTS JACK,0.4214,0.0166,0.562
HEARTS FIVE CLUBS QUEEN,0.4226,0.0112,0.5662
HEARTS THREE CLUBS KING,0.4222,0.0068,0.571
DIAMONDS KING CLUBS KING,0.1628,0.0106,0.8266
HEARTS THREE CLUBS QUEEN,0.4198,0.0154,0.5648
DIAMONDS KING CLUBS QUEEN,0.3476,0.0062,0.6462
HEARTS FIVE HEARTS JACK,0.4,0.0136,0.5864
HEARTS THREE CLUBS ACE,0.42,0.0044,0.5756
DIAMONDS KING CLUBS ACE,0.3396,0.0028,0.6576
SPADES ACE CLUBS QUEEN,0.3372,0.0056,0.6572
SPADES KING CLUBS QUEEN,0.3348,0.0044,0.6608
HEARTS THREE CLUBS JACK,0.4296,0.0202,0.5502
DIAMONDS KING CLUBS JACK,0.3338,0.0058,0.6604
SPADES QUEEN CLUBS QUEEN,0.1604,0.0146,0.825
CLUBS TEN HEARTS THREE,0.4908,0.2948,0.2144
CLUBS TEN DIAMONDS KING,0.2632,0.0344,0.7024
SPADES JACK CLUBS QUEEN,0.3158,0.0078,0.6764
CLUBS SIX CLUBS QUEEN,0.3918,0.0106,0.5976
SPADES TEN CLUBS QUEEN,0.225,0.0486,0.7264
CLUBS SIX CLUBS KING,0.3856,0.0068,0.6076
CLUBS SIX CLUBS ACE,0.3884,0.0026,0.609
HEARTS FIVE HEARTS KING,0.4022,0.0074,0.5904
HEARTS FIVE HEARTS QUEEN,0.4034,0.0098,0.5868
CLUBS TEN CLUBS SIX,0.452,0.2854,0.2626
HEARTS FIVE HEARTS ACE,0.3932,0.0056,0.6012
CLUBS SIX CLUBS JACK,0.3908,0.014,0.5952
DIAMONDS TWO CLUBS TWO,0.4226,0.0572,0.5202
DIAMONDS TWO CLUBS THREE,0.6264,0.0298,0.3438
HEARTS SIX DIAMONDS TWO,0.6612,0.0274,0.3114
DIAMONDS TWO HEARTS QUEEN,0.4156,0.0108,0.5736
DIAMONDS TWO HEARTS SEVEN,0.6996,0.0828,0.2176
DIAMONDS TWO HEARTS KING,0.421,0.0062,0.5728
DIAMONDS TWO HEARTS EIGHT,0.6474,0.0268,0.3258
DIAMONDS TWO HEARTS ACE,0.419,0.0044,0.5766
DIAMONDS TWO HEARTS NINE,0.645,0.022,0.333
DIAMONDS TWO DIAMONDS QUEEN,0.4018,0.0112,0.587
DIAMONDS TWO HEARTS TWO,0.4368,0.0508,0.5124
DIAMONDS TWO DIAMONDS KING,0.397,0.008,0.595
HEARTS THREE DIAMONDS TWO,0.6386,0.0284,0.333
DIAMONDS TWO DIAMONDS ACE,0.4144,0.005,0.5806
HEARTS FOUR DIAMONDS TWO,0.6302,0.0268,0.343
DIAMONDS TWO HEARTS FIVE,0.6356,0.029,0.3354
DIAMONDS TWO DIAMONDS TEN,0.4722,0.2714,0.2564
DIAMONDS TWO DIAMONDS JACK,0.4008,0.0156,0.5836
DIAMONDS TWO SPADES NINE,0.639,0.0226,0.3384
DIAMONDS TWO SPADES EIGHT,0.6318,0.0242,0.344
DIAMONDS TWO SPADES SIX,0.6476,0.0308,0.3216
DIAMONDS TWO SPADES FIVE,0.64,0.029,0.331
DIAMONDS TWO SPADES FOUR,0.6244,0.0316,0.344
DIAMONDS TWO SPADES THREE,0.6278,0.0284,0.3438
DIAMONDS TWO SPADES TWO,0.4438,0.057,0.4992
CLUBS NINE DIAMONDS TWO,0.633,0.025,0.342
DIAMONDS TWO CLUBS EIGHT,0.638,0.0262,0.3358
CLUBS SEVEN DIAMONDS TWO,0.6892,0.0774,0.2334
DIAMONDS TWO CLUBS SIX,0.6604,0.0248,0.3148
DIAMONDS TWO CLUBS FIVE,0.6232,0.0266,0.3502
DIAMONDS TWO CLUBS FOUR,0.6178,0.0298,0.3524
CLUBS FOUR SPADES FIVE,0.6102,0.0278,0.362
CLUBS FOUR SPADES FOUR,0.4176,0.0512,0.5312
CLUBS FOUR SPADES THREE,0.6162,0.0278,0.356
CLUBS FOUR SPADES TWO,0.632,0.03,0.338
SPADES NINE CLUBS FOUR,0.6432,0.027,0.3298
SPADES EIGHT CLUBS FOUR,0.6316,0.0252,0.3432
SPADES SIX CLUBS FOUR,0.6232,0.0214,0.3554
SPADES ACE DIAMONDS SIX,0.4052,0.0038,0.591
SPADES QUEEN DIAMONDS SIX,0.4096,0.0082,0.5822
SPADES KING DIAMONDS SIX,0.4082,0.0072,0.5846
SPADES TEN DIAMONDS SIX,0.4932,0.3002,0.2066
SPADES JACK DIAMONDS SIX,0.402,0.0226,0.5754
SPADES QUEEN SPADES TWO,0.4142,0.0128,0.573
SPADES KING SPADES TWO,0.413,0.0074,0.5796
SPADES ACE SPADES TWO,0.3966,0.0048,0.5986
DIAMONDS JACK CLUBS JACK,0.1648,0.0222,0.813
CLUBS TEN DIAMONDS JACK,0.2432,0.0502,0.7066
DIAMONDS JACK CLUBS KING,0.3314,0.0066,0.662
DIAMONDS JACK CLUBS QUEEN,0.3264,0.0092,0.6644
DIAMONDS THREE DIAMONDS JACK,0.4008,0.0134,0.5858
DIAMONDS THREE DIAMONDS TEN,0.4578,0.2722,0.27
DIAMONDS JACK CLUBS ACE,0.3524,0.0022,0.6454
DIAMONDS THREE DIAMONDS KING,0.3898,0.007,0.6032
HEARTS THREE DIAMONDS THREE,0.4332,0.055,0.5118
DIAMONDS THREE DIAMONDS QUEEN,0.3982,0.0084,0.5934
DIAMONDS THREE HEARTS TWO,0.6382,0.0308,0.331
HEARTS FIVE DIAMONDS THREE,0.6318,0.029,0.3392
DIAMONDS THREE DIAMONDS ACE,0.3792,0.0032,0.6176
HEARTS FOUR DIAMONDS THREE,0.6338,0.0292,0.337
DIAMONDS THREE HEARTS SEVEN,0.6842,0.0796,0.2362
SPADES TEN SPADES NINE,0.221,0.1608,0.6182
HEARTS SIX DIAMONDS THREE,0.6488,0.0254,0.3258
SPADES JACK SPADES NINE,0.3472,0.015,0.6378
DIAMONDS THREE HEARTS NINE,0.6338,0.0256,0.3406
HEARTS JACK DIAMONDS FOUR,0.4084,0.0162,0.5754
HEARTS ACE HEARTS KING,0.3288,0.0046,0.6666
SPADES TEN SPADES TWO,0.4748,0.2768,0.2484
DIAMONDS THREE HEARTS EIGHT,0.639,0.0302,0.3308
SPADES JACK SPADES TWO,0.3894,0.0184,0.5922
HEARTS QUEEN DIAMONDS FOUR,0.4004,0.0102,0.5894
HEARTS KING DIAMONDS FOUR,0.4112,0.0054,0.5834
SPADES ACE SPADES NINE,0.3634,0.0058,0.6308
HEARTS ACE DIAMONDS FOUR,0.4128,0.0048,0.5824
SPADES KING SPADES NINE,0.3556,0.0076,0.6368
SPADES QUEEN SPADES NINE,0.3482,0.0104,0.6414
DIAMONDS THREE SPADES NINE,0.6376,0.0292,0.3332
DIAMONDS THREE SPADES EIGHT,0.6362,0.0282,0.3356
DIAMONDS THREE SPADES SIX,0.6398,0.0296,0.3306
DIAMONDS THREE CLUBS SIX,0.6372,0.0254,0.3374
CLUBS FIVE CLUBS SIX,0.5728,0.0212,0.406
CLUBS ACE DIAMONDS FOUR,0.4106,0.0032,0.5862
CLUBS SEVEN DIAMONDS THREE,0.678,0.077,0.245
CLUBS SEVEN CLUBS FIVE,0.624,0.0796,0.2964
DIAMONDS THREE CLUBS FOUR,0.6176,0.028,0.3544
DIAMONDS FOUR CLUBS QUEEN,0.4178,0.0108,0.5714
DIAMONDS THREE CLUBS FIVE,0.6094,0.0278,0.3628
CLUBS KING DIAMONDS FOUR,0.424,0.0076,0.5684
DIAMONDS THREE CLUBS TWO,0.6396,0.0264,0.334
CLUBS TEN DIAMONDS FOUR,0.4782,0.2872,0.2346
DIAMONDS THREE CLUBS THREE,0.4316,0.0488,0.5196
DIAMONDS FOUR CLUBS JACK,0.4066,0.0168,0.5766
DIAMONDS THREE SPADES FOUR,0.6088,0.0294,0.3618
DIAMONDS THREE SPADES FIVE,0.6284,0.0296,0.342
DIAMONDS THREE SPADES TWO,0.6464,0.0294,0.3242
DIAMONDS THREE SPADES THREE,0.4282,0.0572,0.5146
CLUBS EIGHT DIAMONDS THREE,0.6254,0.0284,0.3462
CLUBS NINE DIAMONDS THREE,0.643,0.0276,0.3294
CLUBS FIVE SPADES SIX,0.6254,0.0244,0.3502
CLUBS FIVE SPADES NINE,0.624,0.0246,0.3514
CLUBS FIVE SPADES EIGHT,0.6188,0.0244,0.3568
CLUBS FIVE SPADES THREE,0.6272,0.0284,0.3444
CLUBS FIVE SPADES TWO,0.635,0.0264,0.3386
CLUBS FIVE SPADES FIVE,0.44,0.054,0.506
CLUBS FIVE SPADES FOUR,0.6066,0.0268,0.3666
CLUBS NINE CLUBS FIVE,0.59,0.0274,0.3826
CLUBS EIGHT CLUBS FIVE,0.5796,0.025,0.3954
CLUBS ACE CLUBS QUEEN,0.3296,0.0034,0.667
CLUBS KING CLUBS QUEEN,0.3196,0.0058,0.6746
DIAMONDS TEN DIAMONDS FOUR,0.4616,0.2748,0.2636
CLUBS TEN DIAMONDS NINE,0.2362,0.1632,0.6006
DIAMONDS JACK DIAMONDS FOUR,0.4036,0.0156,0.5808
DIAMONDS NINE CLUBS JACK,0.3436,0.0146,0.6418
SPADES NINE CLUBS JACK,0.3364,0.0124,0.6512
CLUBS TEN SPADES NINE,0.2226,0.1686,0.6088
DIAMONDS ACE DIAMONDS FOUR,0.4012,0.0052,0.5936
HEARTS FOUR DIAMONDS FOUR,0.421,0.0558,0.5232
SPADES NINE CLUBS KING,0.3648,0.0074,0.6278
DIAMONDS TWO SPADES TEN,0.4918,0.2952,0.213
DIAMONDS NINE CLUBS ACE,0.3872,0.0024,0.6104
HEARTS FIVE DIAMONDS FOUR,0.6076,0.0272,0.3652
DIAMONDS JACK HEARTS JACK,0.1612,0.0214,0.8174
SPADES NINE CLUBS QUEEN,0.3528,0.0086,0.6386
DIAMONDS TWO SPADES JACK,0.4154,0.016,0.5686
DIAMONDS QUEEN DIAMONDS FOUR,0.4026,0.0122,0.5852
HEARTS TWO DIAMONDS FOUR,0.641,0.0258,0.3332
DIAMONDS NINE CLUBS QUEEN,0.3634,0.0076,0.629
DIAMONDS KING DIAMONDS FOUR,0.3918,0.008,0.6002
HEARTS THREE DIAMONDS FOUR,0.6188,0.0274,0.3538
SPADES NINE CLUBS ACE,0.38,0.0038,0.6162
DIAMONDS NINE CLUBS KING,0.3724,0.0046,0.623
HEARTS ACE DIAMONDS JACK,0.352,0.0042,0.6438
SPADES ACE DIAMONDS TWO,0.4184,0.0048,0.5768
HEARTS QUEEN DIAMONDS JACK,0.3242,0.0094,0.6664
SPADES QUEEN DIAMONDS TWO,0.4266,0.011,0.5624
DIAMONDS JACK HEARTS KING,0.3202,0.0076,0.6722
SPADES KING DIAMONDS TWO,0.4238,0.0086,0.5676
CLUBS SEVEN CLUBS THREE,0.6428,0.0818,0.2754
CLUBS SIX CLUBS THREE,0.5914,0.0296,0.379
CLUBS FIVE CLUBS THREE,0.583,0.0262,0.3908
CLUBS THREE CLUBS FOUR,0.5726,0.028,0.3994
CLUBS NINE CLUBS THREE,0.5936,0.0272,0.3792
CLUBS EIGHT CLUBS THREE,0.6016,0.0264,0.372
CLUBS THREE SPADES FIVE,0.6242,0.0274,0.3484
CLUBS THREE SPADES FOUR,0.6182,0.0254,0.3564
CLUBS THREE SPADES THREE,0.421,0.059,0.52
CLUBS THREE SPADES TWO,0.6436,0.029,0.3274
CLUBS THREE SPADES SIX,0.6472,0.0254,0.3274
SPADES EIGHT CLUBS THREE,0.6346,0.0302,0.3352
SPADES NINE CLUBS THREE,0.6284,0.0276,0.344
SPADES TWO DIAMONDS FOUR,0.6372,0.0272,0.3356
SPADES THREE DIAMONDS FOUR,0.6222,0.0302,0.3476
SPADES FOUR DIAMONDS FOUR,0.4298,0.0548,0.5154
SPADES FIVE DIAMONDS FOUR,0.595,0.032,0.373
SPADES SIX DIAMONDS FOUR,0.6284,0.0282,0.3434
SPADES EIGHT DIAMONDS FOUR,0.6272,0.0288,0.344
SPADES NINE DIAMONDS FOUR,0.644,0.0238,0.3322
CLUBS FIVE DIAMONDS FOUR,0.5984,0.0278,0.3738
CLUBS FOUR DIAMONDS FOUR,0.4216,0.053,0.5254
CLUBS SEVEN DIAMONDS FOUR,0.659,0.079,0.262
CLUBS SIX DIAMONDS FOUR,0.6214,0.0282,0.3504
CLUBS NINE DIAMONDS FOUR,0.6294,0.0286,0.342
CLUBS EIGHT DIAMONDS FOUR,0.6232,0.0246,0.3522
DIAMONDS FOUR HEARTS SEVEN,0.65,0.086,0.264
HEARTS SIX DIAMONDS FOUR,0.6126,0.031,0.3564
HEARTS NINE DIAMONDS FOUR,0.6388,0.0318,0.3294
DIAMONDS FOUR HEARTS EIGHT,0.6134,0.0296,0.357
CLUBS THREE DIAMONDS FOUR,0.607,0.0262,0.3668
CLUBS TWO DIAMONDS FOUR,0.6294,0.0278,0.3428
DIAMONDS TEN DIAMONDS FIVE,0.454,0.2852,0.2608
DIAMONDS JACK DIAMONDS FIVE,0.383,0.0196,0.5974
DIAMONDS NINE HEARTS QUEEN,0.3594,0.0086,0.632
DIAMONDS NINE HEARTS KING,0.3766,0.0068,0.6166
HEARTS ACE DIAMONDS NINE,0.3808,0.0032,0.616
DIAMONDS NINE HEARTS JACK,0.3674,0.016,0.6166
CLUBS KING DIAMONDS SIX,0.426,0.0072,0.5668
CLUBS QUEEN DIAMONDS SIX,0.418,0.0112,0.5708
CLUBS ACE DIAMONDS SIX,0.4042,0.0018,0.594
SPADES KING DIAMONDS FOUR,0.414,0.0064,0.5796
SPADES QUEEN DIAMONDS FOUR,0.4026,0.0098,0.5876
CLUBS JACK DIAMONDS SIX,0.4216,0.014,0.5644
SPADES ACE DIAMONDS FOUR,0.4104,0.0042,0.5854
CLUBS TEN DIAMONDS SIX,0.4852,0.2942,0.2206
CLUBS NINE CLUBS FOUR,0.5926,0.0252,0.3822
CLUBS EIGHT CLUBS FOUR,0.5924,0.0242,0.3834
SPADES JACK DIAMONDS FOUR,0.4062,0.0192,0.5746
SPADES TEN DIAMONDS FOUR,0.4736,0.2914,0.235
CLUBS FIVE CLUBS FOUR,0.558,0.03,0.412
CLUBS SEVEN CLUBS FOUR,0.6282,0.079,0.2928
CLUBS SIX CLUBS FOUR,0.5804,0.0274,0.3922
CLUBS SEVEN SPADES EIGHT,0.6532,0.074,0.2728
CLUBS SEVEN SPADES NINE,0.6742,0.0714,0.2544
CLUBS SEVEN SPADES SIX,0.641,0.0824,0.2766
CLUBS SEVEN SPADES FIVE,0.6758,0.0848,0.2394
CLUBS SEVEN SPADES FOUR,0.665,0.0824,0.2526
CLUBS SEVEN SPADES THREE,0.6834,0.0742,0.2424
CLUBS SEVEN SPADES TWO,0.705,0.083,0.212
CLUBS NINE CLUBS SEVEN,0.6286,0.0756,0.2958
CLUBS SEVEN CLUBS EIGHT,0.618,0.078,0.304
HEARTS SIX DIAMONDS FIVE,0.609,0.0322,0.3588
DIAMONDS FIVE HEARTS SEVEN,0.6716,0.083,0.2454
DIAMONDS FIVE HEARTS EIGHT,0.6266,0.0244,0.349
HEARTS NINE DIAMONDS FIVE,0.6374,0.0232,0.3394
DIAMONDS QUEEN DIAMONDS FIVE,0.3864,0.01,0.6036
HEARTS TWO DIAMONDS FIVE,0.6372,0.026,0.3368
HEARTS KING HEARTS EIGHT,0.3616,0.007,0.6314
DIAMONDS KING DIAMONDS FIVE,0.3944,0.006,0.5996
HEARTS THREE DIAMONDS FIVE,0.6196,0.0276,0.3528
HEARTS QUEEN HEARTS EIGHT,0.343,0.01,0.647
DIAMONDS ACE DIAMONDS FIVE,0.3952,0.0046,0.6002
HEARTS FOUR DIAMONDS FIVE,0.6042,0.0298,0.366
HEARTS FIVE DIAMONDS FIVE,0.4306,0.0538,0.5156
HEARTS ACE HEARTS EIGHT,0.3496,0.0042,0.6462
CLUBS FOUR DIAMONDS FIVE,0.5914,0.028,0.3806
CLUBS FIVE DIAMONDS FIVE,0.416,0.0496,0.5344
CLUBS SIX DIAMONDS FIVE,0.6016,0.0268,0.3716
CLUBS SEVEN DIAMONDS FIVE,0.6646,0.0802,0.2552
CLUBS TWO DIAMONDS FIVE,0.6288,0.0268,0.3444
CLUBS THREE DIAMONDS FIVE,0.6156,0.0322,0.3522
SPADES THREE DIAMONDS FIVE,0.611,0.0286,0.3604
SPADES TWO DIAMONDS FIVE,0.6358,0.0272,0.337
SPADES JACK DIAMONDS EIGHT,0.3522,0.017,0.6308
SPADES FIVE DIAMONDS FIVE,0.4332,0.054,0.5128
CLUBS TEN HEARTS JACK,0.233,0.0528,0.7142
SPADES TEN DIAMONDS EIGHT,0.214,0.2186,0.5674
SPADES FOUR DIAMONDS FIVE,0.599,0.0292,0.3718
HEARTS JACK CLUBS JACK,0.16,0.025,0.815
HEARTS JACK CLUBS QUEEN,0.3186,0.0112,0.6702
CLUBS NINE DIAMONDS FIVE,0.627,0.0286,0.3444
CLUBS KING HEARTS JACK,0.329,0.006,0.665
CLUBS EIGHT DIAMONDS FIVE,0.6194,0.0218,0.3588
CLUBS ACE HEARTS JACK,0.3386,0.0042,0.6572
SPADES KING DIAMONDS EIGHT,0.3788,0.009,0.6122
SPADES SIX DIAMONDS FIVE,0.618,0.0258,0.3562
SPADES QUEEN DIAMONDS EIGHT,0.3724,0.0088,0.6188
SPADES NINE DIAMONDS FIVE,0.617,0.03,0.353
SPADES EIGHT DIAMONDS FIVE,0.6108,0.0246,0.3646
SPADES ACE DIAMONDS EIGHT,0.3738,0.005,0.6212
DIAMONDS TEN DIAMONDS SIX,0.4596,0.2828,0.2576
HEARTS ACE DIAMONDS SEVEN,0.2602,0.0204,0.7194
DIAMONDS JACK DIAMONDS SIX,0.3842,0.0184,0.5974
HEARTS QUEEN DIAMONDS SEVEN,0.26,0.0404,0.6996
HEARTS KING DIAMONDS SEVEN,0.2646,0.0368,0.6986
DIAMONDS ACE DIAMONDS SIX,0.3858,0.004,0.6102
HEARTS FOUR DIAMONDS SIX,0.6254,0.0296,0.345
SPADES TWO HEARTS JACK,0.4332,0.0182,0.5486
HEARTS FIVE DIAMONDS SIX,0.6062,0.0292,0.3646
DIAMONDS QUEEN DIAMONDS SIX,0.3842,0.013,0.6028
HEARTS TWO DIAMONDS SIX,0.6562,0.0256,0.3182
DIAMONDS KING DIAMONDS SIX,0.3944,0.0068,0.5988
HEARTS THREE DIAMONDS SIX,0.6348,0.029,0.3362
HEARTS EIGHT DIAMONDS SIX,0.6096,0.0276,0.3628
HEARTS NINE DIAMONDS SIX,0.6246,0.0254,0.35
HEARTS SIX DIAMONDS SIX,0.4076,0.053,0.5394
HEARTS SEVEN DIAMONDS SIX,0.656,0.0768,0.2672
CLUBS TWO DIAMONDS SIX,0.6552,0.0228,0.322
HEARTS JACK DIAMONDS SEVEN,0.254,0.0548,0.6912
CLUBS THREE DIAMONDS SIX,0.6358,0.025,0.3392
CLUBS SEVEN DIAMONDS SIX,0.6542,0.078,0.2678
DIAMONDS EIGHT CLUBS JACK,0.3568,0.0138,0.6294
CLUBS SIX DIAMONDS SIX,0.4062,0.054,0.5398
CLUBS TEN DIAMONDS EIGHT,0.2246,0.2246,0.5508
CLUBS FIVE DIAMONDS SIX,0.606,0.0304,0.3636
CLUBS FOUR DIAMONDS SIX,0.6214,0.0264,0.3522
HEARTS ACE HEARTS JACK,0.323,0.005,0.672
DIAMONDS EIGHT CLUBS ACE,0.3816,0.0026,0.6158
HEARTS QUEEN HEARTS JACK,0.297,0.01,0.693
DIAMONDS EIGHT CLUBS KING,0.3762,0.006,0.6178
CLUBS NINE DIAMONDS SIX,0.6256,0.0236,0.3508
HEARTS KING HEARTS JACK,0.3314,0.0082,0.6604
DIAMONDS EIGHT CLUBS QUEEN,0.3814,0.0112,0.6074
CLUBS EIGHT DIAMONDS SIX,0.6108,0.0266,0.3626
SPADES TEN HEARTS KING,0.2462,0.0372,0.7166
SPADES FIVE DIAMONDS SIX,0.6112,0.0312,0.3576
HEARTS ACE SPADES TWO,0.4148,0.0042,0.581
SPADES JACK HEARTS KING,0.3412,0.0068,0.652
SPADES FOUR DIAMONDS SIX,0.6292,0.0288,0.342
SPADES THREE DIAMONDS SIX,0.6444,0.0296,0.326
HEARTS QUEEN SPADES TWO,0.4172,0.0114,0.5714
SPADES ACE SPADES KING,0.3324,0.0058,0.6618
SPADES TWO HEARTS KING,0.427,0.0084,0.5646
SPADES TWO DIAMONDS SIX,0.6618,0.0246,0.3136
SPADES NINE DIAMONDS SIX,0.611,0.0268,0.3622
HEARTS JACK HEARTS EIGHT,0.339,0.0144,0.6466
SPADES EIGHT DIAMONDS SIX,0.5938,0.0272,0.379
SPADES SIX DIAMONDS SIX,0.4144,0.0508,0.5348
SPADES KING HEARTS KING,0.1448,0.0096,0.8456
SPADES QUEEN HEARTS KING,0.3176,0.0072,0.6752
CLUBS ACE CLUBS KING,0.3284,0.004,0.6676
SPADES ACE HEARTS KING,0.333,0.004,0.663
SPADES ACE HEARTS JACK,0.3294,0.0042,0.6664
SPADES QUEEN HEARTS JACK,0.3092,0.0092,0.6816
SPADES KING HEARTS JACK,0.3234,0.0074,0.6692
SPADES TEN DIAMONDS TEN,0.12,0.0562,0.8238
SPADES JACK DIAMONDS TEN,0.2376,0.0512,0.7112
SPADES ACE DIAMONDS TEN,0.2474,0.0196,0.733
SPADES JACK HEARTS JACK,0.1488,0.027,0.8242
SPADES TEN HEARTS JACK,0.218,0.0584,0.7236
SPADES QUEEN DIAMONDS TEN,0.241,0.0498,0.7092
SPADES KING DIAMONDS TEN,0.2512,0.0368,0.712
SPADES NINE DIAMONDS SEVEN,0.6642,0.073,0.2628
SPADES EIGHT DIAMONDS SEVEN,0.6534,0.0722,0.2744
SPADES SIX DIAMONDS SEVEN,0.6572,0.0794,0.2634
DIAMONDS KING DIAMONDS SEVEN,0.2444,0.0292,0.7264
HEARTS THREE DIAMONDS SEVEN,0.6796,0.086,0.2344
HEARTS KING DIAMONDS FIVE,0.4112,0.0046,0.5842
DIAMONDS QUEEN DIAMONDS SEVEN,0.2556,0.0392,0.7052
HEARTS TWO DIAMONDS SEVEN,0.6856,0.0878,0.2266
HEARTS QUEEN DIAMONDS FIVE,0.421,0.0116,0.5674
HEARTS FIVE DIAMONDS SEVEN,0.6586,0.0812,0.2602
DIAMONDS ACE DIAMONDS SEVEN,0.2546,0.023,0.7224
HEARTS FOUR DIAMONDS SEVEN,0.666,0.0854,0.2486
HEARTS ACE DIAMONDS FIVE,0.4146,0.0048,0.5806
HEARTS SEVEN DIAMONDS SEVEN,0.3126,0.0508,0.6366
HEARTS SIX DIAMONDS SEVEN,0.6464,0.0796,0.274
HEARTS NINE DIAMONDS SEVEN,0.682,0.0812,0.2368
DIAMONDS SEVEN HEARTS EIGHT,0.6558,0.0704,0.2738
DIAMONDS JACK DIAMONDS SEVEN,0.2488,0.053,0.6982
DIAMONDS FIVE HEARTS JACK,0.4184,0.0146,0.567
DIAMONDS TEN DIAMONDS SEVEN,0.0212,0.908,0.0708
SPADES KING CLUBS TWO,0.421,0.0088,0.5702
HEARTS KING CLUBS KING,0.1568,0.0114,0.8318
CLUBS EIGHT DIAMONDS SEVEN,0.6606,0.0696,0.2698
SPADES QUEEN CLUBS TWO,0.4252,0.0114,0.5634
HEARTS KING CLUBS QUEEN,0.3314,0.0056,0.663
CLUBS NINE DIAMONDS SEVEN,0.685,0.067,0.248
SPADES TWO CLUBS JACK,0.4298,0.016,0.5542
SPADES ACE CLUBS TWO,0.4194,0.004,0.5766
CLUBS TEN SPADES TWO,0.4888,0.2942,0.217
HEARTS KING CLUBS ACE,0.3506,0.0038,0.6456
CLUBS SEVEN CLUBS SIX,0.6102,0.0744,0.3154
SPADES TWO CLUBS KING,0.4278,0.0076,0.5646
SPADES TWO DIAMONDS SEVEN,0.6966,0.0926,0.2108
CLUBS EIGHT CLUBS SIX,0.5658,0.0282,0.406
SPADES THREE DIAMONDS SEVEN,0.6818,0.0798,0.2384
SPADES TWO CLUBS QUEEN,0.4162,0.0124,0.5714
CLUBS NINE CLUBS SIX,0.5866,0.0248,0.3886
SPADES FOUR DIAMONDS SEVEN,0.6674,0.0826,0.25
HEARTS KING CLUBS JACK,0.3268,0.006,0.6672
SPADES FIVE DIAMONDS SEVEN,0.665,0.0824,0.2526
SPADES TWO CLUBS ACE,0.4368,0.0036,0.5596
CLUBS TEN HEARTS KING,0.2456,0.0298,0.7246
CLUBS SIX SPADES TWO,0.6568,0.026,0.3172
CLUBS SIX SPADES THREE,0.634,0.0282,0.3378
CLUBS TWO DIAMONDS SEVEN,0.6898,0.0836,0.2266
CLUBS SIX SPADES FOUR,0.6244,0.0266,0.349
CLUBS THREE DIAMONDS SEVEN,0.6896,0.0764,0.234
CLUBS SIX SPADES FIVE,0.6282,0.026,0.3458
CLUBS FOUR DIAMONDS SEVEN,0.6568,0.083,0.2602
CLUBS SIX SPADES SIX,0.4128,0.0508,0.5364
CLUBS FIVE DIAMONDS SEVEN,0.6566,0.0816,0.2618
CLUBS SIX DIAMONDS SEVEN,0.6508,0.078,0.2712
CLUBS SIX SPADES EIGHT,0.6068,0.0236,0.3696
SPADES JACK CLUBS TWO,0.4178,0.0176,0.5646
CLUBS SEVEN DIAMONDS SEVEN,0.3032,0.0514,0.6454
SPADES NINE CLUBS SIX,0.6142,0.0252,0.3606
SPADES TEN CLUBS TWO,0.476,0.2928,0.2312
CLUBS TWO CLUBS QUEEN,0.403,0.0118,0.5852
CLUBS TWO CLUBS KING,0.4046,0.008,0.5874
CLUBS THREE DIAMONDS EIGHT,0.6336,0.0258,0.3406
CLUBS TWO CLUBS ACE,0.3938,0.0044,0.6018
CLUBS TWO DIAMONDS EIGHT,0.6416,0.0284,0.33
DIAMONDS EIGHT HEARTS SEVEN,0.662,0.075,0.263
HEARTS SIX DIAMONDS EIGHT,0.6148,0.025,0.3602
DIAMONDS EIGHT HEARTS NINE,0.5638,0.026,0.4102
CLUBS TEN CLUBS TWO,0.466,0.2674,0.2666
DIAMONDS EIGHT HEARTS EIGHT,0.2908,0.0436,0.6656
CLUBS TWO CLUBS JACK,0.3924,0.0204,0.5872
CLUBS NINE DIAMONDS EIGHT,0.563,0.022,0.415
CLUBS EIGHT DIAMONDS EIGHT,0.2916,0.0476,0.6608
CLUBS FIVE DIAMONDS EIGHT,0.6188,0.0306,0.3506
SPADES ACE SPADES THREE,0.4072,0.004,0.5888
CLUBS FOUR DIAMONDS EIGHT,0.6278,0.0224,0.3498
CLUBS SEVEN DIAMONDS EIGHT,0.6652,0.0714,0.2634
SPADES QUEEN SPADES THREE,0.3958,0.0128,0.5914
CLUBS SIX DIAMONDS EIGHT,0.5866,0.0228,0.3906
SPADES KING SPADES THREE,0.4008,0.0072,0.592
DIAMONDS QUEEN DIAMONDS EIGHT,0.3476,0.0108,0.6416
HEARTS TWO DIAMONDS EIGHT,0.6412,0.0302,0.3286
DIAMONDS KING DIAMONDS EIGHT,0.354,0.0062,0.6398
HEARTS THREE DIAMONDS EIGHT,0.6432,0.025,0.3318
DIAMONDS ACE DIAMONDS EIGHT,0.3526,0.0042,0.6432
HEARTS FOUR DIAMONDS EIGHT,0.6326,0.0258,0.3416
HEARTS FIVE DIAMONDS EIGHT,0.624,0.0228,0.3532
DIAMONDS EIGHT DIAMONDS TEN,0.2032,0.2232,0.5736
DIAMONDS EIGHT DIAMONDS JACK,0.3398,0.0138,0.6464
SPADES JACK SPADES THREE,0.4112,0.0184,0.5704
SPADES TEN SPADES THREE,0.4592,0.2822,0.2586
CLUBS FOUR HEARTS ACE,0.4278,0.004,0.5682
CLUBS FOUR HEARTS QUEEN,0.405,0.0076,0.5874
CLUBS FOUR HEARTS KING,0.4108,0.0074,0.5818
CLUBS SIX HEARTS JACK,0.4024,0.0164,0.5812
SPADES FOUR DIAMONDS EIGHT,0.6312,0.0266,0.3422
SPADES FIVE DIAMONDS EIGHT,0.6068,0.0254,0.3678
DIAMONDS EIGHT SPADES TWO,0.6508,0.0274,0.3218
DIAMONDS EIGHT SPADES THREE,0.6434,0.0268,0.3298
CLUBS FOUR HEARTS JACK,0.4226,0.017,0.5604
SPADES EIGHT DIAMONDS EIGHT,0.2894,0.0408,0.6698
SPADES TEN DIAMONDS QUEEN,0.2228,0.0454,0.7318
SPADES TEN HEARTS TWO,0.4884,0.2914,0.2202
SPADES JACK HEARTS EIGHT,0.3614,0.0172,0.6214
SPADES NINE DIAMONDS EIGHT,0.571,0.028,0.401
SPADES TEN HEARTS EIGHT,0.2182,0.233,0.5488
SPADES JACK HEARTS TWO,0.419,0.0184,0.5626
SPADES JACK DIAMONDS QUEEN,0.3284,0.0092,0.6624
SPADES SIX DIAMONDS EIGHT,0.6092,0.0256,0.3652
SPADES ACE HEARTS TWO,0.4116,0.0044,0.584
SPADES ACE DIAMONDS QUEEN,0.346,0.0054,0.6486
SPADES ACE HEARTS EIGHT,0.3864,0.0058,0.6078
SPADES KING HEARTS EIGHT,0.3594,0.0086,0.632
SPADES QUEEN HEARTS TWO,0.407,0.0132,0.5798
SPADES QUEEN DIAMONDS QUEEN,0.1564,0.017,0.8266
SPADES KING DIAMONDS QUEEN,0.3266,0.007,0.6664
SPADES KING HEARTS TWO,0.4286,0.0096,0.5618
SPADES QUEEN HEARTS EIGHT,0.3578,0.0112,0.631
CLUBS TWO HEARTS JACK,0.4136,0.0168,0.5696
SPADES SIX DIAMONDS NINE,0.616,0.0224,0.3616
SPADES NINE DIAMONDS NINE,0.2706,0.0354,0.694
SPADES EIGHT DIAMONDS NINE,0.549,0.0282,0.4228
SPADES TEN CLUBS KING,0.2432,0.0336,0.7232
DIAMONDS NINE SPADES THREE,0.6388,0.0218,0.3394
SPADES JACK CLUBS KING,0.3392,0.0078,0.653
DIAMONDS NINE SPADES TWO,0.6534,0.0242,0.3224
SPADES FIVE DIAMONDS NINE,0.633,0.03,0.337
DIAMONDS NINE SPADES FOUR,0.6504,0.0244,0.3252
CLUBS NINE DIAMONDS NINE,0.2824,0.0432,0.6744
CLUBS EIGHT DIAMONDS NINE,0.577,0.0212,0.4018
CLUBS SIX DIAMONDS NINE,0.6036,0.03,0.3664
SPADES JACK CLUBS FOUR,0.416,0.0158,0.5682
CLUBS SEVEN DIAMONDS NINE,0.6706,0.077,0.2524
SPADES TEN CLUBS FOUR,0.4748,0.3044,0.2208
CLUBS FOUR DIAMONDS NINE,0.6396,0.0266,0.3338
CLUBS FIVE DIAMONDS NINE,0.6274,0.0254,0.3472
DIAMONDS NINE CLUBS TWO,0.6442,0.025,0.3308
CLUBS THREE DIAMONDS NINE,0.6432,0.0214,0.3354
DIAMONDS NINE HEARTS EIGHT,0.573,0.0238,0.4032
DIAMONDS NINE HEARTS NINE,0.2846,0.04,0.6754
HEARTS SIX DIAMONDS NINE,0.6194,0.0238,0.3568
DIAMONDS NINE HEARTS SEVEN,0.669,0.0748,0.2562
CLUBS NINE CLUBS EIGHT,0.5218,0.0238,0.4544
DIAMONDS ACE DIAMONDS NINE,0.353,0.0034,0.6436
HEARTS FOUR DIAMONDS NINE,0.6394,0.0246,0.336
HEARTS FIVE DIAMONDS NINE,0.6398,0.0242,0.336
HEARTS ACE CLUBS TWO,0.4308,0.004,0.5652
SPADES ACE CLUBS FOUR,0.4164,0.0038,0.5798
DIAMONDS QUEEN DIAMONDS NINE,0.338,0.0098,0.6522
HEARTS TWO DIAMONDS NINE,0.6524,0.0256,0.322
CLUBS TWO HEARTS KING,0.4252,0.0108,0.564
SPADES KING CLUBS FOUR,0.4156,0.0052,0.5792
DIAMONDS KING DIAMONDS NINE,0.352,0.006,0.642
HEARTS THREE DIAMONDS NINE,0.6338,0.0292,0.337
CLUBS TWO HEARTS QUEEN,0.4172,0.0118,0.571
SPADES QUEEN CLUBS FOUR,0.414,0.0122,0.5738
DIAMONDS NINE DIAMONDS JACK,0.3424,0.0106,0.647
CLUBS EIGHT SPADES NINE,0.5614,0.023,0.4156
DIAMONDS NINE DIAMONDS TEN,0.2144,0.1586,0.627
CLUBS EIGHT SPADES EIGHT,0.2886,0.0436,0.6678
CLUBS EIGHT SPADES SIX,0.62,0.0256,0.3544
CLUBS EIGHT SPADES FIVE,0.6228,0.0296,0.3476
CLUBS EIGHT SPADES FOUR,0.6336,0.0262,0.3402
CLUBS EIGHT SPADES THREE,0.6486,0.025,0.3264
CLUBS EIGHT SPADES TWO,0.6468,0.0262,0.327
HEARTS SIX DIAMONDS TEN,0.4778,0.3064,0.2158
DIAMONDS TEN HEARTS SEVEN,0.0182,0.9736,0.0082
DIAMONDS TEN HEARTS EIGHT,0.2206,0.2224,0.557
CLUBS FOUR CLUBS JACK,0.3876,0.0166,0.5958
DIAMONDS TEN HEARTS NINE,0.2274,0.1672,0.6054
CLUBS TEN CLUBS FOUR,0.4582,0.2758,0.266
CLUBS FOUR CLUBS KING,0.3994,0.0076,0.593
CLUBS FOUR CLUBS QUEEN,0.3912,0.0108,0.598
CLUBS TWO DIAMONDS TEN,0.496,0.2932,0.2108
CLUBS THREE DIAMONDS TEN,0.4766,0.2894,0.234
CLUBS FOUR CLUBS ACE,0.3854,0.0034,0.6112
DIAMONDS JACK DIAMONDS TEN,0.222,0.0572,0.7208
DIAMONDS QUEEN DIAMONDS TEN,0.2268,0.0378,0.7354
HEARTS TWO DIAMONDS TEN,0.4924,0.2948,0.2128
DIAMONDS KING DIAMONDS TEN,0.2366,0.0316,0.7318
HEARTS THREE DIAMONDS TEN,0.4934,0.2936,0.213
DIAMONDS ACE DIAMONDS TEN,0.2304,0.0224,0.7472
HEARTS FOUR DIAMONDS TEN,0.4838,0.2966,0.2196
CLUBS EIGHT HEARTS JACK,0.3532,0.0166,0.6302
HEARTS FIVE DIAMONDS TEN,0.4996,0.2856,0.2148
CLUBS EIGHT HEARTS QUEEN,0.3774,0.0118,0.6108
CLUBS EIGHT HEARTS KING,0.3906,0.005,0.6044
CLUBS EIGHT HEARTS ACE,0.3774,0.0034,0.6192
CLUBS NINE SPADES THREE,0.646,0.0254,0.3286
CLUBS NINE SPADES TWO,0.6466,0.025,0.3284
CLUBS NINE SPADES FIVE,0.6334,0.0274,0.3392
CLUBS NINE SPADES FOUR,0.6364,0.0262,0.3374
CLUBS NINE SPADES SIX,0.6222,0.0212,0.3566
CLUBS NINE SPADES NINE,0.286,0.0378,0.6762
CLUBS TEN HEARTS EIGHT,0.2302,0.2262,0.5436
CLUBS NINE SPADES EIGHT,0.5626,0.025,0.4124
CLUBS JACK HEARTS EIGHT,0.3678,0.0138,0.6184
CLUBS QUEEN HEARTS EIGHT,0.3782,0.0098,0.612
CLUBS KING HEARTS EIGHT,0.3838,0.0072,0.609
CLUBS ACE HEARTS EIGHT,0.3912,0.0042,0.6046
SPADES KING CLUBS KING,0.1724,0.01,0.8176
SPADES QUEEN CLUBS KING,0.3304,0.0066,0.663
SPADES ACE CLUBS KING,0.355,0.0034,0.6416
DIAMONDS ACE HEARTS JACK,0.3388,0.0046,0.6566
HEARTS FOUR HEARTS JACK,0.3894,0.0174,0.5932
SPADES KING CLUBS FIVE,0.4008,0.0082,0.591
SPADES QUEEN CLUBS FIVE,0.4156,0.0092,0.5752
SPADES ACE CLUBS FIVE,0.4128,0.004,0.5832
DIAMONDS JACK HEARTS SEVEN,0.255,0.0564,0.6886
HEARTS SIX DIAMONDS JACK,0.4162,0.0164,0.5674
DIAMONDS JACK HEARTS NINE,0.36,0.0154,0.6246
DIAMONDS JACK HEARTS EIGHT,0.3656,0.0134,0.621
DIAMONDS KING DIAMONDS JACK,0.3094,0.0076,0.683
HEARTS THREE DIAMONDS JACK,0.409,0.0154,0.5756
SPADES ACE SPADES SIX,0.3964,0.0052,0.5984
HEARTS ACE SPADES FOUR,0.4086,0.0054,0.586
DIAMONDS QUEEN DIAMONDS JACK,0.3126,0.0074,0.68
HEARTS TWO DIAMONDS JACK,0.4216,0.0202,0.5582
HEARTS FIVE DIAMONDS JACK,0.4178,0.0168,0.5654
SPADES QUEEN SPADES SIX,0.3892,0.0086,0.6022
SPADES FOUR HEARTS QUEEN,0.4148,0.0116,0.5736
DIAMONDS ACE DIAMONDS JACK,0.3108,0.0038,0.6854
HEARTS FOUR DIAMONDS JACK,0.4104,0.0184,0.5712
SPADES KING SPADES SIX,0.3878,0.0094,0.6028
SPADES FOUR HEARTS KING,0.419,0.0106,0.5704
SPADES TEN SPADES SIX,0.456,0.2814,0.2626
SPADES JACK SPADES SIX,0.3994,0.0156,0.585
SPADES FOUR DIAMONDS JACK,0.4214,0.0162,0.5624
SPADES FIVE DIAMONDS JACK,0.4134,0.017,0.5696
DIAMONDS JACK SPADES TWO,0.4484,0.0196,0.532
SPADES THREE DIAMONDS JACK,0.4422,0.0184,0.5394
SPADES ACE DIAMONDS THREE,0.4112,0.0048,0.584
SPADES QUEEN DIAMONDS THREE,0.4144,0.0126,0.573
CLUBS EIGHT DIAMONDS JACK,0.3558,0.0188,0.6254
SPADES KING DIAMONDS THREE,0.4286,0.0066,0.5648
CLUBS NINE DIAMONDS JACK,0.3568,0.0136,0.6296
CLUBS SIX DIAMONDS JACK,0.405,0.015,0.58
CLUBS SEVEN DIAMONDS JACK,0.2632,0.0556,0.6812
CLUBS FOUR DIAMONDS JACK,0.427,0.0128,0.5602
CLUBS FIVE DIAMONDS JACK,0.405,0.0176,0.5774
CLUBS TWO DIAMONDS JACK,0.4232,0.0168,0.56
CLUBS THREE DIAMONDS JACK,0.4172,0.0152,0.5676
SPADES TEN CLUBS FIVE,0.4746,0.2972,0.2282
HEARTS SIX SPADES JACK,0.422,0.016,0.562
HEARTS SIX SPADES TEN,0.4824,0.306,0.2116
SPADES JACK CLUBS FIVE,0.4124,0.0162,0.5714
SPADES JACK DIAMONDS THREE,0.4346,0.0202,0.5452
CLUBS SEVEN CLUBS ACE,0.2494,0.0186,0.732
DIAMONDS THREE SPADES TEN,0.4834,0.2878,0.2288
CLUBS SEVEN CLUBS QUEEN,0.2432,0.0392,0.7176
CLUBS SEVEN CLUBS KING,0.2584,0.0274,0.7142
SPADES NINE DIAMONDS JACK,0.3442,0.0176,0.6382
CLUBS TEN CLUBS SEVEN,0.0174,0.9106,0.072
DIAMONDS ACE HEARTS ACE,0.1516,0.0036,0.8448
HEARTS FOUR HEARTS ACE,0.3838,0.0052,0.611
SPADES EIGHT DIAMONDS JACK,0.355,0.017,0.628
SPADES ACE HEARTS SIX,0.4128,0.0046,0.5826
CLUBS SEVEN CLUBS JACK,0.2428,0.0506,0.7066
DIAMONDS ACE HEARTS KING,0.3476,0.0036,0.6488
HEARTS FOUR HEARTS KING,0.3984,0.008,0.5936
SPADES KING HEARTS SIX,0.4088,0.0082,0.583
DIAMONDS ACE HEARTS QUEEN,0.3382,0.0034,0.6584
HEARTS FOUR HEARTS QUEEN,0.4028,0.0128,0.5844
SPADES SIX DIAMONDS JACK,0.4252,0.0144,0.5604
SPADES QUEEN HEARTS SIX,0.4126,0.0108,0.5766
SPADES TWO DIAMONDS TEN,0.4866,0.3032,0.2102
SPADES THREE DIAMONDS TEN,0.495,0.286,0.219
SPADES FOUR DIAMONDS TEN,0.493,0.2884,0.2186
SPADES FIVE DIAMONDS TEN,0.4872,0.2916,0.2212
SPADES SIX DIAMONDS TEN,0.4862,0.2964,0.2174
SPADES EIGHT DIAMONDS TEN,0.2286,0.2276,0.5438
SPADES NINE DIAMONDS TEN,0.2244,0.1742,0.6014
CLUBS FOUR DIAMONDS TEN,0.4858,0.2956,0.2186
CLUBS FIVE DIAMONDS TEN,0.4858,0.3002,0.214
CLUBS SIX DIAMONDS TEN,0.471,0.2992,0.2298
CLUBS SEVEN DIAMONDS TEN,0.0194,0.9592,0.0214
CLUBS EIGHT DIAMONDS TEN,0.2308,0.2326,0.5366
CLUBS NINE DIAMONDS TEN,0.2334,0.1684,0.5982
DIAMONDS THREE CLUBS JACK,0.4156,0.018,0.5664
CLUBS TEN DIAMONDS THREE,0.485,0.288,0.227
DIAMONDS THREE CLUBS KING,0.416,0.0082,0.5758
DIAMONDS THREE CLUBS QUEEN,0.432,0.0098,0.5582
DIAMONDS THREE CLUBS ACE,0.418,0.0046,0.5774
SPADES FOUR HEARTS JACK,0.4012,0.0198,0.579
SPADES FIVE SPADES TWO,0.606,0.031,0.363
SPADES FOUR SPADES TWO,0.6002,0.0258,0.374
SPADES THREE SPADES TWO,0.617,0.0264,0.3566
SPADES NINE SPADES TWO,0.603,0.025,0.372
SPADES EIGHT SPADES TWO,0.5994,0.025,0.3756
SPADES SIX SPADES TWO,0.6168,0.0278,0.3554
DIAMONDS QUEEN CLUBS THREE,0.4138,0.0126,0.5736
CLUBS THREE HEARTS TWO,0.642,0.024,0.334
DIAMONDS QUEEN CLUBS TWO,0.4302,0.013,0.5568
HEARTS TWO CLUBS TWO,0.4326,0.0568,0.5106
DIAMONDS QUEEN HEARTS SEVEN,0.2858,0.0428,0.6714
HEARTS TWO HEARTS SEVEN,0.6634,0.0788,0.2578
HEARTS SIX DIAMONDS QUEEN,0.413,0.0104,0.5766
HEARTS SIX HEARTS TWO,0.627,0.0268,0.3462
DIAMONDS QUEEN HEARTS NINE,0.3732,0.0114,0.6154
HEARTS TWO HEARTS NINE,0.6118,0.0252,0.363
DIAMONDS QUEEN HEARTS EIGHT,0.3802,0.0092,0.6106
HEARTS TWO HEARTS EIGHT,0.6128,0.0284,0.3588
CLUBS NINE HEARTS TWO,0.64,0.0264,0.3336
CLUBS NINE DIAMONDS QUEEN,0.3648,0.0088,0.6264
CLUBS EIGHT HEARTS TWO,0.6444,0.0242,0.3314
CLUBS EIGHT DIAMONDS QUEEN,0.372,0.006,0.622
CLUBS FIVE DIAMONDS QUEEN,0.417,0.008,0.575
CLUBS FIVE HEARTS TWO,0.6314,0.0304,0.3382
SPADES EIGHT HEARTS ACE,0.3818,0.0032,0.615
DIAMONDS QUEEN CLUBS FOUR,0.4154,0.0116,0.573
HEARTS TWO CLUBS FOUR,0.6358,0.0286,0.3356
CLUBS SEVEN DIAMONDS QUEEN,0.2674,0.0394,0.6932
CLUBS SEVEN HEARTS TWO,0.7026,0.0846,0.2128
SPADES EIGHT HEARTS QUEEN,0.3642,0.0122,0.6236
CLUBS SIX DIAMONDS QUEEN,0.4034,0.0134,0.5832
CLUBS SIX HEARTS TWO,0.6414,0.0298,0.3288
SPADES EIGHT HEARTS KING,0.3756,0.0056,0.6188
DIAMONDS QUEEN SPADES SIX,0.409,0.0098,0.5812
HEARTS TWO SPADES SIX,0.6528,0.0338,0.3134
HEARTS FOUR CLUBS QUEEN,0.426,0.0112,0.5628
DIAMONDS ACE CLUBS QUEEN,0.3458,0.0044,0.6498
HEARTS FOUR CLUBS KING,0.4178,0.0082,0.574
DIAMONDS ACE CLUBS KING,0.3526,0.0032,0.6442
DIAMONDS QUEEN SPADES EIGHT,0.3674,0.011,0.6216
SPADES EIGHT HEARTS TWO,0.6524,0.0268,0.3208
HEARTS FOUR CLUBS ACE,0.4128,0.0032,0.584
DIAMONDS ACE CLUBS ACE,0.1672,0.0022,0.8306
SPADES NINE DIAMONDS QUEEN,0.3564,0.0104,0.6332
SPADES NINE HEARTS TWO,0.6244,0.0268,0.3488
HEARTS TWO SPADES TWO,0.4436,0.0588,0.4976
DIAMONDS QUEEN SPADES TWO,0.4288,0.0122,0.559
HEARTS TWO SPADES THREE,0.6486,0.0298,0.3216
DIAMONDS QUEEN SPADES THREE,0.4222,0.01,0.5678
HEARTS TWO SPADES FOUR,0.6474,0.0286,0.324
DIAMONDS QUEEN SPADES FOUR,0.4116,0.009,0.5794
HEARTS FOUR CLUBS TEN,0.4726,0.3064,0.221
CLUBS TEN DIAMONDS ACE,0.2674,0.0196,0.713
HEARTS TWO SPADES FIVE,0.6384,0.0276,0.334
DIAMONDS QUEEN SPADES FIVE,0.422,0.011,0.567
HEARTS FOUR CLUBS JACK,0.4172,0.017,0.5658
DIAMONDS ACE CLUBS JACK,0.3466,0.004,0.6494
CLUBS FIVE CLUBS KING,0.3938,0.006,0.6002
CLUBS FIVE CLUBS QUEEN,0.3828,0.0118,0.6054
CLUBS FIVE CLUBS ACE,0.3776,0.0042,0.6182
CLUBS FIVE CLUBS JACK,0.381,0.018,0.601
CLUBS TEN CLUBS FIVE,0.4556,0.2702,0.2742
SPADES KING CLUBS JACK,0.3388,0.0056,0.6556
SPADES QUEEN CLUBS JACK,0.3264,0.01,0.6636
SPADES ACE CLUBS JACK,0.3388,0.005,0.6562
SPADES SIX CLUBS KING,0.4138,0.0062,0.58
SPADES SIX CLUBS QUEEN,0.4112,0.0116,0.5772
SPADES EIGHT HEARTS JACK,0.3476,0.0192,0.6332
SPADES SIX CLUBS ACE,0.4228,0.0032,0.574
SPADES SIX CLUBS JACK,0.4142,0.0152,0.5706
CLUBS TEN SPADES SIX,0.4794,0.291,0.2296
SPADES TEN CLUBS JACK,0.2454,0.0568,0.6978
SPADES JACK CLUBS JACK,0.1612,0.0174,0.8214
SPADES QUEEN CLUBS SEVEN,0.2554,0.039,0.7056
SPADES KING CLUBS SEVEN,0.2606,0.0378,0.7016
SPADES ACE CLUBS SEVEN,0.257,0.0252,0.7178
SPADES SIX HEARTS JACK,0.409,0.017,0.574
SPADES SIX HEARTS ACE,0.4146,0.004,0.5814
SPADES SIX HEARTS KING,0.4076,0.0068,0.5856
SPADES SIX HEARTS QUEEN,0.3974,0.0132,0.5894
CLUBS SEVEN SPADES JACK,0.2534,0.0534,0.6932
CLUBS SEVEN SPADES TEN,0.0106,0.969,0.0204
CLUBS TEN HEARTS SIX,0.4784,0.3032,0.2184
HEARTS SIX CLUBS JACK,0.411,0.0162,0.5728
CLUBS ACE CLUBS JACK,0.312,0.0038,0.6842
HEARTS SIX CLUBS QUEEN,0.4238,0.01,0.5662
HEARTS SIX CLUBS KING,0.4142,0.0064,0.5794
HEARTS SIX CLUBS ACE,0.4072,0.0036,0.5892
CLUBS QUEEN CLUBS JACK,0.3018,0.0068,0.6914
CLUBS KING CLUBS JACK,0.3106,0.0076,0.6818
DIAMONDS THREE HEARTS ACE,0.4178,0.0034,0.5788
DIAMONDS THREE HEARTS QUEEN,0.4148,0.0104,0.5748
DIAMONDS THREE HEARTS KING,0.4152,0.007,0.5778
CLUBS FIVE HEARTS JACK,0.4138,0.0186,0.5676
SPADES TEN DIAMONDS ACE,0.2488,0.02,0.7312
HEARTS FOUR SPADES TEN,0.4674,0.3056,0.227
HEARTS FOUR SPADES JACK,0.4052,0.022,0.5728
SPADES JACK DIAMONDS ACE,0.339,0.0042,0.6568
SPADES ACE HEARTS FOUR,0.4104,0.0076,0.582
SPADES ACE DIAMONDS ACE,0.1538,0.0016,0.8446
CLUBS FIVE HEARTS ACE,0.4174,0.0038,0.5788
CLUBS FIVE HEARTS KING,0.4064,0.0096,0.584
HEARTS FOUR SPADES QUEEN,0.4052,0.0142,0.5806
SPADES QUEEN DIAMONDS ACE,0.339,0.0044,0.6566
SPADES FOUR CLUBS JACK,0.4218,0.015,0.5632
CLUBS FIVE HEARTS QUEEN,0.4194,0.0098,0.5708
SPADES KING DIAMONDS ACE,0.3478,0.0028,0.6494
HEARTS FOUR SPADES KING,0.427,0.007,0.566
CLUBS TEN SPADES FOUR,0.483,0.2954,0.2216
DIAMONDS QUEEN DIAMONDS ACE,0.322,0.0028,0.6752
HEARTS TWO DIAMONDS ACE,0.4166,0.0046,0.5788
HEARTS FOUR DIAMONDS QUEEN,0.4408,0.0126,0.5466
HEARTS FOUR HEARTS TWO,0.6028,0.028,0.3692
SPADES FOUR CLUBS KING,0.4162,0.006,0.5778
HEARTS FIVE DIAMONDS QUEEN,0.4182,0.0098,0.572
HEARTS FIVE HEARTS TWO,0.5954,0.0282,0.3764
DIAMONDS THREE HEARTS JACK,0.411,0.0168,0.5722
SPADES FOUR CLUBS QUEEN,0.4158,0.0112,0.573
DIAMONDS QUEEN HEARTS TWO,0.4176,0.0134,0.569
DIAMONDS KING DIAMONDS QUEEN,0.3216,0.0062,0.6722
DIAMONDS KING HEARTS TWO,0.4336,0.0058,0.5606
HEARTS THREE DIAMONDS QUEEN,0.4132,0.014,0.5728
HEARTS THREE HEARTS TWO,0.6104,0.0256,0.364
SPADES FOUR CLUBS ACE,0.4154,0.004,0.5806
HEARTS TWO CLUBS ACE,0.4258,0.0042,0.57
DIAMONDS QUEEN CLUBS ACE,0.354,0.0032,0.6428
HEARTS TWO CLUBS QUEEN,0.4304,0.0108,0.5588
DIAMONDS QUEEN CLUBS QUEEN,0.1824,0.0142,0.8034
HEARTS TWO CLUBS KING,0.4256,0.008,0.5664
DIAMONDS QUEEN CLUBS KING,0.3382,0.0058,0.656
SPADES EIGHT SPADES FIVE,0.568,0.03,0.402
CLUBS TEN HEARTS TWO,0.497,0.2934,0.2096
CLUBS TEN DIAMONDS QUEEN,0.2458,0.042,0.7122
SPADES NINE SPADES FIVE,0.5988,0.0246,0.3766
HEARTS TWO CLUBS JACK,0.4248,0.019,0.5562
DIAMONDS QUEEN CLUBS JACK,0.3352,0.009,0.6558
SPADES SIX SPADES FIVE,0.5818,0.0272,0.391
DIAMONDS FIVE CLUBS QUEEN,0.4334,0.0098,0.5568
SPADES EIGHT CLUBS ACE,0.3682,0.0068,0.625
DIAMONDS FIVE CLUBS KING,0.4176,0.0066,0.5758
SPADES EIGHT CLUBS KING,0.3678,0.008,0.6242
CLUBS ACE DIAMONDS FIVE,0.4154,0.0042,0.5804
SPADES EIGHT CLUBS QUEEN,0.3568,0.0118,0.6314
SPADES EIGHT CLUBS JACK,0.3688,0.0158,0.6154
CLUBS TEN SPADES EIGHT,0.2248,0.2282,0.547
CLUBS TEN DIAMONDS FIVE,0.4872,0.2824,0.2304
DIAMONDS FIVE CLUBS JACK,0.4238,0.0162,0.56
DIAMONDS TEN HEARTS JACK,0.2496,0.055,0.6954
SPADES ACE CLUBS NINE,0.3724,0.0048,0.6228
CLUBS NINE SPADES QUEEN,0.3544,0.008,0.6376
CLUBS NINE SPADES KING,0.365,0.003,0.632
HEARTS SIX HEARTS KING,0.386,0.0062,0.6078
SPADES KING DIAMONDS SEVEN,0.2662,0.036,0.6978
HEARTS SIX HEARTS QUEEN,0.3884,0.0094,0.6022
DIAMONDS KING SPADES SIX,0.431,0.007,0.562
HEARTS THREE SPADES SIX,0.6468,0.0314,0.3218
SPADES QUEEN DIAMONDS SEVEN,0.2542,0.0406,0.7052
DIAMONDS KING SPADES NINE,0.369,0.0058,0.6252
HEARTS THREE SPADES NINE,0.6448,0.0232,0.332
