opposingHand,winningChance,drawChance,lostChance
SPADES EIGHT DIAMONDS QUEEN
HEARTS FIVE SPADES TEN,0.6332,0.012,0.3548
HEARTS FIVE SPADES JACK,0.6298,0.01,0.3602
SPADES FIVE CLUBS JACK,0.6334,0.0104,0.3562
CLUBS TEN SPADES FIVE,0.6394,0.0112,0.3494
CLUBS EIGHT CLUBS JACK,0.6516,0.0388,0.3096
CLUBS TEN CLUBS EIGHT,0.6442,0.0348,0.321
CLUBS EIGHT CLUBS KING,0.2384,0.0316,0.73
SPADES FIVE CLUBS ACE,0.4064,0.0036,0.59
CLUBS EIGHT CLUBS QUEEN,0.0198,0.913,0.0672
SPADES FIVE CLUBS KING,0.408,0.0076,0.5844
SPADES FIVE CLUBS QUEEN,0.5426,0.2268,0.2306
CLUBS EIGHT CLUBS ACE,0.2392,0.023,0.7378
DIAMONDS TWO DIAMONDS THREE,0.613,0.0118,0.3752
DIAMONDS TWO DIAMONDS FIVE,0.6128,0.0136,0.3736
HEARTS FIVE SPADES KING,0.399,0.0082,0.5928
DIAMONDS TWO DIAMONDS FOUR,0.595,0.0146,0.3904
HEARTS FIVE SPADES QUEEN,0.5362,0.2278,0.236
DIAMONDS TWO DIAMONDS SEVEN,0.6364,0.0128,0.3508
DIAMONDS TWO DIAMONDS SIX,0.6296,0.0104,0.36
SPADES ACE HEARTS FIVE,0.4064,0.0058,0.5878
DIAMONDS TWO DIAMONDS NINE,0.6156,0.0138,0.3706
DIAMONDS TWO DIAMONDS EIGHT,0.6894,0.0462,0.2644
DIAMONDS THREE DIAMONDS FOUR,0.5998,0.0128,0.3874
SPADES FOUR CLUBS TWO,0.6348,0.0154,0.3498
DIAMONDS THREE DIAMONDS FIVE,0.6008,0.012,0.3872
SPADES FIVE CLUBS TWO,0.6384,0.0118,0.3498
CLUBS TWO SPADES TWO,0.4582,0.0254,0.5164
CLUBS TWO SPADES THREE,0.6498,0.0134,0.3368
DIAMONDS THREE DIAMONDS EIGHT,0.6968,0.0478,0.2554
DIAMONDS THREE DIAMONDS NINE,0.619,0.0122,0.3688
SPADES NINE CLUBS TWO,0.6438,0.0132,0.343
DIAMONDS THREE DIAMONDS SIX,0.6104,0.011,0.3786
SPADES SIX CLUBS TWO,0.6624,0.0116,0.326
DIAMONDS THREE DIAMONDS SEVEN,0.6236,0.0096,0.3668
SPADES SEVEN CLUBS TWO,0.6758,0.01,0.3142
CLUBS SIX CLUBS TWO,0.6182,0.0116,0.3702
CLUBS SEVEN CLUBS TWO,0.6186,0.012,0.3694
CLUBS FOUR CLUBS TWO,0.627,0.0092,0.3638
CLUBS FIVE CLUBS TWO,0.5992,0.0118,0.389
CLUBS TEN CLUBS JACK,0.5198,0.0092,0.471
DIAMONDS FOUR DIAMONDS SIX,0.6048,0.0116,0.3836
CLUBS TEN CLUBS QUEEN,0.2236,0.1104,0.666
DIAMONDS FOUR DIAMONDS SEVEN,0.6134,0.0114,0.3752
CLUBS TEN CLUBS KING,0.3286,0.0076,0.6638
CLUBS TEN CLUBS ACE,0.3328,0.0066,0.6606
CLUBS EIGHT CLUBS TWO,0.6844,0.0474,0.2682
DIAMONDS FIVE DIAMONDS FOUR,0.5936,0.0122,0.3942
CLUBS NINE CLUBS TWO,0.617,0.0114,0.3716
DIAMONDS NINE DIAMONDS FOUR,0.6066,0.012,0.3814
DIAMONDS EIGHT DIAMONDS FOUR,0.681,0.0484,0.2706
CLUBS THREE CLUBS TWO,0.6028,0.0144,0.3828
DIAMONDS NINE DIAMONDS FIVE,0.5996,0.0154,0.385
DIAMONDS TWO CLUBS JACK,0.6324,0.0124,0.3552
DIAMONDS EIGHT DIAMONDS FIVE,0.6776,0.0418,0.2806
CLUBS TEN DIAMONDS TWO,0.6468,0.0132,0.34
DIAMONDS FIVE DIAMONDS SEVEN,0.5924,0.0116,0.396
DIAMONDS FIVE DIAMONDS SIX,0.5894,0.015,0.3956
DIAMONDS TWO CLUBS ACE,0.407,0.0046,0.5884
DIAMONDS TWO CLUBS KING,0.409,0.0084,0.5826
DIAMONDS TWO CLUBS QUEEN,0.5682,0.2224,0.2094
DIAMONDS EIGHT DIAMONDS SIX,0.6652,0.0448,0.29
DIAMONDS NINE DIAMONDS SIX,0.5916,0.0106,0.3978
HEARTS ACE SPADES THREE,0.419,0.0046,0.5764
SPADES THREE HEARTS KING,0.4132,0.0078,0.579
DIAMONDS SEVEN DIAMONDS SIX,0.5974,0.013,0.3896
SPADES THREE HEARTS QUEEN,0.5492,0.2252,0.2256
SPADES THREE HEARTS JACK,0.634,0.0136,0.3524
SPADES THREE HEARTS TEN,0.6338,0.0122,0.354
DIAMONDS EIGHT DIAMONDS SEVEN,0.6656,0.0426,0.2918
DIAMONDS NINE DIAMONDS SEVEN,0.5776,0.0108,0.4116
DIAMONDS NINE DIAMONDS EIGHT,0.6432,0.0452,0.3116
DIAMONDS KING HEARTS TEN,0.3444,0.005,0.6506
HEARTS THREE HEARTS TEN,0.6024,0.01,0.3876
SPADES JACK CLUBS SIX,0.638,0.0108,0.3512
DIAMONDS KING HEARTS JACK,0.337,0.0064,0.6566
HEARTS THREE HEARTS JACK,0.5888,0.009,0.4022
SPADES TEN CLUBS SIX,0.6158,0.0086,0.3756
SPADES JACK SPADES FIVE,0.5962,0.0102,0.3936
SPADES TEN SPADES FIVE,0.6072,0.0122,0.3806
DIAMONDS KING HEARTS ACE,0.3364,0.0032,0.6604
HEARTS THREE HEARTS ACE,0.3742,0.0034,0.6224
SPADES ACE CLUBS SIX,0.384,0.0038,0.6122
DIAMONDS KING HEARTS QUEEN,0.2168,0.0298,0.7534
HEARTS THREE HEARTS QUEEN,0.5168,0.2186,0.2646
SPADES KING CLUBS SIX,0.4098,0.0054,0.5848
DIAMONDS KING HEARTS KING,0.1414,0.0052,0.8534
HEARTS THREE HEARTS KING,0.3864,0.0064,0.6072
SPADES QUEEN CLUBS SIX,0.5454,0.2238,0.2308
SPADES NINE HEARTS TEN,0.5588,0.011,0.4302
SPADES NINE HEARTS JACK,0.5844,0.009,0.4066
SPADES QUEEN SPADES FIVE,0.5286,0.2074,0.264
SPADES KING SPADES FIVE,0.3868,0.0064,0.6068
SPADES ACE SPADES FIVE,0.3808,0.0046,0.6146
SPADES NINE HEARTS QUEEN,0.2182,0.1678,0.614
SPADES NINE HEARTS KING,0.3422,0.0072,0.6506
SPADES NINE HEARTS ACE,0.3754,0.0044,0.6202
CLUBS TEN SPADES JACK,0.5682,0.0078,0.424
CLUBS TEN SPADES TEN,0.282,0.018,0.7
SPADES ACE CLUBS TEN,0.342,0.0024,0.6556
SPADES KING CLUBS TEN,0.339,0.0076,0.6534
CLUBS TEN SPADES QUEEN,0.2256,0.1132,0.6612
SPADES FIVE HEARTS QUEEN,0.5494,0.2208,0.2298
SPADES FIVE HEARTS KING,0.4146,0.0066,0.5788
SPADES FIVE HEARTS ACE,0.4124,0.0034,0.5842
CLUBS EIGHT SPADES TEN,0.7014,0.0368,0.2618
SPADES JACK HEARTS THREE,0.6362,0.0144,0.3494
SPADES JACK DIAMONDS KING,0.335,0.0076,0.6574
SPADES TEN DIAMONDS KING,0.3462,0.0082,0.6456
SPADES TEN HEARTS THREE,0.632,0.0134,0.3546
SPADES JACK CLUBS EIGHT,0.706,0.037,0.257
CLUBS SIX HEARTS ACE,0.411,0.0016,0.5874
SPADES ACE CLUBS EIGHT,0.2468,0.0242,0.729
HEARTS FIVE CLUBS JACK,0.636,0.0076,0.3564
HEARTS FIVE CLUBS TEN,0.646,0.008,0.346
CLUBS SIX HEARTS QUEEN,0.5538,0.2236,0.2226
SPADES QUEEN CLUBS EIGHT,0.0104,0.973,0.0166
CLUBS TEN SPADES THREE,0.6394,0.0126,0.348
CLUBS SIX HEARTS KING,0.4066,0.0056,0.5878
SPADES KING CLUBS EIGHT,0.259,0.0304,0.7106
SPADES THREE CLUBS JACK,0.6462,0.0102,0.3436
DIAMONDS TWO HEARTS JACK,0.642,0.0082,0.3498
SPADES THREE CLUBS QUEEN,0.5616,0.2166,0.2218
DIAMONDS TWO HEARTS TEN,0.6388,0.0106,0.3506
SPADES THREE CLUBS KING,0.4164,0.0066,0.577
HEARTS FIVE CLUBS ACE,0.4146,0.0024,0.583
SPADES FIVE HEARTS TEN,0.639,0.0104,0.3506
SPADES THREE CLUBS ACE,0.4156,0.0068,0.5776
HEARTS FIVE CLUBS KING,0.4046,0.0072,0.5882
SPADES FIVE HEARTS JACK,0.6404,0.0094,0.3502
HEARTS FIVE CLUBS QUEEN,0.5446,0.225,0.2304
HEARTS THREE CLUBS KING,0.4206,0.0052,0.5742
DIAMONDS KING CLUBS KING,0.1412,0.004,0.8548
HEARTS THREE CLUBS QUEEN,0.548,0.2182,0.2338
DIAMONDS KING CLUBS QUEEN,0.2248,0.0266,0.7486
HEARTS FIVE HEARTS JACK,0.6024,0.0106,0.387
HEARTS FIVE HEARTS TEN,0.6016,0.009,0.3894
HEARTS THREE CLUBS ACE,0.4124,0.0038,0.5838
DIAMONDS KING CLUBS ACE,0.3272,0.0048,0.668
SPADES ACE CLUBS QUEEN,0.2352,0.0176,0.7472
SPADES KING CLUBS QUEEN,0.233,0.0294,0.7376
HEARTS THREE CLUBS JACK,0.6304,0.012,0.3576
DIAMONDS KING CLUBS JACK,0.3468,0.0082,0.645
SPADES QUEEN CLUBS QUEEN,0.0902,0.021,0.8888
CLUBS TEN HEARTS THREE,0.6406,0.0092,0.3502
CLUBS TEN DIAMONDS KING,0.3544,0.006,0.6396
SPADES JACK CLUBS QUEEN,0.232,0.0898,0.6782
CLUBS SIX CLUBS QUEEN,0.5126,0.2072,0.2802
SPADES TEN CLUBS QUEEN,0.229,0.1218,0.6492
CLUBS SIX CLUBS KING,0.3702,0.0072,0.6226
CLUBS SIX CLUBS ACE,0.3756,0.003,0.6214
HEARTS FIVE HEARTS KING,0.3776,0.0058,0.6166
HEARTS FIVE HEARTS QUEEN,0.4956,0.2304,0.274
CLUBS TEN CLUBS SIX,0.6052,0.0068,0.388
HEARTS FIVE HEARTS ACE,0.3714,0.004,0.6246
CLUBS SIX CLUBS JACK,0.5958,0.0104,0.3938
SPADES SEVEN HEARTS JACK,0.6392,0.0098,0.351
SPADES SEVEN HEARTS TEN,0.6324,0.008,0.3596
DIAMONDS TWO CLUBS TWO,0.4604,0.0272,0.5124
DIAMONDS TWO CLUBS THREE,0.6548,0.0128,0.3324
DIAMONDS TWO HEARTS SIX,0.6636,0.0112,0.3252
DIAMONDS TWO HEARTS QUEEN,0.5484,0.2234,0.2282
HEARTS SEVEN DIAMONDS TWO,0.6876,0.0138,0.2986
DIAMONDS TWO HEARTS KING,0.422,0.0066,0.5714
DIAMONDS TWO HEARTS EIGHT,0.7204,0.0522,0.2274
DIAMONDS TWO HEARTS ACE,0.406,0.004,0.59
DIAMONDS TWO HEARTS NINE,0.6346,0.0104,0.355
DIAMONDS TWO HEARTS TWO,0.4588,0.0222,0.519
DIAMONDS TWO DIAMONDS KING,0.384,0.0056,0.6104
DIAMONDS TWO HEARTS THREE,0.6432,0.0144,0.3424
DIAMONDS TWO DIAMONDS ACE,0.3828,0.0056,0.6116
HEARTS FOUR DIAMONDS TWO,0.6386,0.0154,0.346
HEARTS FIVE DIAMONDS TWO,0.647,0.0122,0.3408
SPADES SEVEN HEARTS ACE,0.4062,0.0056,0.5882
DIAMONDS TWO DIAMONDS TEN,0.6084,0.011,0.3806
SPADES SEVEN HEARTS KING,0.4054,0.0066,0.588
DIAMONDS TWO DIAMONDS JACK,0.6066,0.0098,0.3836
SPADES SEVEN HEARTS QUEEN,0.5582,0.2284,0.2134
DIAMONDS TWO SPADES NINE,0.6444,0.011,0.3446
DIAMONDS TWO SPADES SEVEN,0.6788,0.0106,0.3106
DIAMONDS TWO SPADES SIX,0.6666,0.0088,0.3246
DIAMONDS TWO SPADES FIVE,0.6482,0.0106,0.3412
DIAMONDS TWO SPADES FOUR,0.6456,0.0128,0.3416
DIAMONDS TWO SPADES THREE,0.6672,0.0118,0.321
DIAMONDS TWO SPADES TWO,0.4668,0.0238,0.5094
CLUBS NINE DIAMONDS TWO,0.646,0.0106,0.3434
DIAMONDS TWO CLUBS EIGHT,0.7166,0.047,0.2364
CLUBS SEVEN DIAMONDS TWO,0.673,0.0122,0.3148
DIAMONDS TWO CLUBS SIX,0.6608,0.01,0.3292
DIAMONDS TWO CLUBS FIVE,0.63,0.015,0.355
DIAMONDS TWO CLUBS FOUR,0.65,0.0096,0.3404
CLUBS FOUR SPADES FIVE,0.6112,0.013,0.3758
CLUBS FOUR SPADES FOUR,0.4516,0.0282,0.5202
CLUBS FOUR SPADES THREE,0.6266,0.0126,0.3608
CLUBS FOUR SPADES TWO,0.6454,0.0126,0.342
SPADES NINE CLUBS FOUR,0.6354,0.0126,0.352
SPADES SEVEN CLUBS FOUR,0.6462,0.0118,0.342
SPADES SIX CLUBS FOUR,0.6276,0.014,0.3584
SPADES ACE DIAMONDS SIX,0.4128,0.0046,0.5826
SPADES QUEEN DIAMONDS SIX,0.5542,0.2228,0.223
SPADES KING DIAMONDS SIX,0.3962,0.0084,0.5954
SPADES TEN DIAMONDS SIX,0.6162,0.0112,0.3726
SPADES JACK DIAMONDS SIX,0.6476,0.0096,0.3428
SPADES QUEEN SPADES TWO,0.5304,0.2108,0.2588
SPADES KING SPADES TWO,0.3866,0.008,0.6054
SPADES ACE SPADES TWO,0.3882,0.0044,0.6074
DIAMONDS JACK CLUBS JACK,0.2884,0.0112,0.7004
CLUBS TEN DIAMONDS JACK,0.5664,0.0106,0.423
DIAMONDS JACK CLUBS KING,0.3516,0.0062,0.6422
DIAMONDS JACK CLUBS QUEEN,0.24,0.0838,0.6762
DIAMONDS THREE DIAMONDS JACK,0.6022,0.0108,0.387
DIAMONDS THREE DIAMONDS TEN,0.615,0.0152,0.3698
DIAMONDS JACK CLUBS ACE,0.3602,0.0022,0.6376
DIAMONDS THREE DIAMONDS KING,0.3878,0.0076,0.6046
DIAMONDS THREE HEARTS THREE,0.4582,0.022,0.5198
DIAMONDS THREE HEARTS TWO,0.6504,0.0118,0.3378
HEARTS FIVE DIAMONDS THREE,0.6236,0.0128,0.3636
DIAMONDS THREE DIAMONDS ACE,0.3862,0.0044,0.6094
HEARTS FOUR DIAMONDS THREE,0.6376,0.0126,0.3498
HEARTS SEVEN DIAMONDS THREE,0.6526,0.0108,0.3366
SPADES TEN SPADES NINE,0.5318,0.0102,0.458
HEARTS SIX DIAMONDS THREE,0.6526,0.0116,0.3358
SPADES JACK SPADES NINE,0.5448,0.0122,0.443
DIAMONDS THREE HEARTS NINE,0.6482,0.0128,0.339
HEARTS JACK DIAMONDS FOUR,0.6354,0.0124,0.3522
HEARTS ACE HEARTS KING,0.3148,0.0046,0.6806
SPADES TEN SPADES TWO,0.6046,0.014,0.3814
DIAMONDS THREE HEARTS EIGHT,0.7316,0.0506,0.2178
HEARTS TEN DIAMONDS FOUR,0.6324,0.0106,0.357
SPADES JACK SPADES TWO,0.6152,0.0114,0.3734
HEARTS QUEEN DIAMONDS FOUR,0.5518,0.228,0.2202
HEARTS KING DIAMONDS FOUR,0.4144,0.0054,0.5802
SPADES ACE SPADES NINE,0.3584,0.0044,0.6372
HEARTS ACE DIAMONDS FOUR,0.4068,0.0042,0.589
SPADES KING SPADES NINE,0.348,0.0066,0.6454
SPADES QUEEN SPADES NINE,0.2154,0.1532,0.6314
DIAMONDS THREE SPADES NINE,0.6548,0.0112,0.334
DIAMONDS THREE SPADES SEVEN,0.6616,0.0144,0.324
DIAMONDS THREE SPADES SIX,0.6492,0.016,0.3348
DIAMONDS THREE CLUBS SIX,0.6436,0.0126,0.3438
CLUBS FIVE CLUBS SIX,0.566,0.0104,0.4236
CLUBS ACE DIAMONDS FOUR,0.4084,0.0032,0.5884
CLUBS SEVEN DIAMONDS THREE,0.6634,0.0156,0.321
CLUBS SEVEN CLUBS FIVE,0.5758,0.0098,0.4144
DIAMONDS THREE CLUBS FOUR,0.637,0.0142,0.3488
DIAMONDS FOUR CLUBS QUEEN,0.5384,0.2256,0.236
DIAMONDS THREE CLUBS FIVE,0.6386,0.0108,0.3506
CLUBS KING DIAMONDS FOUR,0.4174,0.0054,0.5772
DIAMONDS THREE CLUBS TWO,0.6472,0.0156,0.3372
CLUBS TEN DIAMONDS FOUR,0.6436,0.0134,0.343
DIAMONDS THREE CLUBS THREE,0.4518,0.0242,0.524
DIAMONDS FOUR CLUBS JACK,0.6442,0.0118,0.344
DIAMONDS THREE SPADES FOUR,0.6352,0.0106,0.3542
DIAMONDS THREE SPADES FIVE,0.6272,0.0154,0.3574
DIAMONDS THREE SPADES TWO,0.6534,0.013,0.3336
DIAMONDS THREE SPADES THREE,0.4498,0.0266,0.5236
CLUBS EIGHT DIAMONDS THREE,0.718,0.049,0.233
CLUBS NINE DIAMONDS THREE,0.6478,0.0104,0.3418
SPADES SEVEN CLUBS ACE,0.4124,0.0046,0.583
SPADES SEVEN CLUBS QUEEN,0.554,0.219,0.227
SPADES SEVEN CLUBS KING,0.4086,0.0078,0.5836
CLUBS FIVE SPADES SEVEN,0.6482,0.0102,0.3416
CLUBS TEN SPADES SEVEN,0.6254,0.0096,0.365
CLUBS FIVE SPADES SIX,0.6154,0.011,0.3736
SPADES SEVEN CLUBS JACK,0.629,0.0104,0.3606
CLUBS FIVE SPADES NINE,0.6094,0.0128,0.3778
CLUBS FIVE SPADES THREE,0.6378,0.01,0.3522
CLUBS FIVE SPADES TWO,0.6398,0.0112,0.349
CLUBS FIVE SPADES FIVE,0.4424,0.0236,0.534
CLUBS FIVE SPADES FOUR,0.6018,0.0124,0.3858
CLUBS NINE CLUBS FIVE,0.5748,0.0092,0.416
CLUBS EIGHT CLUBS FIVE,0.646,0.0462,0.3078
CLUBS ACE CLUBS QUEEN,0.229,0.0096,0.7614
CLUBS KING CLUBS QUEEN,0.2188,0.0256,0.7556
DIAMONDS TEN DIAMONDS FOUR,0.6056,0.0138,0.3806
CLUBS TEN DIAMONDS NINE,0.572,0.0114,0.4166
DIAMONDS JACK DIAMONDS FOUR,0.6032,0.0132,0.3836
DIAMONDS NINE CLUBS JACK,0.5764,0.0106,0.413
SPADES NINE CLUBS JACK,0.566,0.0132,0.4208
CLUBS TEN SPADES NINE,0.57,0.0086,0.4214
DIAMONDS ACE DIAMONDS FOUR,0.3766,0.0042,0.6192
HEARTS FOUR DIAMONDS FOUR,0.4574,0.0256,0.517
DIAMONDS JACK HEARTS TEN,0.568,0.0082,0.4238
SPADES NINE CLUBS KING,0.3646,0.0058,0.6296
DIAMONDS TWO SPADES TEN,0.6428,0.01,0.3472
DIAMONDS NINE CLUBS ACE,0.3718,0.0028,0.6254
HEARTS FIVE DIAMONDS FOUR,0.6176,0.0136,0.3688
DIAMONDS JACK HEARTS JACK,0.2904,0.0084,0.7012
SPADES NINE CLUBS QUEEN,0.2148,0.1716,0.6136
DIAMONDS TWO SPADES JACK,0.6426,0.011,0.3464
HEARTS TWO DIAMONDS FOUR,0.6432,0.0116,0.3452
DIAMONDS NINE CLUBS QUEEN,0.2312,0.169,0.5998
DIAMONDS KING DIAMONDS FOUR,0.3964,0.0074,0.5962
HEARTS THREE DIAMONDS FOUR,0.6344,0.0126,0.353
SPADES NINE CLUBS ACE,0.3732,0.0034,0.6234
DIAMONDS NINE CLUBS KING,0.3564,0.0056,0.638
HEARTS ACE DIAMONDS JACK,0.3688,0.0032,0.628
SPADES ACE DIAMONDS TWO,0.4206,0.0046,0.5748
HEARTS QUEEN DIAMONDS JACK,0.2358,0.0934,0.6708
SPADES QUEEN DIAMONDS TWO,0.5488,0.2204,0.2308
DIAMONDS JACK HEARTS KING,0.3652,0.0058,0.629
SPADES KING DIAMONDS TWO,0.4066,0.007,0.5864
SPADES JACK SPADES SEVEN,0.5974,0.0128,0.3898
SPADES TEN SPADES SEVEN,0.5874,0.01,0.4026
CLUBS SEVEN CLUBS THREE,0.6108,0.0104,0.3788
CLUBS SIX CLUBS THREE,0.597,0.0118,0.3912
CLUBS FIVE CLUBS THREE,0.5786,0.0142,0.4072
CLUBS THREE CLUBS FOUR,0.5842,0.0124,0.4034
CLUBS NINE CLUBS THREE,0.5942,0.012,0.3938
CLUBS EIGHT CLUBS THREE,0.6886,0.0386,0.2728
CLUBS THREE SPADES FIVE,0.6184,0.011,0.3706
CLUBS THREE SPADES FOUR,0.6364,0.0116,0.352
CLUBS THREE SPADES THREE,0.452,0.0202,0.5278
CLUBS THREE SPADES TWO,0.6584,0.0124,0.3292
CLUBS THREE SPADES SIX,0.6466,0.0112,0.3422
SPADES SEVEN CLUBS THREE,0.6712,0.0112,0.3176
SPADES NINE CLUBS THREE,0.6438,0.0132,0.343
SPADES TWO DIAMONDS FOUR,0.6474,0.013,0.3396
SPADES THREE DIAMONDS FOUR,0.6508,0.012,0.3372
SPADES FOUR DIAMONDS FOUR,0.4504,0.0238,0.5258
SPADES FIVE DIAMONDS FOUR,0.6328,0.0112,0.356
SPADES SIX DIAMONDS FOUR,0.6424,0.0114,0.3462
SPADES SEVEN DIAMONDS FOUR,0.655,0.0114,0.3336
SPADES NINE DIAMONDS FOUR,0.645,0.0122,0.3428
CLUBS FIVE DIAMONDS FOUR,0.617,0.0126,0.3704
CLUBS FOUR DIAMONDS FOUR,0.4516,0.0226,0.5258
CLUBS SEVEN DIAMONDS FOUR,0.6472,0.0118,0.341
CLUBS SIX DIAMONDS FOUR,0.625,0.0104,0.3646
CLUBS NINE DIAMONDS FOUR,0.648,0.0126,0.3394
CLUBS EIGHT DIAMONDS FOUR,0.7166,0.0424,0.241
HEARTS SEVEN DIAMONDS FOUR,0.643,0.0156,0.3414
HEARTS SIX DIAMONDS FOUR,0.632,0.0114,0.3566
DIAMONDS FOUR HEARTS NINE,0.6276,0.0138,0.3586
DIAMONDS FOUR HEARTS EIGHT,0.7154,0.0456,0.239
CLUBS THREE DIAMONDS FOUR,0.628,0.0112,0.3608
CLUBS TWO DIAMONDS FOUR,0.634,0.0106,0.3554
DIAMONDS TEN DIAMONDS FIVE,0.6092,0.0078,0.383
DIAMONDS JACK DIAMONDS FIVE,0.612,0.0094,0.3786
DIAMONDS NINE HEARTS QUEEN,0.2316,0.1696,0.5988
DIAMONDS NINE HEARTS KING,0.3524,0.0078,0.6398
HEARTS ACE DIAMONDS NINE,0.3704,0.0052,0.6244
DIAMONDS NINE HEARTS TEN,0.5748,0.009,0.4162
DIAMONDS NINE HEARTS JACK,0.584,0.0102,0.4058
CLUBS KING DIAMONDS SIX,0.3976,0.0048,0.5976
CLUBS QUEEN DIAMONDS SIX,0.551,0.221,0.228
CLUBS ACE DIAMONDS SIX,0.414,0.0044,0.5816
SPADES KING DIAMONDS FOUR,0.401,0.007,0.592
SPADES ACE SPADES SEVEN,0.3894,0.0044,0.6062
SPADES QUEEN DIAMONDS FOUR,0.5388,0.2346,0.2266
SPADES QUEEN SPADES SEVEN,0.5234,0.219,0.2576
CLUBS JACK DIAMONDS SIX,0.6432,0.009,0.3478
SPADES KING SPADES SEVEN,0.374,0.0058,0.6202
SPADES ACE DIAMONDS FOUR,0.399,0.0046,0.5964
CLUBS TEN DIAMONDS SIX,0.6392,0.0102,0.3506
CLUBS NINE CLUBS FOUR,0.6066,0.0084,0.385
CLUBS EIGHT CLUBS FOUR,0.6606,0.0456,0.2938
SPADES JACK DIAMONDS FOUR,0.6376,0.0134,0.349
SPADES TEN DIAMONDS FOUR,0.644,0.0124,0.3436
CLUBS FIVE CLUBS FOUR,0.57,0.0124,0.4176
CLUBS SEVEN CLUBS FOUR,0.599,0.009,0.392
CLUBS SIX CLUBS FOUR,0.5984,0.0094,0.3922
CLUBS SEVEN SPADES NINE,0.6096,0.0092,0.3812
CLUBS SEVEN SPADES SIX,0.6142,0.0114,0.3744
CLUBS SEVEN SPADES SEVEN,0.4446,0.0182,0.5372
CLUBS SEVEN SPADES FIVE,0.6278,0.0122,0.36
CLUBS SEVEN SPADES FOUR,0.65,0.012,0.338
CLUBS SEVEN SPADES THREE,0.6648,0.0106,0.3246
CLUBS SEVEN SPADES TWO,0.6698,0.0124,0.3178
CLUBS NINE CLUBS SEVEN,0.564,0.0132,0.4228
CLUBS SEVEN CLUBS EIGHT,0.6298,0.0448,0.3254
HEARTS SIX DIAMONDS FIVE,0.6192,0.0104,0.3704
HEARTS SEVEN DIAMONDS FIVE,0.6294,0.0134,0.3572
DIAMONDS FIVE HEARTS EIGHT,0.6956,0.048,0.2564
DIAMONDS FIVE HEARTS NINE,0.632,0.0132,0.3548
HEARTS TWO DIAMONDS FIVE,0.656,0.0108,0.3332
HEARTS KING HEARTS EIGHT,0.2354,0.0284,0.7362
DIAMONDS KING DIAMONDS FIVE,0.3906,0.008,0.6014
HEARTS THREE DIAMONDS FIVE,0.6454,0.0106,0.344
HEARTS QUEEN HEARTS EIGHT,0.0188,0.9072,0.074
DIAMONDS ACE DIAMONDS FIVE,0.3678,0.0044,0.6278
HEARTS FOUR DIAMONDS FIVE,0.6196,0.011,0.3694
HEARTS FIVE DIAMONDS FIVE,0.4424,0.0234,0.5342
HEARTS ACE HEARTS EIGHT,0.2304,0.0242,0.7454
CLUBS FOUR DIAMONDS FIVE,0.6108,0.0116,0.3776
CLUBS FIVE DIAMONDS FIVE,0.4522,0.021,0.5268
CLUBS SIX DIAMONDS FIVE,0.6342,0.0142,0.3516
CLUBS SEVEN DIAMONDS FIVE,0.6326,0.0088,0.3586
CLUBS TWO DIAMONDS FIVE,0.644,0.0128,0.3432
CLUBS THREE DIAMONDS FIVE,0.6334,0.012,0.3546
SPADES THREE DIAMONDS FIVE,0.6334,0.0128,0.3538
SPADES TWO DIAMONDS FIVE,0.6408,0.0122,0.347
SPADES JACK DIAMONDS EIGHT,0.6996,0.0478,0.2526
SPADES FIVE DIAMONDS FIVE,0.451,0.025,0.524
CLUBS TEN HEARTS JACK,0.561,0.0082,0.4308
SPADES TEN DIAMONDS EIGHT,0.6834,0.0462,0.2704
SPADES FOUR DIAMONDS FIVE,0.6306,0.0122,0.3572
HEARTS JACK CLUBS JACK,0.2838,0.0082,0.708
HEARTS JACK CLUBS QUEEN,0.2398,0.0936,0.6666
CLUBS NINE DIAMONDS FIVE,0.625,0.0092,0.3658
CLUBS KING HEARTS JACK,0.3642,0.005,0.6308
CLUBS EIGHT DIAMONDS FIVE,0.6896,0.0488,0.2616
CLUBS ACE HEARTS JACK,0.3526,0.0034,0.644
SPADES SEVEN DIAMONDS FIVE,0.6242,0.0138,0.362
SPADES KING DIAMONDS EIGHT,0.2384,0.036,0.7256
SPADES SIX DIAMONDS FIVE,0.6228,0.0106,0.3666
SPADES QUEEN DIAMONDS EIGHT,0.0094,0.9846,0.006
SPADES NINE DIAMONDS FIVE,0.6206,0.0084,0.371
SPADES ACE DIAMONDS EIGHT,0.2498,0.0286,0.7216
DIAMONDS TEN DIAMONDS SIX,0.5976,0.0114,0.391
HEARTS ACE DIAMONDS SEVEN,0.3972,0.0032,0.5996
DIAMONDS JACK DIAMONDS SIX,0.6188,0.0118,0.3694
HEARTS QUEEN DIAMONDS SEVEN,0.5662,0.2148,0.219
HEARTS KING DIAMONDS SEVEN,0.4056,0.0068,0.5876
DIAMONDS ACE DIAMONDS SIX,0.3858,0.0048,0.6094
HEARTS FOUR DIAMONDS SIX,0.6266,0.0126,0.3608
SPADES TWO HEARTS JACK,0.634,0.0092,0.3568
HEARTS FIVE DIAMONDS SIX,0.6238,0.012,0.3642
SPADES TWO HEARTS TEN,0.6452,0.0122,0.3426
HEARTS TWO DIAMONDS SIX,0.6558,0.012,0.3322
DIAMONDS KING DIAMONDS SIX,0.389,0.007,0.604
HEARTS THREE DIAMONDS SIX,0.65,0.0122,0.3378
HEARTS EIGHT DIAMONDS SIX,0.6806,0.0424,0.277
HEARTS NINE DIAMONDS SIX,0.6436,0.0074,0.349
HEARTS SIX DIAMONDS SIX,0.4314,0.0226,0.546
HEARTS SEVEN DIAMONDS SIX,0.619,0.0112,0.3698
HEARTS TEN DIAMONDS SEVEN,0.6106,0.012,0.3774
CLUBS TWO DIAMONDS SIX,0.6616,0.0112,0.3272
HEARTS JACK DIAMONDS SEVEN,0.6236,0.0116,0.3648
CLUBS THREE DIAMONDS SIX,0.6544,0.013,0.3326
CLUBS SEVEN DIAMONDS SIX,0.6264,0.0106,0.363
DIAMONDS EIGHT CLUBS JACK,0.7194,0.0414,0.2392
CLUBS SIX DIAMONDS SIX,0.4422,0.0202,0.5376
CLUBS TEN DIAMONDS EIGHT,0.6904,0.0434,0.2662
CLUBS FIVE DIAMONDS SIX,0.6188,0.0154,0.3658
CLUBS FOUR DIAMONDS SIX,0.6384,0.01,0.3516
HEARTS ACE HEARTS JACK,0.3442,0.0034,0.6524
DIAMONDS EIGHT CLUBS ACE,0.2612,0.0232,0.7156
HEARTS QUEEN HEARTS JACK,0.232,0.0886,0.6794
DIAMONDS EIGHT CLUBS KING,0.2582,0.032,0.7098
CLUBS NINE DIAMONDS SIX,0.622,0.012,0.366
HEARTS KING HEARTS JACK,0.3398,0.0058,0.6544
DIAMONDS EIGHT CLUBS QUEEN,0.016,0.9696,0.0144
CLUBS EIGHT DIAMONDS SIX,0.6886,0.0456,0.2658
SPADES TEN HEARTS KING,0.357,0.0068,0.6362
SPADES FIVE DIAMONDS SIX,0.6308,0.012,0.3572
HEARTS ACE SPADES TWO,0.4264,0.0052,0.5684
SPADES JACK HEARTS KING,0.3372,0.01,0.6528
SPADES FOUR DIAMONDS SIX,0.6358,0.012,0.3522
SPADES THREE DIAMONDS SIX,0.6564,0.0122,0.3314
HEARTS QUEEN SPADES TWO,0.5416,0.222,0.2364
SPADES ACE SPADES KING,0.3232,0.004,0.6728
SPADES TWO HEARTS KING,0.4058,0.005,0.5892
SPADES TWO DIAMONDS SIX,0.6742,0.01,0.3158
HEARTS TEN HEARTS EIGHT,0.661,0.0332,0.3058
SPADES NINE DIAMONDS SIX,0.6184,0.0132,0.3684
HEARTS JACK HEARTS EIGHT,0.6626,0.0404,0.297
SPADES SEVEN DIAMONDS SIX,0.6222,0.0134,0.3644
SPADES SIX DIAMONDS SIX,0.4396,0.0226,0.5378
SPADES KING HEARTS KING,0.1368,0.0038,0.8594
SPADES QUEEN HEARTS KING,0.2216,0.0296,0.7488
CLUBS ACE CLUBS KING,0.313,0.0042,0.6828
SPADES ACE HEARTS KING,0.3328,0.0056,0.6616
SPADES ACE HEARTS JACK,0.365,0.003,0.632
SPADES QUEEN HEARTS JACK,0.2294,0.0952,0.6754
SPADES KING HEARTS JACK,0.3446,0.0056,0.6498
SPADES TEN DIAMONDS TEN,0.29,0.0148,0.6952
SPADES JACK DIAMONDS TEN,0.5576,0.01,0.4324
SPADES ACE DIAMONDS TEN,0.3468,0.0064,0.6468
SPADES JACK HEARTS JACK,0.2786,0.0108,0.7106
SPADES TEN HEARTS JACK,0.5514,0.008,0.4406
SPADES QUEEN DIAMONDS TEN,0.224,0.1306,0.6454
SPADES KING DIAMONDS TEN,0.329,0.008,0.663
SPADES NINE DIAMONDS SEVEN,0.6074,0.014,0.3786
SPADES SEVEN DIAMONDS SEVEN,0.4384,0.0228,0.5388
SPADES SIX DIAMONDS SEVEN,0.631,0.01,0.359
DIAMONDS KING DIAMONDS SEVEN,0.39,0.0058,0.6042
HEARTS THREE DIAMONDS SEVEN,0.6584,0.0108,0.3308
HEARTS KING DIAMONDS FIVE,0.4094,0.0066,0.584
HEARTS TWO DIAMONDS SEVEN,0.6698,0.0154,0.3148
HEARTS QUEEN DIAMONDS FIVE,0.55,0.228,0.222
HEARTS FIVE DIAMONDS SEVEN,0.6348,0.0134,0.3518
DIAMONDS ACE DIAMONDS SEVEN,0.3796,0.0046,0.6158
HEARTS FOUR DIAMONDS SEVEN,0.6642,0.01,0.3258
HEARTS ACE DIAMONDS FIVE,0.404,0.0044,0.5916
HEARTS SEVEN DIAMONDS SEVEN,0.4308,0.0196,0.5496
HEARTS SIX DIAMONDS SEVEN,0.6358,0.0082,0.356
DIAMONDS SEVEN HEARTS NINE,0.6198,0.0098,0.3704
HEARTS EIGHT DIAMONDS SEVEN,0.6902,0.045,0.2648
DIAMONDS JACK DIAMONDS SEVEN,0.602,0.0118,0.3862
DIAMONDS FIVE HEARTS JACK,0.6292,0.0084,0.3624
DIAMONDS TEN DIAMONDS SEVEN,0.5916,0.0104,0.398
HEARTS TEN DIAMONDS FIVE,0.6342,0.0098,0.356
SPADES KING CLUBS TWO,0.4038,0.006,0.5902
HEARTS KING CLUBS KING,0.152,0.0028,0.8452
CLUBS EIGHT DIAMONDS SEVEN,0.6832,0.043,0.2738
SPADES QUEEN CLUBS TWO,0.5458,0.2308,0.2234
HEARTS KING CLUBS QUEEN,0.2332,0.026,0.7408
CLUBS NINE DIAMONDS SEVEN,0.6118,0.0122,0.376
SPADES TWO CLUBS JACK,0.636,0.0114,0.3526
SPADES ACE CLUBS TWO,0.404,0.005,0.591
CLUBS TEN SPADES TWO,0.651,0.0076,0.3414
HEARTS KING CLUBS ACE,0.3304,0.004,0.6656
CLUBS SEVEN CLUBS SIX,0.5642,0.0124,0.4234
SPADES TWO CLUBS KING,0.412,0.0088,0.5792
SPADES TWO DIAMONDS SEVEN,0.677,0.012,0.311
CLUBS EIGHT CLUBS SIX,0.6534,0.039,0.3076
SPADES THREE DIAMONDS SEVEN,0.6644,0.0102,0.3254
SPADES TWO CLUBS QUEEN,0.5502,0.2198,0.23
CLUBS NINE CLUBS SIX,0.581,0.0128,0.4062
SPADES FOUR DIAMONDS SEVEN,0.6494,0.014,0.3366
HEARTS KING CLUBS JACK,0.3538,0.008,0.6382
SPADES FIVE DIAMONDS SEVEN,0.633,0.012,0.355
SPADES TWO CLUBS ACE,0.4248,0.0048,0.5704
CLUBS TEN HEARTS KING,0.34,0.005,0.655
CLUBS SIX SPADES TWO,0.66,0.012,0.328
CLUBS SIX SPADES THREE,0.6476,0.009,0.3434
CLUBS TWO DIAMONDS SEVEN,0.6652,0.0138,0.321
CLUBS SIX SPADES FOUR,0.6336,0.0112,0.3552
CLUBS THREE DIAMONDS SEVEN,0.6786,0.0094,0.312
CLUBS SIX SPADES FIVE,0.6168,0.0122,0.371
CLUBS FOUR DIAMONDS SEVEN,0.6462,0.0102,0.3436
CLUBS SIX SPADES SIX,0.4388,0.021,0.5402
CLUBS FIVE DIAMONDS SEVEN,0.6388,0.0112,0.35
CLUBS SIX SPADES SEVEN,0.617,0.0094,0.3736
CLUBS SIX DIAMONDS SEVEN,0.6246,0.012,0.3634
SPADES JACK CLUBS TWO,0.6272,0.0136,0.3592
CLUBS SEVEN DIAMONDS SEVEN,0.4336,0.0234,0.543
SPADES NINE CLUBS SIX,0.6128,0.011,0.3762
SPADES TEN CLUBS TWO,0.626,0.0102,0.3638
CLUBS TWO CLUBS QUEEN,0.5106,0.2134,0.276
CLUBS TWO CLUBS KING,0.3908,0.0066,0.6026
CLUBS THREE DIAMONDS EIGHT,0.7226,0.0512,0.2262
CLUBS TWO CLUBS ACE,0.38,0.005,0.615
CLUBS TWO DIAMONDS EIGHT,0.7348,0.0514,0.2138
HEARTS SEVEN DIAMONDS EIGHT,0.6868,0.045,0.2682
HEARTS SIX DIAMONDS EIGHT,0.6742,0.044,0.2818
DIAMONDS EIGHT HEARTS NINE,0.6744,0.04,0.2856
CLUBS TEN CLUBS TWO,0.5844,0.0092,0.4064
DIAMONDS EIGHT HEARTS EIGHT,0.301,0.0306,0.6684
CLUBS TWO CLUBS JACK,0.5968,0.01,0.3932
CLUBS NINE DIAMONDS EIGHT,0.6824,0.0408,0.2768
CLUBS EIGHT DIAMONDS EIGHT,0.3142,0.027,0.6588
CLUBS FIVE DIAMONDS EIGHT,0.7022,0.046,0.2518
SPADES ACE SPADES THREE,0.3852,0.0062,0.6086
CLUBS FOUR DIAMONDS EIGHT,0.7184,0.0464,0.2352
CLUBS SEVEN DIAMONDS EIGHT,0.6982,0.0432,0.2586
SPADES QUEEN SPADES THREE,0.521,0.2124,0.2666
CLUBS SIX DIAMONDS EIGHT,0.682,0.0428,0.2752
SPADES KING SPADES THREE,0.412,0.0072,0.5808
HEARTS TWO DIAMONDS EIGHT,0.7344,0.0426,0.223
DIAMONDS KING DIAMONDS EIGHT,0.2502,0.028,0.7218
HEARTS THREE DIAMONDS EIGHT,0.7296,0.0482,0.2222
DIAMONDS ACE DIAMONDS EIGHT,0.2366,0.0244,0.739
HEARTS FOUR DIAMONDS EIGHT,0.7078,0.0482,0.244
HEARTS FIVE DIAMONDS EIGHT,0.706,0.049,0.245
DIAMONDS EIGHT DIAMONDS TEN,0.6646,0.0384,0.297
DIAMONDS EIGHT DIAMONDS JACK,0.6868,0.0422,0.271
SPADES JACK SPADES THREE,0.6038,0.0114,0.3848
SPADES TEN SPADES THREE,0.6066,0.0106,0.3828
CLUBS FOUR HEARTS ACE,0.4094,0.002,0.5886
CLUBS FOUR HEARTS QUEEN,0.5424,0.2238,0.2338
CLUBS FOUR HEARTS KING,0.4082,0.0068,0.585
CLUBS SIX HEARTS TEN,0.6302,0.0076,0.3622
CLUBS SIX HEARTS JACK,0.6498,0.009,0.3412
SPADES FOUR DIAMONDS EIGHT,0.7116,0.0512,0.2372
SPADES FIVE DIAMONDS EIGHT,0.6994,0.049,0.2516
DIAMONDS EIGHT SPADES TWO,0.7354,0.045,0.2196
DIAMONDS EIGHT SPADES THREE,0.7378,0.0494,0.2128
CLUBS FOUR HEARTS JACK,0.6226,0.0116,0.3658
SPADES TEN HEARTS TWO,0.6438,0.0116,0.3446
SPADES JACK HEARTS EIGHT,0.711,0.0356,0.2534
CLUBS FOUR HEARTS TEN,0.6336,0.0098,0.3566
SPADES NINE DIAMONDS EIGHT,0.678,0.0424,0.2796
SPADES TEN HEARTS EIGHT,0.69,0.041,0.269
SPADES JACK HEARTS TWO,0.6402,0.012,0.3478
SPADES SIX DIAMONDS EIGHT,0.6842,0.045,0.2708
SPADES SEVEN DIAMONDS EIGHT,0.6892,0.0486,0.2622
SPADES ACE HEARTS TWO,0.4026,0.0056,0.5918
SPADES ACE HEARTS EIGHT,0.2408,0.0288,0.7304
SPADES KING HEARTS EIGHT,0.2418,0.0334,0.7248
SPADES QUEEN HEARTS TWO,0.5448,0.2294,0.2258
SPADES KING HEARTS TWO,0.4106,0.0078,0.5816
SPADES QUEEN HEARTS EIGHT,0.0112,0.9712,0.0176
CLUBS TWO HEARTS TEN,0.6406,0.0106,0.3488
CLUBS TWO HEARTS JACK,0.6372,0.0112,0.3516
SPADES SEVEN DIAMONDS NINE,0.6158,0.0112,0.373
SPADES SIX DIAMONDS NINE,0.6236,0.0118,0.3646
SPADES NINE DIAMONDS NINE,0.3096,0.0162,0.6742
SPADES TEN CLUBS KING,0.3422,0.006,0.6518
DIAMONDS NINE SPADES THREE,0.6564,0.0108,0.3328
SPADES JACK CLUBS KING,0.3482,0.0056,0.6462
DIAMONDS NINE SPADES TWO,0.6476,0.0134,0.339
SPADES FIVE DIAMONDS NINE,0.637,0.0132,0.3498
DIAMONDS NINE SPADES FOUR,0.645,0.0128,0.3422
CLUBS NINE DIAMONDS NINE,0.2994,0.0176,0.683
CLUBS EIGHT DIAMONDS NINE,0.6862,0.0386,0.2752
CLUBS SIX DIAMONDS NINE,0.637,0.0082,0.3548
SPADES JACK CLUBS FOUR,0.6334,0.0108,0.3558
CLUBS SEVEN DIAMONDS NINE,0.6168,0.009,0.3742
SPADES TEN CLUBS FOUR,0.6236,0.0132,0.3632
CLUBS FOUR DIAMONDS NINE,0.6424,0.0126,0.345
CLUBS FIVE DIAMONDS NINE,0.6344,0.0098,0.3558
DIAMONDS NINE CLUBS TWO,0.6376,0.0122,0.3502
CLUBS THREE DIAMONDS NINE,0.6464,0.0114,0.3422
DIAMONDS NINE HEARTS EIGHT,0.685,0.04,0.275
DIAMONDS NINE HEARTS NINE,0.308,0.0174,0.6746
HEARTS SIX DIAMONDS NINE,0.6232,0.01,0.3668
HEARTS SEVEN DIAMONDS NINE,0.6118,0.0132,0.375
CLUBS NINE CLUBS EIGHT,0.6384,0.0372,0.3244
DIAMONDS ACE DIAMONDS NINE,0.3518,0.0034,0.6448
HEARTS FOUR DIAMONDS NINE,0.6392,0.0098,0.351
HEARTS FIVE DIAMONDS NINE,0.6298,0.0116,0.3586
HEARTS ACE CLUBS TWO,0.414,0.0044,0.5816
SPADES ACE CLUBS FOUR,0.395,0.0048,0.6002
HEARTS TWO DIAMONDS NINE,0.6454,0.0092,0.3454
CLUBS TWO HEARTS KING,0.406,0.0086,0.5854
SPADES KING CLUBS FOUR,0.4034,0.0102,0.5864
DIAMONDS KING DIAMONDS NINE,0.3326,0.0068,0.6606
HEARTS THREE DIAMONDS NINE,0.629,0.013,0.358
CLUBS TWO HEARTS QUEEN,0.5412,0.2272,0.2316
SPADES QUEEN CLUBS FOUR,0.539,0.228,0.233
DIAMONDS NINE DIAMONDS JACK,0.5474,0.0112,0.4414
CLUBS EIGHT SPADES NINE,0.6794,0.0404,0.2802
DIAMONDS NINE DIAMONDS TEN,0.5514,0.0116,0.437
CLUBS EIGHT SPADES SEVEN,0.6838,0.0446,0.2716
CLUBS EIGHT SPADES SIX,0.6866,0.0448,0.2686
CLUBS EIGHT SPADES FIVE,0.7028,0.0482,0.249
CLUBS EIGHT SPADES FOUR,0.7052,0.0482,0.2466
CLUBS EIGHT SPADES THREE,0.7266,0.0522,0.2212
CLUBS EIGHT SPADES TWO,0.7264,0.0566,0.217
HEARTS SIX DIAMONDS TEN,0.6352,0.01,0.3548
HEARTS SEVEN DIAMONDS TEN,0.632,0.0096,0.3584
DIAMONDS TEN HEARTS EIGHT,0.6894,0.0424,0.2682
CLUBS FOUR CLUBS JACK,0.5964,0.01,0.3936
DIAMONDS TEN HEARTS NINE,0.5602,0.012,0.4278
CLUBS TEN CLUBS FOUR,0.6002,0.0118,0.388
CLUBS FOUR CLUBS KING,0.383,0.0084,0.6086
CLUBS FOUR CLUBS QUEEN,0.5184,0.2088,0.2728
CLUBS TWO DIAMONDS TEN,0.643,0.0102,0.3468
CLUBS THREE DIAMONDS TEN,0.6414,0.0102,0.3484
CLUBS FOUR CLUBS ACE,0.3746,0.0038,0.6216
DIAMONDS JACK DIAMONDS TEN,0.542,0.0086,0.4494
HEARTS TWO DIAMONDS TEN,0.6322,0.0106,0.3572
DIAMONDS KING DIAMONDS TEN,0.3288,0.0076,0.6636
HEARTS THREE DIAMONDS TEN,0.6402,0.015,0.3448
DIAMONDS ACE DIAMONDS TEN,0.3278,0.0052,0.667
HEARTS FOUR DIAMONDS TEN,0.6284,0.011,0.3606
CLUBS EIGHT HEARTS JACK,0.699,0.0442,0.2568
HEARTS FIVE DIAMONDS TEN,0.6418,0.0098,0.3484
CLUBS EIGHT HEARTS TEN,0.687,0.0398,0.2732
CLUBS EIGHT HEARTS QUEEN,0.0258,0.9536,0.0206
CLUBS EIGHT HEARTS KING,0.243,0.0312,0.7258
CLUBS EIGHT HEARTS ACE,0.2494,0.0226,0.728
CLUBS NINE SPADES THREE,0.6364,0.014,0.3496
CLUBS NINE SPADES TWO,0.6504,0.0084,0.3412
CLUBS NINE SPADES FIVE,0.6234,0.0112,0.3654
CLUBS NINE SPADES FOUR,0.641,0.014,0.345
CLUBS NINE SPADES SEVEN,0.6154,0.0108,0.3738
CLUBS NINE SPADES SIX,0.6098,0.0096,0.3806
CLUBS NINE SPADES NINE,0.2922,0.0188,0.689
CLUBS TEN HEARTS EIGHT,0.7004,0.0406,0.259
HEARTS EIGHT CLUBS JACK,0.7126,0.042,0.2454
CLUBS QUEEN HEARTS EIGHT,0.0226,0.956,0.0214
CLUBS KING HEARTS EIGHT,0.2512,0.0382,0.7106
CLUBS ACE HEARTS EIGHT,0.255,0.0248,0.7202
SPADES KING CLUBS KING,0.1454,0.0034,0.8512
SPADES QUEEN CLUBS KING,0.2274,0.0258,0.7468
SPADES ACE CLUBS KING,0.3346,0.003,0.6624
DIAMONDS ACE HEARTS TEN,0.3488,0.004,0.6472
HEARTS FOUR HEARTS TEN,0.5808,0.0128,0.4064
DIAMONDS ACE HEARTS JACK,0.3594,0.0024,0.6382
HEARTS FOUR HEARTS JACK,0.594,0.0108,0.3952
SPADES KING CLUBS FIVE,0.4006,0.0064,0.593
SPADES QUEEN CLUBS FIVE,0.538,0.2252,0.2368
SPADES ACE CLUBS FIVE,0.3988,0.0044,0.5968
HEARTS SEVEN DIAMONDS JACK,0.6276,0.0088,0.3636
HEARTS SIX DIAMONDS JACK,0.6478,0.0086,0.3436
DIAMONDS JACK HEARTS NINE,0.5834,0.01,0.4066
DIAMONDS JACK HEARTS EIGHT,0.7234,0.0402,0.2364
DIAMONDS KING DIAMONDS JACK,0.3344,0.0058,0.6598
HEARTS THREE DIAMONDS JACK,0.6324,0.0116,0.356
SPADES ACE SPADES SIX,0.3778,0.0042,0.618
HEARTS ACE SPADES FOUR,0.4044,0.0038,0.5918
HEARTS TWO DIAMONDS JACK,0.6378,0.0104,0.3518
HEARTS FIVE DIAMONDS JACK,0.6302,0.0108,0.359
SPADES QUEEN SPADES SIX,0.5234,0.2114,0.2652
SPADES FOUR HEARTS QUEEN,0.5562,0.213,0.2308
DIAMONDS ACE DIAMONDS JACK,0.3432,0.0046,0.6522
HEARTS FOUR DIAMONDS JACK,0.6396,0.0114,0.349
SPADES KING SPADES SIX,0.3878,0.0068,0.6054
SPADES FOUR HEARTS KING,0.4148,0.0078,0.5774
SPADES TEN SPADES SIX,0.6,0.0128,0.3872
SPADES JACK SPADES SIX,0.607,0.011,0.382
SPADES FOUR DIAMONDS JACK,0.6424,0.0104,0.3472
SPADES FIVE DIAMONDS JACK,0.64,0.0096,0.3504
DIAMONDS JACK SPADES TWO,0.6492,0.0116,0.3392
SPADES THREE DIAMONDS JACK,0.6546,0.01,0.3354
SPADES ACE DIAMONDS THREE,0.4006,0.0046,0.5948
SPADES QUEEN DIAMONDS THREE,0.553,0.2304,0.2166
CLUBS EIGHT DIAMONDS JACK,0.7196,0.038,0.2424
SPADES KING DIAMONDS THREE,0.4152,0.01,0.5748
CLUBS NINE DIAMONDS JACK,0.5744,0.0104,0.4152
CLUBS SIX DIAMONDS JACK,0.6384,0.0126,0.349
CLUBS SEVEN DIAMONDS JACK,0.6356,0.011,0.3534
CLUBS FOUR DIAMONDS JACK,0.6368,0.013,0.3502
CLUBS FIVE DIAMONDS JACK,0.6306,0.0106,0.3588
CLUBS TWO DIAMONDS JACK,0.637,0.011,0.352
CLUBS THREE DIAMONDS JACK,0.6456,0.0114,0.343
SPADES TEN CLUBS FIVE,0.626,0.012,0.362
SPADES JACK HEARTS SIX,0.629,0.0126,0.3584
HEARTS SIX SPADES TEN,0.6298,0.0122,0.358
SPADES JACK CLUBS FIVE,0.6332,0.009,0.3578
SPADES JACK DIAMONDS THREE,0.6414,0.0122,0.3464
CLUBS SEVEN CLUBS ACE,0.3838,0.0026,0.6136
DIAMONDS THREE SPADES TEN,0.6448,0.0124,0.3428
CLUBS SEVEN CLUBS QUEEN,0.5238,0.2062,0.27
CLUBS SEVEN CLUBS KING,0.3786,0.0084,0.613
SPADES NINE DIAMONDS JACK,0.587,0.0118,0.4012
CLUBS TEN CLUBS SEVEN,0.5716,0.0092,0.4192
DIAMONDS ACE HEARTS ACE,0.1384,0.0036,0.858
HEARTS FOUR HEARTS ACE,0.3746,0.0034,0.622
SPADES ACE HEARTS SIX,0.3984,0.0034,0.5982
CLUBS SEVEN CLUBS JACK,0.5898,0.0098,0.4004
DIAMONDS ACE HEARTS KING,0.3378,0.0058,0.6564
HEARTS FOUR HEARTS KING,0.39,0.0052,0.6048
SPADES SEVEN DIAMONDS JACK,0.6434,0.0148,0.3418
SPADES KING HEARTS SIX,0.4024,0.0054,0.5922
DIAMONDS ACE HEARTS QUEEN,0.2366,0.0154,0.748
HEARTS FOUR HEARTS QUEEN,0.5048,0.2174,0.2778
SPADES SIX DIAMONDS JACK,0.6516,0.0108,0.3376
SPADES QUEEN HEARTS SIX,0.5526,0.2212,0.2262
SPADES TWO DIAMONDS TEN,0.6548,0.0098,0.3354
SPADES THREE DIAMONDS TEN,0.6542,0.011,0.3348
SPADES FOUR DIAMONDS TEN,0.652,0.0148,0.3332
SPADES FIVE DIAMONDS TEN,0.647,0.0106,0.3424
SPADES SIX DIAMONDS TEN,0.6284,0.0108,0.3608
SPADES SEVEN DIAMONDS TEN,0.6282,0.0114,0.3604
SPADES NINE DIAMONDS TEN,0.576,0.0096,0.4144
CLUBS FOUR DIAMONDS TEN,0.6412,0.011,0.3478
CLUBS FIVE DIAMONDS TEN,0.6458,0.0126,0.3416
CLUBS SIX DIAMONDS TEN,0.6316,0.0102,0.3582
CLUBS SEVEN DIAMONDS TEN,0.6224,0.0132,0.3644
CLUBS EIGHT DIAMONDS TEN,0.7114,0.0324,0.2562
CLUBS NINE DIAMONDS TEN,0.5646,0.0098,0.4256
DIAMONDS THREE CLUBS JACK,0.6438,0.0106,0.3456
CLUBS TEN DIAMONDS THREE,0.6526,0.0092,0.3382
DIAMONDS THREE CLUBS KING,0.4228,0.007,0.5702
DIAMONDS THREE CLUBS QUEEN,0.5556,0.227,0.2174
DIAMONDS THREE CLUBS ACE,0.4106,0.0038,0.5856
SPADES FOUR HEARTS JACK,0.6414,0.0096,0.349
SPADES FOUR HEARTS TEN,0.6288,0.0102,0.361
SPADES FIVE SPADES TWO,0.6082,0.0134,0.3784
SPADES FOUR SPADES TWO,0.6176,0.0124,0.37
SPADES THREE SPADES TWO,0.6116,0.0118,0.3766
SPADES NINE SPADES TWO,0.6112,0.0116,0.3772
SPADES SEVEN SPADES TWO,0.636,0.0128,0.3512
SPADES SIX SPADES TWO,0.6202,0.0138,0.366
CLUBS THREE HEARTS TWO,0.652,0.0104,0.3376
HEARTS TWO CLUBS TWO,0.4566,0.0264,0.517
HEARTS SEVEN HEARTS TWO,0.6136,0.0104,0.376
HEARTS SIX HEARTS TWO,0.608,0.0098,0.3822
HEARTS TWO HEARTS NINE,0.6,0.0116,0.3884
HEARTS TWO HEARTS EIGHT,0.682,0.0472,0.2708
CLUBS NINE HEARTS TWO,0.6378,0.0102,0.352
CLUBS EIGHT HEARTS TWO,0.7258,0.0458,0.2284
CLUBS FIVE HEARTS TWO,0.639,0.014,0.347
CLUBS FOUR HEARTS TWO,0.6352,0.0124,0.3524
CLUBS SEVEN HEARTS TWO,0.6682,0.0118,0.32
CLUBS SIX HEARTS TWO,0.6522,0.01,0.3378
SPADES SIX HEARTS TWO,0.6672,0.015,0.3178
HEARTS FOUR CLUBS QUEEN,0.543,0.221,0.236
DIAMONDS ACE CLUBS QUEEN,0.244,0.0148,0.7412
SPADES SEVEN HEARTS TWO,0.6752,0.0134,0.3114
HEARTS FOUR CLUBS KING,0.4242,0.0064,0.5694
DIAMONDS ACE CLUBS KING,0.3282,0.003,0.6688
HEARTS FOUR CLUBS ACE,0.3988,0.004,0.5972
DIAMONDS ACE CLUBS ACE,0.1396,0.0036,0.8568
SPADES NINE HEARTS TWO,0.6324,0.0114,0.3562
HEARTS TWO SPADES TWO,0.459,0.0266,0.5144
HEARTS TWO SPADES THREE,0.657,0.013,0.33
HEARTS TWO SPADES FOUR,0.642,0.0138,0.3442
CLUBS TEN HEARTS FOUR,0.631,0.0076,0.3614
CLUBS TEN DIAMONDS ACE,0.346,0.0038,0.6502
HEARTS TWO SPADES FIVE,0.6376,0.0162,0.3462
HEARTS FOUR CLUBS JACK,0.6202,0.0116,0.3682
DIAMONDS ACE CLUBS JACK,0.3638,0.0036,0.6326
CLUBS FIVE CLUBS KING,0.3904,0.0062,0.6034
CLUBS FIVE CLUBS QUEEN,0.5218,0.2074,0.2708
CLUBS FIVE CLUBS ACE,0.3834,0.0048,0.6118
CLUBS FIVE CLUBS JACK,0.5986,0.0086,0.3928
CLUBS TEN CLUBS FIVE,0.5944,0.0114,0.3942
SPADES KING CLUBS JACK,0.348,0.0064,0.6456
SPADES QUEEN CLUBS JACK,0.2254,0.0854,0.6892
SPADES ACE CLUBS JACK,0.3626,0.0056,0.6318
SPADES SIX CLUBS KING,0.3916,0.0072,0.6012
SPADES SIX CLUBS QUEEN,0.5582,0.2204,0.2214
SPADES SIX CLUBS ACE,0.4144,0.0048,0.5808
SPADES SIX CLUBS JACK,0.6382,0.008,0.3538
CLUBS TEN SPADES SIX,0.632,0.0114,0.3566
SPADES TEN CLUBS JACK,0.5516,0.0076,0.4408
SPADES JACK CLUBS JACK,0.285,0.0088,0.7062
SPADES QUEEN CLUBS SEVEN,0.5468,0.2226,0.2306
SPADES KING CLUBS SEVEN,0.397,0.0062,0.5968
SPADES ACE CLUBS SEVEN,0.3932,0.0038,0.603
SPADES SIX HEARTS TEN,0.6356,0.0096,0.3548
SPADES SIX HEARTS JACK,0.6438,0.0108,0.3454
SPADES SIX HEARTS ACE,0.4084,0.005,0.5866
SPADES SIX HEARTS KING,0.4094,0.005,0.5856
SPADES SIX HEARTS QUEEN,0.5594,0.2306,0.21
CLUBS SEVEN SPADES JACK,0.6294,0.014,0.3566
CLUBS SEVEN SPADES TEN,0.6038,0.008,0.3882
CLUBS TEN HEARTS SIX,0.6246,0.0092,0.3662
HEARTS SIX CLUBS JACK,0.6392,0.0106,0.3502
CLUBS ACE CLUBS JACK,0.3356,0.0038,0.6606
HEARTS SIX CLUBS QUEEN,0.553,0.2172,0.2298
HEARTS SIX CLUBS KING,0.3986,0.0052,0.5962
HEARTS SIX CLUBS ACE,0.4004,0.003,0.5966
CLUBS QUEEN CLUBS JACK,0.2258,0.0826,0.6916
CLUBS KING CLUBS JACK,0.3288,0.006,0.6652
DIAMONDS THREE HEARTS ACE,0.4012,0.0028,0.596
DIAMONDS THREE HEARTS QUEEN,0.5534,0.2226,0.224
DIAMONDS THREE HEARTS KING,0.4228,0.0076,0.5696
CLUBS FIVE HEARTS JACK,0.6286,0.0112,0.3602
SPADES TEN DIAMONDS ACE,0.3582,0.0054,0.6364
HEARTS FOUR SPADES TEN,0.6322,0.0104,0.3574
CLUBS FIVE HEARTS TEN,0.637,0.0096,0.3534
HEARTS FOUR SPADES JACK,0.6346,0.0088,0.3566
SPADES JACK DIAMONDS ACE,0.3532,0.004,0.6428
SPADES ACE HEARTS FOUR,0.4032,0.0036,0.5932
SPADES ACE DIAMONDS ACE,0.1304,0.0042,0.8654
CLUBS FIVE HEARTS ACE,0.4034,0.0032,0.5934
CLUBS FIVE HEARTS KING,0.3942,0.0062,0.5996
HEARTS FOUR SPADES QUEEN,0.545,0.2216,0.2334
SPADES QUEEN DIAMONDS ACE,0.2366,0.0178,0.7456
SPADES FOUR CLUBS JACK,0.6332,0.0108,0.356
CLUBS FIVE HEARTS QUEEN,0.5328,0.2322,0.235
SPADES KING DIAMONDS ACE,0.3242,0.0054,0.6704
SPADES KING HEARTS FOUR,0.3966,0.0062,0.5972
CLUBS TEN SPADES FOUR,0.6296,0.0116,0.3588
DIAMONDS ACE HEARTS TWO,0.4042,0.0054,0.5904
HEARTS FOUR HEARTS TWO,0.6048,0.0108,0.3844
DIAMONDS THREE HEARTS TEN,0.6476,0.0098,0.3426
SPADES FOUR CLUBS KING,0.416,0.0098,0.5742
HEARTS FIVE HEARTS TWO,0.5928,0.011,0.3962
DIAMONDS THREE HEARTS JACK,0.6482,0.0112,0.3406
SPADES FOUR CLUBS QUEEN,0.5548,0.2196,0.2256
DIAMONDS KING HEARTS TWO,0.413,0.0062,0.5808
HEARTS THREE HEARTS TWO,0.6024,0.0124,0.3852
SPADES FOUR CLUBS ACE,0.404,0.003,0.593
HEARTS TWO CLUBS ACE,0.4158,0.0046,0.5796
HEARTS TWO CLUBS QUEEN,0.5514,0.2248,0.2238
HEARTS TWO CLUBS KING,0.4234,0.0064,0.5702
CLUBS TEN HEARTS TWO,0.6412,0.0132,0.3456
SPADES NINE SPADES FIVE,0.586,0.0128,0.4012
HEARTS TWO CLUBS JACK,0.6416,0.0108,0.3476
SPADES SIX SPADES FIVE,0.5866,0.0118,0.4016
SPADES SEVEN SPADES FIVE,0.5992,0.01,0.3908
DIAMONDS FIVE CLUBS QUEEN,0.572,0.2166,0.2114
DIAMONDS FIVE CLUBS KING,0.3996,0.006,0.5944
CLUBS ACE DIAMONDS FIVE,0.4056,0.0046,0.5898
CLUBS TEN DIAMONDS FIVE,0.622,0.0104,0.3676
DIAMONDS FIVE CLUBS JACK,0.643,0.0112,0.3458
DIAMONDS TEN HEARTS JACK,0.5562,0.009,0.4348
DIAMONDS TEN HEARTS TEN,0.2888,0.0132,0.698
SPADES ACE CLUBS NINE,0.3546,0.0052,0.6402
CLUBS NINE SPADES QUEEN,0.2286,0.1648,0.6066
CLUBS NINE SPADES KING,0.3544,0.0092,0.6364
HEARTS SIX HEARTS KING,0.3748,0.0056,0.6196
DIAMONDS KING SPADES SEVEN,0.3998,0.0082,0.592
SPADES SEVEN HEARTS THREE,0.6576,0.011,0.3314
SPADES KING DIAMONDS SEVEN,0.399,0.0086,0.5924
HEARTS SIX HEARTS QUEEN,0.5168,0.206,0.2772
DIAMONDS KING SPADES SIX,0.3988,0.0056,0.5956
HEARTS THREE SPADES SIX,0.6554,0.0138,0.3308
SPADES QUEEN DIAMONDS SEVEN,0.543,0.2258,0.2312
SPADES NINE DIAMONDS KING,0.3484,0.007,0.6446
SPADES NINE HEARTS THREE,0.64,0.0102,0.3498
HEARTS SIX HEARTS ACE,0.3772,0.0036,0.6192
SPADES ACE DIAMONDS SEVEN,0.4058,0.003,0.5912
CLUBS NINE HEARTS THREE,0.6406,0.0098,0.3496
CLUBS NINE DIAMONDS KING,0.3568,0.0086,0.6346
CLUBS EIGHT HEARTS THREE,0.7326,0.0464,0.221
CLUBS EIGHT DIAMONDS KING,0.2428,0.0338,0.7234
HEARTS THREE SPADES THREE,0.4506,0.0238,0.5256
DIAMONDS KING SPADES THREE,0.411,0.0096,0.5794
HEARTS THREE SPADES TWO,0.6542,0.0122,0.3336
DIAMONDS KING SPADES TWO,0.4134,0.0084,0.5782
HEARTS THREE SPADES FIVE,0.6294,0.0144,0.3562
DIAMONDS KING SPADES FIVE,0.3998,0.0106,0.5896
HEARTS THREE SPADES FOUR,0.6292,0.0132,0.3576
DIAMONDS KING SPADES FOUR,0.4162,0.0054,0.5784
DIAMONDS KING CLUBS TWO,0.4056,0.0088,0.5856
