opposingHand,winningChance,drawChance,lostChance
SPADES KING SPADES JACK
SPADES TEN HEARTS FIVE,0.6956,0.0094,0.295
SPADES FIVE CLUBS JACK,0.7434,0.0336,0.223
SPADES FIVE CLUBS TEN,0.69,0.0084,0.3016
CLUBS EIGHT CLUBS JACK,0.6984,0.0294,0.2722
CLUBS EIGHT CLUBS TEN,0.634,0.0048,0.3612
CLUBS EIGHT CLUBS KING,0.6558,0.0798,0.2644
SPADES FIVE CLUBS ACE,0.4456,0.0052,0.5492
CLUBS EIGHT CLUBS QUEEN,0.631,0.0074,0.3616
SPADES FIVE CLUBS KING,0.6824,0.0816,0.236
SPADES FIVE CLUBS QUEEN,0.6592,0.0068,0.334
CLUBS EIGHT CLUBS ACE,0.4362,0.0062,0.5576
DIAMONDS TWO DIAMONDS THREE,0.635,0.0104,0.3546
DIAMONDS TWO DIAMONDS FIVE,0.6268,0.0064,0.3668
DIAMONDS TWO DIAMONDS FOUR,0.6372,0.0066,0.3562
SPADES QUEEN HEARTS FIVE,0.6652,0.0056,0.3292
DIAMONDS TWO DIAMONDS SEVEN,0.6504,0.0064,0.3432
DIAMONDS TWO DIAMONDS SIX,0.6446,0.005,0.3504
SPADES ACE HEARTS FIVE,0.44,0.0044,0.5556
DIAMONDS TWO DIAMONDS NINE,0.6504,0.0082,0.3414
DIAMONDS TWO DIAMONDS EIGHT,0.636,0.0074,0.3566
DIAMONDS THREE DIAMONDS FOUR,0.6168,0.008,0.3752
CLUBS TWO SPADES FOUR,0.6694,0.0076,0.323
DIAMONDS THREE DIAMONDS FIVE,0.6104,0.0074,0.3822
CLUBS TWO SPADES FIVE,0.6574,0.0074,0.3352
CLUBS TWO SPADES TWO,0.5004,0.0096,0.49
CLUBS TWO SPADES THREE,0.6732,0.0088,0.318
DIAMONDS THREE DIAMONDS EIGHT,0.6442,0.0064,0.3494
SPADES EIGHT CLUBS TWO,0.6938,0.007,0.2992
DIAMONDS THREE DIAMONDS NINE,0.6578,0.007,0.3352
SPADES NINE CLUBS TWO,0.7038,0.008,0.2882
DIAMONDS THREE DIAMONDS SIX,0.622,0.0074,0.3706
SPADES SIX CLUBS TWO,0.6694,0.0068,0.3238
DIAMONDS THREE DIAMONDS SEVEN,0.6476,0.0062,0.3462
SPADES SEVEN CLUBS TWO,0.6886,0.008,0.3034
CLUBS SIX CLUBS TWO,0.6602,0.0068,0.333
CLUBS SEVEN CLUBS TWO,0.6418,0.0076,0.3506
CLUBS FOUR CLUBS TWO,0.6316,0.0068,0.3616
CLUBS FIVE CLUBS TWO,0.6212,0.0074,0.3714
CLUBS JACK CLUBS TEN,0.6892,0.0266,0.2842
DIAMONDS FOUR DIAMONDS SIX,0.617,0.0076,0.3754
CLUBS QUEEN CLUBS TEN,0.6002,0.0074,0.3924
DIAMONDS FOUR DIAMONDS SEVEN,0.6256,0.008,0.3664
CLUBS KING CLUBS TEN,0.655,0.0766,0.2684
CLUBS ACE CLUBS TEN,0.4096,0.0058,0.5846
CLUBS EIGHT CLUBS TWO,0.651,0.0068,0.3422
DIAMONDS FIVE DIAMONDS FOUR,0.6136,0.0066,0.3798
CLUBS NINE CLUBS TWO,0.6498,0.0076,0.3426
DIAMONDS NINE DIAMONDS FOUR,0.6594,0.007,0.3336
DIAMONDS EIGHT DIAMONDS FOUR,0.6388,0.0062,0.355
CLUBS TWO CLUBS THREE,0.6344,0.01,0.3556
DIAMONDS NINE DIAMONDS FIVE,0.6416,0.0104,0.348
DIAMONDS TWO CLUBS JACK,0.767,0.0254,0.2076
DIAMONDS EIGHT DIAMONDS FIVE,0.6242,0.0062,0.3696
DIAMONDS TWO CLUBS TEN,0.6976,0.0058,0.2966
DIAMONDS FIVE DIAMONDS SEVEN,0.6154,0.0074,0.3772
DIAMONDS FIVE DIAMONDS SIX,0.596,0.007,0.397
DIAMONDS TWO CLUBS ACE,0.4668,0.0046,0.5286
DIAMONDS TWO CLUBS KING,0.6902,0.0826,0.2272
DIAMONDS TWO CLUBS QUEEN,0.6856,0.0082,0.3062
DIAMONDS EIGHT DIAMONDS SIX,0.6328,0.0088,0.3584
DIAMONDS NINE DIAMONDS SIX,0.6384,0.0068,0.3548
SPADES THREE HEARTS ACE,0.4548,0.0048,0.5404
HEARTS KING SPADES THREE,0.6828,0.0886,0.2286
DIAMONDS SEVEN DIAMONDS SIX,0.6154,0.0086,0.376
SPADES THREE HEARTS QUEEN,0.6684,0.0042,0.3274
SPADES THREE HEARTS JACK,0.7384,0.035,0.2266
SPADES THREE HEARTS TEN,0.699,0.0066,0.2944
DIAMONDS EIGHT DIAMONDS SEVEN,0.6024,0.0076,0.39
DIAMONDS NINE DIAMONDS SEVEN,0.6258,0.0052,0.369
DIAMONDS NINE DIAMONDS EIGHT,0.6186,0.0082,0.3732
DIAMONDS KING HEARTS TEN,0.6814,0.0828,0.2358
HEARTS THREE HEARTS TEN,0.6468,0.0076,0.3456
DIAMONDS KING HEARTS JACK,0.0782,0.9012,0.0206
HEARTS THREE HEARTS JACK,0.7134,0.0316,0.255
SPADES TEN CLUBS SIX,0.6914,0.005,0.3036
SPADES TEN SPADES FIVE,0.695,0.0084,0.2966
DIAMONDS KING HEARTS ACE,0.2926,0.0112,0.6962
HEARTS THREE HEARTS ACE,0.4336,0.0056,0.5608
SPADES ACE CLUBS SIX,0.448,0.0042,0.5478
DIAMONDS KING HEARTS QUEEN,0.2858,0.0602,0.654
HEARTS THREE HEARTS QUEEN,0.6334,0.0068,0.3598
DIAMONDS KING HEARTS KING,0.1436,0.0138,0.8426
HEARTS THREE HEARTS KING,0.6558,0.079,0.2652
SPADES QUEEN CLUBS SIX,0.6754,0.0068,0.3178
SPADES NINE HEARTS TEN,0.658,0.0082,0.3338
SPADES NINE HEARTS JACK,0.723,0.0284,0.2486
SPADES QUEEN SPADES FIVE,0.6632,0.0084,0.3284
SPADES ACE SPADES FIVE,0.401,0.009,0.59
SPADES NINE HEARTS QUEEN,0.6404,0.0078,0.3518
SPADES NINE HEARTS KING,0.6996,0.0808,0.2196
SPADES NINE HEARTS ACE,0.4454,0.0052,0.5494
SPADES TEN CLUBS TEN,0.4544,0.0068,0.5388
SPADES ACE CLUBS TEN,0.4244,0.005,0.5706
SPADES QUEEN CLUBS TEN,0.6464,0.008,0.3456
SPADES FIVE HEARTS QUEEN,0.666,0.0066,0.3274
SPADES FIVE HEARTS KING,0.6662,0.0924,0.2414
SPADES FIVE HEARTS ACE,0.4526,0.004,0.5434
CLUBS EIGHT SPADES TEN,0.6662,0.0066,0.3272
HEARTS THREE SPADES TEN,0.6994,0.007,0.2936
SPADES TEN DIAMONDS KING,0.686,0.0834,0.2306
SPADES ACE CLUBS EIGHT,0.439,0.0042,0.5568
HEARTS FIVE CLUBS JACK,0.7504,0.0304,0.2192
CLUBS SIX HEARTS ACE,0.4574,0.0058,0.5368
HEARTS FIVE CLUBS TEN,0.7052,0.0074,0.2874
CLUBS EIGHT SPADES QUEEN,0.6672,0.0064,0.3264
SPADES THREE CLUBS TEN,0.693,0.0064,0.3006
CLUBS SIX HEARTS QUEEN,0.6696,0.0056,0.3248
SPADES THREE CLUBS JACK,0.7558,0.0338,0.2104
CLUBS SIX HEARTS KING,0.6894,0.0822,0.2284
DIAMONDS TWO HEARTS JACK,0.7596,0.0282,0.2122
SPADES THREE CLUBS QUEEN,0.6754,0.0082,0.3164
DIAMONDS TWO HEARTS TEN,0.7016,0.0074,0.291
SPADES THREE CLUBS KING,0.6966,0.0842,0.2192
HEARTS FIVE CLUBS ACE,0.46,0.0044,0.5356
SPADES FIVE HEARTS TEN,0.6988,0.0064,0.2948
SPADES THREE CLUBS ACE,0.4498,0.0054,0.5448
HEARTS FIVE CLUBS KING,0.6838,0.0926,0.2236
SPADES FIVE HEARTS JACK,0.7418,0.0368,0.2214
HEARTS FIVE CLUBS QUEEN,0.6698,0.0076,0.3226
HEARTS THREE CLUBS KING,0.688,0.0834,0.2286
DIAMONDS KING CLUBS KING,0.1608,0.0134,0.8258
HEARTS THREE CLUBS QUEEN,0.689,0.0086,0.3024
DIAMONDS KING CLUBS QUEEN,0.2874,0.0558,0.6568
HEARTS FIVE HEARTS JACK,0.7148,0.0242,0.261
HEARTS FIVE HEARTS TEN,0.6652,0.0068,0.328
HEARTS THREE CLUBS ACE,0.4516,0.0062,0.5422
DIAMONDS KING CLUBS ACE,0.3018,0.0106,0.6876
SPADES ACE CLUBS QUEEN,0.4032,0.0064,0.5904
HEARTS THREE CLUBS JACK,0.7594,0.0256,0.215
DIAMONDS KING CLUBS JACK,0.0688,0.911,0.0202
SPADES QUEEN CLUBS QUEEN,0.3194,0.0038,0.6768
HEARTS THREE CLUBS TEN,0.707,0.009,0.284
DIAMONDS KING CLUBS TEN,0.702,0.0822,0.2158
CLUBS SIX CLUBS QUEEN,0.6346,0.0066,0.3588
SPADES TEN CLUBS QUEEN,0.6438,0.0074,0.3488
CLUBS SIX CLUBS KING,0.6608,0.0806,0.2586
CLUBS SIX CLUBS ACE,0.4276,0.0042,0.5682
HEARTS FIVE HEARTS KING,0.6428,0.0776,0.2796
HEARTS FIVE HEARTS QUEEN,0.6224,0.0056,0.372
CLUBS SIX CLUBS TEN,0.65,0.0076,0.3424
HEARTS FIVE HEARTS ACE,0.4422,0.0044,0.5534
CLUBS SIX CLUBS JACK,0.7126,0.0294,0.258
SPADES SEVEN HEARTS JACK,0.7422,0.0256,0.2322
SPADES SEVEN HEARTS TEN,0.66,0.0064,0.3336
DIAMONDS TWO CLUBS TWO,0.516,0.0086,0.4754
DIAMONDS TWO CLUBS THREE,0.6688,0.0068,0.3244
HEARTS SIX DIAMONDS TWO,0.684,0.008,0.308
DIAMONDS TWO HEARTS QUEEN,0.6752,0.0062,0.3186
DIAMONDS TWO HEARTS SEVEN,0.695,0.0088,0.2962
DIAMONDS TWO HEARTS KING,0.6938,0.088,0.2182
DIAMONDS TWO HEARTS EIGHT,0.6866,0.0072,0.3062
DIAMONDS TWO HEARTS ACE,0.4566,0.0054,0.538
DIAMONDS TWO HEARTS NINE,0.6942,0.0062,0.2996
DIAMONDS TWO DIAMONDS QUEEN,0.637,0.0058,0.3572
DIAMONDS TWO HEARTS TWO,0.5058,0.0098,0.4844
DIAMONDS TWO DIAMONDS KING,0.6464,0.0832,0.2704
HEARTS THREE DIAMONDS TWO,0.6796,0.0072,0.3132
DIAMONDS TWO DIAMONDS ACE,0.436,0.0054,0.5586
HEARTS FOUR DIAMONDS TWO,0.6692,0.0074,0.3234
DIAMONDS TWO HEARTS FIVE,0.6686,0.0068,0.3246
SPADES SEVEN HEARTS ACE,0.4502,0.0052,0.5446
DIAMONDS TWO DIAMONDS TEN,0.6594,0.0058,0.3348
SPADES SEVEN HEARTS KING,0.6856,0.0824,0.232
DIAMONDS TWO DIAMONDS JACK,0.7182,0.0306,0.2512
SPADES SEVEN HEARTS QUEEN,0.6734,0.0104,0.3162
DIAMONDS TWO SPADES NINE,0.6826,0.0084,0.309
DIAMONDS TWO SPADES EIGHT,0.6846,0.0082,0.3072
DIAMONDS TWO SPADES SEVEN,0.6852,0.008,0.3068
DIAMONDS TWO SPADES SIX,0.6792,0.01,0.3108
DIAMONDS TWO SPADES FIVE,0.6738,0.0078,0.3184
DIAMONDS TWO SPADES FOUR,0.672,0.0086,0.3194
DIAMONDS TWO SPADES THREE,0.6678,0.0086,0.3236
DIAMONDS TWO SPADES TWO,0.5144,0.0098,0.4758
CLUBS NINE DIAMONDS TWO,0.6968,0.0078,0.2954
CLUBS EIGHT DIAMONDS TWO,0.6926,0.0072,0.3002
DIAMONDS TWO CLUBS SEVEN,0.6844,0.0078,0.3078
CLUBS SIX DIAMONDS TWO,0.6896,0.0064,0.304
DIAMONDS TWO CLUBS FIVE,0.6652,0.0068,0.328
DIAMONDS TWO CLUBS FOUR,0.6706,0.006,0.3234
CLUBS FOUR SPADES FIVE,0.6416,0.0076,0.3508
CLUBS FOUR SPADES FOUR,0.4952,0.0094,0.4954
CLUBS FOUR SPADES THREE,0.6536,0.0092,0.3372
CLUBS FOUR SPADES TWO,0.6596,0.0104,0.33
SPADES NINE CLUBS FOUR,0.692,0.0056,0.3024
SPADES EIGHT CLUBS FOUR,0.6698,0.009,0.3212
CLUBS FOUR SPADES SEVEN,0.6622,0.0084,0.3294
CLUBS FOUR SPADES SIX,0.6516,0.0078,0.3406
SPADES ACE DIAMONDS SIX,0.4488,0.004,0.5472
SPADES QUEEN DIAMONDS SIX,0.6646,0.0066,0.3288
SPADES TEN DIAMONDS SIX,0.6928,0.0068,0.3004
SPADES QUEEN SPADES TWO,0.6558,0.0072,0.337
SPADES ACE SPADES TWO,0.4166,0.005,0.5784
DIAMONDS JACK CLUBS JACK,0.3588,0.0172,0.624
DIAMONDS JACK CLUBS TEN,0.7294,0.031,0.2396
DIAMONDS JACK CLUBS KING,0.0708,0.9086,0.0206
DIAMONDS JACK CLUBS QUEEN,0.7296,0.0232,0.2472
DIAMONDS THREE DIAMONDS JACK,0.7098,0.0302,0.26
DIAMONDS THREE DIAMONDS TEN,0.646,0.0064,0.3476
DIAMONDS JACK CLUBS ACE,0.289,0.0166,0.6944
DIAMONDS THREE DIAMONDS KING,0.6496,0.0848,0.2656
HEARTS THREE DIAMONDS THREE,0.494,0.0076,0.4984
DIAMONDS THREE DIAMONDS QUEEN,0.6302,0.0066,0.3632
DIAMONDS THREE HEARTS TWO,0.6786,0.0088,0.3126
HEARTS FIVE DIAMONDS THREE,0.6592,0.0098,0.331
DIAMONDS THREE DIAMONDS ACE,0.4306,0.0034,0.566
HEARTS FOUR DIAMONDS THREE,0.6584,0.0066,0.335
DIAMONDS THREE HEARTS SEVEN,0.6824,0.0078,0.3098
SPADES TEN SPADES NINE,0.6508,0.0074,0.3418
HEARTS SIX DIAMONDS THREE,0.6714,0.0066,0.322
DIAMONDS THREE HEARTS NINE,0.7028,0.0058,0.2914
HEARTS JACK DIAMONDS FOUR,0.7458,0.0304,0.2238
HEARTS KING HEARTS ACE,0.2706,0.0108,0.7186
SPADES TEN SPADES TWO,0.7032,0.008,0.2888
DIAMONDS THREE HEARTS EIGHT,0.696,0.0072,0.2968
HEARTS TEN DIAMONDS FOUR,0.7,0.0066,0.2934
HEARTS QUEEN DIAMONDS FOUR,0.6692,0.008,0.3228
HEARTS KING DIAMONDS FOUR,0.6848,0.082,0.2332
SPADES ACE SPADES NINE,0.4012,0.0054,0.5934
HEARTS ACE DIAMONDS FOUR,0.4518,0.006,0.5422
SPADES QUEEN SPADES NINE,0.6314,0.01,0.3586
SPADES NINE DIAMONDS THREE,0.6884,0.0068,0.3048
DIAMONDS THREE SPADES EIGHT,0.6792,0.0082,0.3126
DIAMONDS THREE SPADES SEVEN,0.672,0.0082,0.3198
DIAMONDS THREE SPADES SIX,0.6744,0.0064,0.3192
CLUBS SIX DIAMONDS THREE,0.6668,0.0052,0.328
CLUBS ACE DIAMONDS FOUR,0.46,0.0042,0.5358
CLUBS SIX CLUBS FIVE,0.602,0.0054,0.3926
CLUBS SEVEN CLUBS FIVE,0.6192,0.0072,0.3736
CLUBS SEVEN DIAMONDS THREE,0.6868,0.0058,0.3074
DIAMONDS THREE CLUBS FOUR,0.653,0.0064,0.3406
CLUBS QUEEN DIAMONDS FOUR,0.669,0.007,0.324
DIAMONDS THREE CLUBS FIVE,0.6466,0.0074,0.346
CLUBS KING DIAMONDS FOUR,0.6888,0.0796,0.2316
DIAMONDS THREE CLUBS TWO,0.6784,0.0074,0.3142
DIAMONDS FOUR CLUBS TEN,0.6922,0.0066,0.3012
DIAMONDS THREE CLUBS THREE,0.5038,0.0112,0.485
DIAMONDS FOUR CLUBS JACK,0.7444,0.034,0.2216
DIAMONDS THREE SPADES FOUR,0.647,0.0092,0.3438
DIAMONDS THREE SPADES FIVE,0.6576,0.008,0.3344
DIAMONDS THREE SPADES TWO,0.6644,0.008,0.3276
DIAMONDS THREE SPADES THREE,0.5014,0.0106,0.488
CLUBS EIGHT DIAMONDS THREE,0.699,0.0078,0.2932
CLUBS NINE DIAMONDS THREE,0.6864,0.0056,0.308
SPADES SEVEN CLUBS ACE,0.4464,0.0054,0.5482
SPADES SEVEN CLUBS QUEEN,0.6702,0.0068,0.323
SPADES SEVEN CLUBS KING,0.6842,0.0854,0.2304
SPADES SEVEN CLUBS FIVE,0.6514,0.0092,0.3394
SPADES SEVEN CLUBS TEN,0.676,0.008,0.316
CLUBS FIVE SPADES SIX,0.6322,0.0064,0.3614
SPADES SEVEN CLUBS JACK,0.745,0.0346,0.2204
SPADES NINE CLUBS FIVE,0.6814,0.005,0.3136
SPADES EIGHT CLUBS FIVE,0.6598,0.0102,0.33
CLUBS FIVE SPADES THREE,0.657,0.0086,0.3344
CLUBS FIVE SPADES TWO,0.6598,0.0064,0.3338
CLUBS FIVE SPADES FIVE,0.4956,0.0068,0.4976
CLUBS FIVE SPADES FOUR,0.6374,0.0068,0.3558
CLUBS NINE CLUBS FIVE,0.6592,0.01,0.3308
CLUBS EIGHT CLUBS FIVE,0.6292,0.0068,0.364
CLUBS ACE CLUBS QUEEN,0.3874,0.0058,0.6068
CLUBS KING CLUBS QUEEN,0.2732,0.0548,0.672
DIAMONDS TEN DIAMONDS FOUR,0.6494,0.0082,0.3424
DIAMONDS NINE CLUBS TEN,0.6536,0.0066,0.3398
DIAMONDS JACK DIAMONDS FOUR,0.6968,0.034,0.2692
DIAMONDS NINE CLUBS JACK,0.7206,0.0262,0.2532
SPADES NINE CLUBS JACK,0.7218,0.0312,0.247
SPADES NINE CLUBS TEN,0.6604,0.007,0.3326
DIAMONDS ACE DIAMONDS FOUR,0.4454,0.0038,0.5508
HEARTS FOUR DIAMONDS FOUR,0.5094,0.006,0.4846
DIAMONDS JACK HEARTS TEN,0.7266,0.0282,0.2452
SPADES TEN DIAMONDS TWO,0.6978,0.0084,0.2938
SPADES NINE CLUBS KING,0.689,0.0832,0.2278
DIAMONDS NINE CLUBS ACE,0.4364,0.0036,0.56
HEARTS FIVE DIAMONDS FOUR,0.6476,0.0068,0.3456
HEARTS JACK DIAMONDS JACK,0.3572,0.0132,0.6296
SPADES NINE CLUBS QUEEN,0.6392,0.0088,0.352
DIAMONDS QUEEN DIAMONDS FOUR,0.6302,0.0106,0.3592
HEARTS TWO DIAMONDS FOUR,0.6718,0.0082,0.32
DIAMONDS NINE CLUBS QUEEN,0.653,0.0052,0.3418
DIAMONDS KING DIAMONDS FOUR,0.6418,0.0798,0.2784
HEARTS THREE DIAMONDS FOUR,0.6558,0.0068,0.3374
SPADES NINE CLUBS ACE,0.4564,0.0044,0.5392
DIAMONDS NINE CLUBS KING,0.7002,0.0838,0.216
HEARTS ACE DIAMONDS JACK,0.3062,0.0108,0.683
SPADES ACE DIAMONDS TWO,0.4456,0.0066,0.5478
DIAMONDS JACK HEARTS QUEEN,0.7306,0.0234,0.246
SPADES QUEEN DIAMONDS TWO,0.6686,0.0102,0.3212
HEARTS KING DIAMONDS JACK,0.0748,0.9044,0.0208
SPADES TEN SPADES SEVEN,0.6744,0.006,0.3196
CLUBS SEVEN CLUBS THREE,0.6366,0.009,0.3544
CLUBS SIX CLUBS THREE,0.6322,0.0088,0.359
CLUBS FIVE CLUBS THREE,0.6166,0.0112,0.3722
CLUBS FOUR CLUBS THREE,0.6146,0.0064,0.379
CLUBS NINE CLUBS THREE,0.6524,0.0098,0.3378
CLUBS EIGHT CLUBS THREE,0.651,0.0082,0.3408
SPADES FIVE CLUBS THREE,0.648,0.0088,0.3432
CLUBS THREE SPADES FOUR,0.6646,0.0056,0.3298
CLUBS THREE SPADES THREE,0.5038,0.0098,0.4864
CLUBS THREE SPADES TWO,0.6722,0.0092,0.3186
SPADES SIX CLUBS THREE,0.668,0.0084,0.3236
SPADES SEVEN CLUBS THREE,0.6658,0.008,0.3262
SPADES EIGHT CLUBS THREE,0.6814,0.0086,0.31
SPADES NINE CLUBS THREE,0.6736,0.0082,0.3182
SPADES TWO DIAMONDS FOUR,0.6564,0.0092,0.3344
SPADES THREE DIAMONDS FOUR,0.6394,0.0086,0.352
SPADES FOUR DIAMONDS FOUR,0.5096,0.0092,0.4812
SPADES FIVE DIAMONDS FOUR,0.6274,0.007,0.3656
SPADES SIX DIAMONDS FOUR,0.6524,0.0078,0.3398
SPADES SEVEN DIAMONDS FOUR,0.6602,0.007,0.3328
SPADES EIGHT DIAMONDS FOUR,0.6824,0.0072,0.3104
SPADES NINE DIAMONDS FOUR,0.6898,0.0088,0.3014
CLUBS FIVE DIAMONDS FOUR,0.6432,0.0084,0.3484
CLUBS FOUR DIAMONDS FOUR,0.5086,0.0078,0.4836
CLUBS SEVEN DIAMONDS FOUR,0.6698,0.005,0.3252
CLUBS SIX DIAMONDS FOUR,0.6584,0.0044,0.3372
CLUBS NINE DIAMONDS FOUR,0.6874,0.006,0.3066
CLUBS EIGHT DIAMONDS FOUR,0.6776,0.005,0.3174
DIAMONDS FOUR HEARTS SEVEN,0.6772,0.0048,0.318
HEARTS SIX DIAMONDS FOUR,0.6598,0.0072,0.333
HEARTS NINE DIAMONDS FOUR,0.6904,0.0058,0.3038
DIAMONDS FOUR HEARTS EIGHT,0.6708,0.006,0.3232
CLUBS THREE DIAMONDS FOUR,0.6648,0.0068,0.3284
CLUBS TWO DIAMONDS FOUR,0.6672,0.009,0.3238
DIAMONDS TEN DIAMONDS FIVE,0.6568,0.0072,0.336
DIAMONDS JACK DIAMONDS FIVE,0.703,0.0328,0.2642
DIAMONDS NINE HEARTS QUEEN,0.6474,0.0064,0.3462
HEARTS KING DIAMONDS NINE,0.7022,0.083,0.2148
DIAMONDS NINE HEARTS ACE,0.4636,0.0036,0.5328
DIAMONDS NINE HEARTS TEN,0.6646,0.0048,0.3306
DIAMONDS NINE HEARTS JACK,0.7338,0.0296,0.2366
CLUBS KING DIAMONDS SIX,0.6918,0.079,0.2292
CLUBS QUEEN DIAMONDS SIX,0.6744,0.006,0.3196
CLUBS ACE DIAMONDS SIX,0.4648,0.004,0.5312
SPADES ACE SPADES SEVEN,0.415,0.0046,0.5804
SPADES QUEEN DIAMONDS FOUR,0.6684,0.0082,0.3234
SPADES QUEEN SPADES SEVEN,0.681,0.0072,0.3118
CLUBS JACK DIAMONDS SIX,0.753,0.028,0.219
SPADES ACE DIAMONDS FOUR,0.4526,0.0068,0.5406
CLUBS TEN DIAMONDS SIX,0.675,0.0078,0.3172
CLUBS NINE CLUBS FOUR,0.6542,0.0062,0.3396
CLUBS EIGHT CLUBS FOUR,0.643,0.008,0.349
SPADES TEN DIAMONDS FOUR,0.6892,0.0048,0.306
CLUBS FOUR CLUBS FIVE,0.6042,0.0064,0.3894
CLUBS SEVEN CLUBS FOUR,0.6336,0.0064,0.36
CLUBS SIX CLUBS FOUR,0.6364,0.0072,0.3564
CLUBS SEVEN SPADES EIGHT,0.6426,0.0082,0.3492
SPADES NINE CLUBS SEVEN,0.664,0.0058,0.3302
CLUBS SEVEN SPADES SIX,0.6476,0.0072,0.3452
CLUBS SEVEN SPADES SEVEN,0.4882,0.006,0.5058
CLUBS SEVEN SPADES FIVE,0.642,0.0096,0.3484
CLUBS SEVEN SPADES FOUR,0.651,0.0086,0.3404
CLUBS SEVEN SPADES THREE,0.6766,0.0084,0.315
CLUBS SEVEN SPADES TWO,0.6882,0.0062,0.3056
CLUBS NINE CLUBS SEVEN,0.6284,0.0074,0.3642
CLUBS EIGHT CLUBS SEVEN,0.6092,0.0074,0.3834
HEARTS SIX DIAMONDS FIVE,0.6438,0.0058,0.3504
DIAMONDS FIVE HEARTS SEVEN,0.6602,0.0072,0.3326
DIAMONDS FIVE HEARTS EIGHT,0.6724,0.0064,0.3212
HEARTS NINE DIAMONDS FIVE,0.6806,0.0078,0.3116
DIAMONDS QUEEN DIAMONDS FIVE,0.636,0.0068,0.3572
HEARTS TWO DIAMONDS FIVE,0.672,0.0096,0.3184
HEARTS KING HEARTS EIGHT,0.6534,0.0768,0.2698
DIAMONDS KING DIAMONDS FIVE,0.6452,0.0826,0.2722
HEARTS THREE DIAMONDS FIVE,0.648,0.0086,0.3434
HEARTS QUEEN HEARTS EIGHT,0.6282,0.0068,0.365
DIAMONDS ACE DIAMONDS FIVE,0.4288,0.0052,0.566
HEARTS FOUR DIAMONDS FIVE,0.6416,0.0056,0.3528
HEARTS FIVE DIAMONDS FIVE,0.5072,0.009,0.4838
HEARTS ACE HEARTS EIGHT,0.432,0.006,0.562
CLUBS FOUR DIAMONDS FIVE,0.6376,0.0072,0.3552
CLUBS FIVE DIAMONDS FIVE,0.5002,0.0094,0.4904
CLUBS SIX DIAMONDS FIVE,0.6512,0.006,0.3428
CLUBS SEVEN DIAMONDS FIVE,0.6612,0.0054,0.3334
CLUBS TWO DIAMONDS FIVE,0.659,0.0092,0.3318
CLUBS THREE DIAMONDS FIVE,0.653,0.0056,0.3414
SPADES THREE DIAMONDS FIVE,0.6466,0.0074,0.346
SPADES TWO DIAMONDS FIVE,0.6726,0.0074,0.32
SPADES FIVE DIAMONDS FIVE,0.502,0.0074,0.4906
HEARTS JACK CLUBS TEN,0.7308,0.028,0.2412
SPADES TEN DIAMONDS EIGHT,0.6636,0.0082,0.3282
SPADES FOUR DIAMONDS FIVE,0.6342,0.0072,0.3586
HEARTS JACK CLUBS JACK,0.3584,0.0154,0.6262
HEARTS JACK CLUBS QUEEN,0.7352,0.0214,0.2434
CLUBS NINE DIAMONDS FIVE,0.6758,0.0064,0.3178
HEARTS JACK CLUBS KING,0.0702,0.9086,0.0212
CLUBS EIGHT DIAMONDS FIVE,0.6522,0.009,0.3388
HEARTS JACK CLUBS ACE,0.3106,0.0164,0.673
SPADES SEVEN DIAMONDS FIVE,0.6526,0.0056,0.3418
SPADES SIX DIAMONDS FIVE,0.6382,0.0084,0.3534
SPADES QUEEN DIAMONDS EIGHT,0.6692,0.0058,0.325
SPADES NINE DIAMONDS FIVE,0.6894,0.0068,0.3038
SPADES EIGHT DIAMONDS FIVE,0.6676,0.0096,0.3228
SPADES ACE DIAMONDS EIGHT,0.445,0.005,0.55
DIAMONDS TEN DIAMONDS SIX,0.635,0.008,0.357
HEARTS ACE DIAMONDS SEVEN,0.459,0.003,0.538
DIAMONDS JACK DIAMONDS SIX,0.7126,0.0248,0.2626
HEARTS QUEEN DIAMONDS SEVEN,0.6812,0.0062,0.3126
HEARTS KING DIAMONDS SEVEN,0.6796,0.0886,0.2318
DIAMONDS ACE DIAMONDS SIX,0.4532,0.0058,0.541
HEARTS FOUR DIAMONDS SIX,0.647,0.0078,0.3452
SPADES TWO HEARTS JACK,0.7488,0.033,0.2182
HEARTS FIVE DIAMONDS SIX,0.6386,0.005,0.3564
SPADES TWO HEARTS TEN,0.693,0.0066,0.3004
DIAMONDS QUEEN DIAMONDS SIX,0.635,0.0062,0.3588
HEARTS TWO DIAMONDS SIX,0.6832,0.0054,0.3114
DIAMONDS KING DIAMONDS SIX,0.6486,0.0796,0.2718
HEARTS THREE DIAMONDS SIX,0.6736,0.0054,0.321
HEARTS EIGHT DIAMONDS SIX,0.6594,0.0046,0.336
HEARTS NINE DIAMONDS SIX,0.6784,0.0062,0.3154
HEARTS SIX DIAMONDS SIX,0.4892,0.0052,0.5056
HEARTS SEVEN DIAMONDS SIX,0.6412,0.0064,0.3524
HEARTS TEN DIAMONDS SEVEN,0.6814,0.0064,0.3122
CLUBS TWO DIAMONDS SIX,0.6784,0.0108,0.3108
HEARTS JACK DIAMONDS SEVEN,0.7404,0.0294,0.2302
CLUBS THREE DIAMONDS SIX,0.6696,0.0066,0.3238
DIAMONDS EIGHT CLUBS JACK,0.7594,0.0282,0.2124
CLUBS SEVEN DIAMONDS SIX,0.6404,0.0078,0.3518
CLUBS SIX DIAMONDS SIX,0.5038,0.0068,0.4894
DIAMONDS EIGHT CLUBS TEN,0.6698,0.0048,0.3254
CLUBS FIVE DIAMONDS SIX,0.649,0.0054,0.3456
CLUBS FOUR DIAMONDS SIX,0.6604,0.005,0.3346
HEARTS ACE HEARTS JACK,0.2732,0.014,0.7128
DIAMONDS EIGHT CLUBS ACE,0.459,0.0036,0.5374
HEARTS JACK HEARTS QUEEN,0.6858,0.0236,0.2906
DIAMONDS EIGHT CLUBS KING,0.6896,0.0876,0.2228
CLUBS NINE DIAMONDS SIX,0.6804,0.007,0.3126
HEARTS KING HEARTS JACK,0.0798,0.8506,0.0696
DIAMONDS EIGHT CLUBS QUEEN,0.6562,0.0058,0.338
CLUBS EIGHT DIAMONDS SIX,0.666,0.0042,0.3298
SPADES FIVE DIAMONDS SIX,0.6392,0.008,0.3528
SPADES TEN HEARTS KING,0.6964,0.0818,0.2218
HEARTS ACE SPADES TWO,0.4514,0.004,0.5446
SPADES FOUR DIAMONDS SIX,0.6572,0.0086,0.3342
SPADES THREE DIAMONDS SIX,0.6608,0.0054,0.3338
SPADES TWO HEARTS QUEEN,0.6736,0.0058,0.3206
HEARTS KING SPADES TWO,0.695,0.0914,0.2136
SPADES TWO DIAMONDS SIX,0.6744,0.0082,0.3174
HEARTS TEN HEARTS EIGHT,0.6232,0.005,0.3718
SPADES NINE DIAMONDS SIX,0.6708,0.0062,0.323
HEARTS JACK HEARTS EIGHT,0.7072,0.0284,0.2644
SPADES EIGHT DIAMONDS SIX,0.6544,0.0074,0.3382
SPADES SEVEN DIAMONDS SIX,0.6466,0.0072,0.3462
SPADES SIX DIAMONDS SIX,0.4962,0.0082,0.4956
SPADES QUEEN HEARTS KING,0.2626,0.0574,0.68
CLUBS ACE CLUBS KING,0.2772,0.0112,0.7116
SPADES ACE HEARTS KING,0.2766,0.0096,0.7138
SPADES ACE HEARTS JACK,0.2796,0.0134,0.707
SPADES QUEEN HEARTS JACK,0.7306,0.0266,0.2428
SPADES TEN DIAMONDS TEN,0.4708,0.0062,0.523
SPADES ACE DIAMONDS TEN,0.431,0.0078,0.5612
SPADES TEN HEARTS JACK,0.7212,0.0334,0.2454
SPADES QUEEN DIAMONDS TEN,0.6342,0.0082,0.3576
SPADES NINE DIAMONDS SEVEN,0.6426,0.0072,0.3502
SPADES EIGHT DIAMONDS SEVEN,0.6506,0.006,0.3434
SPADES SEVEN DIAMONDS SEVEN,0.495,0.0064,0.4986
SPADES SIX DIAMONDS SEVEN,0.646,0.0064,0.3476
DIAMONDS KING DIAMONDS SEVEN,0.6502,0.0856,0.2642
HEARTS THREE DIAMONDS SEVEN,0.6852,0.0062,0.3086
HEARTS KING DIAMONDS FIVE,0.6878,0.0836,0.2286
DIAMONDS QUEEN DIAMONDS SEVEN,0.6204,0.0068,0.3728
HEARTS TWO DIAMONDS SEVEN,0.6994,0.0084,0.2922
HEARTS QUEEN DIAMONDS FIVE,0.6772,0.0056,0.3172
HEARTS FIVE DIAMONDS SEVEN,0.6582,0.007,0.3348
DIAMONDS ACE DIAMONDS SEVEN,0.437,0.0042,0.5588
HEARTS FOUR DIAMONDS SEVEN,0.659,0.0058,0.3352
HEARTS ACE DIAMONDS FIVE,0.4578,0.0032,0.539
HEARTS SEVEN DIAMONDS SEVEN,0.4864,0.0058,0.5078
HEARTS SIX DIAMONDS SEVEN,0.6378,0.0062,0.356
HEARTS NINE DIAMONDS SEVEN,0.6526,0.0076,0.3398
DIAMONDS SEVEN HEARTS EIGHT,0.6578,0.0072,0.335
DIAMONDS JACK DIAMONDS SEVEN,0.6962,0.029,0.2748
HEARTS JACK DIAMONDS FIVE,0.7478,0.033,0.2192
DIAMONDS TEN DIAMONDS SEVEN,0.6438,0.0058,0.3504
DIAMONDS FIVE HEARTS TEN,0.687,0.0072,0.3058
HEARTS KING CLUBS KING,0.1552,0.0114,0.8334
CLUBS EIGHT DIAMONDS SEVEN,0.6542,0.0046,0.3412
SPADES QUEEN CLUBS TWO,0.6648,0.009,0.3262
HEARTS KING CLUBS QUEEN,0.292,0.061,0.647
CLUBS NINE DIAMONDS SEVEN,0.6538,0.0066,0.3396
SPADES TWO CLUBS JACK,0.7526,0.0292,0.2182
SPADES ACE CLUBS TWO,0.4364,0.0058,0.5578
SPADES TWO CLUBS TEN,0.7012,0.0066,0.2922
HEARTS KING CLUBS ACE,0.2866,0.0118,0.7016
CLUBS SIX CLUBS SEVEN,0.6124,0.006,0.3816
SPADES TWO CLUBS KING,0.6902,0.0882,0.2216
SPADES TWO DIAMONDS SEVEN,0.6856,0.0074,0.307
CLUBS EIGHT CLUBS SIX,0.6186,0.0058,0.3756
SPADES THREE DIAMONDS SEVEN,0.6862,0.0084,0.3054
SPADES TWO CLUBS QUEEN,0.6798,0.0068,0.3134
CLUBS NINE CLUBS SIX,0.6268,0.0066,0.3666
SPADES FOUR DIAMONDS SEVEN,0.657,0.008,0.335
HEARTS KING CLUBS JACK,0.0746,0.9052,0.0202
SPADES FIVE DIAMONDS SEVEN,0.6426,0.0074,0.35
SPADES TWO CLUBS ACE,0.4514,0.0048,0.5438
HEARTS KING CLUBS TEN,0.6902,0.0814,0.2284
CLUBS SIX SPADES TWO,0.679,0.0094,0.3116
CLUBS SIX SPADES THREE,0.6504,0.0068,0.3428
CLUBS TWO DIAMONDS SEVEN,0.685,0.0066,0.3084
CLUBS SIX SPADES FOUR,0.6374,0.0082,0.3544
CLUBS THREE DIAMONDS SEVEN,0.6788,0.0078,0.3134
CLUBS SIX SPADES FIVE,0.643,0.0072,0.3498
CLUBS FOUR DIAMONDS SEVEN,0.6706,0.0074,0.322
CLUBS SIX SPADES SIX,0.4964,0.009,0.4946
CLUBS FIVE DIAMONDS SEVEN,0.658,0.0054,0.3366
CLUBS SIX SPADES SEVEN,0.6438,0.01,0.3462
CLUBS SIX DIAMONDS SEVEN,0.6492,0.0054,0.3454
CLUBS SIX SPADES EIGHT,0.6672,0.0084,0.3244
SPADES TEN CLUBS TWO,0.7064,0.0078,0.2858
CLUBS SIX SPADES NINE,0.663,0.008,0.329
CLUBS SEVEN DIAMONDS SEVEN,0.494,0.0062,0.4998
CLUBS TWO CLUBS QUEEN,0.6434,0.0064,0.3502
CLUBS TWO CLUBS KING,0.6508,0.0768,0.2724
CLUBS THREE DIAMONDS EIGHT,0.6878,0.008,0.3042
CLUBS TWO CLUBS ACE,0.4362,0.006,0.5578
CLUBS TWO DIAMONDS EIGHT,0.6846,0.0074,0.308
DIAMONDS EIGHT HEARTS SEVEN,0.644,0.007,0.349
HEARTS SIX DIAMONDS EIGHT,0.6718,0.0052,0.323
DIAMONDS EIGHT HEARTS NINE,0.6514,0.007,0.3416
CLUBS TWO CLUBS TEN,0.6584,0.0064,0.3352
DIAMONDS EIGHT HEARTS EIGHT,0.4892,0.0066,0.5042
CLUBS TWO CLUBS JACK,0.7132,0.0274,0.2594
CLUBS NINE DIAMONDS EIGHT,0.6528,0.0058,0.3414
CLUBS EIGHT DIAMONDS EIGHT,0.4864,0.0076,0.506
CLUBS FIVE DIAMONDS EIGHT,0.6578,0.008,0.3342
SPADES ACE SPADES THREE,0.3996,0.006,0.5944
CLUBS FOUR DIAMONDS EIGHT,0.6748,0.0058,0.3194
SPADES QUEEN SPADES THREE,0.6806,0.007,0.3124
CLUBS SEVEN DIAMONDS EIGHT,0.6542,0.005,0.3408
CLUBS SIX DIAMONDS EIGHT,0.6546,0.0076,0.3378
DIAMONDS QUEEN DIAMONDS EIGHT,0.6216,0.0062,0.3722
HEARTS TWO DIAMONDS EIGHT,0.6964,0.0078,0.2958
DIAMONDS KING DIAMONDS EIGHT,0.652,0.0888,0.2592
HEARTS THREE DIAMONDS EIGHT,0.7038,0.0072,0.289
DIAMONDS ACE DIAMONDS EIGHT,0.4364,0.0042,0.5594
HEARTS FOUR DIAMONDS EIGHT,0.6784,0.0066,0.315
HEARTS FIVE DIAMONDS EIGHT,0.6584,0.006,0.3356
DIAMONDS EIGHT DIAMONDS TEN,0.6276,0.0062,0.3662
DIAMONDS EIGHT DIAMONDS JACK,0.704,0.0302,0.2658
SPADES TEN SPADES THREE,0.7074,0.0072,0.2854
CLUBS FOUR HEARTS ACE,0.4556,0.0048,0.5396
CLUBS FOUR HEARTS QUEEN,0.6692,0.0098,0.321
CLUBS FOUR HEARTS KING,0.6806,0.08,0.2394
CLUBS SIX HEARTS TEN,0.693,0.0054,0.3016
CLUBS SIX HEARTS JACK,0.7478,0.028,0.2242
SPADES FOUR DIAMONDS EIGHT,0.672,0.008,0.32
SPADES FIVE DIAMONDS EIGHT,0.653,0.0084,0.3386
DIAMONDS EIGHT SPADES TWO,0.6792,0.0076,0.3132
SPADES THREE DIAMONDS EIGHT,0.678,0.0064,0.3156
CLUBS FOUR HEARTS JACK,0.7554,0.0276,0.217
SPADES EIGHT DIAMONDS EIGHT,0.4932,0.0048,0.502
SPADES TEN HEARTS TWO,0.7122,0.007,0.2808
SPADES TEN DIAMONDS QUEEN,0.6378,0.0056,0.3566
CLUBS FOUR HEARTS TEN,0.7036,0.0062,0.2902
SPADES TEN HEARTS EIGHT,0.6566,0.0088,0.3346
SPADES NINE DIAMONDS EIGHT,0.6536,0.0076,0.3388
SPADES SIX DIAMONDS EIGHT,0.6516,0.0074,0.341
SPADES SEVEN DIAMONDS EIGHT,0.6394,0.0076,0.353
SPADES ACE HEARTS TWO,0.4578,0.005,0.5372
SPADES ACE DIAMONDS QUEEN,0.3964,0.0068,0.5968
SPADES ACE HEARTS EIGHT,0.452,0.0036,0.5444
SPADES QUEEN DIAMONDS QUEEN,0.3236,0.0038,0.6726
SPADES QUEEN HEARTS TWO,0.6814,0.0064,0.3122
SPADES QUEEN HEARTS EIGHT,0.661,0.0068,0.3322
CLUBS TWO HEARTS TEN,0.7058,0.0066,0.2876
CLUBS TWO HEARTS JACK,0.7538,0.0336,0.2126
SPADES SEVEN DIAMONDS NINE,0.6584,0.0068,0.3348
SPADES SIX DIAMONDS NINE,0.6672,0.0052,0.3276
SPADES NINE DIAMONDS NINE,0.4724,0.0066,0.521
SPADES EIGHT DIAMONDS NINE,0.6568,0.007,0.3362
SPADES TEN CLUBS KING,0.6898,0.0844,0.2258
DIAMONDS NINE SPADES THREE,0.6914,0.0056,0.303
DIAMONDS NINE SPADES TWO,0.6992,0.0078,0.293
SPADES FIVE DIAMONDS NINE,0.679,0.006,0.315
SPADES FOUR DIAMONDS NINE,0.6852,0.0072,0.3076
CLUBS NINE DIAMONDS NINE,0.4752,0.0068,0.518
CLUBS EIGHT DIAMONDS NINE,0.6552,0.007,0.3378
CLUBS SIX DIAMONDS NINE,0.6722,0.0054,0.3224
SPADES TEN CLUBS FOUR,0.6928,0.0054,0.3018
CLUBS SEVEN DIAMONDS NINE,0.663,0.0078,0.3292
CLUBS FOUR DIAMONDS NINE,0.6904,0.0064,0.3032
CLUBS FIVE DIAMONDS NINE,0.6788,0.006,0.3152
CLUBS TWO DIAMONDS NINE,0.6994,0.0048,0.2958
CLUBS THREE DIAMONDS NINE,0.699,0.0074,0.2936
DIAMONDS NINE HEARTS EIGHT,0.638,0.0078,0.3542
DIAMONDS NINE HEARTS NINE,0.4834,0.0044,0.5122
HEARTS SIX DIAMONDS NINE,0.677,0.006,0.317
DIAMONDS NINE HEARTS SEVEN,0.6588,0.0068,0.3344
CLUBS EIGHT CLUBS NINE,0.611,0.006,0.383
DIAMONDS ACE DIAMONDS NINE,0.4288,0.0054,0.5658
HEARTS FOUR DIAMONDS NINE,0.696,0.0058,0.2982
HEARTS FIVE DIAMONDS NINE,0.6824,0.0084,0.3092
CLUBS TWO HEARTS ACE,0.463,0.0066,0.5304
SPADES ACE CLUBS FOUR,0.4486,0.0048,0.5466
DIAMONDS QUEEN DIAMONDS NINE,0.6126,0.0048,0.3826
HEARTS TWO DIAMONDS NINE,0.6992,0.0056,0.2952
CLUBS TWO HEARTS KING,0.6906,0.0876,0.2218
DIAMONDS KING DIAMONDS NINE,0.6512,0.0804,0.2684
HEARTS THREE DIAMONDS NINE,0.7012,0.008,0.2908
CLUBS TWO HEARTS QUEEN,0.6672,0.0078,0.325
SPADES QUEEN CLUBS FOUR,0.6758,0.0068,0.3174
DIAMONDS NINE DIAMONDS JACK,0.6874,0.0262,0.2864
CLUBS EIGHT SPADES NINE,0.6516,0.0076,0.3408
DIAMONDS NINE DIAMONDS TEN,0.6208,0.0088,0.3704
CLUBS EIGHT SPADES EIGHT,0.4816,0.008,0.5104
CLUBS EIGHT SPADES SEVEN,0.6462,0.0068,0.347
CLUBS EIGHT SPADES SIX,0.6504,0.0078,0.3418
CLUBS EIGHT SPADES FIVE,0.671,0.0088,0.3202
CLUBS EIGHT SPADES FOUR,0.6662,0.0078,0.326
CLUBS EIGHT SPADES THREE,0.6922,0.007,0.3008
CLUBS EIGHT SPADES TWO,0.6846,0.0072,0.3082
HEARTS SIX DIAMONDS TEN,0.6874,0.0056,0.307
DIAMONDS TEN HEARTS SEVEN,0.6736,0.0074,0.319
DIAMONDS TEN HEARTS EIGHT,0.6652,0.0062,0.3286
CLUBS FOUR CLUBS JACK,0.7108,0.0286,0.2606
DIAMONDS TEN HEARTS NINE,0.6554,0.0054,0.3392
CLUBS FOUR CLUBS TEN,0.6596,0.0058,0.3346
CLUBS FOUR CLUBS KING,0.6404,0.0814,0.2782
CLUBS FOUR CLUBS QUEEN,0.627,0.0068,0.3662
CLUBS TWO DIAMONDS TEN,0.706,0.0066,0.2874
CLUBS THREE DIAMONDS TEN,0.6836,0.0078,0.3086
CLUBS FOUR CLUBS ACE,0.4324,0.0046,0.563
DIAMONDS JACK DIAMONDS TEN,0.6882,0.0286,0.2832
DIAMONDS QUEEN DIAMONDS TEN,0.603,0.0078,0.3892
HEARTS TWO DIAMONDS TEN,0.7012,0.0058,0.293
DIAMONDS KING DIAMONDS TEN,0.6652,0.0758,0.259
HEARTS THREE DIAMONDS TEN,0.6984,0.0078,0.2938
DIAMONDS ACE DIAMONDS TEN,0.3942,0.0052,0.6006
HEARTS FOUR DIAMONDS TEN,0.7026,0.0058,0.2916
CLUBS EIGHT HEARTS JACK,0.747,0.026,0.227
HEARTS FIVE DIAMONDS TEN,0.6954,0.0058,0.2988
CLUBS EIGHT HEARTS TEN,0.6686,0.0078,0.3236
CLUBS EIGHT HEARTS QUEEN,0.6598,0.006,0.3342
CLUBS EIGHT HEARTS KING,0.6918,0.085,0.2232
CLUBS EIGHT HEARTS ACE,0.448,0.0036,0.5484
CLUBS NINE SPADES THREE,0.685,0.009,0.306
CLUBS NINE SPADES TWO,0.6888,0.0078,0.3034
CLUBS NINE SPADES FIVE,0.6748,0.008,0.3172
CLUBS NINE SPADES FOUR,0.695,0.0078,0.2972
CLUBS NINE SPADES SEVEN,0.6482,0.0086,0.3432
CLUBS NINE SPADES SIX,0.667,0.006,0.327
CLUBS NINE SPADES NINE,0.4734,0.0088,0.5178
CLUBS TEN HEARTS EIGHT,0.6694,0.0052,0.3254
CLUBS NINE SPADES EIGHT,0.6614,0.0074,0.3312
CLUBS JACK HEARTS EIGHT,0.7366,0.028,0.2354
CLUBS QUEEN HEARTS EIGHT,0.6724,0.006,0.3216
CLUBS KING HEARTS EIGHT,0.6842,0.081,0.2348
CLUBS ACE HEARTS EIGHT,0.4636,0.0034,0.533
SPADES QUEEN CLUBS KING,0.2858,0.0582,0.656
SPADES ACE CLUBS KING,0.2784,0.0128,0.7088
DIAMONDS ACE HEARTS TEN,0.43,0.0058,0.5642
HEARTS FOUR HEARTS TEN,0.6556,0.0068,0.3376
DIAMONDS ACE HEARTS JACK,0.2962,0.0142,0.6896
HEARTS FOUR HEARTS JACK,0.7084,0.025,0.2666
SPADES QUEEN CLUBS FIVE,0.6558,0.0094,0.3348
SPADES ACE CLUBS FIVE,0.4566,0.0042,0.5392
DIAMONDS JACK HEARTS SEVEN,0.7372,0.0302,0.2326
HEARTS SIX DIAMONDS JACK,0.7462,0.0276,0.2262
DIAMONDS JACK HEARTS NINE,0.7344,0.0276,0.238
DIAMONDS JACK HEARTS EIGHT,0.7428,0.0292,0.228
DIAMONDS KING DIAMONDS JACK,0.0742,0.8588,0.067
HEARTS THREE DIAMONDS JACK,0.7578,0.0276,0.2146
SPADES FOUR HEARTS ACE,0.453,0.0046,0.5424
SPADES ACE SPADES SIX,0.4122,0.0078,0.58
DIAMONDS QUEEN DIAMONDS JACK,0.6992,0.0258,0.275
HEARTS TWO DIAMONDS JACK,0.753,0.032,0.215
HEARTS FIVE DIAMONDS JACK,0.742,0.0346,0.2234
SPADES FOUR HEARTS QUEEN,0.6638,0.0064,0.3298
SPADES QUEEN SPADES SIX,0.6726,0.0082,0.3192
DIAMONDS ACE DIAMONDS JACK,0.2796,0.0144,0.706
HEARTS FOUR DIAMONDS JACK,0.7514,0.0244,0.2242
SPADES FOUR HEARTS KING,0.6952,0.0844,0.2204
SPADES TEN SPADES SIX,0.6886,0.0074,0.304
SPADES FOUR DIAMONDS JACK,0.7482,0.0352,0.2166
SPADES FIVE DIAMONDS JACK,0.7408,0.0362,0.223
SPADES TWO DIAMONDS JACK,0.755,0.033,0.212
SPADES THREE DIAMONDS JACK,0.7564,0.0292,0.2144
SPADES ACE DIAMONDS THREE,0.4432,0.0064,0.5504
SPADES QUEEN DIAMONDS THREE,0.6782,0.0066,0.3152
CLUBS EIGHT DIAMONDS JACK,0.7436,0.027,0.2294
CLUBS NINE DIAMONDS JACK,0.7338,0.0292,0.237
CLUBS SIX DIAMONDS JACK,0.7492,0.0276,0.2232
CLUBS SEVEN DIAMONDS JACK,0.7374,0.0276,0.235
CLUBS FOUR DIAMONDS JACK,0.746,0.0322,0.2218
CLUBS FIVE DIAMONDS JACK,0.752,0.033,0.215
CLUBS TWO DIAMONDS JACK,0.754,0.0264,0.2196
CLUBS THREE DIAMONDS JACK,0.7574,0.03,0.2126
SPADES TEN CLUBS FIVE,0.6904,0.011,0.2986
SPADES TEN HEARTS SIX,0.6892,0.0068,0.304
CLUBS SEVEN CLUBS ACE,0.4264,0.0038,0.5698
SPADES TEN DIAMONDS THREE,0.6914,0.0068,0.3018
CLUBS SEVEN CLUBS QUEEN,0.636,0.0066,0.3574
CLUBS SEVEN CLUBS KING,0.6452,0.074,0.2808
SPADES NINE DIAMONDS JACK,0.72,0.0322,0.2478
CLUBS SEVEN CLUBS TEN,0.643,0.0066,0.3504
DIAMONDS ACE HEARTS ACE,0.1782,0.004,0.8178
HEARTS FOUR HEARTS ACE,0.4178,0.0054,0.5768
SPADES EIGHT DIAMONDS JACK,0.7396,0.0304,0.23
SPADES ACE HEARTS SIX,0.4544,0.0044,0.5412
CLUBS SEVEN CLUBS JACK,0.69,0.028,0.282
DIAMONDS ACE HEARTS KING,0.286,0.0106,0.7034
HEARTS FOUR HEARTS KING,0.6492,0.0866,0.2642
SPADES SEVEN DIAMONDS JACK,0.7416,0.0314,0.227
DIAMONDS ACE HEARTS QUEEN,0.4084,0.0054,0.5862
HEARTS FOUR HEARTS QUEEN,0.6336,0.0082,0.3582
SPADES SIX DIAMONDS JACK,0.7448,0.0308,0.2244
SPADES QUEEN HEARTS SIX,0.6526,0.007,0.3404
SPADES TWO DIAMONDS TEN,0.6948,0.0074,0.2978
SPADES THREE DIAMONDS TEN,0.6958,0.0072,0.297
SPADES FOUR DIAMONDS TEN,0.6926,0.007,0.3004
SPADES FIVE DIAMONDS TEN,0.7032,0.0064,0.2904
SPADES SIX DIAMONDS TEN,0.6768,0.0068,0.3164
SPADES SEVEN DIAMONDS TEN,0.6718,0.0074,0.3208
SPADES EIGHT DIAMONDS TEN,0.6674,0.0074,0.3252
SPADES NINE DIAMONDS TEN,0.6528,0.0092,0.338
CLUBS FOUR DIAMONDS TEN,0.692,0.0092,0.2988
CLUBS FIVE DIAMONDS TEN,0.6928,0.0066,0.3006
CLUBS SIX DIAMONDS TEN,0.6946,0.007,0.2984
CLUBS SEVEN DIAMONDS TEN,0.6706,0.0046,0.3248
CLUBS EIGHT DIAMONDS TEN,0.6668,0.0056,0.3276
CLUBS NINE DIAMONDS TEN,0.6618,0.0072,0.331
DIAMONDS THREE CLUBS JACK,0.7502,0.0274,0.2224
DIAMONDS THREE CLUBS TEN,0.691,0.0062,0.3028
DIAMONDS THREE CLUBS KING,0.6934,0.0734,0.2332
DIAMONDS THREE CLUBS QUEEN,0.6816,0.0056,0.3128
DIAMONDS THREE CLUBS ACE,0.4538,0.0062,0.54
SPADES FOUR HEARTS JACK,0.75,0.0292,0.2208
SPADES FOUR HEARTS TEN,0.6934,0.0092,0.2974
SPADES FIVE SPADES TWO,0.6588,0.0074,0.3338
SPADES FOUR SPADES TWO,0.6566,0.0104,0.333
SPADES THREE SPADES TWO,0.6596,0.0126,0.3278
SPADES NINE SPADES TWO,0.6922,0.0102,0.2976
SPADES EIGHT SPADES TWO,0.6886,0.0086,0.3028
SPADES SEVEN SPADES TWO,0.68,0.0104,0.3096
SPADES SIX SPADES TWO,0.676,0.0084,0.3156
DIAMONDS QUEEN CLUBS THREE,0.6696,0.0068,0.3236
HEARTS TWO CLUBS THREE,0.6794,0.0084,0.3122
DIAMONDS QUEEN CLUBS TWO,0.6774,0.0078,0.3148
CLUBS TWO HEARTS TWO,0.4978,0.0112,0.491
DIAMONDS QUEEN HEARTS SEVEN,0.676,0.0072,0.3168
HEARTS TWO HEARTS SEVEN,0.654,0.0084,0.3376
HEARTS SIX DIAMONDS QUEEN,0.6708,0.0046,0.3246
HEARTS SIX HEARTS TWO,0.6404,0.0068,0.3528
DIAMONDS QUEEN HEARTS NINE,0.6574,0.0054,0.3372
HEARTS TWO HEARTS NINE,0.6528,0.0068,0.3404
DIAMONDS QUEEN HEARTS EIGHT,0.666,0.0076,0.3264
HEARTS TWO HEARTS EIGHT,0.646,0.008,0.346
CLUBS NINE HEARTS TWO,0.6904,0.0076,0.302
CLUBS NINE DIAMONDS QUEEN,0.6684,0.0068,0.3248
CLUBS EIGHT HEARTS TWO,0.6988,0.0066,0.2946
CLUBS EIGHT DIAMONDS QUEEN,0.6588,0.0082,0.333
CLUBS FIVE DIAMONDS QUEEN,0.6714,0.007,0.3216
CLUBS FIVE HEARTS TWO,0.6738,0.0082,0.318
SPADES EIGHT HEARTS ACE,0.4524,0.0052,0.5424
CLUBS FOUR DIAMONDS QUEEN,0.6832,0.0054,0.3114
CLUBS FOUR HEARTS TWO,0.6736,0.0068,0.3196
SPADES EIGHT HEARTS QUEEN,0.669,0.008,0.323
CLUBS SEVEN HEARTS TWO,0.6956,0.0046,0.2998
CLUBS SEVEN DIAMONDS QUEEN,0.6674,0.0054,0.3272
CLUBS SIX DIAMONDS QUEEN,0.6714,0.0078,0.3208
CLUBS SIX HEARTS TWO,0.674,0.0066,0.3194
SPADES EIGHT HEARTS KING,0.685,0.089,0.226
DIAMONDS QUEEN SPADES SIX,0.664,0.0064,0.3296
SPADES SIX HEARTS TWO,0.6746,0.009,0.3164
HEARTS FOUR CLUBS QUEEN,0.6652,0.0046,0.3302
DIAMONDS ACE CLUBS QUEEN,0.4098,0.0056,0.5846
SPADES SEVEN DIAMONDS QUEEN,0.6518,0.0068,0.3414
SPADES SEVEN HEARTS TWO,0.6976,0.0068,0.2956
HEARTS FOUR CLUBS KING,0.6946,0.0826,0.2228
DIAMONDS ACE CLUBS KING,0.289,0.0116,0.6994
SPADES EIGHT DIAMONDS QUEEN,0.6616,0.0056,0.3328
SPADES EIGHT HEARTS TWO,0.6848,0.0086,0.3066
HEARTS FOUR CLUBS ACE,0.455,0.004,0.541
DIAMONDS ACE CLUBS ACE,0.1836,0.0024,0.814
SPADES NINE HEARTS TWO,0.697,0.0088,0.2942
SPADES NINE DIAMONDS QUEEN,0.6414,0.0078,0.3508
HEARTS TWO SPADES TWO,0.5028,0.0108,0.4864
DIAMONDS QUEEN SPADES TWO,0.6748,0.009,0.3162
HEARTS TWO SPADES THREE,0.676,0.0118,0.3122
DIAMONDS QUEEN SPADES THREE,0.673,0.007,0.32
HEARTS TWO SPADES FOUR,0.6636,0.0102,0.3262
DIAMONDS QUEEN SPADES FOUR,0.6738,0.0062,0.32
HEARTS FOUR CLUBS TEN,0.701,0.0086,0.2904
DIAMONDS ACE CLUBS TEN,0.4396,0.0046,0.5558
DIAMONDS QUEEN SPADES FIVE,0.675,0.0048,0.3202
HEARTS TWO SPADES FIVE,0.6598,0.0108,0.3294
HEARTS FOUR CLUBS JACK,0.7374,0.0312,0.2314
DIAMONDS ACE CLUBS JACK,0.2866,0.0162,0.6972
CLUBS FIVE CLUBS KING,0.6448,0.0822,0.273
CLUBS FIVE CLUBS QUEEN,0.6266,0.0074,0.366
CLUBS FIVE CLUBS ACE,0.4356,0.0036,0.5608
CLUBS FIVE CLUBS JACK,0.723,0.0262,0.2508
CLUBS FIVE CLUBS TEN,0.6596,0.0066,0.3338
SPADES QUEEN CLUBS JACK,0.7246,0.0262,0.2492
SPADES ACE CLUBS JACK,0.2764,0.0178,0.7058
SPADES SIX CLUBS KING,0.6832,0.0854,0.2314
SPADES SIX CLUBS QUEEN,0.6794,0.0062,0.3144
SPADES EIGHT HEARTS JACK,0.7414,0.0306,0.228
SPADES SIX CLUBS ACE,0.449,0.0048,0.5462
SPADES EIGHT HEARTS TEN,0.6554,0.0104,0.3342
SPADES SIX CLUBS JACK,0.7472,0.0274,0.2254
SPADES SIX CLUBS TEN,0.6858,0.008,0.3062
SPADES TEN CLUBS JACK,0.7296,0.0278,0.2426
SPADES QUEEN CLUBS SEVEN,0.6556,0.0058,0.3386
SPADES ACE CLUBS SEVEN,0.437,0.0044,0.5586
SPADES SIX HEARTS TEN,0.687,0.0068,0.3062
SPADES SIX HEARTS JACK,0.7416,0.0334,0.225
SPADES SIX HEARTS ACE,0.456,0.0056,0.5384
SPADES SIX HEARTS KING,0.6952,0.0808,0.224
SPADES SIX HEARTS QUEEN,0.6704,0.0072,0.3224
SPADES TEN CLUBS SEVEN,0.6736,0.0076,0.3188
HEARTS SIX CLUBS TEN,0.684,0.0066,0.3094
HEARTS SIX CLUBS JACK,0.7486,0.0322,0.2192
CLUBS ACE CLUBS JACK,0.2746,0.0148,0.7106
HEARTS SIX CLUBS QUEEN,0.6704,0.006,0.3236
HEARTS SIX CLUBS KING,0.7054,0.087,0.2076
HEARTS SIX CLUBS ACE,0.4568,0.0054,0.5378
CLUBS QUEEN CLUBS JACK,0.685,0.022,0.293
CLUBS KING CLUBS JACK,0.067,0.8602,0.0728
DIAMONDS THREE HEARTS ACE,0.4552,0.0024,0.5424
DIAMONDS THREE HEARTS QUEEN,0.6702,0.0072,0.3226
DIAMONDS THREE HEARTS KING,0.6908,0.0848,0.2244
CLUBS FIVE HEARTS JACK,0.757,0.0316,0.2114
HEARTS FOUR SPADES TEN,0.697,0.008,0.295
SPADES TEN DIAMONDS ACE,0.4314,0.0046,0.564
CLUBS FIVE HEARTS TEN,0.6914,0.006,0.3026
SPADES ACE HEARTS FOUR,0.4494,0.0042,0.5464
SPADES ACE DIAMONDS ACE,0.1694,0.0064,0.8242
CLUBS FIVE HEARTS ACE,0.4572,0.0036,0.5392
CLUBS FIVE HEARTS KING,0.678,0.0796,0.2424
SPADES FOUR CLUBS JACK,0.7436,0.0362,0.2202
SPADES QUEEN DIAMONDS ACE,0.3996,0.0052,0.5952
HEARTS FOUR SPADES QUEEN,0.6716,0.0078,0.3206
CLUBS FIVE HEARTS QUEEN,0.6654,0.0074,0.3272
SPADES FOUR CLUBS TEN,0.6896,0.0088,0.3016
DIAMONDS QUEEN DIAMONDS ACE,0.3852,0.0068,0.608
HEARTS TWO DIAMONDS ACE,0.462,0.0038,0.5342
HEARTS FOUR DIAMONDS QUEEN,0.6752,0.0068,0.318
HEARTS FOUR HEARTS TWO,0.6224,0.0078,0.3698
DIAMONDS THREE HEARTS TEN,0.6876,0.0062,0.3062
SPADES FOUR CLUBS KING,0.6808,0.09,0.2292
HEARTS FIVE DIAMONDS QUEEN,0.6692,0.0056,0.3252
HEARTS FIVE HEARTS TWO,0.6252,0.0052,0.3696
DIAMONDS THREE HEARTS JACK,0.7642,0.0322,0.2036
SPADES FOUR CLUBS QUEEN,0.675,0.0084,0.3166
DIAMONDS QUEEN HEARTS TWO,0.6698,0.0062,0.324
DIAMONDS KING DIAMONDS QUEEN,0.2644,0.0526,0.683
DIAMONDS KING HEARTS TWO,0.7012,0.0854,0.2134
HEARTS THREE DIAMONDS QUEEN,0.6738,0.0064,0.3198
HEARTS THREE HEARTS TWO,0.6402,0.0074,0.3524
SPADES FOUR CLUBS ACE,0.4496,0.005,0.5454
HEARTS TWO CLUBS ACE,0.4546,0.0058,0.5396
DIAMONDS QUEEN CLUBS ACE,0.4174,0.003,0.5796
HEARTS TWO CLUBS QUEEN,0.6728,0.0086,0.3186
DIAMONDS QUEEN CLUBS QUEEN,0.3346,0.002,0.6634
HEARTS TWO CLUBS KING,0.7004,0.0824,0.2172
DIAMONDS QUEEN CLUBS KING,0.287,0.0548,0.6582
SPADES EIGHT SPADES FIVE,0.6596,0.0072,0.3332
HEARTS TWO CLUBS TEN,0.7062,0.0068,0.287
DIAMONDS QUEEN CLUBS TEN,0.6408,0.0062,0.353
SPADES NINE SPADES FIVE,0.6644,0.0076,0.328
HEARTS TWO CLUBS JACK,0.7646,0.0342,0.2012
DIAMONDS QUEEN CLUBS JACK,0.7376,0.0196,0.2428
SPADES SIX SPADES FIVE,0.6416,0.0088,0.3496
SPADES SEVEN SPADES FIVE,0.6596,0.009,0.3314
DIAMONDS FIVE CLUBS QUEEN,0.6718,0.007,0.3212
SPADES EIGHT CLUBS ACE,0.4456,0.0054,0.549
CLUBS KING DIAMONDS FIVE,0.6898,0.0824,0.2278
SPADES EIGHT CLUBS KING,0.6794,0.0866,0.234
CLUBS ACE DIAMONDS FIVE,0.4566,0.0042,0.5392
SPADES EIGHT CLUBS QUEEN,0.6654,0.0058,0.3288
SPADES EIGHT CLUBS JACK,0.7442,0.0316,0.2242
SPADES EIGHT CLUBS TEN,0.668,0.0082,0.3238
DIAMONDS FIVE CLUBS TEN,0.7102,0.0072,0.2826
DIAMONDS FIVE CLUBS JACK,0.7478,0.0326,0.2196
HEARTS JACK DIAMONDS TEN,0.7318,0.027,0.2412
DIAMONDS TEN HEARTS TEN,0.46,0.0058,0.5342
SPADES ACE CLUBS NINE,0.4402,0.0042,0.5556
SPADES QUEEN CLUBS NINE,0.6492,0.0058,0.345
HEARTS SIX HEARTS KING,0.664,0.0796,0.2564
DIAMONDS KING SPADES SEVEN,0.6878,0.0874,0.2248
HEARTS THREE SPADES SEVEN,0.69,0.007,0.303
HEARTS SIX HEARTS QUEEN,0.626,0.008,0.366
DIAMONDS KING SPADES SIX,0.685,0.0874,0.2276
HEARTS THREE SPADES SIX,0.6806,0.0072,0.3122
SPADES QUEEN DIAMONDS SEVEN,0.6752,0.0058,0.319
HEARTS THREE SPADES NINE,0.687,0.0076,0.3054
SPADES NINE DIAMONDS KING,0.69,0.0916,0.2184
