opposingHand,winningChance,drawChance,lostChance
SPADES ACE SPADES JACK
SPADES TEN HEARTS FIVE,0.685,0.004,0.311
SPADES FIVE CLUBS JACK,0.7556,0.0196,0.2248
SPADES FIVE CLUBS TEN,0.6998,0.0046,0.2956
CLUBS EIGHT CLUBS JACK,0.688,0.016,0.296
CLUBS EIGHT CLUBS TEN,0.633,0.006,0.361
CLUBS EIGHT CLUBS KING,0.6226,0.0042,0.3732
SPADES FIVE CLUBS ACE,0.6656,0.0894,0.245
CLUBS EIGHT CLUBS QUEEN,0.6186,0.0052,0.3762
SPADES FIVE CLUBS KING,0.6436,0.0042,0.3522
SPADES FIVE CLUBS QUEEN,0.6624,0.0038,0.3338
CLUBS EIGHT CLUBS ACE,0.6554,0.0774,0.2672
DIAMONDS TWO DIAMONDS THREE,0.6324,0.007,0.3606
DIAMONDS TWO DIAMONDS FIVE,0.6332,0.0042,0.3626
SPADES KING HEARTS FIVE,0.6716,0.005,0.3234
DIAMONDS TWO DIAMONDS FOUR,0.6328,0.0054,0.3618
SPADES QUEEN HEARTS FIVE,0.6584,0.0044,0.3372
DIAMONDS TWO DIAMONDS SEVEN,0.6508,0.0062,0.343
DIAMONDS TWO DIAMONDS SIX,0.6568,0.005,0.3382
DIAMONDS TWO DIAMONDS NINE,0.6508,0.006,0.3432
DIAMONDS TWO DIAMONDS EIGHT,0.6544,0.0032,0.3424
DIAMONDS THREE DIAMONDS FOUR,0.61,0.0062,0.3838
CLUBS TWO SPADES FOUR,0.671,0.0044,0.3246
DIAMONDS THREE DIAMONDS FIVE,0.617,0.0054,0.3776
CLUBS TWO SPADES FIVE,0.6472,0.006,0.3468
CLUBS TWO SPADES TWO,0.4918,0.0062,0.502
CLUBS TWO SPADES THREE,0.6762,0.0066,0.3172
DIAMONDS THREE DIAMONDS EIGHT,0.6594,0.0062,0.3344
SPADES EIGHT CLUBS TWO,0.682,0.0056,0.3124
DIAMONDS THREE DIAMONDS NINE,0.6652,0.0054,0.3294
SPADES NINE CLUBS TWO,0.7072,0.0036,0.2892
DIAMONDS THREE DIAMONDS SIX,0.6436,0.0046,0.3518
SPADES SIX CLUBS TWO,0.6938,0.0046,0.3016
DIAMONDS THREE DIAMONDS SEVEN,0.6416,0.0048,0.3536
SPADES SEVEN CLUBS TWO,0.7006,0.0058,0.2936
CLUBS SIX CLUBS TWO,0.6452,0.0048,0.35
CLUBS SEVEN CLUBS TWO,0.6554,0.0038,0.3408
CLUBS FOUR CLUBS TWO,0.627,0.0072,0.3658
CLUBS FIVE CLUBS TWO,0.6268,0.0058,0.3674
CLUBS JACK CLUBS TEN,0.6924,0.0178,0.2898
DIAMONDS FOUR DIAMONDS SIX,0.6244,0.0052,0.3704
CLUBS QUEEN CLUBS TEN,0.594,0.006,0.4
DIAMONDS FOUR DIAMONDS SEVEN,0.6344,0.0044,0.3612
CLUBS KING CLUBS TEN,0.6002,0.005,0.3948
CLUBS ACE CLUBS TEN,0.6368,0.0834,0.2798
CLUBS EIGHT CLUBS TWO,0.6546,0.0044,0.341
DIAMONDS FIVE DIAMONDS FOUR,0.6022,0.0062,0.3916
CLUBS NINE CLUBS TWO,0.6596,0.0042,0.3362
DIAMONDS NINE DIAMONDS FOUR,0.6568,0.0058,0.3374
DIAMONDS EIGHT DIAMONDS FOUR,0.6432,0.0054,0.3514
CLUBS TWO CLUBS THREE,0.6462,0.0048,0.349
DIAMONDS NINE DIAMONDS FIVE,0.6536,0.0052,0.3412
DIAMONDS TWO CLUBS JACK,0.7758,0.0218,0.2024
DIAMONDS EIGHT DIAMONDS FIVE,0.6236,0.0032,0.3732
DIAMONDS TWO CLUBS TEN,0.7086,0.004,0.2874
DIAMONDS FIVE DIAMONDS SEVEN,0.6278,0.0056,0.3666
DIAMONDS FIVE DIAMONDS SIX,0.61,0.007,0.383
DIAMONDS TWO CLUBS ACE,0.6876,0.0866,0.2258
DIAMONDS TWO CLUBS KING,0.6714,0.0024,0.3262
DIAMONDS TWO CLUBS QUEEN,0.6834,0.004,0.3126
DIAMONDS EIGHT DIAMONDS SIX,0.623,0.0044,0.3726
DIAMONDS NINE DIAMONDS SIX,0.6444,0.0032,0.3524
SPADES THREE HEARTS ACE,0.6922,0.0822,0.2256
HEARTS KING SPADES THREE,0.6616,0.0066,0.3318
DIAMONDS SEVEN DIAMONDS SIX,0.6142,0.0036,0.3822
SPADES THREE HEARTS QUEEN,0.6696,0.006,0.3244
SPADES THREE HEARTS JACK,0.7632,0.022,0.2148
SPADES THREE HEARTS TEN,0.6962,0.0048,0.299
DIAMONDS EIGHT DIAMONDS SEVEN,0.6168,0.0042,0.379
DIAMONDS NINE DIAMONDS SEVEN,0.6298,0.0042,0.366
DIAMONDS NINE DIAMONDS EIGHT,0.6022,0.0044,0.3934
DIAMONDS KING HEARTS TEN,0.6366,0.0052,0.3582
HEARTS THREE HEARTS TEN,0.6608,0.0048,0.3344
DIAMONDS KING HEARTS JACK,0.7504,0.0126,0.237
HEARTS THREE HEARTS JACK,0.7222,0.0208,0.257
SPADES TEN CLUBS SIX,0.6776,0.004,0.3184
SPADES TEN SPADES FIVE,0.696,0.0046,0.2994
DIAMONDS KING HEARTS ACE,0.2802,0.0414,0.6784
HEARTS THREE HEARTS ACE,0.6442,0.0812,0.2746
DIAMONDS KING HEARTS QUEEN,0.6168,0.0052,0.378
HEARTS THREE HEARTS QUEEN,0.6312,0.0054,0.3634
SPADES KING CLUBS SIX,0.661,0.0044,0.3346
DIAMONDS KING HEARTS KING,0.3164,0.0048,0.6788
HEARTS THREE HEARTS KING,0.6258,0.0044,0.3698
SPADES QUEEN CLUBS SIX,0.6686,0.0046,0.3268
SPADES NINE HEARTS TEN,0.6408,0.0052,0.354
SPADES NINE HEARTS JACK,0.7422,0.018,0.2398
SPADES QUEEN SPADES FIVE,0.6602,0.0058,0.334
SPADES KING SPADES FIVE,0.6644,0.0026,0.333
SPADES NINE HEARTS QUEEN,0.6476,0.005,0.3474
SPADES NINE HEARTS KING,0.658,0.0054,0.3366
SPADES NINE HEARTS ACE,0.6904,0.087,0.2226
SPADES TEN CLUBS TEN,0.4708,0.005,0.5242
SPADES KING CLUBS TEN,0.6376,0.006,0.3564
SPADES QUEEN CLUBS TEN,0.6364,0.0054,0.3582
SPADES FIVE HEARTS QUEEN,0.6516,0.0044,0.344
SPADES FIVE HEARTS KING,0.6656,0.0048,0.3296
SPADES FIVE HEARTS ACE,0.665,0.0868,0.2482
CLUBS EIGHT SPADES TEN,0.6544,0.0044,0.3412
HEARTS THREE SPADES TEN,0.706,0.006,0.288
SPADES TEN DIAMONDS KING,0.6468,0.0042,0.349
HEARTS FIVE CLUBS JACK,0.7658,0.02,0.2142
CLUBS SIX HEARTS ACE,0.6916,0.0758,0.2326
HEARTS FIVE CLUBS TEN,0.6966,0.0036,0.2998
CLUBS EIGHT SPADES QUEEN,0.652,0.0044,0.3436
SPADES THREE CLUBS TEN,0.691,0.0042,0.3048
CLUBS SIX HEARTS QUEEN,0.6728,0.0036,0.3236
SPADES KING CLUBS EIGHT,0.6684,0.0042,0.3274
SPADES THREE CLUBS JACK,0.767,0.0254,0.2076
CLUBS SIX HEARTS KING,0.6696,0.004,0.3264
DIAMONDS TWO HEARTS JACK,0.7626,0.0196,0.2178
SPADES THREE CLUBS QUEEN,0.6578,0.0048,0.3374
DIAMONDS TWO HEARTS TEN,0.693,0.004,0.303
SPADES THREE CLUBS KING,0.6766,0.006,0.3174
HEARTS FIVE CLUBS ACE,0.6734,0.0878,0.2388
SPADES FIVE HEARTS TEN,0.7008,0.005,0.2942
SPADES THREE CLUBS ACE,0.6748,0.082,0.2432
HEARTS FIVE CLUBS KING,0.6538,0.005,0.3412
SPADES FIVE HEARTS JACK,0.7494,0.0202,0.2304
HEARTS FIVE CLUBS QUEEN,0.663,0.004,0.333
HEARTS THREE CLUBS KING,0.6574,0.0042,0.3384
DIAMONDS KING CLUBS KING,0.326,0.0048,0.6692
HEARTS THREE CLUBS QUEEN,0.6712,0.006,0.3228
DIAMONDS KING CLUBS QUEEN,0.6162,0.0046,0.3792
HEARTS FIVE HEARTS JACK,0.7284,0.0196,0.252
HEARTS FIVE HEARTS TEN,0.6664,0.0042,0.3294
HEARTS THREE CLUBS ACE,0.6874,0.0834,0.2292
DIAMONDS KING CLUBS ACE,0.3042,0.0462,0.6496
SPADES KING CLUBS QUEEN,0.608,0.0042,0.3878
HEARTS THREE CLUBS JACK,0.7706,0.0222,0.2072
DIAMONDS KING CLUBS JACK,0.7424,0.0186,0.239
SPADES QUEEN CLUBS QUEEN,0.3268,0.0044,0.6688
HEARTS THREE CLUBS TEN,0.6936,0.0042,0.3022
DIAMONDS KING CLUBS TEN,0.6364,0.0044,0.3592
CLUBS SIX CLUBS QUEEN,0.6258,0.005,0.3692
SPADES TEN CLUBS QUEEN,0.6364,0.0062,0.3574
CLUBS SIX CLUBS KING,0.625,0.0046,0.3704
CLUBS SIX CLUBS ACE,0.653,0.0836,0.2634
HEARTS FIVE HEARTS KING,0.6202,0.0062,0.3736
HEARTS FIVE HEARTS QUEEN,0.6216,0.0038,0.3746
CLUBS SIX CLUBS TEN,0.6462,0.005,0.3488
HEARTS FIVE HEARTS ACE,0.632,0.0792,0.2888
CLUBS SIX CLUBS JACK,0.726,0.0164,0.2576
SPADES SEVEN HEARTS JACK,0.747,0.0206,0.2324
SPADES SEVEN HEARTS TEN,0.6636,0.0046,0.3318
DIAMONDS TWO CLUBS TWO,0.504,0.0052,0.4908
DIAMONDS TWO CLUBS THREE,0.6688,0.0048,0.3264
HEARTS SIX DIAMONDS TWO,0.6838,0.0038,0.3124
DIAMONDS TWO HEARTS QUEEN,0.6744,0.0036,0.322
DIAMONDS TWO HEARTS SEVEN,0.7028,0.0056,0.2916
DIAMONDS TWO HEARTS KING,0.673,0.0046,0.3224
DIAMONDS TWO HEARTS EIGHT,0.695,0.0018,0.3032
DIAMONDS TWO HEARTS ACE,0.6824,0.0848,0.2328
DIAMONDS TWO HEARTS NINE,0.6866,0.0064,0.307
DIAMONDS TWO DIAMONDS QUEEN,0.6334,0.0034,0.3632
DIAMONDS TWO HEARTS TWO,0.4934,0.0064,0.5002
DIAMONDS TWO DIAMONDS KING,0.6246,0.0054,0.37
HEARTS THREE DIAMONDS TWO,0.6796,0.0054,0.315
DIAMONDS TWO DIAMONDS ACE,0.6468,0.0722,0.281
HEARTS FOUR DIAMONDS TWO,0.6806,0.0044,0.315
DIAMONDS TWO HEARTS FIVE,0.6678,0.004,0.3282
SPADES SEVEN HEARTS ACE,0.6774,0.0912,0.2314
DIAMONDS TWO DIAMONDS TEN,0.651,0.0048,0.3442
SPADES SEVEN HEARTS KING,0.6698,0.0068,0.3234
DIAMONDS TWO DIAMONDS JACK,0.7224,0.0192,0.2584
SPADES SEVEN HEARTS QUEEN,0.6628,0.004,0.3332
DIAMONDS TWO SPADES NINE,0.6966,0.0044,0.299
DIAMONDS TWO SPADES EIGHT,0.6934,0.0052,0.3014
DIAMONDS TWO SPADES SEVEN,0.6832,0.005,0.3118
DIAMONDS TWO SPADES SIX,0.689,0.008,0.303
DIAMONDS TWO SPADES FIVE,0.663,0.0048,0.3322
DIAMONDS TWO SPADES FOUR,0.6712,0.0054,0.3234
DIAMONDS TWO SPADES THREE,0.6794,0.0058,0.3148
DIAMONDS TWO SPADES TWO,0.4942,0.007,0.4988
CLUBS NINE DIAMONDS TWO,0.6854,0.0052,0.3094
CLUBS EIGHT DIAMONDS TWO,0.6926,0.0048,0.3026
DIAMONDS TWO CLUBS SEVEN,0.6866,0.0064,0.307
CLUBS SIX DIAMONDS TWO,0.6824,0.0036,0.314
DIAMONDS TWO CLUBS FIVE,0.6646,0.005,0.3304
DIAMONDS TWO CLUBS FOUR,0.6794,0.006,0.3146
CLUBS FOUR SPADES FIVE,0.6504,0.0048,0.3448
CLUBS FOUR SPADES FOUR,0.5022,0.0042,0.4936
CLUBS FOUR SPADES THREE,0.6628,0.0058,0.3314
CLUBS FOUR SPADES TWO,0.6694,0.0062,0.3244
SPADES NINE CLUBS FOUR,0.6922,0.0044,0.3034
SPADES EIGHT CLUBS FOUR,0.6712,0.0066,0.3222
CLUBS FOUR SPADES SEVEN,0.6588,0.0054,0.3358
CLUBS FOUR SPADES SIX,0.6492,0.0054,0.3454
SPADES QUEEN DIAMONDS SIX,0.666,0.005,0.329
SPADES KING DIAMONDS SIX,0.6654,0.0048,0.3298
SPADES TEN DIAMONDS SIX,0.6924,0.0056,0.302
SPADES QUEEN SPADES TWO,0.6678,0.0038,0.3284
SPADES KING SPADES TWO,0.6682,0.0068,0.325
DIAMONDS JACK CLUBS JACK,0.3378,0.0172,0.645
DIAMONDS JACK CLUBS TEN,0.7224,0.0148,0.2628
DIAMONDS JACK CLUBS KING,0.7446,0.0138,0.2416
DIAMONDS JACK CLUBS QUEEN,0.7294,0.012,0.2586
DIAMONDS THREE DIAMONDS JACK,0.7244,0.0186,0.257
DIAMONDS THREE DIAMONDS TEN,0.6516,0.0048,0.3436
DIAMONDS JACK CLUBS ACE,0.069,0.9096,0.0214
DIAMONDS THREE DIAMONDS KING,0.6312,0.0064,0.3624
HEARTS THREE DIAMONDS THREE,0.5158,0.0058,0.4784
DIAMONDS THREE DIAMONDS QUEEN,0.6256,0.0052,0.3692
DIAMONDS THREE HEARTS TWO,0.6742,0.005,0.3208
HEARTS FIVE DIAMONDS THREE,0.6608,0.0048,0.3344
DIAMONDS THREE DIAMONDS ACE,0.6442,0.074,0.2818
HEARTS FOUR DIAMONDS THREE,0.663,0.0066,0.3304
DIAMONDS THREE HEARTS SEVEN,0.6742,0.003,0.3228
SPADES TEN SPADES NINE,0.646,0.005,0.349
HEARTS SIX DIAMONDS THREE,0.6916,0.0048,0.3036
DIAMONDS THREE HEARTS NINE,0.674,0.0046,0.3214
HEARTS JACK DIAMONDS FOUR,0.762,0.0242,0.2138
HEARTS KING HEARTS ACE,0.272,0.044,0.684
SPADES TEN SPADES TWO,0.6954,0.006,0.2986
DIAMONDS THREE HEARTS EIGHT,0.6932,0.004,0.3028
HEARTS TEN DIAMONDS FOUR,0.6758,0.004,0.3202
HEARTS QUEEN DIAMONDS FOUR,0.6706,0.0042,0.3252
HEARTS KING DIAMONDS FOUR,0.6716,0.0048,0.3236
HEARTS ACE DIAMONDS FOUR,0.6666,0.0866,0.2468
SPADES KING SPADES NINE,0.6576,0.004,0.3384
SPADES QUEEN SPADES NINE,0.654,0.0038,0.3422
SPADES NINE DIAMONDS THREE,0.6926,0.0058,0.3016
DIAMONDS THREE SPADES EIGHT,0.6918,0.004,0.3042
DIAMONDS THREE SPADES SEVEN,0.6836,0.0056,0.3108
DIAMONDS THREE SPADES SIX,0.6764,0.0056,0.318
CLUBS SIX DIAMONDS THREE,0.6814,0.006,0.3126
CLUBS ACE DIAMONDS FOUR,0.685,0.0892,0.2258
CLUBS SIX CLUBS FIVE,0.617,0.0042,0.3788
CLUBS SEVEN CLUBS FIVE,0.6334,0.0048,0.3618
CLUBS SEVEN DIAMONDS THREE,0.6858,0.0034,0.3108
DIAMONDS THREE CLUBS FOUR,0.6628,0.0058,0.3314
CLUBS QUEEN DIAMONDS FOUR,0.662,0.0056,0.3324
DIAMONDS THREE CLUBS FIVE,0.653,0.0038,0.3432
CLUBS KING DIAMONDS FOUR,0.6594,0.0036,0.337
DIAMONDS THREE CLUBS TWO,0.6676,0.004,0.3284
DIAMONDS FOUR CLUBS TEN,0.708,0.0034,0.2886
DIAMONDS THREE CLUBS THREE,0.4936,0.005,0.5014
DIAMONDS FOUR CLUBS JACK,0.7658,0.025,0.2092
DIAMONDS THREE SPADES FOUR,0.6644,0.0046,0.331
DIAMONDS THREE SPADES FIVE,0.6536,0.0052,0.3412
DIAMONDS THREE SPADES TWO,0.6608,0.007,0.3322
DIAMONDS THREE SPADES THREE,0.5034,0.0062,0.4904
CLUBS EIGHT DIAMONDS THREE,0.6852,0.0056,0.3092
CLUBS NINE DIAMONDS THREE,0.692,0.004,0.304
SPADES SEVEN CLUBS ACE,0.6666,0.0866,0.2468
SPADES SEVEN CLUBS QUEEN,0.6616,0.0048,0.3336
SPADES SEVEN CLUBS KING,0.6502,0.003,0.3468
SPADES SEVEN CLUBS FIVE,0.6564,0.0058,0.3378
SPADES SEVEN CLUBS TEN,0.673,0.0042,0.3228
CLUBS FIVE SPADES SIX,0.6538,0.0042,0.342
SPADES SEVEN CLUBS JACK,0.7492,0.0198,0.231
SPADES NINE CLUBS FIVE,0.676,0.0048,0.3192
SPADES EIGHT CLUBS FIVE,0.6608,0.0054,0.3338
CLUBS FIVE SPADES THREE,0.6446,0.0066,0.3488
CLUBS FIVE SPADES TWO,0.6666,0.0064,0.327
CLUBS FIVE SPADES FIVE,0.4968,0.007,0.4962
CLUBS FIVE SPADES FOUR,0.6454,0.0054,0.3492
CLUBS NINE CLUBS FIVE,0.6348,0.0048,0.3604
CLUBS EIGHT CLUBS FIVE,0.6268,0.0054,0.3678
CLUBS ACE CLUBS QUEEN,0.2692,0.053,0.6778
CLUBS KING CLUBS QUEEN,0.5858,0.0036,0.4106
DIAMONDS TEN DIAMONDS FOUR,0.6584,0.0074,0.3342
DIAMONDS NINE CLUBS TEN,0.654,0.005,0.341
DIAMONDS JACK DIAMONDS FOUR,0.7198,0.0202,0.26
DIAMONDS NINE CLUBS JACK,0.7472,0.0188,0.234
SPADES NINE CLUBS JACK,0.7436,0.0176,0.2388
SPADES NINE CLUBS TEN,0.6498,0.0032,0.347
DIAMONDS ACE DIAMONDS FOUR,0.6302,0.0846,0.2852
HEARTS FOUR DIAMONDS FOUR,0.515,0.0056,0.4794
DIAMONDS JACK HEARTS TEN,0.7212,0.0168,0.262
SPADES TEN DIAMONDS TWO,0.6916,0.0046,0.3038
SPADES NINE CLUBS KING,0.657,0.0042,0.3388
DIAMONDS NINE CLUBS ACE,0.6838,0.0798,0.2364
HEARTS FIVE DIAMONDS FOUR,0.6454,0.006,0.3486
HEARTS JACK DIAMONDS JACK,0.3552,0.0162,0.6286
SPADES NINE CLUBS QUEEN,0.646,0.0036,0.3504
DIAMONDS QUEEN DIAMONDS FOUR,0.6262,0.0054,0.3684
HEARTS TWO DIAMONDS FOUR,0.6606,0.0054,0.334
DIAMONDS NINE CLUBS QUEEN,0.6396,0.003,0.3574
DIAMONDS KING DIAMONDS FOUR,0.6256,0.005,0.3694
HEARTS THREE DIAMONDS FOUR,0.6708,0.0054,0.3238
SPADES NINE CLUBS ACE,0.6812,0.086,0.2328
DIAMONDS NINE CLUBS KING,0.6584,0.0036,0.338
HEARTS ACE DIAMONDS JACK,0.0664,0.9148,0.0188
DIAMONDS JACK HEARTS QUEEN,0.7432,0.0128,0.244
SPADES QUEEN DIAMONDS TWO,0.6866,0.005,0.3084
HEARTS KING DIAMONDS JACK,0.7474,0.016,0.2366
SPADES KING DIAMONDS TWO,0.6668,0.0052,0.328
SPADES TEN SPADES SEVEN,0.6582,0.0064,0.3354
CLUBS SEVEN CLUBS THREE,0.6414,0.0058,0.3528
CLUBS SIX CLUBS THREE,0.629,0.0052,0.3658
CLUBS FIVE CLUBS THREE,0.636,0.0066,0.3574
CLUBS FOUR CLUBS THREE,0.6084,0.0036,0.388
CLUBS NINE CLUBS THREE,0.6564,0.0052,0.3384
CLUBS EIGHT CLUBS THREE,0.6514,0.004,0.3446
SPADES FIVE CLUBS THREE,0.6334,0.0078,0.3588
CLUBS THREE SPADES FOUR,0.6642,0.0036,0.3322
CLUBS THREE SPADES THREE,0.4988,0.0048,0.4964
CLUBS THREE SPADES TWO,0.671,0.005,0.324
SPADES SIX CLUBS THREE,0.6642,0.0054,0.3304
SPADES SEVEN CLUBS THREE,0.6714,0.0056,0.323
SPADES EIGHT CLUBS THREE,0.6856,0.0056,0.3088
SPADES NINE CLUBS THREE,0.6714,0.0044,0.3242
SPADES TWO DIAMONDS FOUR,0.6752,0.0048,0.32
SPADES THREE DIAMONDS FOUR,0.6564,0.007,0.3366
SPADES FOUR DIAMONDS FOUR,0.4968,0.0044,0.4988
SPADES FIVE DIAMONDS FOUR,0.6448,0.0058,0.3494
SPADES SIX DIAMONDS FOUR,0.648,0.006,0.346
SPADES SEVEN DIAMONDS FOUR,0.6618,0.0058,0.3324
SPADES EIGHT DIAMONDS FOUR,0.6776,0.0074,0.315
SPADES NINE DIAMONDS FOUR,0.6792,0.004,0.3168
CLUBS FIVE DIAMONDS FOUR,0.6416,0.0046,0.3538
CLUBS FOUR DIAMONDS FOUR,0.4976,0.0058,0.4966
CLUBS SEVEN DIAMONDS FOUR,0.6656,0.0038,0.3306
CLUBS SIX DIAMONDS FOUR,0.652,0.0026,0.3454
CLUBS NINE DIAMONDS FOUR,0.683,0.004,0.313
CLUBS EIGHT DIAMONDS FOUR,0.6854,0.004,0.3106
DIAMONDS FOUR HEARTS SEVEN,0.6546,0.0052,0.3402
HEARTS SIX DIAMONDS FOUR,0.6656,0.0036,0.3308
HEARTS NINE DIAMONDS FOUR,0.688,0.0032,0.3088
DIAMONDS FOUR HEARTS EIGHT,0.6824,0.004,0.3136
CLUBS THREE DIAMONDS FOUR,0.6626,0.0042,0.3332
CLUBS TWO DIAMONDS FOUR,0.6826,0.0042,0.3132
DIAMONDS TEN DIAMONDS FIVE,0.6428,0.0042,0.353
DIAMONDS JACK DIAMONDS FIVE,0.717,0.0232,0.2598
DIAMONDS NINE HEARTS QUEEN,0.6596,0.0042,0.3362
HEARTS KING DIAMONDS NINE,0.6618,0.0044,0.3338
DIAMONDS NINE HEARTS ACE,0.6932,0.0882,0.2186
DIAMONDS NINE HEARTS TEN,0.6496,0.0032,0.3472
DIAMONDS NINE HEARTS JACK,0.7378,0.0182,0.244
CLUBS KING DIAMONDS SIX,0.6624,0.004,0.3336
CLUBS QUEEN DIAMONDS SIX,0.673,0.005,0.322
CLUBS ACE DIAMONDS SIX,0.7016,0.081,0.2174
SPADES KING DIAMONDS FOUR,0.6612,0.0042,0.3346
SPADES QUEEN DIAMONDS FOUR,0.6658,0.0046,0.3296
SPADES QUEEN SPADES SEVEN,0.6626,0.005,0.3324
CLUBS JACK DIAMONDS SIX,0.7596,0.0188,0.2216
SPADES KING SPADES SEVEN,0.656,0.0062,0.3378
CLUBS TEN DIAMONDS SIX,0.6932,0.0038,0.303
CLUBS NINE CLUBS FOUR,0.6494,0.0036,0.347
CLUBS EIGHT CLUBS FOUR,0.6376,0.0048,0.3576
SPADES TEN DIAMONDS FOUR,0.6848,0.0048,0.3104
CLUBS FOUR CLUBS FIVE,0.6144,0.005,0.3806
CLUBS SEVEN CLUBS FOUR,0.6452,0.0058,0.349
CLUBS SIX CLUBS FOUR,0.6276,0.005,0.3674
CLUBS SEVEN SPADES EIGHT,0.6328,0.0038,0.3634
SPADES NINE CLUBS SEVEN,0.6528,0.0046,0.3426
CLUBS SEVEN SPADES SIX,0.6554,0.0036,0.341
CLUBS SEVEN SPADES SEVEN,0.4924,0.006,0.5016
CLUBS SEVEN SPADES FIVE,0.6492,0.0032,0.3476
CLUBS SEVEN SPADES FOUR,0.6508,0.0046,0.3446
CLUBS SEVEN SPADES THREE,0.6732,0.004,0.3228
CLUBS SEVEN SPADES TWO,0.6852,0.0062,0.3086
CLUBS NINE CLUBS SEVEN,0.6192,0.0052,0.3756
CLUBS EIGHT CLUBS SEVEN,0.5948,0.0048,0.4004
HEARTS SIX DIAMONDS FIVE,0.6602,0.006,0.3338
DIAMONDS FIVE HEARTS SEVEN,0.6612,0.006,0.3328
DIAMONDS FIVE HEARTS EIGHT,0.663,0.004,0.333
HEARTS NINE DIAMONDS FIVE,0.6804,0.0036,0.316
DIAMONDS QUEEN DIAMONDS FIVE,0.6288,0.004,0.3672
HEARTS TWO DIAMONDS FIVE,0.6754,0.006,0.3186
HEARTS KING HEARTS EIGHT,0.623,0.0054,0.3716
DIAMONDS KING DIAMONDS FIVE,0.6222,0.0058,0.372
HEARTS THREE DIAMONDS FIVE,0.6606,0.005,0.3344
HEARTS QUEEN HEARTS EIGHT,0.6206,0.0052,0.3742
DIAMONDS ACE DIAMONDS FIVE,0.6288,0.0798,0.2914
HEARTS FOUR DIAMONDS FIVE,0.6468,0.005,0.3482
HEARTS FIVE DIAMONDS FIVE,0.5032,0.0028,0.494
HEARTS ACE HEARTS EIGHT,0.6434,0.0818,0.2748
CLUBS FOUR DIAMONDS FIVE,0.6382,0.0052,0.3566
CLUBS FIVE DIAMONDS FIVE,0.4984,0.0044,0.4972
CLUBS SIX DIAMONDS FIVE,0.6558,0.0048,0.3394
CLUBS SEVEN DIAMONDS FIVE,0.6604,0.0046,0.335
CLUBS TWO DIAMONDS FIVE,0.6752,0.0044,0.3204
CLUBS THREE DIAMONDS FIVE,0.6544,0.0054,0.3402
SPADES THREE DIAMONDS FIVE,0.6608,0.0048,0.3344
SPADES TWO DIAMONDS FIVE,0.6674,0.0068,0.3258
SPADES FIVE DIAMONDS FIVE,0.4996,0.0042,0.4962
HEARTS JACK CLUBS TEN,0.7292,0.0156,0.2552
SPADES TEN DIAMONDS EIGHT,0.6688,0.0042,0.327
SPADES FOUR DIAMONDS FIVE,0.6334,0.0048,0.3618
HEARTS JACK CLUBS JACK,0.3484,0.0188,0.6328
HEARTS JACK CLUBS QUEEN,0.7374,0.0122,0.2504
CLUBS NINE DIAMONDS FIVE,0.6812,0.0042,0.3146
HEARTS JACK CLUBS KING,0.7362,0.0158,0.248
CLUBS EIGHT DIAMONDS FIVE,0.6754,0.0056,0.319
HEARTS JACK CLUBS ACE,0.0706,0.9062,0.0232
SPADES SEVEN DIAMONDS FIVE,0.651,0.0052,0.3438
SPADES KING DIAMONDS EIGHT,0.6614,0.0048,0.3338
SPADES SIX DIAMONDS FIVE,0.6412,0.0034,0.3554
SPADES QUEEN DIAMONDS EIGHT,0.6502,0.0042,0.3456
SPADES NINE DIAMONDS FIVE,0.6856,0.0036,0.3108
SPADES EIGHT DIAMONDS FIVE,0.6634,0.0034,0.3332
DIAMONDS TEN DIAMONDS SIX,0.6396,0.0062,0.3542
HEARTS ACE DIAMONDS SEVEN,0.6906,0.0834,0.226
DIAMONDS JACK DIAMONDS SIX,0.719,0.0182,0.2628
HEARTS QUEEN DIAMONDS SEVEN,0.6674,0.0052,0.3274
HEARTS KING DIAMONDS SEVEN,0.6622,0.0048,0.333
DIAMONDS ACE DIAMONDS SIX,0.6508,0.0742,0.275
HEARTS FOUR DIAMONDS SIX,0.6608,0.0034,0.3358
SPADES TWO HEARTS JACK,0.7744,0.0212,0.2044
HEARTS FIVE DIAMONDS SIX,0.6484,0.0036,0.348
SPADES TWO HEARTS TEN,0.6936,0.0048,0.3016
DIAMONDS QUEEN DIAMONDS SIX,0.6182,0.0048,0.377
HEARTS TWO DIAMONDS SIX,0.674,0.0042,0.3218
DIAMONDS KING DIAMONDS SIX,0.6258,0.004,0.3702
HEARTS THREE DIAMONDS SIX,0.667,0.0066,0.3264
HEARTS EIGHT DIAMONDS SIX,0.6554,0.0026,0.342
HEARTS NINE DIAMONDS SIX,0.68,0.0042,0.3158
HEARTS SIX DIAMONDS SIX,0.5068,0.003,0.4902
HEARTS SEVEN DIAMONDS SIX,0.6598,0.0056,0.3346
HEARTS TEN DIAMONDS SEVEN,0.677,0.0048,0.3182
CLUBS TWO DIAMONDS SIX,0.6838,0.005,0.3112
HEARTS JACK DIAMONDS SEVEN,0.7398,0.0188,0.2414
CLUBS THREE DIAMONDS SIX,0.6668,0.006,0.3272
DIAMONDS EIGHT CLUBS JACK,0.747,0.02,0.233
CLUBS SEVEN DIAMONDS SIX,0.6548,0.0046,0.3406
CLUBS SIX DIAMONDS SIX,0.4988,0.0036,0.4976
DIAMONDS EIGHT CLUBS TEN,0.6602,0.0034,0.3364
CLUBS FIVE DIAMONDS SIX,0.6466,0.003,0.3504
CLUBS FOUR DIAMONDS SIX,0.6594,0.004,0.3366
HEARTS ACE HEARTS JACK,0.0684,0.8646,0.067
DIAMONDS EIGHT CLUBS ACE,0.6914,0.0908,0.2178
HEARTS JACK HEARTS QUEEN,0.7046,0.0132,0.2822
DIAMONDS EIGHT CLUBS KING,0.6668,0.004,0.3292
CLUBS NINE DIAMONDS SIX,0.6726,0.0034,0.324
HEARTS KING HEARTS JACK,0.7052,0.0142,0.2806
DIAMONDS EIGHT CLUBS QUEEN,0.6548,0.004,0.3412
CLUBS EIGHT DIAMONDS SIX,0.659,0.0042,0.3368
SPADES FIVE DIAMONDS SIX,0.6396,0.0048,0.3556
SPADES TEN HEARTS KING,0.6376,0.0058,0.3566
HEARTS ACE SPADES TWO,0.677,0.0852,0.2378
SPADES FOUR DIAMONDS SIX,0.6592,0.0056,0.3352
SPADES THREE DIAMONDS SIX,0.681,0.006,0.313
SPADES TWO HEARTS QUEEN,0.6674,0.0056,0.327
HEARTS KING SPADES TWO,0.6706,0.004,0.3254
SPADES TWO DIAMONDS SIX,0.6936,0.0048,0.3016
HEARTS TEN HEARTS EIGHT,0.6184,0.0046,0.377
SPADES NINE DIAMONDS SIX,0.6734,0.0058,0.3208
HEARTS JACK HEARTS EIGHT,0.699,0.018,0.283
SPADES EIGHT DIAMONDS SIX,0.6488,0.0034,0.3478
SPADES SEVEN DIAMONDS SIX,0.652,0.0048,0.3432
SPADES SIX DIAMONDS SIX,0.506,0.0052,0.4888
SPADES KING HEARTS KING,0.3136,0.0044,0.682
SPADES QUEEN HEARTS KING,0.6036,0.0076,0.3888
CLUBS ACE CLUBS KING,0.266,0.0428,0.6912
SPADES QUEEN HEARTS JACK,0.731,0.0142,0.2548
SPADES KING HEARTS JACK,0.7412,0.0162,0.2426
SPADES TEN DIAMONDS TEN,0.4682,0.0042,0.5276
SPADES TEN HEARTS JACK,0.7208,0.0182,0.261
SPADES QUEEN DIAMONDS TEN,0.6382,0.0062,0.3556
SPADES KING DIAMONDS TEN,0.6436,0.0066,0.3498
SPADES NINE DIAMONDS SEVEN,0.6558,0.0026,0.3416
SPADES EIGHT DIAMONDS SEVEN,0.638,0.0064,0.3556
SPADES SEVEN DIAMONDS SEVEN,0.485,0.0052,0.5098
SPADES SIX DIAMONDS SEVEN,0.6458,0.0036,0.3506
DIAMONDS KING DIAMONDS SEVEN,0.6248,0.003,0.3722
HEARTS THREE DIAMONDS SEVEN,0.682,0.0042,0.3138
HEARTS KING DIAMONDS FIVE,0.6692,0.0044,0.3264
DIAMONDS QUEEN DIAMONDS SEVEN,0.619,0.0058,0.3752
HEARTS TWO DIAMONDS SEVEN,0.6966,0.0048,0.2986
HEARTS QUEEN DIAMONDS FIVE,0.671,0.0042,0.3248
HEARTS FIVE DIAMONDS SEVEN,0.6598,0.0034,0.3368
DIAMONDS ACE DIAMONDS SEVEN,0.6538,0.0782,0.268
HEARTS FOUR DIAMONDS SEVEN,0.689,0.0036,0.3074
HEARTS ACE DIAMONDS FIVE,0.6706,0.0814,0.248
HEARTS SEVEN DIAMONDS SEVEN,0.4926,0.0034,0.504
HEARTS SIX DIAMONDS SEVEN,0.66,0.0028,0.3372
HEARTS NINE DIAMONDS SEVEN,0.6658,0.0028,0.3314
DIAMONDS SEVEN HEARTS EIGHT,0.6394,0.003,0.3576
DIAMONDS JACK DIAMONDS SEVEN,0.7024,0.02,0.2776
HEARTS JACK DIAMONDS FIVE,0.7676,0.0226,0.2098
DIAMONDS TEN DIAMONDS SEVEN,0.6202,0.0032,0.3766
DIAMONDS FIVE HEARTS TEN,0.685,0.0054,0.3096
SPADES KING CLUBS TWO,0.673,0.0048,0.3222
HEARTS KING CLUBS KING,0.3158,0.0056,0.6786
CLUBS EIGHT DIAMONDS SEVEN,0.6324,0.0028,0.3648
SPADES QUEEN CLUBS TWO,0.6754,0.0068,0.3178
HEARTS KING CLUBS QUEEN,0.6188,0.0046,0.3766
CLUBS NINE DIAMONDS SEVEN,0.6552,0.003,0.3418
SPADES TWO CLUBS JACK,0.7644,0.0208,0.2148
SPADES TWO CLUBS TEN,0.7086,0.0034,0.288
HEARTS KING CLUBS ACE,0.2872,0.0404,0.6724
CLUBS SIX CLUBS SEVEN,0.5998,0.0054,0.3948
SPADES TWO CLUBS KING,0.6778,0.0056,0.3166
SPADES TWO DIAMONDS SEVEN,0.6896,0.0062,0.3042
CLUBS EIGHT CLUBS SIX,0.6176,0.0032,0.3792
SPADES THREE DIAMONDS SEVEN,0.6906,0.0058,0.3036
SPADES TWO CLUBS QUEEN,0.6734,0.0046,0.322
CLUBS NINE CLUBS SIX,0.6278,0.0072,0.365
SPADES FOUR DIAMONDS SEVEN,0.6684,0.0058,0.3258
HEARTS KING CLUBS JACK,0.747,0.0124,0.2406
SPADES FIVE DIAMONDS SEVEN,0.6466,0.0068,0.3466
SPADES TWO CLUBS ACE,0.6742,0.087,0.2388
HEARTS KING CLUBS TEN,0.6448,0.0028,0.3524
CLUBS SIX SPADES TWO,0.6902,0.0026,0.3072
CLUBS SIX SPADES THREE,0.6738,0.006,0.3202
CLUBS TWO DIAMONDS SEVEN,0.6912,0.0064,0.3024
CLUBS SIX SPADES FOUR,0.6642,0.0052,0.3306
CLUBS THREE DIAMONDS SEVEN,0.6872,0.0042,0.3086
CLUBS SIX SPADES FIVE,0.6502,0.0042,0.3456
CLUBS FOUR DIAMONDS SEVEN,0.6686,0.0054,0.326
CLUBS SIX SPADES SIX,0.4906,0.0042,0.5052
CLUBS FIVE DIAMONDS SEVEN,0.6722,0.0042,0.3236
CLUBS SIX SPADES SEVEN,0.6408,0.0058,0.3534
CLUBS SIX DIAMONDS SEVEN,0.6566,0.0022,0.3412
CLUBS SIX SPADES EIGHT,0.6516,0.003,0.3454
SPADES TEN CLUBS TWO,0.7156,0.0058,0.2786
CLUBS SIX SPADES NINE,0.668,0.0056,0.3264
CLUBS SEVEN DIAMONDS SEVEN,0.5032,0.003,0.4938
CLUBS TWO CLUBS QUEEN,0.6274,0.0036,0.369
CLUBS TWO CLUBS KING,0.641,0.004,0.355
CLUBS THREE DIAMONDS EIGHT,0.69,0.0046,0.3054
CLUBS TWO CLUBS ACE,0.6424,0.0772,0.2804
CLUBS TWO DIAMONDS EIGHT,0.7006,0.004,0.2954
DIAMONDS EIGHT HEARTS SEVEN,0.6544,0.0034,0.3422
HEARTS SIX DIAMONDS EIGHT,0.6528,0.003,0.3442
DIAMONDS EIGHT HEARTS NINE,0.6394,0.0024,0.3582
CLUBS TWO CLUBS TEN,0.6624,0.0052,0.3324
DIAMONDS EIGHT HEARTS EIGHT,0.4834,0.0024,0.5142
CLUBS TWO CLUBS JACK,0.729,0.022,0.249
CLUBS NINE DIAMONDS EIGHT,0.652,0.0024,0.3456
CLUBS EIGHT DIAMONDS EIGHT,0.5014,0.005,0.4936
CLUBS FIVE DIAMONDS EIGHT,0.6694,0.0036,0.327
CLUBS FOUR DIAMONDS EIGHT,0.6856,0.0028,0.3116
SPADES QUEEN SPADES THREE,0.6554,0.0074,0.3372
CLUBS SEVEN DIAMONDS EIGHT,0.6348,0.0036,0.3616
CLUBS SIX DIAMONDS EIGHT,0.6696,0.0032,0.3272
SPADES KING SPADES THREE,0.667,0.006,0.327
DIAMONDS QUEEN DIAMONDS EIGHT,0.6246,0.0046,0.3708
HEARTS TWO DIAMONDS EIGHT,0.6878,0.0048,0.3074
DIAMONDS KING DIAMONDS EIGHT,0.6236,0.0038,0.3726
HEARTS THREE DIAMONDS EIGHT,0.6958,0.005,0.2992
DIAMONDS ACE DIAMONDS EIGHT,0.6526,0.0758,0.2716
HEARTS FOUR DIAMONDS EIGHT,0.6818,0.0046,0.3136
HEARTS FIVE DIAMONDS EIGHT,0.6646,0.0044,0.331
DIAMONDS EIGHT DIAMONDS TEN,0.6254,0.0044,0.3702
DIAMONDS EIGHT DIAMONDS JACK,0.6924,0.0194,0.2882
SPADES TEN SPADES THREE,0.6828,0.0066,0.3106
CLUBS FOUR HEARTS ACE,0.6786,0.0826,0.2388
CLUBS FOUR HEARTS QUEEN,0.6712,0.0048,0.324
CLUBS FOUR HEARTS KING,0.665,0.004,0.331
CLUBS SIX HEARTS TEN,0.6866,0.003,0.3104
CLUBS SIX HEARTS JACK,0.7632,0.02,0.2168
SPADES FOUR DIAMONDS EIGHT,0.6792,0.004,0.3168
SPADES FIVE DIAMONDS EIGHT,0.6676,0.0068,0.3256
DIAMONDS EIGHT SPADES TWO,0.6844,0.0046,0.311
SPADES THREE DIAMONDS EIGHT,0.6846,0.0038,0.3116
CLUBS FOUR HEARTS JACK,0.7606,0.0202,0.2192
SPADES EIGHT DIAMONDS EIGHT,0.4848,0.0054,0.5098
SPADES TEN HEARTS TWO,0.7002,0.0054,0.2944
SPADES TEN DIAMONDS QUEEN,0.6388,0.0046,0.3566
CLUBS FOUR HEARTS TEN,0.6894,0.0036,0.307
SPADES TEN HEARTS EIGHT,0.6668,0.004,0.3292
SPADES NINE DIAMONDS EIGHT,0.638,0.0042,0.3578
SPADES SIX DIAMONDS EIGHT,0.6496,0.004,0.3464
SPADES SEVEN DIAMONDS EIGHT,0.6424,0.0046,0.353
SPADES QUEEN DIAMONDS QUEEN,0.3306,0.0032,0.6662
SPADES QUEEN HEARTS TWO,0.6758,0.0044,0.3198
SPADES KING HEARTS EIGHT,0.6594,0.0048,0.3358
SPADES QUEEN HEARTS EIGHT,0.6488,0.0062,0.345
SPADES KING HEARTS TWO,0.6666,0.0054,0.328
SPADES KING DIAMONDS QUEEN,0.6134,0.0058,0.3808
CLUBS TWO HEARTS TEN,0.6984,0.0064,0.2952
CLUBS TWO HEARTS JACK,0.7672,0.02,0.2128
SPADES SEVEN DIAMONDS NINE,0.6622,0.0064,0.3314
SPADES SIX DIAMONDS NINE,0.6716,0.0038,0.3246
SPADES NINE DIAMONDS NINE,0.4956,0.0048,0.4996
SPADES EIGHT DIAMONDS NINE,0.633,0.0044,0.3626
SPADES TEN CLUBS KING,0.6542,0.0062,0.3396
DIAMONDS NINE SPADES THREE,0.6976,0.0036,0.2988
DIAMONDS NINE SPADES TWO,0.6944,0.0048,0.3008
SPADES FIVE DIAMONDS NINE,0.6708,0.003,0.3262
SPADES FOUR DIAMONDS NINE,0.691,0.005,0.304
CLUBS NINE DIAMONDS NINE,0.495,0.0034,0.5016
CLUBS EIGHT DIAMONDS NINE,0.6646,0.0028,0.3326
CLUBS SIX DIAMONDS NINE,0.6724,0.004,0.3236
SPADES TEN CLUBS FOUR,0.7046,0.0036,0.2918
CLUBS SEVEN DIAMONDS NINE,0.658,0.0052,0.3368
CLUBS FOUR DIAMONDS NINE,0.682,0.0038,0.3142
CLUBS FIVE DIAMONDS NINE,0.6812,0.0042,0.3146
CLUBS TWO DIAMONDS NINE,0.702,0.0044,0.2936
CLUBS THREE DIAMONDS NINE,0.6868,0.005,0.3082
DIAMONDS NINE HEARTS EIGHT,0.6412,0.005,0.3538
DIAMONDS NINE HEARTS NINE,0.4714,0.0054,0.5232
HEARTS SIX DIAMONDS NINE,0.6762,0.0054,0.3184
DIAMONDS NINE HEARTS SEVEN,0.6576,0.0046,0.3378
CLUBS EIGHT CLUBS NINE,0.6136,0.0026,0.3838
DIAMONDS ACE DIAMONDS NINE,0.649,0.0862,0.2648
HEARTS FOUR DIAMONDS NINE,0.694,0.005,0.301
HEARTS FIVE DIAMONDS NINE,0.6748,0.0054,0.3198
CLUBS TWO HEARTS ACE,0.6812,0.0838,0.235
DIAMONDS QUEEN DIAMONDS NINE,0.604,0.0044,0.3916
HEARTS TWO DIAMONDS NINE,0.7012,0.0038,0.295
CLUBS TWO HEARTS KING,0.6724,0.0054,0.3222
SPADES KING CLUBS FOUR,0.6624,0.0042,0.3334
DIAMONDS KING DIAMONDS NINE,0.6308,0.0038,0.3654
HEARTS THREE DIAMONDS NINE,0.6866,0.0054,0.308
CLUBS TWO HEARTS QUEEN,0.6738,0.0054,0.3208
SPADES QUEEN CLUBS FOUR,0.6644,0.0068,0.3288
DIAMONDS NINE DIAMONDS JACK,0.693,0.0184,0.2886
CLUBS EIGHT SPADES NINE,0.648,0.0058,0.3462
DIAMONDS NINE DIAMONDS TEN,0.6146,0.0054,0.38
CLUBS EIGHT SPADES EIGHT,0.4868,0.0046,0.5086
CLUBS EIGHT SPADES SEVEN,0.639,0.0046,0.3564
CLUBS EIGHT SPADES SIX,0.6574,0.004,0.3386
CLUBS EIGHT SPADES FIVE,0.6584,0.0054,0.3362
CLUBS EIGHT SPADES FOUR,0.6766,0.0062,0.3172
CLUBS EIGHT SPADES THREE,0.6762,0.0044,0.3194
CLUBS EIGHT SPADES TWO,0.6966,0.004,0.2994
HEARTS SIX DIAMONDS TEN,0.6932,0.0044,0.3024
DIAMONDS TEN HEARTS SEVEN,0.6694,0.0032,0.3274
DIAMONDS TEN HEARTS EIGHT,0.671,0.004,0.325
CLUBS FOUR CLUBS JACK,0.7156,0.0194,0.265
DIAMONDS TEN HEARTS NINE,0.6494,0.0042,0.3464
CLUBS FOUR CLUBS TEN,0.659,0.0058,0.3352
CLUBS FOUR CLUBS KING,0.6156,0.005,0.3794
CLUBS FOUR CLUBS QUEEN,0.6222,0.0064,0.3714
CLUBS TWO DIAMONDS TEN,0.6908,0.0044,0.3048
CLUBS THREE DIAMONDS TEN,0.6924,0.0052,0.3024
CLUBS FOUR CLUBS ACE,0.6436,0.0834,0.273
DIAMONDS JACK DIAMONDS TEN,0.6876,0.0198,0.2926
DIAMONDS QUEEN DIAMONDS TEN,0.5982,0.005,0.3968
HEARTS TWO DIAMONDS TEN,0.7036,0.0056,0.2908
DIAMONDS KING DIAMONDS TEN,0.6088,0.0032,0.388
HEARTS THREE DIAMONDS TEN,0.6856,0.0052,0.3092
DIAMONDS ACE DIAMONDS TEN,0.653,0.0734,0.2736
HEARTS FOUR DIAMONDS TEN,0.6912,0.0042,0.3046
CLUBS EIGHT HEARTS JACK,0.7428,0.0146,0.2426
HEARTS FIVE DIAMONDS TEN,0.6934,0.0046,0.302
CLUBS EIGHT HEARTS TEN,0.655,0.0046,0.3404
CLUBS EIGHT HEARTS QUEEN,0.6626,0.0056,0.3318
CLUBS EIGHT HEARTS KING,0.6696,0.0048,0.3256
CLUBS EIGHT HEARTS ACE,0.6944,0.0806,0.225
CLUBS NINE SPADES THREE,0.6908,0.0046,0.3046
CLUBS NINE SPADES TWO,0.6888,0.0042,0.307
CLUBS NINE SPADES FIVE,0.6794,0.0052,0.3154
CLUBS NINE SPADES FOUR,0.679,0.0044,0.3166
CLUBS NINE SPADES SEVEN,0.6594,0.0038,0.3368
CLUBS NINE SPADES SIX,0.6816,0.0038,0.3146
CLUBS NINE SPADES NINE,0.4992,0.0042,0.4966
CLUBS TEN HEARTS EIGHT,0.6644,0.0056,0.33
CLUBS NINE SPADES EIGHT,0.6446,0.004,0.3514
CLUBS JACK HEARTS EIGHT,0.7516,0.015,0.2334
CLUBS QUEEN HEARTS EIGHT,0.6632,0.0038,0.333
CLUBS KING HEARTS EIGHT,0.6708,0.0052,0.324
CLUBS ACE HEARTS EIGHT,0.6898,0.0856,0.2246
SPADES KING CLUBS KING,0.3296,0.0054,0.665
SPADES QUEEN CLUBS KING,0.6136,0.0066,0.3798
DIAMONDS ACE HEARTS TEN,0.699,0.0814,0.2196
HEARTS FOUR HEARTS TEN,0.6566,0.006,0.3374
DIAMONDS ACE HEARTS JACK,0.0718,0.9042,0.024
HEARTS FOUR HEARTS JACK,0.7212,0.023,0.2558
SPADES KING CLUBS FIVE,0.658,0.0046,0.3374
SPADES QUEEN CLUBS FIVE,0.6756,0.004,0.3204
DIAMONDS JACK HEARTS SEVEN,0.7488,0.0178,0.2334
HEARTS SIX DIAMONDS JACK,0.7664,0.0202,0.2134
DIAMONDS JACK HEARTS NINE,0.7458,0.0176,0.2366
DIAMONDS JACK HEARTS EIGHT,0.7354,0.0194,0.2452
DIAMONDS KING DIAMONDS JACK,0.7118,0.016,0.2722
HEARTS THREE DIAMONDS JACK,0.7704,0.0182,0.2114
SPADES FOUR HEARTS ACE,0.6758,0.0798,0.2444
DIAMONDS QUEEN DIAMONDS JACK,0.6948,0.0154,0.2898
HEARTS TWO DIAMONDS JACK,0.7748,0.0206,0.2046
HEARTS FIVE DIAMONDS JACK,0.768,0.021,0.211
SPADES FOUR HEARTS QUEEN,0.6558,0.0036,0.3406
SPADES QUEEN SPADES SIX,0.6552,0.0086,0.3362
DIAMONDS ACE DIAMONDS JACK,0.0716,0.8494,0.079
HEARTS FOUR DIAMONDS JACK,0.7664,0.0182,0.2154
SPADES FOUR HEARTS KING,0.6734,0.0046,0.322
SPADES KING SPADES SIX,0.6568,0.0054,0.3378
SPADES TEN SPADES SIX,0.6832,0.0058,0.311
SPADES FOUR DIAMONDS JACK,0.7624,0.022,0.2156
SPADES FIVE DIAMONDS JACK,0.7608,0.0204,0.2188
SPADES TWO DIAMONDS JACK,0.7578,0.0232,0.219
SPADES THREE DIAMONDS JACK,0.7734,0.0232,0.2034
SPADES QUEEN DIAMONDS THREE,0.661,0.0056,0.3334
CLUBS EIGHT DIAMONDS JACK,0.7396,0.016,0.2444
SPADES KING DIAMONDS THREE,0.6632,0.0056,0.3312
CLUBS NINE DIAMONDS JACK,0.7446,0.0208,0.2346
CLUBS SIX DIAMONDS JACK,0.762,0.0232,0.2148
CLUBS SEVEN DIAMONDS JACK,0.7496,0.0176,0.2328
CLUBS FOUR DIAMONDS JACK,0.7618,0.019,0.2192
CLUBS FIVE DIAMONDS JACK,0.7628,0.021,0.2162
CLUBS TWO DIAMONDS JACK,0.7692,0.0248,0.206
CLUBS THREE DIAMONDS JACK,0.7678,0.0214,0.2108
SPADES TEN CLUBS FIVE,0.684,0.0056,0.3104
SPADES TEN HEARTS SIX,0.6846,0.0042,0.3112
CLUBS SEVEN CLUBS ACE,0.6534,0.0814,0.2652
SPADES TEN DIAMONDS THREE,0.7,0.0068,0.2932
CLUBS SEVEN CLUBS QUEEN,0.637,0.0062,0.3568
CLUBS SEVEN CLUBS KING,0.6236,0.0038,0.3726
SPADES NINE DIAMONDS JACK,0.7402,0.0174,0.2424
CLUBS SEVEN CLUBS TEN,0.6342,0.0028,0.363
DIAMONDS ACE HEARTS ACE,0.1222,0.0088,0.869
HEARTS FOUR HEARTS ACE,0.6346,0.091,0.2744
SPADES EIGHT DIAMONDS JACK,0.729,0.018,0.253
CLUBS SEVEN CLUBS JACK,0.7,0.0182,0.2818
DIAMONDS ACE HEARTS KING,0.31,0.0386,0.6514
HEARTS FOUR HEARTS KING,0.6258,0.0046,0.3696
SPADES SEVEN DIAMONDS JACK,0.7374,0.0238,0.2388
SPADES KING HEARTS SIX,0.6644,0.0046,0.331
DIAMONDS ACE HEARTS QUEEN,0.288,0.0556,0.6564
HEARTS FOUR HEARTS QUEEN,0.6226,0.0048,0.3726
SPADES SIX DIAMONDS JACK,0.7586,0.0214,0.22
SPADES QUEEN HEARTS SIX,0.6732,0.0058,0.321
SPADES TWO DIAMONDS TEN,0.6986,0.005,0.2964
SPADES THREE DIAMONDS TEN,0.692,0.0046,0.3034
SPADES FOUR DIAMONDS TEN,0.6988,0.0042,0.297
SPADES FIVE DIAMONDS TEN,0.6924,0.0064,0.3012
SPADES SIX DIAMONDS TEN,0.6852,0.0066,0.3082
SPADES SEVEN DIAMONDS TEN,0.6654,0.005,0.3296
SPADES EIGHT DIAMONDS TEN,0.6664,0.0058,0.3278
SPADES NINE DIAMONDS TEN,0.6498,0.0048,0.3454
CLUBS FOUR DIAMONDS TEN,0.6852,0.0038,0.311
CLUBS FIVE DIAMONDS TEN,0.6918,0.0044,0.3038
CLUBS SIX DIAMONDS TEN,0.6798,0.0032,0.317
CLUBS SEVEN DIAMONDS TEN,0.6738,0.0026,0.3236
CLUBS EIGHT DIAMONDS TEN,0.6656,0.005,0.3294
CLUBS NINE DIAMONDS TEN,0.656,0.0046,0.3394
DIAMONDS THREE CLUBS JACK,0.7566,0.0216,0.2218
DIAMONDS THREE CLUBS TEN,0.7026,0.005,0.2924
DIAMONDS THREE CLUBS KING,0.6686,0.0042,0.3272
DIAMONDS THREE CLUBS QUEEN,0.6768,0.0048,0.3184
DIAMONDS THREE CLUBS ACE,0.6774,0.0848,0.2378
SPADES FOUR HEARTS JACK,0.7628,0.0216,0.2156
SPADES FOUR HEARTS TEN,0.7036,0.0042,0.2922
SPADES FIVE SPADES TWO,0.6568,0.0064,0.3368
SPADES FOUR SPADES TWO,0.6664,0.0074,0.3262
SPADES THREE SPADES TWO,0.6702,0.0074,0.3224
SPADES NINE SPADES TWO,0.6956,0.005,0.2994
SPADES EIGHT SPADES TWO,0.6934,0.0066,0.3
SPADES SEVEN SPADES TWO,0.6946,0.0068,0.2986
SPADES SIX SPADES TWO,0.6822,0.006,0.3118
DIAMONDS QUEEN CLUBS THREE,0.6788,0.0066,0.3146
HEARTS TWO CLUBS THREE,0.6672,0.0054,0.3274
DIAMONDS QUEEN CLUBS TWO,0.6642,0.0046,0.3312
CLUBS TWO HEARTS TWO,0.5072,0.0052,0.4876
DIAMONDS QUEEN HEARTS SEVEN,0.673,0.0034,0.3236
HEARTS TWO HEARTS SEVEN,0.6604,0.0054,0.3342
HEARTS SIX DIAMONDS QUEEN,0.668,0.0032,0.3288
HEARTS SIX HEARTS TWO,0.6484,0.0048,0.3468
DIAMONDS QUEEN HEARTS NINE,0.6436,0.0036,0.3528
HEARTS TWO HEARTS NINE,0.652,0.0054,0.3426
DIAMONDS QUEEN HEARTS EIGHT,0.6504,0.0052,0.3444
HEARTS TWO HEARTS EIGHT,0.6556,0.0056,0.3388
CLUBS NINE HEARTS TWO,0.6976,0.0054,0.297
CLUBS NINE DIAMONDS QUEEN,0.658,0.003,0.339
CLUBS EIGHT HEARTS TWO,0.692,0.0028,0.3052
CLUBS EIGHT DIAMONDS QUEEN,0.6526,0.0026,0.3448
CLUBS FIVE DIAMONDS QUEEN,0.6538,0.0036,0.3426
CLUBS FIVE HEARTS TWO,0.6736,0.0038,0.3226
SPADES EIGHT HEARTS ACE,0.6898,0.0856,0.2246
CLUBS FOUR DIAMONDS QUEEN,0.6596,0.0052,0.3352
CLUBS FOUR HEARTS TWO,0.6782,0.0052,0.3166
SPADES EIGHT HEARTS QUEEN,0.639,0.0046,0.3564
CLUBS SEVEN HEARTS TWO,0.6862,0.0066,0.3072
CLUBS SEVEN DIAMONDS QUEEN,0.6624,0.0038,0.3338
CLUBS SIX DIAMONDS QUEEN,0.6656,0.0038,0.3306
CLUBS SIX HEARTS TWO,0.6808,0.0048,0.3144
SPADES EIGHT HEARTS KING,0.6668,0.0052,0.328
DIAMONDS QUEEN SPADES SIX,0.6406,0.005,0.3544
SPADES SIX HEARTS TWO,0.689,0.0056,0.3054
HEARTS FOUR CLUBS QUEEN,0.6614,0.004,0.3346
DIAMONDS ACE CLUBS QUEEN,0.2846,0.0572,0.6582
SPADES SEVEN DIAMONDS QUEEN,0.6724,0.0042,0.3234
SPADES SEVEN HEARTS TWO,0.6784,0.0062,0.3154
HEARTS FOUR CLUBS KING,0.6528,0.0052,0.342
DIAMONDS ACE CLUBS KING,0.2938,0.045,0.6612
SPADES EIGHT DIAMONDS QUEEN,0.6498,0.0042,0.346
SPADES EIGHT HEARTS TWO,0.687,0.0062,0.3068
HEARTS FOUR CLUBS ACE,0.6812,0.0792,0.2396
DIAMONDS ACE CLUBS ACE,0.1338,0.013,0.8532
SPADES NINE HEARTS TWO,0.694,0.0072,0.2988
SPADES NINE DIAMONDS QUEEN,0.648,0.0032,0.3488
HEARTS TWO SPADES TWO,0.4956,0.0056,0.4988
DIAMONDS QUEEN SPADES TWO,0.6654,0.0046,0.33
HEARTS TWO SPADES THREE,0.6724,0.0056,0.322
DIAMONDS QUEEN SPADES THREE,0.6766,0.006,0.3174
HEARTS TWO SPADES FOUR,0.6574,0.0076,0.335
DIAMONDS QUEEN SPADES FOUR,0.6646,0.0038,0.3316
HEARTS FOUR CLUBS TEN,0.7066,0.0046,0.2888
DIAMONDS ACE CLUBS TEN,0.6816,0.0896,0.2288
DIAMONDS QUEEN SPADES FIVE,0.6572,0.0058,0.337
HEARTS TWO SPADES FIVE,0.657,0.0056,0.3374
HEARTS FOUR CLUBS JACK,0.7716,0.016,0.2124
DIAMONDS ACE CLUBS JACK,0.0724,0.9084,0.0192
CLUBS FIVE CLUBS KING,0.624,0.0042,0.3718
CLUBS FIVE CLUBS QUEEN,0.623,0.0046,0.3724
CLUBS FIVE CLUBS ACE,0.639,0.0776,0.2834
CLUBS FIVE CLUBS JACK,0.7264,0.0174,0.2562
CLUBS FIVE CLUBS TEN,0.651,0.0036,0.3454
SPADES KING CLUBS JACK,0.7404,0.0182,0.2414
SPADES QUEEN CLUBS JACK,0.741,0.0142,0.2448
SPADES SIX CLUBS KING,0.6692,0.0056,0.3252
SPADES SIX CLUBS QUEEN,0.6566,0.0036,0.3398
SPADES EIGHT HEARTS JACK,0.7334,0.0174,0.2492
SPADES SIX CLUBS ACE,0.7066,0.0798,0.2136
SPADES EIGHT HEARTS TEN,0.65,0.0044,0.3456
SPADES SIX CLUBS JACK,0.7556,0.0208,0.2236
SPADES SIX CLUBS TEN,0.686,0.0062,0.3078
SPADES TEN CLUBS JACK,0.7154,0.0176,0.267
SPADES QUEEN CLUBS SEVEN,0.6656,0.0036,0.3308
SPADES KING CLUBS SEVEN,0.67,0.0034,0.3266
SPADES SIX HEARTS TEN,0.683,0.0034,0.3136
SPADES SIX HEARTS JACK,0.7674,0.0194,0.2132
SPADES SIX HEARTS ACE,0.6988,0.085,0.2162
SPADES SIX HEARTS KING,0.6858,0.0034,0.3108
SPADES SIX HEARTS QUEEN,0.6776,0.0066,0.3158
SPADES TEN CLUBS SEVEN,0.657,0.006,0.337
HEARTS SIX CLUBS TEN,0.6944,0.003,0.3026
HEARTS SIX CLUBS JACK,0.7568,0.0222,0.221
CLUBS ACE CLUBS JACK,0.067,0.8642,0.0688
HEARTS SIX CLUBS QUEEN,0.6682,0.0024,0.3294
HEARTS SIX CLUBS KING,0.6636,0.0032,0.3332
HEARTS SIX CLUBS ACE,0.691,0.0804,0.2286
CLUBS QUEEN CLUBS JACK,0.696,0.0112,0.2928
CLUBS KING CLUBS JACK,0.7122,0.0162,0.2716
DIAMONDS THREE HEARTS ACE,0.6916,0.083,0.2254
DIAMONDS THREE HEARTS QUEEN,0.6646,0.0046,0.3308
DIAMONDS THREE HEARTS KING,0.6674,0.004,0.3286
CLUBS FIVE HEARTS JACK,0.7624,0.0164,0.2212
HEARTS FOUR SPADES TEN,0.6868,0.0068,0.3064
SPADES TEN DIAMONDS ACE,0.6776,0.0894,0.233
CLUBS FIVE HEARTS TEN,0.6962,0.0036,0.3002
CLUBS FIVE HEARTS ACE,0.681,0.0808,0.2382
CLUBS FIVE HEARTS KING,0.6638,0.0028,0.3334
SPADES FOUR CLUBS JACK,0.7478,0.0196,0.2326
SPADES QUEEN DIAMONDS ACE,0.2804,0.059,0.6606
HEARTS FOUR SPADES QUEEN,0.6422,0.004,0.3538
CLUBS FIVE HEARTS QUEEN,0.6632,0.0042,0.3326
SPADES FOUR CLUBS TEN,0.6924,0.0044,0.3032
SPADES KING HEARTS FOUR,0.68,0.005,0.315
SPADES KING DIAMONDS ACE,0.2802,0.0498,0.67
DIAMONDS QUEEN DIAMONDS ACE,0.2672,0.0542,0.6786
HEARTS TWO DIAMONDS ACE,0.6804,0.0852,0.2344
HEARTS FOUR DIAMONDS QUEEN,0.6678,0.0042,0.328
HEARTS FOUR HEARTS TWO,0.6396,0.0068,0.3536
DIAMONDS THREE HEARTS TEN,0.7006,0.0042,0.2952
SPADES FOUR CLUBS KING,0.659,0.0054,0.3356
HEARTS FIVE DIAMONDS QUEEN,0.664,0.0044,0.3316
HEARTS FIVE HEARTS TWO,0.6274,0.0048,0.3678
DIAMONDS THREE HEARTS JACK,0.777,0.0222,0.2008
SPADES FOUR CLUBS QUEEN,0.6624,0.0054,0.3322
DIAMONDS QUEEN HEARTS TWO,0.6892,0.0044,0.3064
DIAMONDS KING DIAMONDS QUEEN,0.5826,0.0068,0.4106
DIAMONDS KING HEARTS TWO,0.6734,0.0048,0.3218
HEARTS THREE DIAMONDS QUEEN,0.674,0.0042,0.3218
HEARTS THREE HEARTS TWO,0.6382,0.007,0.3548
SPADES FOUR CLUBS ACE,0.6712,0.0852,0.2436
HEARTS TWO CLUBS ACE,0.6878,0.0812,0.231
DIAMONDS QUEEN CLUBS ACE,0.2966,0.055,0.6484
HEARTS TWO CLUBS QUEEN,0.664,0.0048,0.3312
DIAMONDS QUEEN CLUBS QUEEN,0.3166,0.005,0.6784
HEARTS TWO CLUBS KING,0.6766,0.0056,0.3178
DIAMONDS QUEEN CLUBS KING,0.5966,0.0044,0.399
SPADES EIGHT SPADES FIVE,0.6622,0.0058,0.332
HEARTS TWO CLUBS TEN,0.7132,0.0046,0.2822
DIAMONDS QUEEN CLUBS TEN,0.6474,0.003,0.3496
SPADES NINE SPADES FIVE,0.6722,0.0082,0.3196
HEARTS TWO CLUBS JACK,0.7746,0.0216,0.2038
DIAMONDS QUEEN CLUBS JACK,0.7214,0.014,0.2646
SPADES SIX SPADES FIVE,0.6384,0.006,0.3556
SPADES SEVEN SPADES FIVE,0.6516,0.0062,0.3422
DIAMONDS FIVE CLUBS QUEEN,0.6586,0.0042,0.3372
SPADES EIGHT CLUBS ACE,0.6866,0.0814,0.232
CLUBS KING DIAMONDS FIVE,0.6524,0.003,0.3446
SPADES EIGHT CLUBS KING,0.6742,0.0052,0.3206
CLUBS ACE DIAMONDS FIVE,0.6634,0.0842,0.2524
SPADES EIGHT CLUBS QUEEN,0.6488,0.0068,0.3444
SPADES EIGHT CLUBS JACK,0.7412,0.0204,0.2384
SPADES EIGHT CLUBS TEN,0.6476,0.0038,0.3486
DIAMONDS FIVE CLUBS TEN,0.7076,0.0052,0.2872
DIAMONDS FIVE CLUBS JACK,0.7688,0.0204,0.2108
HEARTS JACK DIAMONDS TEN,0.725,0.0148,0.2602
DIAMONDS TEN HEARTS TEN,0.4634,0.0032,0.5334
SPADES QUEEN CLUBS NINE,0.6288,0.0056,0.3656
SPADES KING CLUBS NINE,0.6568,0.0042,0.339
HEARTS SIX HEARTS KING,0.6334,0.0038,0.3628
DIAMONDS KING SPADES SEVEN,0.658,0.005,0.337
HEARTS THREE SPADES SEVEN,0.6668,0.0056,0.3276
SPADES KING DIAMONDS SEVEN,0.6674,0.0032,0.3294
HEARTS SIX HEARTS QUEEN,0.6316,0.0032,0.3652
DIAMONDS KING SPADES SIX,0.6724,0.0058,0.3218
HEARTS THREE SPADES SIX,0.6786,0.007,0.3144
SPADES QUEEN DIAMONDS SEVEN,0.6768,0.006,0.3172
