opposingHand,winningChance,drawChance,lostChance
SPADES SEVEN HEARTS ACE
HEARTS FIVE SPADES TEN,0.6564,0.0032,0.3404
SPADES JACK HEARTS FIVE,0.6342,0.006,0.3598
SPADES FIVE CLUBS JACK,0.6264,0.0052,0.3684
CLUBS TEN SPADES FIVE,0.6464,0.0036,0.35
CLUBS EIGHT CLUBS JACK,0.5528,0.0046,0.4426
CLUBS TEN CLUBS EIGHT,0.5462,0.003,0.4508
CLUBS EIGHT CLUBS KING,0.556,0.0026,0.4414
SPADES FIVE CLUBS ACE,0.4538,0.3092,0.237
CLUBS EIGHT CLUBS QUEEN,0.5594,0.0032,0.4374
SPADES FIVE CLUBS KING,0.6408,0.0052,0.354
SPADES FIVE CLUBS QUEEN,0.654,0.0032,0.3428
CLUBS EIGHT CLUBS ACE,0.2184,0.2126,0.569
DIAMONDS TWO DIAMONDS THREE,0.605,0.0052,0.3898
DIAMONDS TWO DIAMONDS FIVE,0.615,0.0054,0.3796
SPADES KING HEARTS FIVE,0.6514,0.0042,0.3444
DIAMONDS TWO DIAMONDS FOUR,0.6108,0.0044,0.3848
SPADES QUEEN HEARTS FIVE,0.6512,0.0046,0.3442
DIAMONDS TWO DIAMONDS SEVEN,0.6996,0.0334,0.267
DIAMONDS TWO DIAMONDS SIX,0.6214,0.0052,0.3734
SPADES ACE HEARTS FIVE,0.4688,0.3104,0.2208
DIAMONDS TWO DIAMONDS NINE,0.61,0.003,0.387
DIAMONDS TWO DIAMONDS EIGHT,0.5994,0.0036,0.397
DIAMONDS THREE DIAMONDS FOUR,0.5924,0.0054,0.4022
SPADES FOUR CLUBS TWO,0.6572,0.0056,0.3372
DIAMONDS THREE DIAMONDS FIVE,0.6026,0.0056,0.3918
SPADES FIVE CLUBS TWO,0.6592,0.0068,0.334
CLUBS TWO SPADES TWO,0.4826,0.0032,0.5142
CLUBS TWO SPADES THREE,0.6544,0.0054,0.3402
DIAMONDS THREE DIAMONDS EIGHT,0.5954,0.0028,0.4018
SPADES EIGHT CLUBS TWO,0.6344,0.0032,0.3624
DIAMONDS THREE DIAMONDS NINE,0.596,0.0044,0.3996
SPADES NINE CLUBS TWO,0.6398,0.005,0.3552
DIAMONDS THREE DIAMONDS SIX,0.6272,0.0044,0.3684
SPADES SIX CLUBS TWO,0.6678,0.0054,0.3268
DIAMONDS THREE DIAMONDS SEVEN,0.6874,0.0268,0.2858
CLUBS SIX CLUBS TWO,0.6224,0.0038,0.3738
CLUBS SEVEN CLUBS TWO,0.7106,0.0306,0.2588
CLUBS FOUR CLUBS TWO,0.611,0.0052,0.3838
CLUBS FIVE CLUBS TWO,0.6138,0.0062,0.38
CLUBS TEN CLUBS JACK,0.5164,0.0038,0.4798
DIAMONDS FOUR DIAMONDS SIX,0.5954,0.004,0.4006
CLUBS TEN CLUBS QUEEN,0.5272,0.0046,0.4682
DIAMONDS FOUR DIAMONDS SEVEN,0.686,0.0226,0.2914
CLUBS TEN CLUBS KING,0.544,0.0044,0.4516
CLUBS TEN CLUBS ACE,0.2136,0.1094,0.677
CLUBS EIGHT CLUBS TWO,0.6028,0.0032,0.394
DIAMONDS FIVE DIAMONDS FOUR,0.5904,0.004,0.4056
CLUBS NINE CLUBS TWO,0.6128,0.0052,0.382
DIAMONDS NINE DIAMONDS FOUR,0.604,0.0038,0.3922
DIAMONDS EIGHT DIAMONDS FOUR,0.615,0.0028,0.3822
CLUBS THREE CLUBS TWO,0.6198,0.0054,0.3748
DIAMONDS NINE DIAMONDS FIVE,0.6016,0.0032,0.3952
DIAMONDS TWO CLUBS JACK,0.6448,0.0056,0.3496
DIAMONDS EIGHT DIAMONDS FIVE,0.5722,0.003,0.4248
CLUBS TEN DIAMONDS TWO,0.6432,0.0052,0.3516
DIAMONDS FIVE DIAMONDS SEVEN,0.6678,0.0292,0.303
DIAMONDS FIVE DIAMONDS SIX,0.58,0.0028,0.4172
DIAMONDS TWO CLUBS ACE,0.4574,0.3058,0.2368
DIAMONDS TWO CLUBS KING,0.64,0.0052,0.3548
DIAMONDS TWO CLUBS QUEEN,0.6328,0.0056,0.3616
DIAMONDS EIGHT DIAMONDS SIX,0.5696,0.006,0.4244
DIAMONDS NINE DIAMONDS SIX,0.5836,0.0036,0.4128
HEARTS KING SPADES THREE,0.6558,0.0062,0.338
DIAMONDS SEVEN DIAMONDS SIX,0.6444,0.0256,0.33
SPADES THREE HEARTS QUEEN,0.6388,0.006,0.3552
SPADES THREE HEARTS JACK,0.634,0.0058,0.3602
SPADES THREE HEARTS TEN,0.6436,0.0068,0.3496
DIAMONDS EIGHT DIAMONDS SEVEN,0.6452,0.02,0.3348
DIAMONDS NINE DIAMONDS SEVEN,0.6626,0.02,0.3174
DIAMONDS NINE DIAMONDS EIGHT,0.5184,0.0032,0.4784
DIAMONDS KING HEARTS TEN,0.582,0.0034,0.4146
HEARTS THREE HEARTS TEN,0.6182,0.006,0.3758
SPADES JACK CLUBS SIX,0.639,0.0042,0.3568
DIAMONDS KING HEARTS JACK,0.582,0.0044,0.4136
HEARTS THREE HEARTS JACK,0.6072,0.0038,0.389
SPADES TEN CLUBS SIX,0.6372,0.0038,0.359
SPADES JACK SPADES FIVE,0.6068,0.006,0.3872
SPADES TEN SPADES FIVE,0.6068,0.0046,0.3886
SPADES ACE CLUBS SIX,0.4656,0.3024,0.232
DIAMONDS KING HEARTS QUEEN,0.5664,0.0046,0.429
HEARTS THREE HEARTS QUEEN,0.6082,0.0052,0.3866
SPADES KING CLUBS SIX,0.6442,0.0042,0.3516
DIAMONDS KING HEARTS KING,0.2838,0.0032,0.713
HEARTS THREE HEARTS KING,0.6066,0.0044,0.389
SPADES QUEEN CLUBS SIX,0.6304,0.0044,0.3652
SPADES NINE HEARTS TEN,0.5586,0.005,0.4364
SPADES NINE HEARTS JACK,0.5822,0.0062,0.4116
SPADES QUEEN SPADES FIVE,0.5974,0.0056,0.397
SPADES KING SPADES FIVE,0.606,0.0044,0.3896
SPADES ACE SPADES FIVE,0.4254,0.2916,0.283
SPADES NINE HEARTS QUEEN,0.5816,0.0058,0.4126
SPADES NINE HEARTS KING,0.5838,0.0048,0.4114
CLUBS TEN SPADES JACK,0.5514,0.0042,0.4444
CLUBS TEN SPADES TEN,0.3132,0.0042,0.6826
SPADES ACE CLUBS TEN,0.2378,0.1238,0.6384
SPADES KING CLUBS TEN,0.5684,0.0048,0.4268
CLUBS TEN SPADES QUEEN,0.5654,0.0034,0.4312
SPADES FIVE HEARTS QUEEN,0.6356,0.005,0.3594
SPADES FIVE HEARTS KING,0.6488,0.0054,0.3458
CLUBS EIGHT SPADES TEN,0.5784,0.0024,0.4192
HEARTS THREE SPADES JACK,0.6392,0.0064,0.3544
SPADES JACK DIAMONDS KING,0.5836,0.0054,0.411
SPADES TEN DIAMONDS KING,0.5688,0.0026,0.4286
HEARTS THREE SPADES TEN,0.6442,0.005,0.3508
SPADES JACK CLUBS EIGHT,0.592,0.0046,0.4034
SPADES ACE CLUBS EIGHT,0.2228,0.2294,0.5478
HEARTS FIVE CLUBS JACK,0.6482,0.0036,0.3482
CLUBS TEN HEARTS FIVE,0.6348,0.003,0.3622
CLUBS SIX HEARTS QUEEN,0.6332,0.0024,0.3644
SPADES QUEEN CLUBS EIGHT,0.591,0.0028,0.4062
CLUBS TEN SPADES THREE,0.6304,0.0042,0.3654
CLUBS SIX HEARTS KING,0.6436,0.0034,0.353
SPADES KING CLUBS EIGHT,0.6112,0.0026,0.3862
SPADES THREE CLUBS JACK,0.6386,0.004,0.3574
DIAMONDS TWO HEARTS JACK,0.6376,0.006,0.3564
SPADES THREE CLUBS QUEEN,0.6518,0.0026,0.3456
DIAMONDS TWO HEARTS TEN,0.6468,0.0062,0.347
SPADES THREE CLUBS KING,0.643,0.0038,0.3532
HEARTS FIVE CLUBS ACE,0.4698,0.2968,0.2334
SPADES FIVE HEARTS TEN,0.6436,0.005,0.3514
SPADES THREE CLUBS ACE,0.4582,0.2984,0.2434
HEARTS FIVE CLUBS KING,0.6404,0.003,0.3566
SPADES FIVE HEARTS JACK,0.6416,0.0072,0.3512
HEARTS FIVE CLUBS QUEEN,0.6334,0.0042,0.3624
HEARTS THREE CLUBS KING,0.6466,0.0038,0.3496
DIAMONDS KING CLUBS KING,0.3004,0.0042,0.6954
HEARTS THREE CLUBS QUEEN,0.6378,0.0036,0.3586
DIAMONDS KING CLUBS QUEEN,0.5806,0.003,0.4164
HEARTS FIVE HEARTS JACK,0.6062,0.005,0.3888
HEARTS FIVE HEARTS TEN,0.6104,0.004,0.3856
HEARTS THREE CLUBS ACE,0.4594,0.307,0.2336
DIAMONDS KING CLUBS ACE,0.2518,0.047,0.7012
SPADES ACE CLUBS QUEEN,0.2406,0.0684,0.691
SPADES KING CLUBS QUEEN,0.5704,0.004,0.4256
HEARTS THREE CLUBS JACK,0.6406,0.0042,0.3552
DIAMONDS KING CLUBS JACK,0.573,0.0042,0.4228
SPADES QUEEN CLUBS QUEEN,0.301,0.0024,0.6966
CLUBS TEN HEARTS THREE,0.6356,0.0032,0.3612
CLUBS TEN DIAMONDS KING,0.588,0.0036,0.4084
SPADES JACK CLUBS QUEEN,0.5502,0.0046,0.4452
CLUBS SIX CLUBS QUEEN,0.5928,0.0036,0.4036
SPADES TEN CLUBS QUEEN,0.5486,0.0046,0.4468
CLUBS SIX CLUBS KING,0.5976,0.0042,0.3982
CLUBS SIX CLUBS ACE,0.4546,0.2886,0.2568
HEARTS FIVE HEARTS KING,0.6112,0.004,0.3848
HEARTS FIVE HEARTS QUEEN,0.6016,0.0056,0.3928
CLUBS TEN CLUBS SIX,0.5836,0.0042,0.4122
CLUBS SIX CLUBS JACK,0.5984,0.003,0.3986
DIAMONDS TWO CLUBS TWO,0.4814,0.0046,0.514
DIAMONDS TWO CLUBS THREE,0.6588,0.0032,0.338
HEARTS SIX DIAMONDS TWO,0.6794,0.0048,0.3158
DIAMONDS TWO HEARTS QUEEN,0.6536,0.0052,0.3412
DIAMONDS TWO HEARTS SEVEN,0.7566,0.0318,0.2116
DIAMONDS TWO HEARTS KING,0.6416,0.0038,0.3546
DIAMONDS TWO HEARTS EIGHT,0.6482,0.0064,0.3454
DIAMONDS TWO HEARTS NINE,0.6542,0.0048,0.341
DIAMONDS TWO DIAMONDS QUEEN,0.5968,0.0036,0.3996
DIAMONDS TWO HEARTS TWO,0.4782,0.0042,0.5176
DIAMONDS TWO DIAMONDS KING,0.601,0.0036,0.3954
HEARTS THREE DIAMONDS TWO,0.6576,0.0084,0.334
DIAMONDS TWO DIAMONDS ACE,0.4366,0.2842,0.2792
HEARTS FOUR DIAMONDS TWO,0.6616,0.0062,0.3322
DIAMONDS TWO HEARTS FIVE,0.646,0.0042,0.3498
DIAMONDS TWO DIAMONDS TEN,0.6036,0.0038,0.3926
DIAMONDS TWO DIAMONDS JACK,0.6146,0.003,0.3824
DIAMONDS TWO SPADES NINE,0.6534,0.007,0.3396
DIAMONDS TWO SPADES EIGHT,0.642,0.0042,0.3538
DIAMONDS TWO SPADES SIX,0.6766,0.0046,0.3188
DIAMONDS TWO SPADES FIVE,0.6638,0.005,0.3312
DIAMONDS TWO SPADES FOUR,0.6562,0.0044,0.3394
DIAMONDS TWO SPADES THREE,0.656,0.0062,0.3378
DIAMONDS TWO SPADES TWO,0.476,0.0058,0.5182
CLUBS NINE DIAMONDS TWO,0.6334,0.0032,0.3634
DIAMONDS TWO CLUBS EIGHT,0.6462,0.0024,0.3514
CLUBS SEVEN DIAMONDS TWO,0.7462,0.0312,0.2226
DIAMONDS TWO CLUBS SIX,0.6592,0.0032,0.3376
DIAMONDS TWO CLUBS FIVE,0.6448,0.0056,0.3496
DIAMONDS TWO CLUBS FOUR,0.66,0.0028,0.3372
CLUBS FOUR SPADES FIVE,0.6324,0.0046,0.363
CLUBS FOUR SPADES FOUR,0.4672,0.0042,0.5286
CLUBS FOUR SPADES THREE,0.6496,0.0042,0.3462
CLUBS FOUR SPADES TWO,0.645,0.0046,0.3504
SPADES NINE CLUBS FOUR,0.6494,0.0036,0.347
SPADES EIGHT CLUBS FOUR,0.6314,0.0052,0.3634
SPADES SIX CLUBS FOUR,0.6388,0.005,0.3562
SPADES ACE DIAMONDS SIX,0.4694,0.306,0.2246
SPADES QUEEN DIAMONDS SIX,0.6324,0.0038,0.3638
SPADES KING DIAMONDS SIX,0.6224,0.0048,0.3728
SPADES TEN DIAMONDS SIX,0.6288,0.0038,0.3674
SPADES JACK DIAMONDS SIX,0.6366,0.0056,0.3578
SPADES QUEEN SPADES TWO,0.6122,0.0056,0.3822
SPADES KING SPADES TWO,0.6012,0.005,0.3938
SPADES ACE SPADES TWO,0.4432,0.3012,0.2556
DIAMONDS JACK CLUBS JACK,0.3154,0.0022,0.6824
CLUBS TEN DIAMONDS JACK,0.5478,0.0034,0.4488
DIAMONDS JACK CLUBS KING,0.5766,0.0024,0.421
DIAMONDS JACK CLUBS QUEEN,0.5536,0.003,0.4434
DIAMONDS THREE DIAMONDS JACK,0.602,0.004,0.394
DIAMONDS THREE DIAMONDS TEN,0.6028,0.0054,0.3918
DIAMONDS JACK CLUBS ACE,0.2372,0.0834,0.6794
DIAMONDS THREE DIAMONDS KING,0.6076,0.004,0.3884
HEARTS THREE DIAMONDS THREE,0.479,0.006,0.515
DIAMONDS THREE DIAMONDS QUEEN,0.5962,0.0046,0.3992
DIAMONDS THREE HEARTS TWO,0.6588,0.0058,0.3354
HEARTS FIVE DIAMONDS THREE,0.6354,0.0058,0.3588
DIAMONDS THREE DIAMONDS ACE,0.4388,0.2768,0.2844
HEARTS FOUR DIAMONDS THREE,0.6464,0.0046,0.349
DIAMONDS THREE HEARTS SEVEN,0.7318,0.0332,0.235
SPADES TEN SPADES NINE,0.5384,0.0052,0.4564
HEARTS SIX DIAMONDS THREE,0.6526,0.0046,0.3428
SPADES JACK SPADES NINE,0.5454,0.0052,0.4494
DIAMONDS THREE HEARTS NINE,0.6482,0.0038,0.348
HEARTS JACK DIAMONDS FOUR,0.6318,0.005,0.3632
SPADES TEN SPADES TWO,0.6088,0.0046,0.3866
DIAMONDS THREE HEARTS EIGHT,0.6658,0.0046,0.3296
HEARTS TEN DIAMONDS FOUR,0.629,0.0034,0.3676
SPADES JACK SPADES TWO,0.6148,0.0046,0.3806
HEARTS QUEEN DIAMONDS FOUR,0.6272,0.0048,0.368
HEARTS KING DIAMONDS FOUR,0.6432,0.0032,0.3536
SPADES ACE SPADES NINE,0.2266,0.1632,0.6102
SPADES KING SPADES NINE,0.5694,0.0032,0.4274
SPADES QUEEN SPADES NINE,0.5414,0.0038,0.4548
DIAMONDS THREE SPADES NINE,0.637,0.003,0.36
DIAMONDS THREE SPADES EIGHT,0.6564,0.0046,0.339
DIAMONDS THREE SPADES SIX,0.6594,0.006,0.3346
DIAMONDS THREE CLUBS SIX,0.6526,0.0044,0.343
CLUBS FIVE CLUBS SIX,0.599,0.0034,0.3976
CLUBS ACE DIAMONDS FOUR,0.4518,0.3028,0.2454
CLUBS SEVEN DIAMONDS THREE,0.733,0.0288,0.2382
CLUBS SEVEN CLUBS FIVE,0.666,0.028,0.306
DIAMONDS THREE CLUBS FOUR,0.6442,0.005,0.3508
DIAMONDS FOUR CLUBS QUEEN,0.6256,0.0044,0.37
DIAMONDS THREE CLUBS FIVE,0.636,0.003,0.361
CLUBS KING DIAMONDS FOUR,0.65,0.0034,0.3466
DIAMONDS THREE CLUBS TWO,0.6508,0.0068,0.3424
CLUBS TEN DIAMONDS FOUR,0.63,0.0026,0.3674
DIAMONDS THREE CLUBS THREE,0.4728,0.0062,0.521
DIAMONDS FOUR CLUBS JACK,0.6274,0.0036,0.369
DIAMONDS THREE SPADES FOUR,0.6494,0.006,0.3446
DIAMONDS THREE SPADES FIVE,0.6354,0.003,0.3616
DIAMONDS THREE SPADES TWO,0.6662,0.004,0.3298
DIAMONDS THREE SPADES THREE,0.4662,0.0042,0.5296
CLUBS EIGHT DIAMONDS THREE,0.6578,0.0028,0.3394
CLUBS NINE DIAMONDS THREE,0.6436,0.0034,0.353
CLUBS FIVE SPADES SIX,0.6294,0.0046,0.366
CLUBS FIVE SPADES NINE,0.6286,0.0048,0.3666
CLUBS FIVE SPADES EIGHT,0.6236,0.0046,0.3718
CLUBS FIVE SPADES THREE,0.6596,0.0038,0.3366
CLUBS FIVE SPADES TWO,0.6622,0.0054,0.3324
CLUBS FIVE SPADES FIVE,0.4462,0.003,0.5508
CLUBS FIVE SPADES FOUR,0.6414,0.005,0.3536
CLUBS NINE CLUBS FIVE,0.5934,0.0042,0.4024
CLUBS EIGHT CLUBS FIVE,0.5902,0.0036,0.4062
CLUBS ACE CLUBS QUEEN,0.2276,0.0652,0.7072
CLUBS KING CLUBS QUEEN,0.5346,0.0052,0.4602
DIAMONDS TEN DIAMONDS FOUR,0.5946,0.0046,0.4008
CLUBS TEN DIAMONDS NINE,0.557,0.0036,0.4394
DIAMONDS JACK DIAMONDS FOUR,0.5972,0.005,0.3978
DIAMONDS NINE CLUBS JACK,0.578,0.0044,0.4176
SPADES NINE CLUBS JACK,0.5696,0.0044,0.426
CLUBS TEN SPADES NINE,0.5614,0.005,0.4336
DIAMONDS ACE DIAMONDS FOUR,0.4412,0.2736,0.2852
HEARTS FOUR DIAMONDS FOUR,0.4746,0.0048,0.5206
DIAMONDS JACK HEARTS TEN,0.557,0.0042,0.4388
SPADES NINE CLUBS KING,0.6008,0.0026,0.3966
DIAMONDS TWO SPADES TEN,0.6388,0.0058,0.3554
DIAMONDS NINE CLUBS ACE,0.2428,0.17,0.5872
HEARTS FIVE DIAMONDS FOUR,0.631,0.0038,0.3652
HEARTS JACK DIAMONDS JACK,0.314,0.0024,0.6836
SPADES NINE CLUBS QUEEN,0.5748,0.003,0.4222
DIAMONDS TWO SPADES JACK,0.6346,0.0046,0.3608
DIAMONDS QUEEN DIAMONDS FOUR,0.589,0.0032,0.4078
HEARTS TWO DIAMONDS FOUR,0.6652,0.0042,0.3306
DIAMONDS NINE CLUBS QUEEN,0.5774,0.0036,0.419
DIAMONDS KING DIAMONDS FOUR,0.5922,0.0044,0.4034
HEARTS THREE DIAMONDS FOUR,0.6514,0.0044,0.3442
SPADES NINE CLUBS ACE,0.2264,0.1706,0.603
DIAMONDS NINE CLUBS KING,0.595,0.003,0.402
SPADES ACE DIAMONDS TWO,0.4542,0.2994,0.2464
DIAMONDS JACK HEARTS QUEEN,0.5656,0.0038,0.4306
SPADES QUEEN DIAMONDS TWO,0.6422,0.0056,0.3522
HEARTS KING DIAMONDS JACK,0.585,0.0042,0.4108
SPADES KING DIAMONDS TWO,0.6362,0.0038,0.36
CLUBS SEVEN CLUBS THREE,0.687,0.024,0.289
CLUBS SIX CLUBS THREE,0.6072,0.0034,0.3894
CLUBS FIVE CLUBS THREE,0.6024,0.0044,0.3932
CLUBS THREE CLUBS FOUR,0.5824,0.0042,0.4134
CLUBS NINE CLUBS THREE,0.6014,0.005,0.3936
CLUBS EIGHT CLUBS THREE,0.5924,0.004,0.4036
CLUBS THREE SPADES FIVE,0.655,0.0046,0.3404
CLUBS THREE SPADES FOUR,0.6454,0.0064,0.3482
CLUBS THREE SPADES THREE,0.4698,0.0056,0.5246
CLUBS THREE SPADES TWO,0.672,0.0046,0.3234
CLUBS THREE SPADES SIX,0.6528,0.0066,0.3406
SPADES EIGHT CLUBS THREE,0.6428,0.0034,0.3538
SPADES NINE CLUBS THREE,0.6468,0.0042,0.349
SPADES TWO DIAMONDS FOUR,0.6542,0.0058,0.34
SPADES THREE DIAMONDS FOUR,0.6442,0.0032,0.3526
SPADES FOUR DIAMONDS FOUR,0.4646,0.0044,0.531
SPADES FIVE DIAMONDS FOUR,0.6362,0.004,0.3598
SPADES SIX DIAMONDS FOUR,0.6448,0.0038,0.3514
SPADES EIGHT DIAMONDS FOUR,0.636,0.0038,0.3602
SPADES NINE DIAMONDS FOUR,0.6392,0.0048,0.356
CLUBS FIVE DIAMONDS FOUR,0.63,0.003,0.367
CLUBS FOUR DIAMONDS FOUR,0.4554,0.0054,0.5392
CLUBS SEVEN DIAMONDS FOUR,0.7252,0.0264,0.2484
CLUBS SIX DIAMONDS FOUR,0.642,0.0032,0.3548
CLUBS NINE DIAMONDS FOUR,0.6514,0.0038,0.3448
CLUBS EIGHT DIAMONDS FOUR,0.6374,0.0026,0.36
DIAMONDS FOUR HEARTS SEVEN,0.7312,0.03,0.2388
HEARTS SIX DIAMONDS FOUR,0.6402,0.0058,0.354
HEARTS NINE DIAMONDS FOUR,0.6494,0.0062,0.3444
DIAMONDS FOUR HEARTS EIGHT,0.6446,0.0044,0.351
CLUBS THREE DIAMONDS FOUR,0.6318,0.004,0.3642
CLUBS TWO DIAMONDS FOUR,0.6422,0.0048,0.353
DIAMONDS TEN DIAMONDS FIVE,0.5904,0.0042,0.4054
DIAMONDS JACK DIAMONDS FIVE,0.5926,0.005,0.4024
DIAMONDS NINE HEARTS QUEEN,0.5902,0.0052,0.4046
HEARTS KING DIAMONDS NINE,0.5934,0.003,0.4036
DIAMONDS NINE HEARTS TEN,0.5662,0.0028,0.431
DIAMONDS NINE HEARTS JACK,0.5706,0.0046,0.4248
CLUBS KING DIAMONDS SIX,0.6494,0.0034,0.3472
CLUBS QUEEN DIAMONDS SIX,0.6328,0.0026,0.3646
CLUBS ACE DIAMONDS SIX,0.4826,0.2838,0.2336
SPADES KING DIAMONDS FOUR,0.6428,0.0036,0.3536
SPADES QUEEN DIAMONDS FOUR,0.6388,0.0072,0.354
CLUBS JACK DIAMONDS SIX,0.654,0.0016,0.3444
SPADES ACE DIAMONDS FOUR,0.463,0.2874,0.2496
CLUBS TEN DIAMONDS SIX,0.6308,0.0036,0.3656
CLUBS NINE CLUBS FOUR,0.597,0.0048,0.3982
CLUBS EIGHT CLUBS FOUR,0.5878,0.0036,0.4086
SPADES JACK DIAMONDS FOUR,0.64,0.0036,0.3564
SPADES TEN DIAMONDS FOUR,0.6344,0.0034,0.3622
CLUBS FIVE CLUBS FOUR,0.5798,0.0064,0.4138
CLUBS SEVEN CLUBS FOUR,0.6738,0.0272,0.299
CLUBS SIX CLUBS FOUR,0.6082,0.0044,0.3874
CLUBS SEVEN SPADES EIGHT,0.682,0.0218,0.2962
CLUBS SEVEN SPADES NINE,0.6928,0.0208,0.2864
CLUBS SEVEN SPADES SIX,0.6958,0.0234,0.2808
CLUBS SEVEN SPADES FIVE,0.7112,0.0292,0.2596
CLUBS SEVEN SPADES FOUR,0.7218,0.0284,0.2498
CLUBS SEVEN SPADES THREE,0.743,0.0258,0.2312
CLUBS SEVEN SPADES TWO,0.7582,0.0292,0.2126
CLUBS NINE CLUBS SEVEN,0.659,0.0254,0.3156
CLUBS SEVEN CLUBS EIGHT,0.6462,0.0198,0.334
HEARTS SIX DIAMONDS FIVE,0.6286,0.0046,0.3668
DIAMONDS FIVE HEARTS SEVEN,0.7176,0.0304,0.252
DIAMONDS FIVE HEARTS EIGHT,0.6358,0.0052,0.359
HEARTS NINE DIAMONDS FIVE,0.635,0.0028,0.3622
DIAMONDS QUEEN DIAMONDS FIVE,0.5888,0.0048,0.4064
HEARTS TWO DIAMONDS FIVE,0.6556,0.0048,0.3396
HEARTS KING HEARTS EIGHT,0.5862,0.005,0.4088
DIAMONDS KING DIAMONDS FIVE,0.585,0.0036,0.4114
HEARTS THREE DIAMONDS FIVE,0.6538,0.0038,0.3424
HEARTS QUEEN HEARTS EIGHT,0.5584,0.0052,0.4364
DIAMONDS ACE DIAMONDS FIVE,0.431,0.2886,0.2804
HEARTS FOUR DIAMONDS FIVE,0.6222,0.0054,0.3724
HEARTS FIVE DIAMONDS FIVE,0.4468,0.0034,0.5498
CLUBS FOUR DIAMONDS FIVE,0.6236,0.0034,0.373
CLUBS FIVE DIAMONDS FIVE,0.4592,0.0054,0.5354
CLUBS SIX DIAMONDS FIVE,0.6262,0.003,0.3708
CLUBS SEVEN DIAMONDS FIVE,0.7084,0.027,0.2646
CLUBS TWO DIAMONDS FIVE,0.6534,0.0042,0.3424
CLUBS THREE DIAMONDS FIVE,0.6426,0.0046,0.3528
SPADES THREE DIAMONDS FIVE,0.6398,0.0044,0.3558
SPADES TWO DIAMONDS FIVE,0.6652,0.0056,0.3292
SPADES JACK DIAMONDS EIGHT,0.5878,0.0044,0.4078
SPADES FIVE DIAMONDS FIVE,0.4486,0.0034,0.548
CLUBS TEN HEARTS JACK,0.5606,0.0034,0.436
SPADES TEN DIAMONDS EIGHT,0.5728,0.0032,0.424
SPADES FOUR DIAMONDS FIVE,0.62,0.0044,0.3756
HEARTS JACK CLUBS JACK,0.313,0.004,0.683
HEARTS JACK CLUBS QUEEN,0.5682,0.0042,0.4276
CLUBS NINE DIAMONDS FIVE,0.6358,0.0034,0.3608
HEARTS JACK CLUBS KING,0.5742,0.0032,0.4226
CLUBS EIGHT DIAMONDS FIVE,0.6192,0.002,0.3788
HEARTS JACK CLUBS ACE,0.2494,0.0818,0.6688
SPADES KING DIAMONDS EIGHT,0.6184,0.0034,0.3782
SPADES SIX DIAMONDS FIVE,0.628,0.0048,0.3672
SPADES QUEEN DIAMONDS EIGHT,0.5816,0.0042,0.4142
SPADES NINE DIAMONDS FIVE,0.6246,0.0036,0.3718
SPADES EIGHT DIAMONDS FIVE,0.629,0.0028,0.3682
SPADES ACE DIAMONDS EIGHT,0.224,0.2228,0.5532
DIAMONDS TEN DIAMONDS SIX,0.5984,0.0038,0.3978
DIAMONDS JACK DIAMONDS SIX,0.6018,0.0054,0.3928
HEARTS QUEEN DIAMONDS SEVEN,0.7512,0.0194,0.2294
HEARTS KING DIAMONDS SEVEN,0.7348,0.028,0.2372
DIAMONDS ACE DIAMONDS SIX,0.4462,0.2828,0.271
HEARTS FOUR DIAMONDS SIX,0.639,0.0056,0.3554
HEARTS JACK SPADES TWO,0.6478,0.0054,0.3468
HEARTS FIVE DIAMONDS SIX,0.6304,0.0028,0.3668
SPADES TWO HEARTS TEN,0.6512,0.0054,0.3434
DIAMONDS QUEEN DIAMONDS SIX,0.5914,0.004,0.4046
HEARTS TWO DIAMONDS SIX,0.6768,0.0054,0.3178
DIAMONDS KING DIAMONDS SIX,0.5926,0.0038,0.4036
HEARTS THREE DIAMONDS SIX,0.6522,0.0036,0.3442
HEARTS EIGHT DIAMONDS SIX,0.63,0.0036,0.3664
HEARTS NINE DIAMONDS SIX,0.6382,0.0042,0.3576
HEARTS SIX DIAMONDS SIX,0.4592,0.0036,0.5372
HEARTS SEVEN DIAMONDS SIX,0.6976,0.0278,0.2746
HEARTS TEN DIAMONDS SEVEN,0.711,0.0232,0.2658
CLUBS TWO DIAMONDS SIX,0.6692,0.0036,0.3272
HEARTS JACK DIAMONDS SEVEN,0.7224,0.0236,0.254
CLUBS THREE DIAMONDS SIX,0.6462,0.0048,0.349
CLUBS SEVEN DIAMONDS SIX,0.6914,0.0244,0.2842
DIAMONDS EIGHT CLUBS JACK,0.5894,0.0042,0.4064
CLUBS SIX DIAMONDS SIX,0.4572,0.002,0.5408
CLUBS TEN DIAMONDS EIGHT,0.5654,0.0026,0.432
CLUBS FIVE DIAMONDS SIX,0.6164,0.0026,0.381
CLUBS FOUR DIAMONDS SIX,0.6448,0.0028,0.3524
DIAMONDS EIGHT CLUBS ACE,0.2192,0.2242,0.5566
HEARTS JACK HEARTS QUEEN,0.5318,0.0032,0.465
DIAMONDS EIGHT CLUBS KING,0.618,0.0036,0.3784
CLUBS NINE DIAMONDS SIX,0.6302,0.0022,0.3676
HEARTS KING HEARTS JACK,0.555,0.006,0.439
DIAMONDS EIGHT CLUBS QUEEN,0.5988,0.0036,0.3976
CLUBS EIGHT DIAMONDS SIX,0.6216,0.003,0.3754
SPADES TEN HEARTS KING,0.5588,0.0062,0.435
SPADES FIVE DIAMONDS SIX,0.628,0.0052,0.3668
SPADES JACK HEARTS KING,0.5636,0.0068,0.4296
SPADES FOUR DIAMONDS SIX,0.6342,0.004,0.3618
SPADES THREE DIAMONDS SIX,0.646,0.0052,0.3488
SPADES TWO HEARTS QUEEN,0.6468,0.008,0.3452
SPADES ACE SPADES KING,0.2524,0.0462,0.7014
HEARTS KING SPADES TWO,0.6444,0.0044,0.3512
SPADES TWO DIAMONDS SIX,0.6686,0.0042,0.3272
HEARTS TEN HEARTS EIGHT,0.5712,0.003,0.4258
SPADES NINE DIAMONDS SIX,0.634,0.0038,0.3622
HEARTS JACK HEARTS EIGHT,0.5662,0.0032,0.4306
SPADES EIGHT DIAMONDS SIX,0.606,0.0046,0.3894
SPADES SIX DIAMONDS SIX,0.4458,0.0038,0.5504
SPADES KING HEARTS KING,0.2792,0.0062,0.7146
SPADES QUEEN HEARTS KING,0.5728,0.0064,0.4208
CLUBS ACE CLUBS KING,0.2296,0.0492,0.7212
SPADES ACE HEARTS KING,0.2476,0.0466,0.7058
SPADES ACE HEARTS JACK,0.2376,0.0902,0.6722
SPADES QUEEN HEARTS JACK,0.5556,0.0068,0.4376
SPADES KING HEARTS JACK,0.5832,0.004,0.4128
SPADES TEN DIAMONDS TEN,0.3122,0.0024,0.6854
SPADES JACK DIAMONDS TEN,0.5424,0.0046,0.453
SPADES ACE DIAMONDS TEN,0.2232,0.1256,0.6512
SPADES JACK HEARTS JACK,0.3156,0.0036,0.6808
SPADES TEN HEARTS JACK,0.5542,0.005,0.4408
SPADES QUEEN DIAMONDS TEN,0.5604,0.004,0.4356
SPADES KING DIAMONDS TEN,0.5828,0.0036,0.4136
SPADES NINE DIAMONDS SEVEN,0.6828,0.0214,0.2958
SPADES EIGHT DIAMONDS SEVEN,0.6894,0.0178,0.2928
SPADES SIX DIAMONDS SEVEN,0.6852,0.0264,0.2884
DIAMONDS KING DIAMONDS SEVEN,0.6894,0.026,0.2846
HEARTS THREE DIAMONDS SEVEN,0.7502,0.0326,0.2172
HEARTS KING DIAMONDS FIVE,0.6408,0.004,0.3552
DIAMONDS QUEEN DIAMONDS SEVEN,0.6816,0.0244,0.294
HEARTS TWO DIAMONDS SEVEN,0.7578,0.0332,0.209
HEARTS QUEEN DIAMONDS FIVE,0.649,0.0048,0.3462
HEARTS FIVE DIAMONDS SEVEN,0.704,0.0306,0.2654
DIAMONDS ACE DIAMONDS SEVEN,0.0216,0.9082,0.0702
HEARTS FOUR DIAMONDS SEVEN,0.73,0.0276,0.2424
HEARTS SEVEN DIAMONDS SEVEN,0.3192,0.0298,0.651
HEARTS SIX DIAMONDS SEVEN,0.6962,0.025,0.2788
HEARTS NINE DIAMONDS SEVEN,0.707,0.0224,0.2706
DIAMONDS SEVEN HEARTS EIGHT,0.6862,0.0192,0.2946
DIAMONDS JACK DIAMONDS SEVEN,0.6796,0.0232,0.2972
HEARTS JACK DIAMONDS FIVE,0.6436,0.0058,0.3506
DIAMONDS TEN DIAMONDS SEVEN,0.6756,0.0208,0.3036
DIAMONDS FIVE HEARTS TEN,0.6426,0.0036,0.3538
SPADES KING CLUBS TWO,0.6434,0.0056,0.351
HEARTS KING CLUBS KING,0.2974,0.0058,0.6968
CLUBS EIGHT DIAMONDS SEVEN,0.6862,0.0248,0.289
SPADES QUEEN CLUBS TWO,0.6372,0.0056,0.3572
HEARTS KING CLUBS QUEEN,0.5698,0.0038,0.4264
CLUBS NINE DIAMONDS SEVEN,0.7098,0.0232,0.267
SPADES TWO CLUBS JACK,0.6446,0.0032,0.3522
SPADES ACE CLUBS TWO,0.4568,0.302,0.2412
CLUBS TEN SPADES TWO,0.6464,0.0038,0.3498
HEARTS KING CLUBS ACE,0.2474,0.0492,0.7034
CLUBS SEVEN CLUBS SIX,0.659,0.022,0.319
SPADES TWO CLUBS KING,0.6426,0.0038,0.3536
SPADES TWO DIAMONDS SEVEN,0.7602,0.0318,0.208
CLUBS EIGHT CLUBS SIX,0.58,0.0034,0.4166
SPADES THREE DIAMONDS SEVEN,0.7476,0.0294,0.223
SPADES TWO CLUBS QUEEN,0.6378,0.0046,0.3576
CLUBS NINE CLUBS SIX,0.5844,0.0032,0.4124
SPADES FOUR DIAMONDS SEVEN,0.7344,0.0324,0.2332
HEARTS KING CLUBS JACK,0.5878,0.0054,0.4068
SPADES FIVE DIAMONDS SEVEN,0.7062,0.028,0.2658
SPADES TWO CLUBS ACE,0.4726,0.3034,0.224
CLUBS TEN HEARTS KING,0.5824,0.0032,0.4144
CLUBS SIX SPADES TWO,0.6656,0.0042,0.3302
CLUBS SIX SPADES THREE,0.667,0.0036,0.3294
CLUBS TWO DIAMONDS SEVEN,0.7462,0.0322,0.2216
CLUBS SIX SPADES FOUR,0.6498,0.003,0.3472
CLUBS THREE DIAMONDS SEVEN,0.7262,0.0284,0.2454
CLUBS SIX SPADES FIVE,0.6434,0.0048,0.3518
CLUBS FOUR DIAMONDS SEVEN,0.7256,0.028,0.2464
CLUBS SIX SPADES SIX,0.449,0.0034,0.5476
CLUBS FIVE DIAMONDS SEVEN,0.7128,0.0276,0.2596
CLUBS SIX DIAMONDS SEVEN,0.6928,0.0286,0.2786
CLUBS SIX SPADES EIGHT,0.6072,0.0038,0.389
SPADES JACK CLUBS TWO,0.6332,0.0038,0.363
CLUBS SEVEN DIAMONDS SEVEN,0.3158,0.0288,0.6554
SPADES NINE CLUBS SIX,0.6336,0.0022,0.3642
SPADES TEN CLUBS TWO,0.632,0.0058,0.3622
CLUBS TWO CLUBS QUEEN,0.6038,0.0042,0.392
CLUBS TWO CLUBS KING,0.5896,0.0048,0.4056
CLUBS THREE DIAMONDS EIGHT,0.634,0.0028,0.3632
CLUBS TWO CLUBS ACE,0.431,0.2856,0.2834
CLUBS TWO DIAMONDS EIGHT,0.6286,0.0046,0.3668
DIAMONDS EIGHT HEARTS SEVEN,0.6892,0.0196,0.2912
HEARTS SIX DIAMONDS EIGHT,0.6216,0.003,0.3754
DIAMONDS EIGHT HEARTS NINE,0.5738,0.0038,0.4224
CLUBS TEN CLUBS TWO,0.6098,0.0052,0.385
DIAMONDS EIGHT HEARTS EIGHT,0.3332,0.003,0.6638
CLUBS TWO CLUBS JACK,0.6026,0.0032,0.3942
CLUBS NINE DIAMONDS EIGHT,0.5674,0.0022,0.4304
CLUBS EIGHT DIAMONDS EIGHT,0.3418,0.0034,0.6548
CLUBS FIVE DIAMONDS EIGHT,0.6206,0.0022,0.3772
SPADES ACE SPADES THREE,0.4298,0.296,0.2742
CLUBS FOUR DIAMONDS EIGHT,0.6238,0.003,0.3732
CLUBS SEVEN DIAMONDS EIGHT,0.6782,0.0214,0.3004
SPADES QUEEN SPADES THREE,0.6098,0.0062,0.384
CLUBS SIX DIAMONDS EIGHT,0.619,0.002,0.379
SPADES KING SPADES THREE,0.6052,0.0062,0.3886
DIAMONDS QUEEN DIAMONDS EIGHT,0.544,0.006,0.45
HEARTS TWO DIAMONDS EIGHT,0.6484,0.003,0.3486
DIAMONDS KING DIAMONDS EIGHT,0.561,0.0026,0.4364
HEARTS THREE DIAMONDS EIGHT,0.6396,0.0046,0.3558
DIAMONDS ACE DIAMONDS EIGHT,0.2238,0.2164,0.5598
HEARTS FOUR DIAMONDS EIGHT,0.6412,0.0038,0.355
HEARTS FIVE DIAMONDS EIGHT,0.6246,0.0036,0.3718
DIAMONDS EIGHT DIAMONDS TEN,0.541,0.0034,0.4556
DIAMONDS EIGHT DIAMONDS JACK,0.544,0.005,0.451
SPADES JACK SPADES THREE,0.61,0.0056,0.3844
SPADES TEN SPADES THREE,0.604,0.0032,0.3928
CLUBS FOUR HEARTS QUEEN,0.6414,0.0046,0.354
CLUBS FOUR HEARTS KING,0.6404,0.0046,0.355
CLUBS SIX HEARTS TEN,0.6232,0.0034,0.3734
CLUBS SIX HEARTS JACK,0.6466,0.0024,0.351
SPADES FOUR DIAMONDS EIGHT,0.6398,0.0042,0.356
SPADES FIVE DIAMONDS EIGHT,0.6252,0.0062,0.3686
DIAMONDS EIGHT SPADES TWO,0.6552,0.0046,0.3402
DIAMONDS EIGHT SPADES THREE,0.6536,0.0056,0.3408
CLUBS FOUR HEARTS JACK,0.644,0.004,0.352
SPADES EIGHT DIAMONDS EIGHT,0.3348,0.0032,0.662
SPADES TEN DIAMONDS QUEEN,0.5556,0.0048,0.4396
SPADES TEN HEARTS TWO,0.6462,0.0048,0.349
SPADES JACK HEARTS EIGHT,0.5926,0.0054,0.402
CLUBS FOUR HEARTS TEN,0.6396,0.0058,0.3546
SPADES NINE DIAMONDS EIGHT,0.5672,0.005,0.4278
SPADES TEN HEARTS EIGHT,0.5754,0.006,0.4186
SPADES JACK HEARTS TWO,0.6396,0.0052,0.3552
SPADES JACK DIAMONDS QUEEN,0.555,0.0042,0.4408
SPADES SIX DIAMONDS EIGHT,0.614,0.003,0.383
SPADES ACE HEARTS TWO,0.4602,0.3084,0.2314
SPADES ACE DIAMONDS QUEEN,0.2364,0.0708,0.6928
SPADES ACE HEARTS EIGHT,0.2208,0.244,0.5352
SPADES KING HEARTS EIGHT,0.6164,0.0056,0.378
SPADES QUEEN HEARTS TWO,0.644,0.0054,0.3506
SPADES QUEEN DIAMONDS QUEEN,0.293,0.0028,0.7042
SPADES KING DIAMONDS QUEEN,0.5702,0.0034,0.4264
SPADES KING HEARTS TWO,0.6386,0.0042,0.3572
SPADES QUEEN HEARTS EIGHT,0.5808,0.0046,0.4146
CLUBS TWO HEARTS TEN,0.6404,0.004,0.3556
CLUBS TWO HEARTS JACK,0.6462,0.0052,0.3486
SPADES SIX DIAMONDS NINE,0.6408,0.0026,0.3566
SPADES NINE DIAMONDS NINE,0.3322,0.0056,0.6622
SPADES EIGHT DIAMONDS NINE,0.5878,0.0028,0.4094
SPADES TEN CLUBS KING,0.5686,0.0032,0.4282
DIAMONDS NINE SPADES THREE,0.654,0.0054,0.3406
SPADES JACK CLUBS KING,0.5722,0.0032,0.4246
DIAMONDS NINE SPADES TWO,0.637,0.0036,0.3594
SPADES FIVE DIAMONDS NINE,0.6184,0.004,0.3776
DIAMONDS NINE SPADES FOUR,0.6536,0.0034,0.343
CLUBS NINE DIAMONDS NINE,0.329,0.0022,0.6688
CLUBS EIGHT DIAMONDS NINE,0.5636,0.0036,0.4328
CLUBS SIX DIAMONDS NINE,0.6388,0.0032,0.358
SPADES JACK CLUBS FOUR,0.6426,0.0042,0.3532
CLUBS SEVEN DIAMONDS NINE,0.7026,0.016,0.2814
SPADES TEN CLUBS FOUR,0.6288,0.0048,0.3664
CLUBS FOUR DIAMONDS NINE,0.641,0.0026,0.3564
CLUBS FIVE DIAMONDS NINE,0.6378,0.0036,0.3586
DIAMONDS NINE CLUBS TWO,0.645,0.0026,0.3524
CLUBS THREE DIAMONDS NINE,0.6512,0.003,0.3458
DIAMONDS NINE HEARTS EIGHT,0.5786,0.0034,0.418
DIAMONDS NINE HEARTS NINE,0.335,0.0038,0.6612
HEARTS SIX DIAMONDS NINE,0.6222,0.0046,0.3732
DIAMONDS NINE HEARTS SEVEN,0.7146,0.0198,0.2656
CLUBS NINE CLUBS EIGHT,0.5282,0.0036,0.4682
DIAMONDS ACE DIAMONDS NINE,0.2158,0.169,0.6152
HEARTS FOUR DIAMONDS NINE,0.645,0.0046,0.3504
HEARTS FIVE DIAMONDS NINE,0.6362,0.0048,0.359
SPADES ACE CLUBS FOUR,0.4448,0.3092,0.246
DIAMONDS QUEEN DIAMONDS NINE,0.539,0.0036,0.4574
HEARTS TWO DIAMONDS NINE,0.6456,0.0056,0.3488
HEARTS KING CLUBS TWO,0.6504,0.004,0.3456
SPADES KING CLUBS FOUR,0.6464,0.0052,0.3484
DIAMONDS KING DIAMONDS NINE,0.5596,0.004,0.4364
HEARTS THREE DIAMONDS NINE,0.6514,0.0034,0.3452
CLUBS TWO HEARTS QUEEN,0.6402,0.0044,0.3554
SPADES QUEEN CLUBS FOUR,0.6374,0.004,0.3586
DIAMONDS NINE DIAMONDS JACK,0.539,0.0046,0.4564
CLUBS EIGHT SPADES NINE,0.573,0.0046,0.4224
DIAMONDS NINE DIAMONDS TEN,0.5264,0.0044,0.4692
CLUBS EIGHT SPADES EIGHT,0.3248,0.0032,0.672
CLUBS EIGHT SPADES SIX,0.6166,0.0038,0.3796
CLUBS EIGHT SPADES FIVE,0.6224,0.0048,0.3728
CLUBS EIGHT SPADES FOUR,0.628,0.0046,0.3674
CLUBS EIGHT SPADES THREE,0.6612,0.0046,0.3342
CLUBS EIGHT SPADES TWO,0.654,0.004,0.342
HEARTS SIX DIAMONDS TEN,0.6242,0.0048,0.371
DIAMONDS TEN HEARTS SEVEN,0.7198,0.023,0.2572
DIAMONDS TEN HEARTS EIGHT,0.5774,0.0038,0.4188
CLUBS FOUR CLUBS JACK,0.601,0.0048,0.3942
DIAMONDS TEN HEARTS NINE,0.5692,0.0044,0.4264
CLUBS TEN CLUBS FOUR,0.6002,0.0044,0.3954
CLUBS FOUR CLUBS KING,0.6012,0.0046,0.3942
CLUBS FOUR CLUBS QUEEN,0.595,0.0038,0.4012
CLUBS TWO DIAMONDS TEN,0.627,0.0036,0.3694
CLUBS THREE DIAMONDS TEN,0.645,0.0042,0.3508
CLUBS FOUR CLUBS ACE,0.43,0.2862,0.2838
DIAMONDS JACK DIAMONDS TEN,0.532,0.003,0.465
DIAMONDS QUEEN DIAMONDS TEN,0.5212,0.0036,0.4752
HEARTS TWO DIAMONDS TEN,0.6484,0.0022,0.3494
DIAMONDS KING DIAMONDS TEN,0.5408,0.0042,0.455
HEARTS THREE DIAMONDS TEN,0.6376,0.0044,0.358
DIAMONDS ACE DIAMONDS TEN,0.2252,0.1118,0.663
HEARTS FOUR DIAMONDS TEN,0.6402,0.005,0.3548
CLUBS EIGHT HEARTS JACK,0.5864,0.0046,0.409
HEARTS FIVE DIAMONDS TEN,0.6476,0.0036,0.3488
CLUBS EIGHT HEARTS TEN,0.5768,0.0034,0.4198
CLUBS EIGHT HEARTS QUEEN,0.598,0.0044,0.3976
CLUBS EIGHT HEARTS KING,0.6202,0.0048,0.375
CLUBS NINE SPADES THREE,0.6606,0.003,0.3364
CLUBS NINE SPADES TWO,0.6404,0.0036,0.356
CLUBS NINE SPADES FIVE,0.6306,0.0034,0.366
CLUBS NINE SPADES FOUR,0.6414,0.0042,0.3544
CLUBS NINE SPADES SIX,0.6248,0.0044,0.3708
CLUBS NINE SPADES NINE,0.325,0.0054,0.6696
CLUBS TEN HEARTS EIGHT,0.5838,0.005,0.4112
CLUBS NINE SPADES EIGHT,0.5726,0.0042,0.4232
CLUBS JACK HEARTS EIGHT,0.592,0.0034,0.4046
CLUBS QUEEN HEARTS EIGHT,0.594,0.0048,0.4012
CLUBS KING HEARTS EIGHT,0.61,0.003,0.387
CLUBS ACE HEARTS EIGHT,0.2264,0.2274,0.5462
SPADES KING CLUBS KING,0.2854,0.0034,0.7112
SPADES QUEEN CLUBS KING,0.5728,0.003,0.4242
SPADES ACE CLUBS KING,0.2408,0.0492,0.71
DIAMONDS ACE HEARTS TEN,0.2234,0.1274,0.6492
HEARTS FOUR HEARTS TEN,0.6066,0.003,0.3904
DIAMONDS ACE HEARTS JACK,0.249,0.0856,0.6654
HEARTS FOUR HEARTS JACK,0.5992,0.0038,0.397
SPADES KING CLUBS FIVE,0.6342,0.0058,0.36
SPADES QUEEN CLUBS FIVE,0.624,0.0058,0.3702
SPADES ACE CLUBS FIVE,0.4572,0.3002,0.2426
DIAMONDS JACK HEARTS SEVEN,0.7276,0.0264,0.246
HEARTS SIX DIAMONDS JACK,0.6436,0.0038,0.3526
DIAMONDS JACK HEARTS NINE,0.5762,0.0044,0.4194
DIAMONDS JACK HEARTS EIGHT,0.5876,0.0034,0.409
DIAMONDS KING DIAMONDS JACK,0.5434,0.003,0.4536
HEARTS THREE DIAMONDS JACK,0.6482,0.0052,0.3466
SPADES ACE SPADES SIX,0.458,0.2878,0.2542
DIAMONDS QUEEN DIAMONDS JACK,0.5248,0.0042,0.471
HEARTS TWO DIAMONDS JACK,0.637,0.0032,0.3598
HEARTS FIVE DIAMONDS JACK,0.6346,0.0042,0.3612
SPADES QUEEN SPADES SIX,0.6082,0.0046,0.3872
SPADES FOUR HEARTS QUEEN,0.6488,0.0064,0.3448
DIAMONDS ACE DIAMONDS JACK,0.2312,0.0812,0.6876
HEARTS FOUR DIAMONDS JACK,0.6394,0.0062,0.3544
SPADES KING SPADES SIX,0.6018,0.0036,0.3946
HEARTS KING SPADES FOUR,0.6434,0.0072,0.3494
SPADES TEN SPADES SIX,0.6014,0.0046,0.394
SPADES JACK SPADES SIX,0.6078,0.0038,0.3884
SPADES FOUR DIAMONDS JACK,0.6318,0.005,0.3632
SPADES FIVE DIAMONDS JACK,0.646,0.0058,0.3482
DIAMONDS JACK SPADES TWO,0.6402,0.0034,0.3564
SPADES THREE DIAMONDS JACK,0.644,0.0032,0.3528
SPADES ACE DIAMONDS THREE,0.4562,0.3058,0.238
SPADES QUEEN DIAMONDS THREE,0.6352,0.0046,0.3602
CLUBS EIGHT DIAMONDS JACK,0.5876,0.0032,0.4092
SPADES KING DIAMONDS THREE,0.6378,0.0042,0.358
CLUBS NINE DIAMONDS JACK,0.579,0.0046,0.4164
CLUBS SIX DIAMONDS JACK,0.6434,0.004,0.3526
CLUBS SEVEN DIAMONDS JACK,0.72,0.0236,0.2564
CLUBS FOUR DIAMONDS JACK,0.6318,0.0032,0.365
CLUBS FIVE DIAMONDS JACK,0.6328,0.0028,0.3644
CLUBS TWO DIAMONDS JACK,0.6402,0.0042,0.3556
CLUBS THREE DIAMONDS JACK,0.6366,0.0032,0.3602
SPADES TEN CLUBS FIVE,0.6294,0.0036,0.367
HEARTS SIX SPADES JACK,0.6512,0.0032,0.3456
HEARTS SIX SPADES TEN,0.628,0.006,0.366
SPADES JACK CLUBS FIVE,0.624,0.0028,0.3732
SPADES JACK DIAMONDS THREE,0.6568,0.0044,0.3388
CLUBS SEVEN CLUBS ACE,0.0192,0.906,0.0748
DIAMONDS THREE SPADES TEN,0.6258,0.0046,0.3696
CLUBS SEVEN CLUBS QUEEN,0.6934,0.0234,0.2832
CLUBS SEVEN CLUBS KING,0.6924,0.0314,0.2762
SPADES NINE DIAMONDS JACK,0.5692,0.0036,0.4272
CLUBS TEN CLUBS SEVEN,0.6632,0.0218,0.315
SPADES EIGHT DIAMONDS JACK,0.592,0.0036,0.4044
SPADES ACE HEARTS SIX,0.4886,0.3,0.2114
CLUBS SEVEN CLUBS JACK,0.685,0.0252,0.2898
DIAMONDS ACE HEARTS KING,0.256,0.0444,0.6996
HEARTS FOUR HEARTS KING,0.5994,0.0048,0.3958
SPADES KING HEARTS SIX,0.6418,0.0042,0.354
DIAMONDS ACE HEARTS QUEEN,0.2516,0.062,0.6864
HEARTS FOUR HEARTS QUEEN,0.6072,0.005,0.3878
SPADES SIX DIAMONDS JACK,0.6462,0.0028,0.351
SPADES QUEEN HEARTS SIX,0.6446,0.0048,0.3506
SPADES TWO DIAMONDS TEN,0.6458,0.0026,0.3516
SPADES THREE DIAMONDS TEN,0.6372,0.0038,0.359
SPADES FOUR DIAMONDS TEN,0.6466,0.006,0.3474
SPADES FIVE DIAMONDS TEN,0.6412,0.0044,0.3544
SPADES SIX DIAMONDS TEN,0.6464,0.0014,0.3522
SPADES EIGHT DIAMONDS TEN,0.5744,0.0034,0.4222
SPADES NINE DIAMONDS TEN,0.5648,0.003,0.4322
CLUBS FOUR DIAMONDS TEN,0.632,0.0022,0.3658
CLUBS FIVE DIAMONDS TEN,0.6282,0.0022,0.3696
CLUBS SIX DIAMONDS TEN,0.632,0.0024,0.3656
CLUBS SEVEN DIAMONDS TEN,0.7098,0.0214,0.2688
CLUBS EIGHT DIAMONDS TEN,0.5832,0.003,0.4138
CLUBS NINE DIAMONDS TEN,0.5688,0.0034,0.4278
DIAMONDS THREE CLUBS JACK,0.6304,0.0032,0.3664
CLUBS TEN DIAMONDS THREE,0.6382,0.0042,0.3576
DIAMONDS THREE CLUBS KING,0.6288,0.0038,0.3674
DIAMONDS THREE CLUBS QUEEN,0.6466,0.0032,0.3502
DIAMONDS THREE CLUBS ACE,0.458,0.2994,0.2426
SPADES FOUR HEARTS JACK,0.6268,0.0058,0.3674
SPADES FOUR HEARTS TEN,0.6358,0.006,0.3582
SPADES FIVE SPADES TWO,0.6312,0.0048,0.364
SPADES FOUR SPADES TWO,0.6324,0.0052,0.3624
SPADES THREE SPADES TWO,0.636,0.0056,0.3584
SPADES NINE SPADES TWO,0.6212,0.0054,0.3734
SPADES EIGHT SPADES TWO,0.614,0.0064,0.3796
SPADES SIX SPADES TWO,0.634,0.0054,0.3606
DIAMONDS QUEEN CLUBS THREE,0.6294,0.0054,0.3652
CLUBS THREE HEARTS TWO,0.6652,0.0058,0.329
DIAMONDS QUEEN CLUBS TWO,0.65,0.0058,0.3442
HEARTS TWO CLUBS TWO,0.471,0.0072,0.5218
DIAMONDS QUEEN HEARTS SEVEN,0.7392,0.0278,0.233
HEARTS TWO HEARTS SEVEN,0.7244,0.0326,0.243
HEARTS SIX DIAMONDS QUEEN,0.6368,0.0042,0.359
HEARTS SIX HEARTS TWO,0.637,0.0048,0.3582
DIAMONDS QUEEN HEARTS NINE,0.582,0.003,0.415
HEARTS TWO HEARTS NINE,0.635,0.0042,0.3608
DIAMONDS QUEEN HEARTS EIGHT,0.5948,0.0044,0.4008
HEARTS TWO HEARTS EIGHT,0.6156,0.004,0.3804
CLUBS NINE HEARTS TWO,0.6544,0.0062,0.3394
CLUBS NINE DIAMONDS QUEEN,0.5666,0.0028,0.4306
CLUBS EIGHT HEARTS TWO,0.6496,0.0046,0.3458
CLUBS EIGHT DIAMONDS QUEEN,0.5986,0.0042,0.3972
CLUBS FIVE DIAMONDS QUEEN,0.6378,0.0042,0.358
CLUBS FIVE HEARTS TWO,0.6564,0.0048,0.3388
DIAMONDS QUEEN CLUBS FOUR,0.6356,0.0028,0.3616
HEARTS TWO CLUBS FOUR,0.6486,0.004,0.3474
CLUBS SEVEN DIAMONDS QUEEN,0.7376,0.0276,0.2348
CLUBS SEVEN HEARTS TWO,0.759,0.035,0.206
SPADES EIGHT HEARTS QUEEN,0.5874,0.0052,0.4074
CLUBS SIX DIAMONDS QUEEN,0.6434,0.0032,0.3534
CLUBS SIX HEARTS TWO,0.6702,0.0032,0.3266
SPADES EIGHT HEARTS KING,0.6094,0.0026,0.388
DIAMONDS QUEEN SPADES SIX,0.6412,0.0044,0.3544
HEARTS TWO SPADES SIX,0.6896,0.0068,0.3036
HEARTS FOUR CLUBS QUEEN,0.6294,0.0034,0.3672
DIAMONDS ACE CLUBS QUEEN,0.2516,0.0612,0.6872
HEARTS FOUR CLUBS KING,0.6466,0.0034,0.35
DIAMONDS ACE CLUBS KING,0.2554,0.0496,0.695
DIAMONDS QUEEN SPADES EIGHT,0.6008,0.0032,0.396
SPADES EIGHT HEARTS TWO,0.6496,0.0036,0.3468
HEARTS FOUR CLUBS ACE,0.4672,0.3028,0.23
DIAMONDS ACE CLUBS ACE,0.0632,0.0116,0.9252
SPADES NINE DIAMONDS QUEEN,0.5838,0.0044,0.4118
SPADES NINE HEARTS TWO,0.6552,0.0056,0.3392
HEARTS TWO SPADES TWO,0.478,0.0054,0.5166
DIAMONDS QUEEN SPADES TWO,0.6406,0.0038,0.3556
HEARTS TWO SPADES THREE,0.6752,0.0046,0.3202
DIAMONDS QUEEN SPADES THREE,0.6228,0.005,0.3722
HEARTS TWO SPADES FOUR,0.66,0.0072,0.3328
DIAMONDS QUEEN SPADES FOUR,0.6452,0.0048,0.35
HEARTS FOUR CLUBS TEN,0.6432,0.0042,0.3526
CLUBS TEN DIAMONDS ACE,0.2442,0.1098,0.646
HEARTS TWO SPADES FIVE,0.6604,0.0062,0.3334
DIAMONDS QUEEN SPADES FIVE,0.6454,0.0046,0.35
HEARTS FOUR CLUBS JACK,0.6276,0.0044,0.368
DIAMONDS ACE CLUBS JACK,0.2438,0.0894,0.6668
CLUBS FIVE CLUBS KING,0.5964,0.004,0.3996
CLUBS FIVE CLUBS QUEEN,0.6006,0.0048,0.3946
CLUBS FIVE CLUBS ACE,0.4268,0.283,0.2902
CLUBS FIVE CLUBS JACK,0.5984,0.0044,0.3972
CLUBS TEN CLUBS FIVE,0.5994,0.0042,0.3964
SPADES KING CLUBS JACK,0.5728,0.0048,0.4224
SPADES QUEEN CLUBS JACK,0.5578,0.0048,0.4374
SPADES ACE CLUBS JACK,0.2364,0.0888,0.6748
SPADES SIX CLUBS KING,0.6356,0.0036,0.3608
SPADES SIX CLUBS QUEEN,0.6298,0.0042,0.366
SPADES EIGHT HEARTS JACK,0.5878,0.0044,0.4078
SPADES SIX CLUBS ACE,0.4844,0.2956,0.22
SPADES EIGHT HEARTS TEN,0.586,0.004,0.41
SPADES SIX CLUBS JACK,0.6564,0.003,0.3406
CLUBS TEN SPADES SIX,0.635,0.003,0.362
SPADES TEN CLUBS JACK,0.5626,0.0028,0.4346
SPADES JACK CLUBS JACK,0.3116,0.0028,0.6856
SPADES QUEEN CLUBS SEVEN,0.7414,0.0254,0.2332
SPADES KING CLUBS SEVEN,0.737,0.0302,0.2328
SPADES ACE CLUBS SEVEN,0.0102,0.969,0.0208
SPADES SIX HEARTS TEN,0.637,0.0044,0.3586
SPADES SIX HEARTS JACK,0.6524,0.0044,0.3432
SPADES SIX HEARTS KING,0.658,0.0046,0.3374
SPADES SIX HEARTS QUEEN,0.6502,0.0048,0.345
CLUBS SEVEN SPADES JACK,0.7104,0.025,0.2646
CLUBS SEVEN SPADES TEN,0.721,0.023,0.256
CLUBS TEN HEARTS SIX,0.6436,0.0026,0.3538
HEARTS SIX CLUBS JACK,0.645,0.0054,0.3496
CLUBS ACE CLUBS JACK,0.2226,0.0868,0.6906
HEARTS SIX CLUBS QUEEN,0.654,0.003,0.343
HEARTS SIX CLUBS KING,0.6632,0.0034,0.3334
HEARTS SIX CLUBS ACE,0.488,0.299,0.213
CLUBS QUEEN CLUBS JACK,0.522,0.004,0.474
CLUBS KING CLUBS JACK,0.5378,0.0042,0.458
DIAMONDS THREE HEARTS QUEEN,0.6342,0.003,0.3628
DIAMONDS THREE HEARTS KING,0.64,0.0062,0.3538
CLUBS FIVE HEARTS JACK,0.6444,0.006,0.3496
SPADES TEN DIAMONDS ACE,0.2188,0.1246,0.6566
HEARTS FOUR SPADES TEN,0.6458,0.0052,0.349
CLUBS FIVE HEARTS TEN,0.6344,0.0052,0.3604
HEARTS FOUR SPADES JACK,0.6422,0.005,0.3528
SPADES JACK DIAMONDS ACE,0.2304,0.0902,0.6794
SPADES ACE HEARTS FOUR,0.473,0.299,0.228
SPADES ACE DIAMONDS ACE,0.0608,0.0118,0.9274
CLUBS FIVE HEARTS KING,0.6408,0.0038,0.3554
HEARTS FOUR SPADES QUEEN,0.6424,0.005,0.3526
SPADES QUEEN DIAMONDS ACE,0.2322,0.0734,0.6944
SPADES FOUR CLUBS JACK,0.6288,0.0044,0.3668
CLUBS FIVE HEARTS QUEEN,0.6452,0.0052,0.3496
SPADES KING DIAMONDS ACE,0.2538,0.0468,0.6994
HEARTS FOUR SPADES KING,0.6406,0.004,0.3554
CLUBS TEN SPADES FOUR,0.6448,0.0042,0.351
DIAMONDS QUEEN DIAMONDS ACE,0.2348,0.0614,0.7038
HEARTS TWO DIAMONDS ACE,0.4664,0.3042,0.2294
HEARTS FOUR DIAMONDS QUEEN,0.6314,0.0036,0.365
HEARTS FOUR HEARTS TWO,0.623,0.0052,0.3718
DIAMONDS THREE HEARTS TEN,0.6362,0.0046,0.3592
SPADES FOUR CLUBS KING,0.638,0.0044,0.3576
HEARTS FIVE DIAMONDS QUEEN,0.647,0.0064,0.3466
HEARTS FIVE HEARTS TWO,0.6146,0.0064,0.379
DIAMONDS THREE HEARTS JACK,0.6438,0.006,0.3502
SPADES FOUR CLUBS QUEEN,0.6272,0.0048,0.368
DIAMONDS QUEEN HEARTS TWO,0.644,0.0042,0.3518
DIAMONDS KING DIAMONDS QUEEN,0.5506,0.006,0.4434
DIAMONDS KING HEARTS TWO,0.6446,0.005,0.3504
HEARTS THREE DIAMONDS QUEEN,0.6376,0.0056,0.3568
HEARTS THREE HEARTS TWO,0.6256,0.0056,0.3688
SPADES FOUR CLUBS ACE,0.4626,0.296,0.2414
HEARTS TWO CLUBS ACE,0.472,0.3044,0.2236
DIAMONDS QUEEN CLUBS ACE,0.2454,0.0692,0.6854
HEARTS TWO CLUBS QUEEN,0.6406,0.006,0.3534
DIAMONDS QUEEN CLUBS QUEEN,0.3048,0.0028,0.6924
HEARTS TWO CLUBS KING,0.6482,0.0052,0.3466
DIAMONDS QUEEN CLUBS KING,0.5744,0.0046,0.421
SPADES EIGHT SPADES FIVE,0.5842,0.006,0.4098
CLUBS TEN HEARTS TWO,0.6462,0.0052,0.3486
CLUBS TEN DIAMONDS QUEEN,0.5668,0.0028,0.4304
SPADES NINE SPADES FIVE,0.586,0.0046,0.4094
HEARTS TWO CLUBS JACK,0.6488,0.004,0.3472
DIAMONDS QUEEN CLUBS JACK,0.5568,0.0026,0.4406
SPADES SIX SPADES FIVE,0.5996,0.0072,0.3932
DIAMONDS FIVE CLUBS QUEEN,0.6334,0.0034,0.3632
SPADES EIGHT CLUBS ACE,0.215,0.2364,0.5486
DIAMONDS FIVE CLUBS KING,0.6498,0.0028,0.3474
SPADES EIGHT CLUBS KING,0.6146,0.0042,0.3812
CLUBS ACE DIAMONDS FIVE,0.4644,0.2898,0.2458
SPADES EIGHT CLUBS QUEEN,0.5958,0.0038,0.4004
SPADES EIGHT CLUBS JACK,0.587,0.0026,0.4104
CLUBS TEN SPADES EIGHT,0.579,0.0022,0.4188
CLUBS TEN DIAMONDS FIVE,0.6492,0.004,0.3468
DIAMONDS FIVE CLUBS JACK,0.631,0.0032,0.3658
HEARTS JACK DIAMONDS TEN,0.5672,0.0038,0.429
DIAMONDS TEN HEARTS TEN,0.3328,0.0034,0.6638
SPADES ACE CLUBS NINE,0.2326,0.1746,0.5928
CLUBS NINE SPADES QUEEN,0.575,0.0038,0.4212
CLUBS NINE SPADES KING,0.5904,0.0024,0.4072
HEARTS SIX HEARTS KING,0.6172,0.0038,0.379
SPADES KING DIAMONDS SEVEN,0.7272,0.0282,0.2446
HEARTS SIX HEARTS QUEEN,0.619,0.0042,0.3768
DIAMONDS KING SPADES SIX,0.64,0.0054,0.3546
HEARTS THREE SPADES SIX,0.6672,0.0046,0.3282
SPADES QUEEN DIAMONDS SEVEN,0.7292,0.0266,0.2442
DIAMONDS KING SPADES NINE,0.5936,0.0046,0.4018
HEARTS THREE SPADES NINE,0.6388,0.0056,0.3556
