opposingHand,winningChance,drawChance,lostChance
SPADES QUEEN HEARTS THREE
HEARTS FIVE SPADES TEN,0.5938,0.0136,0.3926
HEARTS FIVE SPADES JACK,0.604,0.01,0.386
SPADES FIVE CLUBS JACK,0.6086,0.0144,0.377
CLUBS TEN SPADES FIVE,0.5946,0.0138,0.3916
CLUBS EIGHT CLUBS JACK,0.5354,0.0104,0.4542
CLUBS TEN CLUBS EIGHT,0.5194,0.0084,0.4722
CLUBS EIGHT CLUBS KING,0.3294,0.0056,0.665
SPADES FIVE CLUBS ACE,0.3592,0.0046,0.6362
CLUBS EIGHT CLUBS QUEEN,0.2178,0.2156,0.5666
SPADES FIVE CLUBS KING,0.3612,0.008,0.6308
SPADES FIVE CLUBS QUEEN,0.219,0.4602,0.3208
CLUBS EIGHT CLUBS ACE,0.3362,0.0058,0.658
DIAMONDS TWO DIAMONDS THREE,0.6648,0.0416,0.2936
DIAMONDS TWO DIAMONDS FIVE,0.574,0.0146,0.4114
HEARTS FIVE SPADES KING,0.3532,0.0084,0.6384
DIAMONDS TWO DIAMONDS FOUR,0.586,0.0136,0.4004
DIAMONDS TWO DIAMONDS SEVEN,0.5934,0.0122,0.3944
DIAMONDS TWO DIAMONDS SIX,0.5862,0.0132,0.4006
SPADES ACE HEARTS FIVE,0.3256,0.0048,0.6696
DIAMONDS TWO DIAMONDS NINE,0.586,0.0126,0.4014
DIAMONDS TWO DIAMONDS EIGHT,0.5786,0.013,0.4084
DIAMONDS THREE DIAMONDS FOUR,0.6348,0.0432,0.322
SPADES FOUR CLUBS TWO,0.6176,0.0156,0.3668
DIAMONDS THREE DIAMONDS FIVE,0.6428,0.0344,0.3228
SPADES FIVE CLUBS TWO,0.6,0.0132,0.3868
CLUBS TWO SPADES TWO,0.4194,0.0382,0.5424
CLUBS TWO SPADES THREE,0.721,0.0422,0.2368
DIAMONDS THREE DIAMONDS EIGHT,0.6782,0.0368,0.285
SPADES EIGHT CLUBS TWO,0.6292,0.0184,0.3524
DIAMONDS THREE DIAMONDS NINE,0.6746,0.0412,0.2842
SPADES NINE CLUBS TWO,0.6316,0.0136,0.3548
DIAMONDS THREE DIAMONDS SIX,0.656,0.0366,0.3074
SPADES SIX CLUBS TWO,0.6302,0.017,0.3528
DIAMONDS THREE DIAMONDS SEVEN,0.664,0.0408,0.2952
SPADES SEVEN CLUBS TWO,0.6482,0.0148,0.337
CLUBS SIX CLUBS TWO,0.5822,0.014,0.4038
CLUBS SEVEN CLUBS TWO,0.5892,0.0152,0.3956
CLUBS FOUR CLUBS TWO,0.5754,0.0158,0.4088
CLUBS FIVE CLUBS TWO,0.574,0.0112,0.4148
CLUBS TEN CLUBS JACK,0.4974,0.009,0.4936
DIAMONDS FOUR DIAMONDS SIX,0.5316,0.0148,0.4536
CLUBS TEN CLUBS QUEEN,0.224,0.113,0.663
DIAMONDS FOUR DIAMONDS SEVEN,0.5286,0.0116,0.4598
CLUBS TEN CLUBS KING,0.3122,0.0052,0.6826
CLUBS TEN CLUBS ACE,0.3172,0.0044,0.6784
CLUBS EIGHT CLUBS TWO,0.5884,0.0114,0.4002
DIAMONDS FIVE DIAMONDS FOUR,0.5284,0.0126,0.459
CLUBS NINE CLUBS TWO,0.5704,0.0144,0.4152
DIAMONDS NINE DIAMONDS FOUR,0.5482,0.0114,0.4404
DIAMONDS EIGHT DIAMONDS FOUR,0.534,0.014,0.452
CLUBS THREE CLUBS TWO,0.6574,0.0436,0.299
DIAMONDS NINE DIAMONDS FIVE,0.5562,0.0136,0.4302
DIAMONDS TWO CLUBS JACK,0.63,0.0128,0.3572
DIAMONDS EIGHT DIAMONDS FIVE,0.5386,0.0108,0.4506
CLUBS TEN DIAMONDS TWO,0.6286,0.0136,0.3578
DIAMONDS FIVE DIAMONDS SEVEN,0.5374,0.0098,0.4528
DIAMONDS FIVE DIAMONDS SIX,0.5154,0.0122,0.4724
DIAMONDS TWO CLUBS ACE,0.376,0.0056,0.6184
DIAMONDS TWO CLUBS KING,0.3914,0.0094,0.5992
DIAMONDS TWO CLUBS QUEEN,0.2652,0.5134,0.2214
DIAMONDS EIGHT DIAMONDS SIX,0.519,0.011,0.47
DIAMONDS NINE DIAMONDS SIX,0.5402,0.0112,0.4486
HEARTS ACE SPADES THREE,0.2234,0.023,0.7536
SPADES THREE HEARTS KING,0.229,0.036,0.735
DIAMONDS SEVEN DIAMONDS SIX,0.5252,0.0114,0.4634
SPADES THREE HEARTS QUEEN,0.0074,0.987,0.0056
SPADES THREE HEARTS JACK,0.7258,0.0442,0.23
SPADES THREE HEARTS TEN,0.7238,0.046,0.2302
DIAMONDS EIGHT DIAMONDS SEVEN,0.5172,0.014,0.4688
DIAMONDS NINE DIAMONDS SEVEN,0.5198,0.012,0.4682
DIAMONDS NINE DIAMONDS EIGHT,0.5144,0.0108,0.4748
DIAMONDS KING HEARTS TEN,0.3348,0.007,0.6582
SPADES JACK CLUBS SIX,0.5966,0.0116,0.3918
DIAMONDS KING HEARTS JACK,0.3246,0.0078,0.6676
SPADES TEN CLUBS SIX,0.574,0.0114,0.4146
SPADES JACK SPADES FIVE,0.5688,0.0146,0.4166
SPADES TEN SPADES FIVE,0.5772,0.012,0.4108
DIAMONDS KING HEARTS ACE,0.3204,0.0052,0.6744
SPADES ACE CLUBS SIX,0.3576,0.0036,0.6388
DIAMONDS KING HEARTS QUEEN,0.2232,0.0288,0.748
SPADES KING CLUBS SIX,0.3522,0.006,0.6418
DIAMONDS KING HEARTS KING,0.1272,0.0046,0.8682
SPADES NINE HEARTS TEN,0.5496,0.011,0.4394
SPADES NINE HEARTS JACK,0.551,0.0092,0.4398
SPADES KING SPADES FIVE,0.3484,0.0094,0.6422
SPADES ACE SPADES FIVE,0.3344,0.0054,0.6602
SPADES NINE HEARTS QUEEN,0.227,0.1628,0.6102
SPADES NINE HEARTS KING,0.3592,0.0088,0.632
SPADES NINE HEARTS ACE,0.362,0.0048,0.6332
CLUBS TEN SPADES JACK,0.5358,0.0098,0.4544
CLUBS TEN SPADES TEN,0.2896,0.0164,0.694
SPADES ACE CLUBS TEN,0.3344,0.0042,0.6614
SPADES KING CLUBS TEN,0.3306,0.0064,0.663
SPADES FIVE HEARTS QUEEN,0.2138,0.4684,0.3178
SPADES FIVE HEARTS KING,0.3478,0.0084,0.6438
SPADES FIVE HEARTS ACE,0.349,0.005,0.646
SPADES JACK DIAMONDS KING,0.3342,0.0064,0.6594
SPADES TEN CLUBS EIGHT,0.5522,0.0118,0.436
SPADES JACK CLUBS EIGHT,0.5724,0.011,0.4166
SPADES TEN DIAMONDS KING,0.3394,0.0068,0.6538
CLUBS SIX HEARTS ACE,0.3646,0.0054,0.63
SPADES ACE CLUBS EIGHT,0.3474,0.004,0.6486
HEARTS FIVE CLUBS JACK,0.5914,0.0116,0.397
HEARTS FIVE CLUBS TEN,0.593,0.0118,0.3952
CLUBS SIX HEARTS QUEEN,0.2118,0.378,0.4102
CLUBS TEN SPADES THREE,0.7234,0.0412,0.2354
CLUBS SIX HEARTS KING,0.3498,0.0072,0.643
SPADES KING CLUBS EIGHT,0.361,0.0066,0.6324
SPADES THREE CLUBS JACK,0.7276,0.0394,0.233
DIAMONDS TWO HEARTS JACK,0.6194,0.013,0.3676
SPADES THREE CLUBS QUEEN,0.0182,0.9724,0.0094
DIAMONDS TWO HEARTS TEN,0.6306,0.0128,0.3566
SPADES THREE CLUBS KING,0.237,0.036,0.727
HEARTS FIVE CLUBS ACE,0.3396,0.0056,0.6548
SPADES FIVE HEARTS TEN,0.6048,0.014,0.3812
SPADES THREE CLUBS ACE,0.2364,0.0234,0.7402
HEARTS FIVE CLUBS KING,0.3592,0.0064,0.6344
SPADES FIVE HEARTS JACK,0.5854,0.0142,0.4004
HEARTS FIVE CLUBS QUEEN,0.2078,0.4712,0.321
DIAMONDS KING CLUBS KING,0.1366,0.0038,0.8596
DIAMONDS KING CLUBS QUEEN,0.2348,0.0246,0.7406
HEARTS FIVE HEARTS JACK,0.5684,0.0114,0.4202
HEARTS FIVE HEARTS TEN,0.5662,0.012,0.4218
DIAMONDS KING CLUBS ACE,0.3256,0.0058,0.6686
SPADES ACE CLUBS QUEEN,0.2082,0.019,0.7728
SPADES KING CLUBS QUEEN,0.217,0.0306,0.7524
DIAMONDS KING CLUBS JACK,0.3412,0.0084,0.6504
CLUBS TEN DIAMONDS KING,0.3404,0.0058,0.6538
SPADES JACK CLUBS QUEEN,0.2338,0.0824,0.6838
CLUBS SIX CLUBS QUEEN,0.2148,0.3474,0.4378
SPADES TEN CLUBS QUEEN,0.2304,0.1178,0.6518
CLUBS SIX CLUBS KING,0.3476,0.0068,0.6456
CLUBS SIX CLUBS ACE,0.3286,0.0044,0.667
HEARTS FIVE HEARTS KING,0.3352,0.0086,0.6562
HEARTS FIVE HEARTS QUEEN,0.2176,0.4296,0.3528
CLUBS TEN CLUBS SIX,0.5418,0.0122,0.446
HEARTS FIVE HEARTS ACE,0.3292,0.0052,0.6656
CLUBS SIX CLUBS JACK,0.557,0.0104,0.4326
SPADES SEVEN HEARTS JACK,0.5792,0.0118,0.409
SPADES SEVEN HEARTS TEN,0.5704,0.0104,0.4192
DIAMONDS TWO CLUBS TWO,0.4092,0.036,0.5548
DIAMONDS TWO CLUBS THREE,0.7054,0.0406,0.254
DIAMONDS TWO HEARTS SIX,0.6156,0.0144,0.37
DIAMONDS TWO HEARTS QUEEN,0.2562,0.5272,0.2166
HEARTS SEVEN DIAMONDS TWO,0.6212,0.0128,0.366
DIAMONDS TWO HEARTS KING,0.3918,0.0104,0.5978
DIAMONDS TWO HEARTS EIGHT,0.6192,0.0138,0.367
DIAMONDS TWO HEARTS ACE,0.366,0.0052,0.6288
DIAMONDS TWO HEARTS NINE,0.6216,0.0138,0.3646
DIAMONDS TWO DIAMONDS QUEEN,0.2374,0.4932,0.2694
DIAMONDS TWO HEARTS TWO,0.4306,0.0364,0.533
DIAMONDS TWO DIAMONDS KING,0.3764,0.0072,0.6164
DIAMONDS TWO DIAMONDS ACE,0.3678,0.0046,0.6276
HEARTS FOUR DIAMONDS TWO,0.6034,0.016,0.3806
HEARTS FIVE DIAMONDS TWO,0.6136,0.0132,0.3732
SPADES SEVEN HEARTS ACE,0.3534,0.0042,0.6424
DIAMONDS TWO DIAMONDS TEN,0.5816,0.0134,0.405
SPADES SEVEN HEARTS KING,0.3528,0.0036,0.6436
DIAMONDS TWO DIAMONDS JACK,0.5906,0.0136,0.3958
SPADES SEVEN HEARTS QUEEN,0.2246,0.3052,0.4702
DIAMONDS TWO SPADES NINE,0.6372,0.0112,0.3516
DIAMONDS TWO SPADES EIGHT,0.6274,0.0134,0.3592
DIAMONDS TWO SPADES SEVEN,0.6372,0.0144,0.3484
DIAMONDS TWO SPADES SIX,0.6182,0.0176,0.3642
DIAMONDS TWO SPADES FIVE,0.62,0.0144,0.3656
DIAMONDS TWO SPADES FOUR,0.6162,0.0134,0.3704
DIAMONDS TWO SPADES THREE,0.7146,0.0456,0.2398
DIAMONDS TWO SPADES TWO,0.4198,0.0368,0.5434
CLUBS NINE DIAMONDS TWO,0.6196,0.013,0.3674
DIAMONDS TWO CLUBS EIGHT,0.6192,0.0142,0.3666
CLUBS SEVEN DIAMONDS TWO,0.6362,0.013,0.3508
DIAMONDS TWO CLUBS SIX,0.6296,0.0128,0.3576
DIAMONDS TWO CLUBS FIVE,0.6086,0.0126,0.3788
DIAMONDS TWO CLUBS FOUR,0.6214,0.0156,0.363
CLUBS FOUR SPADES FIVE,0.569,0.0116,0.4194
CLUBS FOUR SPADES FOUR,0.3218,0.0312,0.647
CLUBS FOUR SPADES THREE,0.6764,0.0496,0.274
CLUBS FOUR SPADES TWO,0.6142,0.0146,0.3712
SPADES NINE CLUBS FOUR,0.5982,0.0146,0.3872
SPADES EIGHT CLUBS FOUR,0.586,0.0152,0.3988
SPADES SEVEN CLUBS FOUR,0.5778,0.0124,0.4098
SPADES SIX CLUBS FOUR,0.5812,0.0176,0.4012
SPADES ACE DIAMONDS SIX,0.3544,0.0046,0.641
SPADES KING DIAMONDS SIX,0.3514,0.0076,0.641
SPADES TEN DIAMONDS SIX,0.5822,0.011,0.4068
SPADES JACK DIAMONDS SIX,0.5974,0.0142,0.3884
SPADES KING SPADES TWO,0.362,0.0102,0.6278
SPADES ACE SPADES TWO,0.3598,0.0068,0.6334
DIAMONDS JACK CLUBS JACK,0.277,0.0108,0.7122
CLUBS TEN DIAMONDS JACK,0.5364,0.0104,0.4532
DIAMONDS JACK CLUBS KING,0.3474,0.0066,0.646
DIAMONDS JACK CLUBS QUEEN,0.234,0.093,0.673
DIAMONDS THREE DIAMONDS JACK,0.6632,0.0398,0.297
DIAMONDS THREE DIAMONDS TEN,0.6556,0.0468,0.2976
DIAMONDS JACK CLUBS ACE,0.351,0.0042,0.6448
DIAMONDS THREE DIAMONDS KING,0.22,0.0324,0.7476
DIAMONDS THREE DIAMONDS QUEEN,0.0212,0.9066,0.0722
DIAMONDS THREE HEARTS TWO,0.7056,0.0464,0.248
HEARTS FIVE DIAMONDS THREE,0.6806,0.0426,0.2768
DIAMONDS THREE DIAMONDS ACE,0.2206,0.019,0.7604
HEARTS FOUR DIAMONDS THREE,0.6742,0.044,0.2818
HEARTS SEVEN DIAMONDS THREE,0.7052,0.0408,0.254
SPADES TEN SPADES NINE,0.5104,0.0128,0.4768
HEARTS SIX DIAMONDS THREE,0.6994,0.0358,0.2648
SPADES JACK SPADES NINE,0.5368,0.012,0.4512
DIAMONDS THREE HEARTS NINE,0.7088,0.0438,0.2474
HEARTS JACK DIAMONDS FOUR,0.5906,0.0108,0.3986
HEARTS ACE HEARTS KING,0.2946,0.0062,0.6992
SPADES TEN SPADES TWO,0.6028,0.0152,0.382
DIAMONDS THREE HEARTS EIGHT,0.7212,0.0408,0.238
HEARTS TEN DIAMONDS FOUR,0.5954,0.014,0.3906
SPADES JACK SPADES TWO,0.5864,0.0142,0.3994
HEARTS QUEEN DIAMONDS FOUR,0.2078,0.5156,0.2766
HEARTS KING DIAMONDS FOUR,0.3642,0.006,0.6298
SPADES ACE SPADES NINE,0.3516,0.005,0.6434
HEARTS ACE DIAMONDS FOUR,0.3462,0.0062,0.6476
SPADES KING SPADES NINE,0.3386,0.0086,0.6528
DIAMONDS THREE SPADES NINE,0.7114,0.0446,0.244
DIAMONDS THREE SPADES EIGHT,0.7206,0.0402,0.2392
DIAMONDS THREE SPADES SEVEN,0.711,0.0376,0.2514
DIAMONDS THREE SPADES SIX,0.706,0.0364,0.2576
DIAMONDS THREE CLUBS SIX,0.6976,0.041,0.2614
CLUBS FIVE CLUBS SIX,0.5108,0.0156,0.4736
CLUBS ACE DIAMONDS FOUR,0.3372,0.0042,0.6586
CLUBS SEVEN DIAMONDS THREE,0.695,0.038,0.267
CLUBS SEVEN CLUBS FIVE,0.5218,0.0116,0.4666
DIAMONDS THREE CLUBS FOUR,0.6696,0.0432,0.2872
DIAMONDS FOUR CLUBS QUEEN,0.2158,0.5078,0.2764
DIAMONDS THREE CLUBS FIVE,0.6784,0.0412,0.2804
CLUBS KING DIAMONDS FOUR,0.3572,0.0078,0.635
DIAMONDS THREE CLUBS TWO,0.698,0.0432,0.2588
CLUBS TEN DIAMONDS FOUR,0.5934,0.0136,0.393
DIAMONDS THREE CLUBS THREE,0.2886,0.0292,0.6822
DIAMONDS FOUR CLUBS JACK,0.598,0.0136,0.3884
DIAMONDS THREE SPADES FOUR,0.6738,0.0436,0.2826
DIAMONDS THREE SPADES FIVE,0.6736,0.0438,0.2826
DIAMONDS THREE SPADES TWO,0.713,0.0436,0.2434
DIAMONDS THREE SPADES THREE,0.3016,0.0302,0.6682
CLUBS EIGHT DIAMONDS THREE,0.7192,0.0376,0.2432
CLUBS NINE DIAMONDS THREE,0.7126,0.0482,0.2392
SPADES SEVEN CLUBS ACE,0.3722,0.0034,0.6244
SPADES SEVEN CLUBS QUEEN,0.2322,0.316,0.4518
SPADES SEVEN CLUBS KING,0.3614,0.0066,0.632
CLUBS FIVE SPADES SEVEN,0.5658,0.013,0.4212
CLUBS TEN SPADES SEVEN,0.5668,0.0152,0.418
CLUBS FIVE SPADES SIX,0.5634,0.0168,0.4198
SPADES SEVEN CLUBS JACK,0.5856,0.014,0.4004
SPADES NINE CLUBS FIVE,0.5778,0.012,0.4102
CLUBS FIVE SPADES EIGHT,0.5576,0.0132,0.4292
CLUBS FIVE SPADES THREE,0.6722,0.0426,0.2852
CLUBS FIVE SPADES TWO,0.6052,0.0136,0.3812
CLUBS FIVE SPADES FIVE,0.3228,0.035,0.6422
CLUBS FIVE SPADES FOUR,0.5758,0.0138,0.4104
CLUBS NINE CLUBS FIVE,0.5554,0.0126,0.432
CLUBS EIGHT CLUBS FIVE,0.5426,0.0116,0.4458
CLUBS ACE CLUBS QUEEN,0.2082,0.017,0.7748
CLUBS KING CLUBS QUEEN,0.2176,0.0274,0.755
DIAMONDS TEN DIAMONDS FOUR,0.5618,0.0144,0.4238
CLUBS TEN DIAMONDS NINE,0.5358,0.0088,0.4554
DIAMONDS JACK DIAMONDS FOUR,0.5498,0.0128,0.4374
DIAMONDS NINE CLUBS JACK,0.5634,0.0082,0.4284
SPADES NINE CLUBS JACK,0.555,0.0112,0.4338
CLUBS TEN SPADES NINE,0.5448,0.0112,0.444
DIAMONDS ACE DIAMONDS FOUR,0.3364,0.0038,0.6598
HEARTS FOUR DIAMONDS FOUR,0.329,0.0376,0.6334
DIAMONDS JACK HEARTS TEN,0.5286,0.0098,0.4616
SPADES NINE CLUBS KING,0.3488,0.0064,0.6448
DIAMONDS TWO SPADES TEN,0.6454,0.013,0.3416
DIAMONDS NINE CLUBS ACE,0.3458,0.004,0.6502
HEARTS FIVE DIAMONDS FOUR,0.5562,0.0166,0.4272
DIAMONDS JACK HEARTS JACK,0.276,0.0088,0.7152
SPADES NINE CLUBS QUEEN,0.229,0.1738,0.5972
SPADES JACK DIAMONDS TWO,0.633,0.0108,0.3562
DIAMONDS QUEEN DIAMONDS FOUR,0.2068,0.484,0.3092
HEARTS TWO DIAMONDS FOUR,0.6178,0.0156,0.3666
DIAMONDS NINE CLUBS QUEEN,0.2392,0.165,0.5958
DIAMONDS KING DIAMONDS FOUR,0.3374,0.0088,0.6538
SPADES NINE CLUBS ACE,0.3808,0.0038,0.6154
DIAMONDS NINE CLUBS KING,0.357,0.0044,0.6386
HEARTS ACE DIAMONDS JACK,0.336,0.004,0.66
SPADES ACE DIAMONDS TWO,0.3776,0.0056,0.6168
HEARTS QUEEN DIAMONDS JACK,0.2212,0.0882,0.6906
DIAMONDS JACK HEARTS KING,0.3306,0.0068,0.6626
SPADES KING DIAMONDS TWO,0.3914,0.0096,0.599
SPADES JACK SPADES SEVEN,0.5484,0.0122,0.4394
SPADES TEN SPADES SEVEN,0.5474,0.0154,0.4372
CLUBS SEVEN CLUBS THREE,0.6658,0.0374,0.2968
CLUBS SIX CLUBS THREE,0.6484,0.0416,0.31
CLUBS FIVE CLUBS THREE,0.634,0.0414,0.3246
CLUBS THREE CLUBS FOUR,0.6396,0.0394,0.321
CLUBS NINE CLUBS THREE,0.6718,0.0424,0.2858
CLUBS EIGHT CLUBS THREE,0.669,0.0436,0.2874
CLUBS THREE SPADES FIVE,0.6776,0.0448,0.2776
CLUBS THREE SPADES FOUR,0.6976,0.0384,0.264
CLUBS THREE SPADES THREE,0.307,0.0278,0.6652
CLUBS THREE SPADES TWO,0.702,0.0446,0.2534
CLUBS THREE SPADES SIX,0.7006,0.0378,0.2616
SPADES SEVEN CLUBS THREE,0.7034,0.0376,0.259
SPADES EIGHT CLUBS THREE,0.7118,0.0416,0.2466
SPADES NINE CLUBS THREE,0.7178,0.0446,0.2376
SPADES TWO DIAMONDS FOUR,0.6144,0.0152,0.3704
SPADES THREE DIAMONDS FOUR,0.681,0.0442,0.2748
SPADES FOUR DIAMONDS FOUR,0.3386,0.0326,0.6288
SPADES FIVE DIAMONDS FOUR,0.571,0.0112,0.4178
SPADES SIX DIAMONDS FOUR,0.5738,0.0138,0.4124
SPADES SEVEN DIAMONDS FOUR,0.5848,0.0146,0.4006
SPADES EIGHT DIAMONDS FOUR,0.5806,0.012,0.4074
SPADES NINE DIAMONDS FOUR,0.6092,0.0138,0.377
CLUBS FIVE DIAMONDS FOUR,0.5726,0.0162,0.4112
CLUBS FOUR DIAMONDS FOUR,0.3264,0.0316,0.642
CLUBS SEVEN DIAMONDS FOUR,0.5686,0.0114,0.42
CLUBS SIX DIAMONDS FOUR,0.5802,0.01,0.4098
CLUBS NINE DIAMONDS FOUR,0.5948,0.0132,0.392
CLUBS EIGHT DIAMONDS FOUR,0.5782,0.0128,0.409
HEARTS SEVEN DIAMONDS FOUR,0.578,0.012,0.41
HEARTS SIX DIAMONDS FOUR,0.5656,0.014,0.4204
DIAMONDS FOUR HEARTS NINE,0.587,0.0098,0.4032
DIAMONDS FOUR HEARTS EIGHT,0.5818,0.0136,0.4046
CLUBS THREE DIAMONDS FOUR,0.6832,0.0434,0.2734
CLUBS TWO DIAMONDS FOUR,0.6152,0.0128,0.372
DIAMONDS TEN DIAMONDS FIVE,0.5458,0.0118,0.4424
DIAMONDS JACK DIAMONDS FIVE,0.5538,0.0094,0.4368
DIAMONDS NINE HEARTS QUEEN,0.225,0.1516,0.6234
DIAMONDS NINE HEARTS KING,0.3464,0.009,0.6446
HEARTS ACE DIAMONDS NINE,0.3594,0.0036,0.637
DIAMONDS NINE HEARTS TEN,0.5356,0.0102,0.4542
DIAMONDS NINE HEARTS JACK,0.5596,0.0108,0.4296
CLUBS KING DIAMONDS SIX,0.3518,0.0074,0.6408
CLUBS QUEEN DIAMONDS SIX,0.2308,0.378,0.3912
CLUBS ACE DIAMONDS SIX,0.364,0.0034,0.6326
SPADES KING DIAMONDS FOUR,0.3612,0.008,0.6308
SPADES ACE SPADES SEVEN,0.3458,0.0034,0.6508
CLUBS JACK DIAMONDS SIX,0.598,0.0108,0.3912
SPADES KING SPADES SEVEN,0.3472,0.0076,0.6452
SPADES ACE DIAMONDS FOUR,0.3472,0.0046,0.6482
CLUBS TEN DIAMONDS SIX,0.5804,0.0086,0.411
CLUBS NINE CLUBS FOUR,0.548,0.013,0.439
CLUBS EIGHT CLUBS FOUR,0.5452,0.0114,0.4434
SPADES JACK DIAMONDS FOUR,0.5834,0.0114,0.4052
SPADES TEN DIAMONDS FOUR,0.5986,0.0116,0.3898
CLUBS FIVE CLUBS FOUR,0.5264,0.0148,0.4588
CLUBS SEVEN CLUBS FOUR,0.544,0.0118,0.4442
CLUBS SIX CLUBS FOUR,0.5234,0.0098,0.4668
CLUBS SEVEN SPADES EIGHT,0.5486,0.0132,0.4382
CLUBS SEVEN SPADES NINE,0.556,0.0138,0.4302
CLUBS SEVEN SPADES SIX,0.5538,0.0112,0.435
CLUBS SEVEN SPADES SEVEN,0.3138,0.022,0.6642
CLUBS SEVEN SPADES FIVE,0.5744,0.0102,0.4154
CLUBS SEVEN SPADES FOUR,0.583,0.0162,0.4008
CLUBS SEVEN SPADES THREE,0.703,0.0426,0.2544
CLUBS SEVEN SPADES TWO,0.6434,0.0156,0.341
CLUBS NINE CLUBS SEVEN,0.5118,0.0094,0.4788
CLUBS SEVEN CLUBS EIGHT,0.5198,0.011,0.4692
HEARTS SIX DIAMONDS FIVE,0.5548,0.0216,0.4236
HEARTS SEVEN DIAMONDS FIVE,0.564,0.012,0.424
DIAMONDS FIVE HEARTS EIGHT,0.5626,0.0098,0.4276
DIAMONDS FIVE HEARTS NINE,0.5824,0.0132,0.4044
DIAMONDS QUEEN DIAMONDS FIVE,0.211,0.4326,0.3564
HEARTS TWO DIAMONDS FIVE,0.61,0.015,0.375
HEARTS KING HEARTS EIGHT,0.3546,0.0088,0.6366
DIAMONDS KING DIAMONDS FIVE,0.3372,0.0062,0.6566
HEARTS QUEEN HEARTS EIGHT,0.2158,0.2206,0.5636
DIAMONDS ACE DIAMONDS FIVE,0.3286,0.0048,0.6666
HEARTS FOUR DIAMONDS FIVE,0.5616,0.0166,0.4218
HEARTS FIVE DIAMONDS FIVE,0.3064,0.0328,0.6608
HEARTS ACE HEARTS EIGHT,0.353,0.0046,0.6424
CLUBS FOUR DIAMONDS FIVE,0.5574,0.014,0.4286
CLUBS FIVE DIAMONDS FIVE,0.3232,0.0302,0.6466
CLUBS SIX DIAMONDS FIVE,0.5596,0.0106,0.4298
CLUBS SEVEN DIAMONDS FIVE,0.5666,0.0128,0.4206
CLUBS TWO DIAMONDS FIVE,0.6072,0.0172,0.3756
CLUBS THREE DIAMONDS FIVE,0.6798,0.044,0.2762
SPADES THREE DIAMONDS FIVE,0.6908,0.045,0.2642
SPADES TWO DIAMONDS FIVE,0.611,0.012,0.377
SPADES JACK DIAMONDS EIGHT,0.5706,0.0098,0.4196
SPADES FIVE DIAMONDS FIVE,0.3086,0.0338,0.6576
CLUBS TEN HEARTS JACK,0.5336,0.0096,0.4568
SPADES TEN DIAMONDS EIGHT,0.5566,0.0098,0.4336
SPADES FOUR DIAMONDS FIVE,0.5664,0.014,0.4196
HEARTS JACK CLUBS JACK,0.2792,0.008,0.7128
HEARTS JACK CLUBS QUEEN,0.2306,0.0946,0.6748
CLUBS NINE DIAMONDS FIVE,0.578,0.015,0.407
CLUBS KING HEARTS JACK,0.3342,0.0074,0.6584
CLUBS EIGHT DIAMONDS FIVE,0.568,0.0112,0.4208
CLUBS ACE HEARTS JACK,0.339,0.0044,0.6566
SPADES SEVEN DIAMONDS FIVE,0.5654,0.0116,0.423
SPADES KING DIAMONDS EIGHT,0.3554,0.0066,0.638
SPADES SIX DIAMONDS FIVE,0.5604,0.011,0.4286
SPADES NINE DIAMONDS FIVE,0.602,0.0124,0.3856
SPADES EIGHT DIAMONDS FIVE,0.573,0.0124,0.4146
SPADES ACE DIAMONDS EIGHT,0.36,0.0064,0.6336
DIAMONDS TEN DIAMONDS SIX,0.5416,0.0154,0.443
HEARTS ACE DIAMONDS SEVEN,0.3534,0.0056,0.641
DIAMONDS JACK DIAMONDS SIX,0.5628,0.0116,0.4256
HEARTS QUEEN DIAMONDS SEVEN,0.222,0.2996,0.4784
HEARTS KING DIAMONDS SEVEN,0.3606,0.0062,0.6332
DIAMONDS ACE DIAMONDS SIX,0.3484,0.0042,0.6474
HEARTS FOUR DIAMONDS SIX,0.5714,0.0172,0.4114
SPADES TWO HEARTS JACK,0.6268,0.0136,0.3596
HEARTS FIVE DIAMONDS SIX,0.5512,0.0144,0.4344
SPADES TWO HEARTS TEN,0.6162,0.0126,0.3712
DIAMONDS QUEEN DIAMONDS SIX,0.218,0.3548,0.4272
HEARTS TWO DIAMONDS SIX,0.618,0.012,0.37
DIAMONDS KING DIAMONDS SIX,0.3246,0.0058,0.6696
HEARTS EIGHT DIAMONDS SIX,0.5464,0.0134,0.4402
HEARTS NINE DIAMONDS SIX,0.5608,0.0122,0.427
HEARTS SIX DIAMONDS SIX,0.3106,0.028,0.6614
HEARTS SEVEN DIAMONDS SIX,0.556,0.0124,0.4316
HEARTS TEN DIAMONDS SEVEN,0.5602,0.0124,0.4274
CLUBS TWO DIAMONDS SIX,0.6188,0.0166,0.3646
HEARTS JACK DIAMONDS SEVEN,0.5852,0.01,0.4048
CLUBS THREE DIAMONDS SIX,0.6926,0.0398,0.2676
CLUBS SEVEN DIAMONDS SIX,0.5568,0.0138,0.4294
DIAMONDS EIGHT CLUBS JACK,0.5544,0.0144,0.4312
CLUBS SIX DIAMONDS SIX,0.3246,0.0204,0.655
CLUBS TEN DIAMONDS EIGHT,0.5606,0.0122,0.4272
CLUBS FIVE DIAMONDS SIX,0.5588,0.0132,0.428
CLUBS FOUR DIAMONDS SIX,0.5716,0.0124,0.416
HEARTS ACE HEARTS JACK,0.3298,0.0036,0.6666
DIAMONDS EIGHT CLUBS ACE,0.3486,0.0042,0.6472
HEARTS QUEEN HEARTS JACK,0.2252,0.085,0.6898
DIAMONDS EIGHT CLUBS KING,0.3516,0.0048,0.6436
CLUBS NINE DIAMONDS SIX,0.5676,0.0128,0.4196
HEARTS KING HEARTS JACK,0.3236,0.0078,0.6686
DIAMONDS EIGHT CLUBS QUEEN,0.224,0.2192,0.5568
CLUBS EIGHT DIAMONDS SIX,0.5518,0.0112,0.437
SPADES TEN HEARTS KING,0.3372,0.0112,0.6516
SPADES FIVE DIAMONDS SIX,0.5696,0.013,0.4174
HEARTS ACE SPADES TWO,0.369,0.0064,0.6246
SPADES JACK HEARTS KING,0.3388,0.008,0.6532
SPADES FOUR DIAMONDS SIX,0.5622,0.0136,0.4242
SPADES THREE DIAMONDS SIX,0.7014,0.0424,0.2562
HEARTS QUEEN SPADES TWO,0.2706,0.5192,0.2102
SPADES ACE SPADES KING,0.3056,0.0054,0.689
SPADES TWO HEARTS KING,0.3862,0.0082,0.6056
SPADES TWO DIAMONDS SIX,0.6262,0.0154,0.3584
HEARTS TEN HEARTS EIGHT,0.531,0.0148,0.4542
SPADES NINE DIAMONDS SIX,0.5688,0.01,0.4212
HEARTS JACK HEARTS EIGHT,0.5442,0.0118,0.444
SPADES EIGHT DIAMONDS SIX,0.5534,0.0122,0.4344
SPADES SEVEN DIAMONDS SIX,0.555,0.0136,0.4314
SPADES SIX DIAMONDS SIX,0.3354,0.028,0.6366
SPADES KING HEARTS KING,0.1176,0.0056,0.8768
CLUBS ACE CLUBS KING,0.3054,0.005,0.6896
SPADES ACE HEARTS KING,0.2962,0.007,0.6968
SPADES ACE HEARTS JACK,0.3372,0.0044,0.6584
SPADES KING HEARTS JACK,0.3248,0.007,0.6682
SPADES TEN DIAMONDS TEN,0.2974,0.0162,0.6864
SPADES JACK DIAMONDS TEN,0.5432,0.0072,0.4496
SPADES ACE DIAMONDS TEN,0.338,0.0036,0.6584
SPADES JACK HEARTS JACK,0.271,0.0118,0.7172
SPADES TEN HEARTS JACK,0.5326,0.0108,0.4566
SPADES KING DIAMONDS TEN,0.3304,0.0086,0.661
SPADES NINE DIAMONDS SEVEN,0.5594,0.0122,0.4284
SPADES EIGHT DIAMONDS SEVEN,0.564,0.0114,0.4246
SPADES SEVEN DIAMONDS SEVEN,0.3162,0.0208,0.663
SPADES SIX DIAMONDS SEVEN,0.5508,0.0132,0.436
DIAMONDS KING DIAMONDS SEVEN,0.3358,0.0066,0.6576
HEARTS KING DIAMONDS FIVE,0.3458,0.0084,0.6458
DIAMONDS QUEEN DIAMONDS SEVEN,0.2064,0.2948,0.4988
HEARTS TWO DIAMONDS SEVEN,0.6312,0.0156,0.3532
HEARTS QUEEN DIAMONDS FIVE,0.2058,0.4712,0.323
HEARTS FIVE DIAMONDS SEVEN,0.5624,0.0136,0.424
DIAMONDS ACE DIAMONDS SEVEN,0.334,0.004,0.662
HEARTS FOUR DIAMONDS SEVEN,0.5648,0.0146,0.4206
HEARTS ACE DIAMONDS FIVE,0.3472,0.0062,0.6466
HEARTS SEVEN DIAMONDS SEVEN,0.3164,0.0268,0.6568
HEARTS SIX DIAMONDS SEVEN,0.5452,0.0132,0.4416
DIAMONDS SEVEN HEARTS NINE,0.55,0.0126,0.4374
HEARTS EIGHT DIAMONDS SEVEN,0.5446,0.0146,0.4408
DIAMONDS JACK DIAMONDS SEVEN,0.5378,0.0108,0.4514
DIAMONDS FIVE HEARTS JACK,0.589,0.011,0.4
DIAMONDS TEN DIAMONDS SEVEN,0.5242,0.0114,0.4644
HEARTS TEN DIAMONDS FIVE,0.5944,0.0106,0.395
SPADES KING CLUBS TWO,0.3872,0.0088,0.604
HEARTS KING CLUBS KING,0.1318,0.0036,0.8646
CLUBS EIGHT DIAMONDS SEVEN,0.5452,0.0102,0.4446
HEARTS KING CLUBS QUEEN,0.2238,0.0308,0.7454
CLUBS NINE DIAMONDS SEVEN,0.5626,0.009,0.4284
SPADES TWO CLUBS JACK,0.6362,0.0156,0.3482
SPADES ACE CLUBS TWO,0.3676,0.006,0.6264
CLUBS TEN SPADES TWO,0.621,0.011,0.368
HEARTS KING CLUBS ACE,0.3222,0.0048,0.673
CLUBS SEVEN CLUBS SIX,0.5318,0.0114,0.4568
SPADES TWO CLUBS KING,0.3918,0.0096,0.5986
SPADES TWO DIAMONDS SEVEN,0.626,0.0142,0.3598
CLUBS EIGHT CLUBS SIX,0.5356,0.0092,0.4552
SPADES THREE DIAMONDS SEVEN,0.7128,0.0374,0.2498
SPADES TWO CLUBS QUEEN,0.2564,0.5136,0.23
CLUBS NINE CLUBS SIX,0.53,0.0122,0.4578
SPADES FOUR DIAMONDS SEVEN,0.5852,0.0174,0.3974
HEARTS KING CLUBS JACK,0.344,0.0076,0.6484
SPADES FIVE DIAMONDS SEVEN,0.5742,0.0132,0.4126
SPADES TWO CLUBS ACE,0.3734,0.0078,0.6188
CLUBS TEN HEARTS KING,0.3382,0.0064,0.6554
CLUBS SIX SPADES TWO,0.624,0.015,0.361
CLUBS SIX SPADES THREE,0.6992,0.0358,0.265
CLUBS TWO DIAMONDS SEVEN,0.6286,0.012,0.3594
CLUBS SIX SPADES FOUR,0.5674,0.0156,0.417
CLUBS THREE DIAMONDS SEVEN,0.708,0.0406,0.2514
CLUBS SIX SPADES FIVE,0.5762,0.0118,0.412
CLUBS FOUR DIAMONDS SEVEN,0.5794,0.014,0.4066
CLUBS SIX SPADES SIX,0.3142,0.0242,0.6616
CLUBS FIVE DIAMONDS SEVEN,0.5654,0.0132,0.4214
CLUBS SIX SPADES SEVEN,0.554,0.016,0.43
CLUBS SIX DIAMONDS SEVEN,0.5478,0.0152,0.437
SPADES EIGHT CLUBS SIX,0.5554,0.0128,0.4318
SPADES JACK CLUBS TWO,0.6354,0.0156,0.349
CLUBS SEVEN DIAMONDS SEVEN,0.324,0.0234,0.6526
SPADES NINE CLUBS SIX,0.5888,0.0126,0.3986
SPADES TEN CLUBS TWO,0.6242,0.0128,0.363
CLUBS TWO CLUBS QUEEN,0.2494,0.4784,0.2722
CLUBS TWO CLUBS KING,0.3708,0.0096,0.6196
CLUBS THREE DIAMONDS EIGHT,0.7216,0.0358,0.2426
CLUBS TWO CLUBS ACE,0.3424,0.0054,0.6522
CLUBS TWO DIAMONDS EIGHT,0.6266,0.011,0.3624
HEARTS SEVEN DIAMONDS EIGHT,0.5422,0.0122,0.4456
HEARTS SIX DIAMONDS EIGHT,0.5594,0.0104,0.4302
DIAMONDS EIGHT HEARTS NINE,0.5412,0.0114,0.4474
CLUBS TEN CLUBS TWO,0.59,0.0148,0.3952
DIAMONDS EIGHT HEARTS EIGHT,0.2832,0.0232,0.6936
CLUBS TWO CLUBS JACK,0.5854,0.0116,0.403
CLUBS NINE DIAMONDS EIGHT,0.5408,0.0104,0.4488
CLUBS EIGHT DIAMONDS EIGHT,0.3122,0.0252,0.6626
CLUBS FIVE DIAMONDS EIGHT,0.5818,0.0124,0.4058
SPADES ACE SPADES THREE,0.237,0.0206,0.7424
CLUBS FOUR DIAMONDS EIGHT,0.5788,0.0126,0.4086
CLUBS SEVEN DIAMONDS EIGHT,0.5466,0.0092,0.4442
CLUBS SIX DIAMONDS EIGHT,0.5528,0.0104,0.4368
SPADES KING SPADES THREE,0.2256,0.0318,0.7426
DIAMONDS QUEEN DIAMONDS EIGHT,0.2154,0.2154,0.5692
HEARTS TWO DIAMONDS EIGHT,0.6338,0.0128,0.3534
DIAMONDS KING DIAMONDS EIGHT,0.3386,0.0068,0.6546
DIAMONDS ACE DIAMONDS EIGHT,0.3438,0.0064,0.6498
HEARTS FOUR DIAMONDS EIGHT,0.5726,0.0144,0.413
HEARTS FIVE DIAMONDS EIGHT,0.5756,0.0136,0.4108
DIAMONDS EIGHT DIAMONDS TEN,0.5202,0.0096,0.4702
DIAMONDS EIGHT DIAMONDS JACK,0.5204,0.0094,0.4702
SPADES JACK SPADES THREE,0.6888,0.0444,0.2668
SPADES TEN SPADES THREE,0.6828,0.043,0.2742
CLUBS FOUR HEARTS ACE,0.3438,0.005,0.6512
CLUBS FOUR HEARTS QUEEN,0.2188,0.516,0.2652
CLUBS FOUR HEARTS KING,0.356,0.0096,0.6344
CLUBS SIX HEARTS TEN,0.5778,0.0116,0.4106
CLUBS SIX HEARTS JACK,0.6096,0.0108,0.3796
SPADES FOUR DIAMONDS EIGHT,0.5724,0.0126,0.415
SPADES FIVE DIAMONDS EIGHT,0.5754,0.0146,0.41
DIAMONDS EIGHT SPADES TWO,0.6192,0.0118,0.369
DIAMONDS EIGHT SPADES THREE,0.7332,0.0392,0.2276
CLUBS FOUR HEARTS JACK,0.6014,0.0122,0.3864
SPADES EIGHT DIAMONDS EIGHT,0.3048,0.0232,0.672
SPADES JACK HEARTS EIGHT,0.5614,0.0116,0.427
SPADES TEN HEARTS TWO,0.6436,0.0148,0.3416
SPADES TEN DIAMONDS QUEEN,0.2274,0.121,0.6516
CLUBS FOUR HEARTS TEN,0.5998,0.0164,0.3838
SPADES NINE DIAMONDS EIGHT,0.5512,0.0108,0.438
SPADES JACK HEARTS TWO,0.6396,0.0128,0.3476
SPADES JACK DIAMONDS QUEEN,0.2246,0.0884,0.687
SPADES TEN HEARTS EIGHT,0.5638,0.0134,0.4228
SPADES SIX DIAMONDS EIGHT,0.5762,0.0114,0.4124
SPADES SEVEN DIAMONDS EIGHT,0.542,0.013,0.445
SPADES ACE HEARTS TWO,0.3738,0.0054,0.6208
SPADES ACE DIAMONDS QUEEN,0.2186,0.0198,0.7616
SPADES ACE HEARTS EIGHT,0.3356,0.0054,0.659
SPADES KING HEARTS EIGHT,0.3562,0.0108,0.633
SPADES KING DIAMONDS QUEEN,0.2134,0.0292,0.7574
SPADES KING HEARTS TWO,0.3846,0.0096,0.6058
CLUBS TWO HEARTS TEN,0.6176,0.0124,0.37
CLUBS TWO HEARTS JACK,0.6166,0.0114,0.372
SPADES SEVEN DIAMONDS NINE,0.5578,0.014,0.4282
SPADES SIX DIAMONDS NINE,0.5732,0.012,0.4148
SPADES NINE DIAMONDS NINE,0.2942,0.0166,0.6892
SPADES EIGHT DIAMONDS NINE,0.5534,0.0126,0.434
SPADES TEN CLUBS KING,0.3448,0.0058,0.6494
DIAMONDS NINE SPADES THREE,0.7206,0.0474,0.232
SPADES JACK CLUBS KING,0.3502,0.0062,0.6436
DIAMONDS NINE SPADES TWO,0.623,0.0156,0.3614
SPADES FIVE DIAMONDS NINE,0.5944,0.0148,0.3908
DIAMONDS NINE SPADES FOUR,0.5964,0.0126,0.391
CLUBS NINE DIAMONDS NINE,0.305,0.0192,0.6758
CLUBS EIGHT DIAMONDS NINE,0.5344,0.0102,0.4554
CLUBS SIX DIAMONDS NINE,0.5732,0.0108,0.416
SPADES JACK CLUBS FOUR,0.6018,0.0108,0.3874
CLUBS SEVEN DIAMONDS NINE,0.5532,0.009,0.4378
SPADES TEN CLUBS FOUR,0.6058,0.0106,0.3836
CLUBS FOUR DIAMONDS NINE,0.5996,0.0122,0.3882
CLUBS FIVE DIAMONDS NINE,0.5968,0.0112,0.392
DIAMONDS NINE CLUBS TWO,0.6246,0.0126,0.3628
CLUBS THREE DIAMONDS NINE,0.7204,0.0396,0.24
DIAMONDS NINE HEARTS EIGHT,0.5292,0.0122,0.4586
DIAMONDS NINE HEARTS NINE,0.3108,0.0206,0.6686
HEARTS SIX DIAMONDS NINE,0.5554,0.0122,0.4324
HEARTS SEVEN DIAMONDS NINE,0.5552,0.0102,0.4346
CLUBS NINE CLUBS EIGHT,0.513,0.0096,0.4774
DIAMONDS ACE DIAMONDS NINE,0.3254,0.0048,0.6698
HEARTS FOUR DIAMONDS NINE,0.5936,0.0148,0.3916
HEARTS FIVE DIAMONDS NINE,0.5846,0.0144,0.401
HEARTS ACE CLUBS TWO,0.3714,0.0044,0.6242
SPADES ACE CLUBS FOUR,0.3408,0.0046,0.6546
DIAMONDS QUEEN DIAMONDS NINE,0.2078,0.1604,0.6318
HEARTS TWO DIAMONDS NINE,0.6232,0.0138,0.363
CLUBS TWO HEARTS KING,0.392,0.0094,0.5986
SPADES KING CLUBS FOUR,0.3506,0.0076,0.6418
DIAMONDS KING DIAMONDS NINE,0.3242,0.0084,0.6674
CLUBS TWO HEARTS QUEEN,0.2628,0.5166,0.2206
DIAMONDS NINE DIAMONDS JACK,0.5184,0.0118,0.4698
CLUBS EIGHT SPADES NINE,0.5374,0.0098,0.4528
DIAMONDS NINE DIAMONDS TEN,0.4984,0.0082,0.4934
CLUBS EIGHT SPADES EIGHT,0.3166,0.0206,0.6628
CLUBS EIGHT SPADES SEVEN,0.5412,0.0136,0.4452
CLUBS EIGHT SPADES SIX,0.5676,0.0126,0.4198
CLUBS EIGHT SPADES FIVE,0.56,0.0134,0.4266
CLUBS EIGHT SPADES FOUR,0.5848,0.0138,0.4014
CLUBS EIGHT SPADES THREE,0.715,0.0406,0.2444
CLUBS EIGHT SPADES TWO,0.6248,0.0134,0.3618
HEARTS SIX DIAMONDS TEN,0.572,0.01,0.418
HEARTS SEVEN DIAMONDS TEN,0.569,0.0102,0.4208
DIAMONDS TEN HEARTS EIGHT,0.5472,0.0108,0.442
CLUBS FOUR CLUBS JACK,0.5586,0.0094,0.432
DIAMONDS TEN HEARTS NINE,0.53,0.0092,0.4608
CLUBS TEN CLUBS FOUR,0.5626,0.0118,0.4256
CLUBS FOUR CLUBS KING,0.3376,0.0094,0.653
CLUBS FOUR CLUBS QUEEN,0.2074,0.4906,0.302
CLUBS TWO DIAMONDS TEN,0.6304,0.0144,0.3552
CLUBS THREE DIAMONDS TEN,0.714,0.0456,0.2404
CLUBS FOUR CLUBS ACE,0.3246,0.006,0.6694
DIAMONDS JACK DIAMONDS TEN,0.503,0.0114,0.4856
DIAMONDS QUEEN DIAMONDS TEN,0.2148,0.1084,0.6768
HEARTS TWO DIAMONDS TEN,0.6256,0.012,0.3624
DIAMONDS KING DIAMONDS TEN,0.3218,0.0046,0.6736
DIAMONDS ACE DIAMONDS TEN,0.3266,0.006,0.6674
HEARTS FOUR DIAMONDS TEN,0.5968,0.0126,0.3906
CLUBS EIGHT HEARTS JACK,0.5586,0.011,0.4304
HEARTS FIVE DIAMONDS TEN,0.591,0.0108,0.3982
CLUBS EIGHT HEARTS TEN,0.5462,0.0104,0.4434
CLUBS EIGHT HEARTS QUEEN,0.2292,0.2234,0.5474
CLUBS EIGHT HEARTS KING,0.3748,0.0078,0.6174
CLUBS EIGHT HEARTS ACE,0.364,0.0048,0.6312
CLUBS NINE SPADES THREE,0.7146,0.0494,0.236
CLUBS NINE SPADES TWO,0.6314,0.013,0.3556
CLUBS NINE SPADES FIVE,0.592,0.0128,0.3952
CLUBS NINE SPADES FOUR,0.605,0.0122,0.3828
CLUBS NINE SPADES SEVEN,0.5626,0.0116,0.4258
CLUBS NINE SPADES SIX,0.561,0.0162,0.4228
CLUBS NINE SPADES NINE,0.3066,0.0206,0.6728
CLUBS TEN HEARTS EIGHT,0.5492,0.0132,0.4376
CLUBS NINE SPADES EIGHT,0.5366,0.0092,0.4542
HEARTS EIGHT CLUBS JACK,0.5656,0.011,0.4234
CLUBS QUEEN HEARTS EIGHT,0.216,0.2218,0.5622
CLUBS KING HEARTS EIGHT,0.3494,0.008,0.6426
CLUBS ACE HEARTS EIGHT,0.3554,0.0054,0.6392
SPADES KING CLUBS KING,0.1184,0.0078,0.8738
SPADES ACE CLUBS KING,0.3112,0.0064,0.6824
DIAMONDS ACE HEARTS TEN,0.3508,0.004,0.6452
HEARTS FOUR HEARTS TEN,0.5686,0.0112,0.4202
DIAMONDS ACE HEARTS JACK,0.3502,0.0036,0.6462
HEARTS FOUR HEARTS JACK,0.5766,0.0142,0.4092
SPADES KING CLUBS FIVE,0.3502,0.0078,0.642
SPADES ACE CLUBS FIVE,0.341,0.005,0.654
HEARTS SEVEN DIAMONDS JACK,0.5728,0.0106,0.4166
HEARTS SIX DIAMONDS JACK,0.579,0.0086,0.4124
DIAMONDS JACK HEARTS NINE,0.5466,0.0082,0.4452
DIAMONDS JACK HEARTS EIGHT,0.5664,0.014,0.4196
DIAMONDS KING DIAMONDS JACK,0.3118,0.0074,0.6808
SPADES ACE SPADES SIX,0.3434,0.0044,0.6522
HEARTS ACE SPADES FOUR,0.3454,0.0052,0.6494
DIAMONDS QUEEN DIAMONDS JACK,0.2124,0.0852,0.7024
HEARTS TWO DIAMONDS JACK,0.6292,0.0128,0.358
HEARTS FIVE DIAMONDS JACK,0.5914,0.0118,0.3968
SPADES FOUR HEARTS QUEEN,0.2046,0.532,0.2634
DIAMONDS ACE DIAMONDS JACK,0.3224,0.0054,0.6722
HEARTS FOUR DIAMONDS JACK,0.6024,0.0118,0.3858
SPADES KING SPADES SIX,0.3486,0.007,0.6444
SPADES FOUR HEARTS KING,0.3606,0.01,0.6294
SPADES TEN SPADES SIX,0.5552,0.01,0.4348
SPADES JACK SPADES SIX,0.5712,0.0146,0.4142
SPADES FOUR DIAMONDS JACK,0.5946,0.0112,0.3942
SPADES FIVE DIAMONDS JACK,0.5912,0.0124,0.3964
DIAMONDS JACK SPADES TWO,0.6352,0.0132,0.3516
SPADES THREE DIAMONDS JACK,0.7182,0.0412,0.2406
SPADES ACE DIAMONDS THREE,0.2328,0.0208,0.7464
CLUBS EIGHT DIAMONDS JACK,0.5608,0.0112,0.428
SPADES KING DIAMONDS THREE,0.2336,0.0358,0.7306
CLUBS NINE DIAMONDS JACK,0.5584,0.0096,0.432
CLUBS SIX DIAMONDS JACK,0.6044,0.0104,0.3852
CLUBS SEVEN DIAMONDS JACK,0.5854,0.0096,0.405
CLUBS FOUR DIAMONDS JACK,0.601,0.0118,0.3872
CLUBS FIVE DIAMONDS JACK,0.5996,0.011,0.3894
CLUBS TWO DIAMONDS JACK,0.6422,0.0122,0.3456
CLUBS THREE DIAMONDS JACK,0.7154,0.0392,0.2454
SPADES JACK HEARTS SIX,0.593,0.0102,0.3968
SPADES TEN CLUBS FIVE,0.5858,0.0126,0.4016
SPADES JACK CLUBS FIVE,0.5838,0.0134,0.4028
SPADES TEN HEARTS SIX,0.5772,0.014,0.4088
SPADES JACK DIAMONDS THREE,0.7214,0.044,0.2346
CLUBS SEVEN CLUBS ACE,0.3394,0.0038,0.6568
SPADES TEN DIAMONDS THREE,0.7306,0.0428,0.2266
CLUBS SEVEN CLUBS QUEEN,0.2098,0.275,0.5152
CLUBS SEVEN CLUBS KING,0.3376,0.0078,0.6546
SPADES NINE DIAMONDS JACK,0.54,0.0126,0.4474
CLUBS TEN CLUBS SEVEN,0.5352,0.0088,0.456
DIAMONDS ACE HEARTS ACE,0.117,0.0034,0.8796
HEARTS FOUR HEARTS ACE,0.3386,0.0038,0.6576
SPADES EIGHT DIAMONDS JACK,0.5604,0.0096,0.43
SPADES ACE HEARTS SIX,0.3522,0.005,0.6428
CLUBS SEVEN CLUBS JACK,0.5406,0.0126,0.4468
DIAMONDS ACE HEARTS KING,0.3232,0.005,0.6718
HEARTS FOUR HEARTS KING,0.3382,0.0104,0.6514
SPADES SEVEN DIAMONDS JACK,0.5884,0.011,0.4006
SPADES KING HEARTS SIX,0.359,0.0092,0.6318
DIAMONDS ACE HEARTS QUEEN,0.2164,0.0178,0.7658
HEARTS FOUR HEARTS QUEEN,0.2008,0.5072,0.292
SPADES SIX DIAMONDS JACK,0.6008,0.011,0.3882
SPADES TWO DIAMONDS TEN,0.6252,0.0134,0.3614
SPADES THREE DIAMONDS TEN,0.712,0.0434,0.2446
SPADES FOUR DIAMONDS TEN,0.5996,0.011,0.3894
SPADES FIVE DIAMONDS TEN,0.5856,0.0112,0.4032
SPADES SIX DIAMONDS TEN,0.5746,0.0124,0.413
SPADES SEVEN DIAMONDS TEN,0.5634,0.0108,0.4258
SPADES EIGHT DIAMONDS TEN,0.5522,0.0092,0.4386
SPADES NINE DIAMONDS TEN,0.5448,0.014,0.4412
CLUBS FOUR DIAMONDS TEN,0.583,0.0116,0.4054
CLUBS FIVE DIAMONDS TEN,0.6022,0.013,0.3848
CLUBS SIX DIAMONDS TEN,0.5856,0.0118,0.4026
CLUBS SEVEN DIAMONDS TEN,0.5724,0.0108,0.4168
CLUBS EIGHT DIAMONDS TEN,0.5612,0.012,0.4268
CLUBS NINE DIAMONDS TEN,0.5372,0.014,0.4488
DIAMONDS THREE CLUBS JACK,0.721,0.044,0.235
CLUBS TEN DIAMONDS THREE,0.7054,0.0488,0.2458
DIAMONDS THREE CLUBS KING,0.226,0.0362,0.7378
DIAMONDS THREE CLUBS QUEEN,0.0236,0.9536,0.0228
DIAMONDS THREE CLUBS ACE,0.231,0.0194,0.7496
SPADES FOUR HEARTS JACK,0.599,0.0108,0.3902
SPADES FOUR HEARTS TEN,0.5952,0.014,0.3908
SPADES FIVE SPADES TWO,0.576,0.013,0.411
SPADES FOUR SPADES TWO,0.5948,0.016,0.3892
SPADES THREE SPADES TWO,0.6716,0.0438,0.2846
SPADES NINE SPADES TWO,0.5924,0.0142,0.3934
SPADES EIGHT SPADES TWO,0.5912,0.0108,0.398
SPADES SEVEN SPADES TWO,0.609,0.0136,0.3774
SPADES SIX SPADES TWO,0.594,0.014,0.392
DIAMONDS QUEEN CLUBS THREE,0.0256,0.9546,0.0198
CLUBS THREE HEARTS TWO,0.7086,0.044,0.2474
DIAMONDS QUEEN CLUBS TWO,0.2528,0.529,0.2182
HEARTS TWO CLUBS TWO,0.418,0.037,0.545
HEARTS SEVEN DIAMONDS QUEEN,0.2204,0.307,0.4726
HEARTS SEVEN HEARTS TWO,0.598,0.0164,0.3856
HEARTS SIX DIAMONDS QUEEN,0.2168,0.3862,0.397
HEARTS SIX HEARTS TWO,0.578,0.0164,0.4056
DIAMONDS QUEEN HEARTS NINE,0.2238,0.1648,0.6114
HEARTS TWO HEARTS NINE,0.6054,0.011,0.3836
DIAMONDS QUEEN HEARTS EIGHT,0.219,0.228,0.553
HEARTS TWO HEARTS EIGHT,0.5946,0.0136,0.3918
CLUBS NINE HEARTS TWO,0.6396,0.0114,0.349
CLUBS NINE DIAMONDS QUEEN,0.2372,0.1634,0.5994
CLUBS EIGHT HEARTS TWO,0.6314,0.0136,0.355
CLUBS EIGHT DIAMONDS QUEEN,0.236,0.2198,0.5442
CLUBS FIVE DIAMONDS QUEEN,0.227,0.4592,0.3138
CLUBS FIVE HEARTS TWO,0.6204,0.0164,0.3632
SPADES EIGHT HEARTS ACE,0.3524,0.0054,0.6422
DIAMONDS QUEEN CLUBS FOUR,0.2312,0.5,0.2688
HEARTS TWO CLUBS FOUR,0.6228,0.0156,0.3616
CLUBS SEVEN DIAMONDS QUEEN,0.2328,0.294,0.4732
CLUBS SEVEN HEARTS TWO,0.6374,0.0142,0.3484
SPADES EIGHT HEARTS QUEEN,0.2186,0.239,0.5424
CLUBS SIX DIAMONDS QUEEN,0.2318,0.3738,0.3944
CLUBS SIX HEARTS TWO,0.6138,0.0142,0.372
SPADES EIGHT HEARTS KING,0.369,0.0082,0.6228
DIAMONDS QUEEN SPADES SIX,0.2176,0.3868,0.3956
HEARTS TWO SPADES SIX,0.6238,0.0134,0.3628
HEARTS FOUR CLUBS QUEEN,0.215,0.5244,0.2606
DIAMONDS ACE CLUBS QUEEN,0.2286,0.018,0.7534
DIAMONDS QUEEN SPADES SEVEN,0.2266,0.3102,0.4632
SPADES SEVEN HEARTS TWO,0.6284,0.0122,0.3594
HEARTS FOUR CLUBS KING,0.3388,0.0078,0.6534
DIAMONDS ACE CLUBS KING,0.318,0.0044,0.6776
SPADES EIGHT DIAMONDS QUEEN,0.2322,0.2168,0.551
SPADES EIGHT HEARTS TWO,0.6172,0.0166,0.3662
HEARTS FOUR CLUBS ACE,0.3342,0.0038,0.662
DIAMONDS ACE CLUBS ACE,0.1182,0.0038,0.878
SPADES NINE DIAMONDS QUEEN,0.2418,0.1558,0.6024
SPADES NINE HEARTS TWO,0.6344,0.0144,0.3512
HEARTS TWO SPADES TWO,0.422,0.0426,0.5354
DIAMONDS QUEEN SPADES TWO,0.2626,0.5224,0.215
HEARTS TWO SPADES THREE,0.7088,0.0426,0.2486
DIAMONDS QUEEN SPADES THREE,0.0158,0.9754,0.0088
HEARTS TWO SPADES FOUR,0.6166,0.0178,0.3656
DIAMONDS QUEEN SPADES FOUR,0.2224,0.516,0.2616
CLUBS TEN HEARTS FOUR,0.6056,0.0118,0.3826
CLUBS TEN DIAMONDS ACE,0.3354,0.005,0.6596
HEARTS TWO SPADES FIVE,0.6246,0.015,0.3604
DIAMONDS QUEEN SPADES FIVE,0.2138,0.4646,0.3216
HEARTS FOUR CLUBS JACK,0.5812,0.0104,0.4084
DIAMONDS ACE CLUBS JACK,0.3426,0.0028,0.6546
CLUBS FIVE CLUBS KING,0.329,0.0066,0.6644
CLUBS FIVE CLUBS QUEEN,0.2094,0.4212,0.3694
CLUBS FIVE CLUBS ACE,0.325,0.0056,0.6694
CLUBS FIVE CLUBS JACK,0.5552,0.0118,0.433
CLUBS TEN CLUBS FIVE,0.563,0.0132,0.4238
SPADES KING CLUBS JACK,0.3366,0.0064,0.657
SPADES ACE CLUBS JACK,0.3454,0.0042,0.6504
SPADES SIX CLUBS KING,0.3642,0.0092,0.6266
SPADES SIX CLUBS QUEEN,0.2134,0.3982,0.3884
SPADES EIGHT HEARTS JACK,0.5544,0.0138,0.4318
SPADES SIX CLUBS ACE,0.3438,0.0042,0.652
SPADES EIGHT HEARTS TEN,0.5588,0.0102,0.431
SPADES SIX CLUBS JACK,0.5992,0.0094,0.3914
CLUBS TEN SPADES SIX,0.5918,0.0094,0.3988
SPADES TEN CLUBS JACK,0.5378,0.0104,0.4518
SPADES JACK CLUBS JACK,0.2782,0.011,0.7108
SPADES KING CLUBS SEVEN,0.3464,0.0098,0.6438
SPADES ACE CLUBS SEVEN,0.3598,0.006,0.6342
SPADES SIX HEARTS TEN,0.5886,0.0136,0.3978
SPADES SIX HEARTS JACK,0.5888,0.009,0.4022
SPADES SIX HEARTS ACE,0.357,0.0032,0.6398
SPADES SIX HEARTS KING,0.3558,0.0062,0.638
SPADES SIX HEARTS QUEEN,0.2158,0.3822,0.402
SPADES JACK CLUBS SEVEN,0.5708,0.012,0.4172
CLUBS SEVEN SPADES TEN,0.566,0.0104,0.4236
CLUBS TEN HEARTS SIX,0.5818,0.013,0.4052
HEARTS SIX CLUBS JACK,0.579,0.0124,0.4086
CLUBS ACE CLUBS JACK,0.3266,0.0036,0.6698
HEARTS SIX CLUBS QUEEN,0.2168,0.3712,0.412
HEARTS SIX CLUBS KING,0.3624,0.009,0.6286
HEARTS SIX CLUBS ACE,0.3632,0.0026,0.6342
CLUBS QUEEN CLUBS JACK,0.2174,0.079,0.7036
CLUBS KING CLUBS JACK,0.32,0.0066,0.6734
DIAMONDS THREE HEARTS ACE,0.2312,0.0234,0.7454
DIAMONDS THREE HEARTS QUEEN,0.0092,0.9746,0.0162
DIAMONDS THREE HEARTS KING,0.2346,0.0346,0.7308
CLUBS FIVE HEARTS JACK,0.5864,0.0132,0.4004
HEARTS FOUR SPADES TEN,0.601,0.013,0.386
SPADES TEN DIAMONDS ACE,0.3576,0.0042,0.6382
CLUBS FIVE HEARTS TEN,0.5956,0.0122,0.3922
HEARTS FOUR SPADES JACK,0.594,0.0146,0.3914
SPADES JACK DIAMONDS ACE,0.3544,0.006,0.6396
SPADES ACE HEARTS FOUR,0.3416,0.0036,0.6548
SPADES ACE DIAMONDS ACE,0.118,0.0048,0.8772
CLUBS FIVE HEARTS ACE,0.3488,0.0038,0.6474
CLUBS FIVE HEARTS KING,0.3512,0.0076,0.6412
SPADES FOUR CLUBS JACK,0.602,0.012,0.386
CLUBS FIVE HEARTS QUEEN,0.2164,0.4706,0.313
SPADES KING DIAMONDS ACE,0.314,0.0062,0.6798
SPADES KING HEARTS FOUR,0.3456,0.0092,0.6452
CLUBS TEN SPADES FOUR,0.6086,0.0128,0.3786
DIAMONDS QUEEN DIAMONDS ACE,0.2038,0.0172,0.779
HEARTS TWO DIAMONDS ACE,0.384,0.0052,0.6108
HEARTS FOUR DIAMONDS QUEEN,0.204,0.5396,0.2564
HEARTS FOUR HEARTS TWO,0.584,0.018,0.398
DIAMONDS THREE HEARTS TEN,0.7158,0.0428,0.2414
SPADES FOUR CLUBS KING,0.3684,0.0076,0.624
HEARTS FIVE DIAMONDS QUEEN,0.2156,0.454,0.3304
HEARTS FIVE HEARTS TWO,0.5716,0.0162,0.4122
DIAMONDS THREE HEARTS JACK,0.7378,0.0444,0.2178
SPADES FOUR CLUBS QUEEN,0.2216,0.5216,0.2568
DIAMONDS QUEEN HEARTS TWO,0.2558,0.5272,0.217
DIAMONDS KING DIAMONDS QUEEN,0.204,0.0242,0.7718
DIAMONDS KING HEARTS TWO,0.3924,0.008,0.5996
SPADES FOUR CLUBS ACE,0.352,0.0048,0.6432
HEARTS TWO CLUBS ACE,0.389,0.0052,0.6058
DIAMONDS QUEEN CLUBS ACE,0.2292,0.0162,0.7546
HEARTS TWO CLUBS QUEEN,0.2714,0.5236,0.205
DIAMONDS QUEEN CLUBS QUEEN,0.084,0.0294,0.8866
HEARTS TWO CLUBS KING,0.401,0.0082,0.5908
DIAMONDS QUEEN CLUBS KING,0.2326,0.0248,0.7426
SPADES EIGHT SPADES FIVE,0.542,0.0164,0.4416
CLUBS TEN HEARTS TWO,0.626,0.0138,0.3602
CLUBS TEN DIAMONDS QUEEN,0.2292,0.116,0.6548
SPADES NINE SPADES FIVE,0.5568,0.015,0.4282
HEARTS TWO CLUBS JACK,0.6262,0.0122,0.3616
DIAMONDS QUEEN CLUBS JACK,0.2436,0.0874,0.669
SPADES SIX SPADES FIVE,0.5346,0.0126,0.4528
SPADES SEVEN SPADES FIVE,0.544,0.0122,0.4438
DIAMONDS FIVE CLUBS QUEEN,0.2214,0.448,0.3306
SPADES EIGHT CLUBS ACE,0.3618,0.004,0.6342
DIAMONDS FIVE CLUBS KING,0.3554,0.008,0.6366
SPADES EIGHT CLUBS KING,0.3652,0.008,0.6268
CLUBS ACE DIAMONDS FIVE,0.3554,0.0042,0.6404
SPADES EIGHT CLUBS QUEEN,0.2214,0.2282,0.5504
SPADES EIGHT CLUBS JACK,0.572,0.0102,0.4178
CLUBS TEN SPADES EIGHT,0.5604,0.0124,0.4272
CLUBS TEN DIAMONDS FIVE,0.5934,0.0114,0.3952
DIAMONDS FIVE CLUBS JACK,0.59,0.0108,0.3992
DIAMONDS TEN HEARTS JACK,0.5234,0.0098,0.4668
DIAMONDS TEN HEARTS TEN,0.277,0.0152,0.7078
SPADES ACE CLUBS NINE,0.3674,0.0044,0.6282
CLUBS NINE SPADES KING,0.346,0.0086,0.6454
HEARTS SIX HEARTS KING,0.3474,0.0098,0.6428
