opposingHand,winningChance,drawChance,lostChance
SPADES KING SPADES SEVEN
SPADES TEN HEARTS FIVE,0.6534,0.0068,0.3398
SPADES JACK HEARTS FIVE,0.6458,0.007,0.3472
SPADES FIVE CLUBS JACK,0.6422,0.009,0.3488
SPADES FIVE CLUBS TEN,0.658,0.007,0.335
CLUBS EIGHT CLUBS JACK,0.5668,0.0074,0.4258
CLUBS EIGHT CLUBS TEN,0.5534,0.0076,0.439
CLUBS EIGHT CLUBS KING,0.2542,0.2096,0.5362
SPADES FIVE CLUBS ACE,0.4304,0.0072,0.5624
CLUBS EIGHT CLUBS QUEEN,0.5854,0.007,0.4076
SPADES FIVE CLUBS KING,0.4844,0.2942,0.2214
SPADES FIVE CLUBS QUEEN,0.654,0.0068,0.3392
CLUBS EIGHT CLUBS ACE,0.3692,0.0052,0.6256
DIAMONDS TWO DIAMONDS THREE,0.6292,0.0084,0.3624
DIAMONDS TWO DIAMONDS FIVE,0.6172,0.0068,0.376
DIAMONDS TWO DIAMONDS FOUR,0.6224,0.007,0.3706
SPADES QUEEN HEARTS FIVE,0.6416,0.0082,0.3502
DIAMONDS TWO DIAMONDS SEVEN,0.7036,0.044,0.2524
DIAMONDS TWO DIAMONDS SIX,0.6512,0.0082,0.3406
SPADES ACE HEARTS FIVE,0.4254,0.005,0.5696
DIAMONDS TWO DIAMONDS NINE,0.6208,0.0078,0.3714
DIAMONDS TWO DIAMONDS EIGHT,0.6252,0.0082,0.3666
DIAMONDS THREE DIAMONDS FOUR,0.6162,0.0078,0.376
CLUBS TWO SPADES FOUR,0.6648,0.0098,0.3254
DIAMONDS THREE DIAMONDS FIVE,0.6142,0.0084,0.3774
CLUBS TWO SPADES FIVE,0.6594,0.0088,0.3318
CLUBS TWO SPADES TWO,0.4918,0.0212,0.487
CLUBS TWO SPADES THREE,0.6682,0.0076,0.3242
DIAMONDS THREE DIAMONDS EIGHT,0.6234,0.0062,0.3704
SPADES EIGHT CLUBS TWO,0.6672,0.0098,0.323
DIAMONDS THREE DIAMONDS NINE,0.6212,0.0076,0.3712
SPADES NINE CLUBS TWO,0.6722,0.0086,0.3192
DIAMONDS THREE DIAMONDS SIX,0.6292,0.0058,0.365
SPADES SIX CLUBS TWO,0.679,0.0078,0.3132
DIAMONDS THREE DIAMONDS SEVEN,0.6904,0.0364,0.2732
CLUBS SIX CLUBS TWO,0.6502,0.0082,0.3416
CLUBS SEVEN CLUBS TWO,0.7152,0.0312,0.2536
CLUBS FOUR CLUBS TWO,0.6314,0.0076,0.361
CLUBS FIVE CLUBS TWO,0.6238,0.0076,0.3686
CLUBS JACK CLUBS TEN,0.5336,0.006,0.4604
DIAMONDS FOUR DIAMONDS SIX,0.6198,0.006,0.3742
CLUBS QUEEN CLUBS TEN,0.5588,0.0064,0.4348
DIAMONDS FOUR DIAMONDS SEVEN,0.6908,0.0364,0.2728
CLUBS KING CLUBS TEN,0.2758,0.0992,0.625
CLUBS ACE CLUBS TEN,0.3628,0.004,0.6332
CLUBS EIGHT CLUBS TWO,0.6338,0.007,0.3592
DIAMONDS FIVE DIAMONDS FOUR,0.6032,0.0076,0.3892
CLUBS NINE CLUBS TWO,0.6222,0.009,0.3688
DIAMONDS NINE DIAMONDS FOUR,0.6122,0.0074,0.3804
DIAMONDS EIGHT DIAMONDS FOUR,0.6122,0.0062,0.3816
CLUBS TWO CLUBS THREE,0.6366,0.0088,0.3546
DIAMONDS NINE DIAMONDS FIVE,0.5948,0.0062,0.399
DIAMONDS TWO CLUBS JACK,0.6556,0.006,0.3384
DIAMONDS EIGHT DIAMONDS FIVE,0.5906,0.007,0.4024
DIAMONDS TWO CLUBS TEN,0.6636,0.006,0.3304
DIAMONDS FIVE DIAMONDS SEVEN,0.6754,0.035,0.2896
DIAMONDS FIVE DIAMONDS SIX,0.6126,0.0076,0.3798
DIAMONDS TWO CLUBS ACE,0.4368,0.004,0.5592
DIAMONDS TWO CLUBS KING,0.5096,0.2882,0.2022
DIAMONDS TWO CLUBS QUEEN,0.6564,0.0064,0.3372
DIAMONDS EIGHT DIAMONDS SIX,0.5958,0.0074,0.3968
DIAMONDS NINE DIAMONDS SIX,0.5968,0.0088,0.3944
SPADES THREE HEARTS ACE,0.437,0.003,0.56
HEARTS KING SPADES THREE,0.4858,0.2912,0.223
DIAMONDS SEVEN DIAMONDS SIX,0.6522,0.0318,0.316
SPADES THREE HEARTS QUEEN,0.6516,0.0094,0.339
SPADES THREE HEARTS JACK,0.6604,0.008,0.3316
SPADES THREE HEARTS TEN,0.6434,0.0082,0.3484
DIAMONDS EIGHT DIAMONDS SEVEN,0.6424,0.0332,0.3244
DIAMONDS NINE DIAMONDS SEVEN,0.6622,0.0312,0.3066
DIAMONDS NINE DIAMONDS EIGHT,0.567,0.008,0.425
DIAMONDS KING HEARTS TEN,0.2828,0.1054,0.6118
HEARTS THREE HEARTS TEN,0.6166,0.0076,0.3758
SPADES JACK CLUBS SIX,0.6536,0.006,0.3404
DIAMONDS KING HEARTS JACK,0.2838,0.0792,0.637
HEARTS THREE HEARTS JACK,0.5976,0.0094,0.393
CLUBS SIX SPADES TEN,0.6428,0.0068,0.3504
SPADES JACK SPADES FIVE,0.6468,0.009,0.3442
SPADES TEN SPADES FIVE,0.6512,0.01,0.3388
DIAMONDS KING HEARTS ACE,0.2824,0.011,0.7066
HEARTS THREE HEARTS ACE,0.4056,0.0024,0.592
SPADES ACE CLUBS SIX,0.4242,0.0058,0.57
DIAMONDS KING HEARTS QUEEN,0.2826,0.0626,0.6548
HEARTS THREE HEARTS QUEEN,0.6086,0.0076,0.3838
DIAMONDS KING HEARTS KING,0.1282,0.0108,0.861
HEARTS THREE HEARTS KING,0.4672,0.2768,0.256
SPADES QUEEN CLUBS SIX,0.6488,0.0064,0.3448
SPADES NINE HEARTS TEN,0.579,0.0052,0.4158
SPADES NINE HEARTS JACK,0.5988,0.0086,0.3926
SPADES QUEEN SPADES FIVE,0.643,0.009,0.348
SPADES ACE SPADES FIVE,0.3686,0.0056,0.6258
SPADES NINE HEARTS QUEEN,0.59,0.0092,0.4008
SPADES NINE HEARTS KING,0.2688,0.1586,0.5726
SPADES NINE HEARTS ACE,0.399,0.0046,0.5964
SPADES JACK CLUBS TEN,0.5642,0.0068,0.429
SPADES TEN CLUBS TEN,0.3442,0.0084,0.6474
SPADES ACE CLUBS TEN,0.3694,0.0044,0.6262
SPADES QUEEN CLUBS TEN,0.574,0.007,0.419
SPADES FIVE HEARTS QUEEN,0.6352,0.007,0.3578
SPADES FIVE HEARTS KING,0.4986,0.282,0.2194
SPADES FIVE HEARTS ACE,0.424,0.0034,0.5726
HEARTS THREE SPADES JACK,0.6496,0.0108,0.3396
SPADES JACK DIAMONDS KING,0.2838,0.0806,0.6356
CLUBS EIGHT SPADES TEN,0.5912,0.0082,0.4006
CLUBS EIGHT SPADES JACK,0.59,0.008,0.402
HEARTS THREE SPADES TEN,0.6532,0.0072,0.3396
SPADES TEN DIAMONDS KING,0.2826,0.1118,0.6056
SPADES ACE CLUBS EIGHT,0.3764,0.0032,0.6204
HEARTS FIVE CLUBS JACK,0.649,0.0076,0.3434
CLUBS SIX HEARTS ACE,0.424,0.0038,0.5722
HEARTS FIVE CLUBS TEN,0.642,0.006,0.352
CLUBS EIGHT SPADES QUEEN,0.5986,0.008,0.3934
SPADES THREE CLUBS TEN,0.6476,0.01,0.3424
CLUBS SIX HEARTS QUEEN,0.6522,0.0066,0.3412
SPADES THREE CLUBS JACK,0.6378,0.0104,0.3518
CLUBS SIX HEARTS KING,0.4942,0.2902,0.2156
DIAMONDS TWO HEARTS JACK,0.6576,0.007,0.3354
SPADES THREE CLUBS QUEEN,0.6504,0.0078,0.3418
DIAMONDS TWO HEARTS TEN,0.6576,0.0092,0.3332
SPADES THREE CLUBS KING,0.5024,0.2876,0.21
HEARTS FIVE CLUBS ACE,0.422,0.0052,0.5728
SPADES FIVE HEARTS TEN,0.6484,0.0104,0.3412
SPADES THREE CLUBS ACE,0.4198,0.0062,0.574
HEARTS FIVE CLUBS KING,0.4966,0.2898,0.2136
SPADES FIVE HEARTS JACK,0.6462,0.01,0.3438
HEARTS FIVE CLUBS QUEEN,0.6474,0.0062,0.3464
HEARTS THREE CLUBS KING,0.5004,0.2888,0.2108
DIAMONDS KING CLUBS KING,0.1278,0.0128,0.8594
HEARTS THREE CLUBS QUEEN,0.6582,0.0072,0.3346
DIAMONDS KING CLUBS QUEEN,0.2926,0.0624,0.645
HEARTS FIVE HEARTS JACK,0.6114,0.007,0.3816
HEARTS FIVE HEARTS TEN,0.6258,0.0076,0.3666
HEARTS THREE CLUBS ACE,0.4338,0.005,0.5612
DIAMONDS KING CLUBS ACE,0.281,0.0086,0.7104
SPADES ACE CLUBS QUEEN,0.3906,0.004,0.6054
HEARTS THREE CLUBS JACK,0.6588,0.0066,0.3346
DIAMONDS KING CLUBS JACK,0.2866,0.0738,0.6396
SPADES QUEEN CLUBS QUEEN,0.3144,0.0056,0.68
HEARTS THREE CLUBS TEN,0.639,0.0074,0.3536
DIAMONDS KING CLUBS TEN,0.2886,0.1144,0.597
SPADES JACK CLUBS QUEEN,0.5832,0.0062,0.4106
CLUBS SIX CLUBS QUEEN,0.6094,0.0058,0.3848
SPADES TEN CLUBS QUEEN,0.5784,0.0066,0.415
CLUBS SIX CLUBS KING,0.4904,0.2574,0.2522
CLUBS SIX CLUBS ACE,0.4058,0.0056,0.5886
HEARTS FIVE HEARTS KING,0.4718,0.2702,0.258
HEARTS FIVE HEARTS QUEEN,0.6168,0.008,0.3752
CLUBS SIX CLUBS TEN,0.594,0.0068,0.3992
HEARTS FIVE HEARTS ACE,0.405,0.007,0.588
CLUBS SIX CLUBS JACK,0.6218,0.006,0.3722
DIAMONDS TWO CLUBS TWO,0.479,0.0146,0.5064
DIAMONDS TWO CLUBS THREE,0.6838,0.0054,0.3108
HEARTS SIX DIAMONDS TWO,0.6734,0.0096,0.317
DIAMONDS TWO HEARTS QUEEN,0.6598,0.0068,0.3334
DIAMONDS TWO HEARTS SEVEN,0.7418,0.0384,0.2198
DIAMONDS TWO HEARTS KING,0.522,0.2824,0.1956
DIAMONDS TWO HEARTS EIGHT,0.6666,0.008,0.3254
DIAMONDS TWO HEARTS ACE,0.4382,0.0062,0.5556
DIAMONDS TWO HEARTS NINE,0.6626,0.008,0.3294
DIAMONDS TWO DIAMONDS QUEEN,0.6128,0.0078,0.3794
DIAMONDS TWO HEARTS TWO,0.476,0.0176,0.5064
DIAMONDS TWO DIAMONDS KING,0.4854,0.2554,0.2592
HEARTS THREE DIAMONDS TWO,0.677,0.0094,0.3136
DIAMONDS TWO DIAMONDS ACE,0.4076,0.0044,0.588
HEARTS FOUR DIAMONDS TWO,0.6652,0.008,0.3268
DIAMONDS TWO HEARTS FIVE,0.6686,0.0054,0.326
DIAMONDS TWO DIAMONDS TEN,0.6194,0.007,0.3736
DIAMONDS TWO DIAMONDS JACK,0.6254,0.0082,0.3664
DIAMONDS TWO SPADES NINE,0.6618,0.0074,0.3308
DIAMONDS TWO SPADES EIGHT,0.6598,0.0104,0.3298
DIAMONDS TWO SPADES SIX,0.6808,0.0088,0.3104
DIAMONDS TWO SPADES FIVE,0.655,0.0104,0.3346
DIAMONDS TWO SPADES FOUR,0.6634,0.0078,0.3288
DIAMONDS TWO SPADES THREE,0.6732,0.0084,0.3184
DIAMONDS TWO SPADES TWO,0.4886,0.0144,0.497
CLUBS NINE DIAMONDS TWO,0.6646,0.0078,0.3276
CLUBS EIGHT DIAMONDS TWO,0.673,0.006,0.321
DIAMONDS TWO CLUBS SEVEN,0.7562,0.0396,0.2042
CLUBS SIX DIAMONDS TWO,0.6758,0.006,0.3182
DIAMONDS TWO CLUBS FIVE,0.6742,0.0096,0.3162
DIAMONDS TWO CLUBS FOUR,0.6782,0.0068,0.315
CLUBS FOUR SPADES FIVE,0.6334,0.0076,0.359
CLUBS FOUR SPADES FOUR,0.4616,0.0144,0.524
CLUBS FOUR SPADES THREE,0.6512,0.0088,0.34
CLUBS FOUR SPADES TWO,0.663,0.0076,0.3294
SPADES NINE CLUBS FOUR,0.6654,0.0082,0.3264
CLUBS FOUR SPADES EIGHT,0.6428,0.0102,0.347
CLUBS FOUR SPADES SIX,0.6444,0.009,0.3466
SPADES ACE DIAMONDS SIX,0.4106,0.0058,0.5836
SPADES QUEEN DIAMONDS SIX,0.6408,0.0072,0.352
SPADES TEN DIAMONDS SIX,0.6284,0.0078,0.3638
SPADES JACK DIAMONDS SIX,0.6442,0.0082,0.3476
SPADES QUEEN SPADES TWO,0.6632,0.009,0.3278
SPADES ACE SPADES TWO,0.3888,0.005,0.6062
DIAMONDS JACK CLUBS JACK,0.3194,0.0054,0.6752
DIAMONDS JACK CLUBS TEN,0.5836,0.0058,0.4106
DIAMONDS JACK CLUBS KING,0.2896,0.089,0.6214
DIAMONDS JACK CLUBS QUEEN,0.5796,0.0048,0.4156
DIAMONDS THREE DIAMONDS JACK,0.6052,0.006,0.3888
DIAMONDS THREE DIAMONDS TEN,0.6094,0.0076,0.383
DIAMONDS JACK CLUBS ACE,0.399,0.0042,0.5968
DIAMONDS THREE DIAMONDS KING,0.4802,0.2618,0.258
HEARTS THREE DIAMONDS THREE,0.48,0.016,0.504
DIAMONDS THREE DIAMONDS QUEEN,0.6252,0.0064,0.3684
DIAMONDS THREE HEARTS TWO,0.6644,0.0094,0.3262
HEARTS FIVE DIAMONDS THREE,0.6552,0.0072,0.3376
DIAMONDS THREE DIAMONDS ACE,0.4252,0.0064,0.5684
HEARTS FOUR DIAMONDS THREE,0.6528,0.0076,0.3396
DIAMONDS THREE HEARTS SEVEN,0.7392,0.0396,0.2212
SPADES TEN SPADES NINE,0.5734,0.0112,0.4154
HEARTS SIX DIAMONDS THREE,0.6658,0.0084,0.3258
SPADES JACK SPADES NINE,0.5636,0.0062,0.4302
DIAMONDS THREE HEARTS NINE,0.6496,0.0062,0.3442
HEARTS JACK DIAMONDS FOUR,0.6544,0.0072,0.3384
HEARTS KING HEARTS ACE,0.2666,0.0106,0.7228
SPADES TEN SPADES TWO,0.6514,0.0082,0.3404
DIAMONDS THREE HEARTS EIGHT,0.6566,0.0098,0.3336
HEARTS TEN DIAMONDS FOUR,0.6542,0.008,0.3378
SPADES JACK SPADES TWO,0.6622,0.0092,0.3286
HEARTS QUEEN DIAMONDS FOUR,0.6512,0.0082,0.3406
HEARTS KING DIAMONDS FOUR,0.4996,0.282,0.2184
SPADES ACE SPADES NINE,0.3474,0.0046,0.648
HEARTS ACE DIAMONDS FOUR,0.4242,0.0042,0.5716
SPADES QUEEN SPADES NINE,0.5812,0.009,0.4098
DIAMONDS THREE SPADES NINE,0.6494,0.0098,0.3408
DIAMONDS THREE SPADES EIGHT,0.6556,0.0076,0.3368
DIAMONDS THREE SPADES SIX,0.6568,0.007,0.3362
CLUBS SIX DIAMONDS THREE,0.665,0.0102,0.3248
CLUBS ACE DIAMONDS FOUR,0.4388,0.0032,0.558
CLUBS SIX CLUBS FIVE,0.5988,0.0072,0.394
CLUBS SEVEN CLUBS FIVE,0.6768,0.0328,0.2904
CLUBS SEVEN DIAMONDS THREE,0.736,0.0384,0.2256
DIAMONDS THREE CLUBS FOUR,0.6528,0.0084,0.3388
CLUBS QUEEN DIAMONDS FOUR,0.6514,0.005,0.3436
DIAMONDS THREE CLUBS FIVE,0.661,0.0072,0.3318
CLUBS KING DIAMONDS FOUR,0.5008,0.282,0.2172
DIAMONDS THREE CLUBS TWO,0.6762,0.0066,0.3172
DIAMONDS FOUR CLUBS TEN,0.6434,0.0058,0.3508
DIAMONDS THREE CLUBS THREE,0.4734,0.0184,0.5082
DIAMONDS FOUR CLUBS JACK,0.6434,0.0078,0.3488
DIAMONDS THREE SPADES FOUR,0.642,0.0072,0.3508
DIAMONDS THREE SPADES FIVE,0.6496,0.0088,0.3416
DIAMONDS THREE SPADES TWO,0.671,0.008,0.321
DIAMONDS THREE SPADES THREE,0.4742,0.0138,0.512
CLUBS EIGHT DIAMONDS THREE,0.6686,0.008,0.3234
CLUBS NINE DIAMONDS THREE,0.6526,0.0072,0.3402
CLUBS FIVE SPADES SIX,0.63,0.0094,0.3606
SPADES NINE CLUBS FIVE,0.6332,0.0072,0.3596
SPADES EIGHT CLUBS FIVE,0.6248,0.0078,0.3674
CLUBS FIVE SPADES THREE,0.6432,0.0114,0.3454
CLUBS FIVE SPADES TWO,0.6596,0.0096,0.3308
CLUBS FIVE SPADES FIVE,0.4808,0.0124,0.5068
CLUBS FIVE SPADES FOUR,0.6306,0.0082,0.3612
CLUBS NINE CLUBS FIVE,0.5918,0.009,0.3992
CLUBS EIGHT CLUBS FIVE,0.6064,0.007,0.3866
CLUBS ACE CLUBS QUEEN,0.3726,0.0056,0.6218
CLUBS KING CLUBS QUEEN,0.2718,0.0602,0.668
DIAMONDS TEN DIAMONDS FOUR,0.6098,0.0072,0.383
DIAMONDS NINE CLUBS TEN,0.5888,0.0054,0.4058
DIAMONDS JACK DIAMONDS FOUR,0.6084,0.0068,0.3848
DIAMONDS NINE CLUBS JACK,0.6002,0.007,0.3928
SPADES NINE CLUBS JACK,0.5892,0.0072,0.4036
SPADES NINE CLUBS TEN,0.5714,0.007,0.4216
DIAMONDS ACE DIAMONDS FOUR,0.4072,0.005,0.5878
HEARTS FOUR DIAMONDS FOUR,0.4642,0.0152,0.5206
DIAMONDS JACK HEARTS TEN,0.577,0.0058,0.4172
SPADES NINE CLUBS KING,0.2668,0.1644,0.5688
DIAMONDS TWO SPADES TEN,0.6506,0.009,0.3404
DIAMONDS NINE CLUBS ACE,0.3954,0.0042,0.6004
HEARTS FIVE DIAMONDS FOUR,0.6366,0.0084,0.355
HEARTS JACK DIAMONDS JACK,0.3266,0.0046,0.6688
SPADES NINE CLUBS QUEEN,0.5992,0.0076,0.3932
SPADES JACK DIAMONDS TWO,0.6486,0.008,0.3434
DIAMONDS QUEEN DIAMONDS FOUR,0.6226,0.0076,0.3698
HEARTS TWO DIAMONDS FOUR,0.6668,0.01,0.3232
DIAMONDS NINE CLUBS QUEEN,0.5946,0.0066,0.3988
DIAMONDS KING DIAMONDS FOUR,0.4856,0.2478,0.2666
HEARTS THREE DIAMONDS FOUR,0.6514,0.0064,0.3422
SPADES NINE CLUBS ACE,0.4006,0.0038,0.5956
DIAMONDS NINE CLUBS KING,0.278,0.1592,0.5628
HEARTS ACE DIAMONDS JACK,0.399,0.0028,0.5982
SPADES ACE DIAMONDS TWO,0.4398,0.0076,0.5526
DIAMONDS JACK HEARTS QUEEN,0.5758,0.0066,0.4176
SPADES QUEEN DIAMONDS TWO,0.659,0.0068,0.3342
HEARTS KING DIAMONDS JACK,0.2806,0.0808,0.6386
CLUBS SEVEN CLUBS THREE,0.6832,0.0404,0.2764
CLUBS SIX CLUBS THREE,0.6244,0.009,0.3666
CLUBS FIVE CLUBS THREE,0.6056,0.011,0.3834
CLUBS FOUR CLUBS THREE,0.6138,0.0074,0.3788
CLUBS NINE CLUBS THREE,0.6246,0.0082,0.3672
CLUBS EIGHT CLUBS THREE,0.6138,0.0082,0.378
SPADES FIVE CLUBS THREE,0.647,0.0074,0.3456
CLUBS THREE SPADES FOUR,0.6558,0.0084,0.3358
CLUBS THREE SPADES THREE,0.4816,0.0152,0.5032
CLUBS THREE SPADES TWO,0.6648,0.0096,0.3256
SPADES SIX CLUBS THREE,0.662,0.0088,0.3292
SPADES EIGHT CLUBS THREE,0.6486,0.0086,0.3428
SPADES NINE CLUBS THREE,0.6522,0.0082,0.3396
SPADES TWO DIAMONDS FOUR,0.6656,0.0094,0.325
SPADES THREE DIAMONDS FOUR,0.6468,0.0102,0.343
SPADES FOUR DIAMONDS FOUR,0.482,0.0106,0.5074
SPADES FIVE DIAMONDS FOUR,0.636,0.0084,0.3556
SPADES SIX DIAMONDS FOUR,0.6518,0.0092,0.339
SPADES EIGHT DIAMONDS FOUR,0.6404,0.0088,0.3508
SPADES NINE DIAMONDS FOUR,0.65,0.0078,0.3422
CLUBS FIVE DIAMONDS FOUR,0.6368,0.0072,0.356
CLUBS FOUR DIAMONDS FOUR,0.476,0.0118,0.5122
CLUBS SEVEN DIAMONDS FOUR,0.72,0.0336,0.2464
CLUBS SIX DIAMONDS FOUR,0.6558,0.0066,0.3376
CLUBS NINE DIAMONDS FOUR,0.6606,0.0068,0.3326
CLUBS EIGHT DIAMONDS FOUR,0.643,0.0086,0.3484
DIAMONDS FOUR HEARTS SEVEN,0.716,0.0406,0.2434
HEARTS SIX DIAMONDS FOUR,0.6498,0.0102,0.34
HEARTS NINE DIAMONDS FOUR,0.6632,0.006,0.3308
DIAMONDS FOUR HEARTS EIGHT,0.6502,0.0054,0.3444
CLUBS THREE DIAMONDS FOUR,0.6576,0.0092,0.3332
CLUBS TWO DIAMONDS FOUR,0.672,0.0104,0.3176
DIAMONDS TEN DIAMONDS FIVE,0.6286,0.0064,0.365
DIAMONDS JACK DIAMONDS FIVE,0.622,0.0082,0.3698
DIAMONDS NINE HEARTS QUEEN,0.5926,0.0058,0.4016
HEARTS KING DIAMONDS NINE,0.283,0.1624,0.5546
DIAMONDS NINE HEARTS ACE,0.3998,0.0036,0.5966
DIAMONDS NINE HEARTS TEN,0.59,0.009,0.401
DIAMONDS NINE HEARTS JACK,0.5926,0.0066,0.4008
CLUBS KING DIAMONDS SIX,0.4936,0.2868,0.2196
CLUBS QUEEN DIAMONDS SIX,0.6628,0.0086,0.3286
CLUBS ACE DIAMONDS SIX,0.4214,0.0042,0.5744
SPADES QUEEN DIAMONDS FOUR,0.643,0.0068,0.3502
CLUBS JACK DIAMONDS SIX,0.647,0.0056,0.3474
SPADES ACE DIAMONDS FOUR,0.4164,0.0054,0.5782
CLUBS TEN DIAMONDS SIX,0.6442,0.005,0.3508
CLUBS NINE CLUBS FOUR,0.6154,0.0088,0.3758
CLUBS EIGHT CLUBS FOUR,0.6156,0.0088,0.3756
SPADES JACK DIAMONDS FOUR,0.6368,0.0068,0.3564
SPADES TEN DIAMONDS FOUR,0.655,0.0108,0.3342
CLUBS FOUR CLUBS FIVE,0.5916,0.0076,0.4008
CLUBS SEVEN CLUBS FOUR,0.676,0.0358,0.2882
CLUBS SIX CLUBS FOUR,0.6066,0.007,0.3864
CLUBS SEVEN SPADES EIGHT,0.6856,0.0308,0.2836
CLUBS SEVEN SPADES NINE,0.7002,0.0342,0.2656
CLUBS SEVEN SPADES SIX,0.6804,0.035,0.2846
CLUBS SEVEN SPADES FIVE,0.6936,0.0374,0.269
CLUBS SEVEN SPADES FOUR,0.7098,0.04,0.2502
CLUBS SEVEN SPADES THREE,0.7394,0.04,0.2206
CLUBS SEVEN SPADES TWO,0.7332,0.0402,0.2266
CLUBS NINE CLUBS SEVEN,0.6632,0.0326,0.3042
CLUBS EIGHT CLUBS SEVEN,0.6582,0.0278,0.314
HEARTS SIX DIAMONDS FIVE,0.651,0.007,0.342
DIAMONDS FIVE HEARTS SEVEN,0.7138,0.0348,0.2514
DIAMONDS FIVE HEARTS EIGHT,0.6294,0.0076,0.363
HEARTS NINE DIAMONDS FIVE,0.656,0.007,0.337
DIAMONDS QUEEN DIAMONDS FIVE,0.6124,0.0068,0.3808
HEARTS TWO DIAMONDS FIVE,0.6664,0.009,0.3246
HEARTS KING HEARTS EIGHT,0.259,0.2074,0.5336
DIAMONDS KING DIAMONDS FIVE,0.467,0.2718,0.2612
HEARTS THREE DIAMONDS FIVE,0.6434,0.0054,0.3512
HEARTS QUEEN HEARTS EIGHT,0.5864,0.0076,0.406
DIAMONDS ACE DIAMONDS FIVE,0.4016,0.0052,0.5932
HEARTS FOUR DIAMONDS FIVE,0.6316,0.0064,0.362
HEARTS FIVE DIAMONDS FIVE,0.471,0.0114,0.5176
HEARTS ACE HEARTS EIGHT,0.3682,0.0062,0.6256
CLUBS FOUR DIAMONDS FIVE,0.6306,0.01,0.3594
CLUBS FIVE DIAMONDS FIVE,0.4778,0.0122,0.51
CLUBS SIX DIAMONDS FIVE,0.6318,0.0084,0.3598
CLUBS SEVEN DIAMONDS FIVE,0.7084,0.0368,0.2548
CLUBS TWO DIAMONDS FIVE,0.6598,0.01,0.3302
CLUBS THREE DIAMONDS FIVE,0.6494,0.0078,0.3428
SPADES THREE DIAMONDS FIVE,0.646,0.0072,0.3468
SPADES TWO DIAMONDS FIVE,0.6642,0.0072,0.3286
SPADES FIVE DIAMONDS FIVE,0.464,0.0132,0.5228
SPADES JACK DIAMONDS EIGHT,0.6096,0.007,0.3834
HEARTS JACK CLUBS TEN,0.5844,0.0066,0.409
SPADES TEN DIAMONDS EIGHT,0.6008,0.0084,0.3908
SPADES FOUR DIAMONDS FIVE,0.6242,0.0102,0.3656
HEARTS JACK CLUBS JACK,0.3244,0.0064,0.6692
HEARTS JACK CLUBS QUEEN,0.5912,0.005,0.4038
CLUBS NINE DIAMONDS FIVE,0.6518,0.0042,0.344
HEARTS JACK CLUBS KING,0.2924,0.0844,0.6232
CLUBS EIGHT DIAMONDS FIVE,0.6312,0.007,0.3618
HEARTS JACK CLUBS ACE,0.3776,0.0028,0.6196
SPADES SIX DIAMONDS FIVE,0.6294,0.0086,0.362
SPADES QUEEN DIAMONDS EIGHT,0.6146,0.0076,0.3778
SPADES NINE DIAMONDS FIVE,0.6428,0.0072,0.35
SPADES EIGHT DIAMONDS FIVE,0.6292,0.0086,0.3622
SPADES ACE DIAMONDS EIGHT,0.3844,0.0028,0.6128
DIAMONDS TEN DIAMONDS SIX,0.602,0.0104,0.3876
HEARTS ACE DIAMONDS SEVEN,0.2914,0.0226,0.686
DIAMONDS JACK DIAMONDS SIX,0.6134,0.0078,0.3788
HEARTS QUEEN DIAMONDS SEVEN,0.747,0.0368,0.2162
HEARTS KING DIAMONDS SEVEN,0.075,0.9036,0.0214
DIAMONDS ACE DIAMONDS SIX,0.419,0.0054,0.5756
HEARTS FOUR DIAMONDS SIX,0.6472,0.0092,0.3436
SPADES TWO HEARTS JACK,0.646,0.0092,0.3448
HEARTS FIVE DIAMONDS SIX,0.6362,0.0062,0.3576
SPADES TWO HEARTS TEN,0.6538,0.0096,0.3366
DIAMONDS QUEEN DIAMONDS SIX,0.623,0.0056,0.3714
HEARTS TWO DIAMONDS SIX,0.6822,0.0086,0.3092
DIAMONDS KING DIAMONDS SIX,0.475,0.2778,0.2472
HEARTS THREE DIAMONDS SIX,0.6718,0.0054,0.3228
HEARTS EIGHT DIAMONDS SIX,0.6312,0.0052,0.3636
HEARTS NINE DIAMONDS SIX,0.6364,0.0068,0.3568
HEARTS SIX DIAMONDS SIX,0.475,0.0134,0.5116
HEARTS SEVEN DIAMONDS SIX,0.7058,0.0324,0.2618
HEARTS TEN DIAMONDS SEVEN,0.7224,0.0294,0.2482
CLUBS TWO DIAMONDS SIX,0.6874,0.0086,0.304
HEARTS JACK DIAMONDS SEVEN,0.7236,0.0302,0.2462
CLUBS THREE DIAMONDS SIX,0.6726,0.0072,0.3202
DIAMONDS EIGHT CLUBS JACK,0.6078,0.0066,0.3856
CLUBS SEVEN DIAMONDS SIX,0.7004,0.0342,0.2654
CLUBS SIX DIAMONDS SIX,0.467,0.0142,0.5188
DIAMONDS EIGHT CLUBS TEN,0.5966,0.006,0.3974
CLUBS FIVE DIAMONDS SIX,0.6312,0.006,0.3628
CLUBS FOUR DIAMONDS SIX,0.6614,0.0082,0.3304
HEARTS ACE HEARTS JACK,0.3714,0.0036,0.625
DIAMONDS EIGHT CLUBS ACE,0.4052,0.0044,0.5904
HEARTS JACK HEARTS QUEEN,0.548,0.0092,0.4428
DIAMONDS EIGHT CLUBS KING,0.2722,0.2236,0.5042
CLUBS NINE DIAMONDS SIX,0.6394,0.007,0.3536
HEARTS KING HEARTS JACK,0.2742,0.0766,0.6492
DIAMONDS EIGHT CLUBS QUEEN,0.6132,0.0046,0.3822
CLUBS EIGHT DIAMONDS SIX,0.634,0.0056,0.3604
SPADES FIVE DIAMONDS SIX,0.6434,0.0098,0.3468
SPADES TEN HEARTS KING,0.27,0.1134,0.6166
HEARTS ACE SPADES TWO,0.4272,0.0056,0.5672
SPADES JACK HEARTS KING,0.2748,0.08,0.6452
SPADES FOUR DIAMONDS SIX,0.6542,0.0084,0.3374
SPADES THREE DIAMONDS SIX,0.6556,0.0078,0.3366
SPADES TWO HEARTS QUEEN,0.6592,0.0084,0.3324
HEARTS KING SPADES TWO,0.5008,0.287,0.2122
SPADES TWO DIAMONDS SIX,0.6702,0.0074,0.3224
HEARTS TEN HEARTS EIGHT,0.5758,0.0054,0.4188
SPADES NINE DIAMONDS SIX,0.6328,0.0078,0.3594
HEARTS JACK HEARTS EIGHT,0.5602,0.0062,0.4336
SPADES EIGHT DIAMONDS SIX,0.627,0.0084,0.3646
SPADES SIX DIAMONDS SIX,0.4566,0.0098,0.5336
SPADES QUEEN HEARTS KING,0.2796,0.0648,0.6556
CLUBS ACE CLUBS KING,0.2664,0.0128,0.7208
SPADES ACE HEARTS KING,0.2498,0.0128,0.7374
SPADES ACE HEARTS JACK,0.3738,0.0044,0.6218
SPADES QUEEN HEARTS JACK,0.5774,0.0058,0.4168
SPADES TEN DIAMONDS TEN,0.3354,0.006,0.6586
SPADES JACK DIAMONDS TEN,0.5772,0.0062,0.4166
SPADES ACE DIAMONDS TEN,0.3848,0.005,0.6102
SPADES JACK HEARTS JACK,0.315,0.006,0.679
SPADES TEN HEARTS JACK,0.577,0.0058,0.4172
SPADES QUEEN DIAMONDS TEN,0.592,0.0074,0.4006
SPADES NINE DIAMONDS SEVEN,0.6898,0.0348,0.2754
SPADES EIGHT DIAMONDS SEVEN,0.7046,0.0306,0.2648
SPADES SIX DIAMONDS SEVEN,0.6768,0.0356,0.2876
DIAMONDS KING DIAMONDS SEVEN,0.0728,0.8562,0.071
HEARTS THREE DIAMONDS SEVEN,0.7266,0.0454,0.228
HEARTS KING DIAMONDS FIVE,0.5,0.28,0.22
DIAMONDS QUEEN DIAMONDS SEVEN,0.684,0.0366,0.2794
HEARTS TWO DIAMONDS SEVEN,0.7432,0.038,0.2188
HEARTS QUEEN DIAMONDS FIVE,0.6564,0.0078,0.3358
HEARTS FIVE DIAMONDS SEVEN,0.7082,0.0392,0.2526
DIAMONDS ACE DIAMONDS SEVEN,0.2554,0.026,0.7186
HEARTS FOUR DIAMONDS SEVEN,0.7196,0.0384,0.242
HEARTS ACE DIAMONDS FIVE,0.4346,0.0044,0.561
HEARTS SEVEN DIAMONDS SEVEN,0.3462,0.0278,0.626
HEARTS SIX DIAMONDS SEVEN,0.704,0.0358,0.2602
HEARTS NINE DIAMONDS SEVEN,0.6912,0.0316,0.2772
DIAMONDS SEVEN HEARTS EIGHT,0.6862,0.0252,0.2886
DIAMONDS JACK DIAMONDS SEVEN,0.6958,0.0362,0.268
HEARTS JACK DIAMONDS FIVE,0.653,0.0066,0.3404
DIAMONDS TEN DIAMONDS SEVEN,0.662,0.0344,0.3036
DIAMONDS FIVE HEARTS TEN,0.6538,0.0066,0.3396
HEARTS KING CLUBS KING,0.13,0.0136,0.8564
CLUBS EIGHT DIAMONDS SEVEN,0.6976,0.0298,0.2726
SPADES QUEEN CLUBS TWO,0.6572,0.0084,0.3344
HEARTS KING CLUBS QUEEN,0.2822,0.0646,0.6532
CLUBS NINE DIAMONDS SEVEN,0.701,0.0306,0.2684
SPADES TWO CLUBS JACK,0.6462,0.0074,0.3464
SPADES ACE CLUBS TWO,0.4192,0.0054,0.5754
SPADES TWO CLUBS TEN,0.6572,0.0088,0.334
HEARTS KING CLUBS ACE,0.2804,0.011,0.7086
CLUBS SIX CLUBS SEVEN,0.6506,0.0358,0.3136
SPADES TWO CLUBS KING,0.4908,0.3008,0.2084
SPADES TWO DIAMONDS SEVEN,0.74,0.0416,0.2184
CLUBS EIGHT CLUBS SIX,0.5884,0.0052,0.4064
SPADES THREE DIAMONDS SEVEN,0.7204,0.043,0.2366
SPADES TWO CLUBS QUEEN,0.646,0.0082,0.3458
CLUBS NINE CLUBS SIX,0.6024,0.0064,0.3912
SPADES FOUR DIAMONDS SEVEN,0.727,0.0404,0.2326
HEARTS KING CLUBS JACK,0.2806,0.0838,0.6356
SPADES FIVE DIAMONDS SEVEN,0.7034,0.0378,0.2588
SPADES TWO CLUBS ACE,0.4296,0.0066,0.5638
HEARTS KING CLUBS TEN,0.2868,0.1116,0.6016
CLUBS SIX SPADES TWO,0.67,0.007,0.323
CLUBS SIX SPADES THREE,0.6666,0.0076,0.3258
CLUBS TWO DIAMONDS SEVEN,0.7402,0.0416,0.2182
CLUBS SIX SPADES FOUR,0.6472,0.0072,0.3456
CLUBS THREE DIAMONDS SEVEN,0.748,0.0346,0.2174
CLUBS SIX SPADES FIVE,0.631,0.0096,0.3594
CLUBS FOUR DIAMONDS SEVEN,0.719,0.04,0.241
CLUBS SIX SPADES SIX,0.458,0.0126,0.5294
CLUBS FIVE DIAMONDS SEVEN,0.703,0.0364,0.2606
CLUBS SIX DIAMONDS SEVEN,0.6932,0.0322,0.2746
CLUBS SIX SPADES EIGHT,0.6312,0.0064,0.3624
SPADES JACK CLUBS TWO,0.649,0.0094,0.3416
CLUBS SIX SPADES NINE,0.6142,0.0076,0.3782
SPADES TEN CLUBS TWO,0.6458,0.0104,0.3438
CLUBS SEVEN DIAMONDS SEVEN,0.3408,0.0242,0.635
CLUBS TWO CLUBS QUEEN,0.6184,0.009,0.3726
CLUBS TWO CLUBS KING,0.4796,0.2668,0.2536
CLUBS THREE DIAMONDS EIGHT,0.657,0.0084,0.3346
CLUBS TWO CLUBS ACE,0.406,0.0044,0.5896
CLUBS TWO DIAMONDS EIGHT,0.6714,0.01,0.3186
DIAMONDS EIGHT HEARTS SEVEN,0.6882,0.0378,0.274
HEARTS SIX DIAMONDS EIGHT,0.6414,0.0094,0.3492
DIAMONDS EIGHT HEARTS NINE,0.6076,0.0058,0.3866
CLUBS TWO CLUBS TEN,0.6132,0.0078,0.379
DIAMONDS EIGHT HEARTS EIGHT,0.3692,0.0078,0.623
CLUBS TWO CLUBS JACK,0.623,0.0076,0.3694
CLUBS NINE DIAMONDS EIGHT,0.5934,0.0074,0.3992
CLUBS EIGHT DIAMONDS EIGHT,0.3612,0.0112,0.6276
CLUBS FIVE DIAMONDS EIGHT,0.6336,0.0066,0.3598
SPADES ACE SPADES THREE,0.372,0.0074,0.6206
CLUBS FOUR DIAMONDS EIGHT,0.6528,0.0086,0.3386
SPADES QUEEN SPADES THREE,0.636,0.0098,0.3542
CLUBS SEVEN DIAMONDS EIGHT,0.6924,0.0304,0.2772
CLUBS SIX DIAMONDS EIGHT,0.6174,0.0062,0.3764
DIAMONDS QUEEN DIAMONDS EIGHT,0.5634,0.006,0.4306
HEARTS TWO DIAMONDS EIGHT,0.6642,0.008,0.3278
DIAMONDS KING DIAMONDS EIGHT,0.2528,0.2074,0.5398
HEARTS THREE DIAMONDS EIGHT,0.6598,0.0088,0.3314
DIAMONDS ACE DIAMONDS EIGHT,0.3836,0.0042,0.6122
HEARTS FOUR DIAMONDS EIGHT,0.655,0.0074,0.3376
HEARTS FIVE DIAMONDS EIGHT,0.6354,0.0066,0.358
DIAMONDS EIGHT DIAMONDS TEN,0.5572,0.0068,0.436
DIAMONDS EIGHT DIAMONDS JACK,0.5726,0.0064,0.421
SPADES JACK SPADES THREE,0.6532,0.0086,0.3382
SPADES TEN SPADES THREE,0.6478,0.0092,0.343
CLUBS FOUR HEARTS ACE,0.4278,0.0036,0.5686
CLUBS FOUR HEARTS QUEEN,0.6552,0.007,0.3378
CLUBS FOUR HEARTS KING,0.5008,0.2804,0.2188
CLUBS SIX HEARTS TEN,0.6376,0.0052,0.3572
CLUBS SIX HEARTS JACK,0.6574,0.0054,0.3372
SPADES FOUR DIAMONDS EIGHT,0.65,0.0078,0.3422
SPADES FIVE DIAMONDS EIGHT,0.6266,0.0098,0.3636
DIAMONDS EIGHT SPADES TWO,0.6592,0.0082,0.3326
SPADES THREE DIAMONDS EIGHT,0.6588,0.0084,0.3328
CLUBS FOUR HEARTS JACK,0.645,0.0058,0.3492
SPADES EIGHT DIAMONDS EIGHT,0.3544,0.015,0.6306
SPADES JACK HEARTS EIGHT,0.5992,0.009,0.3918
SPADES TEN HEARTS TWO,0.6614,0.007,0.3316
SPADES TEN DIAMONDS QUEEN,0.5766,0.0058,0.4176
CLUBS FOUR HEARTS TEN,0.6528,0.009,0.3382
SPADES NINE DIAMONDS EIGHT,0.5848,0.0072,0.408
SPADES JACK HEARTS TWO,0.6496,0.0096,0.3408
SPADES JACK DIAMONDS QUEEN,0.5726,0.0066,0.4208
SPADES TEN HEARTS EIGHT,0.6004,0.0064,0.3932
SPADES SIX DIAMONDS EIGHT,0.6286,0.0088,0.3626
SPADES ACE HEARTS TWO,0.4388,0.0058,0.5554
SPADES ACE DIAMONDS QUEEN,0.3808,0.0054,0.6138
SPADES ACE HEARTS EIGHT,0.3836,0.0034,0.613
SPADES QUEEN DIAMONDS QUEEN,0.3088,0.0056,0.6856
SPADES QUEEN HEARTS TWO,0.6558,0.0094,0.3348
SPADES QUEEN HEARTS EIGHT,0.5984,0.0074,0.3942
CLUBS TWO HEARTS TEN,0.6466,0.0068,0.3466
CLUBS TWO HEARTS JACK,0.6532,0.0082,0.3386
SPADES SIX DIAMONDS NINE,0.6358,0.0064,0.3578
SPADES NINE DIAMONDS NINE,0.3384,0.0102,0.6514
SPADES EIGHT DIAMONDS NINE,0.5864,0.005,0.4086
SPADES TEN CLUBS KING,0.2634,0.1138,0.6228
DIAMONDS NINE SPADES THREE,0.6472,0.0092,0.3436
SPADES JACK CLUBS KING,0.256,0.093,0.651
DIAMONDS NINE SPADES TWO,0.6578,0.0094,0.3328
SPADES FIVE DIAMONDS NINE,0.6298,0.0092,0.361
SPADES FOUR DIAMONDS NINE,0.6538,0.0078,0.3384
CLUBS NINE DIAMONDS NINE,0.347,0.0086,0.6444
CLUBS EIGHT DIAMONDS NINE,0.6014,0.0058,0.3928
CLUBS SIX DIAMONDS NINE,0.6374,0.0072,0.3554
SPADES JACK CLUBS FOUR,0.6494,0.0064,0.3442
SPADES TEN CLUBS FOUR,0.6436,0.0062,0.3502
CLUBS SEVEN DIAMONDS NINE,0.7002,0.0328,0.267
CLUBS FOUR DIAMONDS NINE,0.653,0.0062,0.3408
CLUBS FIVE DIAMONDS NINE,0.6474,0.007,0.3456
CLUBS TWO DIAMONDS NINE,0.6702,0.0068,0.323
CLUBS THREE DIAMONDS NINE,0.6392,0.0082,0.3526
DIAMONDS NINE HEARTS EIGHT,0.5958,0.0052,0.399
DIAMONDS NINE HEARTS NINE,0.3386,0.0116,0.6498
HEARTS SIX DIAMONDS NINE,0.6404,0.0068,0.3528
DIAMONDS NINE HEARTS SEVEN,0.7106,0.0278,0.2616
CLUBS EIGHT CLUBS NINE,0.5656,0.006,0.4284
DIAMONDS ACE DIAMONDS NINE,0.3878,0.0052,0.607
HEARTS FOUR DIAMONDS NINE,0.6454,0.0084,0.3462
HEARTS FIVE DIAMONDS NINE,0.6496,0.0064,0.344
CLUBS TWO HEARTS ACE,0.4512,0.004,0.5448
SPADES ACE CLUBS FOUR,0.4212,0.0058,0.573
DIAMONDS QUEEN DIAMONDS NINE,0.5616,0.0062,0.4322
HEARTS TWO DIAMONDS NINE,0.664,0.0078,0.3282
CLUBS TWO HEARTS KING,0.5152,0.2858,0.199
DIAMONDS KING DIAMONDS NINE,0.2618,0.1512,0.587
HEARTS THREE DIAMONDS NINE,0.6582,0.0086,0.3332
CLUBS TWO HEARTS QUEEN,0.6512,0.0056,0.3432
SPADES QUEEN CLUBS FOUR,0.6396,0.008,0.3524
DIAMONDS NINE DIAMONDS JACK,0.5572,0.0066,0.4362
CLUBS EIGHT SPADES NINE,0.5952,0.0066,0.3982
DIAMONDS NINE DIAMONDS TEN,0.5472,0.0086,0.4442
CLUBS EIGHT SPADES EIGHT,0.3576,0.0122,0.6302
CLUBS EIGHT SPADES SIX,0.631,0.006,0.363
CLUBS EIGHT SPADES FIVE,0.646,0.0068,0.3472
CLUBS EIGHT SPADES FOUR,0.6464,0.0084,0.3452
CLUBS EIGHT SPADES THREE,0.6604,0.0086,0.331
CLUBS EIGHT SPADES TWO,0.6708,0.008,0.3212
HEARTS SIX DIAMONDS TEN,0.6588,0.0066,0.3346
DIAMONDS TEN HEARTS SEVEN,0.71,0.0282,0.2618
DIAMONDS TEN HEARTS EIGHT,0.5918,0.0066,0.4016
CLUBS FOUR CLUBS JACK,0.6268,0.0066,0.3666
DIAMONDS TEN HEARTS NINE,0.5814,0.0054,0.4132
CLUBS FOUR CLUBS TEN,0.6156,0.0064,0.378
CLUBS FOUR CLUBS KING,0.4778,0.266,0.2562
CLUBS FOUR CLUBS QUEEN,0.611,0.006,0.383
CLUBS TWO DIAMONDS TEN,0.6508,0.007,0.3422
CLUBS THREE DIAMONDS TEN,0.6504,0.007,0.3426
CLUBS FOUR CLUBS ACE,0.393,0.0042,0.6028
DIAMONDS JACK DIAMONDS TEN,0.5356,0.0066,0.4578
DIAMONDS QUEEN DIAMONDS TEN,0.545,0.0068,0.4482
HEARTS TWO DIAMONDS TEN,0.666,0.006,0.328
DIAMONDS KING DIAMONDS TEN,0.2528,0.1024,0.6448
HEARTS THREE DIAMONDS TEN,0.6632,0.0052,0.3316
DIAMONDS ACE DIAMONDS TEN,0.3644,0.004,0.6316
HEARTS FOUR DIAMONDS TEN,0.6454,0.007,0.3476
CLUBS EIGHT HEARTS JACK,0.6,0.0062,0.3938
HEARTS FIVE DIAMONDS TEN,0.664,0.0068,0.3292
CLUBS EIGHT HEARTS TEN,0.6012,0.0078,0.391
CLUBS EIGHT HEARTS QUEEN,0.6172,0.0052,0.3776
CLUBS EIGHT HEARTS KING,0.2702,0.216,0.5138
CLUBS EIGHT HEARTS ACE,0.4166,0.003,0.5804
CLUBS NINE SPADES THREE,0.6432,0.007,0.3498
CLUBS NINE SPADES TWO,0.6434,0.0068,0.3498
CLUBS NINE SPADES FIVE,0.6344,0.0076,0.358
CLUBS NINE SPADES FOUR,0.653,0.0064,0.3406
CLUBS NINE SPADES SIX,0.6392,0.0062,0.3546
CLUBS NINE SPADES NINE,0.3432,0.009,0.6478
CLUBS TEN HEARTS EIGHT,0.6076,0.005,0.3874
CLUBS NINE SPADES EIGHT,0.598,0.0062,0.3958
CLUBS JACK HEARTS EIGHT,0.6144,0.0068,0.3788
CLUBS QUEEN HEARTS EIGHT,0.6152,0.0068,0.378
CLUBS KING HEARTS EIGHT,0.277,0.2232,0.4998
CLUBS ACE HEARTS EIGHT,0.3922,0.005,0.6028
SPADES QUEEN CLUBS KING,0.2688,0.0582,0.673
SPADES ACE CLUBS KING,0.2592,0.0132,0.7276
DIAMONDS ACE HEARTS TEN,0.3858,0.0042,0.61
HEARTS FOUR HEARTS TEN,0.6142,0.0084,0.3774
DIAMONDS ACE HEARTS JACK,0.3908,0.0028,0.6064
HEARTS FOUR HEARTS JACK,0.6172,0.0084,0.3744
SPADES QUEEN CLUBS FIVE,0.6378,0.0074,0.3548
SPADES ACE CLUBS FIVE,0.415,0.0042,0.5808
DIAMONDS JACK HEARTS SEVEN,0.7146,0.0352,0.2502
HEARTS SIX DIAMONDS JACK,0.6552,0.0056,0.3392
DIAMONDS JACK HEARTS NINE,0.5956,0.0044,0.4
DIAMONDS JACK HEARTS EIGHT,0.6054,0.0066,0.388
DIAMONDS KING DIAMONDS JACK,0.2678,0.0788,0.6534
HEARTS THREE DIAMONDS JACK,0.655,0.006,0.339
SPADES FOUR HEARTS ACE,0.4156,0.004,0.5804
SPADES ACE SPADES SIX,0.3678,0.0062,0.626
DIAMONDS QUEEN DIAMONDS JACK,0.5446,0.0082,0.4472
HEARTS TWO DIAMONDS JACK,0.6546,0.008,0.3374
HEARTS FIVE DIAMONDS JACK,0.653,0.0046,0.3424
SPADES FOUR HEARTS QUEEN,0.6476,0.008,0.3444
SPADES QUEEN SPADES SIX,0.6458,0.008,0.3462
DIAMONDS ACE DIAMONDS JACK,0.3674,0.0046,0.628
HEARTS FOUR DIAMONDS JACK,0.6556,0.0092,0.3352
SPADES FOUR HEARTS KING,0.4922,0.2966,0.2112
SPADES TEN SPADES SIX,0.633,0.0086,0.3584
SPADES JACK SPADES SIX,0.6438,0.008,0.3482
SPADES FOUR DIAMONDS JACK,0.659,0.01,0.331
SPADES FIVE DIAMONDS JACK,0.6446,0.0062,0.3492
SPADES TWO DIAMONDS JACK,0.6382,0.0098,0.352
SPADES THREE DIAMONDS JACK,0.647,0.0082,0.3448
SPADES ACE DIAMONDS THREE,0.4204,0.0056,0.574
SPADES QUEEN DIAMONDS THREE,0.6464,0.0096,0.344
CLUBS EIGHT DIAMONDS JACK,0.6188,0.0072,0.374
CLUBS NINE DIAMONDS JACK,0.5964,0.0074,0.3962
CLUBS SIX DIAMONDS JACK,0.67,0.0042,0.3258
CLUBS SEVEN DIAMONDS JACK,0.722,0.0344,0.2436
CLUBS FOUR DIAMONDS JACK,0.6576,0.006,0.3364
CLUBS FIVE DIAMONDS JACK,0.6518,0.0042,0.344
CLUBS TWO DIAMONDS JACK,0.664,0.009,0.327
CLUBS THREE DIAMONDS JACK,0.6614,0.0074,0.3312
SPADES JACK HEARTS SIX,0.6512,0.0118,0.337
SPADES TEN CLUBS FIVE,0.648,0.0068,0.3452
SPADES JACK CLUBS FIVE,0.6436,0.0058,0.3506
HEARTS SIX SPADES TEN,0.6406,0.006,0.3534
SPADES JACK DIAMONDS THREE,0.6468,0.0064,0.3468
CLUBS SEVEN CLUBS ACE,0.25,0.0284,0.7216
SPADES TEN DIAMONDS THREE,0.6536,0.0076,0.3388
CLUBS SEVEN CLUBS QUEEN,0.709,0.0394,0.2516
CLUBS SEVEN CLUBS KING,0.0712,0.8562,0.0726
SPADES NINE DIAMONDS JACK,0.592,0.0092,0.3988
CLUBS SEVEN CLUBS TEN,0.6736,0.0322,0.2942
DIAMONDS ACE HEARTS ACE,0.1782,0.0036,0.8182
HEARTS FOUR HEARTS ACE,0.4136,0.0036,0.5828
SPADES EIGHT DIAMONDS JACK,0.5998,0.0058,0.3944
SPADES ACE HEARTS SIX,0.4128,0.0042,0.583
CLUBS SEVEN CLUBS JACK,0.6846,0.0362,0.2792
DIAMONDS ACE HEARTS KING,0.2862,0.0104,0.7034
HEARTS FOUR HEARTS KING,0.459,0.2656,0.2754
DIAMONDS ACE HEARTS QUEEN,0.3894,0.0048,0.6058
HEARTS FOUR HEARTS QUEEN,0.6218,0.0064,0.3718
SPADES SIX DIAMONDS JACK,0.6624,0.0078,0.3298
SPADES QUEEN HEARTS SIX,0.6468,0.005,0.3482
SPADES TWO DIAMONDS TEN,0.6504,0.0068,0.3428
SPADES THREE DIAMONDS TEN,0.6472,0.007,0.3458
SPADES FOUR DIAMONDS TEN,0.6498,0.01,0.3402
SPADES FIVE DIAMONDS TEN,0.6318,0.0106,0.3576
SPADES SIX DIAMONDS TEN,0.6402,0.0072,0.3526
SPADES EIGHT DIAMONDS TEN,0.6002,0.0084,0.3914
SPADES NINE DIAMONDS TEN,0.5696,0.0078,0.4226
CLUBS FOUR DIAMONDS TEN,0.6516,0.007,0.3414
CLUBS FIVE DIAMONDS TEN,0.65,0.0058,0.3442
CLUBS SIX DIAMONDS TEN,0.6414,0.0078,0.3508
CLUBS SEVEN DIAMONDS TEN,0.713,0.0332,0.2538
CLUBS EIGHT DIAMONDS TEN,0.6076,0.0046,0.3878
CLUBS NINE DIAMONDS TEN,0.5844,0.007,0.4086
DIAMONDS THREE CLUBS JACK,0.6576,0.0076,0.3348
DIAMONDS THREE CLUBS TEN,0.6586,0.0074,0.334
DIAMONDS THREE CLUBS KING,0.5046,0.2782,0.2172
DIAMONDS THREE CLUBS QUEEN,0.6478,0.0066,0.3456
DIAMONDS THREE CLUBS ACE,0.4324,0.0036,0.564
SPADES FOUR HEARTS JACK,0.6514,0.0112,0.3374
SPADES FOUR HEARTS TEN,0.6382,0.0072,0.3546
SPADES FIVE SPADES TWO,0.6618,0.0122,0.326
SPADES FOUR SPADES TWO,0.6536,0.0086,0.3378
SPADES THREE SPADES TWO,0.6672,0.0078,0.325
SPADES NINE SPADES TWO,0.6482,0.0116,0.3402
SPADES EIGHT SPADES TWO,0.6616,0.008,0.3304
SPADES SIX SPADES TWO,0.671,0.0086,0.3204
DIAMONDS QUEEN CLUBS THREE,0.65,0.0092,0.3408
HEARTS TWO CLUBS THREE,0.6742,0.011,0.3148
DIAMONDS QUEEN CLUBS TWO,0.6518,0.0084,0.3398
CLUBS TWO HEARTS TWO,0.487,0.0164,0.4966
DIAMONDS QUEEN HEARTS SEVEN,0.7508,0.0324,0.2168
HEARTS TWO HEARTS SEVEN,0.7118,0.036,0.2522
HEARTS SIX DIAMONDS QUEEN,0.6656,0.0054,0.329
HEARTS SIX HEARTS TWO,0.6376,0.0074,0.355
DIAMONDS QUEEN HEARTS NINE,0.6,0.0058,0.3942
HEARTS TWO HEARTS NINE,0.606,0.006,0.388
DIAMONDS QUEEN HEARTS EIGHT,0.6026,0.0078,0.3896
HEARTS TWO HEARTS EIGHT,0.6282,0.0096,0.3622
CLUBS NINE HEARTS TWO,0.6472,0.0084,0.3444
CLUBS NINE DIAMONDS QUEEN,0.597,0.0046,0.3984
CLUBS EIGHT HEARTS TWO,0.6726,0.0084,0.319
CLUBS EIGHT DIAMONDS QUEEN,0.6174,0.0044,0.3782
CLUBS FIVE DIAMONDS QUEEN,0.6506,0.009,0.3404
CLUBS FIVE HEARTS TWO,0.6638,0.0096,0.3266
SPADES EIGHT HEARTS ACE,0.4012,0.0056,0.5932
CLUBS FOUR DIAMONDS QUEEN,0.6524,0.0072,0.3404
CLUBS FOUR HEARTS TWO,0.6654,0.0082,0.3264
SPADES EIGHT HEARTS QUEEN,0.6142,0.0076,0.3782
CLUBS SEVEN HEARTS TWO,0.7408,0.0396,0.2196
CLUBS SEVEN DIAMONDS QUEEN,0.7504,0.0332,0.2164
CLUBS SIX DIAMONDS QUEEN,0.6592,0.0058,0.335
CLUBS SIX HEARTS TWO,0.676,0.0096,0.3144
SPADES EIGHT HEARTS KING,0.2666,0.2172,0.5162
DIAMONDS QUEEN SPADES SIX,0.6552,0.0062,0.3386
SPADES SIX HEARTS TWO,0.6664,0.0094,0.3242
HEARTS FOUR CLUBS QUEEN,0.6596,0.0084,0.332
DIAMONDS ACE CLUBS QUEEN,0.4068,0.005,0.5882
HEARTS FOUR CLUBS KING,0.508,0.277,0.215
DIAMONDS ACE CLUBS KING,0.2886,0.012,0.6994
SPADES EIGHT DIAMONDS QUEEN,0.612,0.0084,0.3796
SPADES EIGHT HEARTS TWO,0.6556,0.0108,0.3336
HEARTS FOUR CLUBS ACE,0.4316,0.0054,0.563
DIAMONDS ACE CLUBS ACE,0.17,0.0042,0.8258
SPADES NINE DIAMONDS QUEEN,0.584,0.0072,0.4088
SPADES NINE HEARTS TWO,0.6598,0.0088,0.3314
HEARTS TWO SPADES TWO,0.487,0.018,0.495
DIAMONDS QUEEN SPADES TWO,0.6476,0.0074,0.345
HEARTS TWO SPADES THREE,0.6712,0.01,0.3188
DIAMONDS QUEEN SPADES THREE,0.645,0.0082,0.3468
HEARTS TWO SPADES FOUR,0.6666,0.0096,0.3238
DIAMONDS QUEEN SPADES FOUR,0.6412,0.012,0.3468
HEARTS FOUR CLUBS TEN,0.6426,0.0076,0.3498
DIAMONDS ACE CLUBS TEN,0.3892,0.0038,0.607
DIAMONDS QUEEN SPADES FIVE,0.6394,0.0074,0.3532
HEARTS TWO SPADES FIVE,0.6548,0.01,0.3352
HEARTS FOUR CLUBS JACK,0.661,0.0068,0.3322
DIAMONDS ACE CLUBS JACK,0.3936,0.0044,0.602
CLUBS FIVE CLUBS KING,0.4752,0.2772,0.2476
CLUBS FIVE CLUBS QUEEN,0.6102,0.0062,0.3836
CLUBS FIVE CLUBS ACE,0.4008,0.004,0.5952
CLUBS FIVE CLUBS JACK,0.603,0.0074,0.3896
CLUBS FIVE CLUBS TEN,0.6068,0.0074,0.3858
SPADES QUEEN CLUBS JACK,0.5866,0.0072,0.4062
SPADES ACE CLUBS JACK,0.3854,0.004,0.6106
SPADES SIX CLUBS KING,0.4964,0.2826,0.221
SPADES SIX CLUBS QUEEN,0.641,0.0068,0.3522
SPADES EIGHT HEARTS JACK,0.5988,0.0072,0.394
SPADES SIX CLUBS ACE,0.4144,0.0046,0.581
SPADES EIGHT HEARTS TEN,0.5822,0.0074,0.4104
SPADES SIX CLUBS JACK,0.6576,0.0054,0.337
SPADES SIX CLUBS TEN,0.635,0.008,0.357
SPADES TEN CLUBS JACK,0.5658,0.0038,0.4304
SPADES JACK CLUBS JACK,0.316,0.0052,0.6788
SPADES QUEEN CLUBS SEVEN,0.7464,0.0336,0.22
SPADES ACE CLUBS SEVEN,0.2528,0.032,0.7152
SPADES SIX HEARTS TEN,0.6534,0.0052,0.3414
SPADES SIX HEARTS JACK,0.6604,0.005,0.3346
SPADES SIX HEARTS ACE,0.4224,0.006,0.5716
SPADES SIX HEARTS KING,0.4928,0.2912,0.216
SPADES SIX HEARTS QUEEN,0.6584,0.007,0.3346
SPADES JACK CLUBS SEVEN,0.738,0.0362,0.2258
SPADES TEN CLUBS SEVEN,0.7136,0.0336,0.2528
HEARTS SIX CLUBS TEN,0.651,0.005,0.344
HEARTS SIX CLUBS JACK,0.6582,0.0062,0.3356
CLUBS ACE CLUBS JACK,0.374,0.0054,0.6206
HEARTS SIX CLUBS QUEEN,0.6524,0.0082,0.3394
HEARTS SIX CLUBS KING,0.5018,0.2776,0.2206
HEARTS SIX CLUBS ACE,0.4282,0.0024,0.5694
CLUBS QUEEN CLUBS JACK,0.554,0.0056,0.4404
CLUBS KING CLUBS JACK,0.271,0.0764,0.6526
DIAMONDS THREE HEARTS ACE,0.4324,0.0044,0.5632
DIAMONDS THREE HEARTS QUEEN,0.6534,0.0084,0.3382
DIAMONDS THREE HEARTS KING,0.5022,0.2858,0.212
CLUBS FIVE HEARTS JACK,0.6512,0.0064,0.3424
HEARTS FOUR SPADES TEN,0.647,0.007,0.346
SPADES TEN DIAMONDS ACE,0.3862,0.0056,0.6082
CLUBS FIVE HEARTS TEN,0.6568,0.0068,0.3364
HEARTS FOUR SPADES JACK,0.6452,0.0106,0.3442
SPADES JACK DIAMONDS ACE,0.391,0.0038,0.6052
SPADES ACE HEARTS FOUR,0.4272,0.005,0.5678
SPADES ACE DIAMONDS ACE,0.1618,0.0034,0.8348
CLUBS FIVE HEARTS ACE,0.432,0.0038,0.5642
CLUBS FIVE HEARTS KING,0.5012,0.2734,0.2254
SPADES FOUR CLUBS JACK,0.6334,0.0082,0.3584
SPADES QUEEN DIAMONDS ACE,0.391,0.005,0.604
HEARTS FOUR SPADES QUEEN,0.6446,0.0082,0.3472
CLUBS FIVE HEARTS QUEEN,0.6464,0.0076,0.346
SPADES FOUR CLUBS TEN,0.652,0.008,0.34
DIAMONDS QUEEN DIAMONDS ACE,0.3702,0.0036,0.6262
HEARTS TWO DIAMONDS ACE,0.4372,0.0042,0.5586
HEARTS FOUR DIAMONDS QUEEN,0.653,0.0082,0.3388
HEARTS FOUR HEARTS TWO,0.6294,0.0098,0.3608
DIAMONDS THREE HEARTS TEN,0.6592,0.0066,0.3342
SPADES FOUR CLUBS KING,0.495,0.2868,0.2182
HEARTS FIVE DIAMONDS QUEEN,0.6598,0.0078,0.3324
HEARTS FIVE HEARTS TWO,0.6178,0.0082,0.374
DIAMONDS THREE HEARTS JACK,0.6444,0.007,0.3486
SPADES FOUR CLUBS QUEEN,0.6704,0.0086,0.321
DIAMONDS QUEEN HEARTS TWO,0.6676,0.006,0.3264
DIAMONDS KING DIAMONDS QUEEN,0.2804,0.0576,0.662
DIAMONDS KING HEARTS TWO,0.5092,0.2808,0.21
HEARTS THREE DIAMONDS QUEEN,0.6462,0.0056,0.3482
HEARTS THREE HEARTS TWO,0.6438,0.0064,0.3498
SPADES FOUR CLUBS ACE,0.427,0.0056,0.5674
HEARTS TWO CLUBS ACE,0.4442,0.0072,0.5486
DIAMONDS QUEEN CLUBS ACE,0.3866,0.0056,0.6078
HEARTS TWO CLUBS QUEEN,0.6512,0.0098,0.339
DIAMONDS QUEEN CLUBS QUEEN,0.3352,0.0038,0.661
HEARTS TWO CLUBS KING,0.5044,0.276,0.2196
DIAMONDS QUEEN CLUBS KING,0.3,0.0614,0.6386
SPADES EIGHT SPADES FIVE,0.629,0.0096,0.3614
HEARTS TWO CLUBS TEN,0.6706,0.0084,0.321
DIAMONDS QUEEN CLUBS TEN,0.5804,0.0062,0.4134
SPADES NINE SPADES FIVE,0.6374,0.0118,0.3508
HEARTS TWO CLUBS JACK,0.6516,0.0068,0.3416
DIAMONDS QUEEN CLUBS JACK,0.5946,0.0054,0.4
SPADES SIX SPADES FIVE,0.6298,0.0106,0.3596
DIAMONDS FIVE CLUBS QUEEN,0.6548,0.008,0.3372
SPADES EIGHT CLUBS ACE,0.3996,0.0042,0.5962
CLUBS KING DIAMONDS FIVE,0.4972,0.2906,0.2122
SPADES EIGHT CLUBS KING,0.2598,0.2258,0.5144
CLUBS ACE DIAMONDS FIVE,0.4316,0.004,0.5644
SPADES EIGHT CLUBS QUEEN,0.6188,0.0068,0.3744
SPADES EIGHT CLUBS JACK,0.6022,0.0086,0.3892
SPADES EIGHT CLUBS TEN,0.5916,0.0058,0.4026
DIAMONDS FIVE CLUBS TEN,0.6498,0.0062,0.344
DIAMONDS FIVE CLUBS JACK,0.654,0.0078,0.3382
HEARTS JACK DIAMONDS TEN,0.581,0.0068,0.4122
DIAMONDS TEN HEARTS TEN,0.3338,0.0054,0.6608
SPADES ACE CLUBS NINE,0.4046,0.0042,0.5912
SPADES QUEEN CLUBS NINE,0.5992,0.0082,0.3926
HEARTS SIX HEARTS KING,0.4828,0.267,0.2502
HEARTS SIX HEARTS QUEEN,0.617,0.0052,0.3778
DIAMONDS KING SPADES SIX,0.5082,0.2908,0.201
HEARTS THREE SPADES SIX,0.6672,0.0082,0.3246
SPADES QUEEN DIAMONDS SEVEN,0.74,0.0334,0.2266
SPADES NINE DIAMONDS KING,0.2658,0.1572,0.577
HEARTS THREE SPADES NINE,0.6512,0.0086,0.3402
HEARTS SIX HEARTS ACE,0.4014,0.0052,0.5934
DIAMONDS KING SPADES EIGHT,0.2578,0.23,0.5122
HEARTS THREE SPADES EIGHT,0.6536,0.008,0.3384
SPADES ACE DIAMONDS SEVEN,0.2628,0.0302,0.707
CLUBS NINE HEARTS THREE,0.6446,0.0056,0.3498
CLUBS NINE DIAMONDS KING,0.2698,0.1552,0.575
CLUBS EIGHT HEARTS THREE,0.6598,0.0074,0.3328
