opposingHand,winningChance,drawChance,lostChance
SPADES TEN HEARTS NINE
SPADES JACK HEARTS FIVE,0.4542,0.0166,0.5292
SPADES FIVE CLUBS JACK,0.458,0.0152,0.5268
CLUBS TEN SPADES FIVE,0.6076,0.1724,0.22
CLUBS EIGHT CLUBS JACK,0.3966,0.0126,0.5908
CLUBS TEN CLUBS EIGHT,0.57,0.158,0.272
CLUBS EIGHT CLUBS KING,0.413,0.01,0.577
SPADES FIVE CLUBS ACE,0.4472,0.0032,0.5496
CLUBS EIGHT CLUBS QUEEN,0.3944,0.01,0.5956
SPADES FIVE CLUBS KING,0.4518,0.0078,0.5404
SPADES FIVE CLUBS QUEEN,0.4606,0.012,0.5274
CLUBS EIGHT CLUBS ACE,0.4084,0.004,0.5876
DIAMONDS TWO DIAMONDS THREE,0.6114,0.0228,0.3658
DIAMONDS TWO DIAMONDS FIVE,0.5902,0.0184,0.3914
SPADES KING HEARTS FIVE,0.434,0.008,0.558
DIAMONDS TWO DIAMONDS FOUR,0.5984,0.0228,0.3788
SPADES QUEEN HEARTS FIVE,0.4376,0.0122,0.5502
DIAMONDS TWO DIAMONDS SEVEN,0.6282,0.024,0.3478
DIAMONDS TWO DIAMONDS SIX,0.6144,0.0216,0.364
SPADES ACE HEARTS FIVE,0.4364,0.005,0.5586
DIAMONDS TWO DIAMONDS NINE,0.659,0.0736,0.2674
DIAMONDS TWO DIAMONDS EIGHT,0.6354,0.0224,0.3422
DIAMONDS THREE DIAMONDS FOUR,0.5816,0.022,0.3964
SPADES FOUR CLUBS TWO,0.6524,0.0242,0.3234
DIAMONDS THREE DIAMONDS FIVE,0.5808,0.0234,0.3958
SPADES FIVE CLUBS TWO,0.6462,0.0238,0.33
CLUBS TWO SPADES TWO,0.4594,0.0512,0.4894
CLUBS TWO SPADES THREE,0.6476,0.0256,0.3268
DIAMONDS THREE DIAMONDS EIGHT,0.6362,0.0228,0.341
SPADES EIGHT CLUBS TWO,0.6866,0.0192,0.2942
DIAMONDS THREE DIAMONDS NINE,0.66,0.0734,0.2666
SPADES NINE CLUBS TWO,0.7094,0.0812,0.2094
DIAMONDS THREE DIAMONDS SIX,0.6162,0.022,0.3618
SPADES SIX CLUBS TWO,0.6616,0.0246,0.3138
DIAMONDS THREE DIAMONDS SEVEN,0.617,0.0218,0.3612
SPADES SEVEN CLUBS TWO,0.6778,0.0246,0.2976
CLUBS SIX CLUBS TWO,0.61,0.0198,0.3702
CLUBS SEVEN CLUBS TWO,0.6324,0.0226,0.345
CLUBS FOUR CLUBS TWO,0.6052,0.0248,0.37
CLUBS FIVE CLUBS TWO,0.6038,0.0224,0.3738
CLUBS TEN CLUBS JACK,0.2466,0.0452,0.7082
DIAMONDS FOUR DIAMONDS SIX,0.5972,0.0244,0.3784
CLUBS TEN CLUBS QUEEN,0.245,0.0398,0.7152
DIAMONDS FOUR DIAMONDS SEVEN,0.6036,0.024,0.3724
CLUBS TEN CLUBS KING,0.2526,0.0282,0.7192
CLUBS TEN CLUBS ACE,0.2506,0.021,0.7284
CLUBS EIGHT CLUBS TWO,0.6446,0.0184,0.337
DIAMONDS FIVE DIAMONDS FOUR,0.5978,0.0206,0.3816
CLUBS NINE CLUBS TWO,0.656,0.07,0.274
DIAMONDS NINE DIAMONDS FOUR,0.649,0.0732,0.2778
DIAMONDS EIGHT DIAMONDS FOUR,0.6258,0.0208,0.3534
CLUBS THREE CLUBS TWO,0.5962,0.0192,0.3846
DIAMONDS NINE DIAMONDS FIVE,0.6536,0.0676,0.2788
DIAMONDS TWO CLUBS JACK,0.438,0.0148,0.5472
DIAMONDS EIGHT DIAMONDS FIVE,0.6174,0.0218,0.3608
CLUBS TEN DIAMONDS TWO,0.5982,0.1738,0.228
DIAMONDS FIVE DIAMONDS SEVEN,0.6004,0.0246,0.375
DIAMONDS FIVE DIAMONDS SIX,0.5714,0.0204,0.4082
DIAMONDS TWO CLUBS ACE,0.4408,0.0032,0.556
DIAMONDS TWO CLUBS KING,0.4366,0.0068,0.5566
DIAMONDS TWO CLUBS QUEEN,0.4332,0.0122,0.5546
DIAMONDS EIGHT DIAMONDS SIX,0.607,0.0224,0.3706
DIAMONDS NINE DIAMONDS SIX,0.6472,0.071,0.2818
HEARTS ACE SPADES THREE,0.4394,0.0064,0.5542
SPADES THREE HEARTS KING,0.4478,0.0074,0.5448
DIAMONDS SEVEN DIAMONDS SIX,0.5914,0.0174,0.3912
SPADES THREE HEARTS QUEEN,0.443,0.011,0.546
SPADES THREE HEARTS JACK,0.4514,0.0182,0.5304
SPADES THREE HEARTS TEN,0.613,0.1708,0.2162
DIAMONDS EIGHT DIAMONDS SEVEN,0.5996,0.023,0.3774
DIAMONDS NINE DIAMONDS SEVEN,0.6408,0.0712,0.288
DIAMONDS NINE DIAMONDS EIGHT,0.6288,0.076,0.2952
DIAMONDS KING HEARTS TEN,0.2616,0.0298,0.7086
HEARTS THREE HEARTS TEN,0.575,0.1678,0.2572
SPADES JACK CLUBS SIX,0.4454,0.0166,0.538
DIAMONDS KING HEARTS JACK,0.3596,0.0062,0.6342
HEARTS THREE HEARTS JACK,0.4278,0.0146,0.5576
SPADES JACK SPADES FIVE,0.4026,0.0192,0.5782
DIAMONDS KING HEARTS ACE,0.3634,0.0042,0.6324
HEARTS THREE HEARTS ACE,0.4198,0.004,0.5762
SPADES ACE CLUBS SIX,0.4414,0.0038,0.5548
DIAMONDS KING HEARTS QUEEN,0.3608,0.0058,0.6334
HEARTS THREE HEARTS QUEEN,0.4204,0.0082,0.5714
SPADES KING CLUBS SIX,0.44,0.007,0.553
DIAMONDS KING HEARTS KING,0.1846,0.0096,0.8058
HEARTS THREE HEARTS KING,0.4386,0.0086,0.5528
SPADES QUEEN CLUBS SIX,0.437,0.0136,0.5494
SPADES NINE HEARTS TEN,0.0084,0.9846,0.007
SPADES NINE HEARTS JACK,0.2402,0.0536,0.7062
SPADES QUEEN SPADES FIVE,0.4224,0.012,0.5656
SPADES KING SPADES FIVE,0.4194,0.0084,0.5722
SPADES ACE SPADES FIVE,0.4286,0.0046,0.5668
SPADES NINE HEARTS QUEEN,0.272,0.0444,0.6836
SPADES NINE HEARTS KING,0.2738,0.0278,0.6984
SPADES NINE HEARTS ACE,0.2898,0.0224,0.6878
CLUBS TEN SPADES JACK,0.2406,0.0522,0.7072
SPADES ACE CLUBS TEN,0.2576,0.0194,0.723
SPADES KING CLUBS TEN,0.2664,0.0322,0.7014
CLUBS TEN SPADES QUEEN,0.2492,0.0436,0.7072
SPADES FIVE HEARTS QUEEN,0.4362,0.0112,0.5526
SPADES FIVE HEARTS KING,0.4432,0.0106,0.5462
SPADES FIVE HEARTS ACE,0.441,0.0046,0.5544
HEARTS THREE SPADES JACK,0.4502,0.0192,0.5306
SPADES JACK DIAMONDS KING,0.3472,0.0056,0.6472
SPADES JACK CLUBS EIGHT,0.4048,0.015,0.5802
CLUBS SIX HEARTS ACE,0.4366,0.003,0.5604
SPADES ACE CLUBS EIGHT,0.428,0.0028,0.5692
HEARTS FIVE CLUBS JACK,0.4588,0.011,0.5302
CLUBS TEN HEARTS FIVE,0.6066,0.1698,0.2236
CLUBS SIX HEARTS QUEEN,0.438,0.0108,0.5512
SPADES QUEEN CLUBS EIGHT,0.415,0.0094,0.5756
CLUBS TEN SPADES THREE,0.5962,0.1754,0.2284
CLUBS SIX HEARTS KING,0.443,0.0068,0.5502
SPADES KING CLUBS EIGHT,0.4334,0.0062,0.5604
SPADES THREE CLUBS JACK,0.4548,0.015,0.5302
DIAMONDS TWO HEARTS JACK,0.458,0.011,0.531
SPADES THREE CLUBS QUEEN,0.4576,0.011,0.5314
DIAMONDS TWO HEARTS TEN,0.6184,0.1648,0.2168
SPADES THREE CLUBS KING,0.4586,0.005,0.5364
HEARTS FIVE CLUBS ACE,0.4554,0.0062,0.5384
SPADES FIVE HEARTS TEN,0.6054,0.1714,0.2232
SPADES THREE CLUBS ACE,0.4368,0.0058,0.5574
HEARTS FIVE CLUBS KING,0.4522,0.006,0.5418
SPADES FIVE HEARTS JACK,0.4378,0.0172,0.545
HEARTS FIVE CLUBS QUEEN,0.463,0.012,0.525
HEARTS THREE CLUBS KING,0.4518,0.0064,0.5418
DIAMONDS KING CLUBS KING,0.1902,0.0096,0.8002
HEARTS THREE CLUBS QUEEN,0.4484,0.01,0.5416
DIAMONDS KING CLUBS QUEEN,0.363,0.0054,0.6316
HEARTS FIVE HEARTS JACK,0.4362,0.0172,0.5466
HEARTS FIVE HEARTS TEN,0.5736,0.1664,0.26
HEARTS THREE CLUBS ACE,0.4538,0.0038,0.5424
DIAMONDS KING CLUBS ACE,0.3744,0.003,0.6226
SPADES ACE CLUBS QUEEN,0.3662,0.0056,0.6282
SPADES KING CLUBS QUEEN,0.358,0.0062,0.6358
HEARTS THREE CLUBS JACK,0.445,0.0148,0.5402
DIAMONDS KING CLUBS JACK,0.3576,0.0062,0.6362
SPADES QUEEN CLUBS QUEEN,0.169,0.0174,0.8136
CLUBS TEN HEARTS THREE,0.6048,0.1744,0.2208
CLUBS TEN DIAMONDS KING,0.2666,0.0306,0.7028
SPADES JACK CLUBS QUEEN,0.325,0.01,0.665
CLUBS SIX CLUBS QUEEN,0.4128,0.0104,0.5768
CLUBS SIX CLUBS KING,0.4158,0.0066,0.5776
CLUBS SIX CLUBS ACE,0.4172,0.0032,0.5796
HEARTS FIVE HEARTS KING,0.4268,0.009,0.5642
HEARTS FIVE HEARTS QUEEN,0.4188,0.01,0.5712
CLUBS TEN CLUBS SIX,0.572,0.161,0.267
HEARTS FIVE HEARTS ACE,0.4124,0.005,0.5826
CLUBS SIX CLUBS JACK,0.4064,0.0158,0.5778
SPADES SEVEN HEARTS JACK,0.4182,0.0162,0.5656
SPADES SEVEN HEARTS TEN,0.5922,0.179,0.2288
DIAMONDS TWO CLUBS TWO,0.4744,0.0414,0.4842
DIAMONDS TWO CLUBS THREE,0.6406,0.021,0.3384
HEARTS SIX DIAMONDS TWO,0.6546,0.0274,0.318
DIAMONDS TWO HEARTS QUEEN,0.4442,0.0108,0.545
DIAMONDS TWO HEARTS SEVEN,0.6808,0.027,0.2922
DIAMONDS TWO HEARTS KING,0.4508,0.0078,0.5414
DIAMONDS TWO HEARTS EIGHT,0.6818,0.0252,0.293
DIAMONDS TWO HEARTS ACE,0.4328,0.0048,0.5624
DIAMONDS TWO DIAMONDS QUEEN,0.4264,0.0104,0.5632
DIAMONDS TWO HEARTS TWO,0.452,0.0446,0.5034
DIAMONDS TWO DIAMONDS KING,0.4168,0.0078,0.5754
HEARTS THREE DIAMONDS TWO,0.6444,0.0246,0.331
DIAMONDS TWO DIAMONDS ACE,0.4052,0.0036,0.5912
HEARTS FOUR DIAMONDS TWO,0.6474,0.0252,0.3274
DIAMONDS TWO HEARTS FIVE,0.6412,0.022,0.3368
SPADES SEVEN HEARTS ACE,0.4284,0.0056,0.566
DIAMONDS TWO DIAMONDS TEN,0.5788,0.1542,0.267
SPADES SEVEN HEARTS KING,0.4432,0.0074,0.5494
DIAMONDS TWO DIAMONDS JACK,0.4152,0.016,0.5688
SPADES SEVEN HEARTS QUEEN,0.4342,0.0126,0.5532
DIAMONDS TWO SPADES NINE,0.7126,0.0748,0.2126
DIAMONDS TWO SPADES EIGHT,0.6854,0.0208,0.2938
DIAMONDS TWO SPADES SEVEN,0.6786,0.0224,0.299
DIAMONDS TWO SPADES SIX,0.6506,0.0286,0.3208
DIAMONDS TWO SPADES FIVE,0.6414,0.027,0.3316
DIAMONDS TWO SPADES FOUR,0.643,0.0254,0.3316
DIAMONDS TWO SPADES THREE,0.6502,0.0232,0.3266
DIAMONDS TWO SPADES TWO,0.4642,0.044,0.4918
CLUBS NINE DIAMONDS TWO,0.6934,0.0788,0.2278
DIAMONDS TWO CLUBS EIGHT,0.67,0.0234,0.3066
CLUBS SEVEN DIAMONDS TWO,0.664,0.0246,0.3114
DIAMONDS TWO CLUBS SIX,0.653,0.0232,0.3238
DIAMONDS TWO CLUBS FIVE,0.6402,0.0238,0.336
DIAMONDS TWO CLUBS FOUR,0.6422,0.0228,0.335
CLUBS FOUR SPADES FIVE,0.6368,0.0246,0.3386
CLUBS FOUR SPADES FOUR,0.4782,0.04,0.4818
CLUBS FOUR SPADES THREE,0.6368,0.0236,0.3396
CLUBS FOUR SPADES TWO,0.6492,0.0214,0.3294
SPADES NINE CLUBS FOUR,0.7054,0.0776,0.217
SPADES EIGHT CLUBS FOUR,0.6744,0.0274,0.2982
SPADES SEVEN CLUBS FOUR,0.6558,0.0284,0.3158
SPADES SIX CLUBS FOUR,0.6386,0.0188,0.3426
SPADES ACE DIAMONDS SIX,0.4402,0.0038,0.556
SPADES QUEEN DIAMONDS SIX,0.4434,0.0086,0.548
SPADES KING DIAMONDS SIX,0.4286,0.0082,0.5632
SPADES JACK DIAMONDS SIX,0.4358,0.0134,0.5508
SPADES QUEEN SPADES TWO,0.4226,0.0106,0.5668
SPADES KING SPADES TWO,0.4258,0.0062,0.568
SPADES ACE SPADES TWO,0.4216,0.0054,0.573
DIAMONDS JACK CLUBS JACK,0.1678,0.025,0.8072
CLUBS TEN DIAMONDS JACK,0.2464,0.0518,0.7018
DIAMONDS JACK CLUBS KING,0.3468,0.0068,0.6464
DIAMONDS JACK CLUBS QUEEN,0.3536,0.0078,0.6386
DIAMONDS THREE DIAMONDS JACK,0.4296,0.017,0.5534
DIAMONDS THREE DIAMONDS TEN,0.5654,0.1712,0.2634
DIAMONDS JACK CLUBS ACE,0.36,0.0046,0.6354
DIAMONDS THREE DIAMONDS KING,0.4352,0.0068,0.558
HEARTS THREE DIAMONDS THREE,0.4556,0.0516,0.4928
DIAMONDS THREE DIAMONDS QUEEN,0.4226,0.0078,0.5696
DIAMONDS THREE HEARTS TWO,0.6468,0.0262,0.327
HEARTS FIVE DIAMONDS THREE,0.62,0.026,0.354
DIAMONDS THREE DIAMONDS ACE,0.4058,0.0042,0.59
HEARTS FOUR DIAMONDS THREE,0.6266,0.0242,0.3492
DIAMONDS THREE HEARTS SEVEN,0.6632,0.0216,0.3152
HEARTS SIX DIAMONDS THREE,0.65,0.0248,0.3252
SPADES JACK SPADES NINE,0.2514,0.055,0.6936
HEARTS JACK DIAMONDS FOUR,0.4472,0.0158,0.537
HEARTS ACE HEARTS KING,0.3488,0.0062,0.645
DIAMONDS THREE HEARTS EIGHT,0.6782,0.0232,0.2986
HEARTS TEN DIAMONDS FOUR,0.5976,0.1686,0.2338
SPADES JACK SPADES TWO,0.4448,0.0162,0.539
HEARTS QUEEN DIAMONDS FOUR,0.4564,0.0102,0.5334
HEARTS KING DIAMONDS FOUR,0.4358,0.009,0.5552
SPADES ACE SPADES NINE,0.2872,0.0192,0.6936
HEARTS ACE DIAMONDS FOUR,0.4178,0.0038,0.5784
SPADES KING SPADES NINE,0.2776,0.0276,0.6948
SPADES QUEEN SPADES NINE,0.2548,0.0382,0.707
DIAMONDS THREE SPADES NINE,0.7058,0.073,0.2212
DIAMONDS THREE SPADES EIGHT,0.6872,0.0222,0.2906
DIAMONDS THREE SPADES SEVEN,0.6662,0.022,0.3118
DIAMONDS THREE SPADES SIX,0.6456,0.0224,0.332
DIAMONDS THREE CLUBS SIX,0.6332,0.023,0.3438
CLUBS FIVE CLUBS SIX,0.5874,0.0182,0.3944
CLUBS ACE DIAMONDS FOUR,0.449,0.0036,0.5474
CLUBS SEVEN DIAMONDS THREE,0.6508,0.024,0.3252
CLUBS SEVEN CLUBS FIVE,0.581,0.0242,0.3948
DIAMONDS THREE CLUBS FOUR,0.6418,0.0214,0.3368
DIAMONDS FOUR CLUBS QUEEN,0.447,0.0106,0.5424
DIAMONDS THREE CLUBS FIVE,0.6186,0.0242,0.3572
CLUBS KING DIAMONDS FOUR,0.4546,0.0068,0.5386
DIAMONDS THREE CLUBS TWO,0.642,0.0256,0.3324
CLUBS TEN DIAMONDS FOUR,0.6122,0.1672,0.2206
DIAMONDS THREE CLUBS THREE,0.4558,0.041,0.5032
DIAMONDS FOUR CLUBS JACK,0.451,0.017,0.532
DIAMONDS THREE SPADES FOUR,0.637,0.0272,0.3358
DIAMONDS THREE SPADES FIVE,0.6486,0.023,0.3284
DIAMONDS THREE SPADES TWO,0.6624,0.0238,0.3138
DIAMONDS THREE SPADES THREE,0.4668,0.045,0.4882
CLUBS EIGHT DIAMONDS THREE,0.6832,0.0212,0.2956
CLUBS NINE DIAMONDS THREE,0.698,0.0706,0.2314
SPADES SEVEN CLUBS ACE,0.422,0.0044,0.5736
SPADES SEVEN CLUBS QUEEN,0.4334,0.0108,0.5558
SPADES SEVEN CLUBS KING,0.448,0.0066,0.5454
CLUBS FIVE SPADES SEVEN,0.6302,0.0226,0.3472
CLUBS TEN SPADES SEVEN,0.6032,0.1762,0.2206
CLUBS FIVE SPADES SIX,0.638,0.023,0.339
SPADES SEVEN CLUBS JACK,0.4276,0.0146,0.5578
SPADES NINE CLUBS FIVE,0.696,0.0788,0.2252
CLUBS FIVE SPADES EIGHT,0.6612,0.0228,0.316
CLUBS FIVE SPADES THREE,0.6444,0.0236,0.332
CLUBS FIVE SPADES TWO,0.6408,0.0282,0.331
CLUBS FIVE SPADES FIVE,0.4672,0.0378,0.495
CLUBS FIVE SPADES FOUR,0.6306,0.0216,0.3478
CLUBS NINE CLUBS FIVE,0.6556,0.0682,0.2762
CLUBS EIGHT CLUBS FIVE,0.6104,0.0234,0.3662
CLUBS ACE CLUBS QUEEN,0.3418,0.005,0.6532
CLUBS KING CLUBS QUEEN,0.3576,0.0064,0.636
DIAMONDS TEN DIAMONDS FOUR,0.5604,0.1672,0.2724
CLUBS TEN DIAMONDS NINE,0.0188,0.9598,0.0214
DIAMONDS JACK DIAMONDS FOUR,0.4304,0.0144,0.5552
DIAMONDS NINE CLUBS JACK,0.25,0.047,0.703
SPADES NINE CLUBS JACK,0.2504,0.0474,0.7022
CLUBS TEN SPADES NINE,0.0164,0.9722,0.0114
DIAMONDS ACE DIAMONDS FOUR,0.4212,0.0032,0.5756
HEARTS FOUR DIAMONDS FOUR,0.4644,0.045,0.4906
DIAMONDS JACK HEARTS TEN,0.2406,0.0504,0.709
SPADES NINE CLUBS KING,0.2808,0.0288,0.6904
DIAMONDS NINE CLUBS ACE,0.2908,0.0162,0.693
HEARTS FIVE DIAMONDS FOUR,0.6272,0.0246,0.3482
DIAMONDS JACK HEARTS JACK,0.1672,0.0228,0.81
SPADES NINE CLUBS QUEEN,0.2722,0.0404,0.6874
DIAMONDS TWO SPADES JACK,0.4552,0.016,0.5288
DIAMONDS QUEEN DIAMONDS FOUR,0.405,0.009,0.586
HEARTS TWO DIAMONDS FOUR,0.6416,0.0232,0.3352
DIAMONDS NINE CLUBS QUEEN,0.2744,0.0352,0.6904
DIAMONDS KING DIAMONDS FOUR,0.4166,0.0062,0.5772
HEARTS THREE DIAMONDS FOUR,0.6278,0.0194,0.3528
SPADES NINE CLUBS ACE,0.296,0.017,0.687
DIAMONDS NINE CLUBS KING,0.2974,0.0322,0.6704
HEARTS ACE DIAMONDS JACK,0.3572,0.0028,0.64
SPADES ACE DIAMONDS TWO,0.4482,0.0036,0.5482
HEARTS QUEEN DIAMONDS JACK,0.3428,0.011,0.6462
SPADES QUEEN DIAMONDS TWO,0.4438,0.012,0.5442
DIAMONDS JACK HEARTS KING,0.3538,0.009,0.6372
SPADES KING DIAMONDS TWO,0.4466,0.0092,0.5442
SPADES JACK SPADES SEVEN,0.4108,0.0148,0.5744
CLUBS SEVEN CLUBS THREE,0.6138,0.0226,0.3636
CLUBS SIX CLUBS THREE,0.616,0.0218,0.3622
CLUBS FIVE CLUBS THREE,0.5866,0.0244,0.389
CLUBS THREE CLUBS FOUR,0.5858,0.022,0.3922
CLUBS NINE CLUBS THREE,0.6402,0.0782,0.2816
CLUBS EIGHT CLUBS THREE,0.6354,0.0254,0.3392
CLUBS THREE SPADES FIVE,0.6368,0.0272,0.336
CLUBS THREE SPADES FOUR,0.6322,0.0248,0.343
CLUBS THREE SPADES THREE,0.4702,0.0486,0.4812
CLUBS THREE SPADES TWO,0.6548,0.027,0.3182
CLUBS THREE SPADES SIX,0.6474,0.0226,0.33
SPADES SEVEN CLUBS THREE,0.6668,0.0204,0.3128
SPADES EIGHT CLUBS THREE,0.674,0.0204,0.3056
SPADES NINE CLUBS THREE,0.7,0.079,0.221
SPADES TWO DIAMONDS FOUR,0.6458,0.0248,0.3294
SPADES THREE DIAMONDS FOUR,0.6416,0.0204,0.338
SPADES FOUR DIAMONDS FOUR,0.4632,0.0444,0.4924
SPADES FIVE DIAMONDS FOUR,0.6226,0.0248,0.3526
SPADES SIX DIAMONDS FOUR,0.6482,0.0248,0.327
SPADES SEVEN DIAMONDS FOUR,0.6548,0.0232,0.322
SPADES EIGHT DIAMONDS FOUR,0.6742,0.0244,0.3014
SPADES NINE DIAMONDS FOUR,0.702,0.0786,0.2194
CLUBS FIVE DIAMONDS FOUR,0.6304,0.0222,0.3474
CLUBS FOUR DIAMONDS FOUR,0.4674,0.0414,0.4912
CLUBS SEVEN DIAMONDS FOUR,0.654,0.024,0.322
CLUBS SIX DIAMONDS FOUR,0.6438,0.022,0.3342
CLUBS NINE DIAMONDS FOUR,0.6988,0.0762,0.225
CLUBS EIGHT DIAMONDS FOUR,0.668,0.0216,0.3104
DIAMONDS FOUR HEARTS SEVEN,0.6516,0.0266,0.3218
HEARTS SIX DIAMONDS FOUR,0.6344,0.0264,0.3392
DIAMONDS FOUR HEARTS EIGHT,0.67,0.0218,0.3082
CLUBS THREE DIAMONDS FOUR,0.629,0.0286,0.3424
CLUBS TWO DIAMONDS FOUR,0.6322,0.026,0.3418
DIAMONDS TEN DIAMONDS FIVE,0.569,0.1622,0.2688
DIAMONDS JACK DIAMONDS FIVE,0.4182,0.0164,0.5654
DIAMONDS NINE HEARTS QUEEN,0.2584,0.036,0.7056
DIAMONDS NINE HEARTS KING,0.2698,0.028,0.7022
HEARTS ACE DIAMONDS NINE,0.279,0.0168,0.7042
DIAMONDS NINE HEARTS TEN,0.0102,0.9678,0.022
DIAMONDS NINE HEARTS JACK,0.2346,0.0552,0.7102
CLUBS KING DIAMONDS SIX,0.433,0.007,0.56
CLUBS QUEEN DIAMONDS SIX,0.4402,0.0092,0.5506
CLUBS ACE DIAMONDS SIX,0.427,0.0026,0.5704
SPADES KING DIAMONDS FOUR,0.458,0.006,0.536
SPADES ACE SPADES SEVEN,0.4108,0.0046,0.5846
SPADES QUEEN DIAMONDS FOUR,0.4454,0.0086,0.546
SPADES QUEEN SPADES SEVEN,0.4234,0.0118,0.5648
CLUBS JACK DIAMONDS SIX,0.4426,0.0144,0.543
SPADES KING SPADES SEVEN,0.4232,0.0066,0.5702
SPADES ACE DIAMONDS FOUR,0.4368,0.0036,0.5596
CLUBS TEN DIAMONDS SIX,0.6066,0.1646,0.2288
CLUBS NINE CLUBS FOUR,0.6522,0.0684,0.2794
CLUBS EIGHT CLUBS FOUR,0.6144,0.0212,0.3644
SPADES JACK DIAMONDS FOUR,0.4522,0.0142,0.5336
CLUBS FIVE CLUBS FOUR,0.5838,0.0254,0.3908
CLUBS SEVEN CLUBS FOUR,0.6022,0.0226,0.3752
CLUBS SIX CLUBS FOUR,0.5936,0.0248,0.3816
CLUBS SEVEN SPADES EIGHT,0.6432,0.0226,0.3342
CLUBS SEVEN SPADES NINE,0.68,0.0792,0.2408
CLUBS SEVEN SPADES SIX,0.64,0.021,0.339
CLUBS SEVEN SPADES SEVEN,0.4286,0.0334,0.538
CLUBS SEVEN SPADES FIVE,0.632,0.025,0.343
CLUBS SEVEN SPADES FOUR,0.658,0.0258,0.3162
CLUBS SEVEN SPADES THREE,0.6652,0.0234,0.3114
CLUBS SEVEN SPADES TWO,0.6742,0.0268,0.299
CLUBS NINE CLUBS SEVEN,0.645,0.0656,0.2894
CLUBS SEVEN CLUBS EIGHT,0.5932,0.0234,0.3834
HEARTS SIX DIAMONDS FIVE,0.6244,0.021,0.3546
DIAMONDS FIVE HEARTS SEVEN,0.6412,0.022,0.3368
DIAMONDS FIVE HEARTS EIGHT,0.656,0.0232,0.3208
DIAMONDS QUEEN DIAMONDS FIVE,0.4226,0.0122,0.5652
HEARTS TWO DIAMONDS FIVE,0.6404,0.025,0.3346
HEARTS KING HEARTS EIGHT,0.4194,0.007,0.5736
DIAMONDS KING DIAMONDS FIVE,0.416,0.0078,0.5762
HEARTS THREE DIAMONDS FIVE,0.6276,0.0248,0.3476
HEARTS QUEEN HEARTS EIGHT,0.4012,0.0098,0.589
DIAMONDS ACE DIAMONDS FIVE,0.416,0.0046,0.5794
HEARTS FOUR DIAMONDS FIVE,0.6334,0.0246,0.342
HEARTS FIVE DIAMONDS FIVE,0.4522,0.0408,0.507
HEARTS ACE HEARTS EIGHT,0.4024,0.0022,0.5954
CLUBS FOUR DIAMONDS FIVE,0.6248,0.0244,0.3508
CLUBS FIVE DIAMONDS FIVE,0.4624,0.0398,0.4978
CLUBS SIX DIAMONDS FIVE,0.6158,0.0242,0.36
CLUBS SEVEN DIAMONDS FIVE,0.6304,0.0198,0.3498
CLUBS TWO DIAMONDS FIVE,0.6402,0.0208,0.339
CLUBS THREE DIAMONDS FIVE,0.6294,0.0218,0.3488
SPADES THREE DIAMONDS FIVE,0.6208,0.021,0.3582
SPADES TWO DIAMONDS FIVE,0.6444,0.026,0.3296
SPADES JACK DIAMONDS EIGHT,0.413,0.016,0.571
SPADES FIVE DIAMONDS FIVE,0.4628,0.0442,0.493
CLUBS TEN HEARTS JACK,0.2314,0.0524,0.7162
SPADES FOUR DIAMONDS FIVE,0.6258,0.0246,0.3496
HEARTS JACK CLUBS JACK,0.1606,0.021,0.8184
HEARTS JACK CLUBS QUEEN,0.3372,0.0086,0.6542
CLUBS NINE DIAMONDS FIVE,0.6946,0.076,0.2294
CLUBS KING HEARTS JACK,0.3472,0.0076,0.6452
CLUBS EIGHT DIAMONDS FIVE,0.6458,0.0242,0.33
CLUBS ACE HEARTS JACK,0.3484,0.004,0.6476
SPADES SEVEN DIAMONDS FIVE,0.6446,0.0236,0.3318
SPADES KING DIAMONDS EIGHT,0.4234,0.0078,0.5688
SPADES SIX DIAMONDS FIVE,0.6284,0.0268,0.3448
SPADES QUEEN DIAMONDS EIGHT,0.4218,0.0074,0.5708
SPADES NINE DIAMONDS FIVE,0.7126,0.074,0.2134
SPADES EIGHT DIAMONDS FIVE,0.6458,0.0236,0.3306
SPADES ACE DIAMONDS EIGHT,0.4156,0.0046,0.5798
DIAMONDS TEN DIAMONDS SIX,0.5774,0.1566,0.266
HEARTS ACE DIAMONDS SEVEN,0.433,0.0034,0.5636
DIAMONDS JACK DIAMONDS SIX,0.4346,0.0158,0.5496
HEARTS QUEEN DIAMONDS SEVEN,0.4254,0.0102,0.5644
HEARTS KING DIAMONDS SEVEN,0.434,0.0066,0.5594
DIAMONDS ACE DIAMONDS SIX,0.426,0.0036,0.5704
HEARTS FOUR DIAMONDS SIX,0.6418,0.024,0.3342
SPADES TWO HEARTS JACK,0.453,0.0164,0.5306
HEARTS FIVE DIAMONDS SIX,0.6274,0.026,0.3466
SPADES TWO HEARTS TEN,0.6074,0.1756,0.217
DIAMONDS QUEEN DIAMONDS SIX,0.4068,0.0126,0.5806
HEARTS TWO DIAMONDS SIX,0.668,0.0242,0.3078
DIAMONDS KING DIAMONDS SIX,0.4044,0.0076,0.588
HEARTS THREE DIAMONDS SIX,0.651,0.019,0.33
HEARTS EIGHT DIAMONDS SIX,0.6374,0.0256,0.337
HEARTS SIX DIAMONDS SIX,0.4576,0.046,0.4964
HEARTS SEVEN DIAMONDS SIX,0.6452,0.0244,0.3304
HEARTS TEN DIAMONDS SEVEN,0.6078,0.17,0.2222
CLUBS TWO DIAMONDS SIX,0.6558,0.0228,0.3214
HEARTS JACK DIAMONDS SEVEN,0.4222,0.0152,0.5626
CLUBS THREE DIAMONDS SIX,0.64,0.0196,0.3404
CLUBS SEVEN DIAMONDS SIX,0.6306,0.0226,0.3468
DIAMONDS EIGHT CLUBS JACK,0.402,0.0134,0.5846
CLUBS SIX DIAMONDS SIX,0.4448,0.039,0.5162
CLUBS TEN DIAMONDS EIGHT,0.6054,0.1746,0.22
CLUBS FIVE DIAMONDS SIX,0.6278,0.0224,0.3498
CLUBS FOUR DIAMONDS SIX,0.6366,0.0246,0.3388
HEARTS ACE HEARTS JACK,0.3504,0.0054,0.6442
DIAMONDS EIGHT CLUBS ACE,0.4296,0.0036,0.5668
HEARTS QUEEN HEARTS JACK,0.3346,0.0082,0.6572
DIAMONDS EIGHT CLUBS KING,0.432,0.0062,0.5618
CLUBS NINE DIAMONDS SIX,0.6916,0.0662,0.2422
HEARTS KING HEARTS JACK,0.3358,0.006,0.6582
DIAMONDS EIGHT CLUBS QUEEN,0.4286,0.0064,0.565
CLUBS EIGHT DIAMONDS SIX,0.649,0.0224,0.3286
SPADES FIVE DIAMONDS SIX,0.6182,0.0248,0.357
HEARTS ACE SPADES TWO,0.4444,0.0048,0.5508
SPADES JACK HEARTS KING,0.3486,0.0092,0.6422
SPADES FOUR DIAMONDS SIX,0.6218,0.025,0.3532
SPADES THREE DIAMONDS SIX,0.652,0.0232,0.3248
HEARTS QUEEN SPADES TWO,0.4438,0.0126,0.5436
SPADES ACE SPADES KING,0.3482,0.0044,0.6474
SPADES TWO HEARTS KING,0.4548,0.007,0.5382
SPADES TWO DIAMONDS SIX,0.6422,0.0262,0.3316
HEARTS TEN HEARTS EIGHT,0.569,0.164,0.267
SPADES NINE DIAMONDS SIX,0.6944,0.076,0.2296
HEARTS JACK HEARTS EIGHT,0.3998,0.0142,0.586
SPADES EIGHT DIAMONDS SIX,0.6436,0.0232,0.3332
SPADES SEVEN DIAMONDS SIX,0.6354,0.0234,0.3412
SPADES SIX DIAMONDS SIX,0.4488,0.0406,0.5106
SPADES KING HEARTS KING,0.172,0.0102,0.8178
SPADES QUEEN HEARTS KING,0.3544,0.0058,0.6398
CLUBS ACE CLUBS KING,0.3458,0.004,0.6502
SPADES ACE HEARTS KING,0.3586,0.0046,0.6368
SPADES ACE HEARTS JACK,0.3656,0.0032,0.6312
SPADES QUEEN HEARTS JACK,0.351,0.0106,0.6384
SPADES KING HEARTS JACK,0.3354,0.008,0.6566
SPADES JACK DIAMONDS TEN,0.2338,0.0534,0.7128
SPADES ACE DIAMONDS TEN,0.2518,0.0268,0.7214
SPADES JACK HEARTS JACK,0.161,0.0218,0.8172
SPADES QUEEN DIAMONDS TEN,0.2532,0.0394,0.7074
SPADES KING DIAMONDS TEN,0.2584,0.0356,0.706
SPADES NINE DIAMONDS SEVEN,0.695,0.0654,0.2396
SPADES EIGHT DIAMONDS SEVEN,0.6456,0.0242,0.3302
SPADES SEVEN DIAMONDS SEVEN,0.4472,0.0398,0.513
SPADES SIX DIAMONDS SEVEN,0.6248,0.0222,0.353
DIAMONDS KING DIAMONDS SEVEN,0.409,0.0066,0.5844
HEARTS THREE DIAMONDS SEVEN,0.66,0.0208,0.3192
HEARTS KING DIAMONDS FIVE,0.4382,0.0064,0.5554
DIAMONDS QUEEN DIAMONDS SEVEN,0.4048,0.007,0.5882
HEARTS TWO DIAMONDS SEVEN,0.6728,0.0226,0.3046
HEARTS QUEEN DIAMONDS FIVE,0.4454,0.0102,0.5444
HEARTS FIVE DIAMONDS SEVEN,0.6398,0.022,0.3382
DIAMONDS ACE DIAMONDS SEVEN,0.3966,0.0034,0.6
HEARTS FOUR DIAMONDS SEVEN,0.646,0.0254,0.3286
HEARTS ACE DIAMONDS FIVE,0.4368,0.0038,0.5594
HEARTS SEVEN DIAMONDS SEVEN,0.4386,0.0438,0.5176
HEARTS SIX DIAMONDS SEVEN,0.6282,0.0248,0.347
DIAMONDS SEVEN HEARTS EIGHT,0.6306,0.0236,0.3458
DIAMONDS JACK DIAMONDS SEVEN,0.3954,0.0134,0.5912
DIAMONDS FIVE HEARTS JACK,0.4458,0.0182,0.536
DIAMONDS TEN DIAMONDS SEVEN,0.5654,0.1616,0.273
HEARTS TEN DIAMONDS FIVE,0.6064,0.1688,0.2248
SPADES KING CLUBS TWO,0.4452,0.0062,0.5486
HEARTS KING CLUBS KING,0.1824,0.0096,0.808
CLUBS EIGHT DIAMONDS SEVEN,0.6434,0.022,0.3346
SPADES QUEEN CLUBS TWO,0.4302,0.0156,0.5542
HEARTS KING CLUBS QUEEN,0.3564,0.0078,0.6358
CLUBS NINE DIAMONDS SEVEN,0.6738,0.0702,0.256
SPADES TWO CLUBS JACK,0.4596,0.0152,0.5252
SPADES ACE CLUBS TWO,0.4366,0.0052,0.5582
CLUBS TEN SPADES TWO,0.6232,0.1668,0.21
HEARTS KING CLUBS ACE,0.359,0.004,0.637
CLUBS SEVEN CLUBS SIX,0.5776,0.0194,0.403
SPADES TWO CLUBS KING,0.4552,0.0084,0.5364
SPADES TWO DIAMONDS SEVEN,0.6804,0.0198,0.2998
CLUBS EIGHT CLUBS SIX,0.612,0.02,0.368
SPADES THREE DIAMONDS SEVEN,0.669,0.0228,0.3082
SPADES TWO CLUBS QUEEN,0.4532,0.0092,0.5376
CLUBS NINE CLUBS SIX,0.6536,0.0662,0.2802
SPADES FOUR DIAMONDS SEVEN,0.6468,0.026,0.3272
HEARTS KING CLUBS JACK,0.3458,0.0064,0.6478
SPADES FIVE DIAMONDS SEVEN,0.6378,0.0298,0.3324
SPADES TWO CLUBS ACE,0.4554,0.0038,0.5408
CLUBS TEN HEARTS KING,0.2598,0.0318,0.7084
CLUBS SIX SPADES TWO,0.6672,0.0242,0.3086
CLUBS SIX SPADES THREE,0.6594,0.0218,0.3188
CLUBS TWO DIAMONDS SEVEN,0.6762,0.022,0.3018
CLUBS SIX SPADES FOUR,0.6466,0.0268,0.3266
CLUBS THREE DIAMONDS SEVEN,0.6586,0.0212,0.3202
CLUBS SIX SPADES FIVE,0.6252,0.0226,0.3522
CLUBS FOUR DIAMONDS SEVEN,0.6512,0.0208,0.328
CLUBS SIX SPADES SIX,0.4548,0.0412,0.504
CLUBS FIVE DIAMONDS SEVEN,0.6392,0.0236,0.3372
CLUBS SIX SPADES SEVEN,0.6388,0.0234,0.3378
CLUBS SIX DIAMONDS SEVEN,0.6276,0.0252,0.3472
SPADES EIGHT CLUBS SIX,0.6456,0.0206,0.3338
SPADES JACK CLUBS TWO,0.4382,0.0178,0.544
CLUBS SEVEN DIAMONDS SEVEN,0.44,0.0406,0.5194
SPADES NINE CLUBS SIX,0.6938,0.073,0.2332
CLUBS TWO CLUBS QUEEN,0.419,0.0094,0.5716
CLUBS TWO CLUBS KING,0.422,0.008,0.57
CLUBS THREE DIAMONDS EIGHT,0.6872,0.0188,0.294
CLUBS TWO CLUBS ACE,0.4118,0.0032,0.585
CLUBS TWO DIAMONDS EIGHT,0.6718,0.0262,0.302
DIAMONDS EIGHT HEARTS SEVEN,0.6382,0.0234,0.3384
HEARTS SIX DIAMONDS EIGHT,0.6516,0.0232,0.3252
CLUBS TEN CLUBS TWO,0.5708,0.1608,0.2684
DIAMONDS EIGHT HEARTS EIGHT,0.4186,0.04,0.5414
CLUBS TWO CLUBS JACK,0.4276,0.0142,0.5582
CLUBS NINE DIAMONDS EIGHT,0.6854,0.0746,0.24
CLUBS EIGHT DIAMONDS EIGHT,0.4334,0.0378,0.5288
CLUBS FIVE DIAMONDS EIGHT,0.6548,0.0234,0.3218
SPADES ACE SPADES THREE,0.4212,0.0064,0.5724
CLUBS FOUR DIAMONDS EIGHT,0.6566,0.0282,0.3152
CLUBS SEVEN DIAMONDS EIGHT,0.6294,0.0252,0.3454
SPADES QUEEN SPADES THREE,0.414,0.0136,0.5724
CLUBS SIX DIAMONDS EIGHT,0.6382,0.0204,0.3414
SPADES KING SPADES THREE,0.4274,0.0084,0.5642
DIAMONDS QUEEN DIAMONDS EIGHT,0.3916,0.0118,0.5966
HEARTS TWO DIAMONDS EIGHT,0.6778,0.0244,0.2978
DIAMONDS KING DIAMONDS EIGHT,0.3962,0.0072,0.5966
HEARTS THREE DIAMONDS EIGHT,0.6838,0.0266,0.2896
DIAMONDS ACE DIAMONDS EIGHT,0.403,0.004,0.593
HEARTS FOUR DIAMONDS EIGHT,0.6674,0.0232,0.3094
HEARTS FIVE DIAMONDS EIGHT,0.6576,0.0282,0.3142
DIAMONDS EIGHT DIAMONDS TEN,0.5712,0.1618,0.267
DIAMONDS EIGHT DIAMONDS JACK,0.4066,0.0156,0.5778
SPADES JACK SPADES THREE,0.4378,0.0138,0.5484
CLUBS FOUR HEARTS ACE,0.4342,0.0064,0.5594
CLUBS FOUR HEARTS QUEEN,0.441,0.0098,0.5492
CLUBS FOUR HEARTS KING,0.4358,0.0078,0.5564
CLUBS SIX HEARTS TEN,0.603,0.1734,0.2236
CLUBS SIX HEARTS JACK,0.4398,0.0176,0.5426
SPADES FOUR DIAMONDS EIGHT,0.6778,0.0242,0.298
SPADES FIVE DIAMONDS EIGHT,0.6552,0.0228,0.322
DIAMONDS EIGHT SPADES TWO,0.679,0.0216,0.2994
DIAMONDS EIGHT SPADES THREE,0.6844,0.0256,0.29
CLUBS FOUR HEARTS JACK,0.4508,0.0162,0.533
SPADES EIGHT DIAMONDS EIGHT,0.4164,0.0408,0.5428
SPADES JACK HEARTS EIGHT,0.4156,0.0186,0.5658
CLUBS FOUR HEARTS TEN,0.6056,0.1644,0.23
SPADES NINE DIAMONDS EIGHT,0.6804,0.0746,0.245
SPADES JACK HEARTS TWO,0.45,0.0154,0.5346
SPADES JACK DIAMONDS QUEEN,0.3374,0.0086,0.654
SPADES SIX DIAMONDS EIGHT,0.6438,0.0222,0.334
SPADES SEVEN DIAMONDS EIGHT,0.6298,0.0268,0.3434
SPADES ACE HEARTS TWO,0.4324,0.0042,0.5634
SPADES ACE DIAMONDS QUEEN,0.3628,0.0046,0.6326
SPADES ACE HEARTS EIGHT,0.4308,0.0046,0.5646
SPADES KING HEARTS EIGHT,0.438,0.0064,0.5556
SPADES QUEEN HEARTS TWO,0.438,0.0102,0.5518
SPADES QUEEN DIAMONDS QUEEN,0.1618,0.0146,0.8236
SPADES KING DIAMONDS QUEEN,0.3442,0.0056,0.6502
SPADES KING HEARTS TWO,0.4506,0.0086,0.5408
SPADES QUEEN HEARTS EIGHT,0.4202,0.01,0.5698
CLUBS TWO HEARTS TEN,0.6064,0.173,0.2206
CLUBS TWO HEARTS JACK,0.4504,0.0142,0.5354
SPADES SEVEN DIAMONDS NINE,0.6816,0.0778,0.2406
SPADES SIX DIAMONDS NINE,0.6894,0.0736,0.237
SPADES NINE DIAMONDS NINE,0.3364,0.0424,0.6212
SPADES EIGHT DIAMONDS NINE,0.6826,0.07,0.2474
DIAMONDS NINE SPADES THREE,0.704,0.0712,0.2248
SPADES JACK CLUBS KING,0.3564,0.0058,0.6378
DIAMONDS NINE SPADES TWO,0.7114,0.073,0.2156
SPADES FIVE DIAMONDS NINE,0.6964,0.0792,0.2244
DIAMONDS NINE SPADES FOUR,0.7098,0.073,0.2172
CLUBS NINE DIAMONDS NINE,0.3258,0.0414,0.6328
CLUBS EIGHT DIAMONDS NINE,0.6786,0.0728,0.2486
CLUBS SIX DIAMONDS NINE,0.682,0.0718,0.2462
SPADES JACK CLUBS FOUR,0.445,0.0154,0.5396
CLUBS SEVEN DIAMONDS NINE,0.6744,0.0798,0.2458
CLUBS FOUR DIAMONDS NINE,0.6968,0.0746,0.2286
CLUBS FIVE DIAMONDS NINE,0.6966,0.0748,0.2286
DIAMONDS NINE CLUBS TWO,0.6912,0.0834,0.2254
CLUBS THREE DIAMONDS NINE,0.7058,0.0722,0.222
DIAMONDS NINE HEARTS EIGHT,0.6788,0.077,0.2442
HEARTS SIX DIAMONDS NINE,0.6936,0.0738,0.2326
DIAMONDS NINE HEARTS SEVEN,0.6808,0.0688,0.2504
CLUBS NINE CLUBS EIGHT,0.647,0.0764,0.2766
DIAMONDS ACE DIAMONDS NINE,0.2784,0.0138,0.7078
HEARTS FOUR DIAMONDS NINE,0.6984,0.0776,0.224
HEARTS FIVE DIAMONDS NINE,0.7086,0.0778,0.2136
HEARTS ACE CLUBS TWO,0.4432,0.0042,0.5526
SPADES ACE CLUBS FOUR,0.4312,0.0046,0.5642
DIAMONDS QUEEN DIAMONDS NINE,0.247,0.0396,0.7134
HEARTS TWO DIAMONDS NINE,0.6998,0.0824,0.2178
CLUBS TWO HEARTS KING,0.445,0.009,0.546
SPADES KING CLUBS FOUR,0.4514,0.007,0.5416
DIAMONDS KING DIAMONDS NINE,0.2648,0.0268,0.7084
HEARTS THREE DIAMONDS NINE,0.7062,0.077,0.2168
CLUBS TWO HEARTS QUEEN,0.4468,0.0132,0.54
SPADES QUEEN CLUBS FOUR,0.4448,0.0108,0.5444
DIAMONDS NINE DIAMONDS JACK,0.2404,0.0466,0.713
CLUBS EIGHT SPADES NINE,0.6822,0.0724,0.2454
DIAMONDS NINE DIAMONDS TEN,0.0222,0.9046,0.0732
CLUBS EIGHT SPADES EIGHT,0.4342,0.0442,0.5216
CLUBS EIGHT SPADES SEVEN,0.645,0.027,0.328
CLUBS EIGHT SPADES SIX,0.6506,0.0248,0.3246
CLUBS EIGHT SPADES FIVE,0.6544,0.0224,0.3232
CLUBS EIGHT SPADES FOUR,0.6652,0.022,0.3128
CLUBS EIGHT SPADES THREE,0.6716,0.0234,0.305
CLUBS EIGHT SPADES TWO,0.6898,0.0248,0.2854
HEARTS SIX DIAMONDS TEN,0.6088,0.1676,0.2236
DIAMONDS TEN HEARTS SEVEN,0.6132,0.1708,0.216
DIAMONDS TEN HEARTS EIGHT,0.5992,0.172,0.2288
CLUBS FOUR CLUBS JACK,0.421,0.0168,0.5622
CLUBS TEN CLUBS FOUR,0.562,0.1604,0.2776
CLUBS FOUR CLUBS KING,0.4224,0.0062,0.5714
CLUBS FOUR CLUBS QUEEN,0.4172,0.0122,0.5706
CLUBS TWO DIAMONDS TEN,0.6076,0.1618,0.2306
CLUBS THREE DIAMONDS TEN,0.6088,0.1682,0.223
CLUBS FOUR CLUBS ACE,0.408,0.0046,0.5874
DIAMONDS JACK DIAMONDS TEN,0.2406,0.0484,0.711
DIAMONDS QUEEN DIAMONDS TEN,0.2394,0.041,0.7196
HEARTS TWO DIAMONDS TEN,0.6238,0.1684,0.2078
DIAMONDS KING DIAMONDS TEN,0.2578,0.0312,0.711
HEARTS THREE DIAMONDS TEN,0.6106,0.163,0.2264
DIAMONDS ACE DIAMONDS TEN,0.241,0.0218,0.7372
HEARTS FOUR DIAMONDS TEN,0.6084,0.1784,0.2132
CLUBS EIGHT HEARTS JACK,0.395,0.0172,0.5878
HEARTS FIVE DIAMONDS TEN,0.6022,0.1794,0.2184
CLUBS EIGHT HEARTS TEN,0.5988,0.1774,0.2238
CLUBS EIGHT HEARTS QUEEN,0.4246,0.0122,0.5632
CLUBS EIGHT HEARTS KING,0.432,0.0076,0.5604
CLUBS EIGHT HEARTS ACE,0.4172,0.0038,0.579
CLUBS NINE SPADES THREE,0.7144,0.0686,0.217
CLUBS NINE SPADES TWO,0.702,0.0808,0.2172
CLUBS NINE SPADES FIVE,0.7062,0.0708,0.223
CLUBS NINE SPADES FOUR,0.708,0.077,0.215
CLUBS NINE SPADES SEVEN,0.6952,0.0698,0.235
CLUBS NINE SPADES SIX,0.6942,0.073,0.2328
CLUBS NINE SPADES NINE,0.3528,0.0362,0.611
CLUBS TEN HEARTS EIGHT,0.604,0.1778,0.2182
CLUBS NINE SPADES EIGHT,0.6814,0.0742,0.2444
CLUBS JACK HEARTS EIGHT,0.4234,0.0134,0.5632
CLUBS QUEEN HEARTS EIGHT,0.4166,0.0084,0.575
CLUBS KING HEARTS EIGHT,0.437,0.0048,0.5582
CLUBS ACE HEARTS EIGHT,0.4352,0.0034,0.5614
SPADES KING CLUBS KING,0.1758,0.0104,0.8138
SPADES QUEEN CLUBS KING,0.3624,0.0054,0.6322
SPADES ACE CLUBS KING,0.3468,0.004,0.6492
DIAMONDS ACE HEARTS TEN,0.2688,0.0232,0.708
HEARTS FOUR HEARTS TEN,0.5772,0.1576,0.2652
DIAMONDS ACE HEARTS JACK,0.3694,0.0042,0.6264
HEARTS FOUR HEARTS JACK,0.4392,0.017,0.5438
SPADES KING CLUBS FIVE,0.4396,0.0066,0.5538
SPADES QUEEN CLUBS FIVE,0.4436,0.0114,0.545
SPADES ACE CLUBS FIVE,0.43,0.0054,0.5646
DIAMONDS JACK HEARTS SEVEN,0.4332,0.0142,0.5526
HEARTS SIX DIAMONDS JACK,0.4418,0.0168,0.5414
DIAMONDS JACK HEARTS EIGHT,0.414,0.0132,0.5728
DIAMONDS KING DIAMONDS JACK,0.334,0.0074,0.6586
HEARTS THREE DIAMONDS JACK,0.4478,0.017,0.5352
SPADES ACE SPADES SIX,0.4224,0.0052,0.5724
HEARTS ACE SPADES FOUR,0.4356,0.0032,0.5612
DIAMONDS QUEEN DIAMONDS JACK,0.316,0.0064,0.6776
HEARTS TWO DIAMONDS JACK,0.4564,0.0192,0.5244
HEARTS FIVE DIAMONDS JACK,0.453,0.0164,0.5306
SPADES QUEEN SPADES SIX,0.4292,0.0118,0.559
SPADES FOUR HEARTS QUEEN,0.4474,0.0078,0.5448
DIAMONDS ACE DIAMONDS JACK,0.3512,0.003,0.6458
HEARTS FOUR DIAMONDS JACK,0.4592,0.0154,0.5254
SPADES KING SPADES SIX,0.4182,0.0066,0.5752
SPADES FOUR HEARTS KING,0.4332,0.0068,0.56
SPADES JACK SPADES SIX,0.4084,0.0152,0.5764
SPADES FOUR DIAMONDS JACK,0.4408,0.0164,0.5428
SPADES FIVE DIAMONDS JACK,0.4456,0.0162,0.5382
DIAMONDS JACK SPADES TWO,0.458,0.0178,0.5242
SPADES THREE DIAMONDS JACK,0.4398,0.0186,0.5416
SPADES ACE DIAMONDS THREE,0.4258,0.0034,0.5708
SPADES QUEEN DIAMONDS THREE,0.4372,0.0118,0.551
CLUBS EIGHT DIAMONDS JACK,0.4234,0.015,0.5616
SPADES KING DIAMONDS THREE,0.4542,0.0086,0.5372
CLUBS NINE DIAMONDS JACK,0.2576,0.0534,0.689
CLUBS SIX DIAMONDS JACK,0.4366,0.0128,0.5506
CLUBS SEVEN DIAMONDS JACK,0.4242,0.0134,0.5624
CLUBS FOUR DIAMONDS JACK,0.4434,0.0148,0.5418
CLUBS FIVE DIAMONDS JACK,0.4618,0.0184,0.5198
CLUBS TWO DIAMONDS JACK,0.4552,0.016,0.5288
CLUBS THREE DIAMONDS JACK,0.4578,0.0178,0.5244
HEARTS SIX SPADES JACK,0.45,0.016,0.534
SPADES JACK CLUBS FIVE,0.4474,0.014,0.5386
SPADES JACK DIAMONDS THREE,0.4328,0.0166,0.5506
CLUBS SEVEN CLUBS ACE,0.3908,0.006,0.6032
CLUBS SEVEN CLUBS QUEEN,0.412,0.0096,0.5784
CLUBS SEVEN CLUBS KING,0.4074,0.0068,0.5858
SPADES NINE DIAMONDS JACK,0.2418,0.051,0.7072
CLUBS TEN CLUBS SEVEN,0.559,0.1604,0.2806
DIAMONDS ACE HEARTS ACE,0.1946,0.004,0.8014
HEARTS FOUR HEARTS ACE,0.4176,0.0066,0.5758
SPADES EIGHT DIAMONDS JACK,0.4158,0.0156,0.5686
SPADES ACE HEARTS SIX,0.4374,0.0052,0.5574
CLUBS SEVEN CLUBS JACK,0.4116,0.0128,0.5756
DIAMONDS ACE HEARTS KING,0.3706,0.0042,0.6252
HEARTS FOUR HEARTS KING,0.443,0.0082,0.5488
SPADES SEVEN DIAMONDS JACK,0.4216,0.0174,0.561
SPADES KING HEARTS SIX,0.4346,0.0058,0.5596
DIAMONDS ACE HEARTS QUEEN,0.353,0.0026,0.6444
HEARTS FOUR HEARTS QUEEN,0.4302,0.011,0.5588
SPADES SIX DIAMONDS JACK,0.4434,0.0162,0.5404
SPADES QUEEN HEARTS SIX,0.4358,0.0114,0.5528
SPADES TWO DIAMONDS TEN,0.6054,0.1766,0.218
SPADES THREE DIAMONDS TEN,0.606,0.1684,0.2256
SPADES FOUR DIAMONDS TEN,0.606,0.173,0.221
SPADES FIVE DIAMONDS TEN,0.6042,0.1716,0.2242
SPADES SIX DIAMONDS TEN,0.6218,0.1654,0.2128
SPADES SEVEN DIAMONDS TEN,0.6194,0.164,0.2166
SPADES EIGHT DIAMONDS TEN,0.5982,0.1706,0.2312
SPADES NINE DIAMONDS TEN,0.016,0.9718,0.0122
CLUBS FOUR DIAMONDS TEN,0.6004,0.17,0.2296
CLUBS FIVE DIAMONDS TEN,0.6058,0.1664,0.2278
CLUBS SIX DIAMONDS TEN,0.6018,0.1688,0.2294
CLUBS SEVEN DIAMONDS TEN,0.6006,0.169,0.2304
CLUBS EIGHT DIAMONDS TEN,0.5944,0.1684,0.2372
CLUBS NINE DIAMONDS TEN,0.02,0.9572,0.0228
DIAMONDS THREE CLUBS JACK,0.4462,0.0172,0.5366
CLUBS TEN DIAMONDS THREE,0.6008,0.17,0.2292
DIAMONDS THREE CLUBS KING,0.4544,0.0066,0.539
DIAMONDS THREE CLUBS QUEEN,0.4458,0.0088,0.5454
DIAMONDS THREE CLUBS ACE,0.4478,0.0026,0.5496
SPADES FOUR HEARTS JACK,0.4554,0.017,0.5276
SPADES FOUR HEARTS TEN,0.6126,0.172,0.2154
SPADES FIVE SPADES TWO,0.619,0.0224,0.3586
SPADES FOUR SPADES TWO,0.6142,0.0254,0.3604
SPADES THREE SPADES TWO,0.614,0.023,0.363
SPADES NINE SPADES TWO,0.6786,0.0802,0.2412
SPADES EIGHT SPADES TWO,0.652,0.0272,0.3208
SPADES SEVEN SPADES TWO,0.6426,0.0262,0.3312
SPADES SIX SPADES TWO,0.6332,0.026,0.3408
DIAMONDS QUEEN CLUBS THREE,0.4638,0.01,0.5262
CLUBS THREE HEARTS TWO,0.6498,0.023,0.3272
DIAMONDS QUEEN CLUBS TWO,0.4368,0.0112,0.552
HEARTS TWO CLUBS TWO,0.4762,0.0448,0.479
DIAMONDS QUEEN HEARTS SEVEN,0.441,0.0104,0.5486
HEARTS TWO HEARTS SEVEN,0.6502,0.0234,0.3264
HEARTS SIX DIAMONDS QUEEN,0.442,0.0086,0.5494
HEARTS SIX HEARTS TWO,0.6292,0.0254,0.3454
DIAMONDS QUEEN HEARTS EIGHT,0.4258,0.0132,0.561
HEARTS TWO HEARTS EIGHT,0.6518,0.0262,0.322
CLUBS NINE HEARTS TWO,0.701,0.0714,0.2276
CLUBS NINE DIAMONDS QUEEN,0.2714,0.0434,0.6852
CLUBS EIGHT HEARTS TWO,0.6724,0.0226,0.305
CLUBS EIGHT DIAMONDS QUEEN,0.422,0.0076,0.5704
CLUBS FIVE DIAMONDS QUEEN,0.4572,0.0074,0.5354
CLUBS FIVE HEARTS TWO,0.6414,0.0226,0.336
SPADES EIGHT HEARTS ACE,0.4148,0.0042,0.581
DIAMONDS QUEEN CLUBS FOUR,0.4576,0.0102,0.5322
HEARTS TWO CLUBS FOUR,0.6336,0.0258,0.3406
CLUBS SEVEN DIAMONDS QUEEN,0.4394,0.0108,0.5498
CLUBS SEVEN HEARTS TWO,0.6806,0.0222,0.2972
SPADES EIGHT HEARTS QUEEN,0.4226,0.0118,0.5656
CLUBS SIX DIAMONDS QUEEN,0.4402,0.0098,0.55
CLUBS SIX HEARTS TWO,0.6584,0.0266,0.315
SPADES EIGHT HEARTS KING,0.4346,0.009,0.5564
DIAMONDS QUEEN SPADES SIX,0.4482,0.012,0.5398
HEARTS TWO SPADES SIX,0.6608,0.0226,0.3166
HEARTS FOUR CLUBS QUEEN,0.4498,0.0114,0.5388
DIAMONDS ACE CLUBS QUEEN,0.362,0.0022,0.6358
DIAMONDS QUEEN SPADES SEVEN,0.4362,0.0106,0.5532
SPADES SEVEN HEARTS TWO,0.6742,0.0244,0.3014
HEARTS FOUR CLUBS KING,0.4518,0.007,0.5412
DIAMONDS ACE CLUBS KING,0.3762,0.003,0.6208
SPADES EIGHT DIAMONDS QUEEN,0.418,0.0086,0.5734
SPADES EIGHT HEARTS TWO,0.6896,0.0234,0.287
HEARTS FOUR CLUBS ACE,0.4434,0.0048,0.5518
DIAMONDS ACE CLUBS ACE,0.194,0.0032,0.8028
SPADES NINE DIAMONDS QUEEN,0.2728,0.0434,0.6838
SPADES NINE HEARTS TWO,0.7086,0.0842,0.2072
HEARTS TWO SPADES TWO,0.468,0.0466,0.4854
DIAMONDS QUEEN SPADES TWO,0.4578,0.0124,0.5298
HEARTS TWO SPADES THREE,0.6542,0.0248,0.321
DIAMONDS QUEEN SPADES THREE,0.4548,0.0108,0.5344
HEARTS TWO SPADES FOUR,0.659,0.0292,0.3118
DIAMONDS QUEEN SPADES FOUR,0.4492,0.011,0.5398
HEARTS FOUR CLUBS TEN,0.6234,0.1644,0.2122
CLUBS TEN DIAMONDS ACE,0.2662,0.0264,0.7074
HEARTS TWO SPADES FIVE,0.6516,0.0274,0.321
DIAMONDS QUEEN SPADES FIVE,0.4436,0.0108,0.5456
HEARTS FOUR CLUBS JACK,0.4474,0.0162,0.5364
DIAMONDS ACE CLUBS JACK,0.3772,0.005,0.6178
CLUBS FIVE CLUBS KING,0.422,0.0058,0.5722
CLUBS FIVE CLUBS QUEEN,0.4196,0.0118,0.5686
CLUBS FIVE CLUBS ACE,0.4214,0.0034,0.5752
CLUBS FIVE CLUBS JACK,0.4318,0.0132,0.555
CLUBS TEN CLUBS FIVE,0.5652,0.1656,0.2692
SPADES KING CLUBS JACK,0.3474,0.0048,0.6478
SPADES QUEEN CLUBS JACK,0.3392,0.011,0.6498
SPADES ACE CLUBS JACK,0.363,0.0034,0.6336
SPADES SIX CLUBS KING,0.443,0.0064,0.5506
SPADES SIX CLUBS QUEEN,0.4542,0.0096,0.5362
SPADES EIGHT HEARTS JACK,0.4118,0.0154,0.5728
SPADES SIX CLUBS ACE,0.4462,0.0038,0.55
SPADES EIGHT HEARTS TEN,0.618,0.1632,0.2188
SPADES SIX CLUBS JACK,0.448,0.0148,0.5372
CLUBS TEN SPADES SIX,0.6026,0.1694,0.228
SPADES JACK CLUBS JACK,0.1672,0.0222,0.8106
SPADES QUEEN CLUBS SEVEN,0.4308,0.0134,0.5558
SPADES KING CLUBS SEVEN,0.4312,0.006,0.5628
SPADES ACE CLUBS SEVEN,0.4326,0.0034,0.564
SPADES SIX HEARTS TEN,0.6184,0.1668,0.2148
SPADES SIX HEARTS JACK,0.4382,0.0176,0.5442
SPADES SIX HEARTS ACE,0.4412,0.0052,0.5536
SPADES SIX HEARTS KING,0.4316,0.007,0.5614
SPADES SIX HEARTS QUEEN,0.4376,0.0132,0.5492
CLUBS SEVEN SPADES JACK,0.4302,0.0166,0.5532
CLUBS TEN HEARTS SIX,0.5978,0.1748,0.2274
HEARTS SIX CLUBS JACK,0.4364,0.0156,0.548
CLUBS ACE CLUBS JACK,0.3376,0.0034,0.659
HEARTS SIX CLUBS QUEEN,0.4432,0.0078,0.549
HEARTS SIX CLUBS KING,0.449,0.0062,0.5448
HEARTS SIX CLUBS ACE,0.442,0.0036,0.5544
CLUBS QUEEN CLUBS JACK,0.3304,0.008,0.6616
CLUBS KING CLUBS JACK,0.3368,0.0048,0.6584
DIAMONDS THREE HEARTS ACE,0.4374,0.0028,0.5598
DIAMONDS THREE HEARTS QUEEN,0.449,0.0096,0.5414
DIAMONDS THREE HEARTS KING,0.4398,0.007,0.5532
CLUBS FIVE HEARTS JACK,0.4398,0.018,0.5422
CLUBS FIVE HEARTS TEN,0.6102,0.1612,0.2286
HEARTS FOUR SPADES JACK,0.4376,0.0182,0.5442
SPADES JACK DIAMONDS ACE,0.363,0.0028,0.6342
SPADES ACE HEARTS FOUR,0.4412,0.0036,0.5552
SPADES ACE DIAMONDS ACE,0.1764,0.0034,0.8202
CLUBS FIVE HEARTS ACE,0.4356,0.005,0.5594
CLUBS FIVE HEARTS KING,0.4482,0.0082,0.5436
HEARTS FOUR SPADES QUEEN,0.4512,0.0112,0.5376
SPADES QUEEN DIAMONDS ACE,0.3614,0.0038,0.6348
SPADES FOUR CLUBS JACK,0.449,0.0178,0.5332
CLUBS FIVE HEARTS QUEEN,0.45,0.0118,0.5382
SPADES KING DIAMONDS ACE,0.3672,0.006,0.6268
HEARTS FOUR SPADES KING,0.451,0.0062,0.5428
CLUBS TEN SPADES FOUR,0.6068,0.164,0.2292
DIAMONDS QUEEN DIAMONDS ACE,0.3452,0.0046,0.6502
HEARTS TWO DIAMONDS ACE,0.4408,0.0044,0.5548
HEARTS FOUR DIAMONDS QUEEN,0.4372,0.0108,0.552
HEARTS FOUR HEARTS TWO,0.6208,0.0218,0.3574
DIAMONDS THREE HEARTS TEN,0.5872,0.1762,0.2366
SPADES FOUR CLUBS KING,0.4374,0.007,0.5556
HEARTS FIVE DIAMONDS QUEEN,0.4604,0.01,0.5296
HEARTS FIVE HEARTS TWO,0.6192,0.0226,0.3582
DIAMONDS THREE HEARTS JACK,0.4456,0.0164,0.538
SPADES FOUR CLUBS QUEEN,0.4436,0.0106,0.5458
DIAMONDS QUEEN HEARTS TWO,0.4526,0.0104,0.537
DIAMONDS KING DIAMONDS QUEEN,0.3392,0.0074,0.6534
DIAMONDS KING HEARTS TWO,0.4422,0.007,0.5508
HEARTS THREE DIAMONDS QUEEN,0.4598,0.0114,0.5288
HEARTS THREE HEARTS TWO,0.6194,0.0274,0.3532
SPADES FOUR CLUBS ACE,0.4326,0.003,0.5644
HEARTS TWO CLUBS ACE,0.4424,0.0034,0.5542
DIAMONDS QUEEN CLUBS ACE,0.3734,0.0038,0.6228
HEARTS TWO CLUBS QUEEN,0.4508,0.0122,0.537
DIAMONDS QUEEN CLUBS QUEEN,0.1654,0.0154,0.8192
HEARTS TWO CLUBS KING,0.451,0.006,0.543
DIAMONDS QUEEN CLUBS KING,0.363,0.0054,0.6316
SPADES EIGHT SPADES FIVE,0.627,0.0236,0.3494
CLUBS TEN HEARTS TWO,0.6156,0.1738,0.2106
CLUBS TEN DIAMONDS QUEEN,0.2758,0.0368,0.6874
SPADES NINE SPADES FIVE,0.6738,0.0736,0.2526
HEARTS TWO CLUBS JACK,0.4544,0.017,0.5286
DIAMONDS QUEEN CLUBS JACK,0.3396,0.0084,0.652
SPADES SIX SPADES FIVE,0.6182,0.0226,0.3592
SPADES SEVEN SPADES FIVE,0.614,0.0232,0.3628
DIAMONDS FIVE CLUBS QUEEN,0.4422,0.0094,0.5484
SPADES EIGHT CLUBS ACE,0.4348,0.003,0.5622
DIAMONDS FIVE CLUBS KING,0.4488,0.007,0.5442
SPADES EIGHT CLUBS KING,0.4234,0.0088,0.5678
