opposingHand,winningChance,drawChance,lostChance
SPADES QUEEN CLUBS EIGHT
SPADES TEN HEARTS FIVE,0.6342,0.01,0.3558
SPADES JACK HEARTS FIVE,0.6426,0.009,0.3484
SPADES FIVE CLUBS JACK,0.6306,0.01,0.3594
CLUBS TEN SPADES FIVE,0.6434,0.0122,0.3444
SPADES FIVE CLUBS ACE,0.3788,0.0056,0.6156
SPADES FIVE CLUBS KING,0.3956,0.0084,0.596
SPADES FIVE CLUBS QUEEN,0.5468,0.2288,0.2244
DIAMONDS TWO DIAMONDS THREE,0.6074,0.0124,0.3802
DIAMONDS TWO DIAMONDS FIVE,0.6036,0.0128,0.3836
SPADES KING HEARTS FIVE,0.4036,0.008,0.5884
DIAMONDS TWO DIAMONDS FOUR,0.6018,0.0114,0.3868
DIAMONDS TWO DIAMONDS SEVEN,0.6198,0.0112,0.369
DIAMONDS TWO DIAMONDS SIX,0.6072,0.0106,0.3822
SPADES ACE HEARTS FIVE,0.401,0.0048,0.5942
DIAMONDS TWO DIAMONDS NINE,0.602,0.009,0.389
DIAMONDS TWO DIAMONDS EIGHT,0.6886,0.038,0.2734
DIAMONDS THREE DIAMONDS FOUR,0.5926,0.0088,0.3986
CLUBS TWO SPADES FOUR,0.6516,0.0124,0.336
DIAMONDS THREE DIAMONDS FIVE,0.5996,0.012,0.3884
CLUBS TWO SPADES FIVE,0.652,0.0124,0.3356
CLUBS TWO SPADES TWO,0.4474,0.0244,0.5282
CLUBS TWO SPADES THREE,0.6504,0.0112,0.3384
DIAMONDS THREE DIAMONDS EIGHT,0.6878,0.0432,0.269
SPADES EIGHT CLUBS TWO,0.7302,0.0518,0.218
DIAMONDS THREE DIAMONDS NINE,0.597,0.011,0.392
SPADES NINE CLUBS TWO,0.6456,0.0144,0.34
DIAMONDS THREE DIAMONDS SIX,0.6046,0.0104,0.385
CLUBS TWO SPADES SIX,0.6632,0.0112,0.3256
DIAMONDS THREE DIAMONDS SEVEN,0.6162,0.011,0.3728
SPADES SEVEN CLUBS TWO,0.6794,0.009,0.3116
CLUBS SIX CLUBS TWO,0.6322,0.0106,0.3572
CLUBS SEVEN CLUBS TWO,0.6506,0.0128,0.3366
CLUBS FOUR CLUBS TWO,0.6116,0.013,0.3754
CLUBS FIVE CLUBS TWO,0.6228,0.0126,0.3646
CLUBS TEN CLUBS JACK,0.5294,0.011,0.4596
DIAMONDS FOUR DIAMONDS SIX,0.595,0.012,0.393
CLUBS TEN CLUBS QUEEN,0.2224,0.1138,0.6638
DIAMONDS FOUR DIAMONDS SEVEN,0.6004,0.0116,0.388
CLUBS TEN CLUBS KING,0.3162,0.0094,0.6744
CLUBS TEN CLUBS ACE,0.3448,0.004,0.6512
DIAMONDS FIVE DIAMONDS FOUR,0.5666,0.013,0.4204
CLUBS NINE CLUBS TWO,0.5976,0.0102,0.3922
DIAMONDS NINE DIAMONDS FOUR,0.5986,0.0126,0.3888
DIAMONDS EIGHT DIAMONDS FOUR,0.6708,0.0456,0.2836
CLUBS TWO CLUBS THREE,0.6314,0.0106,0.358
DIAMONDS NINE DIAMONDS FIVE,0.5854,0.0132,0.4014
DIAMONDS TWO CLUBS JACK,0.6324,0.0114,0.3562
DIAMONDS EIGHT DIAMONDS FIVE,0.6538,0.0404,0.3058
CLUBS TEN DIAMONDS TWO,0.6362,0.0082,0.3556
DIAMONDS FIVE DIAMONDS SEVEN,0.5868,0.0124,0.4008
DIAMONDS FIVE DIAMONDS SIX,0.579,0.0104,0.4106
DIAMONDS TWO CLUBS ACE,0.3972,0.005,0.5978
DIAMONDS TWO CLUBS KING,0.41,0.0094,0.5806
DIAMONDS TWO CLUBS QUEEN,0.5428,0.2372,0.22
DIAMONDS EIGHT DIAMONDS SIX,0.6366,0.041,0.3224
DIAMONDS NINE DIAMONDS SIX,0.5776,0.0118,0.4106
HEARTS ACE SPADES THREE,0.4214,0.004,0.5746
HEARTS KING SPADES THREE,0.421,0.0068,0.5722
DIAMONDS SEVEN DIAMONDS SIX,0.587,0.0128,0.4002
SPADES THREE HEARTS QUEEN,0.552,0.2222,0.2258
SPADES THREE HEARTS JACK,0.6586,0.0092,0.3322
SPADES THREE HEARTS TEN,0.643,0.014,0.343
DIAMONDS EIGHT DIAMONDS SEVEN,0.6476,0.0446,0.3078
DIAMONDS NINE DIAMONDS SEVEN,0.5704,0.0112,0.4184
DIAMONDS NINE DIAMONDS EIGHT,0.6454,0.0394,0.3152
DIAMONDS KING HEARTS TEN,0.3492,0.0068,0.644
HEARTS THREE HEARTS TEN,0.6052,0.0102,0.3846
SPADES JACK CLUBS SIX,0.643,0.0114,0.3456
DIAMONDS KING HEARTS JACK,0.358,0.0046,0.6374
HEARTS THREE HEARTS JACK,0.605,0.0084,0.3866
CLUBS SIX SPADES TEN,0.6234,0.0096,0.367
SPADES JACK SPADES FIVE,0.6084,0.0116,0.38
SPADES TEN SPADES FIVE,0.6012,0.0126,0.3862
DIAMONDS KING HEARTS ACE,0.3228,0.005,0.6722
HEARTS THREE HEARTS ACE,0.3716,0.0046,0.6238
SPADES ACE CLUBS SIX,0.4056,0.004,0.5904
DIAMONDS KING HEARTS QUEEN,0.236,0.0254,0.7386
HEARTS THREE HEARTS QUEEN,0.5234,0.2062,0.2704
SPADES KING CLUBS SIX,0.3972,0.0086,0.5942
DIAMONDS KING HEARTS KING,0.1506,0.0024,0.847
HEARTS THREE HEARTS KING,0.3802,0.0076,0.6122
SPADES NINE HEARTS TEN,0.5728,0.0092,0.418
SPADES NINE HEARTS JACK,0.5714,0.0096,0.419
SPADES KING SPADES FIVE,0.3866,0.0062,0.6072
SPADES ACE SPADES FIVE,0.3716,0.0066,0.6218
SPADES NINE HEARTS QUEEN,0.2332,0.1648,0.602
SPADES NINE HEARTS KING,0.3544,0.0068,0.6388
SPADES NINE HEARTS ACE,0.3658,0.004,0.6302
CLUBS TEN SPADES JACK,0.5574,0.0106,0.432
CLUBS TEN SPADES TEN,0.2806,0.014,0.7054
SPADES ACE CLUBS TEN,0.3488,0.005,0.6462
SPADES KING CLUBS TEN,0.3312,0.0076,0.6612
SPADES FIVE HEARTS QUEEN,0.5508,0.2256,0.2236
SPADES FIVE HEARTS KING,0.4042,0.009,0.5868
SPADES FIVE HEARTS ACE,0.4002,0.0042,0.5956
HEARTS THREE SPADES JACK,0.6464,0.011,0.3426
SPADES JACK DIAMONDS KING,0.356,0.0062,0.6378
HEARTS THREE SPADES TEN,0.6436,0.0118,0.3446
SPADES TEN DIAMONDS KING,0.3432,0.0062,0.6506
HEARTS FIVE CLUBS JACK,0.6284,0.0102,0.3614
CLUBS SIX HEARTS ACE,0.4112,0.0032,0.5856
CLUBS TEN HEARTS FIVE,0.63,0.0126,0.3574
CLUBS TEN SPADES THREE,0.6386,0.0148,0.3466
CLUBS SIX HEARTS QUEEN,0.5568,0.217,0.2262
SPADES THREE CLUBS JACK,0.6336,0.0122,0.3542
CLUBS SIX HEARTS KING,0.408,0.0066,0.5854
DIAMONDS TWO HEARTS JACK,0.649,0.0074,0.3436
SPADES THREE CLUBS QUEEN,0.555,0.2158,0.2292
DIAMONDS TWO HEARTS TEN,0.647,0.0096,0.3434
SPADES THREE CLUBS KING,0.4108,0.0078,0.5814
HEARTS FIVE CLUBS ACE,0.4066,0.0046,0.5888
SPADES FIVE HEARTS TEN,0.6296,0.0116,0.3588
SPADES THREE CLUBS ACE,0.3986,0.0054,0.596
HEARTS FIVE CLUBS KING,0.4042,0.006,0.5898
SPADES FIVE HEARTS JACK,0.6472,0.0142,0.3386
HEARTS FIVE CLUBS QUEEN,0.5378,0.2292,0.233
HEARTS THREE CLUBS KING,0.4016,0.0054,0.593
DIAMONDS KING CLUBS KING,0.1446,0.0042,0.8512
HEARTS THREE CLUBS QUEEN,0.5466,0.224,0.2294
DIAMONDS KING CLUBS QUEEN,0.2224,0.028,0.7496
HEARTS FIVE HEARTS JACK,0.5888,0.0078,0.4034
HEARTS FIVE HEARTS TEN,0.591,0.0106,0.3984
HEARTS THREE CLUBS ACE,0.4104,0.007,0.5826
DIAMONDS KING CLUBS ACE,0.3214,0.0042,0.6744
SPADES ACE CLUBS QUEEN,0.2344,0.0148,0.7508
SPADES KING CLUBS QUEEN,0.2106,0.0282,0.7612
HEARTS THREE CLUBS JACK,0.6272,0.0126,0.3602
DIAMONDS KING CLUBS JACK,0.341,0.0054,0.6536
CLUBS TEN HEARTS THREE,0.6406,0.0114,0.348
CLUBS TEN DIAMONDS KING,0.3356,0.0062,0.6582
SPADES JACK CLUBS QUEEN,0.2268,0.1006,0.6726
CLUBS SIX CLUBS QUEEN,0.5164,0.2154,0.2682
SPADES TEN CLUBS QUEEN,0.228,0.111,0.661
CLUBS SIX CLUBS KING,0.3908,0.0068,0.6024
CLUBS SIX CLUBS ACE,0.3784,0.006,0.6156
HEARTS FIVE HEARTS KING,0.3822,0.0072,0.6106
HEARTS FIVE HEARTS QUEEN,0.5132,0.213,0.2738
CLUBS TEN CLUBS SIX,0.602,0.011,0.387
HEARTS FIVE HEARTS ACE,0.3692,0.003,0.6278
CLUBS SIX CLUBS JACK,0.599,0.0122,0.3888
SPADES SEVEN HEARTS JACK,0.6306,0.0104,0.359
SPADES SEVEN HEARTS TEN,0.621,0.0116,0.3674
DIAMONDS TWO CLUBS TWO,0.4564,0.023,0.5206
DIAMONDS TWO CLUBS THREE,0.6524,0.013,0.3346
HEARTS SIX DIAMONDS TWO,0.6522,0.0146,0.3332
DIAMONDS TWO HEARTS QUEEN,0.5428,0.2296,0.2276
DIAMONDS TWO HEARTS SEVEN,0.6638,0.0116,0.3246
DIAMONDS TWO HEARTS KING,0.4222,0.006,0.5718
DIAMONDS TWO HEARTS EIGHT,0.7226,0.0504,0.227
DIAMONDS TWO HEARTS ACE,0.3984,0.004,0.5976
DIAMONDS TWO HEARTS NINE,0.6314,0.0116,0.357
DIAMONDS TWO DIAMONDS QUEEN,0.5154,0.2096,0.275
DIAMONDS TWO HEARTS TWO,0.4568,0.0236,0.5196
DIAMONDS TWO DIAMONDS KING,0.3966,0.0062,0.5972
HEARTS THREE DIAMONDS TWO,0.6448,0.0142,0.341
DIAMONDS TWO DIAMONDS ACE,0.3846,0.0026,0.6128
HEARTS FOUR DIAMONDS TWO,0.6352,0.015,0.3498
DIAMONDS TWO HEARTS FIVE,0.6434,0.0134,0.3432
SPADES SEVEN HEARTS ACE,0.4,0.0036,0.5964
DIAMONDS TWO DIAMONDS TEN,0.5958,0.0114,0.3928
SPADES SEVEN HEARTS KING,0.399,0.0068,0.5942
DIAMONDS TWO DIAMONDS JACK,0.6098,0.0112,0.379
SPADES SEVEN HEARTS QUEEN,0.5552,0.224,0.2208
DIAMONDS TWO SPADES NINE,0.6474,0.0134,0.3392
DIAMONDS TWO SPADES EIGHT,0.7274,0.052,0.2206
DIAMONDS TWO SPADES SEVEN,0.6808,0.0124,0.3068
DIAMONDS TWO SPADES SIX,0.6572,0.011,0.3318
DIAMONDS TWO SPADES FIVE,0.647,0.0132,0.3398
DIAMONDS TWO SPADES FOUR,0.6346,0.0102,0.3552
DIAMONDS TWO SPADES THREE,0.6532,0.0126,0.3342
DIAMONDS TWO SPADES TWO,0.446,0.0228,0.5312
CLUBS NINE DIAMONDS TWO,0.6396,0.0128,0.3476
DIAMONDS TWO CLUBS SEVEN,0.6738,0.0142,0.312
CLUBS SIX DIAMONDS TWO,0.649,0.013,0.338
DIAMONDS TWO CLUBS FIVE,0.6526,0.0116,0.3358
DIAMONDS TWO CLUBS FOUR,0.6354,0.0132,0.3514
CLUBS FOUR SPADES FIVE,0.6146,0.0148,0.3706
CLUBS FOUR SPADES FOUR,0.4424,0.0246,0.533
CLUBS FOUR SPADES THREE,0.649,0.0154,0.3356
CLUBS FOUR SPADES TWO,0.647,0.0106,0.3424
SPADES NINE CLUBS FOUR,0.6394,0.0084,0.3522
CLUBS FOUR SPADES EIGHT,0.7064,0.0492,0.2444
CLUBS FOUR SPADES SEVEN,0.6544,0.013,0.3326
CLUBS FOUR SPADES SIX,0.6348,0.0144,0.3508
SPADES ACE DIAMONDS SIX,0.4026,0.0038,0.5936
SPADES KING DIAMONDS SIX,0.3956,0.0074,0.597
SPADES TEN DIAMONDS SIX,0.6338,0.0092,0.357
SPADES JACK DIAMONDS SIX,0.6434,0.0118,0.3448
SPADES KING SPADES TWO,0.3988,0.009,0.5922
SPADES ACE SPADES TWO,0.3894,0.0064,0.6042
DIAMONDS JACK CLUBS JACK,0.268,0.0102,0.7218
CLUBS TEN DIAMONDS JACK,0.5674,0.0096,0.423
DIAMONDS JACK CLUBS KING,0.3434,0.008,0.6486
DIAMONDS JACK CLUBS QUEEN,0.2396,0.0882,0.6722
DIAMONDS THREE DIAMONDS JACK,0.5964,0.012,0.3916
DIAMONDS THREE DIAMONDS TEN,0.5882,0.0118,0.4
DIAMONDS JACK CLUBS ACE,0.3546,0.005,0.6404
DIAMONDS THREE DIAMONDS KING,0.3968,0.0046,0.5986
HEARTS THREE DIAMONDS THREE,0.4454,0.025,0.5296
DIAMONDS THREE DIAMONDS QUEEN,0.5138,0.2068,0.2794
DIAMONDS THREE HEARTS TWO,0.6396,0.0122,0.3482
HEARTS FIVE DIAMONDS THREE,0.6248,0.011,0.3642
DIAMONDS THREE DIAMONDS ACE,0.386,0.004,0.61
HEARTS FOUR DIAMONDS THREE,0.633,0.0126,0.3544
DIAMONDS THREE HEARTS SEVEN,0.6576,0.0138,0.3286
SPADES TEN SPADES NINE,0.5554,0.0124,0.4322
HEARTS SIX DIAMONDS THREE,0.6482,0.0096,0.3422
SPADES JACK SPADES NINE,0.5522,0.0092,0.4386
DIAMONDS THREE HEARTS NINE,0.6414,0.0092,0.3494
HEARTS JACK DIAMONDS FOUR,0.629,0.0122,0.3588
HEARTS KING HEARTS ACE,0.3074,0.0042,0.6884
SPADES TEN SPADES TWO,0.6162,0.0118,0.372
DIAMONDS THREE HEARTS EIGHT,0.7288,0.0498,0.2214
HEARTS TEN DIAMONDS FOUR,0.6318,0.0086,0.3596
SPADES JACK SPADES TWO,0.6178,0.01,0.3722
HEARTS QUEEN DIAMONDS FOUR,0.5404,0.2258,0.2338
HEARTS KING DIAMONDS FOUR,0.4098,0.0056,0.5846
SPADES ACE SPADES NINE,0.3494,0.0036,0.647
HEARTS ACE DIAMONDS FOUR,0.4046,0.003,0.5924
SPADES KING SPADES NINE,0.3434,0.0056,0.651
DIAMONDS THREE SPADES NINE,0.649,0.0096,0.3414
DIAMONDS THREE SPADES EIGHT,0.7236,0.052,0.2244
DIAMONDS THREE SPADES SEVEN,0.6588,0.0128,0.3284
DIAMONDS THREE SPADES SIX,0.648,0.011,0.341
CLUBS SIX DIAMONDS THREE,0.6592,0.0106,0.3302
CLUBS ACE DIAMONDS FOUR,0.3992,0.0034,0.5974
CLUBS SIX CLUBS FIVE,0.594,0.0116,0.3944
CLUBS SEVEN CLUBS FIVE,0.5962,0.0128,0.391
CLUBS SEVEN DIAMONDS THREE,0.6526,0.0126,0.3348
DIAMONDS THREE CLUBS FOUR,0.6318,0.015,0.3532
DIAMONDS FOUR CLUBS QUEEN,0.5476,0.2222,0.2302
DIAMONDS THREE CLUBS FIVE,0.633,0.0112,0.3558
CLUBS KING DIAMONDS FOUR,0.4044,0.007,0.5886
DIAMONDS THREE CLUBS TWO,0.6508,0.014,0.3352
CLUBS TEN DIAMONDS FOUR,0.635,0.0104,0.3546
DIAMONDS THREE CLUBS THREE,0.4584,0.0252,0.5164
DIAMONDS FOUR CLUBS JACK,0.6232,0.012,0.3648
DIAMONDS THREE SPADES FOUR,0.6442,0.01,0.3458
DIAMONDS THREE SPADES FIVE,0.6232,0.0118,0.365
DIAMONDS THREE SPADES TWO,0.663,0.0124,0.3246
DIAMONDS THREE SPADES THREE,0.4466,0.0224,0.531
CLUBS NINE DIAMONDS THREE,0.6224,0.012,0.3656
SPADES SEVEN CLUBS ACE,0.4078,0.0044,0.5878
SPADES SEVEN CLUBS QUEEN,0.562,0.216,0.222
SPADES SEVEN CLUBS KING,0.3978,0.0084,0.5938
CLUBS FIVE SPADES SEVEN,0.6252,0.013,0.3618
CLUBS TEN SPADES SEVEN,0.6314,0.0126,0.356
CLUBS FIVE SPADES SIX,0.616,0.0114,0.3726
SPADES SEVEN CLUBS JACK,0.6462,0.0128,0.341
SPADES NINE CLUBS FIVE,0.629,0.012,0.359
SPADES EIGHT CLUBS FIVE,0.6984,0.0482,0.2534
CLUBS FIVE SPADES THREE,0.6338,0.0106,0.3556
CLUBS FIVE SPADES TWO,0.6482,0.013,0.3388
CLUBS FIVE SPADES FIVE,0.4422,0.026,0.5318
CLUBS FIVE SPADES FOUR,0.6216,0.0136,0.3648
CLUBS NINE CLUBS FIVE,0.5914,0.0118,0.3968
CLUBS ACE CLUBS QUEEN,0.24,0.019,0.741
CLUBS KING CLUBS QUEEN,0.213,0.0308,0.7562
DIAMONDS TEN DIAMONDS FOUR,0.6006,0.0114,0.388
CLUBS TEN DIAMONDS NINE,0.5598,0.0114,0.4288
DIAMONDS JACK DIAMONDS FOUR,0.5896,0.01,0.4004
DIAMONDS NINE CLUBS JACK,0.5726,0.0104,0.417
SPADES NINE CLUBS JACK,0.5736,0.01,0.4164
CLUBS TEN SPADES NINE,0.5594,0.0114,0.4292
DIAMONDS ACE DIAMONDS FOUR,0.3764,0.0052,0.6184
HEARTS FOUR DIAMONDS FOUR,0.4408,0.0258,0.5334
DIAMONDS JACK HEARTS TEN,0.5566,0.0078,0.4356
SPADES NINE CLUBS KING,0.3524,0.0086,0.639
DIAMONDS TWO SPADES TEN,0.6362,0.0106,0.3532
DIAMONDS NINE CLUBS ACE,0.3536,0.0054,0.641
HEARTS FIVE DIAMONDS FOUR,0.597,0.0112,0.3918
HEARTS JACK DIAMONDS JACK,0.2964,0.009,0.6946
SPADES NINE CLUBS QUEEN,0.239,0.165,0.596
SPADES JACK DIAMONDS TWO,0.6508,0.0112,0.338
DIAMONDS QUEEN DIAMONDS FOUR,0.5138,0.216,0.2702
HEARTS TWO DIAMONDS FOUR,0.6406,0.0098,0.3496
DIAMONDS NINE CLUBS QUEEN,0.2144,0.172,0.6136
DIAMONDS KING DIAMONDS FOUR,0.3734,0.005,0.6216
HEARTS THREE DIAMONDS FOUR,0.6284,0.0104,0.3612
SPADES NINE CLUBS ACE,0.3746,0.0056,0.6198
DIAMONDS NINE CLUBS KING,0.3538,0.0074,0.6388
HEARTS ACE DIAMONDS JACK,0.3512,0.0038,0.645
SPADES ACE DIAMONDS TWO,0.4116,0.0056,0.5828
DIAMONDS JACK HEARTS QUEEN,0.2302,0.0854,0.6844
HEARTS KING DIAMONDS JACK,0.3682,0.0046,0.6272
SPADES KING DIAMONDS TWO,0.415,0.0054,0.5796
SPADES JACK SPADES SEVEN,0.591,0.0122,0.3968
SPADES TEN SPADES SEVEN,0.5878,0.0112,0.401
CLUBS SEVEN CLUBS THREE,0.642,0.0138,0.3442
CLUBS SIX CLUBS THREE,0.613,0.0146,0.3724
CLUBS FIVE CLUBS THREE,0.6014,0.0098,0.3888
CLUBS FOUR CLUBS THREE,0.6074,0.012,0.3806
CLUBS NINE CLUBS THREE,0.6156,0.01,0.3744
CLUBS THREE SPADES FIVE,0.6388,0.0128,0.3484
CLUBS THREE SPADES FOUR,0.6386,0.0136,0.3478
CLUBS THREE SPADES THREE,0.458,0.025,0.517
CLUBS THREE SPADES TWO,0.6436,0.0154,0.341
SPADES SIX CLUBS THREE,0.644,0.0136,0.3424
SPADES SEVEN CLUBS THREE,0.6748,0.0138,0.3114
SPADES EIGHT CLUBS THREE,0.7418,0.0522,0.206
SPADES NINE CLUBS THREE,0.6542,0.0126,0.3332
SPADES TWO DIAMONDS FOUR,0.653,0.0104,0.3366
SPADES THREE DIAMONDS FOUR,0.639,0.0134,0.3476
SPADES FOUR DIAMONDS FOUR,0.4398,0.02,0.5402
SPADES FIVE DIAMONDS FOUR,0.6116,0.0116,0.3768
SPADES SIX DIAMONDS FOUR,0.629,0.0122,0.3588
SPADES SEVEN DIAMONDS FOUR,0.654,0.0114,0.3346
SPADES EIGHT DIAMONDS FOUR,0.7122,0.0526,0.2352
SPADES NINE DIAMONDS FOUR,0.6434,0.0118,0.3448
CLUBS FIVE DIAMONDS FOUR,0.6152,0.0136,0.3712
CLUBS FOUR DIAMONDS FOUR,0.4466,0.02,0.5334
CLUBS SEVEN DIAMONDS FOUR,0.648,0.0094,0.3426
CLUBS SIX DIAMONDS FOUR,0.6326,0.0102,0.3572
CLUBS NINE DIAMONDS FOUR,0.6352,0.0108,0.354
DIAMONDS FOUR HEARTS SEVEN,0.6478,0.0122,0.34
HEARTS SIX DIAMONDS FOUR,0.6302,0.0108,0.359
HEARTS NINE DIAMONDS FOUR,0.6228,0.0106,0.3666
DIAMONDS FOUR HEARTS EIGHT,0.7098,0.047,0.2432
CLUBS THREE DIAMONDS FOUR,0.6284,0.0132,0.3584
CLUBS TWO DIAMONDS FOUR,0.645,0.0128,0.3422
DIAMONDS TEN DIAMONDS FIVE,0.5998,0.0102,0.39
DIAMONDS JACK DIAMONDS FIVE,0.5842,0.0118,0.404
DIAMONDS NINE HEARTS QUEEN,0.23,0.1674,0.6026
HEARTS KING DIAMONDS NINE,0.3546,0.0062,0.6392
DIAMONDS NINE HEARTS ACE,0.3666,0.0026,0.6308
DIAMONDS NINE HEARTS TEN,0.5588,0.0112,0.43
DIAMONDS NINE HEARTS JACK,0.5854,0.012,0.4026
CLUBS KING DIAMONDS SIX,0.4034,0.0064,0.5902
CLUBS QUEEN DIAMONDS SIX,0.5482,0.234,0.2178
CLUBS ACE DIAMONDS SIX,0.4044,0.0032,0.5924
SPADES KING DIAMONDS FOUR,0.4004,0.007,0.5926
SPADES ACE SPADES SEVEN,0.3894,0.0042,0.6064
CLUBS JACK DIAMONDS SIX,0.6448,0.0092,0.346
SPADES KING SPADES SEVEN,0.3808,0.0078,0.6114
SPADES ACE DIAMONDS FOUR,0.3918,0.004,0.6042
CLUBS TEN DIAMONDS SIX,0.6282,0.0106,0.3612
CLUBS NINE CLUBS FOUR,0.6134,0.0102,0.3764
SPADES JACK DIAMONDS FOUR,0.634,0.0122,0.3538
SPADES TEN DIAMONDS FOUR,0.645,0.0114,0.3436
CLUBS FOUR CLUBS FIVE,0.6012,0.014,0.3848
CLUBS SEVEN CLUBS FOUR,0.618,0.0118,0.3702
CLUBS SIX CLUBS FOUR,0.6096,0.0084,0.382
CLUBS SEVEN SPADES EIGHT,0.6924,0.0468,0.2608
CLUBS SEVEN SPADES NINE,0.625,0.0126,0.3624
CLUBS SEVEN SPADES SIX,0.617,0.0136,0.3694
CLUBS SEVEN SPADES SEVEN,0.4434,0.0226,0.534
CLUBS SEVEN SPADES FIVE,0.6306,0.0136,0.3558
CLUBS SEVEN SPADES FOUR,0.6498,0.0096,0.3406
CLUBS SEVEN SPADES THREE,0.6668,0.013,0.3202
CLUBS SEVEN SPADES TWO,0.6688,0.0134,0.3178
CLUBS NINE CLUBS SEVEN,0.5758,0.0118,0.4124
HEARTS SIX DIAMONDS FIVE,0.6076,0.011,0.3814
DIAMONDS FIVE HEARTS SEVEN,0.6166,0.0106,0.3728
DIAMONDS FIVE HEARTS EIGHT,0.6848,0.0428,0.2724
HEARTS NINE DIAMONDS FIVE,0.6236,0.0126,0.3638
DIAMONDS QUEEN DIAMONDS FIVE,0.5122,0.2116,0.2762
HEARTS TWO DIAMONDS FIVE,0.6358,0.0126,0.3516
HEARTS KING HEARTS EIGHT,0.2356,0.031,0.7334
DIAMONDS KING DIAMONDS FIVE,0.3834,0.0078,0.6088
HEARTS THREE DIAMONDS FIVE,0.6302,0.0142,0.3556
HEARTS QUEEN HEARTS EIGHT,0.0198,0.9106,0.0696
DIAMONDS ACE DIAMONDS FIVE,0.3726,0.0038,0.6236
HEARTS FOUR DIAMONDS FIVE,0.6172,0.0082,0.3746
HEARTS FIVE DIAMONDS FIVE,0.4428,0.0224,0.5348
HEARTS ACE HEARTS EIGHT,0.2272,0.0214,0.7514
CLUBS FOUR DIAMONDS FIVE,0.6096,0.0148,0.3756
CLUBS FIVE DIAMONDS FIVE,0.4426,0.022,0.5354
CLUBS SIX DIAMONDS FIVE,0.6026,0.0124,0.385
CLUBS SEVEN DIAMONDS FIVE,0.623,0.013,0.364
CLUBS TWO DIAMONDS FIVE,0.6358,0.0102,0.354
CLUBS THREE DIAMONDS FIVE,0.6278,0.0136,0.3586
SPADES THREE DIAMONDS FIVE,0.6338,0.0122,0.354
SPADES TWO DIAMONDS FIVE,0.6376,0.013,0.3494
SPADES JACK DIAMONDS EIGHT,0.7078,0.038,0.2542
SPADES FIVE DIAMONDS FIVE,0.4466,0.0224,0.531
CLUBS TEN HEARTS JACK,0.5578,0.0082,0.434
SPADES TEN DIAMONDS EIGHT,0.696,0.0366,0.2674
SPADES FOUR DIAMONDS FIVE,0.6016,0.0162,0.3822
HEARTS JACK CLUBS JACK,0.2966,0.0114,0.692
HEARTS JACK CLUBS QUEEN,0.2346,0.0792,0.6862
CLUBS NINE DIAMONDS FIVE,0.6258,0.0132,0.361
HEARTS JACK CLUBS KING,0.3518,0.0086,0.6396
HEARTS JACK CLUBS ACE,0.3598,0.005,0.6352
SPADES SEVEN DIAMONDS FIVE,0.6294,0.0112,0.3594
SPADES KING DIAMONDS EIGHT,0.2412,0.032,0.7268
SPADES SIX DIAMONDS FIVE,0.6124,0.0114,0.3762
SPADES NINE DIAMONDS FIVE,0.6212,0.0112,0.3676
SPADES EIGHT DIAMONDS FIVE,0.6928,0.0464,0.2608
SPADES ACE DIAMONDS EIGHT,0.2362,0.026,0.7378
DIAMONDS TEN DIAMONDS SIX,0.5806,0.0102,0.4092
HEARTS ACE DIAMONDS SEVEN,0.3984,0.0026,0.599
DIAMONDS JACK DIAMONDS SIX,0.5894,0.0088,0.4018
HEARTS QUEEN DIAMONDS SEVEN,0.5422,0.2326,0.2252
HEARTS KING DIAMONDS SEVEN,0.4042,0.0064,0.5894
DIAMONDS ACE DIAMONDS SIX,0.387,0.0042,0.6088
HEARTS FOUR DIAMONDS SIX,0.6186,0.0098,0.3716
HEARTS JACK SPADES TWO,0.6464,0.0102,0.3434
HEARTS FIVE DIAMONDS SIX,0.614,0.0128,0.3732
SPADES TWO HEARTS TEN,0.6472,0.0124,0.3404
DIAMONDS QUEEN DIAMONDS SIX,0.5038,0.2128,0.2834
HEARTS TWO DIAMONDS SIX,0.65,0.0132,0.3368
DIAMONDS KING DIAMONDS SIX,0.369,0.0082,0.6228
HEARTS THREE DIAMONDS SIX,0.6498,0.011,0.3392
HEARTS EIGHT DIAMONDS SIX,0.6816,0.0464,0.272
HEARTS NINE DIAMONDS SIX,0.623,0.0086,0.3684
HEARTS SIX DIAMONDS SIX,0.43,0.021,0.549
HEARTS SEVEN DIAMONDS SIX,0.602,0.0116,0.3864
HEARTS TEN DIAMONDS SEVEN,0.611,0.0108,0.3782
CLUBS TWO DIAMONDS SIX,0.6636,0.0096,0.3268
HEARTS JACK DIAMONDS SEVEN,0.6324,0.0096,0.358
CLUBS THREE DIAMONDS SIX,0.6476,0.0134,0.339
DIAMONDS EIGHT CLUBS JACK,0.708,0.04,0.252
CLUBS SEVEN DIAMONDS SIX,0.6188,0.012,0.3692
CLUBS SIX DIAMONDS SIX,0.4402,0.0196,0.5402
CLUBS TEN DIAMONDS EIGHT,0.6836,0.0436,0.2728
CLUBS FIVE DIAMONDS SIX,0.6216,0.0116,0.3668
CLUBS FOUR DIAMONDS SIX,0.6348,0.0118,0.3534
HEARTS ACE HEARTS JACK,0.319,0.0042,0.6768
DIAMONDS EIGHT CLUBS ACE,0.2434,0.022,0.7346
HEARTS JACK HEARTS QUEEN,0.2232,0.082,0.6948
DIAMONDS EIGHT CLUBS KING,0.2494,0.0304,0.7202
CLUBS NINE DIAMONDS SIX,0.6178,0.0086,0.3736
HEARTS KING HEARTS JACK,0.3422,0.006,0.6518
DIAMONDS EIGHT CLUBS QUEEN,0.0084,0.9724,0.0192
SPADES TEN HEARTS KING,0.3444,0.006,0.6496
SPADES FIVE DIAMONDS SIX,0.628,0.014,0.358
HEARTS ACE SPADES TWO,0.4076,0.0048,0.5876
SPADES JACK HEARTS KING,0.354,0.0068,0.6392
SPADES FOUR DIAMONDS SIX,0.624,0.0118,0.3642
SPADES THREE DIAMONDS SIX,0.644,0.0142,0.3418
SPADES TWO HEARTS QUEEN,0.5528,0.222,0.2252
SPADES ACE SPADES KING,0.3194,0.0044,0.6762
HEARTS KING SPADES TWO,0.4136,0.0074,0.579
SPADES TWO DIAMONDS SIX,0.6466,0.0114,0.342
HEARTS TEN HEARTS EIGHT,0.6352,0.0428,0.322
SPADES NINE DIAMONDS SIX,0.633,0.012,0.355
HEARTS JACK HEARTS EIGHT,0.6608,0.0354,0.3038
SPADES EIGHT DIAMONDS SIX,0.6944,0.041,0.2646
SPADES SEVEN DIAMONDS SIX,0.6196,0.0122,0.3682
SPADES SIX DIAMONDS SIX,0.4442,0.0214,0.5344
SPADES KING HEARTS KING,0.1426,0.005,0.8524
CLUBS ACE CLUBS KING,0.3118,0.0056,0.6826
SPADES ACE HEARTS KING,0.3166,0.005,0.6784
SPADES ACE HEARTS JACK,0.359,0.0042,0.6368
SPADES KING HEARTS JACK,0.339,0.0044,0.6566
SPADES TEN DIAMONDS TEN,0.3032,0.015,0.6818
SPADES JACK DIAMONDS TEN,0.5534,0.0092,0.4374
SPADES ACE DIAMONDS TEN,0.3552,0.0044,0.6404
SPADES JACK HEARTS JACK,0.2932,0.0098,0.697
SPADES TEN HEARTS JACK,0.5682,0.0094,0.4224
SPADES KING DIAMONDS TEN,0.3314,0.0086,0.66
SPADES NINE DIAMONDS SEVEN,0.6072,0.012,0.3808
SPADES EIGHT DIAMONDS SEVEN,0.695,0.0452,0.2598
SPADES SEVEN DIAMONDS SEVEN,0.4272,0.0262,0.5466
SPADES SIX DIAMONDS SEVEN,0.6156,0.0102,0.3742
DIAMONDS KING DIAMONDS SEVEN,0.374,0.0064,0.6196
HEARTS THREE DIAMONDS SEVEN,0.6586,0.0108,0.3306
HEARTS KING DIAMONDS FIVE,0.4078,0.006,0.5862
DIAMONDS QUEEN DIAMONDS SEVEN,0.5078,0.2184,0.2738
HEARTS TWO DIAMONDS SEVEN,0.6756,0.0126,0.3118
HEARTS QUEEN DIAMONDS FIVE,0.5386,0.229,0.2324
HEARTS FIVE DIAMONDS SEVEN,0.6252,0.0102,0.3646
DIAMONDS ACE DIAMONDS SEVEN,0.3722,0.0038,0.624
HEARTS FOUR DIAMONDS SEVEN,0.6466,0.011,0.3424
HEARTS ACE DIAMONDS FIVE,0.3978,0.0046,0.5976
HEARTS SEVEN DIAMONDS SEVEN,0.437,0.0184,0.5446
HEARTS SIX DIAMONDS SEVEN,0.6194,0.0086,0.372
HEARTS NINE DIAMONDS SEVEN,0.6112,0.009,0.3798
DIAMONDS SEVEN HEARTS EIGHT,0.6888,0.0436,0.2676
DIAMONDS JACK DIAMONDS SEVEN,0.5866,0.0122,0.4012
HEARTS JACK DIAMONDS FIVE,0.6364,0.0074,0.3562
DIAMONDS TEN DIAMONDS SEVEN,0.5938,0.0096,0.3966
DIAMONDS FIVE HEARTS TEN,0.6466,0.0106,0.3428
SPADES KING CLUBS TWO,0.4042,0.0072,0.5886
HEARTS KING CLUBS KING,0.1418,0.0026,0.8556
HEARTS KING CLUBS QUEEN,0.2264,0.0234,0.7502
CLUBS NINE DIAMONDS SEVEN,0.6096,0.01,0.3804
SPADES TWO CLUBS JACK,0.6452,0.0114,0.3434
SPADES ACE CLUBS TWO,0.4134,0.0042,0.5824
CLUBS TEN SPADES TWO,0.6422,0.0128,0.345
HEARTS KING CLUBS ACE,0.3312,0.0042,0.6646
CLUBS SIX CLUBS SEVEN,0.5966,0.0136,0.3898
SPADES TWO CLUBS KING,0.4092,0.0078,0.583
SPADES TWO DIAMONDS SEVEN,0.673,0.012,0.315
SPADES THREE DIAMONDS SEVEN,0.6414,0.0136,0.345
SPADES TWO CLUBS QUEEN,0.5576,0.2234,0.219
CLUBS NINE CLUBS SIX,0.5844,0.0114,0.4042
SPADES FOUR DIAMONDS SEVEN,0.6452,0.012,0.3428
HEARTS KING CLUBS JACK,0.3384,0.0072,0.6544
SPADES FIVE DIAMONDS SEVEN,0.635,0.013,0.352
SPADES TWO CLUBS ACE,0.4122,0.0052,0.5826
CLUBS TEN HEARTS KING,0.346,0.0074,0.6466
CLUBS SIX SPADES TWO,0.676,0.015,0.309
CLUBS SIX SPADES THREE,0.6558,0.0092,0.335
CLUBS TWO DIAMONDS SEVEN,0.6762,0.0106,0.3132
CLUBS SIX SPADES FOUR,0.6362,0.012,0.3518
CLUBS THREE DIAMONDS SEVEN,0.657,0.015,0.328
CLUBS SIX SPADES FIVE,0.6204,0.0122,0.3674
CLUBS FOUR DIAMONDS SEVEN,0.6596,0.0112,0.3292
CLUBS SIX SPADES SIX,0.4424,0.021,0.5366
CLUBS FIVE DIAMONDS SEVEN,0.637,0.0112,0.3518
CLUBS SIX SPADES SEVEN,0.6366,0.0124,0.351
CLUBS SIX DIAMONDS SEVEN,0.6116,0.0114,0.377
CLUBS SIX SPADES EIGHT,0.6796,0.054,0.2664
SPADES JACK CLUBS TWO,0.6526,0.014,0.3334
CLUBS SIX SPADES NINE,0.6212,0.01,0.3688
SPADES TEN CLUBS TWO,0.6506,0.01,0.3394
CLUBS SEVEN DIAMONDS SEVEN,0.4348,0.0194,0.5458
CLUBS TWO CLUBS QUEEN,0.5312,0.2204,0.2484
CLUBS TWO CLUBS KING,0.398,0.009,0.593
CLUBS THREE DIAMONDS EIGHT,0.7302,0.0462,0.2236
CLUBS TWO CLUBS ACE,0.384,0.0046,0.6114
CLUBS TWO DIAMONDS EIGHT,0.7078,0.0454,0.2468
DIAMONDS EIGHT HEARTS SEVEN,0.6766,0.0462,0.2772
HEARTS SIX DIAMONDS EIGHT,0.6852,0.0452,0.2696
DIAMONDS EIGHT HEARTS NINE,0.6712,0.038,0.2908
CLUBS TEN CLUBS TWO,0.613,0.0128,0.3742
DIAMONDS EIGHT HEARTS EIGHT,0.3034,0.0286,0.668
CLUBS TWO CLUBS JACK,0.6132,0.0108,0.376
CLUBS NINE DIAMONDS EIGHT,0.6844,0.0398,0.2758
CLUBS FIVE DIAMONDS EIGHT,0.6904,0.0478,0.2618
SPADES ACE SPADES THREE,0.4008,0.0052,0.594
CLUBS FOUR DIAMONDS EIGHT,0.7098,0.0424,0.2478
CLUBS SEVEN DIAMONDS EIGHT,0.6966,0.0428,0.2606
CLUBS SIX DIAMONDS EIGHT,0.6906,0.0452,0.2642
SPADES KING SPADES THREE,0.3968,0.0068,0.5964
DIAMONDS QUEEN DIAMONDS EIGHT,0.0214,0.9044,0.0742
HEARTS TWO DIAMONDS EIGHT,0.7258,0.0426,0.2316
DIAMONDS KING DIAMONDS EIGHT,0.2336,0.0294,0.737
HEARTS THREE DIAMONDS EIGHT,0.7214,0.048,0.2306
DIAMONDS ACE DIAMONDS EIGHT,0.2278,0.0206,0.7516
HEARTS FOUR DIAMONDS EIGHT,0.7062,0.046,0.2478
HEARTS FIVE DIAMONDS EIGHT,0.6976,0.043,0.2594
DIAMONDS EIGHT DIAMONDS TEN,0.6414,0.0398,0.3188
DIAMONDS EIGHT DIAMONDS JACK,0.6584,0.0418,0.2998
SPADES JACK SPADES THREE,0.5964,0.0096,0.394
SPADES TEN SPADES THREE,0.6112,0.013,0.3758
CLUBS FOUR HEARTS ACE,0.392,0.0054,0.6026
CLUBS FOUR HEARTS QUEEN,0.5534,0.2314,0.2152
CLUBS FOUR HEARTS KING,0.4056,0.006,0.5884
CLUBS SIX HEARTS TEN,0.627,0.008,0.365
CLUBS SIX HEARTS JACK,0.641,0.0096,0.3494
SPADES FOUR DIAMONDS EIGHT,0.7204,0.0498,0.2298
SPADES FIVE DIAMONDS EIGHT,0.6994,0.0486,0.252
DIAMONDS EIGHT SPADES TWO,0.7296,0.0514,0.219
DIAMONDS EIGHT SPADES THREE,0.7204,0.048,0.2316
CLUBS FOUR HEARTS JACK,0.6276,0.0114,0.361
SPADES EIGHT DIAMONDS EIGHT,0.313,0.028,0.659
SPADES JACK HEARTS EIGHT,0.707,0.0428,0.2502
SPADES TEN HEARTS TWO,0.6578,0.0114,0.3308
SPADES TEN DIAMONDS QUEEN,0.2488,0.113,0.6382
CLUBS FOUR HEARTS TEN,0.6446,0.0106,0.3448
SPADES NINE DIAMONDS EIGHT,0.6946,0.041,0.2644
SPADES JACK HEARTS TWO,0.643,0.0114,0.3456
SPADES JACK DIAMONDS QUEEN,0.2388,0.0888,0.6724
SPADES TEN HEARTS EIGHT,0.6778,0.0472,0.275
SPADES SIX DIAMONDS EIGHT,0.6784,0.0462,0.2754
SPADES SEVEN DIAMONDS EIGHT,0.6928,0.0462,0.261
SPADES ACE HEARTS TWO,0.415,0.0058,0.5792
SPADES ACE DIAMONDS QUEEN,0.2436,0.0158,0.7406
SPADES ACE HEARTS EIGHT,0.2478,0.0242,0.728
SPADES KING HEARTS EIGHT,0.2506,0.0312,0.7182
SPADES KING DIAMONDS QUEEN,0.2108,0.027,0.7622
SPADES KING HEARTS TWO,0.4066,0.0066,0.5868
CLUBS TWO HEARTS TEN,0.6428,0.0134,0.3438
CLUBS TWO HEARTS JACK,0.641,0.0122,0.3468
SPADES SEVEN DIAMONDS NINE,0.6122,0.0126,0.3752
SPADES SIX DIAMONDS NINE,0.623,0.01,0.367
SPADES NINE DIAMONDS NINE,0.302,0.0198,0.6782
SPADES EIGHT DIAMONDS NINE,0.684,0.0428,0.2732
SPADES TEN CLUBS KING,0.3484,0.008,0.6436
DIAMONDS NINE SPADES THREE,0.6378,0.0156,0.3466
SPADES JACK CLUBS KING,0.3316,0.0078,0.6606
DIAMONDS NINE SPADES TWO,0.6368,0.0106,0.3526
SPADES FIVE DIAMONDS NINE,0.6272,0.0132,0.3596
DIAMONDS NINE SPADES FOUR,0.6422,0.0114,0.3464
CLUBS NINE DIAMONDS NINE,0.3084,0.0154,0.6762
CLUBS SIX DIAMONDS NINE,0.6228,0.012,0.3652
SPADES JACK CLUBS FOUR,0.6536,0.0096,0.3368
SPADES TEN CLUBS FOUR,0.6356,0.0096,0.3548
CLUBS SEVEN DIAMONDS NINE,0.6176,0.0102,0.3722
CLUBS FOUR DIAMONDS NINE,0.6384,0.0104,0.3512
CLUBS FIVE DIAMONDS NINE,0.6242,0.0098,0.366
CLUBS TWO DIAMONDS NINE,0.6566,0.012,0.3314
CLUBS THREE DIAMONDS NINE,0.6512,0.01,0.3388
DIAMONDS NINE HEARTS EIGHT,0.6746,0.0406,0.2848
DIAMONDS NINE HEARTS NINE,0.3038,0.02,0.6762
HEARTS SIX DIAMONDS NINE,0.6134,0.0124,0.3742
DIAMONDS NINE HEARTS SEVEN,0.6018,0.0084,0.3898
DIAMONDS ACE DIAMONDS NINE,0.3558,0.004,0.6402
HEARTS FOUR DIAMONDS NINE,0.6384,0.0096,0.352
HEARTS FIVE DIAMONDS NINE,0.6248,0.012,0.3632
CLUBS TWO HEARTS ACE,0.4112,0.0054,0.5834
SPADES ACE CLUBS FOUR,0.4112,0.0052,0.5836
DIAMONDS QUEEN DIAMONDS NINE,0.2198,0.1506,0.6296
HEARTS TWO DIAMONDS NINE,0.6408,0.009,0.3502
CLUBS TWO HEARTS KING,0.4286,0.0046,0.5668
SPADES KING CLUBS FOUR,0.4104,0.0066,0.583
DIAMONDS KING DIAMONDS NINE,0.3444,0.0048,0.6508
HEARTS THREE DIAMONDS NINE,0.6414,0.0106,0.348
CLUBS TWO HEARTS QUEEN,0.5542,0.2278,0.218
DIAMONDS NINE DIAMONDS JACK,0.5378,0.0108,0.4514
DIAMONDS NINE DIAMONDS TEN,0.5322,0.0098,0.458
HEARTS SIX DIAMONDS TEN,0.6216,0.0102,0.3682
DIAMONDS TEN HEARTS SEVEN,0.6244,0.012,0.3636
DIAMONDS TEN HEARTS EIGHT,0.6888,0.0416,0.2696
CLUBS FOUR CLUBS JACK,0.6078,0.0102,0.382
DIAMONDS TEN HEARTS NINE,0.5718,0.0102,0.418
CLUBS TEN CLUBS FOUR,0.6086,0.0106,0.3808
CLUBS FOUR CLUBS KING,0.3798,0.0092,0.611
CLUBS FOUR CLUBS QUEEN,0.525,0.207,0.268
CLUBS TWO DIAMONDS TEN,0.6396,0.0124,0.348
CLUBS THREE DIAMONDS TEN,0.6502,0.012,0.3378
CLUBS FOUR CLUBS ACE,0.3862,0.0056,0.6082
DIAMONDS JACK DIAMONDS TEN,0.5314,0.0094,0.4592
DIAMONDS QUEEN DIAMONDS TEN,0.2104,0.1112,0.6784
HEARTS TWO DIAMONDS TEN,0.646,0.01,0.344
DIAMONDS KING DIAMONDS TEN,0.3188,0.0074,0.6738
HEARTS THREE DIAMONDS TEN,0.6422,0.0094,0.3484
DIAMONDS ACE DIAMONDS TEN,0.3416,0.0028,0.6556
HEARTS FOUR DIAMONDS TEN,0.6272,0.0096,0.3632
HEARTS FIVE DIAMONDS TEN,0.6304,0.013,0.3566
CLUBS NINE SPADES THREE,0.625,0.0118,0.3632
CLUBS NINE SPADES TWO,0.651,0.0144,0.3346
CLUBS NINE SPADES FIVE,0.63,0.0124,0.3576
CLUBS NINE SPADES FOUR,0.637,0.0126,0.3504
CLUBS NINE SPADES SEVEN,0.6198,0.0106,0.3696
CLUBS NINE SPADES SIX,0.6136,0.0122,0.3742
CLUBS NINE SPADES NINE,0.2976,0.0212,0.6812
CLUBS TEN HEARTS EIGHT,0.6876,0.0432,0.2692
CLUBS NINE SPADES EIGHT,0.6812,0.0458,0.273
CLUBS JACK HEARTS EIGHT,0.701,0.0386,0.2604
CLUBS QUEEN HEARTS EIGHT,0.0094,0.9716,0.019
CLUBS KING HEARTS EIGHT,0.2422,0.0328,0.725
CLUBS ACE HEARTS EIGHT,0.237,0.0252,0.7378
SPADES KING CLUBS KING,0.1288,0.0062,0.865
SPADES ACE CLUBS KING,0.3326,0.0048,0.6626
DIAMONDS ACE HEARTS TEN,0.3576,0.0028,0.6396
HEARTS FOUR HEARTS TEN,0.588,0.012,0.4
DIAMONDS ACE HEARTS JACK,0.371,0.0028,0.6262
HEARTS FOUR HEARTS JACK,0.6,0.0092,0.3908
SPADES KING CLUBS FIVE,0.3976,0.0092,0.5932
SPADES ACE CLUBS FIVE,0.399,0.0054,0.5956
DIAMONDS JACK HEARTS SEVEN,0.6292,0.0106,0.3602
HEARTS SIX DIAMONDS JACK,0.64,0.01,0.35
DIAMONDS JACK HEARTS NINE,0.58,0.0088,0.4112
DIAMONDS JACK HEARTS EIGHT,0.716,0.0382,0.2458
DIAMONDS KING DIAMONDS JACK,0.3246,0.0036,0.6718
HEARTS THREE DIAMONDS JACK,0.6478,0.0084,0.3438
SPADES ACE SPADES SIX,0.382,0.0044,0.6136
SPADES FOUR HEARTS ACE,0.413,0.0038,0.5832
DIAMONDS QUEEN DIAMONDS JACK,0.224,0.0916,0.6844
HEARTS TWO DIAMONDS JACK,0.6446,0.012,0.3434
HEARTS FIVE DIAMONDS JACK,0.6408,0.0108,0.3484
SPADES FOUR HEARTS QUEEN,0.5492,0.2222,0.2286
DIAMONDS ACE DIAMONDS JACK,0.3328,0.002,0.6652
HEARTS FOUR DIAMONDS JACK,0.6276,0.0094,0.363
SPADES KING SPADES SIX,0.3874,0.0072,0.6054
HEARTS KING SPADES FOUR,0.4084,0.0088,0.5828
SPADES TEN SPADES SIX,0.5874,0.0128,0.3998
SPADES JACK SPADES SIX,0.614,0.0118,0.3742
SPADES FOUR DIAMONDS JACK,0.638,0.013,0.349
SPADES FIVE DIAMONDS JACK,0.6444,0.0118,0.3438
DIAMONDS JACK SPADES TWO,0.6464,0.0114,0.3422
SPADES THREE DIAMONDS JACK,0.6422,0.0118,0.346
SPADES ACE DIAMONDS THREE,0.3958,0.005,0.5992
SPADES KING DIAMONDS THREE,0.4118,0.0064,0.5818
CLUBS NINE DIAMONDS JACK,0.5736,0.012,0.4144
CLUBS SIX DIAMONDS JACK,0.6454,0.0102,0.3444
CLUBS SEVEN DIAMONDS JACK,0.639,0.0118,0.3492
CLUBS FOUR DIAMONDS JACK,0.6416,0.0094,0.349
CLUBS FIVE DIAMONDS JACK,0.6352,0.0132,0.3516
CLUBS TWO DIAMONDS JACK,0.6536,0.0114,0.335
CLUBS THREE DIAMONDS JACK,0.6608,0.0102,0.329
SPADES JACK HEARTS SIX,0.639,0.0118,0.3492
SPADES TEN CLUBS FIVE,0.6416,0.0112,0.3472
SPADES JACK CLUBS FIVE,0.6288,0.0098,0.3614
HEARTS SIX SPADES TEN,0.6332,0.0128,0.354
SPADES JACK DIAMONDS THREE,0.6566,0.0108,0.3326
CLUBS SEVEN CLUBS ACE,0.3928,0.004,0.6032
SPADES TEN DIAMONDS THREE,0.6328,0.0118,0.3554
CLUBS SEVEN CLUBS QUEEN,0.5198,0.217,0.2632
CLUBS SEVEN CLUBS KING,0.3734,0.0062,0.6204
SPADES NINE DIAMONDS JACK,0.58,0.0106,0.4094
CLUBS TEN CLUBS SEVEN,0.5734,0.0096,0.417
DIAMONDS ACE HEARTS ACE,0.1458,0.0028,0.8514
HEARTS FOUR HEARTS ACE,0.3818,0.006,0.6122
SPADES EIGHT DIAMONDS JACK,0.707,0.0392,0.2538
SPADES ACE HEARTS SIX,0.3922,0.0036,0.6042
CLUBS SEVEN CLUBS JACK,0.5968,0.012,0.3912
DIAMONDS ACE HEARTS KING,0.3292,0.002,0.6688
HEARTS FOUR HEARTS KING,0.3784,0.0066,0.615
SPADES SEVEN DIAMONDS JACK,0.6426,0.0124,0.345
SPADES KING HEARTS SIX,0.4,0.0068,0.5932
DIAMONDS ACE HEARTS QUEEN,0.2402,0.0134,0.7464
HEARTS FOUR HEARTS QUEEN,0.5088,0.211,0.2802
SPADES SIX DIAMONDS JACK,0.641,0.009,0.35
SPADES TWO DIAMONDS TEN,0.6526,0.01,0.3374
SPADES THREE DIAMONDS TEN,0.6488,0.0092,0.342
SPADES FOUR DIAMONDS TEN,0.6454,0.0104,0.3442
SPADES FIVE DIAMONDS TEN,0.6412,0.011,0.3478
SPADES SIX DIAMONDS TEN,0.623,0.011,0.366
SPADES SEVEN DIAMONDS TEN,0.6272,0.01,0.3628
SPADES EIGHT DIAMONDS TEN,0.7056,0.04,0.2544
SPADES NINE DIAMONDS TEN,0.5776,0.0084,0.414
CLUBS FOUR DIAMONDS TEN,0.6416,0.014,0.3444
CLUBS FIVE DIAMONDS TEN,0.646,0.0128,0.3412
CLUBS SIX DIAMONDS TEN,0.6256,0.0118,0.3626
CLUBS SEVEN DIAMONDS TEN,0.6152,0.0102,0.3746
CLUBS NINE DIAMONDS TEN,0.565,0.0114,0.4236
DIAMONDS THREE CLUBS JACK,0.6386,0.009,0.3524
CLUBS TEN DIAMONDS THREE,0.6464,0.0104,0.3432
DIAMONDS THREE CLUBS KING,0.4182,0.0074,0.5744
DIAMONDS THREE CLUBS QUEEN,0.5448,0.217,0.2382
DIAMONDS THREE CLUBS ACE,0.4122,0.0046,0.5832
SPADES FOUR HEARTS JACK,0.6376,0.0114,0.351
SPADES FOUR HEARTS TEN,0.6372,0.012,0.3508
SPADES FIVE SPADES TWO,0.6122,0.0146,0.3732
SPADES FOUR SPADES TWO,0.6124,0.0136,0.374
SPADES THREE SPADES TWO,0.6216,0.0136,0.3648
SPADES NINE SPADES TWO,0.6202,0.0106,0.3692
SPADES EIGHT SPADES TWO,0.6896,0.047,0.2634
SPADES SEVEN SPADES TWO,0.6444,0.012,0.3436
SPADES SIX SPADES TWO,0.627,0.0134,0.3596
DIAMONDS QUEEN CLUBS THREE,0.5638,0.2274,0.2088
HEARTS TWO CLUBS THREE,0.6484,0.0132,0.3384
DIAMONDS QUEEN CLUBS TWO,0.5454,0.23,0.2246
CLUBS TWO HEARTS TWO,0.456,0.0198,0.5242
DIAMONDS QUEEN HEARTS SEVEN,0.5518,0.2324,0.2158
HEARTS TWO HEARTS SEVEN,0.6176,0.0124,0.37
HEARTS SIX DIAMONDS QUEEN,0.5498,0.2198,0.2304
HEARTS SIX HEARTS TWO,0.624,0.0108,0.3652
DIAMONDS QUEEN HEARTS NINE,0.223,0.1558,0.6212
HEARTS TWO HEARTS NINE,0.5926,0.0136,0.3938
DIAMONDS QUEEN HEARTS EIGHT,0.0236,0.9546,0.0218
HEARTS TWO HEARTS EIGHT,0.6698,0.0518,0.2784
CLUBS NINE HEARTS TWO,0.6422,0.0122,0.3456
CLUBS NINE DIAMONDS QUEEN,0.2124,0.167,0.6206
CLUBS FIVE DIAMONDS QUEEN,0.5606,0.2118,0.2276
CLUBS FIVE HEARTS TWO,0.646,0.0128,0.3412
SPADES EIGHT HEARTS ACE,0.2532,0.021,0.7258
CLUBS FOUR DIAMONDS QUEEN,0.543,0.2236,0.2334
CLUBS FOUR HEARTS TWO,0.6478,0.0114,0.3408
SPADES EIGHT HEARTS QUEEN,0.02,0.9696,0.0104
CLUBS SEVEN HEARTS TWO,0.6816,0.0102,0.3082
CLUBS SEVEN DIAMONDS QUEEN,0.5522,0.2206,0.2272
CLUBS SIX DIAMONDS QUEEN,0.559,0.221,0.22
CLUBS SIX HEARTS TWO,0.6596,0.0116,0.3288
SPADES EIGHT HEARTS KING,0.2574,0.0344,0.7082
DIAMONDS QUEEN SPADES SIX,0.5488,0.2196,0.2316
HEARTS TWO SPADES SIX,0.665,0.0134,0.3216
HEARTS FOUR CLUBS QUEEN,0.5374,0.2244,0.2382
DIAMONDS ACE CLUBS QUEEN,0.2336,0.0158,0.7506
DIAMONDS QUEEN SPADES SEVEN,0.5554,0.2268,0.2178
SPADES SEVEN HEARTS TWO,0.6652,0.0116,0.3232
HEARTS FOUR CLUBS KING,0.4076,0.0068,0.5856
DIAMONDS ACE CLUBS KING,0.3314,0.0034,0.6652
SPADES EIGHT DIAMONDS QUEEN,0.0166,0.9736,0.0098
SPADES EIGHT HEARTS TWO,0.7356,0.0462,0.2182
HEARTS FOUR CLUBS ACE,0.3972,0.0048,0.598
DIAMONDS ACE CLUBS ACE,0.1388,0.0028,0.8584
SPADES NINE DIAMONDS QUEEN,0.234,0.1692,0.5968
SPADES NINE HEARTS TWO,0.6322,0.0108,0.357
HEARTS TWO SPADES TWO,0.4562,0.0232,0.5206
DIAMONDS QUEEN SPADES TWO,0.5618,0.2226,0.2156
HEARTS TWO SPADES THREE,0.6426,0.0112,0.3462
DIAMONDS QUEEN SPADES THREE,0.5512,0.2284,0.2204
HEARTS TWO SPADES FOUR,0.6452,0.015,0.3398
DIAMONDS QUEEN SPADES FOUR,0.5566,0.221,0.2224
HEARTS FOUR CLUBS TEN,0.6362,0.0126,0.3512
CLUBS TEN DIAMONDS ACE,0.3446,0.0032,0.6522
HEARTS TWO SPADES FIVE,0.6372,0.014,0.3488
DIAMONDS QUEEN SPADES FIVE,0.543,0.2222,0.2348
HEARTS FOUR CLUBS JACK,0.6362,0.0108,0.353
DIAMONDS ACE CLUBS JACK,0.3432,0.0056,0.6512
CLUBS FIVE CLUBS KING,0.38,0.01,0.61
CLUBS FIVE CLUBS QUEEN,0.5244,0.2082,0.2674
CLUBS FIVE CLUBS ACE,0.3766,0.0052,0.6182
CLUBS FIVE CLUBS JACK,0.6008,0.0102,0.389
CLUBS TEN CLUBS FIVE,0.5978,0.0116,0.3906
SPADES KING CLUBS JACK,0.3418,0.0088,0.6494
SPADES ACE CLUBS JACK,0.3472,0.007,0.6458
SPADES SIX CLUBS KING,0.3988,0.0086,0.5926
SPADES SIX CLUBS QUEEN,0.5476,0.2376,0.2148
SPADES EIGHT HEARTS JACK,0.7088,0.043,0.2482
SPADES SIX CLUBS ACE,0.3942,0.0042,0.6016
SPADES EIGHT HEARTS TEN,0.7064,0.041,0.2526
SPADES SIX CLUBS JACK,0.6394,0.0104,0.3502
CLUBS TEN SPADES SIX,0.6348,0.0092,0.356
SPADES TEN CLUBS JACK,0.5584,0.0078,0.4338
SPADES JACK CLUBS JACK,0.281,0.01,0.709
SPADES KING CLUBS SEVEN,0.4062,0.0062,0.5876
SPADES ACE CLUBS SEVEN,0.3944,0.0034,0.6022
SPADES SIX HEARTS TEN,0.6346,0.0102,0.3552
SPADES SIX HEARTS JACK,0.6478,0.0096,0.3426
SPADES SIX HEARTS ACE,0.4108,0.003,0.5862
SPADES SIX HEARTS KING,0.4004,0.0062,0.5934
SPADES SIX HEARTS QUEEN,0.557,0.2262,0.2168
SPADES JACK CLUBS SEVEN,0.644,0.0126,0.3434
SPADES TEN CLUBS SEVEN,0.63,0.0108,0.3592
CLUBS TEN HEARTS SIX,0.6274,0.0094,0.3632
HEARTS SIX CLUBS JACK,0.6356,0.0108,0.3536
CLUBS ACE CLUBS JACK,0.3494,0.0032,0.6474
HEARTS SIX CLUBS QUEEN,0.5508,0.2206,0.2286
HEARTS SIX CLUBS KING,0.393,0.0046,0.6024
HEARTS SIX CLUBS ACE,0.3984,0.0038,0.5978
CLUBS QUEEN CLUBS JACK,0.2292,0.0868,0.684
CLUBS KING CLUBS JACK,0.3434,0.0054,0.6512
DIAMONDS THREE HEARTS ACE,0.4138,0.0068,0.5794
DIAMONDS THREE HEARTS QUEEN,0.5532,0.2176,0.2292
DIAMONDS THREE HEARTS KING,0.42,0.0102,0.5698
CLUBS FIVE HEARTS JACK,0.6332,0.0086,0.3582
HEARTS FOUR SPADES TEN,0.6374,0.0112,0.3514
SPADES TEN DIAMONDS ACE,0.3598,0.0044,0.6358
CLUBS FIVE HEARTS TEN,0.645,0.0126,0.3424
HEARTS FOUR SPADES JACK,0.6354,0.011,0.3536
SPADES JACK DIAMONDS ACE,0.3676,0.005,0.6274
SPADES ACE HEARTS FOUR,0.4002,0.0044,0.5954
SPADES ACE DIAMONDS ACE,0.1292,0.0046,0.8662
CLUBS FIVE HEARTS ACE,0.4004,0.0046,0.595
CLUBS FIVE HEARTS KING,0.4038,0.0086,0.5876
SPADES FOUR CLUBS JACK,0.63,0.011,0.359
CLUBS FIVE HEARTS QUEEN,0.546,0.2286,0.2254
SPADES KING DIAMONDS ACE,0.3214,0.0038,0.6748
HEARTS FOUR SPADES KING,0.403,0.0074,0.5896
CLUBS TEN SPADES FOUR,0.6272,0.0142,0.3586
DIAMONDS QUEEN DIAMONDS ACE,0.2382,0.0168,0.745
HEARTS TWO DIAMONDS ACE,0.4156,0.0044,0.58
HEARTS FOUR DIAMONDS QUEEN,0.5438,0.2158,0.2404
HEARTS FOUR HEARTS TWO,0.5898,0.0128,0.3974
DIAMONDS THREE HEARTS TEN,0.6302,0.0104,0.3594
SPADES FOUR CLUBS KING,0.41,0.0082,0.5818
HEARTS FIVE DIAMONDS QUEEN,0.5518,0.2174,0.2308
HEARTS FIVE HEARTS TWO,0.6072,0.0104,0.3824
DIAMONDS THREE HEARTS JACK,0.6396,0.0108,0.3496
SPADES FOUR CLUBS QUEEN,0.5522,0.2242,0.2236
DIAMONDS QUEEN HEARTS TWO,0.5462,0.2262,0.2276
DIAMONDS KING DIAMONDS QUEEN,0.212,0.0234,0.7646
DIAMONDS KING HEARTS TWO,0.4138,0.0064,0.5798
HEARTS THREE DIAMONDS QUEEN,0.535,0.2366,0.2284
HEARTS THREE HEARTS TWO,0.6044,0.0142,0.3814
SPADES FOUR CLUBS ACE,0.398,0.0052,0.5968
HEARTS TWO CLUBS ACE,0.4082,0.0066,0.5852
DIAMONDS QUEEN CLUBS ACE,0.2468,0.013,0.7402
HEARTS TWO CLUBS QUEEN,0.5442,0.2252,0.2306
DIAMONDS QUEEN CLUBS QUEEN,0.0954,0.0216,0.883
HEARTS TWO CLUBS KING,0.4114,0.0078,0.5808
DIAMONDS QUEEN CLUBS KING,0.231,0.0272,0.7418
SPADES EIGHT SPADES FIVE,0.6596,0.0492,0.2912
CLUBS TEN HEARTS TWO,0.6452,0.0104,0.3444
CLUBS TEN DIAMONDS QUEEN,0.2332,0.1176,0.6492
SPADES NINE SPADES FIVE,0.6068,0.0114,0.3818
HEARTS TWO CLUBS JACK,0.6416,0.008,0.3504
DIAMONDS QUEEN CLUBS JACK,0.237,0.0906,0.6724
SPADES SIX SPADES FIVE,0.5902,0.0126,0.3972
SPADES SEVEN SPADES FIVE,0.603,0.0128,0.3842
DIAMONDS FIVE CLUBS QUEEN,0.5396,0.2262,0.2342
SPADES EIGHT CLUBS ACE,0.2394,0.0258,0.7348
DIAMONDS FIVE CLUBS KING,0.4092,0.0078,0.583
SPADES EIGHT CLUBS KING,0.2412,0.0356,0.7232
CLUBS ACE DIAMONDS FIVE,0.395,0.0038,0.6012
SPADES EIGHT CLUBS QUEEN,0.0084,0.9858,0.0058
SPADES EIGHT CLUBS JACK,0.7066,0.0428,0.2506
CLUBS TEN SPADES EIGHT,0.6838,0.0474,0.2688
CLUBS TEN DIAMONDS FIVE,0.6364,0.0116,0.352
DIAMONDS FIVE CLUBS JACK,0.6252,0.0118,0.363
HEARTS JACK DIAMONDS TEN,0.559,0.0078,0.4332
DIAMONDS TEN HEARTS TEN,0.2942,0.0148,0.691
SPADES ACE CLUBS NINE,0.359,0.005,0.636
CLUBS NINE SPADES KING,0.3506,0.0092,0.6402
HEARTS SIX HEARTS KING,0.3844,0.0058,0.6098
DIAMONDS KING SPADES SEVEN,0.4078,0.01,0.5822
HEARTS THREE SPADES SEVEN,0.6564,0.0128,0.3308
SPADES KING DIAMONDS SEVEN,0.4002,0.0066,0.5932
HEARTS SIX HEARTS QUEEN,0.5106,0.2112,0.2782
DIAMONDS KING SPADES SIX,0.415,0.006,0.579
HEARTS THREE SPADES SIX,0.649,0.0116,0.3394
SPADES NINE DIAMONDS KING,0.3564,0.006,0.6376
HEARTS THREE SPADES NINE,0.648,0.0112,0.3408
HEARTS SIX HEARTS ACE,0.3766,0.0036,0.6198
DIAMONDS KING SPADES EIGHT,0.2544,0.0378,0.7078
HEARTS THREE SPADES EIGHT,0.7294,0.052,0.2186
SPADES ACE DIAMONDS SEVEN,0.4172,0.0032,0.5796
CLUBS NINE HEARTS THREE,0.6358,0.0112,0.353
CLUBS NINE DIAMONDS KING,0.3598,0.0066,0.6336
HEARTS THREE SPADES THREE,0.4654,0.0284,0.5062
DIAMONDS KING SPADES THREE,0.4134,0.0068,0.5798
HEARTS THREE SPADES TWO,0.651,0.0132,0.3358
