opposingHand,winningChance,drawChance,lostChance
SPADES ACE DIAMONDS TWO
HEARTS FIVE SPADES TEN,0.6206,0.0054,0.374
HEARTS FIVE SPADES JACK,0.6096,0.0062,0.3842
SPADES FIVE CLUBS JACK,0.6124,0.0052,0.3824
CLUBS TEN SPADES FIVE,0.609,0.0042,0.3868
CLUBS EIGHT CLUBS JACK,0.5454,0.0034,0.4512
CLUBS TEN CLUBS EIGHT,0.5234,0.0054,0.4712
CLUBS EIGHT CLUBS KING,0.5534,0.0054,0.4412
SPADES FIVE CLUBS ACE,0.2232,0.4604,0.3164
CLUBS EIGHT CLUBS QUEEN,0.5394,0.0044,0.4562
SPADES FIVE CLUBS KING,0.6188,0.005,0.3762
SPADES FIVE CLUBS QUEEN,0.6028,0.0058,0.3914
CLUBS EIGHT CLUBS ACE,0.236,0.2158,0.5482
SPADES KING HEARTS FIVE,0.6092,0.005,0.3858
HEARTS FIVE SPADES QUEEN,0.6054,0.0046,0.39
DIAMONDS THREE DIAMONDS FOUR,0.5622,0.008,0.4298
SPADES FOUR CLUBS TWO,0.7454,0.0162,0.2384
DIAMONDS THREE DIAMONDS FIVE,0.5666,0.0056,0.4278
SPADES FIVE CLUBS TWO,0.7436,0.0152,0.2412
CLUBS TWO SPADES TWO,0.3284,0.0124,0.6592
CLUBS TWO SPADES THREE,0.7484,0.0138,0.2378
DIAMONDS THREE DIAMONDS EIGHT,0.584,0.0058,0.4102
SPADES EIGHT CLUBS TWO,0.7406,0.016,0.2434
DIAMONDS THREE DIAMONDS NINE,0.5832,0.0064,0.4104
SPADES NINE CLUBS TWO,0.7478,0.0148,0.2374
DIAMONDS THREE DIAMONDS SIX,0.5706,0.0054,0.424
SPADES SIX CLUBS TWO,0.768,0.0132,0.2188
DIAMONDS THREE DIAMONDS SEVEN,0.5642,0.0066,0.4292
SPADES SEVEN CLUBS TWO,0.7482,0.013,0.2388
CLUBS SIX CLUBS TWO,0.7084,0.0104,0.2812
CLUBS SEVEN CLUBS TWO,0.7086,0.0112,0.2802
CLUBS FOUR CLUBS TWO,0.6956,0.0118,0.2926
CLUBS FIVE CLUBS TWO,0.708,0.0168,0.2752
CLUBS TEN CLUBS JACK,0.515,0.004,0.481
DIAMONDS FOUR DIAMONDS SIX,0.5496,0.0066,0.4438
CLUBS TEN CLUBS QUEEN,0.5244,0.0042,0.4714
DIAMONDS FOUR DIAMONDS SEVEN,0.5592,0.0052,0.4356
CLUBS TEN CLUBS KING,0.5292,0.0056,0.4652
CLUBS TEN CLUBS ACE,0.2318,0.111,0.6572
CLUBS EIGHT CLUBS TWO,0.687,0.0162,0.2968
DIAMONDS FOUR DIAMONDS FIVE,0.5552,0.007,0.4378
CLUBS NINE CLUBS TWO,0.7006,0.0146,0.2848
DIAMONDS FOUR DIAMONDS NINE,0.5964,0.0046,0.399
DIAMONDS FOUR DIAMONDS EIGHT,0.577,0.007,0.416
CLUBS THREE CLUBS TWO,0.7132,0.0156,0.2712
DIAMONDS NINE DIAMONDS FIVE,0.5642,0.0056,0.4302
DIAMONDS FIVE DIAMONDS EIGHT,0.562,0.0066,0.4314
DIAMONDS FIVE DIAMONDS SEVEN,0.5494,0.0042,0.4464
DIAMONDS SIX DIAMONDS FIVE,0.5628,0.0064,0.4308
DIAMONDS SIX DIAMONDS EIGHT,0.545,0.0058,0.4492
DIAMONDS NINE DIAMONDS SIX,0.5586,0.0048,0.4366
HEARTS ACE SPADES THREE,0.2186,0.513,0.2684
SPADES THREE HEARTS KING,0.6276,0.0056,0.3668
DIAMONDS SIX DIAMONDS SEVEN,0.539,0.0064,0.4546
SPADES THREE HEARTS QUEEN,0.621,0.0058,0.3732
SPADES THREE HEARTS JACK,0.6132,0.0056,0.3812
SPADES THREE HEARTS TEN,0.6174,0.0062,0.3764
DIAMONDS EIGHT DIAMONDS SEVEN,0.5196,0.004,0.4764
DIAMONDS NINE DIAMONDS SEVEN,0.5494,0.0044,0.4462
DIAMONDS NINE DIAMONDS EIGHT,0.524,0.0054,0.4706
DIAMONDS KING HEARTS TEN,0.5594,0.0042,0.4364
HEARTS THREE HEARTS TEN,0.5802,0.0056,0.4142
SPADES JACK CLUBS SIX,0.6064,0.0066,0.387
DIAMONDS KING HEARTS JACK,0.5526,0.006,0.4414
HEARTS THREE HEARTS JACK,0.5614,0.0044,0.4342
SPADES TEN CLUBS SIX,0.5892,0.004,0.4068
SPADES JACK SPADES FIVE,0.5716,0.0054,0.423
SPADES TEN SPADES FIVE,0.5864,0.0052,0.4084
DIAMONDS KING HEARTS ACE,0.2382,0.0484,0.7134
HEARTS THREE HEARTS ACE,0.21,0.4822,0.3078
DIAMONDS KING HEARTS QUEEN,0.5648,0.0044,0.4308
HEARTS THREE HEARTS QUEEN,0.5712,0.0064,0.4224
SPADES KING CLUBS SIX,0.6044,0.0048,0.3908
DIAMONDS KING HEARTS KING,0.293,0.0058,0.7012
HEARTS THREE HEARTS KING,0.5898,0.0064,0.4038
SPADES QUEEN CLUBS SIX,0.609,0.0048,0.3862
SPADES NINE HEARTS TEN,0.547,0.0054,0.4476
SPADES NINE HEARTS JACK,0.5794,0.0034,0.4172
SPADES QUEEN SPADES FIVE,0.5784,0.0058,0.4158
SPADES KING SPADES FIVE,0.5914,0.005,0.4036
SPADES NINE HEARTS QUEEN,0.5662,0.0052,0.4286
SPADES NINE HEARTS KING,0.5876,0.005,0.4074
SPADES NINE HEARTS ACE,0.2512,0.1722,0.5766
CLUBS TEN SPADES JACK,0.5526,0.0048,0.4426
CLUBS TEN SPADES TEN,0.3206,0.0054,0.674
SPADES KING CLUBS TEN,0.5654,0.0068,0.4278
SPADES QUEEN CLUBS TEN,0.5574,0.0036,0.439
SPADES FIVE HEARTS QUEEN,0.6126,0.0052,0.3822
SPADES FIVE HEARTS KING,0.6066,0.005,0.3884
SPADES FIVE HEARTS ACE,0.2234,0.4552,0.3214
SPADES JACK HEARTS THREE,0.6262,0.0058,0.368
SPADES JACK DIAMONDS KING,0.5774,0.0054,0.4172
SPADES TEN CLUBS EIGHT,0.5732,0.0062,0.4206
SPADES JACK CLUBS EIGHT,0.5826,0.0038,0.4136
SPADES TEN HEARTS THREE,0.6138,0.0056,0.3806
SPADES TEN DIAMONDS KING,0.575,0.0056,0.4194
CLUBS SIX HEARTS ACE,0.2492,0.3774,0.3734
HEARTS FIVE CLUBS JACK,0.601,0.0034,0.3956
HEARTS FIVE CLUBS TEN,0.6036,0.0044,0.392
CLUBS SIX HEARTS QUEEN,0.6114,0.0048,0.3838
SPADES QUEEN CLUBS EIGHT,0.5782,0.0038,0.418
CLUBS TEN SPADES THREE,0.6112,0.005,0.3838
CLUBS SIX HEARTS KING,0.6048,0.0052,0.39
SPADES KING CLUBS EIGHT,0.6008,0.0054,0.3938
SPADES THREE CLUBS JACK,0.6394,0.0052,0.3554
SPADES THREE CLUBS QUEEN,0.6296,0.0054,0.365
SPADES THREE CLUBS KING,0.6276,0.0072,0.3652
HEARTS FIVE CLUBS ACE,0.2186,0.4524,0.329
SPADES FIVE HEARTS TEN,0.6142,0.0026,0.3832
SPADES THREE CLUBS ACE,0.229,0.5202,0.2508
HEARTS FIVE CLUBS KING,0.611,0.0042,0.3848
SPADES FIVE HEARTS JACK,0.6142,0.004,0.3818
HEARTS FIVE CLUBS QUEEN,0.5948,0.0068,0.3984
HEARTS THREE CLUBS KING,0.619,0.0054,0.3756
DIAMONDS KING CLUBS KING,0.2858,0.0042,0.71
HEARTS THREE CLUBS QUEEN,0.6128,0.0048,0.3824
DIAMONDS KING CLUBS QUEEN,0.5784,0.003,0.4186
HEARTS FIVE HEARTS JACK,0.5622,0.0052,0.4326
HEARTS FIVE HEARTS TEN,0.5688,0.0038,0.4274
HEARTS THREE CLUBS ACE,0.2222,0.5156,0.2622
DIAMONDS KING CLUBS ACE,0.2504,0.0484,0.7012
SPADES KING CLUBS QUEEN,0.5798,0.0056,0.4146
HEARTS THREE CLUBS JACK,0.6066,0.0064,0.387
DIAMONDS KING CLUBS JACK,0.58,0.0052,0.4148
SPADES QUEEN CLUBS QUEEN,0.3236,0.0026,0.6738
CLUBS TEN HEARTS THREE,0.6174,0.0034,0.3792
CLUBS TEN DIAMONDS KING,0.5724,0.004,0.4236
SPADES JACK CLUBS QUEEN,0.5726,0.0046,0.4228
CLUBS SIX CLUBS QUEEN,0.5594,0.004,0.4366
SPADES TEN CLUBS QUEEN,0.5574,0.0056,0.437
CLUBS SIX CLUBS KING,0.5602,0.0054,0.4344
CLUBS SIX CLUBS ACE,0.2462,0.3494,0.4044
HEARTS FIVE HEARTS KING,0.5678,0.0048,0.4274
HEARTS FIVE HEARTS QUEEN,0.5732,0.0036,0.4232
CLUBS TEN CLUBS SIX,0.5552,0.0034,0.4414
HEARTS FIVE HEARTS ACE,0.2118,0.4334,0.3548
CLUBS SIX CLUBS JACK,0.5574,0.0038,0.4388
SPADES SEVEN HEARTS JACK,0.5788,0.004,0.4172
SPADES SEVEN HEARTS TEN,0.5726,0.0052,0.4222
SPADES SEVEN HEARTS ACE,0.2322,0.3118,0.456
SPADES SEVEN HEARTS KING,0.6034,0.0062,0.3904
SPADES SEVEN HEARTS QUEEN,0.6042,0.006,0.3898
CLUBS FOUR SPADES FIVE,0.5718,0.0054,0.4228
CLUBS FOUR SPADES FOUR,0.3678,0.0084,0.6238
CLUBS FOUR SPADES THREE,0.6048,0.0048,0.3904
CLUBS FOUR SPADES TWO,0.7394,0.0182,0.2424
SPADES NINE CLUBS FOUR,0.62,0.0046,0.3754
SPADES EIGHT CLUBS FOUR,0.6062,0.0056,0.3882
SPADES SEVEN CLUBS FOUR,0.599,0.0046,0.3964
SPADES SIX CLUBS FOUR,0.605,0.005,0.39
SPADES QUEEN DIAMONDS SIX,0.6102,0.0042,0.3856
SPADES KING DIAMONDS SIX,0.6108,0.0072,0.382
SPADES TEN DIAMONDS SIX,0.5928,0.0076,0.3996
SPADES JACK DIAMONDS SIX,0.6082,0.003,0.3888
SPADES QUEEN SPADES TWO,0.7286,0.0164,0.255
SPADES KING SPADES TWO,0.722,0.018,0.26
DIAMONDS JACK CLUBS JACK,0.3016,0.0048,0.6936
CLUBS TEN DIAMONDS JACK,0.551,0.005,0.444
DIAMONDS JACK CLUBS KING,0.5742,0.0044,0.4214
DIAMONDS JACK CLUBS QUEEN,0.5594,0.0056,0.435
DIAMONDS THREE DIAMONDS JACK,0.5832,0.0074,0.4094
DIAMONDS THREE DIAMONDS TEN,0.5852,0.006,0.4088
DIAMONDS JACK CLUBS ACE,0.2426,0.0858,0.6716
DIAMONDS THREE DIAMONDS KING,0.5912,0.0066,0.4022
DIAMONDS THREE HEARTS THREE,0.3628,0.0074,0.6298
DIAMONDS THREE DIAMONDS QUEEN,0.58,0.0046,0.4154
DIAMONDS THREE HEARTS TWO,0.7412,0.0156,0.2432
HEARTS FIVE DIAMONDS THREE,0.5862,0.0058,0.408
DIAMONDS THREE DIAMONDS ACE,0.2096,0.481,0.3094
HEARTS FOUR DIAMONDS THREE,0.594,0.0044,0.4016
HEARTS SEVEN DIAMONDS THREE,0.6,0.0062,0.3938
SPADES TEN SPADES NINE,0.5384,0.0056,0.456
DIAMONDS THREE HEARTS SIX,0.6104,0.0056,0.384
SPADES JACK SPADES NINE,0.5344,0.005,0.4606
DIAMONDS THREE HEARTS NINE,0.6102,0.0046,0.3852
DIAMONDS FOUR HEARTS JACK,0.614,0.006,0.38
HEARTS ACE HEARTS KING,0.2388,0.0468,0.7144
SPADES TEN SPADES TWO,0.7038,0.0152,0.281
DIAMONDS THREE HEARTS EIGHT,0.615,0.006,0.379
DIAMONDS FOUR HEARTS TEN,0.596,0.005,0.399
SPADES JACK SPADES TWO,0.7206,0.0172,0.2622
DIAMONDS FOUR HEARTS QUEEN,0.6206,0.0064,0.373
DIAMONDS FOUR HEARTS KING,0.6188,0.0062,0.375
DIAMONDS FOUR HEARTS ACE,0.2134,0.5084,0.2782
SPADES KING SPADES NINE,0.5546,0.0072,0.4382
SPADES QUEEN SPADES NINE,0.5572,0.0058,0.437
DIAMONDS THREE SPADES NINE,0.6156,0.0038,0.3806
DIAMONDS THREE SPADES EIGHT,0.6172,0.0082,0.3746
DIAMONDS THREE SPADES SEVEN,0.5998,0.0072,0.393
DIAMONDS THREE SPADES SIX,0.5988,0.0064,0.3948
DIAMONDS THREE CLUBS SIX,0.595,0.0046,0.4004
CLUBS FIVE CLUBS SIX,0.5446,0.003,0.4524
DIAMONDS FOUR CLUBS ACE,0.2154,0.519,0.2656
CLUBS SEVEN DIAMONDS THREE,0.6,0.0056,0.3944
CLUBS SEVEN CLUBS FIVE,0.5398,0.0042,0.456
DIAMONDS THREE CLUBS FOUR,0.5896,0.0058,0.4046
DIAMONDS FOUR CLUBS QUEEN,0.6128,0.0062,0.381
DIAMONDS THREE CLUBS FIVE,0.5752,0.0068,0.418
DIAMONDS FOUR CLUBS KING,0.621,0.0062,0.3728
DIAMONDS THREE CLUBS TWO,0.7438,0.0148,0.2414
CLUBS TEN DIAMONDS FOUR,0.6036,0.0058,0.3906
DIAMONDS THREE CLUBS THREE,0.3672,0.0042,0.6286
DIAMONDS FOUR CLUBS JACK,0.6012,0.0044,0.3944
DIAMONDS THREE SPADES FOUR,0.6006,0.006,0.3934
DIAMONDS THREE SPADES FIVE,0.6008,0.0046,0.3946
DIAMONDS THREE SPADES TWO,0.7628,0.0144,0.2228
DIAMONDS THREE SPADES THREE,0.368,0.006,0.626
DIAMONDS THREE CLUBS EIGHT,0.6068,0.0062,0.387
CLUBS NINE DIAMONDS THREE,0.6076,0.0046,0.3878
SPADES SEVEN CLUBS ACE,0.242,0.306,0.452
SPADES SEVEN CLUBS QUEEN,0.6016,0.0066,0.3918
SPADES SEVEN CLUBS KING,0.6004,0.0046,0.395
CLUBS FIVE SPADES SEVEN,0.5908,0.0052,0.404
CLUBS TEN SPADES SEVEN,0.5686,0.005,0.4264
CLUBS FIVE SPADES SIX,0.5786,0.0042,0.4172
SPADES SEVEN CLUBS JACK,0.575,0.0038,0.4212
SPADES NINE CLUBS FIVE,0.5948,0.0058,0.3994
CLUBS FIVE SPADES EIGHT,0.587,0.0044,0.4086
CLUBS FIVE SPADES THREE,0.6026,0.008,0.3894
CLUBS FIVE SPADES TWO,0.7422,0.012,0.2458
CLUBS FIVE SPADES FIVE,0.3598,0.0074,0.6328
CLUBS FIVE SPADES FOUR,0.582,0.0046,0.4134
CLUBS NINE CLUBS FIVE,0.558,0.004,0.438
CLUBS EIGHT CLUBS FIVE,0.5542,0.0058,0.44
CLUBS ACE CLUBS QUEEN,0.2376,0.0582,0.7042
CLUBS KING CLUBS QUEEN,0.5342,0.0062,0.4596
DIAMONDS FOUR DIAMONDS TEN,0.5852,0.0062,0.4086
CLUBS TEN DIAMONDS NINE,0.5666,0.0028,0.4306
DIAMONDS FOUR DIAMONDS JACK,0.5798,0.0062,0.414
DIAMONDS NINE CLUBS JACK,0.5584,0.0054,0.4362
SPADES NINE CLUBS JACK,0.5684,0.005,0.4266
CLUBS TEN SPADES NINE,0.5536,0.0058,0.4406
DIAMONDS FOUR DIAMONDS ACE,0.2114,0.4964,0.2922
HEARTS FOUR DIAMONDS FOUR,0.36,0.0084,0.6316
DIAMONDS JACK HEARTS TEN,0.5412,0.0058,0.453
SPADES NINE CLUBS KING,0.583,0.0056,0.4114
DIAMONDS NINE CLUBS ACE,0.2352,0.1736,0.5912
HEARTS FIVE DIAMONDS FOUR,0.5886,0.0058,0.4056
DIAMONDS JACK HEARTS JACK,0.3082,0.004,0.6878
SPADES NINE CLUBS QUEEN,0.5756,0.0068,0.4176
DIAMONDS FOUR DIAMONDS QUEEN,0.5846,0.0038,0.4116
DIAMONDS FOUR HEARTS TWO,0.746,0.017,0.237
DIAMONDS NINE CLUBS QUEEN,0.5736,0.0038,0.4226
DIAMONDS FOUR DIAMONDS KING,0.5844,0.006,0.4096
DIAMONDS FOUR HEARTS THREE,0.586,0.007,0.407
SPADES NINE CLUBS ACE,0.242,0.181,0.577
DIAMONDS NINE CLUBS KING,0.5752,0.0036,0.4212
HEARTS ACE DIAMONDS JACK,0.2496,0.0826,0.6678
HEARTS QUEEN DIAMONDS JACK,0.5576,0.0044,0.438
HEARTS KING DIAMONDS JACK,0.5666,0.004,0.4294
SPADES JACK SPADES SEVEN,0.5566,0.0052,0.4382
SPADES TEN SPADES SEVEN,0.5576,0.0064,0.436
CLUBS SEVEN CLUBS THREE,0.5696,0.0056,0.4248
CLUBS SIX CLUBS THREE,0.5574,0.0082,0.4344
CLUBS FIVE CLUBS THREE,0.5612,0.006,0.4328
CLUBS THREE CLUBS FOUR,0.5546,0.0066,0.4388
CLUBS NINE CLUBS THREE,0.579,0.0054,0.4156
CLUBS EIGHT CLUBS THREE,0.5882,0.0048,0.407
CLUBS THREE SPADES FIVE,0.5926,0.006,0.4014
CLUBS THREE SPADES FOUR,0.5976,0.0066,0.3958
CLUBS THREE SPADES THREE,0.3688,0.0058,0.6254
CLUBS THREE SPADES TWO,0.7532,0.0158,0.231
CLUBS THREE SPADES SIX,0.6124,0.0052,0.3824
SPADES SEVEN CLUBS THREE,0.5998,0.0058,0.3944
SPADES EIGHT CLUBS THREE,0.6182,0.0058,0.376
SPADES NINE CLUBS THREE,0.6202,0.0068,0.373
DIAMONDS FOUR SPADES TWO,0.7318,0.0178,0.2504
DIAMONDS FOUR SPADES THREE,0.5968,0.0062,0.397
DIAMONDS FOUR SPADES FOUR,0.365,0.007,0.628
DIAMONDS FOUR SPADES FIVE,0.5796,0.0068,0.4136
DIAMONDS FOUR SPADES SIX,0.5852,0.0066,0.4082
DIAMONDS FOUR SPADES SEVEN,0.5846,0.0064,0.409
DIAMONDS FOUR SPADES EIGHT,0.6106,0.0052,0.3842
DIAMONDS FOUR SPADES NINE,0.6246,0.007,0.3684
DIAMONDS FOUR CLUBS FIVE,0.5754,0.0064,0.4182
DIAMONDS FOUR CLUBS FOUR,0.3642,0.0056,0.6302
CLUBS SEVEN DIAMONDS FOUR,0.578,0.0056,0.4164
DIAMONDS FOUR CLUBS SIX,0.5826,0.0042,0.4132
CLUBS NINE DIAMONDS FOUR,0.6124,0.005,0.3826
CLUBS EIGHT DIAMONDS FOUR,0.5938,0.0054,0.4008
HEARTS SEVEN DIAMONDS FOUR,0.5742,0.0054,0.4204
HEARTS SIX DIAMONDS FOUR,0.575,0.0072,0.4178
DIAMONDS FOUR HEARTS NINE,0.6166,0.003,0.3804
DIAMONDS FOUR HEARTS EIGHT,0.597,0.0044,0.3986
DIAMONDS FOUR CLUBS THREE,0.596,0.0078,0.3962
DIAMONDS FOUR CLUBS TWO,0.7482,0.016,0.2358
DIAMONDS TEN DIAMONDS FIVE,0.574,0.0056,0.4204
DIAMONDS JACK DIAMONDS FIVE,0.5762,0.0068,0.417
DIAMONDS NINE HEARTS QUEEN,0.5586,0.0048,0.4366
DIAMONDS NINE HEARTS KING,0.5758,0.003,0.4212
HEARTS ACE DIAMONDS NINE,0.2498,0.1694,0.5808
DIAMONDS NINE HEARTS TEN,0.555,0.0046,0.4404
DIAMONDS NINE HEARTS JACK,0.561,0.0048,0.4342
DIAMONDS SIX CLUBS KING,0.6082,0.0056,0.3862
DIAMONDS SIX CLUBS QUEEN,0.604,0.0032,0.3928
CLUBS ACE DIAMONDS SIX,0.2332,0.3734,0.3934
SPADES KING DIAMONDS FOUR,0.6032,0.0048,0.392
SPADES QUEEN DIAMONDS FOUR,0.6224,0.0048,0.3728
SPADES QUEEN SPADES SEVEN,0.572,0.0064,0.4216
DIAMONDS SIX CLUBS JACK,0.6006,0.0044,0.395
SPADES KING SPADES SEVEN,0.5648,0.0068,0.4284
CLUBS TEN DIAMONDS SIX,0.588,0.0034,0.4086
CLUBS NINE CLUBS FOUR,0.557,0.0034,0.4396
CLUBS EIGHT CLUBS FOUR,0.5598,0.004,0.4362
SPADES JACK DIAMONDS FOUR,0.602,0.004,0.394
SPADES TEN DIAMONDS FOUR,0.6188,0.0066,0.3746
CLUBS FIVE CLUBS FOUR,0.5506,0.0048,0.4446
CLUBS SEVEN CLUBS FOUR,0.5422,0.0056,0.4522
CLUBS SIX CLUBS FOUR,0.5644,0.0056,0.43
CLUBS SEVEN SPADES EIGHT,0.557,0.0038,0.4392
CLUBS SEVEN SPADES NINE,0.5738,0.004,0.4222
CLUBS SEVEN SPADES SIX,0.5968,0.0044,0.3988
CLUBS SEVEN SPADES SEVEN,0.3618,0.0036,0.6346
CLUBS SEVEN SPADES FIVE,0.5878,0.005,0.4072
CLUBS SEVEN SPADES FOUR,0.5892,0.0054,0.4054
CLUBS SEVEN SPADES THREE,0.6042,0.0074,0.3884
CLUBS SEVEN SPADES TWO,0.753,0.012,0.235
CLUBS NINE CLUBS SEVEN,0.5396,0.0048,0.4556
CLUBS SEVEN CLUBS EIGHT,0.51,0.0052,0.4848
HEARTS SIX DIAMONDS FIVE,0.5648,0.006,0.4292
HEARTS SEVEN DIAMONDS FIVE,0.587,0.0046,0.4084
DIAMONDS FIVE HEARTS EIGHT,0.5828,0.0036,0.4136
DIAMONDS FIVE HEARTS NINE,0.5944,0.0058,0.3998
DIAMONDS QUEEN DIAMONDS FIVE,0.5862,0.0062,0.4076
HEARTS TWO DIAMONDS FIVE,0.7392,0.0126,0.2482
HEARTS KING HEARTS EIGHT,0.5488,0.0036,0.4476
DIAMONDS KING DIAMONDS FIVE,0.578,0.0052,0.4168
HEARTS THREE DIAMONDS FIVE,0.587,0.0048,0.4082
HEARTS QUEEN HEARTS EIGHT,0.557,0.0048,0.4382
DIAMONDS ACE DIAMONDS FIVE,0.2162,0.431,0.3528
HEARTS FOUR DIAMONDS FIVE,0.5678,0.006,0.4262
HEARTS FIVE DIAMONDS FIVE,0.3538,0.0054,0.6408
HEARTS ACE HEARTS EIGHT,0.2192,0.2158,0.565
CLUBS FOUR DIAMONDS FIVE,0.5766,0.0046,0.4188
CLUBS FIVE DIAMONDS FIVE,0.3598,0.0058,0.6344
CLUBS SIX DIAMONDS FIVE,0.5742,0.0036,0.4222
CLUBS SEVEN DIAMONDS FIVE,0.5852,0.0052,0.4096
CLUBS TWO DIAMONDS FIVE,0.7402,0.014,0.2458
CLUBS THREE DIAMONDS FIVE,0.5878,0.0056,0.4066
SPADES THREE DIAMONDS FIVE,0.596,0.0048,0.3992
SPADES TWO DIAMONDS FIVE,0.7318,0.0198,0.2484
SPADES JACK DIAMONDS EIGHT,0.5758,0.0044,0.4198
SPADES FIVE DIAMONDS FIVE,0.3576,0.0076,0.6348
CLUBS TEN HEARTS JACK,0.5464,0.0052,0.4484
SPADES TEN DIAMONDS EIGHT,0.5578,0.0058,0.4364
SPADES FOUR DIAMONDS FIVE,0.5776,0.0056,0.4168
HEARTS JACK CLUBS JACK,0.3092,0.005,0.6858
HEARTS JACK CLUBS QUEEN,0.5662,0.0022,0.4316
CLUBS NINE DIAMONDS FIVE,0.5986,0.0082,0.3932
CLUBS KING HEARTS JACK,0.579,0.0026,0.4184
CLUBS EIGHT DIAMONDS FIVE,0.5906,0.0044,0.405
CLUBS ACE HEARTS JACK,0.2436,0.084,0.6724
SPADES SEVEN DIAMONDS FIVE,0.579,0.0062,0.4148
SPADES KING DIAMONDS EIGHT,0.6088,0.0058,0.3854
SPADES SIX DIAMONDS FIVE,0.5772,0.006,0.4168
SPADES QUEEN DIAMONDS EIGHT,0.577,0.0056,0.4174
SPADES NINE DIAMONDS FIVE,0.6122,0.0036,0.3842
SPADES EIGHT DIAMONDS FIVE,0.5994,0.0044,0.3962
DIAMONDS TEN DIAMONDS SIX,0.5534,0.0046,0.442
HEARTS ACE DIAMONDS SEVEN,0.2288,0.3078,0.4634
DIAMONDS JACK DIAMONDS SIX,0.5692,0.004,0.4268
HEARTS QUEEN DIAMONDS SEVEN,0.5944,0.005,0.4006
HEARTS KING DIAMONDS SEVEN,0.587,0.0058,0.4072
DIAMONDS ACE DIAMONDS SIX,0.244,0.3484,0.4076
HEARTS FOUR DIAMONDS SIX,0.586,0.008,0.406
SPADES TWO HEARTS JACK,0.743,0.0164,0.2406
HEARTS FIVE DIAMONDS SIX,0.5732,0.0078,0.419
SPADES TWO HEARTS TEN,0.7506,0.0164,0.233
DIAMONDS QUEEN DIAMONDS SIX,0.5862,0.0062,0.4076
HEARTS TWO DIAMONDS SIX,0.7654,0.012,0.2226
DIAMONDS KING DIAMONDS SIX,0.5784,0.0042,0.4174
HEARTS THREE DIAMONDS SIX,0.6048,0.0072,0.388
DIAMONDS SIX HEARTS EIGHT,0.5692,0.0044,0.4264
DIAMONDS SIX HEARTS NINE,0.5862,0.005,0.4088
HEARTS SIX DIAMONDS SIX,0.3618,0.0038,0.6344
HEARTS SEVEN DIAMONDS SIX,0.5746,0.0046,0.4208
HEARTS TEN DIAMONDS SEVEN,0.5688,0.004,0.4272
CLUBS TWO DIAMONDS SIX,0.7458,0.0118,0.2424
HEARTS JACK DIAMONDS SEVEN,0.5802,0.0046,0.4152
CLUBS THREE DIAMONDS SIX,0.5894,0.0056,0.405
CLUBS SEVEN DIAMONDS SIX,0.5728,0.0034,0.4238
DIAMONDS EIGHT CLUBS JACK,0.5644,0.0038,0.4318
CLUBS SIX DIAMONDS SIX,0.3668,0.0042,0.629
CLUBS TEN DIAMONDS EIGHT,0.5704,0.003,0.4266
CLUBS FIVE DIAMONDS SIX,0.5702,0.006,0.4238
CLUBS FOUR DIAMONDS SIX,0.5812,0.0056,0.4132
HEARTS ACE HEARTS JACK,0.2408,0.0848,0.6744
CLUBS ACE DIAMONDS EIGHT,0.2344,0.2332,0.5324
HEARTS QUEEN HEARTS JACK,0.5368,0.0062,0.457
CLUBS KING DIAMONDS EIGHT,0.5892,0.0052,0.4056
CLUBS NINE DIAMONDS SIX,0.5756,0.0048,0.4196
HEARTS KING HEARTS JACK,0.5456,0.0054,0.449
CLUBS QUEEN DIAMONDS EIGHT,0.5828,0.0046,0.4126
CLUBS EIGHT DIAMONDS SIX,0.5822,0.0042,0.4136
SPADES TEN HEARTS KING,0.5714,0.004,0.4246
SPADES FIVE DIAMONDS SIX,0.574,0.0044,0.4216
HEARTS ACE SPADES TWO,0.016,0.9748,0.0092
SPADES JACK HEARTS KING,0.5842,0.0034,0.4124
SPADES FOUR DIAMONDS SIX,0.5958,0.0074,0.3968
SPADES THREE DIAMONDS SIX,0.5978,0.007,0.3952
HEARTS QUEEN SPADES TWO,0.7538,0.016,0.2302
SPADES TWO HEARTS KING,0.7576,0.0206,0.2218
SPADES TWO DIAMONDS SIX,0.7694,0.0128,0.2178
HEARTS TEN HEARTS EIGHT,0.5232,0.0064,0.4704
SPADES NINE DIAMONDS SIX,0.5928,0.004,0.4032
HEARTS JACK HEARTS EIGHT,0.5378,0.0064,0.4558
SPADES EIGHT DIAMONDS SIX,0.5602,0.0042,0.4356
SPADES SEVEN DIAMONDS SIX,0.5714,0.0068,0.4218
SPADES SIX DIAMONDS SIX,0.3606,0.0052,0.6342
SPADES KING HEARTS KING,0.2846,0.0048,0.7106
SPADES QUEEN HEARTS KING,0.5798,0.006,0.4142
CLUBS ACE CLUBS KING,0.2354,0.0444,0.7202
SPADES QUEEN HEARTS JACK,0.5612,0.0056,0.4332
SPADES KING HEARTS JACK,0.5718,0.0056,0.4226
SPADES TEN DIAMONDS TEN,0.32,0.0052,0.6748
SPADES JACK DIAMONDS TEN,0.5618,0.005,0.4332
SPADES JACK HEARTS JACK,0.3074,0.0038,0.6888
SPADES TEN HEARTS JACK,0.5508,0.0056,0.4436
SPADES QUEEN DIAMONDS TEN,0.579,0.0058,0.4152
SPADES KING DIAMONDS TEN,0.5668,0.0044,0.4288
SPADES NINE DIAMONDS SEVEN,0.5688,0.0052,0.426
SPADES EIGHT DIAMONDS SEVEN,0.5548,0.0042,0.441
SPADES SEVEN DIAMONDS SEVEN,0.3538,0.0058,0.6404
SPADES SIX DIAMONDS SEVEN,0.5688,0.0046,0.4266
DIAMONDS KING DIAMONDS SEVEN,0.5572,0.0048,0.438
HEARTS THREE DIAMONDS SEVEN,0.6068,0.0046,0.3886
HEARTS KING DIAMONDS FIVE,0.616,0.006,0.378
DIAMONDS QUEEN DIAMONDS SEVEN,0.566,0.0068,0.4272
HEARTS TWO DIAMONDS SEVEN,0.742,0.0102,0.2478
HEARTS QUEEN DIAMONDS FIVE,0.607,0.0034,0.3896
HEARTS FIVE DIAMONDS SEVEN,0.5808,0.0034,0.4158
DIAMONDS ACE DIAMONDS SEVEN,0.2276,0.2862,0.4862
HEARTS FOUR DIAMONDS SEVEN,0.5844,0.0046,0.411
HEARTS ACE DIAMONDS FIVE,0.2176,0.4622,0.3202
HEARTS SEVEN DIAMONDS SEVEN,0.3438,0.0032,0.653
HEARTS SIX DIAMONDS SEVEN,0.5768,0.0044,0.4188
HEARTS NINE DIAMONDS SEVEN,0.5546,0.0036,0.4418
HEARTS EIGHT DIAMONDS SEVEN,0.5488,0.0026,0.4486
DIAMONDS JACK DIAMONDS SEVEN,0.562,0.0056,0.4324
HEARTS JACK DIAMONDS FIVE,0.5988,0.0054,0.3958
DIAMONDS TEN DIAMONDS SEVEN,0.5504,0.0048,0.4448
HEARTS TEN DIAMONDS FIVE,0.5928,0.0022,0.405
SPADES KING CLUBS TWO,0.752,0.0152,0.2328
HEARTS KING CLUBS KING,0.2948,0.003,0.7022
CLUBS EIGHT DIAMONDS SEVEN,0.5588,0.005,0.4362
SPADES QUEEN CLUBS TWO,0.7548,0.0206,0.2246
HEARTS KING CLUBS QUEEN,0.5662,0.0054,0.4284
CLUBS NINE DIAMONDS SEVEN,0.5704,0.0056,0.424
SPADES TWO CLUBS JACK,0.747,0.0152,0.2378
CLUBS TEN SPADES TWO,0.7466,0.014,0.2394
HEARTS KING CLUBS ACE,0.2606,0.0508,0.6886
CLUBS SEVEN CLUBS SIX,0.54,0.0064,0.4536
SPADES TWO CLUBS KING,0.7582,0.0182,0.2236
SPADES TWO DIAMONDS SEVEN,0.7532,0.011,0.2358
CLUBS EIGHT CLUBS SIX,0.5308,0.0054,0.4638
SPADES THREE DIAMONDS SEVEN,0.6006,0.0066,0.3928
SPADES TWO CLUBS QUEEN,0.7494,0.0216,0.229
CLUBS NINE CLUBS SIX,0.5656,0.004,0.4304
SPADES FOUR DIAMONDS SEVEN,0.59,0.0056,0.4044
HEARTS KING CLUBS JACK,0.5712,0.0046,0.4242
SPADES FIVE DIAMONDS SEVEN,0.5798,0.005,0.4152
SPADES TWO CLUBS ACE,0.0156,0.972,0.0124
CLUBS TEN HEARTS KING,0.5768,0.0054,0.4178
CLUBS SIX SPADES TWO,0.7616,0.0132,0.2252
CLUBS SIX SPADES THREE,0.5862,0.0056,0.4082
CLUBS TWO DIAMONDS SEVEN,0.7414,0.0154,0.2432
CLUBS SIX SPADES FOUR,0.5904,0.0056,0.404
CLUBS THREE DIAMONDS SEVEN,0.604,0.0038,0.3922
CLUBS SIX SPADES FIVE,0.582,0.0064,0.4116
CLUBS FOUR DIAMONDS SEVEN,0.5922,0.0056,0.4022
CLUBS SIX SPADES SIX,0.3728,0.0056,0.6216
CLUBS FIVE DIAMONDS SEVEN,0.5702,0.0034,0.4264
CLUBS SIX SPADES SEVEN,0.5826,0.0046,0.4128
CLUBS SIX DIAMONDS SEVEN,0.5768,0.005,0.4182
SPADES EIGHT CLUBS SIX,0.5964,0.0036,0.4
SPADES JACK CLUBS TWO,0.7442,0.0152,0.2406
CLUBS SEVEN DIAMONDS SEVEN,0.339,0.0056,0.6554
SPADES NINE CLUBS SIX,0.5898,0.006,0.4042
SPADES TEN CLUBS TWO,0.7536,0.0156,0.2308
CLUBS TWO CLUBS QUEEN,0.7082,0.0172,0.2746
CLUBS TWO CLUBS KING,0.6964,0.0164,0.2872
CLUBS THREE DIAMONDS EIGHT,0.6094,0.0056,0.385
CLUBS TWO CLUBS ACE,0.0182,0.9088,0.073
CLUBS TWO DIAMONDS EIGHT,0.744,0.017,0.239
HEARTS SEVEN DIAMONDS EIGHT,0.5504,0.004,0.4456
HEARTS SIX DIAMONDS EIGHT,0.5786,0.0034,0.418
DIAMONDS EIGHT HEARTS NINE,0.5478,0.0028,0.4494
CLUBS TEN CLUBS TWO,0.699,0.0148,0.2862
HEARTS EIGHT DIAMONDS EIGHT,0.3338,0.0026,0.6636
CLUBS TWO CLUBS JACK,0.6866,0.0162,0.2972
CLUBS NINE DIAMONDS EIGHT,0.5512,0.0044,0.4444
CLUBS EIGHT DIAMONDS EIGHT,0.3452,0.0048,0.65
CLUBS FIVE DIAMONDS EIGHT,0.586,0.0038,0.4102
CLUBS FOUR DIAMONDS EIGHT,0.5978,0.0048,0.3974
CLUBS SEVEN DIAMONDS EIGHT,0.5518,0.0036,0.4446
SPADES QUEEN SPADES THREE,0.5908,0.0058,0.4034
CLUBS SIX DIAMONDS EIGHT,0.5778,0.0046,0.4176
SPADES KING SPADES THREE,0.5772,0.0056,0.4172
DIAMONDS QUEEN DIAMONDS EIGHT,0.5602,0.0058,0.434
HEARTS TWO DIAMONDS EIGHT,0.7348,0.0158,0.2494
DIAMONDS KING DIAMONDS EIGHT,0.5538,0.004,0.4422
HEARTS THREE DIAMONDS EIGHT,0.6104,0.005,0.3846
DIAMONDS ACE DIAMONDS EIGHT,0.2242,0.2244,0.5514
HEARTS FOUR DIAMONDS EIGHT,0.588,0.0052,0.4068
HEARTS FIVE DIAMONDS EIGHT,0.5892,0.0046,0.4062
DIAMONDS TEN DIAMONDS EIGHT,0.5456,0.0052,0.4492
DIAMONDS JACK DIAMONDS EIGHT,0.538,0.0048,0.4572
SPADES JACK SPADES THREE,0.6,0.0048,0.3952
SPADES TEN SPADES THREE,0.5794,0.0074,0.4132
CLUBS FOUR HEARTS ACE,0.225,0.515,0.26
CLUBS FOUR HEARTS QUEEN,0.6048,0.0024,0.3928
CLUBS FOUR HEARTS KING,0.6184,0.0024,0.3792
CLUBS SIX HEARTS TEN,0.5856,0.0032,0.4112
CLUBS SIX HEARTS JACK,0.6016,0.0054,0.393
SPADES FOUR DIAMONDS EIGHT,0.6052,0.0058,0.389
SPADES FIVE DIAMONDS EIGHT,0.5946,0.0066,0.3988
SPADES TWO DIAMONDS EIGHT,0.7562,0.0148,0.229
SPADES THREE DIAMONDS EIGHT,0.6088,0.0064,0.3848
CLUBS FOUR HEARTS JACK,0.615,0.004,0.381
SPADES EIGHT DIAMONDS EIGHT,0.3364,0.0066,0.657
SPADES JACK HEARTS EIGHT,0.5652,0.0056,0.4292
SPADES TEN HEARTS TWO,0.7472,0.0172,0.2356
SPADES TEN DIAMONDS QUEEN,0.564,0.007,0.429
CLUBS FOUR HEARTS TEN,0.599,0.0046,0.3964
SPADES NINE DIAMONDS EIGHT,0.5472,0.0042,0.4486
SPADES JACK HEARTS TWO,0.7414,0.017,0.2416
SPADES JACK DIAMONDS QUEEN,0.5576,0.0044,0.438
SPADES TEN HEARTS EIGHT,0.5752,0.0034,0.4214
SPADES SIX DIAMONDS EIGHT,0.5838,0.006,0.4102
SPADES SEVEN DIAMONDS EIGHT,0.551,0.0036,0.4454
SPADES QUEEN DIAMONDS QUEEN,0.297,0.0054,0.6976
SPADES QUEEN HEARTS TWO,0.7436,0.0208,0.2356
SPADES KING HEARTS EIGHT,0.6196,0.005,0.3754
SPADES QUEEN HEARTS EIGHT,0.5938,0.0064,0.3998
SPADES KING HEARTS TWO,0.745,0.019,0.236
SPADES KING DIAMONDS QUEEN,0.5824,0.0042,0.4134
CLUBS TWO HEARTS TEN,0.74,0.0174,0.2426
CLUBS TWO HEARTS JACK,0.7462,0.0178,0.236
SPADES SEVEN DIAMONDS NINE,0.5674,0.004,0.4286
SPADES SIX DIAMONDS NINE,0.5812,0.0032,0.4156
SPADES NINE DIAMONDS NINE,0.3328,0.0054,0.6618
SPADES EIGHT DIAMONDS NINE,0.556,0.0056,0.4384
SPADES TEN CLUBS KING,0.5606,0.0064,0.433
DIAMONDS NINE SPADES THREE,0.6236,0.0046,0.3718
SPADES JACK CLUBS KING,0.5784,0.0046,0.417
DIAMONDS NINE SPADES TWO,0.7532,0.0178,0.229
SPADES FIVE DIAMONDS NINE,0.6028,0.004,0.3932
SPADES FOUR DIAMONDS NINE,0.6106,0.0066,0.3828
CLUBS NINE DIAMONDS NINE,0.3334,0.0038,0.6628
CLUBS EIGHT DIAMONDS NINE,0.561,0.0048,0.4342
CLUBS SIX DIAMONDS NINE,0.5864,0.0056,0.408
SPADES JACK CLUBS FOUR,0.6132,0.005,0.3818
CLUBS SEVEN DIAMONDS NINE,0.559,0.004,0.437
SPADES TEN CLUBS FOUR,0.6124,0.0042,0.3834
CLUBS FOUR DIAMONDS NINE,0.6212,0.0066,0.3722
CLUBS FIVE DIAMONDS NINE,0.6132,0.0048,0.382
CLUBS TWO DIAMONDS NINE,0.7472,0.0172,0.2356
CLUBS THREE DIAMONDS NINE,0.6014,0.004,0.3946
DIAMONDS NINE HEARTS EIGHT,0.5632,0.0048,0.432
DIAMONDS NINE HEARTS NINE,0.331,0.0062,0.6628
HEARTS SIX DIAMONDS NINE,0.581,0.004,0.415
HEARTS SEVEN DIAMONDS NINE,0.564,0.0056,0.4304
CLUBS NINE CLUBS EIGHT,0.5294,0.0048,0.4658
DIAMONDS ACE DIAMONDS NINE,0.23,0.1634,0.6066
HEARTS FOUR DIAMONDS NINE,0.6068,0.0058,0.3874
HEARTS FIVE DIAMONDS NINE,0.5918,0.0056,0.4026
HEARTS ACE CLUBS TWO,0.0182,0.9548,0.027
DIAMONDS NINE DIAMONDS QUEEN,0.5464,0.0042,0.4494
HEARTS TWO DIAMONDS NINE,0.7454,0.016,0.2386
CLUBS TWO HEARTS KING,0.761,0.0146,0.2244
SPADES KING CLUBS FOUR,0.6174,0.007,0.3756
DIAMONDS KING DIAMONDS NINE,0.5486,0.0058,0.4456
HEARTS THREE DIAMONDS NINE,0.612,0.0046,0.3834
CLUBS TWO HEARTS QUEEN,0.738,0.0156,0.2464
SPADES QUEEN CLUBS FOUR,0.635,0.0048,0.3602
DIAMONDS NINE DIAMONDS JACK,0.5424,0.0046,0.453
CLUBS EIGHT SPADES NINE,0.5634,0.0066,0.43
DIAMONDS TEN DIAMONDS NINE,0.532,0.005,0.463
CLUBS EIGHT SPADES EIGHT,0.3446,0.006,0.6494
CLUBS EIGHT SPADES SEVEN,0.5552,0.0044,0.4404
CLUBS EIGHT SPADES SIX,0.583,0.0038,0.4132
CLUBS EIGHT SPADES FIVE,0.5966,0.0042,0.3992
CLUBS EIGHT SPADES FOUR,0.6162,0.006,0.3778
CLUBS EIGHT SPADES THREE,0.6224,0.006,0.3716
CLUBS EIGHT SPADES TWO,0.7584,0.015,0.2266
HEARTS SIX DIAMONDS TEN,0.5806,0.0036,0.4158
HEARTS SEVEN DIAMONDS TEN,0.5744,0.0038,0.4218
DIAMONDS TEN HEARTS EIGHT,0.5682,0.0046,0.4272
CLUBS FOUR CLUBS JACK,0.5638,0.0046,0.4316
DIAMONDS TEN HEARTS NINE,0.5626,0.0038,0.4336
CLUBS TEN CLUBS FOUR,0.5742,0.0042,0.4216
CLUBS FOUR CLUBS KING,0.5662,0.0048,0.429
CLUBS FOUR CLUBS QUEEN,0.5618,0.0048,0.4334
DIAMONDS TEN CLUBS TWO,0.7402,0.0162,0.2436
CLUBS THREE DIAMONDS TEN,0.6154,0.0054,0.3792
CLUBS FOUR CLUBS ACE,0.203,0.4812,0.3158
DIAMONDS TEN DIAMONDS JACK,0.5218,0.0074,0.4708
DIAMONDS TEN DIAMONDS QUEEN,0.5308,0.0036,0.4656
HEARTS TWO DIAMONDS TEN,0.7524,0.0168,0.2308
DIAMONDS KING DIAMONDS TEN,0.5528,0.0054,0.4418
HEARTS THREE DIAMONDS TEN,0.6122,0.0032,0.3846
DIAMONDS ACE DIAMONDS TEN,0.2488,0.1206,0.6306
HEARTS FOUR DIAMONDS TEN,0.5976,0.0056,0.3968
CLUBS EIGHT HEARTS JACK,0.5824,0.0046,0.413
HEARTS FIVE DIAMONDS TEN,0.608,0.0046,0.3874
CLUBS EIGHT HEARTS TEN,0.5506,0.0038,0.4456
CLUBS EIGHT HEARTS QUEEN,0.584,0.0034,0.4126
CLUBS EIGHT HEARTS KING,0.5938,0.0034,0.4028
CLUBS EIGHT HEARTS ACE,0.247,0.2284,0.5246
CLUBS NINE SPADES THREE,0.6162,0.005,0.3788
CLUBS NINE SPADES TWO,0.746,0.021,0.233
CLUBS NINE SPADES FIVE,0.6144,0.0062,0.3794
CLUBS NINE SPADES FOUR,0.6228,0.005,0.3722
CLUBS NINE SPADES SEVEN,0.5672,0.0054,0.4274
CLUBS NINE SPADES SIX,0.5992,0.0052,0.3956
CLUBS NINE SPADES NINE,0.3472,0.0052,0.6476
CLUBS TEN HEARTS EIGHT,0.567,0.0048,0.4282
CLUBS NINE SPADES EIGHT,0.5556,0.0042,0.4402
HEARTS EIGHT CLUBS JACK,0.5846,0.0046,0.4108
CLUBS QUEEN HEARTS EIGHT,0.5864,0.0068,0.4068
CLUBS KING HEARTS EIGHT,0.602,0.0036,0.3944
CLUBS ACE HEARTS EIGHT,0.229,0.2238,0.5472
SPADES KING CLUBS KING,0.29,0.004,0.706
SPADES QUEEN CLUBS KING,0.5716,0.0062,0.4222
DIAMONDS ACE HEARTS TEN,0.2418,0.1206,0.6376
HEARTS FOUR HEARTS TEN,0.5648,0.0038,0.4314
DIAMONDS ACE HEARTS JACK,0.2394,0.0884,0.6722
HEARTS FOUR HEARTS JACK,0.5702,0.0044,0.4254
SPADES KING CLUBS FIVE,0.6134,0.0062,0.3804
SPADES QUEEN CLUBS FIVE,0.5984,0.0044,0.3972
HEARTS SEVEN DIAMONDS JACK,0.5842,0.0042,0.4116
HEARTS SIX DIAMONDS JACK,0.596,0.0032,0.4008
DIAMONDS JACK HEARTS NINE,0.562,0.0056,0.4324
DIAMONDS JACK HEARTS EIGHT,0.5808,0.0052,0.414
DIAMONDS KING DIAMONDS JACK,0.5476,0.0062,0.4462
HEARTS THREE DIAMONDS JACK,0.609,0.005,0.386
HEARTS ACE SPADES FOUR,0.2156,0.5154,0.269
DIAMONDS QUEEN DIAMONDS JACK,0.536,0.0062,0.4578
HEARTS TWO DIAMONDS JACK,0.7416,0.0152,0.2432
HEARTS FIVE DIAMONDS JACK,0.5966,0.0054,0.398
SPADES QUEEN SPADES SIX,0.5668,0.0046,0.4286
SPADES FOUR HEARTS QUEEN,0.6024,0.0074,0.3902
DIAMONDS ACE DIAMONDS JACK,0.2354,0.0776,0.687
HEARTS FOUR DIAMONDS JACK,0.61,0.0054,0.3846
SPADES KING SPADES SIX,0.5698,0.0032,0.427
SPADES FOUR HEARTS KING,0.618,0.004,0.378
SPADES TEN SPADES SIX,0.5708,0.0048,0.4244
SPADES JACK SPADES SIX,0.5814,0.0062,0.4124
SPADES FOUR DIAMONDS JACK,0.618,0.0054,0.3766
SPADES FIVE DIAMONDS JACK,0.6086,0.0072,0.3842
SPADES TWO DIAMONDS JACK,0.7426,0.0164,0.241
SPADES THREE DIAMONDS JACK,0.6266,0.0044,0.369
SPADES QUEEN DIAMONDS THREE,0.6308,0.0054,0.3638
CLUBS EIGHT DIAMONDS JACK,0.575,0.0042,0.4208
SPADES KING DIAMONDS THREE,0.6196,0.0052,0.3752
CLUBS NINE DIAMONDS JACK,0.5652,0.0034,0.4314
CLUBS SIX DIAMONDS JACK,0.6006,0.007,0.3924
CLUBS SEVEN DIAMONDS JACK,0.5702,0.0046,0.4252
CLUBS FOUR DIAMONDS JACK,0.6194,0.0052,0.3754
CLUBS FIVE DIAMONDS JACK,0.5986,0.0066,0.3948
CLUBS TWO DIAMONDS JACK,0.7576,0.0162,0.2262
CLUBS THREE DIAMONDS JACK,0.6072,0.0058,0.387
SPADES JACK HEARTS SIX,0.6044,0.0076,0.388
SPADES TEN CLUBS FIVE,0.6028,0.006,0.3912
SPADES JACK CLUBS FIVE,0.6046,0.007,0.3884
SPADES TEN HEARTS SIX,0.5864,0.0044,0.4092
SPADES JACK DIAMONDS THREE,0.6194,0.0052,0.3754
CLUBS SEVEN CLUBS ACE,0.215,0.2978,0.4872
DIAMONDS THREE SPADES TEN,0.614,0.0062,0.3798
CLUBS SEVEN CLUBS QUEEN,0.5618,0.0066,0.4316
CLUBS SEVEN CLUBS KING,0.5444,0.0048,0.4508
SPADES NINE DIAMONDS JACK,0.5634,0.006,0.4306
CLUBS TEN CLUBS SEVEN,0.5338,0.007,0.4592
DIAMONDS ACE HEARTS ACE,0.0604,0.0118,0.9278
HEARTS FOUR HEARTS ACE,0.202,0.487,0.311
SPADES EIGHT DIAMONDS JACK,0.5694,0.0054,0.4252
CLUBS SEVEN CLUBS JACK,0.5542,0.005,0.4408
DIAMONDS ACE HEARTS KING,0.2526,0.0564,0.691
HEARTS FOUR HEARTS KING,0.5632,0.0056,0.4312
SPADES SEVEN DIAMONDS JACK,0.5868,0.0046,0.4086
SPADES KING HEARTS SIX,0.6022,0.0054,0.3924
DIAMONDS ACE HEARTS QUEEN,0.232,0.0726,0.6954
HEARTS FOUR HEARTS QUEEN,0.5658,0.0052,0.429
SPADES SIX DIAMONDS JACK,0.6024,0.0064,0.3912
SPADES QUEEN HEARTS SIX,0.6174,0.0058,0.3768
DIAMONDS TEN SPADES TWO,0.7488,0.0154,0.2358
DIAMONDS TEN SPADES THREE,0.6214,0.006,0.3726
DIAMONDS TEN SPADES FOUR,0.6174,0.0054,0.3772
SPADES FIVE DIAMONDS TEN,0.6152,0.005,0.3798
SPADES SIX DIAMONDS TEN,0.574,0.008,0.418
SPADES SEVEN DIAMONDS TEN,0.5776,0.0052,0.4172
SPADES EIGHT DIAMONDS TEN,0.5738,0.0048,0.4214
SPADES NINE DIAMONDS TEN,0.5538,0.0048,0.4414
CLUBS FOUR DIAMONDS TEN,0.5992,0.004,0.3968
CLUBS FIVE DIAMONDS TEN,0.6032,0.007,0.3898
CLUBS SIX DIAMONDS TEN,0.5862,0.0052,0.4086
CLUBS SEVEN DIAMONDS TEN,0.5766,0.0048,0.4186
CLUBS EIGHT DIAMONDS TEN,0.5756,0.004,0.4204
CLUBS NINE DIAMONDS TEN,0.5486,0.0044,0.447
DIAMONDS THREE CLUBS JACK,0.6034,0.0062,0.3904
CLUBS TEN DIAMONDS THREE,0.6098,0.0058,0.3844
DIAMONDS THREE CLUBS KING,0.6266,0.0058,0.3676
DIAMONDS THREE CLUBS QUEEN,0.6142,0.0076,0.3782
DIAMONDS THREE CLUBS ACE,0.1994,0.5432,0.2574
SPADES FOUR HEARTS JACK,0.6186,0.0046,0.3768
SPADES FOUR HEARTS TEN,0.619,0.005,0.376
SPADES FIVE SPADES TWO,0.7024,0.0136,0.284
SPADES FOUR SPADES TWO,0.703,0.0168,0.2802
SPADES THREE SPADES TWO,0.7212,0.0142,0.2646
SPADES NINE SPADES TWO,0.723,0.0164,0.2606
SPADES EIGHT SPADES TWO,0.7192,0.0172,0.2636
SPADES SEVEN SPADES TWO,0.7212,0.011,0.2678
SPADES SIX SPADES TWO,0.73,0.0114,0.2586
CLUBS THREE DIAMONDS QUEEN,0.6112,0.0068,0.382
CLUBS THREE HEARTS TWO,0.7454,0.016,0.2386
CLUBS TWO DIAMONDS QUEEN,0.746,0.0164,0.2376
HEARTS TWO CLUBS TWO,0.3188,0.0152,0.666
HEARTS SEVEN DIAMONDS QUEEN,0.5942,0.0038,0.402
HEARTS SEVEN HEARTS TWO,0.6994,0.0116,0.289
HEARTS SIX DIAMONDS QUEEN,0.6086,0.0032,0.3882
HEARTS SIX HEARTS TWO,0.716,0.0126,0.2714
DIAMONDS QUEEN HEARTS NINE,0.5744,0.0048,0.4208
HEARTS TWO HEARTS NINE,0.7078,0.0134,0.2788
DIAMONDS QUEEN HEARTS EIGHT,0.5742,0.0054,0.4204
HEARTS TWO HEARTS EIGHT,0.6942,0.0158,0.29
CLUBS NINE HEARTS TWO,0.7484,0.0168,0.2348
CLUBS NINE DIAMONDS QUEEN,0.5668,0.0042,0.429
CLUBS EIGHT HEARTS TWO,0.755,0.0124,0.2326
CLUBS EIGHT DIAMONDS QUEEN,0.586,0.0032,0.4108
CLUBS FIVE DIAMONDS QUEEN,0.6012,0.0038,0.395
CLUBS FIVE HEARTS TWO,0.7328,0.0166,0.2506
SPADES EIGHT HEARTS ACE,0.248,0.233,0.519
CLUBS FOUR DIAMONDS QUEEN,0.622,0.0046,0.3734
CLUBS FOUR HEARTS TWO,0.7356,0.0158,0.2486
CLUBS SEVEN DIAMONDS QUEEN,0.5876,0.0044,0.408
CLUBS SEVEN HEARTS TWO,0.739,0.0136,0.2474
SPADES EIGHT HEARTS QUEEN,0.5924,0.0048,0.4028
CLUBS SIX DIAMONDS QUEEN,0.602,0.0048,0.3932
CLUBS SIX HEARTS TWO,0.7608,0.01,0.2292
SPADES EIGHT HEARTS KING,0.6122,0.0034,0.3844
SPADES SIX DIAMONDS QUEEN,0.6104,0.0062,0.3834
SPADES SIX HEARTS TWO,0.7626,0.0132,0.2242
HEARTS FOUR CLUBS QUEEN,0.6164,0.003,0.3806
DIAMONDS ACE CLUBS QUEEN,0.246,0.0684,0.6856
SPADES SEVEN DIAMONDS QUEEN,0.5976,0.0068,0.3956
SPADES SEVEN HEARTS TWO,0.7626,0.012,0.2254
HEARTS FOUR CLUBS KING,0.6206,0.0048,0.3746
DIAMONDS ACE CLUBS KING,0.2332,0.0502,0.7166
SPADES EIGHT DIAMONDS QUEEN,0.5948,0.005,0.4002
SPADES EIGHT HEARTS TWO,0.7406,0.0182,0.2412
HEARTS FOUR CLUBS ACE,0.2164,0.5082,0.2754
DIAMONDS ACE CLUBS ACE,0.0618,0.0156,0.9226
SPADES NINE DIAMONDS QUEEN,0.574,0.0042,0.4218
SPADES NINE HEARTS TWO,0.7532,0.0176,0.2292
HEARTS TWO SPADES TWO,0.3354,0.0162,0.6484
DIAMONDS QUEEN SPADES TWO,0.7462,0.0196,0.2342
HEARTS TWO SPADES THREE,0.746,0.018,0.236
SPADES THREE DIAMONDS QUEEN,0.6198,0.0052,0.375
HEARTS TWO SPADES FOUR,0.7562,0.0178,0.226
SPADES FOUR DIAMONDS QUEEN,0.6132,0.0076,0.3792
CLUBS TEN HEARTS FOUR,0.6068,0.0042,0.389
CLUBS TEN DIAMONDS ACE,0.234,0.121,0.645
HEARTS TWO SPADES FIVE,0.7402,0.0162,0.2436
SPADES FIVE DIAMONDS QUEEN,0.617,0.0042,0.3788
HEARTS FOUR CLUBS JACK,0.6172,0.0058,0.377
DIAMONDS ACE CLUBS JACK,0.2408,0.087,0.6722
CLUBS FIVE CLUBS KING,0.5562,0.0048,0.439
CLUBS FIVE CLUBS QUEEN,0.5886,0.0054,0.406
CLUBS FIVE CLUBS ACE,0.2084,0.4298,0.3618
CLUBS FIVE CLUBS JACK,0.5618,0.0048,0.4334
CLUBS TEN CLUBS FIVE,0.5606,0.0066,0.4328
SPADES KING CLUBS JACK,0.5746,0.0062,0.4192
SPADES QUEEN CLUBS JACK,0.567,0.0062,0.4268
SPADES SIX CLUBS KING,0.6132,0.0064,0.3804
SPADES SIX CLUBS QUEEN,0.6204,0.0058,0.3738
SPADES EIGHT HEARTS JACK,0.5772,0.005,0.4178
SPADES SIX CLUBS ACE,0.2534,0.382,0.3646
SPADES EIGHT HEARTS TEN,0.5718,0.0058,0.4224
SPADES SIX CLUBS JACK,0.6112,0.0036,0.3852
CLUBS TEN SPADES SIX,0.6058,0.0052,0.389
SPADES TEN CLUBS JACK,0.5464,0.0054,0.4482
SPADES JACK CLUBS JACK,0.298,0.0046,0.6974
SPADES QUEEN CLUBS SEVEN,0.6038,0.0058,0.3904
SPADES KING CLUBS SEVEN,0.5934,0.0034,0.4032
SPADES SIX HEARTS TEN,0.6042,0.0034,0.3924
SPADES SIX HEARTS JACK,0.6094,0.0052,0.3854
SPADES SIX HEARTS ACE,0.237,0.3882,0.3748
SPADES SIX HEARTS KING,0.604,0.0038,0.3922
SPADES SIX HEARTS QUEEN,0.6148,0.003,0.3822
SPADES JACK CLUBS SEVEN,0.5842,0.0054,0.4104
CLUBS SEVEN SPADES TEN,0.5878,0.0058,0.4064
CLUBS TEN HEARTS SIX,0.5896,0.0046,0.4058
HEARTS SIX CLUBS JACK,0.6054,0.0048,0.3898
CLUBS ACE CLUBS JACK,0.2382,0.0892,0.6726
HEARTS SIX CLUBS QUEEN,0.605,0.0018,0.3932
HEARTS SIX CLUBS KING,0.608,0.0034,0.3886
HEARTS SIX CLUBS ACE,0.2416,0.3756,0.3828
CLUBS QUEEN CLUBS JACK,0.5394,0.0056,0.455
CLUBS KING CLUBS JACK,0.5274,0.0068,0.4658
DIAMONDS THREE HEARTS ACE,0.2126,0.5324,0.255
DIAMONDS THREE HEARTS QUEEN,0.6014,0.0066,0.392
DIAMONDS THREE HEARTS KING,0.6194,0.0042,0.3764
CLUBS FIVE HEARTS JACK,0.6188,0.004,0.3772
HEARTS FOUR SPADES TEN,0.6052,0.0058,0.389
SPADES TEN DIAMONDS ACE,0.2298,0.1202,0.65
CLUBS FIVE HEARTS TEN,0.6048,0.0048,0.3904
HEARTS FOUR SPADES JACK,0.607,0.0078,0.3852
SPADES JACK DIAMONDS ACE,0.2496,0.0906,0.6598
CLUBS FIVE HEARTS ACE,0.221,0.4684,0.3106
CLUBS FIVE HEARTS KING,0.611,0.0036,0.3854
SPADES QUEEN DIAMONDS ACE,0.2404,0.0668,0.6928
SPADES QUEEN HEARTS FOUR,0.6104,0.0056,0.384
SPADES FOUR CLUBS JACK,0.6224,0.0056,0.372
CLUBS FIVE HEARTS QUEEN,0.6138,0.0058,0.3804
SPADES KING HEARTS FOUR,0.6124,0.0046,0.383
SPADES KING DIAMONDS ACE,0.2424,0.0492,0.7084
CLUBS TEN SPADES FOUR,0.6194,0.0056,0.375
DIAMONDS ACE DIAMONDS QUEEN,0.241,0.0604,0.6986
DIAMONDS ACE HEARTS TWO,0.0124,0.9708,0.0168
HEARTS FOUR DIAMONDS QUEEN,0.6094,0.0058,0.3848
HEARTS FOUR HEARTS TWO,0.6954,0.0122,0.2924
DIAMONDS THREE HEARTS TEN,0.6142,0.005,0.3808
SPADES FOUR CLUBS KING,0.6212,0.0052,0.3736
HEARTS FIVE DIAMONDS QUEEN,0.6206,0.0064,0.373
HEARTS FIVE HEARTS TWO,0.6932,0.0162,0.2906
DIAMONDS THREE HEARTS JACK,0.612,0.0052,0.3828
SPADES FOUR CLUBS QUEEN,0.6182,0.0054,0.3764
HEARTS TWO DIAMONDS QUEEN,0.7438,0.0158,0.2404
DIAMONDS KING DIAMONDS QUEEN,0.5346,0.0048,0.4606
DIAMONDS KING HEARTS TWO,0.756,0.018,0.226
HEARTS THREE DIAMONDS QUEEN,0.6076,0.0034,0.389
HEARTS THREE HEARTS TWO,0.6956,0.017,0.2874
SPADES FOUR CLUBS ACE,0.235,0.507,0.258
HEARTS TWO CLUBS ACE,0.0208,0.9548,0.0244
DIAMONDS QUEEN CLUBS ACE,0.2488,0.0608,0.6904
HEARTS TWO CLUBS QUEEN,0.7398,0.0178,0.2424
DIAMONDS QUEEN CLUBS QUEEN,0.3032,0.0046,0.6922
HEARTS TWO CLUBS KING,0.752,0.0178,0.2302
DIAMONDS QUEEN CLUBS KING,0.5584,0.0044,0.4372
SPADES EIGHT SPADES FIVE,0.5624,0.0052,0.4324
CLUBS TEN HEARTS TWO,0.7394,0.0182,0.2424
CLUBS TEN DIAMONDS QUEEN,0.5684,0.0038,0.4278
SPADES NINE SPADES FIVE,0.586,0.005,0.409
HEARTS TWO CLUBS JACK,0.7404,0.0168,0.2428
DIAMONDS QUEEN CLUBS JACK,0.5612,0.004,0.4348
SPADES SIX SPADES FIVE,0.5508,0.0058,0.4434
SPADES SEVEN SPADES FIVE,0.572,0.0062,0.4218
DIAMONDS FIVE CLUBS QUEEN,0.6006,0.0062,0.3932
SPADES EIGHT CLUBS ACE,0.2524,0.2344,0.5132
CLUBS KING DIAMONDS FIVE,0.6022,0.0068,0.391
SPADES EIGHT CLUBS KING,0.608,0.0068,0.3852
CLUBS ACE DIAMONDS FIVE,0.2192,0.4538,0.327
SPADES EIGHT CLUBS QUEEN,0.5836,0.0064,0.41
SPADES EIGHT CLUBS JACK,0.5904,0.0048,0.4048
CLUBS TEN SPADES EIGHT,0.568,0.0048,0.4272
CLUBS TEN DIAMONDS FIVE,0.5906,0.006,0.4034
DIAMONDS FIVE CLUBS JACK,0.6142,0.0056,0.3802
DIAMONDS TEN HEARTS JACK,0.5452,0.005,0.4498
DIAMONDS TEN HEARTS TEN,0.3182,0.0042,0.6776
CLUBS NINE SPADES QUEEN,0.5836,0.0072,0.4092
SPADES KING CLUBS NINE,0.5848,0.0044,0.4108
HEARTS SIX HEARTS KING,0.5692,0.005,0.4258
DIAMONDS KING SPADES SEVEN,0.5932,0.0056,0.4012
SPADES SEVEN HEARTS THREE,0.6126,0.0064,0.381
SPADES KING DIAMONDS SEVEN,0.5918,0.006,0.4022
HEARTS SIX HEARTS QUEEN,0.5666,0.0044,0.429
DIAMONDS KING SPADES SIX,0.6092,0.0048,0.386
HEARTS THREE SPADES SIX,0.61,0.007,0.383
SPADES QUEEN DIAMONDS SEVEN,0.5918,0.0056,0.4026
SPADES NINE DIAMONDS KING,0.5852,0.0068,0.408
SPADES NINE HEARTS THREE,0.6132,0.0054,0.3814
HEARTS SIX HEARTS ACE,0.226,0.362,0.412
SPADES EIGHT DIAMONDS KING,0.6042,0.0044,0.3914
SPADES EIGHT HEARTS THREE,0.6284,0.0044,0.3672
CLUBS NINE HEARTS THREE,0.6142,0.006,0.3798
CLUBS NINE DIAMONDS KING,0.5752,0.0026,0.4222
CLUBS EIGHT HEARTS THREE,0.6112,0.0042,0.3846
CLUBS EIGHT DIAMONDS KING,0.5954,0.0042,0.4004
HEARTS THREE SPADES THREE,0.3634,0.0058,0.6308
DIAMONDS KING SPADES THREE,0.6318,0.0082,0.36
HEARTS THREE SPADES TWO,0.7492,0.0146,0.2362
DIAMONDS KING SPADES TWO,0.7526,0.0162,0.2312
HEARTS THREE SPADES FIVE,0.5924,0.0048,0.4028
DIAMONDS KING SPADES FIVE,0.6098,0.0078,0.3824
HEARTS THREE SPADES FOUR,0.5994,0.0058,0.3948
DIAMONDS KING SPADES FOUR,0.619,0.0048,0.3762
DIAMONDS KING CLUBS TWO,0.751,0.0176,0.2314
