opposingHand,winningChance,drawChance,lostChance
SPADES QUEEN DIAMONDS SEVEN
HEARTS FIVE SPADES TEN,0.6412,0.0118,0.347
HEARTS FIVE SPADES JACK,0.6248,0.0108,0.3644
SPADES FIVE CLUBS JACK,0.6248,0.0124,0.3628
CLUBS TEN SPADES FIVE,0.6304,0.0116,0.358
CLUBS EIGHT CLUBS JACK,0.5332,0.0104,0.4564
CLUBS TEN CLUBS EIGHT,0.5388,0.0098,0.4514
CLUBS EIGHT CLUBS KING,0.35,0.008,0.642
SPADES FIVE CLUBS ACE,0.3952,0.0028,0.602
CLUBS EIGHT CLUBS QUEEN,0.1958,0.2106,0.5936
SPADES FIVE CLUBS KING,0.3892,0.0082,0.6026
SPADES FIVE CLUBS QUEEN,0.4774,0.2996,0.223
CLUBS EIGHT CLUBS ACE,0.3418,0.0034,0.6548
DIAMONDS TWO DIAMONDS THREE,0.6066,0.0136,0.3798
DIAMONDS TWO DIAMONDS FIVE,0.606,0.0112,0.3828
HEARTS FIVE SPADES KING,0.3854,0.0076,0.607
DIAMONDS TWO DIAMONDS FOUR,0.6108,0.013,0.3762
DIAMONDS TWO DIAMONDS SIX,0.622,0.0126,0.3654
SPADES ACE HEARTS FIVE,0.3894,0.0036,0.607
DIAMONDS TWO DIAMONDS NINE,0.6118,0.0112,0.377
DIAMONDS TWO DIAMONDS EIGHT,0.592,0.011,0.397
DIAMONDS THREE DIAMONDS FOUR,0.5836,0.0126,0.4038
SPADES FOUR CLUBS TWO,0.6348,0.0134,0.3518
DIAMONDS THREE DIAMONDS FIVE,0.5854,0.0118,0.4028
SPADES FIVE CLUBS TWO,0.6332,0.0136,0.3532
CLUBS TWO SPADES TWO,0.4426,0.024,0.5334
CLUBS TWO SPADES THREE,0.6434,0.0128,0.3438
DIAMONDS THREE DIAMONDS EIGHT,0.6014,0.0138,0.3848
SPADES EIGHT CLUBS TWO,0.6478,0.0092,0.343
DIAMONDS THREE DIAMONDS NINE,0.598,0.01,0.392
SPADES NINE CLUBS TWO,0.646,0.0116,0.3424
DIAMONDS THREE DIAMONDS SIX,0.6172,0.0112,0.3716
SPADES SIX CLUBS TWO,0.6608,0.0118,0.3274
SPADES SEVEN CLUBS TWO,0.7334,0.0474,0.2192
CLUBS SIX CLUBS TWO,0.6102,0.0122,0.3776
CLUBS SEVEN CLUBS TWO,0.6838,0.0404,0.2758
CLUBS FOUR CLUBS TWO,0.603,0.0132,0.3838
CLUBS FIVE CLUBS TWO,0.5952,0.0114,0.3934
CLUBS TEN CLUBS JACK,0.5148,0.0102,0.475
DIAMONDS FOUR DIAMONDS SIX,0.5854,0.0146,0.4
CLUBS TEN CLUBS QUEEN,0.2136,0.1136,0.6728
CLUBS TEN CLUBS KING,0.323,0.0078,0.6692
CLUBS TEN CLUBS ACE,0.3174,0.004,0.6786
CLUBS EIGHT CLUBS TWO,0.5998,0.0146,0.3856
DIAMONDS FIVE DIAMONDS FOUR,0.5818,0.0138,0.4044
CLUBS NINE CLUBS TWO,0.586,0.011,0.403
DIAMONDS NINE DIAMONDS FOUR,0.5912,0.0108,0.398
DIAMONDS FOUR DIAMONDS EIGHT,0.5778,0.0154,0.4068
CLUBS THREE CLUBS TWO,0.6022,0.0132,0.3846
DIAMONDS NINE DIAMONDS FIVE,0.5756,0.0132,0.4112
DIAMONDS TWO CLUBS JACK,0.6306,0.0104,0.359
DIAMONDS FIVE DIAMONDS EIGHT,0.564,0.0136,0.4224
CLUBS TEN DIAMONDS TWO,0.6402,0.0142,0.3456
DIAMONDS FIVE DIAMONDS SIX,0.5796,0.0116,0.4088
DIAMONDS TWO CLUBS ACE,0.412,0.0046,0.5834
DIAMONDS TWO CLUBS KING,0.4044,0.0064,0.5892
DIAMONDS TWO CLUBS QUEEN,0.471,0.3024,0.2266
DIAMONDS EIGHT DIAMONDS SIX,0.5726,0.011,0.4164
DIAMONDS NINE DIAMONDS SIX,0.584,0.0122,0.4038
HEARTS ACE SPADES THREE,0.391,0.0038,0.6052
SPADES THREE HEARTS KING,0.4028,0.0088,0.5884
SPADES THREE HEARTS QUEEN,0.4708,0.311,0.2182
SPADES THREE HEARTS JACK,0.62,0.0092,0.3708
SPADES THREE HEARTS TEN,0.6382,0.0112,0.3506
DIAMONDS NINE DIAMONDS EIGHT,0.5226,0.0102,0.4672
DIAMONDS KING HEARTS TEN,0.3306,0.0052,0.6642
HEARTS THREE HEARTS TEN,0.5848,0.0122,0.403
SPADES JACK CLUBS SIX,0.6434,0.0096,0.347
DIAMONDS KING HEARTS JACK,0.3402,0.008,0.6518
HEARTS THREE HEARTS JACK,0.592,0.0092,0.3988
SPADES TEN CLUBS SIX,0.619,0.0116,0.3694
SPADES JACK SPADES FIVE,0.5992,0.0114,0.3894
SPADES TEN SPADES FIVE,0.6018,0.0116,0.3866
DIAMONDS KING HEARTS ACE,0.3268,0.0038,0.6694
HEARTS THREE HEARTS ACE,0.3728,0.0044,0.6228
SPADES ACE CLUBS SIX,0.3908,0.0034,0.6058
DIAMONDS KING HEARTS QUEEN,0.2334,0.0224,0.7442
HEARTS THREE HEARTS QUEEN,0.4302,0.2862,0.2836
SPADES KING CLUBS SIX,0.3868,0.0094,0.6038
DIAMONDS KING HEARTS KING,0.1264,0.003,0.8706
HEARTS THREE HEARTS KING,0.3806,0.007,0.6124
SPADES NINE HEARTS TEN,0.5592,0.0094,0.4314
SPADES NINE HEARTS JACK,0.5758,0.0106,0.4136
SPADES KING SPADES FIVE,0.3732,0.0072,0.6196
SPADES ACE SPADES FIVE,0.3758,0.0048,0.6194
SPADES NINE HEARTS QUEEN,0.2348,0.1626,0.6026
SPADES NINE HEARTS KING,0.3428,0.0054,0.6518
SPADES NINE HEARTS ACE,0.361,0.0032,0.6358
CLUBS TEN SPADES JACK,0.5566,0.0106,0.4328
CLUBS TEN SPADES TEN,0.2898,0.0144,0.6958
SPADES ACE CLUBS TEN,0.3384,0.0038,0.6578
SPADES KING CLUBS TEN,0.3308,0.0048,0.6644
SPADES FIVE HEARTS QUEEN,0.4634,0.3012,0.2354
SPADES FIVE HEARTS KING,0.4004,0.0078,0.5918
SPADES FIVE HEARTS ACE,0.3928,0.0046,0.6026
SPADES JACK HEARTS THREE,0.622,0.0126,0.3654
SPADES JACK DIAMONDS KING,0.347,0.0062,0.6468
SPADES TEN CLUBS EIGHT,0.5658,0.0108,0.4234
SPADES JACK CLUBS EIGHT,0.5708,0.0102,0.419
SPADES TEN HEARTS THREE,0.6356,0.0102,0.3542
SPADES TEN DIAMONDS KING,0.3448,0.005,0.6502
CLUBS SIX HEARTS ACE,0.3998,0.0026,0.5976
SPADES ACE CLUBS EIGHT,0.3606,0.0038,0.6356
HEARTS FIVE CLUBS JACK,0.6202,0.0112,0.3686
HEARTS FIVE CLUBS TEN,0.6324,0.0102,0.3574
CLUBS SIX HEARTS QUEEN,0.4614,0.3142,0.2244
CLUBS TEN SPADES THREE,0.621,0.015,0.364
CLUBS SIX HEARTS KING,0.3918,0.006,0.6022
SPADES KING CLUBS EIGHT,0.3604,0.0076,0.632
SPADES THREE CLUBS JACK,0.6154,0.0124,0.3722
DIAMONDS TWO HEARTS JACK,0.633,0.0138,0.3532
SPADES THREE CLUBS QUEEN,0.4708,0.2996,0.2296
DIAMONDS TWO HEARTS TEN,0.6372,0.013,0.3498
SPADES THREE CLUBS KING,0.4084,0.006,0.5856
HEARTS FIVE CLUBS ACE,0.3874,0.0046,0.608
SPADES FIVE HEARTS TEN,0.635,0.0126,0.3524
SPADES THREE CLUBS ACE,0.4012,0.006,0.5928
HEARTS FIVE CLUBS KING,0.4012,0.0058,0.593
SPADES FIVE HEARTS JACK,0.6258,0.0098,0.3644
HEARTS FIVE CLUBS QUEEN,0.4572,0.3002,0.2426
HEARTS THREE CLUBS KING,0.4082,0.0074,0.5844
DIAMONDS KING CLUBS KING,0.121,0.0038,0.8752
HEARTS THREE CLUBS QUEEN,0.4648,0.3088,0.2264
DIAMONDS KING CLUBS QUEEN,0.2218,0.0258,0.7524
HEARTS FIVE HEARTS JACK,0.5948,0.0092,0.396
HEARTS FIVE HEARTS TEN,0.58,0.011,0.409
HEARTS THREE CLUBS ACE,0.379,0.004,0.617
DIAMONDS KING CLUBS ACE,0.3194,0.0038,0.6768
SPADES ACE CLUBS QUEEN,0.2218,0.017,0.7612
SPADES KING CLUBS QUEEN,0.2322,0.0284,0.7394
HEARTS THREE CLUBS JACK,0.6346,0.0098,0.3556
DIAMONDS KING CLUBS JACK,0.3382,0.0062,0.6556
CLUBS TEN HEARTS THREE,0.6194,0.01,0.3706
CLUBS TEN DIAMONDS KING,0.3244,0.0076,0.668
SPADES JACK CLUBS QUEEN,0.2428,0.0874,0.6698
CLUBS SIX CLUBS QUEEN,0.4352,0.2872,0.2776
SPADES TEN CLUBS QUEEN,0.237,0.1166,0.6464
CLUBS SIX CLUBS KING,0.3658,0.0058,0.6284
CLUBS SIX CLUBS ACE,0.3672,0.0042,0.6286
HEARTS FIVE HEARTS KING,0.355,0.0076,0.6374
HEARTS FIVE HEARTS QUEEN,0.4352,0.2906,0.2742
CLUBS TEN CLUBS SIX,0.5786,0.0104,0.411
HEARTS FIVE HEARTS ACE,0.3594,0.0026,0.638
CLUBS SIX CLUBS JACK,0.5866,0.0094,0.404
SPADES SEVEN HEARTS JACK,0.7052,0.042,0.2528
SPADES SEVEN HEARTS TEN,0.6992,0.0454,0.2554
DIAMONDS TWO CLUBS TWO,0.4478,0.0274,0.5248
DIAMONDS TWO CLUBS THREE,0.6502,0.0138,0.336
DIAMONDS TWO HEARTS SIX,0.66,0.0134,0.3266
DIAMONDS TWO HEARTS QUEEN,0.4768,0.3056,0.2176
HEARTS SEVEN DIAMONDS TWO,0.7242,0.0542,0.2216
DIAMONDS TWO HEARTS KING,0.4154,0.007,0.5776
DIAMONDS TWO HEARTS EIGHT,0.6356,0.0126,0.3518
DIAMONDS TWO HEARTS ACE,0.4016,0.0036,0.5948
DIAMONDS TWO HEARTS NINE,0.6332,0.0092,0.3576
DIAMONDS TWO DIAMONDS QUEEN,0.4544,0.2914,0.2542
DIAMONDS TWO HEARTS TWO,0.4548,0.0284,0.5168
DIAMONDS TWO DIAMONDS KING,0.381,0.0096,0.6094
DIAMONDS TWO HEARTS THREE,0.6362,0.0138,0.35
DIAMONDS TWO DIAMONDS ACE,0.38,0.0046,0.6154
HEARTS FOUR DIAMONDS TWO,0.6206,0.013,0.3664
HEARTS FIVE DIAMONDS TWO,0.6322,0.011,0.3568
SPADES SEVEN HEARTS ACE,0.233,0.0292,0.7378
DIAMONDS TWO DIAMONDS TEN,0.6052,0.0104,0.3844
SPADES SEVEN HEARTS KING,0.2424,0.0408,0.7168
DIAMONDS TWO DIAMONDS JACK,0.6036,0.0128,0.3836
SPADES SEVEN HEARTS QUEEN,0.0184,0.9712,0.0104
DIAMONDS TWO SPADES NINE,0.6424,0.011,0.3466
DIAMONDS TWO SPADES EIGHT,0.64,0.0144,0.3456
DIAMONDS TWO SPADES SEVEN,0.7384,0.0536,0.208
DIAMONDS TWO SPADES SIX,0.6634,0.016,0.3206
DIAMONDS TWO SPADES FIVE,0.6496,0.0162,0.3342
DIAMONDS TWO SPADES FOUR,0.665,0.0148,0.3202
DIAMONDS TWO SPADES THREE,0.6586,0.0124,0.329
DIAMONDS TWO SPADES TWO,0.4586,0.025,0.5164
CLUBS NINE DIAMONDS TWO,0.6398,0.0122,0.348
DIAMONDS TWO CLUBS EIGHT,0.638,0.0098,0.3522
CLUBS SEVEN DIAMONDS TWO,0.7246,0.0516,0.2238
DIAMONDS TWO CLUBS SIX,0.6624,0.0122,0.3254
DIAMONDS TWO CLUBS FIVE,0.6408,0.0142,0.345
DIAMONDS TWO CLUBS FOUR,0.6564,0.0152,0.3284
CLUBS FOUR SPADES FIVE,0.6182,0.0138,0.368
CLUBS FOUR SPADES FOUR,0.4412,0.0254,0.5334
CLUBS FOUR SPADES THREE,0.6342,0.015,0.3508
CLUBS FOUR SPADES TWO,0.6428,0.0154,0.3418
SPADES NINE CLUBS FOUR,0.639,0.01,0.351
SPADES EIGHT CLUBS FOUR,0.6366,0.0118,0.3516
SPADES SEVEN CLUBS FOUR,0.7058,0.05,0.2442
SPADES SIX CLUBS FOUR,0.6314,0.0108,0.3578
SPADES ACE DIAMONDS SIX,0.3908,0.0032,0.606
SPADES KING DIAMONDS SIX,0.3898,0.0066,0.6036
SPADES TEN DIAMONDS SIX,0.6432,0.011,0.3458
SPADES JACK DIAMONDS SIX,0.6432,0.0106,0.3462
SPADES KING SPADES TWO,0.377,0.0066,0.6164
SPADES ACE SPADES TWO,0.3882,0.0046,0.6072
DIAMONDS JACK CLUBS JACK,0.283,0.0114,0.7056
CLUBS TEN DIAMONDS JACK,0.546,0.0088,0.4452
DIAMONDS JACK CLUBS KING,0.3374,0.0052,0.6574
DIAMONDS JACK CLUBS QUEEN,0.2238,0.0858,0.6904
DIAMONDS THREE DIAMONDS JACK,0.5988,0.011,0.3902
DIAMONDS THREE DIAMONDS TEN,0.5948,0.0098,0.3954
DIAMONDS JACK CLUBS ACE,0.3506,0.0032,0.6462
DIAMONDS THREE DIAMONDS KING,0.388,0.008,0.604
DIAMONDS THREE HEARTS THREE,0.436,0.0294,0.5346
DIAMONDS THREE DIAMONDS QUEEN,0.4502,0.292,0.2578
DIAMONDS THREE HEARTS TWO,0.6518,0.0126,0.3356
HEARTS FIVE DIAMONDS THREE,0.6188,0.0124,0.3688
DIAMONDS THREE DIAMONDS ACE,0.3676,0.0044,0.628
HEARTS FOUR DIAMONDS THREE,0.6224,0.0132,0.3644
HEARTS SEVEN DIAMONDS THREE,0.7162,0.0474,0.2364
SPADES TEN SPADES NINE,0.5326,0.0116,0.4558
HEARTS SIX DIAMONDS THREE,0.6468,0.0144,0.3388
SPADES JACK SPADES NINE,0.5342,0.0104,0.4554
DIAMONDS THREE HEARTS NINE,0.6312,0.0096,0.3592
HEARTS JACK DIAMONDS FOUR,0.625,0.0128,0.3622
HEARTS ACE HEARTS KING,0.3114,0.0024,0.6862
SPADES TEN SPADES TWO,0.6024,0.011,0.3866
DIAMONDS THREE HEARTS EIGHT,0.63,0.013,0.357
HEARTS TEN DIAMONDS FOUR,0.6264,0.0106,0.363
SPADES JACK SPADES TWO,0.602,0.0128,0.3852
HEARTS QUEEN DIAMONDS FOUR,0.4764,0.3012,0.2224
HEARTS KING DIAMONDS FOUR,0.3942,0.0066,0.5992
SPADES ACE SPADES NINE,0.3574,0.0046,0.638
HEARTS ACE DIAMONDS FOUR,0.389,0.0044,0.6066
SPADES KING SPADES NINE,0.328,0.0084,0.6636
DIAMONDS THREE SPADES NINE,0.6492,0.0106,0.3402
DIAMONDS THREE SPADES EIGHT,0.6392,0.0122,0.3486
DIAMONDS THREE SPADES SEVEN,0.7248,0.0488,0.2264
DIAMONDS THREE SPADES SIX,0.645,0.0126,0.3424
DIAMONDS THREE CLUBS SIX,0.635,0.0144,0.3506
CLUBS FIVE CLUBS SIX,0.5758,0.0136,0.4106
CLUBS ACE DIAMONDS FOUR,0.387,0.0038,0.6092
CLUBS SEVEN DIAMONDS THREE,0.7196,0.047,0.2334
CLUBS SEVEN CLUBS FIVE,0.6418,0.0472,0.311
DIAMONDS THREE CLUBS FOUR,0.6294,0.0132,0.3574
DIAMONDS FOUR CLUBS QUEEN,0.4686,0.3138,0.2176
DIAMONDS THREE CLUBS FIVE,0.6252,0.0124,0.3624
CLUBS KING DIAMONDS FOUR,0.4072,0.0066,0.5862
DIAMONDS THREE CLUBS TWO,0.6464,0.0138,0.3398
CLUBS TEN DIAMONDS FOUR,0.6332,0.0086,0.3582
DIAMONDS THREE CLUBS THREE,0.435,0.0288,0.5362
DIAMONDS FOUR CLUBS JACK,0.6266,0.0138,0.3596
DIAMONDS THREE SPADES FOUR,0.641,0.0134,0.3456
DIAMONDS THREE SPADES FIVE,0.63,0.0172,0.3528
DIAMONDS THREE SPADES TWO,0.6612,0.0166,0.3222
DIAMONDS THREE SPADES THREE,0.4432,0.0264,0.5304
CLUBS EIGHT DIAMONDS THREE,0.6214,0.014,0.3646
CLUBS NINE DIAMONDS THREE,0.6288,0.015,0.3562
SPADES SEVEN CLUBS ACE,0.241,0.0226,0.7364
SPADES SEVEN CLUBS QUEEN,0.0176,0.9722,0.0102
SPADES SEVEN CLUBS KING,0.2198,0.0372,0.743
CLUBS FIVE SPADES SEVEN,0.6816,0.0426,0.2758
CLUBS TEN SPADES SEVEN,0.7038,0.0446,0.2516
CLUBS FIVE SPADES SIX,0.6146,0.013,0.3724
SPADES SEVEN CLUBS JACK,0.7118,0.0414,0.2468
SPADES NINE CLUBS FIVE,0.6134,0.0114,0.3752
CLUBS FIVE SPADES EIGHT,0.6028,0.0132,0.384
CLUBS FIVE SPADES THREE,0.6334,0.012,0.3546
CLUBS FIVE SPADES TWO,0.639,0.0134,0.3476
CLUBS FIVE SPADES FIVE,0.4302,0.024,0.5458
CLUBS FIVE SPADES FOUR,0.6182,0.011,0.3708
CLUBS NINE CLUBS FIVE,0.575,0.0112,0.4138
CLUBS EIGHT CLUBS FIVE,0.5684,0.0126,0.419
CLUBS ACE CLUBS QUEEN,0.218,0.0152,0.7668
CLUBS KING CLUBS QUEEN,0.219,0.0234,0.7576
DIAMONDS TEN DIAMONDS FOUR,0.5936,0.013,0.3934
CLUBS TEN DIAMONDS NINE,0.5466,0.0106,0.4428
DIAMONDS JACK DIAMONDS FOUR,0.5804,0.012,0.4076
DIAMONDS NINE CLUBS JACK,0.548,0.0092,0.4428
SPADES NINE CLUBS JACK,0.5656,0.0096,0.4248
CLUBS TEN SPADES NINE,0.5544,0.0108,0.4348
DIAMONDS ACE DIAMONDS FOUR,0.3764,0.0038,0.6198
HEARTS FOUR DIAMONDS FOUR,0.4298,0.0274,0.5428
DIAMONDS JACK HEARTS TEN,0.537,0.0076,0.4554
SPADES NINE CLUBS KING,0.3574,0.0082,0.6344
DIAMONDS TWO SPADES TEN,0.6318,0.0146,0.3536
DIAMONDS NINE CLUBS ACE,0.3616,0.005,0.6334
HEARTS FIVE DIAMONDS FOUR,0.6166,0.0146,0.3688
DIAMONDS JACK HEARTS JACK,0.276,0.0116,0.7124
SPADES NINE CLUBS QUEEN,0.2366,0.1604,0.603
SPADES JACK DIAMONDS TWO,0.6356,0.013,0.3514
DIAMONDS QUEEN DIAMONDS FOUR,0.4408,0.2836,0.2756
HEARTS TWO DIAMONDS FOUR,0.6542,0.0132,0.3326
DIAMONDS NINE CLUBS QUEEN,0.2182,0.1596,0.6222
DIAMONDS KING DIAMONDS FOUR,0.3702,0.0094,0.6204
HEARTS THREE DIAMONDS FOUR,0.6366,0.013,0.3504
SPADES NINE CLUBS ACE,0.3636,0.0032,0.6332
DIAMONDS NINE CLUBS KING,0.3452,0.0064,0.6484
HEARTS ACE DIAMONDS JACK,0.3522,0.0038,0.644
SPADES ACE DIAMONDS TWO,0.3988,0.0056,0.5956
HEARTS QUEEN DIAMONDS JACK,0.2314,0.0914,0.6772
HEARTS KING DIAMONDS JACK,0.3408,0.0068,0.6524
SPADES KING DIAMONDS TWO,0.394,0.0098,0.5962
SPADES JACK SPADES SEVEN,0.6844,0.0412,0.2744
SPADES TEN SPADES SEVEN,0.6618,0.042,0.2962
CLUBS SEVEN CLUBS THREE,0.6706,0.0472,0.2822
CLUBS SIX CLUBS THREE,0.593,0.0144,0.3926
CLUBS FIVE CLUBS THREE,0.583,0.0112,0.4058
CLUBS THREE CLUBS FOUR,0.59,0.0154,0.3946
CLUBS NINE CLUBS THREE,0.589,0.009,0.402
CLUBS EIGHT CLUBS THREE,0.5896,0.0118,0.3986
CLUBS THREE SPADES FIVE,0.6264,0.0146,0.359
CLUBS THREE SPADES FOUR,0.6242,0.0116,0.3642
CLUBS THREE SPADES THREE,0.4324,0.028,0.5396
CLUBS THREE SPADES TWO,0.6472,0.0148,0.338
CLUBS THREE SPADES SIX,0.6458,0.0144,0.3398
SPADES SEVEN CLUBS THREE,0.7188,0.0504,0.2308
SPADES EIGHT CLUBS THREE,0.6372,0.0136,0.3492
SPADES NINE CLUBS THREE,0.6402,0.0116,0.3482
SPADES TWO DIAMONDS FOUR,0.6488,0.0148,0.3364
SPADES THREE DIAMONDS FOUR,0.6244,0.0134,0.3622
SPADES FOUR DIAMONDS FOUR,0.4378,0.0256,0.5366
SPADES FIVE DIAMONDS FOUR,0.6222,0.017,0.3608
SPADES SIX DIAMONDS FOUR,0.6288,0.0114,0.3598
SPADES SEVEN DIAMONDS FOUR,0.7028,0.051,0.2462
SPADES EIGHT DIAMONDS FOUR,0.6246,0.012,0.3634
SPADES NINE DIAMONDS FOUR,0.6316,0.0108,0.3576
CLUBS FIVE DIAMONDS FOUR,0.6048,0.0138,0.3814
CLUBS FOUR DIAMONDS FOUR,0.4292,0.0262,0.5446
CLUBS SEVEN DIAMONDS FOUR,0.6978,0.049,0.2532
CLUBS SIX DIAMONDS FOUR,0.6234,0.0104,0.3662
CLUBS NINE DIAMONDS FOUR,0.6268,0.0156,0.3576
CLUBS EIGHT DIAMONDS FOUR,0.6238,0.0126,0.3636
HEARTS SEVEN DIAMONDS FOUR,0.7068,0.0488,0.2444
HEARTS SIX DIAMONDS FOUR,0.6186,0.0122,0.3692
DIAMONDS FOUR HEARTS NINE,0.6474,0.0102,0.3424
DIAMONDS FOUR HEARTS EIGHT,0.6198,0.011,0.3692
CLUBS THREE DIAMONDS FOUR,0.6174,0.0158,0.3668
CLUBS TWO DIAMONDS FOUR,0.6438,0.0128,0.3434
DIAMONDS TEN DIAMONDS FIVE,0.5956,0.0108,0.3936
DIAMONDS JACK DIAMONDS FIVE,0.5882,0.0098,0.402
DIAMONDS NINE HEARTS QUEEN,0.2218,0.1716,0.6066
DIAMONDS NINE HEARTS KING,0.3482,0.0096,0.6422
HEARTS ACE DIAMONDS NINE,0.3674,0.0038,0.6288
DIAMONDS NINE HEARTS TEN,0.5454,0.01,0.4446
DIAMONDS NINE HEARTS JACK,0.5692,0.0086,0.4222
CLUBS KING DIAMONDS SIX,0.3764,0.0066,0.617
CLUBS QUEEN DIAMONDS SIX,0.472,0.3154,0.2126
CLUBS ACE DIAMONDS SIX,0.3858,0.0048,0.6094
SPADES KING DIAMONDS FOUR,0.3934,0.008,0.5986
SPADES ACE SPADES SEVEN,0.2252,0.0266,0.7482
CLUBS JACK DIAMONDS SIX,0.6294,0.0106,0.36
SPADES KING SPADES SEVEN,0.2242,0.0354,0.7404
SPADES ACE DIAMONDS FOUR,0.389,0.0026,0.6084
CLUBS TEN DIAMONDS SIX,0.6292,0.0072,0.3636
CLUBS NINE CLUBS FOUR,0.5912,0.0106,0.3982
CLUBS EIGHT CLUBS FOUR,0.5724,0.011,0.4166
SPADES JACK DIAMONDS FOUR,0.629,0.0108,0.3602
SPADES TEN DIAMONDS FOUR,0.6334,0.0152,0.3514
CLUBS FIVE CLUBS FOUR,0.5662,0.0132,0.4206
CLUBS SEVEN CLUBS FOUR,0.6444,0.0484,0.3072
CLUBS SIX CLUBS FOUR,0.588,0.0104,0.4016
CLUBS SEVEN SPADES EIGHT,0.6678,0.0406,0.2916
CLUBS SEVEN SPADES NINE,0.6748,0.0456,0.2796
CLUBS SEVEN SPADES SIX,0.6714,0.0444,0.2842
CLUBS SEVEN SPADES SEVEN,0.2906,0.0282,0.6812
CLUBS SEVEN SPADES FIVE,0.6872,0.0448,0.268
CLUBS SEVEN SPADES FOUR,0.691,0.044,0.265
CLUBS SEVEN SPADES THREE,0.7068,0.0556,0.2376
CLUBS SEVEN SPADES TWO,0.735,0.046,0.219
CLUBS NINE CLUBS SEVEN,0.6418,0.04,0.3182
CLUBS SEVEN CLUBS EIGHT,0.613,0.0408,0.3462
HEARTS SIX DIAMONDS FIVE,0.6122,0.0136,0.3742
HEARTS SEVEN DIAMONDS FIVE,0.6758,0.0448,0.2794
DIAMONDS FIVE HEARTS EIGHT,0.6046,0.0126,0.3828
DIAMONDS FIVE HEARTS NINE,0.6306,0.0124,0.357
DIAMONDS QUEEN DIAMONDS FIVE,0.4306,0.2978,0.2716
HEARTS TWO DIAMONDS FIVE,0.6438,0.0128,0.3434
HEARTS KING HEARTS EIGHT,0.3294,0.0064,0.6642
DIAMONDS KING DIAMONDS FIVE,0.3622,0.0082,0.6296
HEARTS THREE DIAMONDS FIVE,0.6266,0.0166,0.3568
HEARTS QUEEN HEARTS EIGHT,0.212,0.2214,0.5666
DIAMONDS ACE DIAMONDS FIVE,0.3688,0.0042,0.627
HEARTS FOUR DIAMONDS FIVE,0.6172,0.012,0.3708
HEARTS FIVE DIAMONDS FIVE,0.4248,0.0252,0.55
HEARTS ACE HEARTS EIGHT,0.3298,0.004,0.6662
CLUBS FOUR DIAMONDS FIVE,0.6258,0.0126,0.3616
CLUBS FIVE DIAMONDS FIVE,0.424,0.0254,0.5506
CLUBS SIX DIAMONDS FIVE,0.6018,0.013,0.3852
CLUBS SEVEN DIAMONDS FIVE,0.672,0.053,0.275
CLUBS TWO DIAMONDS FIVE,0.6436,0.0172,0.3392
CLUBS THREE DIAMONDS FIVE,0.625,0.012,0.363
SPADES THREE DIAMONDS FIVE,0.6346,0.0122,0.3532
SPADES TWO DIAMONDS FIVE,0.6456,0.0158,0.3386
SPADES JACK DIAMONDS EIGHT,0.5792,0.0114,0.4094
SPADES FIVE DIAMONDS FIVE,0.4348,0.0252,0.54
CLUBS TEN HEARTS JACK,0.547,0.0068,0.4462
SPADES TEN DIAMONDS EIGHT,0.5696,0.0106,0.4198
SPADES FOUR DIAMONDS FIVE,0.6184,0.0134,0.3682
HEARTS JACK CLUBS JACK,0.286,0.0122,0.7018
HEARTS JACK CLUBS QUEEN,0.2316,0.0842,0.6842
CLUBS NINE DIAMONDS FIVE,0.6158,0.0116,0.3726
CLUBS KING HEARTS JACK,0.352,0.0064,0.6416
CLUBS EIGHT DIAMONDS FIVE,0.6044,0.0138,0.3818
CLUBS ACE HEARTS JACK,0.358,0.004,0.638
SPADES SEVEN DIAMONDS FIVE,0.6952,0.0478,0.257
SPADES KING DIAMONDS EIGHT,0.351,0.008,0.641
SPADES SIX DIAMONDS FIVE,0.6086,0.0112,0.3802
SPADES NINE DIAMONDS FIVE,0.6156,0.0144,0.37
SPADES EIGHT DIAMONDS FIVE,0.6086,0.01,0.3814
SPADES ACE DIAMONDS EIGHT,0.3436,0.0046,0.6518
DIAMONDS TEN DIAMONDS SIX,0.5936,0.0128,0.3936
DIAMONDS JACK DIAMONDS SIX,0.6028,0.0084,0.3888
DIAMONDS ACE DIAMONDS SIX,0.3726,0.004,0.6234
HEARTS FOUR DIAMONDS SIX,0.6294,0.0116,0.359
SPADES TWO HEARTS JACK,0.6376,0.0128,0.3496
HEARTS FIVE DIAMONDS SIX,0.6248,0.0138,0.3614
SPADES TWO HEARTS TEN,0.6366,0.0114,0.352
DIAMONDS QUEEN DIAMONDS SIX,0.4582,0.2792,0.2626
HEARTS TWO DIAMONDS SIX,0.6538,0.0124,0.3338
DIAMONDS KING DIAMONDS SIX,0.3912,0.0056,0.6032
HEARTS THREE DIAMONDS SIX,0.6468,0.0144,0.3388
HEARTS EIGHT DIAMONDS SIX,0.6036,0.0134,0.383
HEARTS NINE DIAMONDS SIX,0.6076,0.0116,0.3808
HEARTS SIX DIAMONDS SIX,0.4194,0.0228,0.5578
HEARTS SEVEN DIAMONDS SIX,0.6746,0.0502,0.2752
CLUBS TWO DIAMONDS SIX,0.6684,0.0128,0.3188
CLUBS THREE DIAMONDS SIX,0.647,0.0116,0.3414
CLUBS SEVEN DIAMONDS SIX,0.668,0.0482,0.2838
DIAMONDS EIGHT CLUBS JACK,0.5724,0.0134,0.4142
CLUBS SIX DIAMONDS SIX,0.4228,0.0246,0.5526
CLUBS TEN DIAMONDS EIGHT,0.5722,0.0098,0.418
CLUBS FIVE DIAMONDS SIX,0.6148,0.0128,0.3724
CLUBS FOUR DIAMONDS SIX,0.6224,0.0148,0.3628
HEARTS ACE HEARTS JACK,0.3494,0.0044,0.6462
CLUBS ACE DIAMONDS EIGHT,0.3498,0.004,0.6462
HEARTS QUEEN HEARTS JACK,0.2252,0.0898,0.685
CLUBS KING DIAMONDS EIGHT,0.3386,0.0064,0.655
CLUBS NINE DIAMONDS SIX,0.6212,0.0142,0.3646
HEARTS KING HEARTS JACK,0.3128,0.006,0.6812
CLUBS QUEEN DIAMONDS EIGHT,0.2198,0.2184,0.5618
CLUBS EIGHT DIAMONDS SIX,0.6056,0.0082,0.3862
SPADES TEN HEARTS KING,0.3324,0.0076,0.66
SPADES FIVE DIAMONDS SIX,0.6058,0.0116,0.3826
HEARTS ACE SPADES TWO,0.3896,0.0064,0.604
SPADES JACK HEARTS KING,0.3482,0.0056,0.6462
SPADES FOUR DIAMONDS SIX,0.6316,0.0104,0.358
SPADES THREE DIAMONDS SIX,0.6418,0.0154,0.3428
HEARTS QUEEN SPADES TWO,0.4772,0.3092,0.2136
SPADES ACE SPADES KING,0.3096,0.0046,0.6858
SPADES TWO HEARTS KING,0.4162,0.008,0.5758
SPADES TWO DIAMONDS SIX,0.6636,0.0134,0.323
HEARTS TEN HEARTS EIGHT,0.5368,0.0092,0.454
SPADES NINE DIAMONDS SIX,0.61,0.0136,0.3764
HEARTS JACK HEARTS EIGHT,0.5402,0.0084,0.4514
SPADES EIGHT DIAMONDS SIX,0.5966,0.011,0.3924
SPADES SEVEN DIAMONDS SIX,0.6704,0.0414,0.2882
SPADES SIX DIAMONDS SIX,0.4192,0.0256,0.5552
SPADES KING HEARTS KING,0.1302,0.003,0.8668
CLUBS ACE CLUBS KING,0.295,0.004,0.701
SPADES ACE HEARTS KING,0.3222,0.0024,0.6754
SPADES ACE HEARTS JACK,0.341,0.0032,0.6558
SPADES KING HEARTS JACK,0.3412,0.0058,0.653
SPADES TEN DIAMONDS TEN,0.2784,0.0144,0.7072
SPADES JACK DIAMONDS TEN,0.551,0.011,0.438
SPADES ACE DIAMONDS TEN,0.3462,0.0052,0.6486
SPADES JACK HEARTS JACK,0.2912,0.0126,0.6962
SPADES TEN HEARTS JACK,0.5436,0.011,0.4454
SPADES KING DIAMONDS TEN,0.337,0.0056,0.6574
HEARTS KING DIAMONDS FIVE,0.3914,0.0058,0.6028
HEARTS QUEEN DIAMONDS FIVE,0.4622,0.301,0.2368
HEARTS ACE DIAMONDS FIVE,0.382,0.005,0.613
DIAMONDS FIVE HEARTS JACK,0.6312,0.0114,0.3574
HEARTS TEN DIAMONDS FIVE,0.616,0.0108,0.3732
SPADES KING CLUBS TWO,0.3986,0.0084,0.593
HEARTS KING CLUBS KING,0.1316,0.0022,0.8662
HEARTS KING CLUBS QUEEN,0.2294,0.0276,0.743
SPADES TWO CLUBS JACK,0.6398,0.0114,0.3488
SPADES ACE CLUBS TWO,0.397,0.005,0.598
CLUBS TEN SPADES TWO,0.6378,0.0102,0.352
HEARTS KING CLUBS ACE,0.334,0.003,0.663
CLUBS SEVEN CLUBS SIX,0.615,0.048,0.337
SPADES TWO CLUBS KING,0.3996,0.0092,0.5912
CLUBS EIGHT CLUBS SIX,0.5688,0.0088,0.4224
SPADES TWO CLUBS QUEEN,0.4796,0.3178,0.2026
CLUBS NINE CLUBS SIX,0.5816,0.0104,0.408
HEARTS KING CLUBS JACK,0.334,0.0064,0.6596
SPADES TWO CLUBS ACE,0.3792,0.0066,0.6142
CLUBS TEN HEARTS KING,0.3492,0.007,0.6438
CLUBS SIX SPADES TWO,0.6394,0.017,0.3436
CLUBS SIX SPADES THREE,0.6392,0.014,0.3468
CLUBS SIX SPADES FOUR,0.625,0.012,0.363
CLUBS SIX SPADES FIVE,0.6198,0.01,0.3702
CLUBS SIX SPADES SIX,0.415,0.0242,0.5608
CLUBS SIX SPADES SEVEN,0.6662,0.0426,0.2912
SPADES EIGHT CLUBS SIX,0.602,0.0126,0.3854
SPADES JACK CLUBS TWO,0.6364,0.012,0.3516
SPADES NINE CLUBS SIX,0.605,0.0114,0.3836
SPADES TEN CLUBS TWO,0.6312,0.0114,0.3574
CLUBS TWO CLUBS QUEEN,0.4422,0.2862,0.2716
CLUBS TWO CLUBS KING,0.39,0.006,0.604
CLUBS THREE DIAMONDS EIGHT,0.6398,0.0136,0.3466
CLUBS TWO CLUBS ACE,0.3886,0.0062,0.6052
CLUBS TWO DIAMONDS EIGHT,0.6198,0.0168,0.3634
HEARTS SEVEN DIAMONDS EIGHT,0.6712,0.0418,0.287
HEARTS SIX DIAMONDS EIGHT,0.6126,0.0124,0.375
DIAMONDS EIGHT HEARTS NINE,0.559,0.0096,0.4314
CLUBS TEN CLUBS TWO,0.5826,0.0104,0.407
HEARTS EIGHT DIAMONDS EIGHT,0.3046,0.0222,0.6732
CLUBS TWO CLUBS JACK,0.5842,0.0112,0.4046
CLUBS NINE DIAMONDS EIGHT,0.565,0.0118,0.4232
CLUBS EIGHT DIAMONDS EIGHT,0.2954,0.0218,0.6828
CLUBS FIVE DIAMONDS EIGHT,0.601,0.0104,0.3886
SPADES ACE SPADES THREE,0.374,0.0048,0.6212
CLUBS FOUR DIAMONDS EIGHT,0.6288,0.008,0.3632
CLUBS SEVEN DIAMONDS EIGHT,0.668,0.042,0.29
CLUBS SIX DIAMONDS EIGHT,0.606,0.01,0.384
SPADES KING SPADES THREE,0.3846,0.0078,0.6076
DIAMONDS QUEEN DIAMONDS EIGHT,0.208,0.2172,0.5748
HEARTS TWO DIAMONDS EIGHT,0.6288,0.0104,0.3608
DIAMONDS KING DIAMONDS EIGHT,0.3312,0.0058,0.663
HEARTS THREE DIAMONDS EIGHT,0.629,0.011,0.36
DIAMONDS ACE DIAMONDS EIGHT,0.3424,0.0052,0.6524
HEARTS FOUR DIAMONDS EIGHT,0.6192,0.01,0.3708
HEARTS FIVE DIAMONDS EIGHT,0.5926,0.0128,0.3946
DIAMONDS TEN DIAMONDS EIGHT,0.5382,0.0146,0.4472
DIAMONDS JACK DIAMONDS EIGHT,0.54,0.0086,0.4514
SPADES JACK SPADES THREE,0.6014,0.0136,0.385
SPADES TEN SPADES THREE,0.6014,0.0128,0.3858
CLUBS FOUR HEARTS ACE,0.392,0.0046,0.6034
CLUBS FOUR HEARTS QUEEN,0.4644,0.2986,0.237
CLUBS FOUR HEARTS KING,0.3952,0.0064,0.5984
CLUBS SIX HEARTS TEN,0.61,0.0108,0.3792
CLUBS SIX HEARTS JACK,0.6322,0.0124,0.3554
SPADES FOUR DIAMONDS EIGHT,0.6198,0.0132,0.367
SPADES FIVE DIAMONDS EIGHT,0.615,0.0106,0.3744
SPADES TWO DIAMONDS EIGHT,0.6388,0.0116,0.3496
SPADES THREE DIAMONDS EIGHT,0.6314,0.0174,0.3512
CLUBS FOUR HEARTS JACK,0.6234,0.01,0.3666
SPADES EIGHT DIAMONDS EIGHT,0.2962,0.026,0.6778
SPADES JACK HEARTS EIGHT,0.5692,0.0138,0.417
SPADES TEN HEARTS TWO,0.6324,0.0106,0.357
SPADES TEN DIAMONDS QUEEN,0.2192,0.1248,0.656
CLUBS FOUR HEARTS TEN,0.622,0.014,0.364
SPADES NINE DIAMONDS EIGHT,0.5656,0.011,0.4234
SPADES JACK HEARTS TWO,0.6328,0.0108,0.3564
SPADES JACK DIAMONDS QUEEN,0.2288,0.0878,0.6834
SPADES TEN HEARTS EIGHT,0.5766,0.01,0.4134
SPADES SIX DIAMONDS EIGHT,0.5974,0.0118,0.3908
SPADES SEVEN DIAMONDS EIGHT,0.6674,0.0398,0.2928
SPADES ACE HEARTS TWO,0.3768,0.0072,0.616
SPADES ACE DIAMONDS QUEEN,0.219,0.0202,0.7608
SPADES ACE HEARTS EIGHT,0.3564,0.0036,0.64
SPADES KING HEARTS EIGHT,0.3664,0.0066,0.627
SPADES KING DIAMONDS QUEEN,0.2174,0.0268,0.7558
SPADES KING HEARTS TWO,0.399,0.0086,0.5924
CLUBS TWO HEARTS TEN,0.6236,0.0132,0.3632
CLUBS TWO HEARTS JACK,0.6252,0.014,0.3608
SPADES SEVEN DIAMONDS NINE,0.6822,0.0404,0.2774
SPADES SIX DIAMONDS NINE,0.6026,0.0122,0.3852
SPADES NINE DIAMONDS NINE,0.2976,0.0182,0.6842
SPADES EIGHT DIAMONDS NINE,0.5686,0.0122,0.4192
SPADES TEN CLUBS KING,0.3348,0.0076,0.6576
DIAMONDS NINE SPADES THREE,0.624,0.0158,0.3602
SPADES JACK CLUBS KING,0.3616,0.0068,0.6316
DIAMONDS NINE SPADES TWO,0.6364,0.0102,0.3534
SPADES FIVE DIAMONDS NINE,0.6124,0.0146,0.373
SPADES FOUR DIAMONDS NINE,0.6354,0.0138,0.3508
CLUBS NINE DIAMONDS NINE,0.2998,0.017,0.6832
CLUBS EIGHT DIAMONDS NINE,0.5472,0.0098,0.443
CLUBS SIX DIAMONDS NINE,0.6048,0.0088,0.3864
SPADES JACK CLUBS FOUR,0.6208,0.0116,0.3676
CLUBS SEVEN DIAMONDS NINE,0.6708,0.0466,0.2826
SPADES TEN CLUBS FOUR,0.6386,0.0118,0.3496
CLUBS FOUR DIAMONDS NINE,0.6162,0.0112,0.3726
CLUBS FIVE DIAMONDS NINE,0.6144,0.012,0.3736
CLUBS TWO DIAMONDS NINE,0.629,0.012,0.359
CLUBS THREE DIAMONDS NINE,0.6134,0.0106,0.376
DIAMONDS NINE HEARTS EIGHT,0.5546,0.0122,0.4332
DIAMONDS NINE HEARTS NINE,0.3034,0.0188,0.6778
HEARTS SIX DIAMONDS NINE,0.5994,0.0124,0.3882
HEARTS SEVEN DIAMONDS NINE,0.6704,0.0378,0.2918
CLUBS NINE CLUBS EIGHT,0.5118,0.0084,0.4798
DIAMONDS ACE DIAMONDS NINE,0.3348,0.005,0.6602
HEARTS FOUR DIAMONDS NINE,0.6414,0.0084,0.3502
HEARTS FIVE DIAMONDS NINE,0.6152,0.0106,0.3742
HEARTS ACE CLUBS TWO,0.405,0.0038,0.5912
SPADES ACE CLUBS FOUR,0.382,0.0044,0.6136
DIAMONDS NINE DIAMONDS QUEEN,0.2108,0.1594,0.6298
HEARTS TWO DIAMONDS NINE,0.6344,0.0126,0.353
CLUBS TWO HEARTS KING,0.419,0.006,0.575
SPADES KING CLUBS FOUR,0.4006,0.0058,0.5936
DIAMONDS KING DIAMONDS NINE,0.3388,0.006,0.6552
HEARTS THREE DIAMONDS NINE,0.6348,0.0096,0.3556
CLUBS TWO HEARTS QUEEN,0.4736,0.2996,0.2268
DIAMONDS NINE DIAMONDS JACK,0.523,0.0108,0.4662
CLUBS EIGHT SPADES NINE,0.5764,0.0134,0.4102
DIAMONDS TEN DIAMONDS NINE,0.5306,0.013,0.4564
CLUBS EIGHT SPADES EIGHT,0.309,0.0238,0.6672
CLUBS EIGHT SPADES SEVEN,0.6714,0.0424,0.2862
CLUBS EIGHT SPADES SIX,0.6044,0.0124,0.3832
CLUBS EIGHT SPADES FIVE,0.6124,0.0128,0.3748
CLUBS EIGHT SPADES FOUR,0.6306,0.0118,0.3576
CLUBS EIGHT SPADES THREE,0.6344,0.0122,0.3534
CLUBS EIGHT SPADES TWO,0.6388,0.0124,0.3488
HEARTS SIX DIAMONDS TEN,0.6278,0.0112,0.361
HEARTS SEVEN DIAMONDS TEN,0.6884,0.0428,0.2688
DIAMONDS TEN HEARTS EIGHT,0.5752,0.011,0.4138
CLUBS FOUR CLUBS JACK,0.5814,0.012,0.4066
DIAMONDS TEN HEARTS NINE,0.5574,0.0096,0.433
CLUBS TEN CLUBS FOUR,0.5728,0.0116,0.4156
CLUBS FOUR CLUBS KING,0.3746,0.0074,0.618
CLUBS FOUR CLUBS QUEEN,0.443,0.2868,0.2702
DIAMONDS TEN CLUBS TWO,0.6302,0.0082,0.3616
CLUBS THREE DIAMONDS TEN,0.6216,0.0112,0.3672
CLUBS FOUR CLUBS ACE,0.3706,0.0042,0.6252
DIAMONDS TEN DIAMONDS JACK,0.5236,0.008,0.4684
DIAMONDS TEN DIAMONDS QUEEN,0.2214,0.1138,0.6648
HEARTS TWO DIAMONDS TEN,0.6326,0.0104,0.357
DIAMONDS KING DIAMONDS TEN,0.3224,0.007,0.6706
HEARTS THREE DIAMONDS TEN,0.6148,0.0124,0.3728
DIAMONDS ACE DIAMONDS TEN,0.3302,0.005,0.6648
HEARTS FOUR DIAMONDS TEN,0.6312,0.01,0.3588
CLUBS EIGHT HEARTS JACK,0.5788,0.0102,0.411
HEARTS FIVE DIAMONDS TEN,0.6222,0.0116,0.3662
CLUBS EIGHT HEARTS TEN,0.564,0.0102,0.4258
CLUBS EIGHT HEARTS QUEEN,0.2168,0.2316,0.5516
CLUBS EIGHT HEARTS KING,0.3614,0.0064,0.6322
CLUBS EIGHT HEARTS ACE,0.361,0.003,0.636
CLUBS NINE SPADES THREE,0.625,0.01,0.365
CLUBS NINE SPADES TWO,0.6454,0.0108,0.3438
CLUBS NINE SPADES FIVE,0.6168,0.0096,0.3736
CLUBS NINE SPADES FOUR,0.6372,0.0126,0.3502
CLUBS NINE SPADES SEVEN,0.6736,0.045,0.2814
CLUBS NINE SPADES SIX,0.601,0.0124,0.3866
CLUBS NINE SPADES NINE,0.3108,0.0148,0.6744
CLUBS TEN HEARTS EIGHT,0.5704,0.0062,0.4234
CLUBS NINE SPADES EIGHT,0.565,0.0116,0.4234
HEARTS EIGHT CLUBS JACK,0.5734,0.0092,0.4174
CLUBS QUEEN HEARTS EIGHT,0.2252,0.2238,0.551
CLUBS KING HEARTS EIGHT,0.3586,0.0072,0.6342
CLUBS ACE HEARTS EIGHT,0.3586,0.002,0.6394
SPADES KING CLUBS KING,0.1282,0.0034,0.8684
SPADES ACE CLUBS KING,0.3024,0.0038,0.6938
DIAMONDS ACE HEARTS TEN,0.349,0.0064,0.6446
HEARTS FOUR HEARTS TEN,0.5834,0.0104,0.4062
DIAMONDS ACE HEARTS JACK,0.3402,0.0044,0.6554
HEARTS FOUR HEARTS JACK,0.587,0.0114,0.4016
SPADES KING CLUBS FIVE,0.4016,0.008,0.5904
SPADES ACE CLUBS FIVE,0.3922,0.005,0.6028
HEARTS SEVEN DIAMONDS JACK,0.6946,0.0422,0.2632
HEARTS SIX DIAMONDS JACK,0.6204,0.0098,0.3698
DIAMONDS JACK HEARTS NINE,0.5496,0.0114,0.439
DIAMONDS JACK HEARTS EIGHT,0.577,0.0146,0.4084
DIAMONDS KING DIAMONDS JACK,0.3178,0.0074,0.6748
HEARTS THREE DIAMONDS JACK,0.623,0.0114,0.3656
SPADES ACE SPADES SIX,0.3694,0.0038,0.6268
HEARTS ACE SPADES FOUR,0.3822,0.0052,0.6126
DIAMONDS QUEEN DIAMONDS JACK,0.2298,0.0902,0.68
HEARTS TWO DIAMONDS JACK,0.6192,0.0114,0.3694
HEARTS FIVE DIAMONDS JACK,0.622,0.011,0.367
SPADES FOUR HEARTS QUEEN,0.4694,0.3084,0.2222
DIAMONDS ACE DIAMONDS JACK,0.3378,0.004,0.6582
HEARTS FOUR DIAMONDS JACK,0.625,0.0136,0.3614
SPADES KING SPADES SIX,0.3726,0.01,0.6174
SPADES FOUR HEARTS KING,0.3958,0.0072,0.597
SPADES TEN SPADES SIX,0.5928,0.0116,0.3956
SPADES JACK SPADES SIX,0.605,0.0108,0.3842
SPADES FOUR DIAMONDS JACK,0.63,0.0118,0.3582
SPADES FIVE DIAMONDS JACK,0.626,0.0096,0.3644
SPADES TWO DIAMONDS JACK,0.635,0.0136,0.3514
SPADES THREE DIAMONDS JACK,0.6182,0.011,0.3708
SPADES ACE DIAMONDS THREE,0.3924,0.0056,0.602
CLUBS EIGHT DIAMONDS JACK,0.5676,0.0086,0.4238
SPADES KING DIAMONDS THREE,0.3996,0.0074,0.593
CLUBS NINE DIAMONDS JACK,0.5508,0.0094,0.4398
CLUBS SIX DIAMONDS JACK,0.6296,0.0092,0.3612
CLUBS SEVEN DIAMONDS JACK,0.6934,0.0486,0.258
CLUBS FOUR DIAMONDS JACK,0.6192,0.0102,0.3706
CLUBS FIVE DIAMONDS JACK,0.6156,0.0114,0.373
CLUBS TWO DIAMONDS JACK,0.6224,0.0122,0.3654
CLUBS THREE DIAMONDS JACK,0.6276,0.0108,0.3616
SPADES JACK HEARTS SIX,0.64,0.0082,0.3518
SPADES TEN CLUBS FIVE,0.634,0.0128,0.3532
SPADES JACK CLUBS FIVE,0.6238,0.0092,0.367
SPADES TEN HEARTS SIX,0.6202,0.0114,0.3684
SPADES JACK DIAMONDS THREE,0.6372,0.0118,0.351
CLUBS SEVEN CLUBS ACE,0.2302,0.0214,0.7484
SPADES TEN DIAMONDS THREE,0.6378,0.0084,0.3538
CLUBS SEVEN CLUBS QUEEN,0.0224,0.9054,0.0722
CLUBS SEVEN CLUBS KING,0.2352,0.0354,0.7294
SPADES NINE DIAMONDS JACK,0.5604,0.011,0.4286
CLUBS TEN CLUBS SEVEN,0.6522,0.0382,0.3096
DIAMONDS ACE HEARTS ACE,0.1202,0.0058,0.874
HEARTS FOUR HEARTS ACE,0.3666,0.0042,0.6292
SPADES EIGHT DIAMONDS JACK,0.5868,0.0144,0.3988
SPADES ACE HEARTS SIX,0.3898,0.0062,0.604
CLUBS SEVEN CLUBS JACK,0.6672,0.0426,0.2902
DIAMONDS ACE HEARTS KING,0.3226,0.004,0.6734
HEARTS FOUR HEARTS KING,0.3746,0.0054,0.62
SPADES SEVEN DIAMONDS JACK,0.7116,0.0426,0.2458
SPADES KING HEARTS SIX,0.3802,0.0076,0.6122
DIAMONDS ACE HEARTS QUEEN,0.2172,0.0178,0.765
HEARTS FOUR HEARTS QUEEN,0.4578,0.275,0.2672
SPADES SIX DIAMONDS JACK,0.6312,0.0134,0.3554
DIAMONDS TEN SPADES TWO,0.6396,0.0132,0.3472
DIAMONDS TEN SPADES THREE,0.6236,0.0128,0.3636
DIAMONDS TEN SPADES FOUR,0.6138,0.0106,0.3756
SPADES FIVE DIAMONDS TEN,0.6392,0.012,0.3488
SPADES SIX DIAMONDS TEN,0.6196,0.0136,0.3668
SPADES SEVEN DIAMONDS TEN,0.692,0.048,0.26
SPADES EIGHT DIAMONDS TEN,0.567,0.0102,0.4228
SPADES NINE DIAMONDS TEN,0.562,0.0108,0.4272
CLUBS FOUR DIAMONDS TEN,0.6268,0.0114,0.3618
CLUBS FIVE DIAMONDS TEN,0.623,0.0118,0.3652
CLUBS SIX DIAMONDS TEN,0.6034,0.0098,0.3868
CLUBS SEVEN DIAMONDS TEN,0.6924,0.0384,0.2692
CLUBS EIGHT DIAMONDS TEN,0.5668,0.01,0.4232
CLUBS NINE DIAMONDS TEN,0.5462,0.0096,0.4442
DIAMONDS THREE CLUBS JACK,0.6316,0.0086,0.3598
CLUBS TEN DIAMONDS THREE,0.6232,0.0114,0.3654
DIAMONDS THREE CLUBS KING,0.404,0.0052,0.5908
DIAMONDS THREE CLUBS QUEEN,0.4672,0.3092,0.2236
DIAMONDS THREE CLUBS ACE,0.3808,0.0052,0.614
SPADES FOUR HEARTS JACK,0.6268,0.0116,0.3616
SPADES FOUR HEARTS TEN,0.6234,0.012,0.3646
SPADES FIVE SPADES TWO,0.6078,0.0132,0.379
SPADES FOUR SPADES TWO,0.6066,0.01,0.3834
SPADES THREE SPADES TWO,0.615,0.0134,0.3716
SPADES NINE SPADES TWO,0.594,0.0124,0.3936
SPADES EIGHT SPADES TWO,0.608,0.0104,0.3816
SPADES SEVEN SPADES TWO,0.6956,0.053,0.2514
SPADES SIX SPADES TWO,0.6198,0.0142,0.366
CLUBS THREE DIAMONDS QUEEN,0.4536,0.3176,0.2288
CLUBS THREE HEARTS TWO,0.6304,0.0136,0.356
CLUBS TWO DIAMONDS QUEEN,0.4598,0.3122,0.228
HEARTS TWO CLUBS TWO,0.4398,0.0272,0.533
HEARTS SEVEN DIAMONDS QUEEN,0.0112,0.9722,0.0166
HEARTS SEVEN HEARTS TWO,0.6926,0.0458,0.2616
HEARTS SIX DIAMONDS QUEEN,0.4738,0.2948,0.2314
HEARTS SIX HEARTS TWO,0.595,0.011,0.394
DIAMONDS QUEEN HEARTS NINE,0.2246,0.1566,0.6188
HEARTS TWO HEARTS NINE,0.597,0.0076,0.3954
DIAMONDS QUEEN HEARTS EIGHT,0.219,0.225,0.556
HEARTS TWO HEARTS EIGHT,0.602,0.0102,0.3878
CLUBS NINE HEARTS TWO,0.6352,0.0094,0.3554
CLUBS NINE DIAMONDS QUEEN,0.215,0.1724,0.6126
CLUBS EIGHT HEARTS TWO,0.6338,0.012,0.3542
CLUBS EIGHT DIAMONDS QUEEN,0.2134,0.2282,0.5584
CLUBS FIVE DIAMONDS QUEEN,0.4488,0.3224,0.2288
CLUBS FIVE HEARTS TWO,0.6336,0.0142,0.3522
SPADES EIGHT HEARTS ACE,0.3512,0.0036,0.6452
CLUBS FOUR DIAMONDS QUEEN,0.4478,0.3176,0.2346
CLUBS FOUR HEARTS TWO,0.6276,0.0114,0.361
CLUBS SEVEN DIAMONDS QUEEN,0.0114,0.9714,0.0172
CLUBS SEVEN HEARTS TWO,0.732,0.0502,0.2178
SPADES EIGHT HEARTS QUEEN,0.2278,0.2334,0.5388
CLUBS SIX DIAMONDS QUEEN,0.4628,0.3032,0.234
CLUBS SIX HEARTS TWO,0.6504,0.0104,0.3392
SPADES EIGHT HEARTS KING,0.3572,0.0084,0.6344
SPADES SIX DIAMONDS QUEEN,0.4692,0.3148,0.216
SPADES SIX HEARTS TWO,0.6518,0.0106,0.3376
HEARTS FOUR CLUBS QUEEN,0.4722,0.305,0.2228
DIAMONDS ACE CLUBS QUEEN,0.2232,0.0148,0.762
SPADES SEVEN DIAMONDS QUEEN,0.0074,0.9858,0.0068
SPADES SEVEN HEARTS TWO,0.7284,0.0568,0.2148
HEARTS FOUR CLUBS KING,0.4006,0.0076,0.5918
DIAMONDS ACE CLUBS KING,0.3164,0.0048,0.6788
SPADES EIGHT DIAMONDS QUEEN,0.2218,0.2132,0.565
SPADES EIGHT HEARTS TWO,0.6464,0.0132,0.3404
HEARTS FOUR CLUBS ACE,0.3994,0.0036,0.597
DIAMONDS ACE CLUBS ACE,0.1196,0.0028,0.8776
SPADES NINE DIAMONDS QUEEN,0.235,0.164,0.601
SPADES NINE HEARTS TWO,0.6376,0.0096,0.3528
HEARTS TWO SPADES TWO,0.4466,0.0234,0.53
DIAMONDS QUEEN SPADES TWO,0.4662,0.3192,0.2146
HEARTS TWO SPADES THREE,0.6456,0.0138,0.3406
SPADES THREE DIAMONDS QUEEN,0.4678,0.3026,0.2296
HEARTS TWO SPADES FOUR,0.6482,0.0126,0.3392
SPADES FOUR DIAMONDS QUEEN,0.4682,0.3052,0.2266
CLUBS TEN HEARTS FOUR,0.6262,0.0096,0.3642
CLUBS TEN DIAMONDS ACE,0.3478,0.0034,0.6488
HEARTS TWO SPADES FIVE,0.6326,0.0126,0.3548
SPADES FIVE DIAMONDS QUEEN,0.4632,0.3116,0.2252
HEARTS FOUR CLUBS JACK,0.616,0.0108,0.3732
DIAMONDS ACE CLUBS JACK,0.3428,0.0046,0.6526
CLUBS FIVE CLUBS KING,0.361,0.0056,0.6334
CLUBS FIVE CLUBS QUEEN,0.4344,0.2876,0.278
CLUBS FIVE CLUBS ACE,0.3682,0.0054,0.6264
CLUBS FIVE CLUBS JACK,0.5806,0.0116,0.4078
CLUBS TEN CLUBS FIVE,0.5762,0.01,0.4138
SPADES KING CLUBS JACK,0.3278,0.0068,0.6654
SPADES ACE CLUBS JACK,0.338,0.0036,0.6584
SPADES SIX CLUBS KING,0.4136,0.0052,0.5812
SPADES SIX CLUBS QUEEN,0.473,0.2938,0.2332
SPADES EIGHT HEARTS JACK,0.587,0.0106,0.4024
SPADES SIX CLUBS ACE,0.389,0.0042,0.6068
SPADES EIGHT HEARTS TEN,0.5894,0.0102,0.4004
SPADES SIX CLUBS JACK,0.6426,0.0088,0.3486
CLUBS TEN SPADES SIX,0.6228,0.0096,0.3676
SPADES TEN CLUBS JACK,0.5442,0.01,0.4458
SPADES JACK CLUBS JACK,0.2864,0.0084,0.7052
SPADES KING CLUBS SEVEN,0.2192,0.0372,0.7436
SPADES ACE CLUBS SEVEN,0.2332,0.0296,0.7372
SPADES SIX HEARTS TEN,0.6246,0.0096,0.3658
SPADES SIX HEARTS JACK,0.634,0.0114,0.3546
SPADES SIX HEARTS ACE,0.3924,0.0042,0.6034
SPADES SIX HEARTS KING,0.4016,0.007,0.5914
SPADES SIX HEARTS QUEEN,0.4664,0.3094,0.2242
SPADES JACK CLUBS SEVEN,0.7038,0.0462,0.25
CLUBS SEVEN SPADES TEN,0.7018,0.0412,0.257
CLUBS TEN HEARTS SIX,0.6212,0.011,0.3678
HEARTS SIX CLUBS JACK,0.6312,0.009,0.3598
CLUBS ACE CLUBS JACK,0.3276,0.0042,0.6682
HEARTS SIX CLUBS QUEEN,0.4634,0.3062,0.2304
HEARTS SIX CLUBS KING,0.3852,0.007,0.6078
HEARTS SIX CLUBS ACE,0.3816,0.0036,0.6148
CLUBS QUEEN CLUBS JACK,0.2242,0.0832,0.6926
CLUBS KING CLUBS JACK,0.3224,0.0058,0.6718
DIAMONDS THREE HEARTS ACE,0.397,0.0048,0.5982
DIAMONDS THREE HEARTS QUEEN,0.4746,0.2946,0.2308
DIAMONDS THREE HEARTS KING,0.3922,0.0048,0.603
CLUBS FIVE HEARTS JACK,0.6312,0.0102,0.3586
HEARTS FOUR SPADES TEN,0.6366,0.0106,0.3528
SPADES TEN DIAMONDS ACE,0.3542,0.0026,0.6432
CLUBS FIVE HEARTS TEN,0.6226,0.01,0.3674
HEARTS FOUR SPADES JACK,0.6308,0.0092,0.36
SPADES JACK DIAMONDS ACE,0.3622,0.0046,0.6332
SPADES ACE HEARTS FOUR,0.3802,0.006,0.6138
SPADES ACE DIAMONDS ACE,0.1144,0.0058,0.8798
CLUBS FIVE HEARTS ACE,0.3764,0.0042,0.6194
CLUBS FIVE HEARTS KING,0.3746,0.0084,0.617
SPADES FOUR CLUBS JACK,0.6314,0.0104,0.3582
CLUBS FIVE HEARTS QUEEN,0.4664,0.3078,0.2258
SPADES KING DIAMONDS ACE,0.3078,0.004,0.6882
SPADES KING HEARTS FOUR,0.3884,0.0074,0.6042
CLUBS TEN SPADES FOUR,0.6418,0.0112,0.347
DIAMONDS ACE DIAMONDS QUEEN,0.2306,0.015,0.7544
DIAMONDS ACE HEARTS TWO,0.3958,0.005,0.5992
HEARTS FOUR DIAMONDS QUEEN,0.4676,0.311,0.2214
HEARTS FOUR HEARTS TWO,0.595,0.0144,0.3906
DIAMONDS THREE HEARTS TEN,0.6312,0.0118,0.357
SPADES FOUR CLUBS KING,0.403,0.0086,0.5884
HEARTS FIVE DIAMONDS QUEEN,0.4554,0.3212,0.2234
HEARTS FIVE HEARTS TWO,0.5866,0.0134,0.4
DIAMONDS THREE HEARTS JACK,0.6276,0.0138,0.3586
SPADES FOUR CLUBS QUEEN,0.484,0.2886,0.2274
HEARTS TWO DIAMONDS QUEEN,0.4606,0.3058,0.2336
DIAMONDS KING DIAMONDS QUEEN,0.2182,0.0278,0.754
DIAMONDS KING HEARTS TWO,0.404,0.0092,0.5868
HEARTS THREE DIAMONDS QUEEN,0.4738,0.2926,0.2336
HEARTS THREE HEARTS TWO,0.6032,0.0126,0.3842
SPADES FOUR CLUBS ACE,0.4012,0.0046,0.5942
HEARTS TWO CLUBS ACE,0.3904,0.0042,0.6054
DIAMONDS QUEEN CLUBS ACE,0.2254,0.0146,0.76
HEARTS TWO CLUBS QUEEN,0.4786,0.2992,0.2222
DIAMONDS QUEEN CLUBS QUEEN,0.0812,0.0228,0.896
HEARTS TWO CLUBS KING,0.4046,0.0086,0.5868
DIAMONDS QUEEN CLUBS KING,0.2204,0.0304,0.7492
SPADES EIGHT SPADES FIVE,0.586,0.0088,0.4052
CLUBS TEN HEARTS TWO,0.626,0.0096,0.3644
CLUBS TEN DIAMONDS QUEEN,0.2292,0.12,0.6508
SPADES NINE SPADES FIVE,0.591,0.01,0.399
HEARTS TWO CLUBS JACK,0.6314,0.009,0.3596
DIAMONDS QUEEN CLUBS JACK,0.2246,0.0868,0.6886
SPADES SIX SPADES FIVE,0.575,0.0138,0.4112
SPADES SEVEN SPADES FIVE,0.6452,0.0456,0.3092
DIAMONDS FIVE CLUBS QUEEN,0.4984,0.2888,0.2128
SPADES EIGHT CLUBS ACE,0.357,0.0038,0.6392
DIAMONDS FIVE CLUBS KING,0.3948,0.0102,0.595
SPADES EIGHT CLUBS KING,0.3708,0.0068,0.6224
CLUBS ACE DIAMONDS FIVE,0.3938,0.0046,0.6016
SPADES EIGHT CLUBS QUEEN,0.2242,0.2284,0.5474
SPADES EIGHT CLUBS JACK,0.581,0.0106,0.4084
CLUBS TEN SPADES EIGHT,0.5598,0.0126,0.4276
CLUBS TEN DIAMONDS FIVE,0.6398,0.0116,0.3486
DIAMONDS FIVE CLUBS JACK,0.6404,0.0104,0.3492
DIAMONDS TEN HEARTS JACK,0.536,0.0068,0.4572
DIAMONDS TEN HEARTS TEN,0.2874,0.0114,0.7012
SPADES ACE CLUBS NINE,0.3642,0.0052,0.6306
CLUBS NINE SPADES KING,0.3508,0.0062,0.643
HEARTS SIX HEARTS KING,0.3564,0.007,0.6366
DIAMONDS KING SPADES SEVEN,0.2306,0.037,0.7324
SPADES SEVEN HEARTS THREE,0.7186,0.0426,0.2388
HEARTS SIX HEARTS QUEEN,0.4394,0.284,0.2766
DIAMONDS KING SPADES SIX,0.389,0.007,0.604
HEARTS THREE SPADES SIX,0.643,0.01,0.347
SPADES NINE DIAMONDS KING,0.3468,0.007,0.6462
SPADES NINE HEARTS THREE,0.6292,0.0094,0.3614
HEARTS SIX HEARTS ACE,0.374,0.0036,0.6224
SPADES EIGHT DIAMONDS KING,0.3474,0.0078,0.6448
SPADES EIGHT HEARTS THREE,0.6264,0.0146,0.359
CLUBS NINE HEARTS THREE,0.6324,0.0114,0.3562
CLUBS NINE DIAMONDS KING,0.3392,0.0076,0.6532
CLUBS EIGHT HEARTS THREE,0.6408,0.012,0.3472
CLUBS EIGHT DIAMONDS KING,0.3534,0.0082,0.6384
HEARTS THREE SPADES THREE,0.4372,0.0242,0.5386
DIAMONDS KING SPADES THREE,0.3986,0.0088,0.5926
HEARTS THREE SPADES TWO,0.6358,0.0118,0.3524
DIAMONDS KING SPADES TWO,0.4108,0.009,0.5802
HEARTS THREE SPADES FIVE,0.6274,0.0142,0.3584
