opposingHand,winningChance,drawChance,lostChance
SPADES QUEEN DIAMONDS NINE
HEARTS FIVE SPADES TEN,0.6464,0.0108,0.3428
HEARTS FIVE SPADES JACK,0.662,0.009,0.329
SPADES FIVE CLUBS JACK,0.6478,0.0106,0.3416
CLUBS TEN SPADES FIVE,0.6448,0.01,0.3452
CLUBS EIGHT CLUBS JACK,0.5914,0.0112,0.3974
CLUBS TEN CLUBS EIGHT,0.5756,0.0098,0.4146
CLUBS EIGHT CLUBS KING,0.3786,0.0052,0.6162
SPADES FIVE CLUBS ACE,0.4184,0.0062,0.5754
CLUBS EIGHT CLUBS QUEEN,0.5636,0.157,0.2794
SPADES FIVE CLUBS KING,0.4126,0.0092,0.5782
SPADES FIVE CLUBS QUEEN,0.5988,0.1644,0.2368
CLUBS EIGHT CLUBS ACE,0.3894,0.0052,0.6054
DIAMONDS TWO DIAMONDS THREE,0.6242,0.014,0.3618
DIAMONDS TWO DIAMONDS FIVE,0.6216,0.0108,0.3676
HEARTS FIVE SPADES KING,0.412,0.0064,0.5816
DIAMONDS TWO DIAMONDS FOUR,0.6194,0.0132,0.3674
DIAMONDS TWO DIAMONDS SEVEN,0.6492,0.0142,0.3366
DIAMONDS TWO DIAMONDS SIX,0.6262,0.0116,0.3622
SPADES ACE HEARTS FIVE,0.4128,0.0052,0.582
DIAMONDS TWO DIAMONDS EIGHT,0.6262,0.0098,0.364
DIAMONDS THREE DIAMONDS FOUR,0.605,0.0116,0.3834
SPADES FOUR CLUBS TWO,0.6362,0.0114,0.3524
DIAMONDS THREE DIAMONDS FIVE,0.6006,0.0154,0.384
SPADES FIVE CLUBS TWO,0.6552,0.011,0.3338
CLUBS TWO SPADES TWO,0.4594,0.018,0.5226
CLUBS TWO SPADES THREE,0.6402,0.0114,0.3484
DIAMONDS THREE DIAMONDS EIGHT,0.6406,0.0096,0.3498
SPADES EIGHT CLUBS TWO,0.6752,0.0108,0.314
SPADES NINE CLUBS TWO,0.729,0.049,0.222
DIAMONDS THREE DIAMONDS SIX,0.621,0.01,0.369
SPADES SIX CLUBS TWO,0.663,0.01,0.327
DIAMONDS THREE DIAMONDS SEVEN,0.6178,0.0148,0.3674
SPADES SEVEN CLUBS TWO,0.6786,0.0118,0.3096
CLUBS SIX CLUBS TWO,0.6262,0.01,0.3638
CLUBS SEVEN CLUBS TWO,0.6158,0.0094,0.3748
CLUBS FOUR CLUBS TWO,0.6112,0.0114,0.3774
CLUBS FIVE CLUBS TWO,0.6082,0.0114,0.3804
CLUBS TEN CLUBS JACK,0.5434,0.0122,0.4444
DIAMONDS FOUR DIAMONDS SIX,0.6044,0.0118,0.3838
CLUBS TEN CLUBS QUEEN,0.2152,0.1158,0.669
DIAMONDS FOUR DIAMONDS SEVEN,0.6136,0.0116,0.3748
CLUBS TEN CLUBS KING,0.3364,0.006,0.6576
CLUBS TEN CLUBS ACE,0.3434,0.0038,0.6528
CLUBS EIGHT CLUBS TWO,0.6194,0.0104,0.3702
DIAMONDS FIVE DIAMONDS FOUR,0.5866,0.0108,0.4026
CLUBS NINE CLUBS TWO,0.6936,0.046,0.2604
DIAMONDS EIGHT DIAMONDS FOUR,0.6322,0.0148,0.353
CLUBS THREE CLUBS TWO,0.6006,0.0114,0.388
DIAMONDS TWO CLUBS JACK,0.6478,0.0098,0.3424
DIAMONDS EIGHT DIAMONDS FIVE,0.621,0.0126,0.3664
CLUBS TEN DIAMONDS TWO,0.6612,0.0092,0.3296
DIAMONDS FIVE DIAMONDS SEVEN,0.612,0.0092,0.3788
DIAMONDS FIVE DIAMONDS SIX,0.586,0.0102,0.4038
DIAMONDS TWO CLUBS ACE,0.4194,0.0038,0.5768
DIAMONDS TWO CLUBS KING,0.435,0.007,0.558
DIAMONDS TWO CLUBS QUEEN,0.603,0.1696,0.2274
DIAMONDS EIGHT DIAMONDS SIX,0.5934,0.013,0.3936
HEARTS ACE SPADES THREE,0.4168,0.0038,0.5794
SPADES THREE HEARTS KING,0.4262,0.0068,0.567
DIAMONDS SEVEN DIAMONDS SIX,0.5912,0.01,0.3988
SPADES THREE HEARTS QUEEN,0.6208,0.1648,0.2144
SPADES THREE HEARTS JACK,0.653,0.0094,0.3376
SPADES THREE HEARTS TEN,0.6552,0.0132,0.3316
DIAMONDS EIGHT DIAMONDS SEVEN,0.5992,0.0108,0.39
DIAMONDS KING HEARTS TEN,0.357,0.0072,0.6358
HEARTS THREE HEARTS TEN,0.6056,0.01,0.3844
SPADES JACK CLUBS SIX,0.6492,0.0106,0.3402
DIAMONDS KING HEARTS JACK,0.3592,0.007,0.6338
HEARTS THREE HEARTS JACK,0.605,0.0086,0.3864
SPADES TEN CLUBS SIX,0.6486,0.0076,0.3438
SPADES JACK SPADES FIVE,0.6158,0.0116,0.3726
SPADES TEN SPADES FIVE,0.6266,0.0096,0.3638
DIAMONDS KING HEARTS ACE,0.3492,0.0044,0.6464
HEARTS THREE HEARTS ACE,0.3894,0.0036,0.607
SPADES ACE CLUBS SIX,0.4124,0.005,0.5826
DIAMONDS KING HEARTS QUEEN,0.2332,0.0274,0.7394
HEARTS THREE HEARTS QUEEN,0.5726,0.155,0.2724
SPADES KING CLUBS SIX,0.4142,0.0068,0.579
DIAMONDS KING HEARTS KING,0.1512,0.0034,0.8454
HEARTS THREE HEARTS KING,0.3966,0.0078,0.5956
SPADES NINE HEARTS TEN,0.702,0.0348,0.2632
SPADES NINE HEARTS JACK,0.7076,0.0436,0.2488
SPADES KING SPADES FIVE,0.402,0.0096,0.5884
SPADES ACE SPADES FIVE,0.3924,0.005,0.6026
SPADES NINE HEARTS QUEEN,0.0146,0.975,0.0104
SPADES NINE HEARTS KING,0.2548,0.0296,0.7156
SPADES NINE HEARTS ACE,0.263,0.0224,0.7146
CLUBS TEN SPADES JACK,0.5654,0.0118,0.4228
CLUBS TEN SPADES TEN,0.2944,0.0138,0.6918
SPADES ACE CLUBS TEN,0.3706,0.005,0.6244
SPADES KING CLUBS TEN,0.339,0.0048,0.6562
SPADES FIVE HEARTS QUEEN,0.6098,0.1666,0.2236
SPADES FIVE HEARTS KING,0.425,0.0082,0.5668
SPADES FIVE HEARTS ACE,0.407,0.0036,0.5894
SPADES JACK HEARTS THREE,0.6624,0.0084,0.3292
SPADES JACK DIAMONDS KING,0.3574,0.0054,0.6372
SPADES TEN CLUBS EIGHT,0.635,0.0104,0.3546
SPADES JACK CLUBS EIGHT,0.6388,0.0118,0.3494
SPADES TEN HEARTS THREE,0.6566,0.0096,0.3338
SPADES TEN DIAMONDS KING,0.3538,0.009,0.6372
CLUBS SIX HEARTS ACE,0.429,0.0032,0.5678
SPADES ACE CLUBS EIGHT,0.404,0.0032,0.5928
HEARTS FIVE CLUBS JACK,0.637,0.0098,0.3532
HEARTS FIVE CLUBS TEN,0.6454,0.0108,0.3438
CLUBS SIX HEARTS QUEEN,0.61,0.1604,0.2296
CLUBS TEN SPADES THREE,0.644,0.0102,0.3458
CLUBS SIX HEARTS KING,0.4074,0.0054,0.5872
SPADES KING CLUBS EIGHT,0.4128,0.0052,0.582
SPADES THREE CLUBS JACK,0.6422,0.0134,0.3444
DIAMONDS TWO HEARTS JACK,0.6504,0.0104,0.3392
SPADES THREE CLUBS QUEEN,0.6232,0.1574,0.2194
DIAMONDS TWO HEARTS TEN,0.6696,0.0134,0.317
SPADES THREE CLUBS KING,0.425,0.0072,0.5678
HEARTS FIVE CLUBS ACE,0.4126,0.0032,0.5842
SPADES FIVE HEARTS TEN,0.643,0.0136,0.3434
SPADES THREE CLUBS ACE,0.415,0.0054,0.5796
HEARTS FIVE CLUBS KING,0.41,0.0066,0.5834
SPADES FIVE HEARTS JACK,0.644,0.0118,0.3442
HEARTS FIVE CLUBS QUEEN,0.597,0.169,0.234
HEARTS THREE CLUBS KING,0.4188,0.0058,0.5754
DIAMONDS KING CLUBS KING,0.1422,0.0036,0.8542
HEARTS THREE CLUBS QUEEN,0.6088,0.161,0.2302
DIAMONDS KING CLUBS QUEEN,0.2418,0.0248,0.7334
HEARTS FIVE HEARTS JACK,0.6082,0.0104,0.3814
HEARTS FIVE HEARTS TEN,0.6122,0.0118,0.376
HEARTS THREE CLUBS ACE,0.4164,0.0042,0.5794
DIAMONDS KING CLUBS ACE,0.3376,0.005,0.6574
SPADES ACE CLUBS QUEEN,0.24,0.0152,0.7448
SPADES KING CLUBS QUEEN,0.2486,0.0294,0.722
HEARTS THREE CLUBS JACK,0.6458,0.0092,0.345
DIAMONDS KING CLUBS JACK,0.356,0.0074,0.6366
CLUBS TEN HEARTS THREE,0.645,0.0122,0.3428
CLUBS TEN DIAMONDS KING,0.3586,0.0068,0.6346
SPADES JACK CLUBS QUEEN,0.2398,0.0868,0.6734
CLUBS SIX CLUBS QUEEN,0.5632,0.1608,0.276
SPADES TEN CLUBS QUEEN,0.2298,0.1166,0.6536
CLUBS SIX CLUBS KING,0.3964,0.0074,0.5962
CLUBS SIX CLUBS ACE,0.3866,0.0052,0.6082
HEARTS FIVE HEARTS KING,0.3942,0.0076,0.5982
HEARTS FIVE HEARTS QUEEN,0.5554,0.1502,0.2944
CLUBS TEN CLUBS SIX,0.6018,0.0096,0.3886
HEARTS FIVE HEARTS ACE,0.385,0.005,0.61
CLUBS SIX CLUBS JACK,0.6118,0.0114,0.3768
SPADES SEVEN HEARTS JACK,0.6566,0.0062,0.3372
SPADES SEVEN HEARTS TEN,0.6318,0.0096,0.3586
DIAMONDS TWO CLUBS TWO,0.4636,0.0208,0.5156
DIAMONDS TWO CLUBS THREE,0.6466,0.01,0.3434
DIAMONDS TWO HEARTS SIX,0.6504,0.013,0.3366
DIAMONDS TWO HEARTS QUEEN,0.6068,0.1566,0.2366
HEARTS SEVEN DIAMONDS TWO,0.677,0.013,0.31
DIAMONDS TWO HEARTS KING,0.4324,0.0078,0.5598
DIAMONDS TWO HEARTS EIGHT,0.6776,0.0114,0.311
DIAMONDS TWO HEARTS ACE,0.4142,0.005,0.5808
DIAMONDS TWO HEARTS NINE,0.7272,0.0436,0.2292
DIAMONDS TWO DIAMONDS QUEEN,0.5822,0.1506,0.2672
DIAMONDS TWO HEARTS TWO,0.4626,0.022,0.5154
DIAMONDS TWO DIAMONDS KING,0.4026,0.011,0.5864
DIAMONDS TWO HEARTS THREE,0.6478,0.012,0.3402
DIAMONDS TWO DIAMONDS ACE,0.3948,0.0056,0.5996
HEARTS FOUR DIAMONDS TWO,0.6656,0.009,0.3254
HEARTS FIVE DIAMONDS TWO,0.6466,0.0098,0.3436
SPADES SEVEN HEARTS ACE,0.4238,0.0052,0.571
DIAMONDS TWO DIAMONDS TEN,0.6172,0.0124,0.3704
SPADES SEVEN HEARTS KING,0.43,0.0048,0.5652
DIAMONDS TWO DIAMONDS JACK,0.6214,0.0096,0.369
SPADES SEVEN HEARTS QUEEN,0.6182,0.1532,0.2286
DIAMONDS TWO SPADES NINE,0.7352,0.049,0.2158
DIAMONDS TWO SPADES EIGHT,0.691,0.0114,0.2976
DIAMONDS TWO SPADES SEVEN,0.677,0.0126,0.3104
DIAMONDS TWO SPADES SIX,0.6546,0.0122,0.3332
DIAMONDS TWO SPADES FIVE,0.6422,0.0102,0.3476
DIAMONDS TWO SPADES FOUR,0.66,0.012,0.328
DIAMONDS TWO SPADES THREE,0.6566,0.0136,0.3298
DIAMONDS TWO SPADES TWO,0.4764,0.0202,0.5034
CLUBS NINE DIAMONDS TWO,0.7252,0.0472,0.2276
DIAMONDS TWO CLUBS EIGHT,0.6664,0.014,0.3196
CLUBS SEVEN DIAMONDS TWO,0.6748,0.011,0.3142
DIAMONDS TWO CLUBS SIX,0.6626,0.0088,0.3286
DIAMONDS TWO CLUBS FIVE,0.6382,0.013,0.3488
DIAMONDS TWO CLUBS FOUR,0.6586,0.0154,0.326
CLUBS FOUR SPADES FIVE,0.6288,0.01,0.3612
CLUBS FOUR SPADES FOUR,0.4536,0.0238,0.5226
CLUBS FOUR SPADES THREE,0.6432,0.0126,0.3442
CLUBS FOUR SPADES TWO,0.6678,0.0116,0.3206
SPADES NINE CLUBS FOUR,0.723,0.046,0.231
SPADES EIGHT CLUBS FOUR,0.6562,0.012,0.3318
SPADES SEVEN CLUBS FOUR,0.6476,0.0114,0.341
SPADES SIX CLUBS FOUR,0.6302,0.011,0.3588
SPADES ACE DIAMONDS SIX,0.4198,0.003,0.5772
SPADES KING DIAMONDS SIX,0.4092,0.0072,0.5836
SPADES TEN DIAMONDS SIX,0.652,0.011,0.337
SPADES JACK DIAMONDS SIX,0.6596,0.009,0.3314
SPADES KING SPADES TWO,0.4086,0.0072,0.5842
SPADES ACE SPADES TWO,0.4102,0.005,0.5848
DIAMONDS JACK CLUBS JACK,0.2802,0.012,0.7078
CLUBS TEN DIAMONDS JACK,0.5644,0.0104,0.4252
DIAMONDS JACK CLUBS KING,0.3522,0.0072,0.6406
DIAMONDS JACK CLUBS QUEEN,0.2388,0.0942,0.667
DIAMONDS THREE DIAMONDS JACK,0.6206,0.0098,0.3696
DIAMONDS THREE DIAMONDS TEN,0.609,0.0104,0.3806
DIAMONDS JACK CLUBS ACE,0.3662,0.0042,0.6296
DIAMONDS THREE DIAMONDS KING,0.4052,0.008,0.5868
DIAMONDS THREE HEARTS THREE,0.4686,0.0206,0.5108
DIAMONDS THREE DIAMONDS QUEEN,0.5756,0.1594,0.265
DIAMONDS THREE HEARTS TWO,0.6554,0.011,0.3336
HEARTS FIVE DIAMONDS THREE,0.6246,0.0098,0.3656
DIAMONDS THREE DIAMONDS ACE,0.403,0.0046,0.5924
HEARTS FOUR DIAMONDS THREE,0.637,0.012,0.351
HEARTS SEVEN DIAMONDS THREE,0.6754,0.0104,0.3142
SPADES TEN SPADES NINE,0.6734,0.0382,0.2884
HEARTS SIX DIAMONDS THREE,0.6462,0.012,0.3418
SPADES JACK SPADES NINE,0.6812,0.0378,0.281
DIAMONDS THREE HEARTS NINE,0.7432,0.049,0.2078
HEARTS JACK DIAMONDS FOUR,0.6492,0.0122,0.3386
HEARTS ACE HEARTS KING,0.3222,0.0042,0.6736
SPADES TEN SPADES TWO,0.6084,0.0148,0.3768
DIAMONDS THREE HEARTS EIGHT,0.6866,0.0116,0.3018
HEARTS TEN DIAMONDS FOUR,0.6638,0.0112,0.325
SPADES JACK SPADES TWO,0.6174,0.012,0.3706
HEARTS QUEEN DIAMONDS FOUR,0.6156,0.1618,0.2226
HEARTS KING DIAMONDS FOUR,0.4334,0.0068,0.5598
SPADES ACE SPADES NINE,0.2494,0.0168,0.7338
HEARTS ACE DIAMONDS FOUR,0.4244,0.0042,0.5714
SPADES KING SPADES NINE,0.2428,0.0292,0.728
DIAMONDS THREE SPADES NINE,0.7434,0.0486,0.208
DIAMONDS THREE SPADES EIGHT,0.6808,0.0138,0.3054
DIAMONDS THREE SPADES SEVEN,0.6656,0.0118,0.3226
DIAMONDS THREE SPADES SIX,0.652,0.0134,0.3346
DIAMONDS THREE CLUBS SIX,0.649,0.0078,0.3432
CLUBS FIVE CLUBS SIX,0.5724,0.0088,0.4188
CLUBS ACE DIAMONDS FOUR,0.4132,0.0032,0.5836
CLUBS SEVEN DIAMONDS THREE,0.6668,0.012,0.3212
CLUBS SEVEN CLUBS FIVE,0.587,0.0114,0.4016
DIAMONDS THREE CLUBS FOUR,0.6488,0.0126,0.3386
DIAMONDS FOUR CLUBS QUEEN,0.6078,0.1716,0.2206
DIAMONDS THREE CLUBS FIVE,0.6402,0.0102,0.3496
CLUBS KING DIAMONDS FOUR,0.4304,0.006,0.5636
DIAMONDS THREE CLUBS TWO,0.6502,0.0128,0.337
CLUBS TEN DIAMONDS FOUR,0.6414,0.0124,0.3462
DIAMONDS THREE CLUBS THREE,0.4644,0.0238,0.5118
DIAMONDS FOUR CLUBS JACK,0.6456,0.0106,0.3438
DIAMONDS THREE SPADES FOUR,0.6382,0.0116,0.3502
DIAMONDS THREE SPADES FIVE,0.6414,0.0128,0.3458
DIAMONDS THREE SPADES TWO,0.6616,0.0108,0.3276
DIAMONDS THREE SPADES THREE,0.4654,0.0216,0.513
CLUBS EIGHT DIAMONDS THREE,0.6696,0.0092,0.3212
CLUBS NINE DIAMONDS THREE,0.7338,0.0478,0.2184
SPADES SEVEN CLUBS ACE,0.4242,0.004,0.5718
SPADES SEVEN CLUBS QUEEN,0.6166,0.1594,0.224
SPADES SEVEN CLUBS KING,0.4264,0.0076,0.566
CLUBS FIVE SPADES SEVEN,0.6292,0.01,0.3608
CLUBS TEN SPADES SEVEN,0.6266,0.0096,0.3638
CLUBS FIVE SPADES SIX,0.6252,0.0102,0.3646
SPADES SEVEN CLUBS JACK,0.6444,0.011,0.3446
SPADES NINE CLUBS FIVE,0.7086,0.0454,0.246
CLUBS FIVE SPADES EIGHT,0.6452,0.0118,0.343
CLUBS FIVE SPADES THREE,0.6296,0.0112,0.3592
CLUBS FIVE SPADES TWO,0.6448,0.012,0.3432
CLUBS FIVE SPADES FIVE,0.4568,0.016,0.5272
CLUBS FIVE SPADES FOUR,0.6124,0.0136,0.374
CLUBS NINE CLUBS FIVE,0.6808,0.0376,0.2816
CLUBS EIGHT CLUBS FIVE,0.5984,0.0122,0.3894
CLUBS ACE CLUBS QUEEN,0.228,0.0142,0.7578
CLUBS KING CLUBS QUEEN,0.2306,0.0284,0.741
DIAMONDS TEN DIAMONDS FOUR,0.605,0.0124,0.3826
DIAMONDS JACK DIAMONDS FOUR,0.6104,0.0104,0.3792
SPADES NINE CLUBS JACK,0.7048,0.0428,0.2524
CLUBS TEN SPADES NINE,0.6992,0.0398,0.261
DIAMONDS ACE DIAMONDS FOUR,0.4074,0.0056,0.587
HEARTS FOUR DIAMONDS FOUR,0.4782,0.018,0.5038
DIAMONDS JACK HEARTS TEN,0.5638,0.01,0.4262
SPADES NINE CLUBS KING,0.2558,0.0294,0.7148
DIAMONDS TWO SPADES TEN,0.6626,0.0134,0.324
HEARTS FIVE DIAMONDS FOUR,0.6294,0.0094,0.3612
DIAMONDS JACK HEARTS JACK,0.2834,0.01,0.7066
SPADES NINE CLUBS QUEEN,0.0184,0.9704,0.0112
SPADES JACK DIAMONDS TWO,0.6724,0.011,0.3166
DIAMONDS QUEEN DIAMONDS FOUR,0.5698,0.1632,0.267
HEARTS TWO DIAMONDS FOUR,0.6634,0.0104,0.3262
DIAMONDS KING DIAMONDS FOUR,0.4034,0.007,0.5896
HEARTS THREE DIAMONDS FOUR,0.6496,0.0098,0.3406
SPADES NINE CLUBS ACE,0.2578,0.0206,0.7216
HEARTS ACE DIAMONDS JACK,0.3602,0.0044,0.6354
SPADES ACE DIAMONDS TWO,0.4092,0.0048,0.586
HEARTS QUEEN DIAMONDS JACK,0.2358,0.085,0.6792
HEARTS KING DIAMONDS JACK,0.3628,0.006,0.6312
SPADES KING DIAMONDS TWO,0.4322,0.0094,0.5584
SPADES JACK SPADES SEVEN,0.6156,0.0096,0.3748
SPADES TEN SPADES SEVEN,0.6054,0.012,0.3826
CLUBS SEVEN CLUBS THREE,0.613,0.0098,0.3772
CLUBS SIX CLUBS THREE,0.5998,0.0114,0.3888
CLUBS FIVE CLUBS THREE,0.5994,0.01,0.3906
CLUBS THREE CLUBS FOUR,0.593,0.0116,0.3954
CLUBS NINE CLUBS THREE,0.6704,0.042,0.2876
CLUBS EIGHT CLUBS THREE,0.6198,0.0092,0.371
CLUBS THREE SPADES FIVE,0.6346,0.013,0.3524
CLUBS THREE SPADES FOUR,0.641,0.0132,0.3458
CLUBS THREE SPADES THREE,0.4692,0.0218,0.509
CLUBS THREE SPADES TWO,0.6536,0.011,0.3354
CLUBS THREE SPADES SIX,0.659,0.0132,0.3278
SPADES SEVEN CLUBS THREE,0.6712,0.0118,0.317
SPADES EIGHT CLUBS THREE,0.6924,0.0112,0.2964
SPADES NINE CLUBS THREE,0.7198,0.0532,0.227
SPADES TWO DIAMONDS FOUR,0.646,0.0118,0.3422
SPADES THREE DIAMONDS FOUR,0.6394,0.0106,0.35
SPADES FOUR DIAMONDS FOUR,0.4762,0.024,0.4998
SPADES FIVE DIAMONDS FOUR,0.6366,0.0142,0.3492
SPADES SIX DIAMONDS FOUR,0.6414,0.011,0.3476
SPADES SEVEN DIAMONDS FOUR,0.6558,0.0096,0.3346
SPADES EIGHT DIAMONDS FOUR,0.6666,0.0132,0.3202
SPADES NINE DIAMONDS FOUR,0.7272,0.0508,0.222
CLUBS FIVE DIAMONDS FOUR,0.6218,0.0118,0.3664
CLUBS FOUR DIAMONDS FOUR,0.469,0.0202,0.5108
CLUBS SEVEN DIAMONDS FOUR,0.6506,0.0102,0.3392
CLUBS SIX DIAMONDS FOUR,0.6328,0.015,0.3522
CLUBS NINE DIAMONDS FOUR,0.732,0.047,0.221
CLUBS EIGHT DIAMONDS FOUR,0.6662,0.0102,0.3236
HEARTS SEVEN DIAMONDS FOUR,0.6594,0.0102,0.3304
HEARTS SIX DIAMONDS FOUR,0.635,0.0106,0.3544
DIAMONDS FOUR HEARTS NINE,0.7196,0.0498,0.2306
DIAMONDS FOUR HEARTS EIGHT,0.6522,0.0128,0.335
CLUBS THREE DIAMONDS FOUR,0.6446,0.0108,0.3446
CLUBS TWO DIAMONDS FOUR,0.6588,0.0118,0.3294
DIAMONDS TEN DIAMONDS FIVE,0.6154,0.0082,0.3764
DIAMONDS JACK DIAMONDS FIVE,0.622,0.0126,0.3654
CLUBS KING DIAMONDS SIX,0.4226,0.0068,0.5706
CLUBS QUEEN DIAMONDS SIX,0.614,0.1696,0.2164
CLUBS ACE DIAMONDS SIX,0.427,0.0048,0.5682
SPADES KING DIAMONDS FOUR,0.4264,0.0058,0.5678
SPADES ACE SPADES SEVEN,0.409,0.0036,0.5874
CLUBS JACK DIAMONDS SIX,0.6522,0.0122,0.3356
SPADES KING SPADES SEVEN,0.4036,0.0048,0.5916
SPADES ACE DIAMONDS FOUR,0.4274,0.0044,0.5682
CLUBS TEN DIAMONDS SIX,0.6374,0.0096,0.353
CLUBS NINE CLUBS FOUR,0.6728,0.044,0.2832
CLUBS EIGHT CLUBS FOUR,0.6212,0.0088,0.37
SPADES JACK DIAMONDS FOUR,0.6662,0.0096,0.3242
SPADES TEN DIAMONDS FOUR,0.6524,0.0088,0.3388
CLUBS FIVE CLUBS FOUR,0.5748,0.009,0.4162
CLUBS SEVEN CLUBS FOUR,0.6026,0.0074,0.39
CLUBS SIX CLUBS FOUR,0.6024,0.0104,0.3872
CLUBS SEVEN SPADES EIGHT,0.628,0.0106,0.3614
CLUBS SEVEN SPADES NINE,0.7074,0.043,0.2496
CLUBS SEVEN SPADES SIX,0.6286,0.012,0.3594
CLUBS SEVEN SPADES SEVEN,0.4494,0.0192,0.5314
CLUBS SEVEN SPADES FIVE,0.636,0.0092,0.3548
CLUBS SEVEN SPADES FOUR,0.6394,0.0136,0.347
CLUBS SEVEN SPADES THREE,0.6558,0.009,0.3352
CLUBS SEVEN SPADES TWO,0.6766,0.0112,0.3122
CLUBS NINE CLUBS SEVEN,0.6598,0.0414,0.2988
CLUBS SEVEN CLUBS EIGHT,0.581,0.0106,0.4084
HEARTS SIX DIAMONDS FIVE,0.611,0.0108,0.3782
HEARTS SEVEN DIAMONDS FIVE,0.631,0.0106,0.3584
DIAMONDS FIVE HEARTS EIGHT,0.6498,0.0098,0.3404
DIAMONDS FIVE HEARTS NINE,0.7154,0.045,0.2396
DIAMONDS QUEEN DIAMONDS FIVE,0.567,0.1562,0.2768
HEARTS TWO DIAMONDS FIVE,0.6468,0.0112,0.342
HEARTS KING HEARTS EIGHT,0.392,0.0068,0.6012
DIAMONDS KING DIAMONDS FIVE,0.4086,0.006,0.5854
HEARTS THREE DIAMONDS FIVE,0.6258,0.0136,0.3606
HEARTS QUEEN HEARTS EIGHT,0.5668,0.1672,0.266
DIAMONDS ACE DIAMONDS FIVE,0.3978,0.006,0.5962
HEARTS FOUR DIAMONDS FIVE,0.6132,0.0122,0.3746
HEARTS FIVE DIAMONDS FIVE,0.4514,0.02,0.5286
HEARTS ACE HEARTS EIGHT,0.3772,0.0034,0.6194
CLUBS FOUR DIAMONDS FIVE,0.6192,0.0096,0.3712
CLUBS FIVE DIAMONDS FIVE,0.4734,0.017,0.5096
CLUBS SIX DIAMONDS FIVE,0.6288,0.0112,0.36
CLUBS SEVEN DIAMONDS FIVE,0.6406,0.0102,0.3492
CLUBS TWO DIAMONDS FIVE,0.6468,0.0134,0.3398
CLUBS THREE DIAMONDS FIVE,0.6396,0.0114,0.349
SPADES THREE DIAMONDS FIVE,0.635,0.0134,0.3516
SPADES TWO DIAMONDS FIVE,0.6554,0.014,0.3306
SPADES JACK DIAMONDS EIGHT,0.6424,0.0134,0.3442
SPADES FIVE DIAMONDS FIVE,0.4608,0.0192,0.52
CLUBS TEN HEARTS JACK,0.5758,0.0088,0.4154
SPADES TEN DIAMONDS EIGHT,0.6304,0.0112,0.3584
SPADES FOUR DIAMONDS FIVE,0.6208,0.0112,0.368
HEARTS JACK CLUBS JACK,0.2908,0.0084,0.7008
HEARTS JACK CLUBS QUEEN,0.2422,0.0852,0.6726
CLUBS NINE DIAMONDS FIVE,0.7002,0.048,0.2518
CLUBS KING HEARTS JACK,0.3536,0.0062,0.6402
CLUBS EIGHT DIAMONDS FIVE,0.6514,0.0114,0.3372
CLUBS ACE HEARTS JACK,0.3652,0.0016,0.6332
SPADES SEVEN DIAMONDS FIVE,0.6214,0.0114,0.3672
SPADES KING DIAMONDS EIGHT,0.4024,0.008,0.5896
SPADES SIX DIAMONDS FIVE,0.636,0.0128,0.3512
SPADES NINE DIAMONDS FIVE,0.7188,0.051,0.2302
SPADES EIGHT DIAMONDS FIVE,0.6392,0.0098,0.351
SPADES ACE DIAMONDS EIGHT,0.408,0.0064,0.5856
DIAMONDS TEN DIAMONDS SIX,0.6028,0.012,0.3852
HEARTS ACE DIAMONDS SEVEN,0.4022,0.004,0.5938
DIAMONDS JACK DIAMONDS SIX,0.6122,0.012,0.3758
HEARTS QUEEN DIAMONDS SEVEN,0.6114,0.1728,0.2158
HEARTS KING DIAMONDS SEVEN,0.4226,0.0068,0.5706
DIAMONDS ACE DIAMONDS SIX,0.391,0.0042,0.6048
HEARTS FOUR DIAMONDS SIX,0.6424,0.0106,0.347
SPADES TWO HEARTS JACK,0.6412,0.0106,0.3482
HEARTS FIVE DIAMONDS SIX,0.6208,0.0116,0.3676
SPADES TWO HEARTS TEN,0.6502,0.0102,0.3396
DIAMONDS QUEEN DIAMONDS SIX,0.5804,0.1522,0.2674
HEARTS TWO DIAMONDS SIX,0.67,0.0124,0.3176
DIAMONDS KING DIAMONDS SIX,0.3828,0.0068,0.6104
HEARTS THREE DIAMONDS SIX,0.6502,0.0146,0.3352
HEARTS EIGHT DIAMONDS SIX,0.6352,0.008,0.3568
HEARTS NINE DIAMONDS SIX,0.699,0.0474,0.2536
HEARTS SIX DIAMONDS SIX,0.4474,0.0206,0.532
HEARTS SEVEN DIAMONDS SIX,0.6188,0.0108,0.3704
HEARTS TEN DIAMONDS SEVEN,0.639,0.009,0.352
CLUBS TWO DIAMONDS SIX,0.6514,0.014,0.3346
HEARTS JACK DIAMONDS SEVEN,0.6432,0.0094,0.3474
CLUBS THREE DIAMONDS SIX,0.6436,0.0104,0.346
CLUBS SEVEN DIAMONDS SIX,0.6222,0.011,0.3668
DIAMONDS EIGHT CLUBS JACK,0.6388,0.0102,0.351
CLUBS SIX DIAMONDS SIX,0.4524,0.0192,0.5284
CLUBS TEN DIAMONDS EIGHT,0.6272,0.011,0.3618
CLUBS FIVE DIAMONDS SIX,0.6184,0.0146,0.367
CLUBS FOUR DIAMONDS SIX,0.6334,0.0112,0.3554
HEARTS ACE HEARTS JACK,0.337,0.004,0.659
DIAMONDS EIGHT CLUBS ACE,0.397,0.0038,0.5992
HEARTS QUEEN HEARTS JACK,0.234,0.0792,0.6868
DIAMONDS EIGHT CLUBS KING,0.4286,0.0092,0.5622
CLUBS NINE DIAMONDS SIX,0.7028,0.0442,0.253
HEARTS KING HEARTS JACK,0.342,0.007,0.651
DIAMONDS EIGHT CLUBS QUEEN,0.5974,0.171,0.2316
CLUBS EIGHT DIAMONDS SIX,0.635,0.0096,0.3554
SPADES TEN HEARTS KING,0.355,0.0076,0.6374
SPADES FIVE DIAMONDS SIX,0.6222,0.0132,0.3646
HEARTS ACE SPADES TWO,0.4208,0.0062,0.573
SPADES JACK HEARTS KING,0.3632,0.0064,0.6304
SPADES FOUR DIAMONDS SIX,0.636,0.011,0.353
SPADES THREE DIAMONDS SIX,0.653,0.0106,0.3364
HEARTS QUEEN SPADES TWO,0.6098,0.169,0.2212
SPADES ACE SPADES KING,0.3232,0.0032,0.6736
SPADES TWO HEARTS KING,0.4266,0.0054,0.568
SPADES TWO DIAMONDS SIX,0.653,0.0118,0.3352
HEARTS TEN HEARTS EIGHT,0.57,0.009,0.421
SPADES NINE DIAMONDS SIX,0.711,0.0494,0.2396
HEARTS JACK HEARTS EIGHT,0.598,0.009,0.393
SPADES EIGHT DIAMONDS SIX,0.6438,0.01,0.3462
SPADES SEVEN DIAMONDS SIX,0.634,0.0136,0.3524
SPADES SIX DIAMONDS SIX,0.4678,0.0212,0.511
SPADES KING HEARTS KING,0.1418,0.0038,0.8544
CLUBS ACE CLUBS KING,0.316,0.0022,0.6818
SPADES ACE HEARTS KING,0.3424,0.0056,0.652
SPADES ACE HEARTS JACK,0.3568,0.0048,0.6384
SPADES KING HEARTS JACK,0.354,0.0064,0.6396
SPADES TEN DIAMONDS TEN,0.284,0.0174,0.6986
SPADES JACK DIAMONDS TEN,0.5726,0.0098,0.4176
SPADES ACE DIAMONDS TEN,0.3536,0.0058,0.6406
SPADES JACK HEARTS JACK,0.2984,0.0118,0.6898
SPADES TEN HEARTS JACK,0.5752,0.0104,0.4144
SPADES KING DIAMONDS TEN,0.332,0.0064,0.6616
SPADES NINE DIAMONDS SEVEN,0.7096,0.0514,0.239
SPADES EIGHT DIAMONDS SEVEN,0.6378,0.0092,0.353
SPADES SEVEN DIAMONDS SEVEN,0.462,0.0172,0.5208
SPADES SIX DIAMONDS SEVEN,0.635,0.0124,0.3526
DIAMONDS KING DIAMONDS SEVEN,0.4052,0.0078,0.587
HEARTS THREE DIAMONDS SEVEN,0.6574,0.011,0.3316
HEARTS KING DIAMONDS FIVE,0.412,0.0062,0.5818
DIAMONDS QUEEN DIAMONDS SEVEN,0.5728,0.1568,0.2704
HEARTS TWO DIAMONDS SEVEN,0.6824,0.011,0.3066
HEARTS QUEEN DIAMONDS FIVE,0.5994,0.1704,0.2302
HEARTS FIVE DIAMONDS SEVEN,0.6356,0.0164,0.348
DIAMONDS ACE DIAMONDS SEVEN,0.3984,0.0054,0.5962
HEARTS FOUR DIAMONDS SEVEN,0.6398,0.0118,0.3484
HEARTS ACE DIAMONDS FIVE,0.425,0.0032,0.5718
HEARTS SEVEN DIAMONDS SEVEN,0.4476,0.017,0.5354
HEARTS SIX DIAMONDS SEVEN,0.632,0.0128,0.3552
DIAMONDS SEVEN HEARTS NINE,0.7012,0.0442,0.2546
HEARTS EIGHT DIAMONDS SEVEN,0.627,0.0126,0.3604
DIAMONDS JACK DIAMONDS SEVEN,0.6036,0.0084,0.388
DIAMONDS FIVE HEARTS JACK,0.6504,0.014,0.3356
DIAMONDS TEN DIAMONDS SEVEN,0.5996,0.0082,0.3922
HEARTS TEN DIAMONDS FIVE,0.6602,0.011,0.3288
SPADES KING CLUBS TWO,0.4152,0.0078,0.577
HEARTS KING CLUBS KING,0.16,0.003,0.837
CLUBS EIGHT DIAMONDS SEVEN,0.6236,0.0124,0.364
HEARTS KING CLUBS QUEEN,0.246,0.027,0.727
CLUBS NINE DIAMONDS SEVEN,0.7074,0.0426,0.25
SPADES TWO CLUBS JACK,0.6508,0.014,0.3352
SPADES ACE CLUBS TWO,0.4122,0.005,0.5828
CLUBS TEN SPADES TWO,0.6572,0.0108,0.332
HEARTS KING CLUBS ACE,0.3456,0.003,0.6514
CLUBS SEVEN CLUBS SIX,0.5744,0.013,0.4126
SPADES TWO CLUBS KING,0.4264,0.0072,0.5664
SPADES TWO DIAMONDS SEVEN,0.694,0.0102,0.2958
CLUBS EIGHT CLUBS SIX,0.5956,0.0096,0.3948
SPADES THREE DIAMONDS SEVEN,0.6654,0.012,0.3226
SPADES TWO CLUBS QUEEN,0.6186,0.1628,0.2186
CLUBS NINE CLUBS SIX,0.659,0.0408,0.3002
SPADES FOUR DIAMONDS SEVEN,0.6554,0.015,0.3296
HEARTS KING CLUBS JACK,0.3662,0.0058,0.628
SPADES FIVE DIAMONDS SEVEN,0.644,0.0122,0.3438
SPADES TWO CLUBS ACE,0.4294,0.0042,0.5664
CLUBS TEN HEARTS KING,0.3588,0.0052,0.636
CLUBS SIX SPADES TWO,0.6578,0.011,0.3312
CLUBS SIX SPADES THREE,0.6476,0.0146,0.3378
CLUBS TWO DIAMONDS SEVEN,0.6872,0.0116,0.3012
CLUBS SIX SPADES FOUR,0.635,0.009,0.356
CLUBS THREE DIAMONDS SEVEN,0.6712,0.012,0.3168
CLUBS SIX SPADES FIVE,0.6122,0.0094,0.3784
CLUBS FOUR DIAMONDS SEVEN,0.6564,0.0132,0.3304
CLUBS SIX SPADES SIX,0.4448,0.0192,0.536
CLUBS FIVE DIAMONDS SEVEN,0.6404,0.0128,0.3468
CLUBS SIX SPADES SEVEN,0.6134,0.0098,0.3768
CLUBS SIX DIAMONDS SEVEN,0.6204,0.0106,0.369
SPADES EIGHT CLUBS SIX,0.6396,0.011,0.3494
SPADES JACK CLUBS TWO,0.6536,0.0116,0.3348
CLUBS SEVEN DIAMONDS SEVEN,0.4522,0.0166,0.5312
SPADES NINE CLUBS SIX,0.704,0.0448,0.2512
SPADES TEN CLUBS TWO,0.6462,0.0108,0.343
CLUBS TWO CLUBS QUEEN,0.568,0.1496,0.2824
CLUBS TWO CLUBS KING,0.3908,0.0066,0.6026
CLUBS THREE DIAMONDS EIGHT,0.6748,0.012,0.3132
CLUBS TWO CLUBS ACE,0.403,0.0036,0.5934
CLUBS TWO DIAMONDS EIGHT,0.6726,0.012,0.3154
HEARTS SEVEN DIAMONDS EIGHT,0.6314,0.0104,0.3582
HEARTS SIX DIAMONDS EIGHT,0.6282,0.0124,0.3594
DIAMONDS EIGHT HEARTS NINE,0.6748,0.0476,0.2776
CLUBS TEN CLUBS TWO,0.6206,0.0124,0.367
DIAMONDS EIGHT HEARTS EIGHT,0.4314,0.0208,0.5478
CLUBS TWO CLUBS JACK,0.6136,0.0086,0.3778
CLUBS NINE DIAMONDS EIGHT,0.6924,0.0498,0.2578
CLUBS EIGHT DIAMONDS EIGHT,0.4498,0.0156,0.5346
CLUBS FIVE DIAMONDS EIGHT,0.635,0.0092,0.3558
SPADES ACE SPADES THREE,0.409,0.006,0.585
CLUBS FOUR DIAMONDS EIGHT,0.6648,0.013,0.3222
CLUBS SEVEN DIAMONDS EIGHT,0.6382,0.0094,0.3524
CLUBS SIX DIAMONDS EIGHT,0.6304,0.0104,0.3592
SPADES KING SPADES THREE,0.3968,0.0056,0.5976
DIAMONDS EIGHT DIAMONDS QUEEN,0.581,0.1484,0.2706
HEARTS TWO DIAMONDS EIGHT,0.6734,0.013,0.3136
DIAMONDS KING DIAMONDS EIGHT,0.3942,0.0086,0.5972
HEARTS THREE DIAMONDS EIGHT,0.676,0.0126,0.3114
DIAMONDS ACE DIAMONDS EIGHT,0.379,0.0076,0.6134
HEARTS FOUR DIAMONDS EIGHT,0.6494,0.0094,0.3412
HEARTS FIVE DIAMONDS EIGHT,0.6412,0.0118,0.347
DIAMONDS TEN DIAMONDS EIGHT,0.5916,0.0088,0.3996
DIAMONDS EIGHT DIAMONDS JACK,0.6048,0.0094,0.3858
SPADES JACK SPADES THREE,0.6174,0.0096,0.373
SPADES TEN SPADES THREE,0.6364,0.0114,0.3522
CLUBS FOUR HEARTS ACE,0.418,0.005,0.577
CLUBS FOUR HEARTS QUEEN,0.6,0.168,0.232
CLUBS FOUR HEARTS KING,0.4184,0.0064,0.5752
CLUBS SIX HEARTS TEN,0.638,0.0076,0.3544
CLUBS SIX HEARTS JACK,0.65,0.0076,0.3424
SPADES FOUR DIAMONDS EIGHT,0.678,0.0122,0.3098
SPADES FIVE DIAMONDS EIGHT,0.652,0.012,0.336
DIAMONDS EIGHT SPADES TWO,0.682,0.0102,0.3078
DIAMONDS EIGHT SPADES THREE,0.6828,0.0124,0.3048
CLUBS FOUR HEARTS JACK,0.6388,0.0104,0.3508
SPADES EIGHT DIAMONDS EIGHT,0.4366,0.0196,0.5438
SPADES JACK HEARTS EIGHT,0.634,0.0098,0.3562
SPADES TEN HEARTS TWO,0.6646,0.0088,0.3266
SPADES TEN DIAMONDS QUEEN,0.2236,0.1166,0.6598
CLUBS FOUR HEARTS TEN,0.6432,0.0092,0.3476
SPADES NINE DIAMONDS EIGHT,0.6956,0.0442,0.2602
SPADES JACK HEARTS TWO,0.6578,0.0076,0.3346
SPADES JACK DIAMONDS QUEEN,0.236,0.0878,0.6762
SPADES TEN HEARTS EIGHT,0.6194,0.0098,0.3708
SPADES SIX DIAMONDS EIGHT,0.6474,0.0108,0.3418
SPADES SEVEN DIAMONDS EIGHT,0.6428,0.0108,0.3464
SPADES ACE HEARTS TWO,0.4146,0.0058,0.5796
SPADES ACE DIAMONDS QUEEN,0.2258,0.0158,0.7584
SPADES ACE HEARTS EIGHT,0.4128,0.0034,0.5838
SPADES KING HEARTS EIGHT,0.397,0.005,0.598
SPADES KING DIAMONDS QUEEN,0.23,0.0268,0.7432
SPADES KING HEARTS TWO,0.4208,0.0092,0.57
CLUBS TWO HEARTS TEN,0.6482,0.0104,0.3414
CLUBS TWO HEARTS JACK,0.6474,0.0102,0.3424
SPADES TEN CLUBS KING,0.3698,0.0058,0.6244
SPADES JACK CLUBS KING,0.3706,0.0096,0.6198
SPADES JACK CLUBS FOUR,0.654,0.011,0.335
SPADES TEN CLUBS FOUR,0.6526,0.0112,0.3362
CLUBS NINE CLUBS EIGHT,0.645,0.041,0.314
HEARTS ACE CLUBS TWO,0.4158,0.0036,0.5806
SPADES ACE CLUBS FOUR,0.4114,0.0054,0.5832
CLUBS TWO HEARTS KING,0.4066,0.0062,0.5872
SPADES KING CLUBS FOUR,0.4176,0.0078,0.5746
CLUBS TWO HEARTS QUEEN,0.6116,0.1562,0.2322
CLUBS EIGHT SPADES NINE,0.6966,0.0416,0.2618
CLUBS EIGHT SPADES EIGHT,0.4302,0.0164,0.5534
CLUBS EIGHT SPADES SEVEN,0.6396,0.0108,0.3496
CLUBS EIGHT SPADES SIX,0.6336,0.012,0.3544
CLUBS EIGHT SPADES FIVE,0.6612,0.0146,0.3242
CLUBS EIGHT SPADES FOUR,0.6678,0.01,0.3222
CLUBS EIGHT SPADES THREE,0.6876,0.012,0.3004
CLUBS EIGHT SPADES TWO,0.6852,0.0116,0.3032
HEARTS SIX DIAMONDS TEN,0.6422,0.0078,0.35
HEARTS SEVEN DIAMONDS TEN,0.6258,0.0104,0.3638
DIAMONDS TEN HEARTS EIGHT,0.6134,0.0128,0.3738
CLUBS FOUR CLUBS JACK,0.6094,0.0106,0.38
DIAMONDS TEN HEARTS NINE,0.696,0.0372,0.2668
CLUBS TEN CLUBS FOUR,0.6166,0.0112,0.3722
CLUBS FOUR CLUBS KING,0.3896,0.0084,0.602
CLUBS FOUR CLUBS QUEEN,0.5616,0.1584,0.28
DIAMONDS TEN CLUBS TWO,0.644,0.0122,0.3438
CLUBS THREE DIAMONDS TEN,0.6444,0.0096,0.346
CLUBS FOUR CLUBS ACE,0.3866,0.0042,0.6092
DIAMONDS TEN DIAMONDS JACK,0.544,0.0074,0.4486
DIAMONDS TEN DIAMONDS QUEEN,0.2318,0.1106,0.6576
HEARTS TWO DIAMONDS TEN,0.6384,0.013,0.3486
DIAMONDS KING DIAMONDS TEN,0.3356,0.0062,0.6582
HEARTS THREE DIAMONDS TEN,0.6526,0.0094,0.338
DIAMONDS ACE DIAMONDS TEN,0.3446,0.0048,0.6506
HEARTS FOUR DIAMONDS TEN,0.641,0.0102,0.3488
CLUBS EIGHT HEARTS JACK,0.6328,0.0098,0.3574
HEARTS FIVE DIAMONDS TEN,0.6376,0.009,0.3534
CLUBS EIGHT HEARTS TEN,0.5998,0.0102,0.39
CLUBS EIGHT HEARTS QUEEN,0.6076,0.1618,0.2306
CLUBS EIGHT HEARTS KING,0.4028,0.0062,0.591
CLUBS EIGHT HEARTS ACE,0.417,0.0038,0.5792
CLUBS NINE SPADES THREE,0.734,0.0434,0.2226
CLUBS NINE SPADES TWO,0.7414,0.046,0.2126
CLUBS NINE SPADES FIVE,0.712,0.0422,0.2458
CLUBS NINE SPADES FOUR,0.7272,0.0456,0.2272
CLUBS NINE SPADES SEVEN,0.6992,0.044,0.2568
CLUBS NINE SPADES SIX,0.7096,0.039,0.2514
CLUBS NINE SPADES NINE,0.3112,0.026,0.6628
CLUBS TEN HEARTS EIGHT,0.6246,0.0082,0.3672
CLUBS NINE SPADES EIGHT,0.7028,0.0442,0.253
HEARTS EIGHT CLUBS JACK,0.63,0.0088,0.3612
CLUBS QUEEN HEARTS EIGHT,0.5908,0.1674,0.2418
CLUBS KING HEARTS EIGHT,0.4206,0.0064,0.573
CLUBS ACE HEARTS EIGHT,0.4024,0.0032,0.5944
SPADES KING CLUBS KING,0.1536,0.0046,0.8418
SPADES ACE CLUBS KING,0.3404,0.0054,0.6542
DIAMONDS ACE HEARTS TEN,0.3596,0.0044,0.636
HEARTS FOUR HEARTS TEN,0.5982,0.0112,0.3906
DIAMONDS ACE HEARTS JACK,0.3584,0.0052,0.6364
HEARTS FOUR HEARTS JACK,0.584,0.01,0.406
SPADES KING CLUBS FIVE,0.4172,0.0076,0.5752
SPADES ACE CLUBS FIVE,0.4074,0.0046,0.588
HEARTS SEVEN DIAMONDS JACK,0.6444,0.0094,0.3462
HEARTS SIX DIAMONDS JACK,0.6464,0.012,0.3416
DIAMONDS JACK HEARTS NINE,0.6994,0.0388,0.2618
DIAMONDS JACK HEARTS EIGHT,0.6206,0.0112,0.3682
DIAMONDS KING DIAMONDS JACK,0.3404,0.008,0.6516
HEARTS THREE DIAMONDS JACK,0.6512,0.0106,0.3382
SPADES ACE SPADES SIX,0.3906,0.0044,0.605
HEARTS ACE SPADES FOUR,0.4328,0.003,0.5642
DIAMONDS QUEEN DIAMONDS JACK,0.2114,0.091,0.6976
HEARTS TWO DIAMONDS JACK,0.6528,0.0124,0.3348
HEARTS FIVE DIAMONDS JACK,0.6438,0.0082,0.348
SPADES FOUR HEARTS QUEEN,0.6132,0.161,0.2258
DIAMONDS ACE DIAMONDS JACK,0.3502,0.0044,0.6454
HEARTS FOUR DIAMONDS JACK,0.6408,0.0094,0.3498
SPADES KING SPADES SIX,0.3896,0.0068,0.6036
SPADES FOUR HEARTS KING,0.4304,0.0076,0.562
SPADES TEN SPADES SIX,0.6016,0.0118,0.3866
SPADES JACK SPADES SIX,0.6316,0.0104,0.358
SPADES FOUR DIAMONDS JACK,0.6578,0.0116,0.3306
SPADES FIVE DIAMONDS JACK,0.6522,0.0112,0.3366
SPADES TWO DIAMONDS JACK,0.6546,0.0128,0.3326
SPADES THREE DIAMONDS JACK,0.648,0.0118,0.3402
SPADES ACE DIAMONDS THREE,0.42,0.0048,0.5752
CLUBS EIGHT DIAMONDS JACK,0.6416,0.0098,0.3486
SPADES KING DIAMONDS THREE,0.4204,0.0084,0.5712
CLUBS NINE DIAMONDS JACK,0.6948,0.0444,0.2608
CLUBS SIX DIAMONDS JACK,0.6498,0.01,0.3402
CLUBS SEVEN DIAMONDS JACK,0.6348,0.011,0.3542
CLUBS FOUR DIAMONDS JACK,0.647,0.0088,0.3442
CLUBS FIVE DIAMONDS JACK,0.6438,0.0106,0.3456
CLUBS TWO DIAMONDS JACK,0.6566,0.0084,0.335
CLUBS THREE DIAMONDS JACK,0.655,0.0094,0.3356
SPADES JACK HEARTS SIX,0.6638,0.0102,0.326
SPADES TEN CLUBS FIVE,0.6504,0.0124,0.3372
SPADES JACK CLUBS FIVE,0.6576,0.0086,0.3338
SPADES TEN HEARTS SIX,0.65,0.0118,0.3382
SPADES JACK DIAMONDS THREE,0.6538,0.0124,0.3338
CLUBS SEVEN CLUBS ACE,0.3824,0.0046,0.613
SPADES TEN DIAMONDS THREE,0.6588,0.0128,0.3284
CLUBS SEVEN CLUBS QUEEN,0.5736,0.1532,0.2732
CLUBS SEVEN CLUBS KING,0.3806,0.0056,0.6138
SPADES NINE DIAMONDS JACK,0.7186,0.039,0.2424
CLUBS TEN CLUBS SEVEN,0.5864,0.0068,0.4068
DIAMONDS ACE HEARTS ACE,0.1442,0.0018,0.854
HEARTS FOUR HEARTS ACE,0.385,0.005,0.61
SPADES EIGHT DIAMONDS JACK,0.625,0.014,0.361
SPADES ACE HEARTS SIX,0.42,0.0044,0.5756
CLUBS SEVEN CLUBS JACK,0.5976,0.0108,0.3916
DIAMONDS ACE HEARTS KING,0.3534,0.0052,0.6414
HEARTS FOUR HEARTS KING,0.4072,0.0066,0.5862
SPADES SEVEN DIAMONDS JACK,0.6428,0.0102,0.347
SPADES KING HEARTS SIX,0.4182,0.0064,0.5754
DIAMONDS ACE HEARTS QUEEN,0.2374,0.0156,0.747
HEARTS FOUR HEARTS QUEEN,0.5624,0.1556,0.282
SPADES SIX DIAMONDS JACK,0.6492,0.0112,0.3396
DIAMONDS TEN SPADES TWO,0.6554,0.01,0.3346
DIAMONDS TEN SPADES THREE,0.6576,0.012,0.3304
DIAMONDS TEN SPADES FOUR,0.657,0.0108,0.3322
SPADES FIVE DIAMONDS TEN,0.6466,0.0106,0.3428
SPADES SIX DIAMONDS TEN,0.6526,0.009,0.3384
SPADES SEVEN DIAMONDS TEN,0.624,0.0146,0.3614
SPADES EIGHT DIAMONDS TEN,0.6246,0.0102,0.3652
SPADES NINE DIAMONDS TEN,0.7014,0.0352,0.2634
CLUBS FOUR DIAMONDS TEN,0.644,0.0098,0.3462
CLUBS FIVE DIAMONDS TEN,0.6398,0.0118,0.3484
CLUBS SIX DIAMONDS TEN,0.6406,0.0096,0.3498
CLUBS SEVEN DIAMONDS TEN,0.6198,0.0088,0.3714
CLUBS EIGHT DIAMONDS TEN,0.6184,0.0132,0.3684
CLUBS NINE DIAMONDS TEN,0.6848,0.0422,0.273
DIAMONDS THREE CLUBS JACK,0.6412,0.009,0.3498
CLUBS TEN DIAMONDS THREE,0.6458,0.0104,0.3438
DIAMONDS THREE CLUBS KING,0.426,0.0064,0.5676
DIAMONDS THREE CLUBS QUEEN,0.6096,0.1652,0.2252
DIAMONDS THREE CLUBS ACE,0.4286,0.0056,0.5658
SPADES FOUR HEARTS JACK,0.6448,0.0088,0.3464
SPADES FOUR HEARTS TEN,0.6318,0.0104,0.3578
SPADES FIVE SPADES TWO,0.6172,0.0104,0.3724
SPADES FOUR SPADES TWO,0.6142,0.0112,0.3746
SPADES THREE SPADES TWO,0.6132,0.0124,0.3744
SPADES NINE SPADES TWO,0.694,0.0472,0.2588
SPADES EIGHT SPADES TWO,0.644,0.0112,0.3448
SPADES SEVEN SPADES TWO,0.6342,0.0126,0.3532
SPADES SIX SPADES TWO,0.6198,0.0132,0.367
CLUBS THREE DIAMONDS QUEEN,0.6016,0.1684,0.23
CLUBS THREE HEARTS TWO,0.6464,0.0122,0.3414
CLUBS TWO DIAMONDS QUEEN,0.5984,0.169,0.2326
HEARTS TWO CLUBS TWO,0.4672,0.0188,0.514
HEARTS SEVEN DIAMONDS QUEEN,0.6154,0.1668,0.2178
HEARTS SEVEN HEARTS TWO,0.6242,0.0116,0.3642
HEARTS SIX DIAMONDS QUEEN,0.6096,0.1574,0.233
HEARTS SIX HEARTS TWO,0.625,0.0108,0.3642
DIAMONDS QUEEN HEARTS NINE,0.01,0.9712,0.0188
HEARTS TWO HEARTS NINE,0.6874,0.049,0.2636
DIAMONDS QUEEN HEARTS EIGHT,0.5948,0.175,0.2302
HEARTS TWO HEARTS EIGHT,0.6402,0.0126,0.3472
CLUBS NINE HEARTS TWO,0.7168,0.048,0.2352
CLUBS NINE DIAMONDS QUEEN,0.008,0.972,0.02
CLUBS EIGHT HEARTS TWO,0.6666,0.013,0.3204
CLUBS EIGHT DIAMONDS QUEEN,0.5974,0.17,0.2326
CLUBS FIVE DIAMONDS QUEEN,0.591,0.169,0.24
CLUBS FIVE HEARTS TWO,0.646,0.0126,0.3414
SPADES EIGHT HEARTS ACE,0.4072,0.0036,0.5892
CLUBS FOUR DIAMONDS QUEEN,0.5896,0.1722,0.2382
CLUBS FOUR HEARTS TWO,0.6444,0.0118,0.3438
CLUBS SEVEN DIAMONDS QUEEN,0.5936,0.1732,0.2332
CLUBS SEVEN HEARTS TWO,0.663,0.0102,0.3268
SPADES EIGHT HEARTS QUEEN,0.5964,0.1728,0.2308
CLUBS SIX DIAMONDS QUEEN,0.6012,0.1712,0.2276
CLUBS SIX HEARTS TWO,0.648,0.0104,0.3416
SPADES EIGHT HEARTS KING,0.4252,0.0078,0.567
SPADES SIX DIAMONDS QUEEN,0.6088,0.163,0.2282
SPADES SIX HEARTS TWO,0.6628,0.0084,0.3288
HEARTS FOUR CLUBS QUEEN,0.6146,0.1624,0.223
DIAMONDS ACE CLUBS QUEEN,0.2346,0.014,0.7514
SPADES SEVEN DIAMONDS QUEEN,0.6148,0.159,0.2262
SPADES SEVEN HEARTS TWO,0.6828,0.013,0.3042
HEARTS FOUR CLUBS KING,0.4214,0.0066,0.572
DIAMONDS ACE CLUBS KING,0.3466,0.0052,0.6482
SPADES EIGHT DIAMONDS QUEEN,0.6006,0.1684,0.231
SPADES EIGHT HEARTS TWO,0.6742,0.0116,0.3142
HEARTS FOUR CLUBS ACE,0.4186,0.0032,0.5782
DIAMONDS ACE CLUBS ACE,0.1422,0.0036,0.8542
SPADES NINE DIAMONDS QUEEN,0.009,0.9826,0.0084
SPADES NINE HEARTS TWO,0.7322,0.0522,0.2156
HEARTS TWO SPADES TWO,0.4752,0.0204,0.5044
DIAMONDS QUEEN SPADES TWO,0.6276,0.1634,0.209
HEARTS TWO SPADES THREE,0.6466,0.0112,0.3422
SPADES THREE DIAMONDS QUEEN,0.612,0.1604,0.2276
HEARTS TWO SPADES FOUR,0.6516,0.0146,0.3338
SPADES FOUR DIAMONDS QUEEN,0.6076,0.1718,0.2206
CLUBS TEN HEARTS FOUR,0.6404,0.0092,0.3504
CLUBS TEN DIAMONDS ACE,0.3552,0.0044,0.6404
HEARTS TWO SPADES FIVE,0.651,0.0092,0.3398
SPADES FIVE DIAMONDS QUEEN,0.5974,0.159,0.2436
HEARTS FOUR CLUBS JACK,0.645,0.008,0.347
DIAMONDS ACE CLUBS JACK,0.3726,0.0032,0.6242
CLUBS FIVE CLUBS KING,0.3998,0.0076,0.5926
CLUBS FIVE CLUBS QUEEN,0.565,0.154,0.281
CLUBS FIVE CLUBS ACE,0.382,0.0032,0.6148
CLUBS FIVE CLUBS JACK,0.5972,0.0114,0.3914
CLUBS TEN CLUBS FIVE,0.6016,0.009,0.3894
SPADES KING CLUBS JACK,0.3552,0.0056,0.6392
SPADES ACE CLUBS JACK,0.3656,0.0026,0.6318
SPADES SIX CLUBS KING,0.4282,0.0064,0.5654
SPADES SIX CLUBS QUEEN,0.612,0.1668,0.2212
SPADES EIGHT HEARTS JACK,0.6354,0.0102,0.3544
SPADES SIX CLUBS ACE,0.4318,0.0034,0.5648
SPADES EIGHT HEARTS TEN,0.6232,0.0104,0.3664
SPADES SIX CLUBS JACK,0.6428,0.0098,0.3474
CLUBS TEN SPADES SIX,0.6518,0.0108,0.3374
SPADES TEN CLUBS JACK,0.5668,0.0088,0.4244
SPADES JACK CLUBS JACK,0.3022,0.0086,0.6892
SPADES KING CLUBS SEVEN,0.4208,0.0104,0.5688
SPADES ACE CLUBS SEVEN,0.408,0.0024,0.5896
SPADES SIX HEARTS TEN,0.6484,0.0096,0.342
SPADES SIX HEARTS JACK,0.6488,0.0104,0.3408
SPADES SIX HEARTS ACE,0.4174,0.005,0.5776
SPADES SIX HEARTS KING,0.4068,0.007,0.5862
SPADES SIX HEARTS QUEEN,0.6032,0.1682,0.2286
SPADES JACK CLUBS SEVEN,0.6432,0.0096,0.3472
CLUBS SEVEN SPADES TEN,0.6306,0.0098,0.3596
CLUBS TEN HEARTS SIX,0.6434,0.008,0.3486
HEARTS SIX CLUBS JACK,0.644,0.0106,0.3454
CLUBS ACE CLUBS JACK,0.3532,0.0048,0.642
HEARTS SIX CLUBS QUEEN,0.6046,0.1676,0.2278
HEARTS SIX CLUBS KING,0.4208,0.0062,0.573
HEARTS SIX CLUBS ACE,0.4362,0.0024,0.5614
CLUBS QUEEN CLUBS JACK,0.2306,0.0902,0.6792
CLUBS KING CLUBS JACK,0.3402,0.005,0.6548
DIAMONDS THREE HEARTS ACE,0.4088,0.0042,0.587
DIAMONDS THREE HEARTS QUEEN,0.6136,0.1652,0.2212
DIAMONDS THREE HEARTS KING,0.4398,0.0082,0.552
CLUBS FIVE HEARTS JACK,0.636,0.0114,0.3526
HEARTS FOUR SPADES TEN,0.6492,0.0098,0.341
SPADES TEN DIAMONDS ACE,0.3646,0.0052,0.6302
CLUBS FIVE HEARTS TEN,0.6506,0.0116,0.3378
HEARTS FOUR SPADES JACK,0.654,0.0112,0.3348
SPADES JACK DIAMONDS ACE,0.3604,0.0048,0.6348
SPADES ACE HEARTS FOUR,0.4046,0.0038,0.5916
SPADES ACE DIAMONDS ACE,0.1326,0.0042,0.8632
CLUBS FIVE HEARTS ACE,0.4112,0.0048,0.584
CLUBS FIVE HEARTS KING,0.4256,0.0066,0.5678
SPADES FOUR CLUBS JACK,0.6562,0.01,0.3338
CLUBS FIVE HEARTS QUEEN,0.5944,0.165,0.2406
SPADES KING DIAMONDS ACE,0.3318,0.0064,0.6618
SPADES KING HEARTS FOUR,0.4252,0.0076,0.5672
CLUBS TEN SPADES FOUR,0.6492,0.011,0.3398
DIAMONDS ACE DIAMONDS QUEEN,0.2322,0.0162,0.7516
DIAMONDS ACE HEARTS TWO,0.4048,0.0042,0.591
HEARTS FOUR DIAMONDS QUEEN,0.6036,0.169,0.2274
HEARTS FOUR HEARTS TWO,0.6054,0.0134,0.3812
DIAMONDS THREE HEARTS TEN,0.6454,0.0106,0.344
SPADES FOUR CLUBS KING,0.4228,0.0066,0.5706
HEARTS FIVE DIAMONDS QUEEN,0.603,0.1628,0.2342
HEARTS FIVE HEARTS TWO,0.6042,0.0116,0.3842
DIAMONDS THREE HEARTS JACK,0.6688,0.0068,0.3244
SPADES FOUR CLUBS QUEEN,0.6122,0.1652,0.2226
HEARTS TWO DIAMONDS QUEEN,0.6078,0.1656,0.2266
DIAMONDS KING DIAMONDS QUEEN,0.2238,0.0306,0.7456
DIAMONDS KING HEARTS TWO,0.4322,0.006,0.5618
HEARTS THREE DIAMONDS QUEEN,0.6118,0.1646,0.2236
HEARTS THREE HEARTS TWO,0.6018,0.0124,0.3858
SPADES FOUR CLUBS ACE,0.4128,0.0062,0.581
HEARTS TWO CLUBS ACE,0.4278,0.0038,0.5684
DIAMONDS QUEEN CLUBS ACE,0.2342,0.015,0.7508
HEARTS TWO CLUBS QUEEN,0.6128,0.1672,0.22
DIAMONDS QUEEN CLUBS QUEEN,0.1116,0.0236,0.8648
HEARTS TWO CLUBS KING,0.4284,0.0062,0.5654
DIAMONDS QUEEN CLUBS KING,0.2374,0.0274,0.7352
SPADES EIGHT SPADES FIVE,0.6102,0.011,0.3788
CLUBS TEN HEARTS TWO,0.6638,0.007,0.3292
CLUBS TEN DIAMONDS QUEEN,0.2288,0.1216,0.6496
SPADES NINE SPADES FIVE,0.68,0.0442,0.2758
HEARTS TWO CLUBS JACK,0.652,0.008,0.34
DIAMONDS QUEEN CLUBS JACK,0.2428,0.0844,0.6728
SPADES SIX SPADES FIVE,0.5828,0.0144,0.4028
SPADES SEVEN SPADES FIVE,0.6,0.0104,0.3896
DIAMONDS FIVE CLUBS QUEEN,0.6118,0.1692,0.219
SPADES EIGHT CLUBS ACE,0.4128,0.004,0.5832
DIAMONDS FIVE CLUBS KING,0.4326,0.0082,0.5592
SPADES EIGHT CLUBS KING,0.418,0.0074,0.5746
CLUBS ACE DIAMONDS FIVE,0.4216,0.004,0.5744
SPADES EIGHT CLUBS QUEEN,0.607,0.1762,0.2168
SPADES EIGHT CLUBS JACK,0.627,0.0098,0.3632
CLUBS TEN SPADES EIGHT,0.6186,0.009,0.3724
CLUBS TEN DIAMONDS FIVE,0.6494,0.0122,0.3384
DIAMONDS FIVE CLUBS JACK,0.657,0.011,0.332
DIAMONDS TEN HEARTS JACK,0.5592,0.0106,0.4302
DIAMONDS TEN HEARTS TEN,0.298,0.0128,0.6892
SPADES ACE CLUBS NINE,0.259,0.021,0.72
CLUBS NINE SPADES KING,0.2516,0.0354,0.713
HEARTS SIX HEARTS KING,0.4084,0.007,0.5846
DIAMONDS KING SPADES SEVEN,0.416,0.007,0.577
SPADES SEVEN HEARTS THREE,0.6698,0.011,0.3192
SPADES KING DIAMONDS SEVEN,0.4146,0.0082,0.5772
HEARTS SIX HEARTS QUEEN,0.5688,0.1544,0.2768
DIAMONDS KING SPADES SIX,0.4138,0.0076,0.5786
HEARTS THREE SPADES SIX,0.6498,0.0106,0.3396
SPADES NINE DIAMONDS KING,0.2486,0.0328,0.7186
SPADES NINE HEARTS THREE,0.7286,0.05,0.2214
HEARTS SIX HEARTS ACE,0.3982,0.004,0.5978
SPADES EIGHT DIAMONDS KING,0.4086,0.0106,0.5808
SPADES EIGHT HEARTS THREE,0.6824,0.0104,0.3072
SPADES ACE DIAMONDS SEVEN,0.4176,0.0036,0.5788
CLUBS NINE HEARTS THREE,0.7228,0.049,0.2282
CLUBS NINE DIAMONDS KING,0.2488,0.0312,0.72
CLUBS EIGHT HEARTS THREE,0.6594,0.0112,0.3294
CLUBS EIGHT DIAMONDS KING,0.4204,0.007,0.5726
HEARTS THREE SPADES THREE,0.4602,0.021,0.5188
DIAMONDS KING SPADES THREE,0.4284,0.008,0.5636
HEARTS THREE SPADES TWO,0.6462,0.0122,0.3416
DIAMONDS KING SPADES TWO,0.4204,0.0076,0.572
HEARTS THREE SPADES FIVE,0.6326,0.0106,0.3568
DIAMONDS KING SPADES FIVE,0.4268,0.006,0.5672
HEARTS THREE SPADES FOUR,0.6338,0.0106,0.3556
DIAMONDS KING SPADES FOUR,0.4174,0.008,0.5746
