opposingHand,winningChance,drawChance,lostChance
SPADES NINE DIAMONDS NINE
HEARTS FIVE SPADES TEN,0.6796,0.0416,0.2788
HEARTS FIVE SPADES JACK,0.6842,0.0306,0.2852
SPADES FIVE CLUBS JACK,0.6886,0.0256,0.2858
CLUBS TEN SPADES FIVE,0.6918,0.038,0.2702
CLUBS EIGHT CLUBS JACK,0.6342,0.0264,0.3394
CLUBS TEN CLUBS EIGHT,0.6282,0.0378,0.334
CLUBS EIGHT CLUBS KING,0.6492,0.0076,0.3432
SPADES FIVE CLUBS ACE,0.6494,0.0048,0.3458
CLUBS EIGHT CLUBS QUEEN,0.6446,0.0156,0.3398
SPADES FIVE CLUBS KING,0.6812,0.0086,0.3102
SPADES FIVE CLUBS QUEEN,0.6868,0.0198,0.2934
CLUBS EIGHT CLUBS ACE,0.6364,0.002,0.3616
DIAMONDS TWO DIAMONDS THREE,0.7466,0.0812,0.1722
DIAMONDS TWO DIAMONDS FIVE,0.735,0.0836,0.1814
HEARTS FIVE SPADES KING,0.6588,0.0094,0.3318
DIAMONDS TWO DIAMONDS FOUR,0.745,0.0786,0.1764
HEARTS FIVE SPADES QUEEN,0.669,0.0184,0.3126
DIAMONDS TWO DIAMONDS SEVEN,0.7722,0.0718,0.156
DIAMONDS TWO DIAMONDS SIX,0.7656,0.0764,0.158
SPADES ACE HEARTS FIVE,0.647,0.0036,0.3494
DIAMONDS TWO DIAMONDS EIGHT,0.7798,0.057,0.1632
DIAMONDS THREE DIAMONDS FOUR,0.7226,0.0856,0.1918
SPADES FOUR CLUBS TWO,0.7716,0.084,0.1444
DIAMONDS THREE DIAMONDS FIVE,0.7086,0.0902,0.2012
SPADES FIVE CLUBS TWO,0.7668,0.0778,0.1554
CLUBS TWO SPADES TWO,0.6752,0.1534,0.1714
CLUBS TWO SPADES THREE,0.7644,0.0896,0.146
DIAMONDS THREE DIAMONDS EIGHT,0.7746,0.0582,0.1672
SPADES EIGHT CLUBS TWO,0.812,0.0552,0.1328
DIAMONDS THREE DIAMONDS SIX,0.7338,0.0794,0.1868
SPADES SIX CLUBS TWO,0.7896,0.0758,0.1346
DIAMONDS THREE DIAMONDS SEVEN,0.7588,0.072,0.1692
SPADES SEVEN CLUBS TWO,0.8158,0.0714,0.1128
CLUBS SIX CLUBS TWO,0.7378,0.0742,0.188
CLUBS SEVEN CLUBS TWO,0.7688,0.0658,0.1654
CLUBS FOUR CLUBS TWO,0.7176,0.084,0.1984
CLUBS FIVE CLUBS TWO,0.72,0.0786,0.2014
CLUBS TEN CLUBS JACK,0.5196,0.0168,0.4636
DIAMONDS FOUR DIAMONDS SIX,0.7192,0.0754,0.2054
CLUBS TEN CLUBS QUEEN,0.5186,0.0124,0.469
DIAMONDS FOUR DIAMONDS SEVEN,0.7504,0.0624,0.1872
CLUBS TEN CLUBS KING,0.5106,0.0078,0.4816
CLUBS TEN CLUBS ACE,0.5208,0.0032,0.476
CLUBS EIGHT CLUBS TWO,0.7628,0.062,0.1752
DIAMONDS FIVE DIAMONDS FOUR,0.7122,0.0816,0.2062
CLUBS NINE CLUBS TWO,0.8048,0.067,0.1282
DIAMONDS EIGHT DIAMONDS FOUR,0.7638,0.0558,0.1804
CLUBS THREE CLUBS TWO,0.734,0.087,0.179
DIAMONDS TWO CLUBS JACK,0.6962,0.0286,0.2752
DIAMONDS EIGHT DIAMONDS FIVE,0.7474,0.0602,0.1924
CLUBS TEN DIAMONDS TWO,0.7032,0.0454,0.2514
DIAMONDS FIVE DIAMONDS SEVEN,0.7352,0.0706,0.1942
DIAMONDS FIVE DIAMONDS SIX,0.7092,0.0852,0.2056
DIAMONDS TWO CLUBS ACE,0.6772,0.004,0.3188
DIAMONDS TWO CLUBS KING,0.6854,0.0088,0.3058
DIAMONDS TWO CLUBS QUEEN,0.6932,0.0184,0.2884
DIAMONDS EIGHT DIAMONDS SIX,0.7506,0.0622,0.1872
HEARTS ACE SPADES THREE,0.6472,0.0038,0.349
SPADES THREE HEARTS KING,0.6756,0.0086,0.3158
DIAMONDS SEVEN DIAMONDS SIX,0.7312,0.0684,0.2004
SPADES THREE HEARTS QUEEN,0.688,0.0194,0.2926
SPADES THREE HEARTS JACK,0.6928,0.03,0.2772
SPADES THREE HEARTS TEN,0.6904,0.0432,0.2664
DIAMONDS EIGHT DIAMONDS SEVEN,0.7394,0.059,0.2016
DIAMONDS KING HEARTS TEN,0.5396,0.0064,0.454
HEARTS THREE HEARTS TEN,0.6624,0.034,0.3036
SPADES JACK CLUBS SIX,0.6848,0.0324,0.2828
DIAMONDS KING HEARTS JACK,0.5388,0.008,0.4532
HEARTS THREE HEARTS JACK,0.6384,0.0282,0.3334
SPADES TEN CLUBS SIX,0.6908,0.0372,0.272
SPADES JACK SPADES FIVE,0.6468,0.026,0.3272
SPADES TEN SPADES FIVE,0.657,0.0374,0.3056
DIAMONDS KING HEARTS ACE,0.529,0.0034,0.4676
HEARTS THREE HEARTS ACE,0.6186,0.0044,0.377
SPADES ACE CLUBS SIX,0.676,0.003,0.321
DIAMONDS KING HEARTS QUEEN,0.5578,0.0078,0.4344
HEARTS THREE HEARTS QUEEN,0.6476,0.017,0.3354
SPADES KING CLUBS SIX,0.6642,0.0102,0.3256
DIAMONDS KING HEARTS KING,0.1902,0.0354,0.7744
HEARTS THREE HEARTS KING,0.6478,0.01,0.3422
SPADES QUEEN CLUBS SIX,0.6782,0.0146,0.3072
SPADES QUEEN SPADES FIVE,0.6552,0.0156,0.3292
SPADES KING SPADES FIVE,0.634,0.0126,0.3534
SPADES ACE SPADES FIVE,0.6026,0.003,0.3944
CLUBS TEN SPADES JACK,0.534,0.0216,0.4444
CLUBS TEN SPADES TEN,0.1736,0.1286,0.6978
SPADES ACE CLUBS TEN,0.5508,0.0028,0.4464
SPADES KING CLUBS TEN,0.5382,0.0078,0.454
CLUBS TEN SPADES QUEEN,0.5518,0.0132,0.435
SPADES FIVE HEARTS QUEEN,0.6794,0.02,0.3006
SPADES FIVE HEARTS KING,0.6718,0.0094,0.3188
SPADES FIVE HEARTS ACE,0.651,0.0036,0.3454
CLUBS EIGHT SPADES TEN,0.6818,0.0364,0.2818
SPADES JACK HEARTS THREE,0.6878,0.027,0.2852
SPADES JACK DIAMONDS KING,0.5388,0.008,0.4532
SPADES TEN DIAMONDS KING,0.55,0.009,0.441
SPADES TEN HEARTS THREE,0.6862,0.0418,0.272
SPADES JACK CLUBS EIGHT,0.6748,0.027,0.2982
CLUBS SIX HEARTS ACE,0.6588,0.0024,0.3388
SPADES ACE CLUBS EIGHT,0.6724,0.0038,0.3238
HEARTS FIVE CLUBS JACK,0.6832,0.0284,0.2884
HEARTS FIVE CLUBS TEN,0.6812,0.0384,0.2804
CLUBS SIX HEARTS QUEEN,0.6786,0.0166,0.3048
SPADES QUEEN CLUBS EIGHT,0.6786,0.0192,0.3022
CLUBS TEN SPADES THREE,0.6848,0.0386,0.2766
CLUBS SIX HEARTS KING,0.6764,0.007,0.3166
SPADES KING CLUBS EIGHT,0.6846,0.009,0.3064
SPADES THREE CLUBS JACK,0.6912,0.0276,0.2812
DIAMONDS TWO HEARTS JACK,0.6968,0.0288,0.2744
SPADES THREE CLUBS QUEEN,0.6812,0.0164,0.3024
DIAMONDS TWO HEARTS TEN,0.6962,0.0424,0.2614
SPADES THREE CLUBS KING,0.684,0.0088,0.3072
HEARTS FIVE CLUBS ACE,0.6392,0.005,0.3558
SPADES FIVE HEARTS TEN,0.6888,0.0396,0.2716
SPADES THREE CLUBS ACE,0.6524,0.0032,0.3444
HEARTS FIVE CLUBS KING,0.6654,0.0088,0.3258
SPADES FIVE HEARTS JACK,0.6918,0.0242,0.284
HEARTS FIVE CLUBS QUEEN,0.677,0.0176,0.3054
HEARTS THREE CLUBS KING,0.6746,0.0092,0.3162
DIAMONDS KING CLUBS KING,0.1842,0.038,0.7778
HEARTS THREE CLUBS QUEEN,0.6908,0.0198,0.2894
DIAMONDS KING CLUBS QUEEN,0.5398,0.0068,0.4534
HEARTS FIVE HEARTS JACK,0.6412,0.0254,0.3334
HEARTS FIVE HEARTS TEN,0.6608,0.0394,0.2998
HEARTS THREE CLUBS ACE,0.6502,0.0036,0.3462
DIAMONDS KING CLUBS ACE,0.5322,0.0038,0.464
SPADES ACE CLUBS QUEEN,0.5362,0.003,0.4608
SPADES KING CLUBS QUEEN,0.5582,0.0052,0.4366
HEARTS THREE CLUBS JACK,0.687,0.0314,0.2816
DIAMONDS KING CLUBS JACK,0.5516,0.006,0.4424
SPADES QUEEN CLUBS QUEEN,0.1858,0.0632,0.751
CLUBS TEN HEARTS THREE,0.6954,0.0376,0.267
CLUBS TEN DIAMONDS KING,0.5414,0.007,0.4516
SPADES JACK CLUBS QUEEN,0.5386,0.0104,0.451
CLUBS SIX CLUBS QUEEN,0.654,0.0148,0.3312
SPADES TEN CLUBS QUEEN,0.545,0.0154,0.4396
CLUBS SIX CLUBS KING,0.633,0.0094,0.3576
CLUBS SIX CLUBS ACE,0.6288,0.0026,0.3686
HEARTS FIVE HEARTS KING,0.6348,0.0068,0.3584
HEARTS FIVE HEARTS QUEEN,0.6598,0.015,0.3252
CLUBS TEN CLUBS SIX,0.6436,0.0388,0.3176
HEARTS FIVE HEARTS ACE,0.6068,0.0038,0.3894
CLUBS SIX CLUBS JACK,0.6438,0.026,0.3302
SPADES SEVEN HEARTS JACK,0.6848,0.03,0.2852
SPADES SEVEN HEARTS TEN,0.6858,0.0394,0.2748
DIAMONDS TWO CLUBS TWO,0.6642,0.156,0.1798
DIAMONDS TWO CLUBS THREE,0.771,0.082,0.147
DIAMONDS TWO HEARTS SIX,0.7834,0.0742,0.1424
DIAMONDS TWO HEARTS QUEEN,0.6976,0.0182,0.2842
HEARTS SEVEN DIAMONDS TWO,0.805,0.0708,0.1242
DIAMONDS TWO HEARTS KING,0.6906,0.0088,0.3006
DIAMONDS TWO HEARTS EIGHT,0.8136,0.06,0.1264
DIAMONDS TWO HEARTS ACE,0.6662,0.0038,0.33
DIAMONDS TWO HEARTS NINE,0.855,0.0756,0.0694
DIAMONDS TWO DIAMONDS QUEEN,0.6662,0.017,0.3168
DIAMONDS TWO HEARTS TWO,0.6698,0.1466,0.1836
DIAMONDS TWO DIAMONDS KING,0.6334,0.0118,0.3548
DIAMONDS TWO HEARTS THREE,0.7712,0.0866,0.1422
DIAMONDS TWO DIAMONDS ACE,0.6358,0.0044,0.3598
HEARTS FOUR DIAMONDS TWO,0.7778,0.0788,0.1434
HEARTS FIVE DIAMONDS TWO,0.765,0.082,0.153
SPADES SEVEN HEARTS ACE,0.6694,0.0044,0.3262
DIAMONDS TWO DIAMONDS TEN,0.6594,0.0376,0.303
SPADES SEVEN HEARTS KING,0.6846,0.0084,0.307
DIAMONDS TWO DIAMONDS JACK,0.6558,0.0284,0.3158
SPADES SEVEN HEARTS QUEEN,0.6866,0.0164,0.297
DIAMONDS TWO SPADES EIGHT,0.8216,0.0592,0.1192
DIAMONDS TWO SPADES SEVEN,0.8116,0.0728,0.1156
DIAMONDS TWO SPADES SIX,0.7986,0.0778,0.1236
DIAMONDS TWO SPADES FIVE,0.7796,0.0796,0.1408
DIAMONDS TWO SPADES FOUR,0.7816,0.0846,0.1338
DIAMONDS TWO SPADES THREE,0.793,0.0854,0.1216
DIAMONDS TWO SPADES TWO,0.6668,0.1586,0.1746
CLUBS NINE DIAMONDS TWO,0.85,0.074,0.076
DIAMONDS TWO CLUBS EIGHT,0.8168,0.0506,0.1326
CLUBS SEVEN DIAMONDS TWO,0.8034,0.074,0.1226
DIAMONDS TWO CLUBS SIX,0.7832,0.0788,0.138
DIAMONDS TWO CLUBS FIVE,0.7766,0.079,0.1444
DIAMONDS TWO CLUBS FOUR,0.7794,0.0866,0.134
CLUBS FOUR SPADES FIVE,0.755,0.075,0.17
CLUBS FOUR SPADES FOUR,0.661,0.1476,0.1914
CLUBS FOUR SPADES THREE,0.7588,0.0868,0.1544
CLUBS FOUR SPADES TWO,0.774,0.0884,0.1376
SPADES EIGHT CLUBS FOUR,0.799,0.0568,0.1442
SPADES SEVEN CLUBS FOUR,0.7728,0.0766,0.1506
SPADES SIX CLUBS FOUR,0.7536,0.0766,0.1698
SPADES ACE DIAMONDS SIX,0.6606,0.0024,0.337
SPADES QUEEN DIAMONDS SIX,0.6834,0.02,0.2966
SPADES KING DIAMONDS SIX,0.6612,0.0116,0.3272
SPADES TEN DIAMONDS SIX,0.6836,0.0404,0.276
SPADES JACK DIAMONDS SIX,0.6776,0.0296,0.2928
SPADES QUEEN SPADES TWO,0.649,0.02,0.331
SPADES KING SPADES TWO,0.6504,0.012,0.3376
SPADES ACE SPADES TWO,0.6188,0.0042,0.377
DIAMONDS JACK CLUBS JACK,0.1904,0.1032,0.7064
CLUBS TEN DIAMONDS JACK,0.537,0.0208,0.4422
DIAMONDS JACK CLUBS KING,0.5366,0.0068,0.4566
DIAMONDS JACK CLUBS QUEEN,0.5362,0.0118,0.452
DIAMONDS THREE DIAMONDS JACK,0.6572,0.0252,0.3176
DIAMONDS THREE DIAMONDS TEN,0.6634,0.038,0.2986
DIAMONDS JACK CLUBS ACE,0.536,0.0032,0.4608
DIAMONDS THREE DIAMONDS KING,0.651,0.0108,0.3382
DIAMONDS THREE HEARTS THREE,0.6604,0.1558,0.1838
DIAMONDS THREE DIAMONDS QUEEN,0.6534,0.019,0.3276
DIAMONDS THREE HEARTS TWO,0.7796,0.0834,0.137
HEARTS FIVE DIAMONDS THREE,0.7556,0.078,0.1664
DIAMONDS THREE DIAMONDS ACE,0.6212,0.005,0.3738
HEARTS FOUR DIAMONDS THREE,0.749,0.0886,0.1624
HEARTS SEVEN DIAMONDS THREE,0.7912,0.0752,0.1336
HEARTS SIX DIAMONDS THREE,0.7736,0.0788,0.1476
DIAMONDS THREE HEARTS NINE,0.8554,0.0742,0.0704
HEARTS JACK DIAMONDS FOUR,0.6752,0.0326,0.2922
HEARTS ACE HEARTS KING,0.4932,0.0032,0.5036
SPADES TEN SPADES TWO,0.6636,0.04,0.2964
DIAMONDS THREE HEARTS EIGHT,0.8072,0.0644,0.1284
HEARTS TEN DIAMONDS FOUR,0.6992,0.038,0.2628
SPADES JACK SPADES TWO,0.6614,0.031,0.3076
HEARTS QUEEN DIAMONDS FOUR,0.6784,0.0204,0.3012
HEARTS KING DIAMONDS FOUR,0.6814,0.0116,0.307
HEARTS ACE DIAMONDS FOUR,0.642,0.004,0.354
DIAMONDS THREE SPADES EIGHT,0.821,0.0614,0.1176
DIAMONDS THREE SPADES SEVEN,0.798,0.0696,0.1324
DIAMONDS THREE SPADES SIX,0.7868,0.0676,0.1456
DIAMONDS THREE CLUBS SIX,0.7708,0.0788,0.1504
CLUBS FIVE CLUBS SIX,0.6972,0.0782,0.2246
CLUBS ACE DIAMONDS FOUR,0.6622,0.0044,0.3334
CLUBS SEVEN DIAMONDS THREE,0.7896,0.0744,0.136
CLUBS SEVEN CLUBS FIVE,0.7226,0.0678,0.2096
DIAMONDS THREE CLUBS FOUR,0.7572,0.079,0.1638
DIAMONDS FOUR CLUBS QUEEN,0.6864,0.0192,0.2944
DIAMONDS THREE CLUBS FIVE,0.7514,0.0792,0.1694
CLUBS KING DIAMONDS FOUR,0.691,0.0092,0.2998
DIAMONDS THREE CLUBS TWO,0.781,0.084,0.135
CLUBS TEN DIAMONDS FOUR,0.7072,0.0394,0.2534
DIAMONDS THREE CLUBS THREE,0.6622,0.1614,0.1764
DIAMONDS FOUR CLUBS JACK,0.6872,0.0252,0.2876
DIAMONDS THREE SPADES FOUR,0.7552,0.0874,0.1574
DIAMONDS THREE SPADES FIVE,0.755,0.0832,0.1618
DIAMONDS THREE SPADES TWO,0.7748,0.0874,0.1378
DIAMONDS THREE SPADES THREE,0.6728,0.1376,0.1896
CLUBS EIGHT DIAMONDS THREE,0.8166,0.054,0.1294
CLUBS NINE DIAMONDS THREE,0.8546,0.0662,0.0792
SPADES SEVEN CLUBS ACE,0.6712,0.0034,0.3254
SPADES SEVEN CLUBS QUEEN,0.692,0.0174,0.2906
SPADES SEVEN CLUBS KING,0.6756,0.01,0.3144
CLUBS FIVE SPADES SEVEN,0.7624,0.068,0.1696
CLUBS TEN SPADES SEVEN,0.6776,0.0344,0.288
CLUBS FIVE SPADES SIX,0.754,0.0744,0.1716
SPADES SEVEN CLUBS JACK,0.687,0.028,0.285
CLUBS FIVE SPADES EIGHT,0.777,0.063,0.16
CLUBS FIVE SPADES THREE,0.751,0.0794,0.1696
CLUBS FIVE SPADES TWO,0.763,0.0774,0.1596
CLUBS FIVE SPADES FIVE,0.6614,0.1554,0.1832
CLUBS FIVE SPADES FOUR,0.7266,0.0928,0.1806
CLUBS NINE CLUBS FIVE,0.7824,0.0624,0.1552
CLUBS EIGHT CLUBS FIVE,0.7488,0.061,0.1902
CLUBS ACE CLUBS QUEEN,0.515,0.0032,0.4818
CLUBS KING CLUBS QUEEN,0.5106,0.0034,0.486
DIAMONDS TEN DIAMONDS FOUR,0.6618,0.037,0.3012
DIAMONDS JACK DIAMONDS FOUR,0.6612,0.0296,0.3092
DIAMONDS ACE DIAMONDS FOUR,0.6274,0.005,0.3676
HEARTS FOUR DIAMONDS FOUR,0.662,0.1552,0.1828
DIAMONDS JACK HEARTS TEN,0.534,0.0212,0.4448
DIAMONDS TWO SPADES TEN,0.6916,0.0442,0.2642
HEARTS FIVE DIAMONDS FOUR,0.7388,0.0788,0.1824
DIAMONDS JACK HEARTS JACK,0.1796,0.103,0.7174
DIAMONDS TWO SPADES JACK,0.6786,0.0362,0.2852
DIAMONDS QUEEN DIAMONDS FOUR,0.6496,0.0204,0.33
HEARTS TWO DIAMONDS FOUR,0.7788,0.0842,0.137
DIAMONDS KING DIAMONDS FOUR,0.637,0.0128,0.3502
HEARTS THREE DIAMONDS FOUR,0.7614,0.0824,0.1562
HEARTS ACE DIAMONDS JACK,0.533,0.004,0.463
SPADES ACE DIAMONDS TWO,0.6682,0.0064,0.3254
HEARTS QUEEN DIAMONDS JACK,0.5444,0.012,0.4436
SPADES QUEEN DIAMONDS TWO,0.6914,0.0198,0.2888
HEARTS KING DIAMONDS JACK,0.5436,0.0076,0.4488
SPADES KING DIAMONDS TWO,0.688,0.0122,0.2998
SPADES JACK SPADES SEVEN,0.6512,0.0274,0.3214
SPADES TEN SPADES SEVEN,0.6442,0.0376,0.3182
CLUBS SEVEN CLUBS THREE,0.7512,0.067,0.1818
CLUBS SIX CLUBS THREE,0.7184,0.0812,0.2004
CLUBS FIVE CLUBS THREE,0.7122,0.0772,0.2106
CLUBS THREE CLUBS FOUR,0.7192,0.0768,0.204
CLUBS NINE CLUBS THREE,0.801,0.0708,0.1282
CLUBS EIGHT CLUBS THREE,0.7648,0.0552,0.18
CLUBS THREE SPADES FIVE,0.7384,0.088,0.1736
CLUBS THREE SPADES FOUR,0.7566,0.0858,0.1576
CLUBS THREE SPADES THREE,0.6604,0.151,0.1886
CLUBS THREE SPADES TWO,0.776,0.0764,0.1476
CLUBS THREE SPADES SIX,0.7766,0.074,0.1494
SPADES SEVEN CLUBS THREE,0.7904,0.0748,0.1348
SPADES EIGHT CLUBS THREE,0.8142,0.0602,0.1256
SPADES TWO DIAMONDS FOUR,0.7766,0.0842,0.1392
SPADES THREE DIAMONDS FOUR,0.7678,0.0796,0.1526
SPADES FOUR DIAMONDS FOUR,0.6698,0.146,0.1842
SPADES FIVE DIAMONDS FOUR,0.7444,0.083,0.1726
SPADES SIX DIAMONDS FOUR,0.7722,0.074,0.1538
SPADES SEVEN DIAMONDS FOUR,0.7858,0.075,0.1392
SPADES EIGHT DIAMONDS FOUR,0.805,0.0606,0.1344
CLUBS FIVE DIAMONDS FOUR,0.7428,0.0796,0.1776
CLUBS FOUR DIAMONDS FOUR,0.6538,0.1478,0.1984
CLUBS SEVEN DIAMONDS FOUR,0.7708,0.0656,0.1636
CLUBS SIX DIAMONDS FOUR,0.7598,0.0698,0.1704
CLUBS NINE DIAMONDS FOUR,0.8558,0.0726,0.0716
CLUBS EIGHT DIAMONDS FOUR,0.7918,0.0586,0.1496
HEARTS SEVEN DIAMONDS FOUR,0.7772,0.0648,0.158
HEARTS SIX DIAMONDS FOUR,0.7524,0.0798,0.1678
DIAMONDS FOUR HEARTS NINE,0.8532,0.0686,0.0782
DIAMONDS FOUR HEARTS EIGHT,0.796,0.0612,0.1428
CLUBS THREE DIAMONDS FOUR,0.7484,0.092,0.1596
CLUBS TWO DIAMONDS FOUR,0.7702,0.0928,0.137
DIAMONDS TEN DIAMONDS FIVE,0.662,0.0404,0.2976
DIAMONDS JACK DIAMONDS FIVE,0.6514,0.028,0.3206
CLUBS KING DIAMONDS SIX,0.6874,0.0088,0.3038
CLUBS QUEEN DIAMONDS SIX,0.6756,0.0204,0.304
CLUBS ACE DIAMONDS SIX,0.6774,0.0064,0.3162
SPADES KING DIAMONDS FOUR,0.6838,0.01,0.3062
SPADES ACE SPADES SEVEN,0.6446,0.0038,0.3516
SPADES QUEEN DIAMONDS FOUR,0.6946,0.0198,0.2856
SPADES QUEEN SPADES SEVEN,0.655,0.0168,0.3282
CLUBS JACK DIAMONDS SIX,0.6874,0.0286,0.284
SPADES KING SPADES SEVEN,0.6436,0.0082,0.3482
SPADES ACE DIAMONDS FOUR,0.6574,0.0046,0.338
CLUBS TEN DIAMONDS SIX,0.6924,0.0406,0.267
CLUBS NINE CLUBS FOUR,0.7868,0.071,0.1422
CLUBS EIGHT CLUBS FOUR,0.7408,0.0594,0.1998
SPADES JACK DIAMONDS FOUR,0.6902,0.0286,0.2812
SPADES TEN DIAMONDS FOUR,0.703,0.0396,0.2574
CLUBS FIVE CLUBS FOUR,0.6964,0.0804,0.2232
CLUBS SEVEN CLUBS FOUR,0.7202,0.0688,0.211
CLUBS SIX CLUBS FOUR,0.7154,0.0776,0.207
CLUBS SEVEN SPADES EIGHT,0.7832,0.064,0.1528
CLUBS SEVEN SPADES SIX,0.7596,0.0746,0.1658
CLUBS SEVEN SPADES SEVEN,0.6678,0.1562,0.176
CLUBS SEVEN SPADES FIVE,0.7674,0.0672,0.1654
CLUBS SEVEN SPADES FOUR,0.7694,0.0714,0.1592
CLUBS SEVEN SPADES THREE,0.7948,0.0722,0.133
CLUBS SEVEN SPADES TWO,0.8008,0.0736,0.1256
CLUBS NINE CLUBS SEVEN,0.757,0.0686,0.1744
CLUBS SEVEN CLUBS EIGHT,0.7406,0.0562,0.2032
HEARTS SIX DIAMONDS FIVE,0.7524,0.0762,0.1714
HEARTS SEVEN DIAMONDS FIVE,0.777,0.0666,0.1564
DIAMONDS FIVE HEARTS EIGHT,0.7814,0.065,0.1536
DIAMONDS FIVE HEARTS NINE,0.8282,0.0712,0.1006
DIAMONDS QUEEN DIAMONDS FIVE,0.66,0.0178,0.3222
HEARTS TWO DIAMONDS FIVE,0.763,0.087,0.15
HEARTS KING HEARTS EIGHT,0.6398,0.008,0.3522
DIAMONDS KING DIAMONDS FIVE,0.641,0.007,0.352
HEARTS THREE DIAMONDS FIVE,0.7498,0.085,0.1652
HEARTS QUEEN HEARTS EIGHT,0.6462,0.0164,0.3374
DIAMONDS ACE DIAMONDS FIVE,0.6358,0.0022,0.362
HEARTS FOUR DIAMONDS FIVE,0.7344,0.0816,0.184
HEARTS FIVE DIAMONDS FIVE,0.6426,0.1544,0.203
HEARTS ACE HEARTS EIGHT,0.6422,0.0028,0.355
CLUBS FOUR DIAMONDS FIVE,0.7414,0.0846,0.174
CLUBS FIVE DIAMONDS FIVE,0.653,0.153,0.194
CLUBS SIX DIAMONDS FIVE,0.7396,0.0738,0.1866
CLUBS SEVEN DIAMONDS FIVE,0.767,0.07,0.163
CLUBS TWO DIAMONDS FIVE,0.77,0.0858,0.1442
CLUBS THREE DIAMONDS FIVE,0.7632,0.0816,0.1552
SPADES THREE DIAMONDS FIVE,0.745,0.0934,0.1616
SPADES TWO DIAMONDS FIVE,0.7788,0.0786,0.1426
SPADES JACK DIAMONDS EIGHT,0.6656,0.032,0.3024
SPADES FIVE DIAMONDS FIVE,0.654,0.1592,0.1868
CLUBS TEN HEARTS JACK,0.541,0.0204,0.4386
SPADES TEN DIAMONDS EIGHT,0.6738,0.04,0.2862
SPADES FOUR DIAMONDS FIVE,0.748,0.0884,0.1636
HEARTS JACK CLUBS JACK,0.1896,0.096,0.7144
HEARTS JACK CLUBS QUEEN,0.5468,0.0108,0.4424
CLUBS NINE DIAMONDS FIVE,0.849,0.0632,0.0878
CLUBS KING HEARTS JACK,0.5414,0.0058,0.4528
CLUBS EIGHT DIAMONDS FIVE,0.7814,0.0608,0.1578
CLUBS ACE HEARTS JACK,0.5382,0.001,0.4608
SPADES SEVEN DIAMONDS FIVE,0.7768,0.0688,0.1544
SPADES KING DIAMONDS EIGHT,0.694,0.0098,0.2962
SPADES SIX DIAMONDS FIVE,0.7528,0.0782,0.169
SPADES QUEEN DIAMONDS EIGHT,0.6814,0.0192,0.2994
SPADES EIGHT DIAMONDS FIVE,0.793,0.0604,0.1466
SPADES ACE DIAMONDS EIGHT,0.6708,0.0044,0.3248
DIAMONDS TEN DIAMONDS SIX,0.6528,0.041,0.3062
HEARTS ACE DIAMONDS SEVEN,0.6742,0.0028,0.323
DIAMONDS JACK DIAMONDS SIX,0.641,0.0248,0.3342
HEARTS QUEEN DIAMONDS SEVEN,0.6914,0.0166,0.292
HEARTS KING DIAMONDS SEVEN,0.6876,0.0094,0.303
DIAMONDS ACE DIAMONDS SIX,0.6428,0.0034,0.3538
HEARTS FOUR DIAMONDS SIX,0.7584,0.071,0.1706
SPADES TWO HEARTS JACK,0.6998,0.0258,0.2744
HEARTS FIVE DIAMONDS SIX,0.7456,0.0772,0.1772
SPADES TWO HEARTS TEN,0.6986,0.0362,0.2652
DIAMONDS QUEEN DIAMONDS SIX,0.6398,0.017,0.3432
HEARTS TWO DIAMONDS SIX,0.7988,0.0736,0.1276
DIAMONDS KING DIAMONDS SIX,0.6402,0.0114,0.3484
HEARTS THREE DIAMONDS SIX,0.769,0.0786,0.1524
HEARTS EIGHT DIAMONDS SIX,0.7968,0.0528,0.1504
HEARTS NINE DIAMONDS SIX,0.8248,0.0676,0.1076
HEARTS SIX DIAMONDS SIX,0.6644,0.1476,0.188
HEARTS SEVEN DIAMONDS SIX,0.777,0.0626,0.1604
HEARTS TEN DIAMONDS SEVEN,0.6828,0.0384,0.2788
CLUBS TWO DIAMONDS SIX,0.788,0.082,0.13
HEARTS JACK DIAMONDS SEVEN,0.697,0.027,0.276
CLUBS THREE DIAMONDS SIX,0.7726,0.0716,0.1558
CLUBS SEVEN DIAMONDS SIX,0.77,0.0662,0.1638
DIAMONDS EIGHT CLUBS JACK,0.6732,0.0314,0.2954
CLUBS SIX DIAMONDS SIX,0.666,0.1554,0.1786
CLUBS TEN DIAMONDS EIGHT,0.6726,0.0428,0.2846
CLUBS FIVE DIAMONDS SIX,0.7542,0.076,0.1698
CLUBS FOUR DIAMONDS SIX,0.7616,0.0722,0.1662
HEARTS ACE HEARTS JACK,0.514,0.0044,0.4816
DIAMONDS EIGHT CLUBS ACE,0.68,0.005,0.315
HEARTS QUEEN HEARTS JACK,0.5178,0.0104,0.4718
DIAMONDS EIGHT CLUBS KING,0.6874,0.0082,0.3044
CLUBS NINE DIAMONDS SIX,0.8226,0.066,0.1114
HEARTS KING HEARTS JACK,0.525,0.006,0.469
DIAMONDS EIGHT CLUBS QUEEN,0.6904,0.0162,0.2934
CLUBS EIGHT DIAMONDS SIX,0.775,0.0606,0.1644
SPADES TEN HEARTS KING,0.5388,0.0084,0.4528
SPADES FIVE DIAMONDS SIX,0.7512,0.0748,0.174
HEARTS ACE SPADES TWO,0.6672,0.0018,0.331
SPADES JACK HEARTS KING,0.5418,0.006,0.4522
SPADES FOUR DIAMONDS SIX,0.769,0.0754,0.1556
SPADES THREE DIAMONDS SIX,0.791,0.0764,0.1326
HEARTS QUEEN SPADES TWO,0.6896,0.0192,0.2912
SPADES ACE SPADES KING,0.5268,0.0038,0.4694
SPADES TWO HEARTS KING,0.6872,0.0082,0.3046
SPADES TWO DIAMONDS SIX,0.791,0.0768,0.1322
HEARTS TEN HEARTS EIGHT,0.6374,0.0352,0.3274
HEARTS JACK HEARTS EIGHT,0.635,0.0296,0.3354
SPADES EIGHT DIAMONDS SIX,0.7872,0.057,0.1558
SPADES SEVEN DIAMONDS SIX,0.7768,0.0698,0.1534
SPADES SIX DIAMONDS SIX,0.6762,0.156,0.1678
SPADES KING HEARTS KING,0.1926,0.0362,0.7712
SPADES QUEEN HEARTS KING,0.5486,0.0046,0.4468
CLUBS ACE CLUBS KING,0.5166,0.0032,0.4802
SPADES ACE HEARTS KING,0.531,0.0056,0.4634
SPADES ACE HEARTS JACK,0.5308,0.0034,0.4658
SPADES QUEEN HEARTS JACK,0.5358,0.0078,0.4564
SPADES KING HEARTS JACK,0.5376,0.0062,0.4562
SPADES TEN DIAMONDS TEN,0.1746,0.1252,0.7002
SPADES JACK DIAMONDS TEN,0.5256,0.0224,0.452
SPADES ACE DIAMONDS TEN,0.5404,0.004,0.4556
SPADES JACK HEARTS JACK,0.1736,0.0988,0.7276
SPADES TEN HEARTS JACK,0.5322,0.0226,0.4452
SPADES QUEEN DIAMONDS TEN,0.5414,0.0144,0.4442
SPADES KING DIAMONDS TEN,0.5412,0.0084,0.4504
SPADES EIGHT DIAMONDS SEVEN,0.7896,0.0648,0.1456
SPADES SEVEN DIAMONDS SEVEN,0.6612,0.164,0.1748
SPADES SIX DIAMONDS SEVEN,0.767,0.0708,0.1622
DIAMONDS KING DIAMONDS SEVEN,0.6392,0.0112,0.3496
HEARTS THREE DIAMONDS SEVEN,0.7938,0.0682,0.138
HEARTS KING DIAMONDS FIVE,0.6748,0.0078,0.3174
DIAMONDS QUEEN DIAMONDS SEVEN,0.6582,0.0176,0.3242
HEARTS TWO DIAMONDS SEVEN,0.8074,0.07,0.1226
HEARTS QUEEN DIAMONDS FIVE,0.6794,0.0176,0.303
HEARTS FIVE DIAMONDS SEVEN,0.7622,0.0718,0.166
DIAMONDS ACE DIAMONDS SEVEN,0.622,0.0054,0.3726
HEARTS FOUR DIAMONDS SEVEN,0.7756,0.0658,0.1586
HEARTS ACE DIAMONDS FIVE,0.6636,0.0024,0.334
HEARTS SEVEN DIAMONDS SEVEN,0.6618,0.1612,0.177
HEARTS SIX DIAMONDS SEVEN,0.7648,0.0698,0.1654
DIAMONDS SEVEN HEARTS NINE,0.8158,0.0634,0.1208
HEARTS EIGHT DIAMONDS SEVEN,0.7626,0.064,0.1734
DIAMONDS JACK DIAMONDS SEVEN,0.6356,0.028,0.3364
DIAMONDS FIVE HEARTS JACK,0.6764,0.0242,0.2994
DIAMONDS TEN DIAMONDS SEVEN,0.6446,0.043,0.3124
HEARTS TEN DIAMONDS FIVE,0.6844,0.0442,0.2714
SPADES KING CLUBS TWO,0.6786,0.0114,0.31
HEARTS KING CLUBS KING,0.2052,0.0336,0.7612
CLUBS EIGHT DIAMONDS SEVEN,0.78,0.0544,0.1656
SPADES QUEEN CLUBS TWO,0.6928,0.0158,0.2914
HEARTS KING CLUBS QUEEN,0.5482,0.0044,0.4474
CLUBS NINE DIAMONDS SEVEN,0.816,0.0636,0.1204
SPADES TWO CLUBS JACK,0.7094,0.028,0.2626
SPADES ACE CLUBS TWO,0.6564,0.0054,0.3382
CLUBS TEN SPADES TWO,0.7036,0.0436,0.2528
HEARTS KING CLUBS ACE,0.5444,0.0028,0.4528
CLUBS SEVEN CLUBS SIX,0.7262,0.0604,0.2134
SPADES TWO CLUBS KING,0.6806,0.0106,0.3088
SPADES TWO DIAMONDS SEVEN,0.8152,0.0718,0.113
CLUBS EIGHT CLUBS SIX,0.7384,0.063,0.1986
SPADES THREE DIAMONDS SEVEN,0.7926,0.0726,0.1348
SPADES TWO CLUBS QUEEN,0.7,0.0168,0.2832
CLUBS NINE CLUBS SIX,0.7742,0.067,0.1588
SPADES FOUR DIAMONDS SEVEN,0.7894,0.0682,0.1424
HEARTS KING CLUBS JACK,0.5468,0.0056,0.4476
SPADES FIVE DIAMONDS SEVEN,0.77,0.0692,0.1608
SPADES TWO CLUBS ACE,0.6628,0.0052,0.332
CLUBS TEN HEARTS KING,0.5538,0.0062,0.44
CLUBS SIX SPADES TWO,0.787,0.0794,0.1336
CLUBS SIX SPADES THREE,0.7752,0.0736,0.1512
CLUBS TWO DIAMONDS SEVEN,0.8088,0.0696,0.1216
CLUBS SIX SPADES FOUR,0.766,0.0708,0.1632
CLUBS THREE DIAMONDS SEVEN,0.7836,0.076,0.1404
CLUBS SIX SPADES FIVE,0.7476,0.082,0.1704
CLUBS FOUR DIAMONDS SEVEN,0.778,0.0708,0.1512
CLUBS SIX SPADES SIX,0.6624,0.1508,0.1868
CLUBS FIVE DIAMONDS SEVEN,0.7692,0.07,0.1608
CLUBS SIX SPADES SEVEN,0.772,0.0622,0.1658
CLUBS SIX DIAMONDS SEVEN,0.767,0.0638,0.1692
SPADES EIGHT CLUBS SIX,0.7794,0.0536,0.167
SPADES JACK CLUBS TWO,0.6974,0.03,0.2726
CLUBS SEVEN DIAMONDS SEVEN,0.6632,0.1548,0.182
SPADES TEN CLUBS TWO,0.6876,0.0412,0.2712
CLUBS TWO CLUBS QUEEN,0.658,0.0172,0.3248
CLUBS TWO CLUBS KING,0.6536,0.01,0.3364
CLUBS THREE DIAMONDS EIGHT,0.8052,0.0606,0.1342
CLUBS TWO CLUBS ACE,0.614,0.0026,0.3834
CLUBS TWO DIAMONDS EIGHT,0.8026,0.0594,0.138
HEARTS SEVEN DIAMONDS EIGHT,0.7834,0.0592,0.1574
HEARTS SIX DIAMONDS EIGHT,0.787,0.0578,0.1552
DIAMONDS EIGHT HEARTS NINE,0.8038,0.0648,0.1314
CLUBS TEN CLUBS TWO,0.6502,0.037,0.3128
DIAMONDS EIGHT HEARTS EIGHT,0.67,0.1556,0.1744
CLUBS TWO CLUBS JACK,0.6478,0.0272,0.325
CLUBS NINE DIAMONDS EIGHT,0.8026,0.0636,0.1338
CLUBS EIGHT DIAMONDS EIGHT,0.671,0.1538,0.1752
CLUBS FIVE DIAMONDS EIGHT,0.7752,0.0606,0.1642
SPADES ACE SPADES THREE,0.6296,0.0054,0.365
CLUBS FOUR DIAMONDS EIGHT,0.7936,0.0616,0.1448
CLUBS SEVEN DIAMONDS EIGHT,0.7882,0.0616,0.1502
SPADES QUEEN SPADES THREE,0.6522,0.0174,0.3304
CLUBS SIX DIAMONDS EIGHT,0.7944,0.0522,0.1534
SPADES KING SPADES THREE,0.6424,0.0126,0.345
DIAMONDS EIGHT DIAMONDS QUEEN,0.6444,0.0218,0.3338
HEARTS TWO DIAMONDS EIGHT,0.806,0.0638,0.1302
DIAMONDS KING DIAMONDS EIGHT,0.647,0.0114,0.3416
HEARTS THREE DIAMONDS EIGHT,0.819,0.0596,0.1214
DIAMONDS ACE DIAMONDS EIGHT,0.633,0.0044,0.3626
HEARTS FOUR DIAMONDS EIGHT,0.7836,0.0644,0.152
HEARTS FIVE DIAMONDS EIGHT,0.7876,0.0556,0.1568
DIAMONDS TEN DIAMONDS EIGHT,0.6436,0.0394,0.317
DIAMONDS EIGHT DIAMONDS JACK,0.6416,0.0284,0.33
SPADES JACK SPADES THREE,0.6582,0.0294,0.3124
SPADES TEN SPADES THREE,0.6516,0.0416,0.3068
CLUBS FOUR HEARTS ACE,0.6488,0.0058,0.3454
CLUBS FOUR HEARTS QUEEN,0.671,0.0178,0.3112
CLUBS FOUR HEARTS KING,0.6716,0.0082,0.3202
CLUBS SIX HEARTS TEN,0.6708,0.0398,0.2894
CLUBS SIX HEARTS JACK,0.6938,0.028,0.2782
SPADES FOUR DIAMONDS EIGHT,0.8054,0.0584,0.1362
SPADES FIVE DIAMONDS EIGHT,0.7948,0.055,0.1502
DIAMONDS EIGHT SPADES TWO,0.8128,0.0672,0.12
DIAMONDS EIGHT SPADES THREE,0.808,0.0628,0.1292
CLUBS FOUR HEARTS JACK,0.6938,0.024,0.2822
SPADES EIGHT DIAMONDS EIGHT,0.6636,0.168,0.1684
SPADES TEN DIAMONDS QUEEN,0.5382,0.015,0.4468
SPADES TEN HEARTS TWO,0.6768,0.0414,0.2818
SPADES JACK HEARTS EIGHT,0.6568,0.0292,0.314
CLUBS FOUR HEARTS TEN,0.6874,0.0364,0.2762
SPADES TEN HEARTS EIGHT,0.6614,0.0402,0.2984
SPADES JACK HEARTS TWO,0.6824,0.031,0.2866
SPADES JACK DIAMONDS QUEEN,0.5418,0.0106,0.4476
SPADES SIX DIAMONDS EIGHT,0.7918,0.058,0.1502
SPADES SEVEN DIAMONDS EIGHT,0.781,0.0594,0.1596
SPADES ACE HEARTS TWO,0.6634,0.0046,0.332
SPADES ACE DIAMONDS QUEEN,0.5368,0.0056,0.4576
SPADES ACE HEARTS EIGHT,0.6702,0.0044,0.3254
SPADES KING HEARTS EIGHT,0.6868,0.0136,0.2996
SPADES QUEEN HEARTS TWO,0.6796,0.0188,0.3016
SPADES QUEEN DIAMONDS QUEEN,0.1836,0.0666,0.7498
SPADES KING DIAMONDS QUEEN,0.5386,0.0052,0.4562
SPADES KING HEARTS TWO,0.6766,0.0118,0.3116
SPADES QUEEN HEARTS EIGHT,0.6872,0.0184,0.2944
CLUBS TWO HEARTS TEN,0.6924,0.0362,0.2714
CLUBS TWO HEARTS JACK,0.6868,0.0318,0.2814
SPADES TEN CLUBS KING,0.5402,0.0068,0.453
SPADES JACK CLUBS KING,0.5414,0.0052,0.4534
SPADES JACK CLUBS FOUR,0.6862,0.0284,0.2854
SPADES TEN CLUBS FOUR,0.687,0.036,0.277
CLUBS NINE CLUBS EIGHT,0.7434,0.0624,0.1942
HEARTS ACE CLUBS TWO,0.6546,0.0036,0.3418
SPADES ACE CLUBS FOUR,0.6578,0.0048,0.3374
CLUBS TWO HEARTS KING,0.683,0.0102,0.3068
SPADES KING CLUBS FOUR,0.6578,0.0114,0.3308
CLUBS TWO HEARTS QUEEN,0.6812,0.02,0.2988
SPADES QUEEN CLUBS FOUR,0.6752,0.0162,0.3086
CLUBS EIGHT SPADES EIGHT,0.6574,0.1676,0.175
CLUBS EIGHT SPADES SEVEN,0.7844,0.0618,0.1538
CLUBS EIGHT SPADES SIX,0.7824,0.0578,0.1598
CLUBS EIGHT SPADES FIVE,0.7796,0.0572,0.1632
CLUBS EIGHT SPADES FOUR,0.7844,0.0618,0.1538
CLUBS EIGHT SPADES THREE,0.812,0.0616,0.1264
CLUBS EIGHT SPADES TWO,0.809,0.058,0.133
HEARTS SIX DIAMONDS TEN,0.684,0.0368,0.2792
HEARTS SEVEN DIAMONDS TEN,0.6682,0.0456,0.2862
DIAMONDS TEN HEARTS EIGHT,0.6726,0.0424,0.285
CLUBS FOUR CLUBS JACK,0.6486,0.0256,0.3258
DIAMONDS TEN HEARTS NINE,0.6316,0.042,0.3264
CLUBS TEN CLUBS FOUR,0.6592,0.0372,0.3036
CLUBS FOUR CLUBS KING,0.6464,0.0108,0.3428
CLUBS FOUR CLUBS QUEEN,0.6646,0.0134,0.322
DIAMONDS TEN CLUBS TWO,0.6836,0.0398,0.2766
CLUBS THREE DIAMONDS TEN,0.6868,0.0396,0.2736
CLUBS FOUR CLUBS ACE,0.6118,0.0046,0.3836
DIAMONDS TEN DIAMONDS JACK,0.4972,0.0222,0.4806
DIAMONDS TEN DIAMONDS QUEEN,0.5218,0.0128,0.4654
HEARTS TWO DIAMONDS TEN,0.6824,0.0446,0.273
DIAMONDS KING DIAMONDS TEN,0.5244,0.0082,0.4674
HEARTS THREE DIAMONDS TEN,0.697,0.039,0.264
DIAMONDS ACE DIAMONDS TEN,0.5212,0.004,0.4748
HEARTS FOUR DIAMONDS TEN,0.6824,0.0438,0.2738
CLUBS EIGHT HEARTS JACK,0.6782,0.0276,0.2942
HEARTS FIVE DIAMONDS TEN,0.6806,0.0386,0.2808
CLUBS EIGHT HEARTS TEN,0.6686,0.0384,0.293
CLUBS EIGHT HEARTS QUEEN,0.6838,0.019,0.2972
CLUBS EIGHT HEARTS KING,0.6936,0.0088,0.2976
CLUBS EIGHT HEARTS ACE,0.6704,0.0022,0.3274
CLUBS NINE SPADES THREE,0.8528,0.0662,0.081
CLUBS NINE SPADES TWO,0.8546,0.068,0.0774
CLUBS NINE SPADES FIVE,0.8294,0.0734,0.0972
CLUBS NINE SPADES FOUR,0.8558,0.072,0.0722
CLUBS NINE SPADES SEVEN,0.8112,0.0642,0.1246
CLUBS NINE SPADES SIX,0.8358,0.0638,0.1004
CLUBS TEN HEARTS EIGHT,0.6648,0.0366,0.2986
CLUBS NINE SPADES EIGHT,0.787,0.063,0.15
HEARTS EIGHT CLUBS JACK,0.6692,0.0296,0.3012
CLUBS QUEEN HEARTS EIGHT,0.6742,0.0166,0.3092
CLUBS KING HEARTS EIGHT,0.6824,0.0066,0.311
CLUBS ACE HEARTS EIGHT,0.6678,0.0046,0.3276
SPADES KING CLUBS KING,0.1912,0.034,0.7748
SPADES QUEEN CLUBS KING,0.5336,0.0042,0.4622
SPADES ACE CLUBS KING,0.528,0.0028,0.4692
DIAMONDS ACE HEARTS TEN,0.5446,0.0056,0.4498
HEARTS FOUR HEARTS TEN,0.6498,0.0402,0.31
DIAMONDS ACE HEARTS JACK,0.5406,0.0032,0.4562
HEARTS FOUR HEARTS JACK,0.6564,0.027,0.3166
SPADES KING CLUBS FIVE,0.675,0.0106,0.3144
SPADES QUEEN CLUBS FIVE,0.6714,0.018,0.3106
SPADES ACE CLUBS FIVE,0.656,0.0048,0.3392
HEARTS SEVEN DIAMONDS JACK,0.69,0.0272,0.2828
HEARTS SIX DIAMONDS JACK,0.6864,0.0306,0.283
DIAMONDS JACK HEARTS NINE,0.6438,0.0322,0.324
DIAMONDS JACK HEARTS EIGHT,0.6754,0.0268,0.2978
DIAMONDS KING DIAMONDS JACK,0.5122,0.007,0.4808
HEARTS THREE DIAMONDS JACK,0.6956,0.026,0.2784
SPADES ACE SPADES SIX,0.6376,0.005,0.3574
HEARTS ACE SPADES FOUR,0.655,0.0044,0.3406
DIAMONDS QUEEN DIAMONDS JACK,0.5052,0.0088,0.486
HEARTS TWO DIAMONDS JACK,0.6952,0.0306,0.2742
HEARTS FIVE DIAMONDS JACK,0.6874,0.0248,0.2878
SPADES QUEEN SPADES SIX,0.6426,0.0144,0.343
SPADES FOUR HEARTS QUEEN,0.7034,0.017,0.2796
DIAMONDS ACE DIAMONDS JACK,0.5152,0.0058,0.479
HEARTS FOUR DIAMONDS JACK,0.6914,0.025,0.2836
SPADES KING SPADES SIX,0.6442,0.0088,0.347
SPADES FOUR HEARTS KING,0.6816,0.0114,0.307
SPADES TEN SPADES SIX,0.6512,0.041,0.3078
SPADES JACK SPADES SIX,0.6456,0.0304,0.324
SPADES FOUR DIAMONDS JACK,0.6782,0.029,0.2928
SPADES FIVE DIAMONDS JACK,0.6822,0.0332,0.2846
SPADES TWO DIAMONDS JACK,0.699,0.028,0.273
SPADES THREE DIAMONDS JACK,0.6968,0.0276,0.2756
SPADES ACE DIAMONDS THREE,0.6558,0.0046,0.3396
SPADES QUEEN DIAMONDS THREE,0.6822,0.0202,0.2976
CLUBS EIGHT DIAMONDS JACK,0.6622,0.0284,0.3094
SPADES KING DIAMONDS THREE,0.6814,0.01,0.3086
CLUBS NINE DIAMONDS JACK,0.6464,0.0362,0.3174
CLUBS SIX DIAMONDS JACK,0.6884,0.0272,0.2844
CLUBS SEVEN DIAMONDS JACK,0.6958,0.024,0.2802
CLUBS FOUR DIAMONDS JACK,0.6896,0.0294,0.281
CLUBS FIVE DIAMONDS JACK,0.6806,0.028,0.2914
CLUBS TWO DIAMONDS JACK,0.6922,0.0292,0.2786
CLUBS THREE DIAMONDS JACK,0.6838,0.0294,0.2868
SPADES TEN CLUBS FIVE,0.6736,0.0356,0.2908
SPADES JACK HEARTS SIX,0.6862,0.0242,0.2896
HEARTS SIX SPADES TEN,0.6812,0.0418,0.277
SPADES JACK CLUBS FIVE,0.6692,0.0294,0.3014
SPADES JACK DIAMONDS THREE,0.692,0.0312,0.2768
CLUBS SEVEN CLUBS ACE,0.6222,0.0024,0.3754
DIAMONDS THREE SPADES TEN,0.6876,0.0444,0.268
CLUBS SEVEN CLUBS QUEEN,0.6458,0.018,0.3362
CLUBS SEVEN CLUBS KING,0.6418,0.008,0.3502
CLUBS TEN CLUBS SEVEN,0.6504,0.0368,0.3128
DIAMONDS ACE HEARTS ACE,0.1972,0.0032,0.7996
HEARTS FOUR HEARTS ACE,0.6128,0.0034,0.3838
SPADES EIGHT DIAMONDS JACK,0.6722,0.03,0.2978
SPADES ACE HEARTS SIX,0.6576,0.0036,0.3388
CLUBS SEVEN CLUBS JACK,0.628,0.03,0.342
DIAMONDS ACE HEARTS KING,0.5418,0.0046,0.4536
HEARTS FOUR HEARTS KING,0.6472,0.009,0.3438
SPADES SEVEN DIAMONDS JACK,0.676,0.0294,0.2946
SPADES KING HEARTS SIX,0.6702,0.0098,0.32
DIAMONDS ACE HEARTS QUEEN,0.5304,0.005,0.4646
HEARTS FOUR HEARTS QUEEN,0.6436,0.0118,0.3446
SPADES SIX DIAMONDS JACK,0.6882,0.0326,0.2792
SPADES QUEEN HEARTS SIX,0.6906,0.0166,0.2928
DIAMONDS TEN SPADES TWO,0.686,0.0466,0.2674
DIAMONDS TEN SPADES THREE,0.6752,0.0428,0.282
DIAMONDS TEN SPADES FOUR,0.6922,0.0396,0.2682
SPADES FIVE DIAMONDS TEN,0.6898,0.042,0.2682
SPADES SIX DIAMONDS TEN,0.6852,0.044,0.2708
SPADES SEVEN DIAMONDS TEN,0.6724,0.0448,0.2828
SPADES EIGHT DIAMONDS TEN,0.6798,0.0344,0.2858
CLUBS FOUR DIAMONDS TEN,0.687,0.039,0.274
CLUBS FIVE DIAMONDS TEN,0.6602,0.0414,0.2984
CLUBS SIX DIAMONDS TEN,0.6732,0.0412,0.2856
CLUBS SEVEN DIAMONDS TEN,0.667,0.0362,0.2968
CLUBS EIGHT DIAMONDS TEN,0.6734,0.0352,0.2914
CLUBS NINE DIAMONDS TEN,0.6352,0.0434,0.3214
DIAMONDS THREE CLUBS JACK,0.6958,0.029,0.2752
CLUBS TEN DIAMONDS THREE,0.6888,0.0414,0.2698
DIAMONDS THREE CLUBS KING,0.6844,0.013,0.3026
DIAMONDS THREE CLUBS QUEEN,0.691,0.0202,0.2888
DIAMONDS THREE CLUBS ACE,0.6576,0.003,0.3394
SPADES FOUR HEARTS JACK,0.7046,0.0232,0.2722
SPADES FOUR HEARTS TEN,0.696,0.0412,0.2628
SPADES FIVE SPADES TWO,0.7364,0.0808,0.1828
SPADES FOUR SPADES TWO,0.7412,0.0824,0.1764
SPADES THREE SPADES TWO,0.7446,0.0872,0.1682
SPADES EIGHT SPADES TWO,0.7768,0.0586,0.1646
SPADES SEVEN SPADES TWO,0.7804,0.062,0.1576
SPADES SIX SPADES TWO,0.7636,0.0734,0.163
CLUBS THREE DIAMONDS QUEEN,0.6854,0.0176,0.297
CLUBS THREE HEARTS TWO,0.767,0.086,0.147
CLUBS TWO DIAMONDS QUEEN,0.6778,0.0194,0.3028
HEARTS TWO CLUBS TWO,0.6608,0.1544,0.1848
HEARTS SEVEN DIAMONDS QUEEN,0.6706,0.0204,0.309
HEARTS SEVEN HEARTS TWO,0.7624,0.0618,0.1758
HEARTS SIX DIAMONDS QUEEN,0.6838,0.0194,0.2968
HEARTS SIX HEARTS TWO,0.7452,0.0788,0.176
DIAMONDS QUEEN HEARTS NINE,0.6464,0.0266,0.327
HEARTS TWO HEARTS NINE,0.8134,0.0608,0.1258
DIAMONDS QUEEN HEARTS EIGHT,0.6714,0.0216,0.307
HEARTS TWO HEARTS EIGHT,0.7554,0.061,0.1836
CLUBS NINE HEARTS TWO,0.8474,0.0726,0.08
CLUBS NINE DIAMONDS QUEEN,0.6622,0.0236,0.3142
CLUBS EIGHT HEARTS TWO,0.7942,0.0672,0.1386
CLUBS EIGHT DIAMONDS QUEEN,0.6758,0.0166,0.3076
CLUBS FIVE DIAMONDS QUEEN,0.685,0.0184,0.2966
CLUBS FIVE HEARTS TWO,0.7688,0.0766,0.1546
SPADES EIGHT HEARTS ACE,0.6746,0.004,0.3214
CLUBS FOUR DIAMONDS QUEEN,0.6754,0.0176,0.307
CLUBS FOUR HEARTS TWO,0.7622,0.0828,0.155
CLUBS SEVEN DIAMONDS QUEEN,0.6798,0.018,0.3022
CLUBS SEVEN HEARTS TWO,0.7958,0.074,0.1302
SPADES EIGHT HEARTS QUEEN,0.6938,0.0158,0.2904
CLUBS SIX DIAMONDS QUEEN,0.675,0.0204,0.3046
CLUBS SIX HEARTS TWO,0.7818,0.075,0.1432
SPADES EIGHT HEARTS KING,0.6826,0.0126,0.3048
SPADES SIX DIAMONDS QUEEN,0.6808,0.018,0.3012
SPADES SIX HEARTS TWO,0.7798,0.0868,0.1334
HEARTS FOUR CLUBS QUEEN,0.6908,0.0138,0.2954
DIAMONDS ACE CLUBS QUEEN,0.5458,0.0034,0.4508
SPADES SEVEN DIAMONDS QUEEN,0.6792,0.0202,0.3006
SPADES SEVEN HEARTS TWO,0.8168,0.0648,0.1184
HEARTS FOUR CLUBS KING,0.6778,0.0094,0.3128
DIAMONDS ACE CLUBS KING,0.5204,0.0038,0.4758
SPADES EIGHT DIAMONDS QUEEN,0.6792,0.0178,0.303
SPADES EIGHT HEARTS TWO,0.809,0.0614,0.1296
HEARTS FOUR CLUBS ACE,0.6532,0.0024,0.3444
DIAMONDS ACE CLUBS ACE,0.192,0.0042,0.8038
HEARTS TWO SPADES TWO,0.6634,0.1562,0.1804
DIAMONDS QUEEN SPADES TWO,0.7002,0.017,0.2828
HEARTS TWO SPADES THREE,0.7668,0.084,0.1492
SPADES THREE DIAMONDS QUEEN,0.6792,0.0196,0.3012
HEARTS TWO SPADES FOUR,0.7734,0.0868,0.1398
SPADES FOUR DIAMONDS QUEEN,0.6902,0.0184,0.2914
CLUBS TEN HEARTS FOUR,0.6776,0.043,0.2794
CLUBS TEN DIAMONDS ACE,0.5262,0.0052,0.4686
HEARTS TWO SPADES FIVE,0.776,0.0872,0.1368
SPADES FIVE DIAMONDS QUEEN,0.683,0.0204,0.2966
HEARTS FOUR CLUBS JACK,0.686,0.026,0.288
DIAMONDS ACE CLUBS JACK,0.5412,0.0042,0.4546
CLUBS FIVE CLUBS KING,0.6388,0.008,0.3532
CLUBS FIVE CLUBS QUEEN,0.652,0.018,0.33
CLUBS FIVE CLUBS ACE,0.6108,0.003,0.3862
CLUBS FIVE CLUBS JACK,0.6472,0.027,0.3258
CLUBS TEN CLUBS FIVE,0.646,0.036,0.318
SPADES KING CLUBS JACK,0.5554,0.006,0.4386
SPADES QUEEN CLUBS JACK,0.5292,0.0104,0.4604
SPADES ACE CLUBS JACK,0.5376,0.0048,0.4576
SPADES SIX CLUBS KING,0.675,0.0096,0.3154
SPADES SIX CLUBS QUEEN,0.6748,0.0192,0.306
SPADES EIGHT HEARTS JACK,0.6772,0.023,0.2998
SPADES SIX CLUBS ACE,0.6788,0.0026,0.3186
SPADES EIGHT HEARTS TEN,0.674,0.0396,0.2864
SPADES SIX CLUBS JACK,0.693,0.0282,0.2788
CLUBS TEN SPADES SIX,0.6784,0.0396,0.282
SPADES TEN CLUBS JACK,0.5396,0.0226,0.4378
SPADES JACK CLUBS JACK,0.1822,0.1016,0.7162
SPADES QUEEN CLUBS SEVEN,0.689,0.021,0.29
SPADES KING CLUBS SEVEN,0.6784,0.0072,0.3144
SPADES ACE CLUBS SEVEN,0.6688,0.0026,0.3286
SPADES SIX HEARTS TEN,0.6948,0.038,0.2672
SPADES SIX HEARTS JACK,0.6836,0.0274,0.289
SPADES SIX HEARTS ACE,0.6664,0.0044,0.3292
SPADES SIX HEARTS KING,0.6728,0.0092,0.318
SPADES SIX HEARTS QUEEN,0.6854,0.018,0.2966
CLUBS SEVEN SPADES JACK,0.683,0.0256,0.2914
CLUBS SEVEN SPADES TEN,0.6652,0.037,0.2978
CLUBS TEN HEARTS SIX,0.6808,0.0396,0.2796
HEARTS SIX CLUBS JACK,0.6844,0.0208,0.2948
CLUBS ACE CLUBS JACK,0.5048,0.004,0.4912
HEARTS SIX CLUBS QUEEN,0.6798,0.0196,0.3006
HEARTS SIX CLUBS KING,0.6902,0.0088,0.301
HEARTS SIX CLUBS ACE,0.664,0.0028,0.3332
CLUBS QUEEN CLUBS JACK,0.5136,0.0108,0.4756
CLUBS KING CLUBS JACK,0.5114,0.0052,0.4834
DIAMONDS THREE HEARTS ACE,0.6606,0.0044,0.335
DIAMONDS THREE HEARTS QUEEN,0.6896,0.0192,0.2912
DIAMONDS THREE HEARTS KING,0.6752,0.0082,0.3166
CLUBS FIVE HEARTS JACK,0.6764,0.0296,0.294
SPADES TEN DIAMONDS ACE,0.5418,0.0044,0.4538
HEARTS FOUR SPADES TEN,0.681,0.0386,0.2804
CLUBS FIVE HEARTS TEN,0.6916,0.0388,0.2696
HEARTS FOUR SPADES JACK,0.6916,0.0246,0.2838
SPADES JACK DIAMONDS ACE,0.5372,0.004,0.4588
SPADES ACE HEARTS FOUR,0.6544,0.0024,0.3432
SPADES ACE DIAMONDS ACE,0.1926,0.0046,0.8028
CLUBS FIVE HEARTS ACE,0.6544,0.0038,0.3418
CLUBS FIVE HEARTS KING,0.6704,0.0098,0.3198
HEARTS FOUR SPADES QUEEN,0.6868,0.0194,0.2938
SPADES QUEEN DIAMONDS ACE,0.538,0.0036,0.4584
SPADES FOUR CLUBS JACK,0.6922,0.0296,0.2782
CLUBS FIVE HEARTS QUEEN,0.6742,0.0186,0.3072
SPADES KING DIAMONDS ACE,0.5344,0.0042,0.4614
SPADES KING HEARTS FOUR,0.676,0.0112,0.3128
CLUBS TEN SPADES FOUR,0.6898,0.039,0.2712
DIAMONDS ACE DIAMONDS QUEEN,0.504,0.0048,0.4912
DIAMONDS ACE HEARTS TWO,0.6534,0.0044,0.3422
HEARTS FOUR DIAMONDS QUEEN,0.6856,0.0176,0.2968
HEARTS FOUR HEARTS TWO,0.7266,0.078,0.1954
DIAMONDS THREE HEARTS TEN,0.691,0.0396,0.2694
SPADES FOUR CLUBS KING,0.6776,0.0106,0.3118
HEARTS FIVE DIAMONDS QUEEN,0.6854,0.0172,0.2974
HEARTS FIVE HEARTS TWO,0.7194,0.0778,0.2028
DIAMONDS THREE HEARTS JACK,0.6876,0.0292,0.2832
SPADES FOUR CLUBS QUEEN,0.6894,0.0162,0.2944
HEARTS TWO DIAMONDS QUEEN,0.6932,0.0204,0.2864
DIAMONDS KING DIAMONDS QUEEN,0.515,0.0056,0.4794
DIAMONDS KING HEARTS TWO,0.681,0.0102,0.3088
HEARTS THREE DIAMONDS QUEEN,0.6876,0.0178,0.2946
HEARTS THREE HEARTS TWO,0.728,0.0818,0.1902
SPADES FOUR CLUBS ACE,0.653,0.003,0.344
HEARTS TWO CLUBS ACE,0.6548,0.004,0.3412
DIAMONDS QUEEN CLUBS ACE,0.5336,0.0018,0.4646
HEARTS TWO CLUBS QUEEN,0.696,0.0168,0.2872
DIAMONDS QUEEN CLUBS QUEEN,0.1864,0.0674,0.7462
HEARTS TWO CLUBS KING,0.682,0.0104,0.3076
DIAMONDS QUEEN CLUBS KING,0.5362,0.0038,0.46
SPADES EIGHT SPADES FIVE,0.7522,0.0546,0.1932
CLUBS TEN HEARTS TWO,0.69,0.0384,0.2716
CLUBS TEN DIAMONDS QUEEN,0.537,0.0126,0.4504
HEARTS TWO CLUBS JACK,0.6976,0.0282,0.2742
DIAMONDS QUEEN CLUBS JACK,0.5334,0.01,0.4566
SPADES SIX SPADES FIVE,0.7182,0.0744,0.2074
SPADES SEVEN SPADES FIVE,0.7338,0.075,0.1912
DIAMONDS FIVE CLUBS QUEEN,0.6874,0.0172,0.2954
SPADES EIGHT CLUBS ACE,0.6792,0.0032,0.3176
DIAMONDS FIVE CLUBS KING,0.6846,0.0094,0.306
SPADES EIGHT CLUBS KING,0.683,0.0052,0.3118
CLUBS ACE DIAMONDS FIVE,0.646,0.0036,0.3504
SPADES EIGHT CLUBS QUEEN,0.6738,0.0186,0.3076
SPADES EIGHT CLUBS JACK,0.6704,0.026,0.3036
CLUBS TEN SPADES EIGHT,0.6802,0.0376,0.2822
CLUBS TEN DIAMONDS FIVE,0.691,0.04,0.269
DIAMONDS FIVE CLUBS JACK,0.6882,0.027,0.2848
DIAMONDS TEN HEARTS JACK,0.5296,0.0188,0.4516
DIAMONDS TEN HEARTS TEN,0.189,0.1216,0.6894
SPADES ACE CLUBS NINE,0.669,0.0248,0.3062
CLUBS NINE SPADES QUEEN,0.6588,0.0252,0.316
CLUBS NINE SPADES KING,0.663,0.0222,0.3148
HEARTS SIX HEARTS KING,0.6436,0.0096,0.3468
DIAMONDS KING SPADES SEVEN,0.6908,0.0094,0.2998
SPADES SEVEN HEARTS THREE,0.7896,0.0714,0.139
SPADES KING DIAMONDS SEVEN,0.6824,0.01,0.3076
HEARTS SIX HEARTS QUEEN,0.6416,0.0172,0.3412
DIAMONDS KING SPADES SIX,0.671,0.0094,0.3196
HEARTS THREE SPADES SIX,0.777,0.0798,0.1432
SPADES QUEEN DIAMONDS SEVEN,0.6882,0.0178,0.294
HEARTS SIX HEARTS ACE,0.6256,0.0032,0.3712
SPADES EIGHT DIAMONDS KING,0.692,0.0104,0.2976
SPADES EIGHT HEARTS THREE,0.8118,0.0592,0.129
SPADES ACE DIAMONDS SEVEN,0.6676,0.0036,0.3288
CLUBS NINE HEARTS THREE,0.8528,0.0712,0.076
CLUBS NINE DIAMONDS KING,0.6644,0.0228,0.3128
CLUBS EIGHT HEARTS THREE,0.8058,0.0572,0.137
CLUBS EIGHT DIAMONDS KING,0.6782,0.0096,0.3122
HEARTS THREE SPADES THREE,0.6602,0.1424,0.1974
DIAMONDS KING SPADES THREE,0.6824,0.0104,0.3072
HEARTS THREE SPADES TWO,0.7832,0.0794,0.1374
DIAMONDS KING SPADES TWO,0.6846,0.0102,0.3052
HEARTS THREE SPADES FIVE,0.7434,0.091,0.1656
DIAMONDS KING SPADES FIVE,0.6734,0.0098,0.3168
HEARTS THREE SPADES FOUR,0.7534,0.0854,0.1612
DIAMONDS KING SPADES FOUR,0.6836,0.0108,0.3056
DIAMONDS KING CLUBS TWO,0.6872,0.0108,0.302
HEARTS THREE CLUBS TWO,0.7606,0.0876,0.1518
DIAMONDS KING CLUBS THREE,0.6678,0.0088,0.3234
CLUBS THREE HEARTS THREE,0.6464,0.1486,0.205
