opposingHand,winningChance,drawChance,lostChance
SPADES QUEEN CLUBS KING
SPADES TEN HEARTS FIVE,0.6742,0.0064,0.3194
SPADES JACK HEARTS FIVE,0.6824,0.0064,0.3112
SPADES FIVE CLUBS JACK,0.6998,0.0074,0.2928
SPADES FIVE CLUBS TEN,0.6852,0.0052,0.3096
CLUBS EIGHT CLUBS JACK,0.6258,0.0076,0.3666
CLUBS EIGHT CLUBS TEN,0.6108,0.0086,0.3806
SPADES FIVE CLUBS ACE,0.424,0.0052,0.5708
CLUBS EIGHT CLUBS QUEEN,0.7118,0.0276,0.2606
SPADES FIVE CLUBS QUEEN,0.7434,0.0282,0.2284
CLUBS EIGHT CLUBS ACE,0.399,0.0056,0.5954
DIAMONDS TWO DIAMONDS THREE,0.6202,0.0096,0.3702
DIAMONDS TWO DIAMONDS FIVE,0.5984,0.0074,0.3942
SPADES KING HEARTS FIVE,0.6832,0.0648,0.252
DIAMONDS TWO DIAMONDS FOUR,0.6088,0.0068,0.3844
DIAMONDS TWO DIAMONDS SEVEN,0.6402,0.008,0.3518
DIAMONDS TWO DIAMONDS SIX,0.6218,0.0056,0.3726
SPADES ACE HEARTS FIVE,0.4124,0.004,0.5836
DIAMONDS TWO DIAMONDS NINE,0.6166,0.0074,0.376
DIAMONDS TWO DIAMONDS EIGHT,0.6204,0.0072,0.3724
DIAMONDS THREE DIAMONDS FOUR,0.592,0.008,0.4
CLUBS TWO SPADES FOUR,0.6568,0.0098,0.3334
DIAMONDS THREE DIAMONDS FIVE,0.5892,0.0064,0.4044
CLUBS TWO SPADES FIVE,0.656,0.0078,0.3362
CLUBS TWO SPADES TWO,0.4896,0.0072,0.5032
CLUBS TWO SPADES THREE,0.6712,0.008,0.3208
DIAMONDS THREE DIAMONDS EIGHT,0.6282,0.0054,0.3664
SPADES EIGHT CLUBS TWO,0.6892,0.0066,0.3042
DIAMONDS THREE DIAMONDS NINE,0.6202,0.0072,0.3726
SPADES NINE CLUBS TWO,0.6804,0.007,0.3126
DIAMONDS THREE DIAMONDS SIX,0.6072,0.009,0.3838
CLUBS TWO SPADES SIX,0.6636,0.0086,0.3278
DIAMONDS THREE DIAMONDS SEVEN,0.615,0.0062,0.3788
SPADES SEVEN CLUBS TWO,0.6792,0.0102,0.3106
CLUBS SIX CLUBS TWO,0.632,0.008,0.36
CLUBS SEVEN CLUBS TWO,0.634,0.0092,0.3568
CLUBS FOUR CLUBS TWO,0.615,0.0068,0.3782
CLUBS FIVE CLUBS TWO,0.621,0.0056,0.3734
CLUBS JACK CLUBS TEN,0.6132,0.007,0.3798
DIAMONDS FOUR DIAMONDS SIX,0.5952,0.0058,0.399
CLUBS QUEEN CLUBS TEN,0.7024,0.0202,0.2774
DIAMONDS FOUR DIAMONDS SEVEN,0.613,0.0064,0.3806
CLUBS ACE CLUBS TEN,0.3658,0.0054,0.6288
CLUBS EIGHT CLUBS TWO,0.6428,0.0068,0.3504
DIAMONDS FIVE DIAMONDS FOUR,0.5778,0.0068,0.4154
CLUBS NINE CLUBS TWO,0.6418,0.0074,0.3508
DIAMONDS NINE DIAMONDS FOUR,0.6278,0.0046,0.3676
DIAMONDS EIGHT DIAMONDS FOUR,0.6094,0.005,0.3856
CLUBS TWO CLUBS THREE,0.627,0.0086,0.3644
DIAMONDS NINE DIAMONDS FIVE,0.6136,0.0058,0.3806
DIAMONDS TWO CLUBS JACK,0.6894,0.008,0.3026
DIAMONDS EIGHT DIAMONDS FIVE,0.6056,0.008,0.3864
DIAMONDS TWO CLUBS TEN,0.6878,0.0072,0.305
DIAMONDS FIVE DIAMONDS SEVEN,0.5954,0.0058,0.3988
DIAMONDS FIVE DIAMONDS SIX,0.5844,0.0044,0.4112
DIAMONDS TWO CLUBS ACE,0.4206,0.007,0.5724
DIAMONDS TWO CLUBS QUEEN,0.7566,0.0282,0.2152
DIAMONDS EIGHT DIAMONDS SIX,0.5898,0.007,0.4032
DIAMONDS NINE DIAMONDS SIX,0.6022,0.0042,0.3936
HEARTS ACE SPADES THREE,0.4166,0.0064,0.577
HEARTS KING SPADES THREE,0.6952,0.0662,0.2386
DIAMONDS SEVEN DIAMONDS SIX,0.576,0.0036,0.4204
SPADES THREE HEARTS QUEEN,0.757,0.0246,0.2184
SPADES THREE HEARTS JACK,0.6816,0.0082,0.3102
SPADES THREE HEARTS TEN,0.6914,0.0078,0.3008
DIAMONDS EIGHT DIAMONDS SEVEN,0.598,0.0056,0.3964
DIAMONDS NINE DIAMONDS SEVEN,0.601,0.0062,0.3928
DIAMONDS NINE DIAMONDS EIGHT,0.5842,0.0064,0.4094
DIAMONDS KING HEARTS TEN,0.6988,0.0612,0.24
HEARTS THREE HEARTS TEN,0.6292,0.0058,0.365
SPADES JACK CLUBS SIX,0.6918,0.0064,0.3018
DIAMONDS KING HEARTS JACK,0.706,0.0536,0.2404
HEARTS THREE HEARTS JACK,0.6288,0.0076,0.3636
CLUBS SIX SPADES TEN,0.6572,0.0068,0.336
SPADES JACK SPADES FIVE,0.6656,0.0088,0.3256
SPADES TEN SPADES FIVE,0.648,0.0064,0.3456
DIAMONDS KING HEARTS ACE,0.2408,0.0116,0.7476
HEARTS THREE HEARTS ACE,0.3862,0.004,0.6098
SPADES ACE CLUBS SIX,0.4288,0.0038,0.5674
DIAMONDS KING HEARTS QUEEN,0.0228,0.9548,0.0224
HEARTS THREE HEARTS QUEEN,0.6968,0.0262,0.277
SPADES KING CLUBS SIX,0.6874,0.0714,0.2412
DIAMONDS KING HEARTS KING,0.1008,0.0116,0.8876
HEARTS THREE HEARTS KING,0.65,0.0636,0.2864
SPADES NINE HEARTS TEN,0.6294,0.008,0.3626
SPADES NINE HEARTS JACK,0.6554,0.0072,0.3374
SPADES KING SPADES FIVE,0.6596,0.0604,0.28
SPADES ACE SPADES FIVE,0.409,0.0066,0.5844
SPADES NINE HEARTS QUEEN,0.7368,0.0296,0.2336
SPADES NINE HEARTS KING,0.6948,0.0634,0.2418
SPADES NINE HEARTS ACE,0.4212,0.004,0.5748
SPADES JACK CLUBS TEN,0.647,0.0082,0.3448
SPADES TEN CLUBS TEN,0.4518,0.0046,0.5436
SPADES ACE CLUBS TEN,0.399,0.0054,0.5956
SPADES KING CLUBS TEN,0.6906,0.0598,0.2496
SPADES FIVE HEARTS QUEEN,0.7402,0.027,0.2328
SPADES FIVE HEARTS KING,0.7084,0.0588,0.2328
SPADES FIVE HEARTS ACE,0.4236,0.004,0.5724
HEARTS THREE SPADES JACK,0.6864,0.005,0.3086
SPADES JACK DIAMONDS KING,0.7098,0.055,0.2352
CLUBS EIGHT SPADES TEN,0.6526,0.0082,0.3392
CLUBS EIGHT SPADES JACK,0.6684,0.0066,0.325
HEARTS THREE SPADES TEN,0.6778,0.006,0.3162
SPADES TEN DIAMONDS KING,0.6958,0.0588,0.2454
SPADES ACE CLUBS EIGHT,0.425,0.004,0.571
HEARTS FIVE CLUBS JACK,0.6814,0.0084,0.3102
CLUBS SIX HEARTS ACE,0.4294,0.0046,0.566
HEARTS FIVE CLUBS TEN,0.6784,0.0054,0.3162
SPADES THREE CLUBS TEN,0.6896,0.0082,0.3022
CLUBS SIX HEARTS QUEEN,0.7396,0.0272,0.2332
CLUBS EIGHT SPADES KING,0.7106,0.0534,0.236
SPADES THREE CLUBS JACK,0.6798,0.0108,0.3094
CLUBS SIX HEARTS KING,0.701,0.0638,0.2352
DIAMONDS TWO HEARTS JACK,0.6826,0.0072,0.3102
SPADES THREE CLUBS QUEEN,0.761,0.0268,0.2122
DIAMONDS TWO HEARTS TEN,0.6838,0.0066,0.3096
HEARTS FIVE CLUBS ACE,0.4104,0.0058,0.5838
SPADES FIVE HEARTS TEN,0.6892,0.0058,0.305
SPADES THREE CLUBS ACE,0.4072,0.0054,0.5874
SPADES FIVE HEARTS JACK,0.667,0.0076,0.3254
HEARTS FIVE CLUBS QUEEN,0.7434,0.0296,0.227
HEARTS THREE CLUBS QUEEN,0.758,0.0246,0.2174
DIAMONDS KING CLUBS QUEEN,0.0148,0.973,0.0122
HEARTS FIVE HEARTS JACK,0.6282,0.0072,0.3646
HEARTS FIVE HEARTS TEN,0.6232,0.0064,0.3704
HEARTS THREE CLUBS ACE,0.4118,0.0072,0.581
DIAMONDS KING CLUBS ACE,0.2398,0.0102,0.75
SPADES ACE CLUBS QUEEN,0.2472,0.0146,0.7382
SPADES KING CLUBS QUEEN,0.0088,0.9854,0.0058
HEARTS THREE CLUBS JACK,0.6734,0.0084,0.3182
DIAMONDS KING CLUBS JACK,0.7032,0.0668,0.23
HEARTS THREE CLUBS TEN,0.6888,0.0084,0.3028
DIAMONDS KING CLUBS TEN,0.695,0.0608,0.2442
SPADES JACK CLUBS QUEEN,0.741,0.0262,0.2328
CLUBS SIX CLUBS QUEEN,0.7066,0.0288,0.2646
SPADES TEN CLUBS QUEEN,0.7402,0.0262,0.2336
CLUBS SIX CLUBS ACE,0.416,0.0052,0.5788
HEARTS FIVE HEARTS KING,0.65,0.0592,0.2908
HEARTS FIVE HEARTS QUEEN,0.7146,0.0242,0.2612
CLUBS SIX CLUBS TEN,0.6528,0.0068,0.3404
HEARTS FIVE HEARTS ACE,0.3862,0.0056,0.6082
CLUBS SIX CLUBS JACK,0.6474,0.0092,0.3434
SPADES SEVEN HEARTS JACK,0.6714,0.007,0.3216
SPADES SEVEN HEARTS TEN,0.6678,0.0064,0.3258
DIAMONDS TWO CLUBS TWO,0.4722,0.0094,0.5184
DIAMONDS TWO CLUBS THREE,0.647,0.0084,0.3446
HEARTS SIX DIAMONDS TWO,0.6582,0.0042,0.3376
DIAMONDS TWO HEARTS QUEEN,0.7588,0.0258,0.2154
DIAMONDS TWO HEARTS SEVEN,0.6718,0.0052,0.323
DIAMONDS TWO HEARTS KING,0.6964,0.0616,0.242
DIAMONDS TWO HEARTS EIGHT,0.6682,0.006,0.3258
DIAMONDS TWO HEARTS ACE,0.4208,0.0068,0.5724
DIAMONDS TWO HEARTS NINE,0.6752,0.0064,0.3184
DIAMONDS TWO DIAMONDS QUEEN,0.698,0.028,0.274
DIAMONDS TWO HEARTS TWO,0.468,0.0098,0.5222
DIAMONDS TWO DIAMONDS KING,0.6554,0.0604,0.2842
HEARTS THREE DIAMONDS TWO,0.6422,0.0076,0.3502
DIAMONDS TWO DIAMONDS ACE,0.38,0.0068,0.6132
HEARTS FOUR DIAMONDS TWO,0.6532,0.0094,0.3374
DIAMONDS TWO HEARTS FIVE,0.6416,0.0072,0.3512
SPADES SEVEN HEARTS ACE,0.425,0.0044,0.5706
DIAMONDS TWO DIAMONDS TEN,0.64,0.0082,0.3518
SPADES SEVEN HEARTS KING,0.7074,0.0664,0.2262
DIAMONDS TWO DIAMONDS JACK,0.641,0.0068,0.3522
SPADES SEVEN HEARTS QUEEN,0.7476,0.0262,0.2262
DIAMONDS TWO SPADES NINE,0.6762,0.0062,0.3176
DIAMONDS TWO SPADES EIGHT,0.676,0.0054,0.3186
DIAMONDS TWO SPADES SEVEN,0.6632,0.0068,0.33
DIAMONDS TWO SPADES SIX,0.6552,0.0082,0.3366
DIAMONDS TWO SPADES FIVE,0.6552,0.0054,0.3394
DIAMONDS TWO SPADES FOUR,0.6348,0.0078,0.3574
DIAMONDS TWO SPADES THREE,0.646,0.0106,0.3434
DIAMONDS TWO SPADES TWO,0.4858,0.0056,0.5086
CLUBS NINE DIAMONDS TWO,0.6748,0.0074,0.3178
CLUBS EIGHT DIAMONDS TWO,0.6684,0.0062,0.3254
DIAMONDS TWO CLUBS SEVEN,0.6832,0.0078,0.309
CLUBS SIX DIAMONDS TWO,0.662,0.0052,0.3328
DIAMONDS TWO CLUBS FIVE,0.659,0.0072,0.3338
DIAMONDS TWO CLUBS FOUR,0.6468,0.0086,0.3446
CLUBS FOUR SPADES FIVE,0.6286,0.0088,0.3626
CLUBS FOUR SPADES FOUR,0.4844,0.0076,0.508
CLUBS FOUR SPADES THREE,0.6512,0.0084,0.3404
CLUBS FOUR SPADES TWO,0.6604,0.0084,0.3312
SPADES NINE CLUBS FOUR,0.6636,0.0072,0.3292
CLUBS FOUR SPADES EIGHT,0.664,0.0076,0.3284
CLUBS FOUR SPADES SEVEN,0.6548,0.0076,0.3376
CLUBS FOUR SPADES SIX,0.639,0.0086,0.3524
SPADES ACE DIAMONDS SIX,0.4072,0.005,0.5878
SPADES KING DIAMONDS SIX,0.6886,0.0638,0.2476
SPADES TEN DIAMONDS SIX,0.682,0.0062,0.3118
SPADES JACK DIAMONDS SIX,0.6828,0.0074,0.3098
SPADES KING SPADES TWO,0.6682,0.0628,0.269
SPADES ACE SPADES TWO,0.4098,0.0076,0.5826
DIAMONDS JACK CLUBS JACK,0.4252,0.0032,0.5716
DIAMONDS JACK CLUBS TEN,0.6342,0.0074,0.3584
DIAMONDS JACK CLUBS QUEEN,0.732,0.0254,0.2426
DIAMONDS THREE DIAMONDS JACK,0.6278,0.0054,0.3668
DIAMONDS THREE DIAMONDS TEN,0.6262,0.007,0.3668
DIAMONDS JACK CLUBS ACE,0.3952,0.0048,0.6
DIAMONDS THREE DIAMONDS KING,0.6592,0.0614,0.2794
HEARTS THREE DIAMONDS THREE,0.465,0.007,0.528
DIAMONDS THREE DIAMONDS QUEEN,0.6976,0.0316,0.2708
DIAMONDS THREE HEARTS TWO,0.6528,0.007,0.3402
HEARTS FIVE DIAMONDS THREE,0.6278,0.0064,0.3658
DIAMONDS THREE DIAMONDS ACE,0.3898,0.0048,0.6054
HEARTS FOUR DIAMONDS THREE,0.63,0.0048,0.3652
DIAMONDS THREE HEARTS SEVEN,0.6592,0.0086,0.3322
SPADES TEN SPADES NINE,0.612,0.0056,0.3824
HEARTS SIX DIAMONDS THREE,0.6382,0.006,0.3558
SPADES JACK SPADES NINE,0.6028,0.0056,0.3916
DIAMONDS THREE HEARTS NINE,0.6576,0.005,0.3374
HEARTS JACK DIAMONDS FOUR,0.6824,0.0058,0.3118
HEARTS KING HEARTS ACE,0.2338,0.0118,0.7544
SPADES TEN SPADES TWO,0.6518,0.0074,0.3408
DIAMONDS THREE HEARTS EIGHT,0.674,0.0068,0.3192
HEARTS TEN DIAMONDS FOUR,0.6708,0.0066,0.3226
SPADES JACK SPADES TWO,0.6566,0.01,0.3334
HEARTS QUEEN DIAMONDS FOUR,0.7412,0.0226,0.2362
HEARTS KING DIAMONDS FOUR,0.708,0.0662,0.2258
SPADES ACE SPADES NINE,0.3884,0.0064,0.6052
HEARTS ACE DIAMONDS FOUR,0.4192,0.0038,0.577
SPADES KING SPADES NINE,0.6552,0.059,0.2858
DIAMONDS THREE SPADES NINE,0.672,0.008,0.32
DIAMONDS THREE SPADES EIGHT,0.6782,0.0068,0.315
DIAMONDS THREE SPADES SEVEN,0.6572,0.005,0.3378
DIAMONDS THREE SPADES SIX,0.6484,0.0082,0.3434
CLUBS SIX DIAMONDS THREE,0.6576,0.0062,0.3362
CLUBS ACE DIAMONDS FOUR,0.4154,0.005,0.5796
CLUBS SIX CLUBS FIVE,0.603,0.0064,0.3906
CLUBS SEVEN CLUBS FIVE,0.6002,0.0092,0.3906
CLUBS SEVEN DIAMONDS THREE,0.6592,0.0076,0.3332
DIAMONDS THREE CLUBS FOUR,0.634,0.0092,0.3568
CLUBS QUEEN DIAMONDS FOUR,0.7474,0.0264,0.2262
DIAMONDS THREE CLUBS FIVE,0.6456,0.007,0.3474
DIAMONDS THREE CLUBS TWO,0.6546,0.0068,0.3386
DIAMONDS FOUR CLUBS TEN,0.6768,0.0066,0.3166
DIAMONDS THREE CLUBS THREE,0.475,0.0084,0.5166
DIAMONDS FOUR CLUBS JACK,0.679,0.008,0.313
DIAMONDS THREE SPADES FOUR,0.6308,0.0064,0.3628
DIAMONDS THREE SPADES FIVE,0.632,0.0082,0.3598
DIAMONDS THREE SPADES TWO,0.6494,0.0078,0.3428
DIAMONDS THREE SPADES THREE,0.4802,0.0066,0.5132
CLUBS EIGHT DIAMONDS THREE,0.6888,0.0064,0.3048
CLUBS NINE DIAMONDS THREE,0.6734,0.0056,0.321
SPADES SEVEN CLUBS ACE,0.4226,0.0052,0.5722
SPADES SEVEN CLUBS QUEEN,0.7538,0.03,0.2162
CLUBS FIVE SPADES SEVEN,0.6404,0.0086,0.351
SPADES SEVEN CLUBS TEN,0.6546,0.0078,0.3376
CLUBS FIVE SPADES SIX,0.6196,0.0068,0.3736
SPADES SEVEN CLUBS JACK,0.6794,0.0066,0.314
SPADES NINE CLUBS FIVE,0.6646,0.0088,0.3266
SPADES EIGHT CLUBS FIVE,0.6552,0.0068,0.338
CLUBS FIVE SPADES THREE,0.6414,0.0096,0.349
CLUBS FIVE SPADES TWO,0.6576,0.0096,0.3328
CLUBS FIVE SPADES FIVE,0.4694,0.007,0.5236
CLUBS FIVE SPADES FOUR,0.6234,0.0088,0.3678
CLUBS NINE CLUBS FIVE,0.629,0.0106,0.3604
CLUBS EIGHT CLUBS FIVE,0.61,0.0082,0.3818
CLUBS ACE CLUBS QUEEN,0.2414,0.0124,0.7462
DIAMONDS TEN DIAMONDS FOUR,0.6352,0.0084,0.3564
DIAMONDS NINE CLUBS TEN,0.6422,0.007,0.3508
DIAMONDS JACK DIAMONDS FOUR,0.6328,0.0064,0.3608
DIAMONDS NINE CLUBS JACK,0.6438,0.0068,0.3494
SPADES NINE CLUBS JACK,0.6546,0.0086,0.3368
SPADES NINE CLUBS TEN,0.654,0.0084,0.3376
DIAMONDS ACE DIAMONDS FOUR,0.3958,0.005,0.5992
HEARTS FOUR DIAMONDS FOUR,0.4754,0.0088,0.5158
DIAMONDS JACK HEARTS TEN,0.6402,0.0052,0.3546
DIAMONDS TWO SPADES TEN,0.6914,0.008,0.3006
DIAMONDS NINE CLUBS ACE,0.418,0.0046,0.5774
HEARTS FIVE DIAMONDS FOUR,0.6172,0.0084,0.3744
HEARTS JACK DIAMONDS JACK,0.414,0.0046,0.5814
SPADES NINE CLUBS QUEEN,0.7394,0.0266,0.234
SPADES JACK DIAMONDS TWO,0.6898,0.0078,0.3024
DIAMONDS QUEEN DIAMONDS FOUR,0.692,0.0226,0.2854
HEARTS TWO DIAMONDS FOUR,0.6458,0.009,0.3452
DIAMONDS NINE CLUBS QUEEN,0.7338,0.0242,0.242
DIAMONDS KING DIAMONDS FOUR,0.6568,0.0622,0.281
HEARTS THREE DIAMONDS FOUR,0.6426,0.0074,0.35
SPADES NINE CLUBS ACE,0.3996,0.0058,0.5946
HEARTS ACE DIAMONDS JACK,0.4002,0.003,0.5968
SPADES ACE DIAMONDS TWO,0.4046,0.0072,0.5882
DIAMONDS JACK HEARTS QUEEN,0.7306,0.0254,0.244
HEARTS KING DIAMONDS JACK,0.6892,0.0634,0.2474
SPADES KING DIAMONDS TWO,0.6894,0.0676,0.243
SPADES JACK SPADES SEVEN,0.6474,0.008,0.3446
SPADES TEN SPADES SEVEN,0.6292,0.0054,0.3654
CLUBS SEVEN CLUBS THREE,0.6338,0.008,0.3582
CLUBS SIX CLUBS THREE,0.6316,0.0076,0.3608
CLUBS FIVE CLUBS THREE,0.6116,0.0094,0.379
CLUBS FOUR CLUBS THREE,0.6102,0.0066,0.3832
CLUBS NINE CLUBS THREE,0.664,0.006,0.33
CLUBS EIGHT CLUBS THREE,0.6372,0.0076,0.3552
CLUBS THREE SPADES FIVE,0.6402,0.005,0.3548
CLUBS THREE SPADES FOUR,0.6498,0.0082,0.342
CLUBS THREE SPADES THREE,0.4854,0.009,0.5056
CLUBS THREE SPADES TWO,0.6538,0.01,0.3362
SPADES SIX CLUBS THREE,0.6478,0.0084,0.3438
SPADES SEVEN CLUBS THREE,0.6692,0.0068,0.324
SPADES EIGHT CLUBS THREE,0.6802,0.0072,0.3126
SPADES NINE CLUBS THREE,0.6748,0.0056,0.3196
SPADES TWO DIAMONDS FOUR,0.6508,0.0064,0.3428
SPADES THREE DIAMONDS FOUR,0.63,0.0086,0.3614
SPADES FOUR DIAMONDS FOUR,0.4746,0.0068,0.5186
SPADES FIVE DIAMONDS FOUR,0.6136,0.0056,0.3808
SPADES SIX DIAMONDS FOUR,0.648,0.0072,0.3448
SPADES SEVEN DIAMONDS FOUR,0.6518,0.0042,0.344
SPADES EIGHT DIAMONDS FOUR,0.6594,0.0072,0.3334
SPADES NINE DIAMONDS FOUR,0.6744,0.0076,0.318
CLUBS FIVE DIAMONDS FOUR,0.614,0.0062,0.3798
CLUBS FOUR DIAMONDS FOUR,0.4778,0.0056,0.5166
CLUBS SEVEN DIAMONDS FOUR,0.6584,0.0062,0.3354
CLUBS SIX DIAMONDS FOUR,0.641,0.0064,0.3526
CLUBS NINE DIAMONDS FOUR,0.6754,0.0068,0.3178
CLUBS EIGHT DIAMONDS FOUR,0.664,0.0062,0.3298
DIAMONDS FOUR HEARTS SEVEN,0.6426,0.0056,0.3518
HEARTS SIX DIAMONDS FOUR,0.626,0.0062,0.3678
HEARTS NINE DIAMONDS FOUR,0.6692,0.0074,0.3234
DIAMONDS FOUR HEARTS EIGHT,0.6446,0.004,0.3514
CLUBS THREE DIAMONDS FOUR,0.633,0.008,0.359
CLUBS TWO DIAMONDS FOUR,0.6462,0.0092,0.3446
DIAMONDS TEN DIAMONDS FIVE,0.6276,0.0076,0.3648
DIAMONDS JACK DIAMONDS FIVE,0.6418,0.0068,0.3514
DIAMONDS NINE HEARTS QUEEN,0.7442,0.0234,0.2324
HEARTS KING DIAMONDS NINE,0.7024,0.0634,0.2342
DIAMONDS NINE HEARTS ACE,0.4194,0.0028,0.5778
DIAMONDS NINE HEARTS TEN,0.638,0.0056,0.3564
DIAMONDS NINE HEARTS JACK,0.647,0.007,0.346
CLUBS QUEEN DIAMONDS SIX,0.7392,0.0262,0.2346
CLUBS ACE DIAMONDS SIX,0.434,0.0054,0.5606
SPADES KING DIAMONDS FOUR,0.678,0.07,0.252
SPADES ACE SPADES SEVEN,0.4062,0.0062,0.5876
CLUBS JACK DIAMONDS SIX,0.684,0.0078,0.3082
SPADES KING SPADES SEVEN,0.6672,0.064,0.2688
SPADES ACE DIAMONDS FOUR,0.4068,0.0046,0.5886
CLUBS TEN DIAMONDS SIX,0.6682,0.0056,0.3262
CLUBS NINE CLUBS FOUR,0.639,0.007,0.354
CLUBS EIGHT CLUBS FOUR,0.6388,0.007,0.3542
SPADES JACK DIAMONDS FOUR,0.6888,0.0068,0.3044
SPADES TEN DIAMONDS FOUR,0.6814,0.0054,0.3132
CLUBS FOUR CLUBS FIVE,0.587,0.0058,0.4072
CLUBS SEVEN CLUBS FOUR,0.623,0.006,0.371
CLUBS SIX CLUBS FOUR,0.6034,0.0064,0.3902
CLUBS SEVEN SPADES EIGHT,0.6464,0.0076,0.346
CLUBS SEVEN SPADES NINE,0.6396,0.006,0.3544
CLUBS SEVEN SPADES SIX,0.6304,0.0072,0.3624
CLUBS SEVEN SPADES SEVEN,0.4678,0.0068,0.5254
CLUBS SEVEN SPADES FIVE,0.6488,0.008,0.3432
CLUBS SEVEN SPADES FOUR,0.6518,0.0062,0.342
CLUBS SEVEN SPADES THREE,0.6702,0.0106,0.3192
CLUBS SEVEN SPADES TWO,0.6786,0.0068,0.3146
CLUBS NINE CLUBS SEVEN,0.6264,0.0066,0.367
CLUBS EIGHT CLUBS SEVEN,0.6058,0.0092,0.385
HEARTS SIX DIAMONDS FIVE,0.6192,0.006,0.3748
DIAMONDS FIVE HEARTS SEVEN,0.6248,0.0078,0.3674
DIAMONDS FIVE HEARTS EIGHT,0.6316,0.0058,0.3626
HEARTS NINE DIAMONDS FIVE,0.6512,0.0062,0.3426
DIAMONDS QUEEN DIAMONDS FIVE,0.6922,0.0244,0.2834
HEARTS TWO DIAMONDS FIVE,0.6404,0.0066,0.353
HEARTS KING HEARTS EIGHT,0.6512,0.057,0.2918
DIAMONDS KING DIAMONDS FIVE,0.6516,0.0558,0.2926
HEARTS THREE DIAMONDS FIVE,0.629,0.0066,0.3644
HEARTS QUEEN HEARTS EIGHT,0.698,0.0272,0.2748
DIAMONDS ACE DIAMONDS FIVE,0.3926,0.0044,0.603
HEARTS FOUR DIAMONDS FIVE,0.6252,0.0066,0.3682
HEARTS FIVE DIAMONDS FIVE,0.4698,0.0062,0.524
HEARTS ACE HEARTS EIGHT,0.3964,0.0048,0.5988
CLUBS FOUR DIAMONDS FIVE,0.6238,0.008,0.3682
CLUBS FIVE DIAMONDS FIVE,0.4808,0.0066,0.5126
CLUBS SIX DIAMONDS FIVE,0.6212,0.0062,0.3726
CLUBS SEVEN DIAMONDS FIVE,0.6256,0.0068,0.3676
CLUBS TWO DIAMONDS FIVE,0.6568,0.0084,0.3348
CLUBS THREE DIAMONDS FIVE,0.6376,0.0088,0.3536
SPADES THREE DIAMONDS FIVE,0.6366,0.0062,0.3572
SPADES TWO DIAMONDS FIVE,0.6552,0.0054,0.3394
SPADES JACK DIAMONDS EIGHT,0.6548,0.008,0.3372
SPADES FIVE DIAMONDS FIVE,0.4804,0.0086,0.511
HEARTS JACK CLUBS TEN,0.6392,0.0064,0.3544
SPADES TEN DIAMONDS EIGHT,0.6604,0.0086,0.331
SPADES FOUR DIAMONDS FIVE,0.622,0.0066,0.3714
HEARTS JACK CLUBS JACK,0.4536,0.0042,0.5422
HEARTS JACK CLUBS QUEEN,0.7342,0.0232,0.2426
CLUBS NINE DIAMONDS FIVE,0.651,0.0064,0.3426
CLUBS EIGHT DIAMONDS FIVE,0.6406,0.0066,0.3528
HEARTS JACK CLUBS ACE,0.4062,0.0064,0.5874
SPADES SEVEN DIAMONDS FIVE,0.6328,0.006,0.3612
SPADES KING DIAMONDS EIGHT,0.7078,0.0618,0.2304
SPADES SIX DIAMONDS FIVE,0.6228,0.0068,0.3704
SPADES NINE DIAMONDS FIVE,0.6524,0.0056,0.342
SPADES EIGHT DIAMONDS FIVE,0.644,0.0094,0.3466
SPADES ACE DIAMONDS EIGHT,0.4164,0.0052,0.5784
DIAMONDS TEN DIAMONDS SIX,0.6284,0.006,0.3656
HEARTS ACE DIAMONDS SEVEN,0.4266,0.0044,0.569
DIAMONDS JACK DIAMONDS SIX,0.6324,0.0052,0.3624
HEARTS QUEEN DIAMONDS SEVEN,0.7432,0.0278,0.229
HEARTS KING DIAMONDS SEVEN,0.6894,0.0608,0.2498
DIAMONDS ACE DIAMONDS SIX,0.3926,0.0042,0.6032
HEARTS FOUR DIAMONDS SIX,0.6408,0.0042,0.355
HEARTS JACK SPADES TWO,0.684,0.0086,0.3074
HEARTS FIVE DIAMONDS SIX,0.6202,0.0074,0.3724
SPADES TWO HEARTS TEN,0.685,0.0054,0.3096
DIAMONDS QUEEN DIAMONDS SIX,0.6978,0.0238,0.2784
HEARTS TWO DIAMONDS SIX,0.6704,0.0062,0.3234
DIAMONDS KING DIAMONDS SIX,0.6412,0.0614,0.2974
HEARTS THREE DIAMONDS SIX,0.6472,0.0048,0.348
HEARTS EIGHT DIAMONDS SIX,0.6362,0.0048,0.359
HEARTS NINE DIAMONDS SIX,0.6542,0.0048,0.341
HEARTS SIX DIAMONDS SIX,0.466,0.004,0.53
HEARTS SEVEN DIAMONDS SIX,0.6246,0.0048,0.3706
HEARTS TEN DIAMONDS SEVEN,0.6508,0.0062,0.343
CLUBS TWO DIAMONDS SIX,0.6606,0.007,0.3324
HEARTS JACK DIAMONDS SEVEN,0.6634,0.0044,0.3322
CLUBS THREE DIAMONDS SIX,0.6318,0.0076,0.3606
DIAMONDS EIGHT CLUBS JACK,0.6616,0.0048,0.3336
CLUBS SEVEN DIAMONDS SIX,0.6222,0.006,0.3718
CLUBS SIX DIAMONDS SIX,0.486,0.0064,0.5076
DIAMONDS EIGHT CLUBS TEN,0.645,0.005,0.35
CLUBS FIVE DIAMONDS SIX,0.6154,0.0058,0.3788
CLUBS FOUR DIAMONDS SIX,0.632,0.0066,0.3614
HEARTS ACE HEARTS JACK,0.3812,0.002,0.6168
DIAMONDS EIGHT CLUBS ACE,0.4232,0.0038,0.573
HEARTS JACK HEARTS QUEEN,0.6796,0.0262,0.2942
CLUBS NINE DIAMONDS SIX,0.65,0.008,0.342
HEARTS KING HEARTS JACK,0.659,0.057,0.284
DIAMONDS EIGHT CLUBS QUEEN,0.7498,0.0268,0.2234
CLUBS EIGHT DIAMONDS SIX,0.6412,0.0048,0.354
SPADES TEN HEARTS KING,0.7014,0.0576,0.241
SPADES FIVE DIAMONDS SIX,0.6296,0.008,0.3624
HEARTS ACE SPADES TWO,0.4266,0.0032,0.5702
SPADES JACK HEARTS KING,0.7006,0.0614,0.238
SPADES FOUR DIAMONDS SIX,0.6412,0.0084,0.3504
SPADES THREE DIAMONDS SIX,0.641,0.0092,0.3498
SPADES TWO HEARTS QUEEN,0.7676,0.0276,0.2048
SPADES ACE SPADES KING,0.2306,0.011,0.7584
HEARTS KING SPADES TWO,0.7034,0.0686,0.228
SPADES TWO DIAMONDS SIX,0.6628,0.0056,0.3316
HEARTS TEN HEARTS EIGHT,0.605,0.0052,0.3898
SPADES NINE DIAMONDS SIX,0.6486,0.0064,0.345
HEARTS JACK HEARTS EIGHT,0.605,0.0072,0.3878
SPADES EIGHT DIAMONDS SIX,0.6326,0.0058,0.3616
SPADES SEVEN DIAMONDS SIX,0.6262,0.0064,0.3674
SPADES SIX DIAMONDS SIX,0.4722,0.0068,0.521
SPADES KING HEARTS KING,0.0858,0.0114,0.9028
SPADES ACE HEARTS KING,0.231,0.0124,0.7566
SPADES ACE HEARTS JACK,0.3952,0.0046,0.6002
SPADES KING HEARTS JACK,0.6868,0.0626,0.2506
SPADES TEN DIAMONDS TEN,0.431,0.0064,0.5626
SPADES JACK DIAMONDS TEN,0.6382,0.0042,0.3576
SPADES ACE DIAMONDS TEN,0.3966,0.0042,0.5992
SPADES JACK HEARTS JACK,0.4236,0.0028,0.5736
SPADES TEN HEARTS JACK,0.6466,0.0078,0.3456
SPADES KING DIAMONDS TEN,0.6874,0.0682,0.2444
SPADES NINE DIAMONDS SEVEN,0.636,0.0068,0.3572
SPADES EIGHT DIAMONDS SEVEN,0.6418,0.0048,0.3534
SPADES SEVEN DIAMONDS SEVEN,0.4702,0.007,0.5228
SPADES SIX DIAMONDS SEVEN,0.6282,0.0068,0.365
DIAMONDS KING DIAMONDS SEVEN,0.6438,0.0636,0.2926
HEARTS THREE DIAMONDS SEVEN,0.6566,0.006,0.3374
HEARTS KING DIAMONDS FIVE,0.6846,0.0632,0.2522
DIAMONDS QUEEN DIAMONDS SEVEN,0.6896,0.0256,0.2848
HEARTS TWO DIAMONDS SEVEN,0.663,0.007,0.33
HEARTS QUEEN DIAMONDS FIVE,0.7322,0.0222,0.2456
HEARTS FIVE DIAMONDS SEVEN,0.63,0.007,0.363
DIAMONDS ACE DIAMONDS SEVEN,0.3932,0.0038,0.603
HEARTS FOUR DIAMONDS SEVEN,0.6446,0.0066,0.3488
HEARTS ACE DIAMONDS FIVE,0.4116,0.0048,0.5836
HEARTS SEVEN DIAMONDS SEVEN,0.459,0.0054,0.5356
HEARTS SIX DIAMONDS SEVEN,0.6258,0.0056,0.3686
HEARTS NINE DIAMONDS SEVEN,0.6254,0.006,0.3686
DIAMONDS SEVEN HEARTS EIGHT,0.648,0.005,0.347
DIAMONDS JACK DIAMONDS SEVEN,0.6066,0.0066,0.3868
HEARTS JACK DIAMONDS FIVE,0.6764,0.0078,0.3158
DIAMONDS TEN DIAMONDS SEVEN,0.6168,0.0052,0.378
DIAMONDS FIVE HEARTS TEN,0.6792,0.0084,0.3124
SPADES KING CLUBS TWO,0.7146,0.0654,0.22
CLUBS EIGHT DIAMONDS SEVEN,0.6422,0.0058,0.352
HEARTS KING CLUBS QUEEN,0.0176,0.9702,0.0122
CLUBS NINE DIAMONDS SEVEN,0.6372,0.007,0.3558
SPADES TWO CLUBS JACK,0.6896,0.0092,0.3012
SPADES ACE CLUBS TWO,0.4268,0.0058,0.5674
SPADES TWO CLUBS TEN,0.6808,0.0066,0.3126
HEARTS KING CLUBS ACE,0.2342,0.0108,0.755
CLUBS SIX CLUBS SEVEN,0.5828,0.0052,0.412
SPADES TWO DIAMONDS SEVEN,0.6784,0.0094,0.3122
CLUBS EIGHT CLUBS SIX,0.6142,0.0058,0.38
SPADES THREE DIAMONDS SEVEN,0.664,0.0084,0.3276
SPADES TWO CLUBS QUEEN,0.7658,0.028,0.2062
CLUBS NINE CLUBS SIX,0.637,0.007,0.356
SPADES FOUR DIAMONDS SEVEN,0.641,0.0066,0.3524
HEARTS KING CLUBS JACK,0.694,0.0662,0.2398
SPADES FIVE DIAMONDS SEVEN,0.6438,0.008,0.3482
SPADES TWO CLUBS ACE,0.4228,0.006,0.5712
HEARTS KING CLUBS TEN,0.6998,0.0604,0.2398
CLUBS SIX SPADES TWO,0.6726,0.0072,0.3202
CLUBS SIX SPADES THREE,0.6498,0.0076,0.3426
CLUBS TWO DIAMONDS SEVEN,0.6746,0.0068,0.3186
CLUBS SIX SPADES FOUR,0.6414,0.0076,0.351
CLUBS THREE DIAMONDS SEVEN,0.6612,0.0058,0.333
CLUBS SIX SPADES FIVE,0.6344,0.0052,0.3604
CLUBS FOUR DIAMONDS SEVEN,0.6378,0.0064,0.3558
CLUBS SIX SPADES SIX,0.4836,0.0096,0.5068
CLUBS FIVE DIAMONDS SEVEN,0.6238,0.0058,0.3704
CLUBS SIX SPADES SEVEN,0.6304,0.0064,0.3632
CLUBS SIX DIAMONDS SEVEN,0.6166,0.0062,0.3772
CLUBS SIX SPADES EIGHT,0.6336,0.0058,0.3606
SPADES JACK CLUBS TWO,0.6866,0.0084,0.305
CLUBS SIX SPADES NINE,0.653,0.0078,0.3392
SPADES TEN CLUBS TWO,0.6952,0.0074,0.2974
CLUBS SEVEN DIAMONDS SEVEN,0.4702,0.0044,0.5254
CLUBS TWO CLUBS QUEEN,0.7204,0.0286,0.251
CLUBS THREE DIAMONDS EIGHT,0.6764,0.0058,0.3178
CLUBS TWO CLUBS ACE,0.3842,0.0046,0.6112
CLUBS TWO DIAMONDS EIGHT,0.6784,0.007,0.3146
DIAMONDS EIGHT HEARTS SEVEN,0.6324,0.0058,0.3618
HEARTS SIX DIAMONDS EIGHT,0.6308,0.005,0.3642
DIAMONDS EIGHT HEARTS NINE,0.6294,0.006,0.3646
CLUBS TWO CLUBS TEN,0.6588,0.0066,0.3346
DIAMONDS EIGHT HEARTS EIGHT,0.4696,0.0054,0.525
CLUBS TWO CLUBS JACK,0.6656,0.0102,0.3242
CLUBS NINE DIAMONDS EIGHT,0.6428,0.0042,0.353
CLUBS EIGHT DIAMONDS EIGHT,0.4692,0.007,0.5238
CLUBS FIVE DIAMONDS EIGHT,0.6316,0.0066,0.3618
SPADES ACE SPADES THREE,0.398,0.005,0.597
CLUBS FOUR DIAMONDS EIGHT,0.6684,0.0046,0.327
CLUBS SEVEN DIAMONDS EIGHT,0.639,0.0046,0.3564
CLUBS SIX DIAMONDS EIGHT,0.6256,0.0062,0.3682
SPADES KING SPADES THREE,0.6678,0.0648,0.2674
DIAMONDS QUEEN DIAMONDS EIGHT,0.6988,0.023,0.2782
HEARTS TWO DIAMONDS EIGHT,0.6572,0.0064,0.3364
DIAMONDS KING DIAMONDS EIGHT,0.6636,0.0572,0.2792
HEARTS THREE DIAMONDS EIGHT,0.6794,0.0056,0.315
DIAMONDS ACE DIAMONDS EIGHT,0.4,0.0042,0.5958
HEARTS FOUR DIAMONDS EIGHT,0.6634,0.006,0.3306
HEARTS FIVE DIAMONDS EIGHT,0.6366,0.007,0.3564
DIAMONDS EIGHT DIAMONDS TEN,0.6106,0.0056,0.3838
DIAMONDS EIGHT DIAMONDS JACK,0.6184,0.0072,0.3744
SPADES JACK SPADES THREE,0.6454,0.0074,0.3472
SPADES TEN SPADES THREE,0.6598,0.0092,0.331
CLUBS FOUR HEARTS ACE,0.417,0.0048,0.5782
CLUBS FOUR HEARTS QUEEN,0.7524,0.0242,0.2234
CLUBS FOUR HEARTS KING,0.7064,0.0626,0.231
CLUBS SIX HEARTS TEN,0.6696,0.0064,0.324
CLUBS SIX HEARTS JACK,0.685,0.005,0.31
SPADES FOUR DIAMONDS EIGHT,0.6582,0.0062,0.3356
SPADES FIVE DIAMONDS EIGHT,0.639,0.0074,0.3536
DIAMONDS EIGHT SPADES TWO,0.6784,0.0072,0.3144
DIAMONDS EIGHT SPADES THREE,0.6798,0.0038,0.3164
CLUBS FOUR HEARTS JACK,0.6726,0.0084,0.319
SPADES EIGHT DIAMONDS EIGHT,0.4666,0.0038,0.5296
SPADES JACK HEARTS EIGHT,0.6688,0.007,0.3242
SPADES TEN HEARTS TWO,0.6928,0.0082,0.299
SPADES TEN DIAMONDS QUEEN,0.7282,0.0264,0.2454
CLUBS FOUR HEARTS TEN,0.6656,0.008,0.3264
SPADES NINE DIAMONDS EIGHT,0.6344,0.0072,0.3584
SPADES JACK HEARTS TWO,0.6948,0.008,0.2972
SPADES JACK DIAMONDS QUEEN,0.7402,0.022,0.2378
SPADES TEN HEARTS EIGHT,0.64,0.0078,0.3522
SPADES SIX DIAMONDS EIGHT,0.626,0.006,0.368
SPADES SEVEN DIAMONDS EIGHT,0.646,0.0066,0.3474
SPADES ACE HEARTS TWO,0.404,0.007,0.589
SPADES ACE DIAMONDS QUEEN,0.2548,0.0132,0.732
SPADES ACE HEARTS EIGHT,0.4338,0.004,0.5622
SPADES KING HEARTS EIGHT,0.7036,0.0602,0.2362
SPADES KING DIAMONDS QUEEN,0.0094,0.9758,0.0148
SPADES KING HEARTS TWO,0.6876,0.0664,0.246
CLUBS TWO HEARTS TEN,0.6848,0.0062,0.309
CLUBS TWO HEARTS JACK,0.6966,0.0074,0.296
SPADES SEVEN DIAMONDS NINE,0.6446,0.0052,0.3502
SPADES SIX DIAMONDS NINE,0.6526,0.0096,0.3378
SPADES NINE DIAMONDS NINE,0.4572,0.0044,0.5384
SPADES EIGHT DIAMONDS NINE,0.6276,0.0058,0.3666
DIAMONDS NINE SPADES THREE,0.658,0.0054,0.3366
DIAMONDS NINE SPADES TWO,0.6674,0.0082,0.3244
SPADES FIVE DIAMONDS NINE,0.66,0.0062,0.3338
DIAMONDS NINE SPADES FOUR,0.6774,0.0066,0.316
CLUBS NINE DIAMONDS NINE,0.4508,0.005,0.5442
CLUBS EIGHT DIAMONDS NINE,0.6456,0.0064,0.348
CLUBS SIX DIAMONDS NINE,0.6502,0.0074,0.3424
SPADES JACK CLUBS FOUR,0.6862,0.0084,0.3054
SPADES TEN CLUBS FOUR,0.6884,0.0094,0.3022
CLUBS SEVEN DIAMONDS NINE,0.6486,0.0066,0.3448
CLUBS FOUR DIAMONDS NINE,0.6666,0.0076,0.3258
CLUBS FIVE DIAMONDS NINE,0.6528,0.0088,0.3384
CLUBS TWO DIAMONDS NINE,0.6744,0.0056,0.32
CLUBS THREE DIAMONDS NINE,0.6754,0.007,0.3176
DIAMONDS NINE HEARTS EIGHT,0.631,0.0052,0.3638
DIAMONDS NINE HEARTS NINE,0.4476,0.0026,0.5498
HEARTS SIX DIAMONDS NINE,0.6316,0.005,0.3634
DIAMONDS NINE HEARTS SEVEN,0.6322,0.0056,0.3622
CLUBS EIGHT CLUBS NINE,0.6002,0.0068,0.393
DIAMONDS ACE DIAMONDS NINE,0.3908,0.004,0.6052
HEARTS FOUR DIAMONDS NINE,0.6744,0.0058,0.3198
HEARTS FIVE DIAMONDS NINE,0.6662,0.0078,0.326
CLUBS TWO HEARTS ACE,0.4262,0.0056,0.5682
SPADES ACE CLUBS FOUR,0.4066,0.005,0.5884
DIAMONDS QUEEN DIAMONDS NINE,0.6902,0.0246,0.2852
HEARTS TWO DIAMONDS NINE,0.6788,0.0072,0.314
CLUBS TWO HEARTS KING,0.7168,0.0642,0.219
SPADES KING CLUBS FOUR,0.6964,0.0654,0.2382
DIAMONDS KING DIAMONDS NINE,0.6476,0.0556,0.2968
HEARTS THREE DIAMONDS NINE,0.669,0.0054,0.3256
CLUBS TWO HEARTS QUEEN,0.7506,0.0286,0.2208
DIAMONDS NINE DIAMONDS JACK,0.6048,0.0054,0.3898
CLUBS EIGHT SPADES NINE,0.6486,0.007,0.3444
DIAMONDS NINE DIAMONDS TEN,0.6022,0.0072,0.3906
CLUBS EIGHT SPADES EIGHT,0.48,0.0064,0.5136
CLUBS EIGHT SPADES SEVEN,0.6394,0.0074,0.3532
CLUBS EIGHT SPADES SIX,0.6414,0.0052,0.3534
CLUBS EIGHT SPADES FIVE,0.6562,0.0072,0.3366
CLUBS EIGHT SPADES FOUR,0.6538,0.0076,0.3386
CLUBS EIGHT SPADES THREE,0.6728,0.0066,0.3206
CLUBS EIGHT SPADES TWO,0.6796,0.0074,0.313
HEARTS SIX DIAMONDS TEN,0.6732,0.0064,0.3204
DIAMONDS TEN HEARTS SEVEN,0.6536,0.0046,0.3418
DIAMONDS TEN HEARTS EIGHT,0.6448,0.0062,0.349
CLUBS FOUR CLUBS JACK,0.6524,0.0042,0.3434
DIAMONDS TEN HEARTS NINE,0.6366,0.0076,0.3558
CLUBS FOUR CLUBS TEN,0.6546,0.0046,0.3408
CLUBS FOUR CLUBS QUEEN,0.7102,0.0302,0.2596
CLUBS TWO DIAMONDS TEN,0.6952,0.0054,0.2994
CLUBS THREE DIAMONDS TEN,0.6832,0.0084,0.3084
CLUBS FOUR CLUBS ACE,0.4004,0.006,0.5936
DIAMONDS JACK DIAMONDS TEN,0.6038,0.0056,0.3906
DIAMONDS QUEEN DIAMONDS TEN,0.6918,0.0248,0.2834
HEARTS TWO DIAMONDS TEN,0.6732,0.0074,0.3194
DIAMONDS KING DIAMONDS TEN,0.6588,0.057,0.2842
HEARTS THREE DIAMONDS TEN,0.677,0.0078,0.3152
DIAMONDS ACE DIAMONDS TEN,0.3874,0.0044,0.6082
HEARTS FOUR DIAMONDS TEN,0.6692,0.0082,0.3226
CLUBS EIGHT HEARTS JACK,0.6516,0.0076,0.3408
HEARTS FIVE DIAMONDS TEN,0.6676,0.0068,0.3256
CLUBS EIGHT HEARTS TEN,0.6448,0.0078,0.3474
CLUBS EIGHT HEARTS QUEEN,0.7474,0.0296,0.223
CLUBS EIGHT HEARTS KING,0.7052,0.0716,0.2232
CLUBS EIGHT HEARTS ACE,0.4258,0.0032,0.571
CLUBS NINE SPADES THREE,0.672,0.007,0.321
CLUBS NINE SPADES TWO,0.6828,0.0106,0.3066
CLUBS NINE SPADES FIVE,0.6566,0.0072,0.3362
CLUBS NINE SPADES FOUR,0.6834,0.0086,0.308
CLUBS NINE SPADES SEVEN,0.654,0.0082,0.3378
CLUBS NINE SPADES SIX,0.6564,0.0078,0.3358
CLUBS NINE SPADES NINE,0.4562,0.0032,0.5406
CLUBS TEN HEARTS EIGHT,0.6494,0.0064,0.3442
CLUBS NINE SPADES EIGHT,0.6362,0.0078,0.356
CLUBS JACK HEARTS EIGHT,0.6628,0.0064,0.3308
CLUBS QUEEN HEARTS EIGHT,0.7392,0.0312,0.2296
CLUBS ACE HEARTS EIGHT,0.4182,0.0042,0.5776
DIAMONDS ACE HEARTS TEN,0.4042,0.0046,0.5912
HEARTS FOUR HEARTS TEN,0.6264,0.0056,0.368
DIAMONDS ACE HEARTS JACK,0.4,0.0028,0.5972
HEARTS FOUR HEARTS JACK,0.64,0.0072,0.3528
SPADES KING CLUBS FIVE,0.6958,0.0682,0.236
SPADES ACE CLUBS FIVE,0.4292,0.007,0.5638
DIAMONDS JACK HEARTS SEVEN,0.6716,0.0072,0.3212
HEARTS SIX DIAMONDS JACK,0.673,0.006,0.321
DIAMONDS JACK HEARTS NINE,0.6412,0.0056,0.3532
DIAMONDS JACK HEARTS EIGHT,0.6624,0.0056,0.332
DIAMONDS KING DIAMONDS JACK,0.656,0.0602,0.2838
HEARTS THREE DIAMONDS JACK,0.6878,0.008,0.3042
SPADES ACE SPADES SIX,0.3952,0.0056,0.5992
SPADES FOUR HEARTS ACE,0.4172,0.0056,0.5772
DIAMONDS QUEEN DIAMONDS JACK,0.684,0.0238,0.2922
HEARTS TWO DIAMONDS JACK,0.6862,0.0088,0.305
HEARTS FIVE DIAMONDS JACK,0.676,0.0058,0.3182
SPADES FOUR HEARTS QUEEN,0.7426,0.028,0.2294
DIAMONDS ACE DIAMONDS JACK,0.372,0.0046,0.6234
HEARTS FOUR DIAMONDS JACK,0.6792,0.006,0.3148
SPADES KING SPADES SIX,0.6604,0.0588,0.2808
HEARTS KING SPADES FOUR,0.6998,0.0634,0.2368
SPADES TEN SPADES SIX,0.6502,0.007,0.3428
SPADES JACK SPADES SIX,0.6616,0.007,0.3314
SPADES FOUR DIAMONDS JACK,0.6828,0.0058,0.3114
SPADES FIVE DIAMONDS JACK,0.683,0.0082,0.3088
DIAMONDS JACK SPADES TWO,0.6776,0.0052,0.3172
SPADES THREE DIAMONDS JACK,0.6908,0.0066,0.3026
SPADES ACE DIAMONDS THREE,0.4084,0.0046,0.587
CLUBS EIGHT DIAMONDS JACK,0.6698,0.0088,0.3214
SPADES KING DIAMONDS THREE,0.694,0.0672,0.2388
CLUBS NINE DIAMONDS JACK,0.6628,0.0068,0.3304
CLUBS SIX DIAMONDS JACK,0.6776,0.006,0.3164
CLUBS SEVEN DIAMONDS JACK,0.6734,0.0068,0.3198
CLUBS FOUR DIAMONDS JACK,0.669,0.0072,0.3238
CLUBS FIVE DIAMONDS JACK,0.6688,0.0058,0.3254
CLUBS TWO DIAMONDS JACK,0.6836,0.0068,0.3096
CLUBS THREE DIAMONDS JACK,0.6874,0.0064,0.3062
SPADES JACK HEARTS SIX,0.6834,0.0068,0.3098
SPADES TEN CLUBS FIVE,0.6882,0.0066,0.3052
SPADES JACK CLUBS FIVE,0.6934,0.0056,0.301
HEARTS SIX SPADES TEN,0.673,0.0092,0.3178
SPADES JACK DIAMONDS THREE,0.6754,0.008,0.3166
CLUBS SEVEN CLUBS ACE,0.403,0.006,0.591
SPADES TEN DIAMONDS THREE,0.6854,0.0054,0.3092
CLUBS SEVEN CLUBS QUEEN,0.6996,0.0262,0.2742
SPADES NINE DIAMONDS JACK,0.6594,0.0062,0.3344
CLUBS SEVEN CLUBS TEN,0.6192,0.008,0.3728
DIAMONDS ACE HEARTS ACE,0.1328,0.0028,0.8644
HEARTS FOUR HEARTS ACE,0.3994,0.004,0.5966
SPADES EIGHT DIAMONDS JACK,0.6708,0.007,0.3222
SPADES ACE HEARTS SIX,0.4122,0.0038,0.584
CLUBS SEVEN CLUBS JACK,0.6298,0.0066,0.3636
DIAMONDS ACE HEARTS KING,0.2526,0.0118,0.7356
HEARTS FOUR HEARTS KING,0.6418,0.0634,0.2948
SPADES SEVEN DIAMONDS JACK,0.6624,0.008,0.3296
SPADES KING HEARTS SIX,0.6928,0.0666,0.2406
DIAMONDS ACE HEARTS QUEEN,0.2588,0.012,0.7292
HEARTS FOUR HEARTS QUEEN,0.7004,0.0248,0.2748
SPADES SIX DIAMONDS JACK,0.6678,0.0076,0.3246
SPADES TWO DIAMONDS TEN,0.6892,0.0102,0.3006
SPADES THREE DIAMONDS TEN,0.694,0.007,0.299
SPADES FOUR DIAMONDS TEN,0.6762,0.0078,0.316
SPADES FIVE DIAMONDS TEN,0.683,0.0072,0.3098
SPADES SIX DIAMONDS TEN,0.661,0.0054,0.3336
SPADES SEVEN DIAMONDS TEN,0.6546,0.0072,0.3382
SPADES EIGHT DIAMONDS TEN,0.6606,0.0056,0.3338
SPADES NINE DIAMONDS TEN,0.6488,0.006,0.3452
CLUBS FOUR DIAMONDS TEN,0.6778,0.0072,0.315
CLUBS FIVE DIAMONDS TEN,0.679,0.006,0.315
CLUBS SIX DIAMONDS TEN,0.667,0.0054,0.3276
CLUBS SEVEN DIAMONDS TEN,0.6676,0.0058,0.3266
CLUBS EIGHT DIAMONDS TEN,0.6394,0.0084,0.3522
CLUBS NINE DIAMONDS TEN,0.6328,0.0096,0.3576
DIAMONDS THREE CLUBS JACK,0.687,0.007,0.306
DIAMONDS THREE CLUBS TEN,0.677,0.0072,0.3158
DIAMONDS THREE CLUBS QUEEN,0.7524,0.029,0.2186
DIAMONDS THREE CLUBS ACE,0.4074,0.0054,0.5872
SPADES FOUR HEARTS JACK,0.6844,0.008,0.3076
SPADES FOUR HEARTS TEN,0.6668,0.0072,0.326
SPADES FIVE SPADES TWO,0.6066,0.0092,0.3842
SPADES FOUR SPADES TWO,0.6346,0.0076,0.3578
SPADES THREE SPADES TWO,0.6208,0.0072,0.372
SPADES NINE SPADES TWO,0.6492,0.0102,0.3406
SPADES EIGHT SPADES TWO,0.6484,0.008,0.3436
SPADES SEVEN SPADES TWO,0.6384,0.007,0.3546
SPADES SIX SPADES TWO,0.614,0.0102,0.3758
DIAMONDS QUEEN CLUBS THREE,0.7428,0.0294,0.2278
HEARTS TWO CLUBS THREE,0.6614,0.0094,0.3292
DIAMONDS QUEEN CLUBS TWO,0.747,0.0294,0.2236
CLUBS TWO HEARTS TWO,0.4708,0.0096,0.5196
DIAMONDS QUEEN HEARTS SEVEN,0.7404,0.0236,0.236
HEARTS TWO HEARTS SEVEN,0.6336,0.007,0.3594
HEARTS SIX DIAMONDS QUEEN,0.7372,0.022,0.2408
HEARTS SIX HEARTS TWO,0.611,0.0064,0.3826
DIAMONDS QUEEN HEARTS NINE,0.7368,0.0232,0.24
HEARTS TWO HEARTS NINE,0.624,0.0058,0.3702
DIAMONDS QUEEN HEARTS EIGHT,0.7512,0.0228,0.226
HEARTS TWO HEARTS EIGHT,0.624,0.0082,0.3678
CLUBS NINE HEARTS TWO,0.6756,0.0064,0.318
CLUBS NINE DIAMONDS QUEEN,0.7352,0.0308,0.234
CLUBS EIGHT HEARTS TWO,0.6704,0.006,0.3236
CLUBS EIGHT DIAMONDS QUEEN,0.7662,0.0264,0.2074
CLUBS FIVE DIAMONDS QUEEN,0.725,0.0284,0.2466
CLUBS FIVE HEARTS TWO,0.6512,0.0098,0.339
SPADES EIGHT HEARTS ACE,0.4214,0.004,0.5746
CLUBS FOUR DIAMONDS QUEEN,0.7438,0.0272,0.229
CLUBS FOUR HEARTS TWO,0.6444,0.0082,0.3474
SPADES EIGHT HEARTS QUEEN,0.7568,0.0282,0.215
CLUBS SEVEN HEARTS TWO,0.6766,0.0066,0.3168
CLUBS SEVEN DIAMONDS QUEEN,0.7548,0.03,0.2152
CLUBS SIX DIAMONDS QUEEN,0.7412,0.0238,0.235
CLUBS SIX HEARTS TWO,0.6668,0.007,0.3262
SPADES EIGHT HEARTS KING,0.7034,0.0606,0.236
DIAMONDS QUEEN SPADES SIX,0.7356,0.0284,0.236
HEARTS TWO SPADES SIX,0.6606,0.008,0.3314
HEARTS FOUR CLUBS QUEEN,0.752,0.0252,0.2228
DIAMONDS ACE CLUBS QUEEN,0.254,0.0088,0.7372
DIAMONDS QUEEN SPADES SEVEN,0.7528,0.0254,0.2218
SPADES SEVEN HEARTS TWO,0.669,0.0088,0.3222
SPADES EIGHT DIAMONDS QUEEN,0.7646,0.0252,0.2102
SPADES EIGHT HEARTS TWO,0.6814,0.0052,0.3134
HEARTS FOUR CLUBS ACE,0.411,0.005,0.584
DIAMONDS ACE CLUBS ACE,0.1286,0.0046,0.8668
SPADES NINE DIAMONDS QUEEN,0.7264,0.0294,0.2442
SPADES NINE HEARTS TWO,0.6716,0.0068,0.3216
HEARTS TWO SPADES TWO,0.486,0.0084,0.5056
DIAMONDS QUEEN SPADES TWO,0.7412,0.033,0.2258
HEARTS TWO SPADES THREE,0.6492,0.0082,0.3426
DIAMONDS QUEEN SPADES THREE,0.7446,0.0312,0.2242
HEARTS TWO SPADES FOUR,0.6526,0.0094,0.338
DIAMONDS QUEEN SPADES FOUR,0.7356,0.0258,0.2386
HEARTS FOUR CLUBS TEN,0.6886,0.0072,0.3042
DIAMONDS ACE CLUBS TEN,0.405,0.0056,0.5894
HEARTS TWO SPADES FIVE,0.6582,0.0076,0.3342
DIAMONDS QUEEN SPADES FIVE,0.7314,0.028,0.2406
HEARTS FOUR CLUBS JACK,0.6724,0.006,0.3216
DIAMONDS ACE CLUBS JACK,0.4044,0.0038,0.5918
CLUBS FIVE CLUBS QUEEN,0.7072,0.0282,0.2646
CLUBS FIVE CLUBS ACE,0.4044,0.0052,0.5904
CLUBS FIVE CLUBS JACK,0.6458,0.006,0.3482
CLUBS FIVE CLUBS TEN,0.648,0.0072,0.3448
SPADES KING CLUBS JACK,0.7062,0.0594,0.2344
SPADES ACE CLUBS JACK,0.402,0.0064,0.5916
SPADES SIX CLUBS QUEEN,0.7398,0.0294,0.2308
SPADES EIGHT HEARTS JACK,0.6704,0.0054,0.3242
SPADES SIX CLUBS ACE,0.4224,0.0062,0.5714
SPADES EIGHT HEARTS TEN,0.6498,0.0058,0.3444
SPADES SIX CLUBS JACK,0.691,0.0076,0.3014
SPADES SIX CLUBS TEN,0.6732,0.0066,0.3202
SPADES TEN CLUBS JACK,0.639,0.0076,0.3534
SPADES JACK CLUBS JACK,0.441,0.0034,0.5556
SPADES KING CLUBS SEVEN,0.6996,0.0644,0.236
SPADES ACE CLUBS SEVEN,0.4172,0.0046,0.5782
SPADES SIX HEARTS TEN,0.6668,0.004,0.3292
SPADES SIX HEARTS JACK,0.6746,0.0076,0.3178
SPADES SIX HEARTS ACE,0.4158,0.0038,0.5804
SPADES SIX HEARTS KING,0.7064,0.0614,0.2322
SPADES SIX HEARTS QUEEN,0.7482,0.0272,0.2246
SPADES JACK CLUBS SEVEN,0.679,0.006,0.315
SPADES TEN CLUBS SEVEN,0.659,0.0086,0.3324
HEARTS SIX CLUBS TEN,0.6646,0.0046,0.3308
HEARTS SIX CLUBS JACK,0.6796,0.0072,0.3132
CLUBS ACE CLUBS JACK,0.3902,0.0044,0.6054
HEARTS SIX CLUBS QUEEN,0.7408,0.0278,0.2314
HEARTS SIX CLUBS ACE,0.4178,0.0066,0.5756
CLUBS QUEEN CLUBS JACK,0.713,0.027,0.26
DIAMONDS THREE HEARTS ACE,0.4182,0.0046,0.5772
DIAMONDS THREE HEARTS QUEEN,0.7434,0.0256,0.231
DIAMONDS THREE HEARTS KING,0.6888,0.0664,0.2448
CLUBS FIVE HEARTS JACK,0.6792,0.0076,0.3132
HEARTS FOUR SPADES TEN,0.6872,0.0092,0.3036
SPADES TEN DIAMONDS ACE,0.3952,0.005,0.5998
CLUBS FIVE HEARTS TEN,0.6836,0.0078,0.3086
HEARTS FOUR SPADES JACK,0.6858,0.007,0.3072
SPADES JACK DIAMONDS ACE,0.3908,0.0038,0.6054
SPADES ACE HEARTS FOUR,0.4176,0.004,0.5784
SPADES ACE DIAMONDS ACE,0.1314,0.0032,0.8654
CLUBS FIVE HEARTS ACE,0.409,0.0054,0.5856
CLUBS FIVE HEARTS KING,0.695,0.0664,0.2386
SPADES FOUR CLUBS JACK,0.6832,0.0092,0.3076
CLUBS FIVE HEARTS QUEEN,0.7376,0.0304,0.232
SPADES KING DIAMONDS ACE,0.2324,0.0126,0.755
HEARTS FOUR SPADES KING,0.6902,0.0612,0.2486
SPADES FOUR CLUBS TEN,0.6884,0.0088,0.3028
DIAMONDS QUEEN DIAMONDS ACE,0.2426,0.009,0.7484
HEARTS TWO DIAMONDS ACE,0.4204,0.0052,0.5744
HEARTS FOUR DIAMONDS QUEEN,0.7368,0.0252,0.238
HEARTS FOUR HEARTS TWO,0.6146,0.0068,0.3786
DIAMONDS THREE HEARTS TEN,0.674,0.0058,0.3202
HEARTS FIVE DIAMONDS QUEEN,0.7342,0.0236,0.2422
HEARTS FIVE HEARTS TWO,0.6,0.0062,0.3938
DIAMONDS THREE HEARTS JACK,0.6846,0.0056,0.3098
SPADES FOUR CLUBS QUEEN,0.7594,0.0246,0.216
DIAMONDS QUEEN HEARTS TWO,0.7526,0.0264,0.221
DIAMONDS KING DIAMONDS QUEEN,0.024,0.9064,0.0696
DIAMONDS KING HEARTS TWO,0.6928,0.069,0.2382
HEARTS THREE DIAMONDS QUEEN,0.741,0.0272,0.2318
HEARTS THREE HEARTS TWO,0.614,0.0074,0.3786
SPADES FOUR CLUBS ACE,0.4208,0.007,0.5722
HEARTS TWO CLUBS ACE,0.413,0.0056,0.5814
DIAMONDS QUEEN CLUBS ACE,0.2458,0.0106,0.7436
HEARTS TWO CLUBS QUEEN,0.7416,0.0304,0.228
DIAMONDS QUEEN CLUBS QUEEN,0.3194,0.0118,0.6688
SPADES EIGHT SPADES FIVE,0.6126,0.0074,0.38
HEARTS TWO CLUBS TEN,0.674,0.0086,0.3174
DIAMONDS QUEEN CLUBS TEN,0.721,0.0292,0.2498
SPADES NINE SPADES FIVE,0.6248,0.0078,0.3674
HEARTS TWO CLUBS JACK,0.6766,0.0104,0.313
DIAMONDS QUEEN CLUBS JACK,0.7322,0.0242,0.2436
SPADES SIX SPADES FIVE,0.5952,0.0064,0.3984
SPADES SEVEN SPADES FIVE,0.593,0.0094,0.3976
DIAMONDS FIVE CLUBS QUEEN,0.7378,0.0266,0.2356
SPADES EIGHT CLUBS ACE,0.417,0.0058,0.5772
CLUBS ACE DIAMONDS FIVE,0.4274,0.0044,0.5682
SPADES EIGHT CLUBS QUEEN,0.7628,0.0262,0.211
SPADES EIGHT CLUBS JACK,0.6698,0.0056,0.3246
SPADES EIGHT CLUBS TEN,0.6526,0.0072,0.3402
DIAMONDS FIVE CLUBS TEN,0.6752,0.0066,0.3182
DIAMONDS FIVE CLUBS JACK,0.6746,0.0066,0.3188
HEARTS JACK DIAMONDS TEN,0.635,0.0056,0.3594
DIAMONDS TEN HEARTS TEN,0.4362,0.0032,0.5606
SPADES ACE CLUBS NINE,0.4182,0.004,0.5778
SPADES KING CLUBS NINE,0.7106,0.0584,0.231
HEARTS SIX HEARTS KING,0.6522,0.0616,0.2862
DIAMONDS KING SPADES SEVEN,0.6988,0.0614,0.2398
HEARTS THREE SPADES SEVEN,0.6682,0.0072,0.3246
SPADES KING DIAMONDS SEVEN,0.6842,0.0588,0.257
HEARTS SIX HEARTS QUEEN,0.6938,0.0246,0.2816
DIAMONDS KING SPADES SIX,0.6952,0.0618,0.243
HEARTS THREE SPADES SIX,0.6428,0.007,0.3502
SPADES NINE DIAMONDS KING,0.7018,0.0616,0.2366
HEARTS THREE SPADES NINE,0.6586,0.006,0.3354
HEARTS SIX HEARTS ACE,0.4092,0.0036,0.5872
DIAMONDS KING SPADES EIGHT,0.7092,0.0648,0.226
HEARTS THREE SPADES EIGHT,0.6706,0.0052,0.3242
SPADES ACE DIAMONDS SEVEN,0.4188,0.0054,0.5758
CLUBS NINE HEARTS THREE,0.654,0.0072,0.3388
CLUBS NINE DIAMONDS KING,0.695,0.0648,0.2402
CLUBS EIGHT HEARTS THREE,0.6784,0.0042,0.3174
