opposingHand,winningChance,drawChance,lostChance
SPADES NINE SPADES SEVEN
HEARTS FIVE SPADES TEN,0.4394,0.0244,0.5362
SPADES JACK HEARTS FIVE,0.447,0.0166,0.5364
SPADES FIVE CLUBS JACK,0.4584,0.0168,0.5248
SPADES FIVE CLUBS TEN,0.4542,0.0262,0.5196
CLUBS EIGHT CLUBS JACK,0.3834,0.0134,0.6032
CLUBS EIGHT CLUBS TEN,0.3752,0.0238,0.601
CLUBS EIGHT CLUBS KING,0.3978,0.0078,0.5944
SPADES FIVE CLUBS ACE,0.4446,0.0056,0.5498
CLUBS EIGHT CLUBS QUEEN,0.3958,0.0124,0.5918
SPADES FIVE CLUBS KING,0.4502,0.009,0.5408
SPADES FIVE CLUBS QUEEN,0.4596,0.0102,0.5302
CLUBS EIGHT CLUBS ACE,0.4022,0.0038,0.594
DIAMONDS TWO DIAMONDS THREE,0.626,0.0374,0.3366
DIAMONDS TWO DIAMONDS FIVE,0.5966,0.0418,0.3616
SPADES KING HEARTS FIVE,0.4424,0.0058,0.5518
DIAMONDS TWO DIAMONDS FOUR,0.6164,0.0394,0.3442
SPADES QUEEN HEARTS FIVE,0.4496,0.0108,0.5396
DIAMONDS TWO DIAMONDS SEVEN,0.6466,0.0968,0.2566
DIAMONDS TWO DIAMONDS SIX,0.6258,0.0412,0.333
SPADES ACE HEARTS FIVE,0.441,0.0056,0.5534
DIAMONDS TWO DIAMONDS NINE,0.488,0.2664,0.2456
DIAMONDS TWO DIAMONDS EIGHT,0.6172,0.0382,0.3446
DIAMONDS THREE DIAMONDS FOUR,0.591,0.038,0.371
CLUBS TWO SPADES FOUR,0.651,0.0386,0.3104
DIAMONDS THREE DIAMONDS FIVE,0.578,0.0404,0.3816
CLUBS TWO SPADES FIVE,0.6416,0.0406,0.3178
CLUBS TWO SPADES TWO,0.4568,0.069,0.4742
CLUBS TWO SPADES THREE,0.6372,0.0444,0.3184
DIAMONDS THREE DIAMONDS EIGHT,0.6226,0.0392,0.3382
SPADES EIGHT CLUBS TWO,0.6532,0.0432,0.3036
DIAMONDS THREE DIAMONDS NINE,0.4884,0.2646,0.247
DIAMONDS THREE DIAMONDS SIX,0.6238,0.0396,0.3366
SPADES SIX CLUBS TWO,0.666,0.0436,0.2904
DIAMONDS THREE DIAMONDS SEVEN,0.6344,0.1056,0.26
CLUBS SIX CLUBS TWO,0.6306,0.0384,0.331
CLUBS SEVEN CLUBS TWO,0.642,0.1044,0.2536
CLUBS FOUR CLUBS TWO,0.618,0.0368,0.3452
CLUBS FIVE CLUBS TWO,0.5974,0.0416,0.361
CLUBS JACK CLUBS TEN,0.343,0.0146,0.6424
DIAMONDS FOUR DIAMONDS SIX,0.6092,0.035,0.3558
CLUBS QUEEN CLUBS TEN,0.3714,0.0088,0.6198
DIAMONDS FOUR DIAMONDS SEVEN,0.6394,0.1022,0.2584
CLUBS KING CLUBS TEN,0.3804,0.0068,0.6128
CLUBS ACE CLUBS TEN,0.3752,0.0046,0.6202
CLUBS EIGHT CLUBS TWO,0.6212,0.0382,0.3406
DIAMONDS FIVE DIAMONDS FOUR,0.5892,0.0398,0.371
CLUBS NINE CLUBS TWO,0.4794,0.2636,0.257
DIAMONDS NINE DIAMONDS FOUR,0.4826,0.271,0.2464
DIAMONDS EIGHT DIAMONDS FOUR,0.6242,0.0376,0.3382
CLUBS TWO CLUBS THREE,0.6122,0.0366,0.3512
DIAMONDS NINE DIAMONDS FIVE,0.4874,0.2588,0.2538
DIAMONDS TWO CLUBS JACK,0.4726,0.0184,0.509
DIAMONDS EIGHT DIAMONDS FIVE,0.5922,0.0376,0.3702
DIAMONDS TWO CLUBS TEN,0.4818,0.0268,0.4914
DIAMONDS FIVE DIAMONDS SEVEN,0.6206,0.0998,0.2796
DIAMONDS FIVE DIAMONDS SIX,0.5922,0.0336,0.3742
DIAMONDS TWO CLUBS ACE,0.4708,0.0042,0.525
DIAMONDS TWO CLUBS KING,0.4718,0.0064,0.5218
DIAMONDS TWO CLUBS QUEEN,0.4736,0.0138,0.5126
DIAMONDS EIGHT DIAMONDS SIX,0.594,0.0338,0.3722
DIAMONDS NINE DIAMONDS SIX,0.4672,0.2624,0.2704
SPADES THREE HEARTS ACE,0.4542,0.0038,0.542
HEARTS KING SPADES THREE,0.4672,0.0078,0.525
DIAMONDS SEVEN DIAMONDS SIX,0.6188,0.101,0.2802
SPADES THREE HEARTS QUEEN,0.4538,0.0144,0.5318
SPADES THREE HEARTS JACK,0.4552,0.018,0.5268
SPADES THREE HEARTS TEN,0.4492,0.0278,0.523
DIAMONDS EIGHT DIAMONDS SEVEN,0.6132,0.0942,0.2926
DIAMONDS NINE DIAMONDS SEVEN,0.0734,0.8532,0.0734
DIAMONDS NINE DIAMONDS EIGHT,0.2548,0.202,0.5432
DIAMONDS KING HEARTS TEN,0.4022,0.0064,0.5914
HEARTS THREE HEARTS TEN,0.4376,0.0242,0.5382
CLUBS SIX SPADES JACK,0.4438,0.019,0.5372
DIAMONDS KING HEARTS JACK,0.3966,0.007,0.5964
HEARTS THREE HEARTS JACK,0.4428,0.0154,0.5418
CLUBS SIX SPADES TEN,0.4228,0.0248,0.5524
SPADES JACK SPADES FIVE,0.411,0.0192,0.5698
SPADES TEN SPADES FIVE,0.4074,0.0254,0.5672
DIAMONDS KING HEARTS ACE,0.3918,0.0034,0.6048
HEARTS THREE HEARTS ACE,0.4346,0.0036,0.5618
SPADES ACE CLUBS SIX,0.4424,0.0046,0.553
DIAMONDS KING HEARTS QUEEN,0.3974,0.006,0.5966
HEARTS THREE HEARTS QUEEN,0.4346,0.0118,0.5536
SPADES KING CLUBS SIX,0.4422,0.0076,0.5502
DIAMONDS KING HEARTS KING,0.2126,0.0128,0.7746
HEARTS THREE HEARTS KING,0.4422,0.007,0.5508
SPADES QUEEN CLUBS SIX,0.4286,0.0124,0.559
SPADES QUEEN SPADES FIVE,0.4104,0.0126,0.577
SPADES KING SPADES FIVE,0.4106,0.007,0.5824
SPADES ACE SPADES FIVE,0.4044,0.0064,0.5892
SPADES JACK CLUBS TEN,0.3558,0.014,0.6302
SPADES TEN CLUBS TEN,0.1948,0.041,0.7642
SPADES ACE CLUBS TEN,0.39,0.0038,0.6062
SPADES KING CLUBS TEN,0.3842,0.0056,0.6102
SPADES QUEEN CLUBS TEN,0.3774,0.008,0.6146
SPADES FIVE HEARTS QUEEN,0.4594,0.0112,0.5294
SPADES FIVE HEARTS KING,0.4642,0.0084,0.5274
SPADES FIVE HEARTS ACE,0.4576,0.0038,0.5386
CLUBS EIGHT SPADES TEN,0.3882,0.0248,0.587
HEARTS THREE SPADES JACK,0.4564,0.018,0.5256
SPADES JACK DIAMONDS KING,0.3784,0.0072,0.6144
SPADES TEN DIAMONDS KING,0.3748,0.0058,0.6194
HEARTS THREE SPADES TEN,0.4452,0.0268,0.528
CLUBS EIGHT SPADES JACK,0.4024,0.011,0.5866
SPADES ACE CLUBS EIGHT,0.408,0.0032,0.5888
HEARTS FIVE CLUBS JACK,0.4622,0.0166,0.5212
CLUBS SIX HEARTS ACE,0.4546,0.003,0.5424
HEARTS FIVE CLUBS TEN,0.4642,0.0262,0.5096
CLUBS EIGHT SPADES QUEEN,0.41,0.0124,0.5776
SPADES THREE CLUBS TEN,0.4532,0.0274,0.5194
CLUBS SIX HEARTS QUEEN,0.4586,0.0096,0.5318
CLUBS EIGHT SPADES KING,0.407,0.0088,0.5842
SPADES THREE CLUBS JACK,0.4716,0.017,0.5114
CLUBS SIX HEARTS KING,0.4582,0.0078,0.534
DIAMONDS TWO HEARTS JACK,0.4708,0.0178,0.5114
SPADES THREE CLUBS QUEEN,0.46,0.0138,0.5262
DIAMONDS TWO HEARTS TEN,0.4758,0.0258,0.4984
SPADES THREE CLUBS KING,0.4534,0.0094,0.5372
HEARTS FIVE CLUBS ACE,0.443,0.0044,0.5526
SPADES FIVE HEARTS TEN,0.4562,0.024,0.5198
SPADES THREE CLUBS ACE,0.452,0.0034,0.5446
HEARTS FIVE CLUBS KING,0.4708,0.007,0.5222
SPADES FIVE HEARTS JACK,0.4484,0.0176,0.534
HEARTS FIVE CLUBS QUEEN,0.4598,0.0098,0.5304
HEARTS THREE CLUBS KING,0.4748,0.0072,0.518
DIAMONDS KING CLUBS KING,0.2084,0.0104,0.7812
HEARTS THREE CLUBS QUEEN,0.4792,0.0106,0.5102
DIAMONDS KING CLUBS QUEEN,0.3908,0.0058,0.6034
HEARTS FIVE HEARTS JACK,0.4172,0.0144,0.5684
HEARTS FIVE HEARTS TEN,0.4516,0.0242,0.5242
HEARTS THREE CLUBS ACE,0.4574,0.0036,0.539
DIAMONDS KING CLUBS ACE,0.3996,0.0044,0.596
SPADES ACE CLUBS QUEEN,0.3848,0.0048,0.6104
SPADES KING CLUBS QUEEN,0.382,0.005,0.613
HEARTS THREE CLUBS JACK,0.4886,0.0196,0.4918
DIAMONDS KING CLUBS JACK,0.3836,0.007,0.6094
SPADES QUEEN CLUBS QUEEN,0.2108,0.0206,0.7686
HEARTS THREE CLUBS TEN,0.4544,0.0238,0.5218
DIAMONDS KING CLUBS TEN,0.4004,0.008,0.5916
SPADES JACK CLUBS QUEEN,0.3706,0.0098,0.6196
CLUBS SIX CLUBS QUEEN,0.4252,0.011,0.5638
SPADES TEN CLUBS QUEEN,0.3638,0.0102,0.626
CLUBS SIX CLUBS KING,0.4362,0.0094,0.5544
CLUBS SIX CLUBS ACE,0.4266,0.0056,0.5678
HEARTS FIVE HEARTS KING,0.4312,0.0066,0.5622
HEARTS FIVE HEARTS QUEEN,0.4368,0.0102,0.553
CLUBS SIX CLUBS TEN,0.4264,0.0242,0.5494
HEARTS FIVE HEARTS ACE,0.4412,0.0046,0.5542
CLUBS SIX CLUBS JACK,0.4366,0.0178,0.5456
DIAMONDS TWO CLUBS TWO,0.4636,0.0706,0.4658
DIAMONDS TWO CLUBS THREE,0.6362,0.04,0.3238
HEARTS SIX DIAMONDS TWO,0.6644,0.041,0.2946
DIAMONDS TWO HEARTS QUEEN,0.4552,0.013,0.5318
DIAMONDS TWO HEARTS SEVEN,0.6854,0.1064,0.2082
DIAMONDS TWO HEARTS KING,0.4678,0.0086,0.5236
DIAMONDS TWO HEARTS EIGHT,0.6684,0.0358,0.2958
DIAMONDS TWO HEARTS ACE,0.4758,0.0054,0.5188
DIAMONDS TWO HEARTS NINE,0.5178,0.27,0.2122
DIAMONDS TWO DIAMONDS QUEEN,0.4644,0.0098,0.5258
DIAMONDS TWO HEARTS TWO,0.4618,0.0712,0.467
DIAMONDS TWO DIAMONDS KING,0.4448,0.0068,0.5484
HEARTS THREE DIAMONDS TWO,0.649,0.0366,0.3144
DIAMONDS TWO DIAMONDS ACE,0.4296,0.0044,0.566
HEARTS FOUR DIAMONDS TWO,0.6374,0.0402,0.3224
DIAMONDS TWO HEARTS FIVE,0.6564,0.0404,0.3032
DIAMONDS TWO DIAMONDS TEN,0.4358,0.021,0.5432
DIAMONDS TWO DIAMONDS JACK,0.437,0.0184,0.5446
DIAMONDS TWO SPADES EIGHT,0.6558,0.0424,0.3018
DIAMONDS TWO SPADES SIX,0.6576,0.0458,0.2966
DIAMONDS TWO SPADES FIVE,0.651,0.0378,0.3112
DIAMONDS TWO SPADES FOUR,0.6408,0.042,0.3172
DIAMONDS TWO SPADES THREE,0.642,0.0438,0.3142
DIAMONDS TWO SPADES TWO,0.4594,0.0618,0.4788
CLUBS NINE DIAMONDS TWO,0.5256,0.271,0.2034
CLUBS EIGHT DIAMONDS TWO,0.6608,0.0378,0.3014
DIAMONDS TWO CLUBS SEVEN,0.696,0.1068,0.1972
CLUBS SIX DIAMONDS TWO,0.6656,0.0428,0.2916
DIAMONDS TWO CLUBS FIVE,0.6318,0.0398,0.3284
DIAMONDS TWO CLUBS FOUR,0.6466,0.0434,0.31
CLUBS FOUR SPADES FIVE,0.614,0.0392,0.3468
CLUBS FOUR SPADES FOUR,0.4446,0.0716,0.4838
CLUBS FOUR SPADES THREE,0.6328,0.0416,0.3256
CLUBS FOUR SPADES TWO,0.6464,0.0456,0.308
CLUBS FOUR SPADES EIGHT,0.6412,0.041,0.3178
CLUBS FOUR SPADES SIX,0.6414,0.0432,0.3154
SPADES ACE DIAMONDS SIX,0.4306,0.0042,0.5652
SPADES QUEEN DIAMONDS SIX,0.4324,0.0112,0.5564
SPADES KING DIAMONDS SIX,0.448,0.0076,0.5444
SPADES TEN DIAMONDS SIX,0.4252,0.0278,0.547
SPADES JACK DIAMONDS SIX,0.4462,0.0188,0.535
SPADES QUEEN SPADES TWO,0.4226,0.0126,0.5648
SPADES KING SPADES TWO,0.4112,0.0122,0.5766
SPADES ACE SPADES TWO,0.428,0.006,0.566
DIAMONDS JACK CLUBS JACK,0.219,0.0284,0.7526
DIAMONDS JACK CLUBS TEN,0.3812,0.0106,0.6082
DIAMONDS JACK CLUBS KING,0.4026,0.0074,0.59
DIAMONDS JACK CLUBS QUEEN,0.3926,0.0094,0.598
DIAMONDS THREE DIAMONDS JACK,0.4432,0.0158,0.541
DIAMONDS THREE DIAMONDS TEN,0.45,0.025,0.525
DIAMONDS JACK CLUBS ACE,0.4018,0.0042,0.594
DIAMONDS THREE DIAMONDS KING,0.4402,0.0084,0.5514
HEARTS THREE DIAMONDS THREE,0.4646,0.063,0.4724
DIAMONDS THREE DIAMONDS QUEEN,0.4364,0.0102,0.5534
DIAMONDS THREE HEARTS TWO,0.6524,0.038,0.3096
HEARTS FIVE DIAMONDS THREE,0.6316,0.0366,0.3318
DIAMONDS THREE DIAMONDS ACE,0.4358,0.005,0.5592
HEARTS FOUR DIAMONDS THREE,0.621,0.0438,0.3352
DIAMONDS THREE HEARTS SEVEN,0.677,0.1096,0.2134
HEARTS SIX DIAMONDS THREE,0.6448,0.0428,0.3124
DIAMONDS THREE HEARTS NINE,0.513,0.273,0.214
HEARTS JACK DIAMONDS FOUR,0.4722,0.0164,0.5114
HEARTS KING HEARTS ACE,0.3796,0.003,0.6174
SPADES TEN SPADES TWO,0.4096,0.0292,0.5612
DIAMONDS THREE HEARTS EIGHT,0.653,0.04,0.307
HEARTS TEN DIAMONDS FOUR,0.4622,0.0314,0.5064
SPADES JACK SPADES TWO,0.4272,0.0166,0.5562
HEARTS QUEEN DIAMONDS FOUR,0.4658,0.0114,0.5228
HEARTS KING DIAMONDS FOUR,0.472,0.0074,0.5206
HEARTS ACE DIAMONDS FOUR,0.4572,0.0042,0.5386
DIAMONDS THREE SPADES EIGHT,0.6456,0.0446,0.3098
DIAMONDS THREE SPADES SIX,0.6404,0.0402,0.3194
CLUBS SIX DIAMONDS THREE,0.6482,0.0432,0.3086
CLUBS ACE DIAMONDS FOUR,0.4564,0.0046,0.539
CLUBS SIX CLUBS FIVE,0.5798,0.036,0.3842
CLUBS SEVEN CLUBS FIVE,0.612,0.1016,0.2864
CLUBS SEVEN DIAMONDS THREE,0.6652,0.0988,0.236
DIAMONDS THREE CLUBS FOUR,0.6292,0.0386,0.3322
CLUBS QUEEN DIAMONDS FOUR,0.461,0.0128,0.5262
DIAMONDS THREE CLUBS FIVE,0.6266,0.039,0.3344
CLUBS KING DIAMONDS FOUR,0.4698,0.0084,0.5218
DIAMONDS THREE CLUBS TWO,0.6396,0.0492,0.3112
DIAMONDS FOUR CLUBS TEN,0.4656,0.029,0.5054
DIAMONDS THREE CLUBS THREE,0.4524,0.075,0.4726
DIAMONDS FOUR CLUBS JACK,0.476,0.018,0.506
DIAMONDS THREE SPADES FOUR,0.6318,0.0382,0.33
DIAMONDS THREE SPADES FIVE,0.6366,0.0412,0.3222
DIAMONDS THREE SPADES TWO,0.6462,0.0424,0.3114
DIAMONDS THREE SPADES THREE,0.438,0.065,0.497
CLUBS EIGHT DIAMONDS THREE,0.6706,0.0372,0.2922
CLUBS NINE DIAMONDS THREE,0.5352,0.2606,0.2042
CLUBS FIVE SPADES SIX,0.635,0.0356,0.3294
SPADES EIGHT CLUBS FIVE,0.6308,0.0362,0.333
CLUBS FIVE SPADES THREE,0.6264,0.0472,0.3264
CLUBS FIVE SPADES TWO,0.638,0.0384,0.3236
CLUBS FIVE SPADES FIVE,0.4404,0.0666,0.493
CLUBS FIVE SPADES FOUR,0.6188,0.036,0.3452
CLUBS NINE CLUBS FIVE,0.4704,0.2642,0.2654
CLUBS EIGHT CLUBS FIVE,0.6022,0.0358,0.362
CLUBS ACE CLUBS QUEEN,0.3822,0.0052,0.6126
CLUBS KING CLUBS QUEEN,0.3718,0.008,0.6202
DIAMONDS TEN DIAMONDS FOUR,0.4462,0.025,0.5288
DIAMONDS NINE CLUBS TEN,0.2838,0.0738,0.6424
DIAMONDS JACK DIAMONDS FOUR,0.4414,0.017,0.5416
DIAMONDS NINE CLUBS JACK,0.2954,0.0604,0.6442
DIAMONDS ACE DIAMONDS FOUR,0.4314,0.0068,0.5618
HEARTS FOUR DIAMONDS FOUR,0.4512,0.0642,0.4846
DIAMONDS JACK HEARTS TEN,0.3724,0.012,0.6156
DIAMONDS TWO SPADES TEN,0.4556,0.029,0.5154
DIAMONDS NINE CLUBS ACE,0.3182,0.0244,0.6574
HEARTS FIVE DIAMONDS FOUR,0.6204,0.0422,0.3374
HEARTS JACK DIAMONDS JACK,0.222,0.028,0.75
DIAMONDS TWO SPADES JACK,0.4628,0.0182,0.519
DIAMONDS QUEEN DIAMONDS FOUR,0.4404,0.01,0.5496
HEARTS TWO DIAMONDS FOUR,0.6532,0.0366,0.3102
DIAMONDS NINE CLUBS QUEEN,0.2918,0.045,0.6632
DIAMONDS KING DIAMONDS FOUR,0.4388,0.0088,0.5524
HEARTS THREE DIAMONDS FOUR,0.6356,0.041,0.3234
DIAMONDS NINE CLUBS KING,0.317,0.0278,0.6552
HEARTS ACE DIAMONDS JACK,0.4086,0.0038,0.5876
SPADES ACE DIAMONDS TWO,0.4576,0.0058,0.5366
DIAMONDS JACK HEARTS QUEEN,0.3888,0.0104,0.6008
SPADES QUEEN DIAMONDS TWO,0.4592,0.0146,0.5262
HEARTS KING DIAMONDS JACK,0.3854,0.0054,0.6092
SPADES KING DIAMONDS TWO,0.4702,0.0082,0.5216
CLUBS SEVEN CLUBS THREE,0.6426,0.1046,0.2528
CLUBS SIX CLUBS THREE,0.615,0.038,0.347
CLUBS FIVE CLUBS THREE,0.592,0.0422,0.3658
CLUBS FOUR CLUBS THREE,0.6126,0.0376,0.3498
CLUBS NINE CLUBS THREE,0.4928,0.2548,0.2524
CLUBS EIGHT CLUBS THREE,0.6224,0.0338,0.3438
SPADES FIVE CLUBS THREE,0.627,0.0408,0.3322
CLUBS THREE SPADES FOUR,0.64,0.0414,0.3186
CLUBS THREE SPADES THREE,0.4444,0.0676,0.488
CLUBS THREE SPADES TWO,0.649,0.0418,0.3092
SPADES SIX CLUBS THREE,0.643,0.0404,0.3166
SPADES EIGHT CLUBS THREE,0.6544,0.0376,0.308
SPADES TWO DIAMONDS FOUR,0.6466,0.0454,0.308
SPADES THREE DIAMONDS FOUR,0.6324,0.0454,0.3222
SPADES FOUR DIAMONDS FOUR,0.442,0.0676,0.4904
SPADES FIVE DIAMONDS FOUR,0.62,0.0404,0.3396
SPADES SIX DIAMONDS FOUR,0.6354,0.0428,0.3218
SPADES EIGHT DIAMONDS FOUR,0.6418,0.0406,0.3176
CLUBS FIVE DIAMONDS FOUR,0.6228,0.0392,0.338
CLUBS FOUR DIAMONDS FOUR,0.4622,0.07,0.4678
CLUBS SEVEN DIAMONDS FOUR,0.6698,0.1086,0.2216
CLUBS SIX DIAMONDS FOUR,0.6414,0.0382,0.3204
CLUBS NINE DIAMONDS FOUR,0.5184,0.2782,0.2034
CLUBS EIGHT DIAMONDS FOUR,0.6508,0.0374,0.3118
DIAMONDS FOUR HEARTS SEVEN,0.6902,0.1006,0.2092
HEARTS SIX DIAMONDS FOUR,0.659,0.0358,0.3052
HEARTS NINE DIAMONDS FOUR,0.5156,0.2746,0.2098
DIAMONDS FOUR HEARTS EIGHT,0.6562,0.0386,0.3052
CLUBS THREE DIAMONDS FOUR,0.6384,0.0384,0.3232
CLUBS TWO DIAMONDS FOUR,0.6642,0.0372,0.2986
DIAMONDS TEN DIAMONDS FIVE,0.4338,0.025,0.5412
DIAMONDS JACK DIAMONDS FIVE,0.4252,0.0168,0.558
DIAMONDS NINE HEARTS QUEEN,0.3078,0.0422,0.65
HEARTS KING DIAMONDS NINE,0.3116,0.0294,0.659
DIAMONDS NINE HEARTS ACE,0.307,0.017,0.676
DIAMONDS NINE HEARTS TEN,0.2916,0.0714,0.637
DIAMONDS NINE HEARTS JACK,0.2924,0.0502,0.6574
CLUBS KING DIAMONDS SIX,0.4694,0.0064,0.5242
CLUBS QUEEN DIAMONDS SIX,0.4418,0.0118,0.5464
CLUBS ACE DIAMONDS SIX,0.4616,0.004,0.5344
SPADES KING DIAMONDS FOUR,0.4596,0.0102,0.5302
SPADES QUEEN DIAMONDS FOUR,0.451,0.0104,0.5386
CLUBS JACK DIAMONDS SIX,0.4604,0.0174,0.5222
SPADES ACE DIAMONDS FOUR,0.4474,0.0044,0.5482
CLUBS TEN DIAMONDS SIX,0.4526,0.0228,0.5246
CLUBS NINE CLUBS FOUR,0.4852,0.264,0.2508
CLUBS EIGHT CLUBS FOUR,0.6104,0.0356,0.354
SPADES JACK DIAMONDS FOUR,0.4542,0.0178,0.528
SPADES TEN DIAMONDS FOUR,0.4642,0.0246,0.5112
CLUBS FOUR CLUBS FIVE,0.5996,0.035,0.3654
CLUBS SEVEN CLUBS FOUR,0.6266,0.109,0.2644
CLUBS SIX CLUBS FOUR,0.6,0.0342,0.3658
CLUBS SEVEN SPADES EIGHT,0.6534,0.1024,0.2442
CLUBS SEVEN SPADES SIX,0.6586,0.0976,0.2438
CLUBS SEVEN SPADES FIVE,0.6484,0.104,0.2476
CLUBS SEVEN SPADES FOUR,0.6686,0.1072,0.2242
CLUBS SEVEN SPADES THREE,0.673,0.1046,0.2224
CLUBS SEVEN SPADES TWO,0.6754,0.1132,0.2114
CLUBS NINE CLUBS SEVEN,0.072,0.8566,0.0714
CLUBS EIGHT CLUBS SEVEN,0.6172,0.095,0.2878
HEARTS SIX DIAMONDS FIVE,0.6272,0.038,0.3348
DIAMONDS FIVE HEARTS SEVEN,0.6476,0.1066,0.2458
DIAMONDS FIVE HEARTS EIGHT,0.6464,0.037,0.3166
HEARTS NINE DIAMONDS FIVE,0.508,0.2696,0.2224
DIAMONDS QUEEN DIAMONDS FIVE,0.425,0.0116,0.5634
HEARTS TWO DIAMONDS FIVE,0.6416,0.0362,0.3222
HEARTS KING HEARTS EIGHT,0.4036,0.0064,0.59
DIAMONDS KING DIAMONDS FIVE,0.4318,0.0082,0.56
HEARTS THREE DIAMONDS FIVE,0.635,0.041,0.324
HEARTS QUEEN HEARTS EIGHT,0.4008,0.0088,0.5904
DIAMONDS ACE DIAMONDS FIVE,0.421,0.0064,0.5726
HEARTS FOUR DIAMONDS FIVE,0.6292,0.0362,0.3346
HEARTS FIVE DIAMONDS FIVE,0.4338,0.059,0.5072
HEARTS ACE HEARTS EIGHT,0.3946,0.003,0.6024
CLUBS FOUR DIAMONDS FIVE,0.6292,0.0382,0.3326
CLUBS FIVE DIAMONDS FIVE,0.4576,0.063,0.4794
CLUBS SIX DIAMONDS FIVE,0.6242,0.04,0.3358
CLUBS SEVEN DIAMONDS FIVE,0.6696,0.0922,0.2382
CLUBS TWO DIAMONDS FIVE,0.651,0.0386,0.3104
CLUBS THREE DIAMONDS FIVE,0.6328,0.0398,0.3274
SPADES THREE DIAMONDS FIVE,0.636,0.0412,0.3228
SPADES TWO DIAMONDS FIVE,0.6366,0.0414,0.322
SPADES FIVE DIAMONDS FIVE,0.4444,0.0728,0.4828
SPADES JACK DIAMONDS EIGHT,0.3934,0.0168,0.5898
HEARTS JACK CLUBS TEN,0.3776,0.0136,0.6088
SPADES TEN DIAMONDS EIGHT,0.378,0.0236,0.5984
SPADES FOUR DIAMONDS FIVE,0.6288,0.036,0.3352
HEARTS JACK CLUBS JACK,0.2016,0.0302,0.7682
HEARTS JACK CLUBS QUEEN,0.378,0.009,0.613
CLUBS NINE DIAMONDS FIVE,0.4976,0.2902,0.2122
HEARTS JACK CLUBS KING,0.4036,0.0042,0.5922
CLUBS EIGHT DIAMONDS FIVE,0.635,0.044,0.321
HEARTS JACK CLUBS ACE,0.408,0.0044,0.5876
SPADES KING DIAMONDS EIGHT,0.4224,0.0068,0.5708
SPADES SIX DIAMONDS FIVE,0.6396,0.0408,0.3196
SPADES QUEEN DIAMONDS EIGHT,0.4144,0.0104,0.5752
SPADES EIGHT DIAMONDS FIVE,0.6236,0.0404,0.336
SPADES ACE DIAMONDS EIGHT,0.4208,0.0034,0.5758
DIAMONDS TEN DIAMONDS SIX,0.4234,0.0232,0.5534
HEARTS ACE DIAMONDS SEVEN,0.3172,0.0218,0.661
DIAMONDS JACK DIAMONDS SIX,0.4264,0.0184,0.5552
HEARTS QUEEN DIAMONDS SEVEN,0.3208,0.0496,0.6296
HEARTS KING DIAMONDS SEVEN,0.3156,0.0304,0.654
DIAMONDS ACE DIAMONDS SIX,0.4284,0.006,0.5656
HEARTS FOUR DIAMONDS SIX,0.6376,0.0392,0.3232
SPADES TWO HEARTS JACK,0.4662,0.0176,0.5162
HEARTS FIVE DIAMONDS SIX,0.6358,0.041,0.3232
SPADES TWO HEARTS TEN,0.4512,0.0284,0.5204
DIAMONDS QUEEN DIAMONDS SIX,0.4326,0.008,0.5594
HEARTS TWO DIAMONDS SIX,0.6644,0.0368,0.2988
DIAMONDS KING DIAMONDS SIX,0.4308,0.0068,0.5624
HEARTS THREE DIAMONDS SIX,0.6556,0.0394,0.305
HEARTS EIGHT DIAMONDS SIX,0.6244,0.0418,0.3338
HEARTS NINE DIAMONDS SIX,0.5068,0.2806,0.2126
HEARTS SIX DIAMONDS SIX,0.4322,0.0692,0.4986
HEARTS SEVEN DIAMONDS SIX,0.6446,0.1074,0.248
HEARTS TEN DIAMONDS SEVEN,0.2994,0.074,0.6266
CLUBS TWO DIAMONDS SIX,0.6712,0.037,0.2918
HEARTS JACK DIAMONDS SEVEN,0.296,0.054,0.65
CLUBS THREE DIAMONDS SIX,0.66,0.0362,0.3038
DIAMONDS EIGHT CLUBS JACK,0.4086,0.01,0.5814
CLUBS SEVEN DIAMONDS SIX,0.6408,0.1082,0.251
CLUBS SIX DIAMONDS SIX,0.4412,0.064,0.4948
DIAMONDS EIGHT CLUBS TEN,0.3998,0.02,0.5802
CLUBS FIVE DIAMONDS SIX,0.6302,0.0396,0.3302
CLUBS FOUR DIAMONDS SIX,0.6504,0.0428,0.3068
HEARTS ACE HEARTS JACK,0.3678,0.0062,0.626
DIAMONDS EIGHT CLUBS ACE,0.4218,0.004,0.5742
HEARTS JACK HEARTS QUEEN,0.3628,0.009,0.6282
DIAMONDS EIGHT CLUBS KING,0.4334,0.0062,0.5604
CLUBS NINE DIAMONDS SIX,0.506,0.2872,0.2068
HEARTS KING HEARTS JACK,0.3828,0.008,0.6092
DIAMONDS EIGHT CLUBS QUEEN,0.41,0.0098,0.5802
CLUBS EIGHT DIAMONDS SIX,0.628,0.0358,0.3362
SPADES FIVE DIAMONDS SIX,0.6246,0.0406,0.3348
SPADES TEN HEARTS KING,0.383,0.0086,0.6084
HEARTS ACE SPADES TWO,0.457,0.0048,0.5382
SPADES JACK HEARTS KING,0.3876,0.0076,0.6048
SPADES FOUR DIAMONDS SIX,0.6258,0.0434,0.3308
SPADES THREE DIAMONDS SIX,0.645,0.038,0.317
SPADES TWO HEARTS QUEEN,0.471,0.0118,0.5172
SPADES ACE SPADES KING,0.349,0.0042,0.6468
HEARTS KING SPADES TWO,0.4698,0.009,0.5212
SPADES TWO DIAMONDS SIX,0.6596,0.041,0.2994
HEARTS TEN HEARTS EIGHT,0.3782,0.0188,0.603
HEARTS JACK HEARTS EIGHT,0.3812,0.0162,0.6026
SPADES EIGHT DIAMONDS SIX,0.6262,0.038,0.3358
SPADES SIX DIAMONDS SIX,0.423,0.067,0.51
SPADES KING HEARTS KING,0.199,0.0116,0.7894
SPADES QUEEN HEARTS KING,0.3714,0.0068,0.6218
CLUBS ACE CLUBS KING,0.3534,0.0062,0.6404
SPADES ACE HEARTS KING,0.3902,0.0066,0.6032
SPADES ACE HEARTS JACK,0.3932,0.0056,0.6012
SPADES QUEEN HEARTS JACK,0.3672,0.0118,0.621
SPADES KING HEARTS JACK,0.3772,0.0074,0.6154
SPADES TEN DIAMONDS TEN,0.1924,0.0376,0.77
SPADES JACK DIAMONDS TEN,0.365,0.0146,0.6204
SPADES ACE DIAMONDS TEN,0.374,0.005,0.621
SPADES JACK HEARTS JACK,0.2028,0.0314,0.7658
SPADES TEN HEARTS JACK,0.3654,0.0134,0.6212
SPADES QUEEN DIAMONDS TEN,0.3702,0.0094,0.6204
SPADES KING DIAMONDS TEN,0.3844,0.0068,0.6088
SPADES EIGHT DIAMONDS SEVEN,0.6568,0.0986,0.2446
SPADES SIX DIAMONDS SEVEN,0.6492,0.1006,0.2502
DIAMONDS KING DIAMONDS SEVEN,0.2984,0.0284,0.6732
HEARTS THREE DIAMONDS SEVEN,0.6698,0.1066,0.2236
HEARTS KING DIAMONDS FIVE,0.4658,0.0094,0.5248
DIAMONDS QUEEN DIAMONDS SEVEN,0.304,0.0398,0.6562
HEARTS TWO DIAMONDS SEVEN,0.694,0.1012,0.2048
HEARTS QUEEN DIAMONDS FIVE,0.4636,0.0092,0.5272
HEARTS FIVE DIAMONDS SEVEN,0.6662,0.0958,0.238
DIAMONDS ACE DIAMONDS SEVEN,0.3076,0.0196,0.6728
HEARTS FOUR DIAMONDS SEVEN,0.6618,0.1048,0.2334
HEARTS ACE DIAMONDS FIVE,0.4544,0.0036,0.542
HEARTS SEVEN DIAMONDS SEVEN,0.337,0.0584,0.6046
HEARTS SIX DIAMONDS SEVEN,0.6468,0.107,0.2462
HEARTS NINE DIAMONDS SEVEN,0.0742,0.906,0.0198
DIAMONDS SEVEN HEARTS EIGHT,0.6622,0.097,0.2408
DIAMONDS JACK DIAMONDS SEVEN,0.2976,0.0538,0.6486
HEARTS JACK DIAMONDS FIVE,0.4566,0.015,0.5284
DIAMONDS TEN DIAMONDS SEVEN,0.2628,0.0718,0.6654
DIAMONDS FIVE HEARTS TEN,0.4574,0.0264,0.5162
SPADES KING CLUBS TWO,0.4582,0.0076,0.5342
HEARTS KING CLUBS KING,0.2166,0.0104,0.773
CLUBS EIGHT DIAMONDS SEVEN,0.6534,0.096,0.2506
SPADES QUEEN CLUBS TWO,0.4632,0.0126,0.5242
HEARTS KING CLUBS QUEEN,0.3904,0.005,0.6046
CLUBS NINE DIAMONDS SEVEN,0.0662,0.9096,0.0242
SPADES TWO CLUBS JACK,0.47,0.0164,0.5136
SPADES ACE CLUBS TWO,0.4552,0.0054,0.5394
SPADES TWO CLUBS TEN,0.4546,0.0276,0.5178
HEARTS KING CLUBS ACE,0.4032,0.0042,0.5926
CLUBS SIX CLUBS SEVEN,0.6144,0.1026,0.283
SPADES TWO CLUBS KING,0.4664,0.0086,0.525
SPADES TWO DIAMONDS SEVEN,0.6694,0.105,0.2256
CLUBS EIGHT CLUBS SIX,0.5822,0.0382,0.3796
SPADES THREE DIAMONDS SEVEN,0.6634,0.1084,0.2282
SPADES TWO CLUBS QUEEN,0.464,0.0102,0.5258
CLUBS NINE CLUBS SIX,0.4772,0.2612,0.2616
SPADES FOUR DIAMONDS SEVEN,0.6546,0.1132,0.2322
HEARTS KING CLUBS JACK,0.4122,0.0056,0.5822
SPADES FIVE DIAMONDS SEVEN,0.6454,0.1102,0.2444
SPADES TWO CLUBS ACE,0.4596,0.0048,0.5356
HEARTS KING CLUBS TEN,0.3918,0.008,0.6002
CLUBS SIX SPADES TWO,0.668,0.0394,0.2926
CLUBS SIX SPADES THREE,0.6518,0.0346,0.3136
CLUBS TWO DIAMONDS SEVEN,0.6922,0.0998,0.208
CLUBS SIX SPADES FOUR,0.641,0.0422,0.3168
CLUBS THREE DIAMONDS SEVEN,0.6706,0.1092,0.2202
CLUBS SIX SPADES FIVE,0.6212,0.0416,0.3372
CLUBS FOUR DIAMONDS SEVEN,0.662,0.108,0.23
CLUBS SIX SPADES SIX,0.4286,0.0684,0.503
CLUBS FIVE DIAMONDS SEVEN,0.6472,0.1068,0.246
CLUBS SIX DIAMONDS SEVEN,0.6468,0.097,0.2562
CLUBS SIX SPADES EIGHT,0.6174,0.0346,0.348
SPADES JACK CLUBS TWO,0.4486,0.0202,0.5312
SPADES TEN CLUBS TWO,0.4496,0.0292,0.5212
CLUBS SEVEN DIAMONDS SEVEN,0.3358,0.0552,0.609
CLUBS TWO CLUBS QUEEN,0.4418,0.0106,0.5476
CLUBS TWO CLUBS KING,0.4424,0.008,0.5496
CLUBS THREE DIAMONDS EIGHT,0.6532,0.0392,0.3076
CLUBS TWO CLUBS ACE,0.447,0.0052,0.5478
CLUBS TWO DIAMONDS EIGHT,0.6678,0.0366,0.2956
DIAMONDS EIGHT HEARTS SEVEN,0.6606,0.1016,0.2378
HEARTS SIX DIAMONDS EIGHT,0.6198,0.0408,0.3394
DIAMONDS EIGHT HEARTS NINE,0.2772,0.2134,0.5094
CLUBS TWO CLUBS TEN,0.4432,0.0274,0.5294
DIAMONDS EIGHT HEARTS EIGHT,0.3074,0.0606,0.632
CLUBS TWO CLUBS JACK,0.4484,0.0134,0.5382
CLUBS NINE DIAMONDS EIGHT,0.2662,0.2108,0.523
CLUBS EIGHT DIAMONDS EIGHT,0.3208,0.0568,0.6224
CLUBS FIVE DIAMONDS EIGHT,0.6302,0.0358,0.334
SPADES ACE SPADES THREE,0.4112,0.006,0.5828
CLUBS FOUR DIAMONDS EIGHT,0.6532,0.04,0.3068
SPADES QUEEN SPADES THREE,0.4158,0.0138,0.5704
CLUBS SEVEN DIAMONDS EIGHT,0.6614,0.097,0.2416
CLUBS SIX DIAMONDS EIGHT,0.6216,0.041,0.3374
SPADES KING SPADES THREE,0.4098,0.0096,0.5806
DIAMONDS QUEEN DIAMONDS EIGHT,0.3894,0.0116,0.599
HEARTS TWO DIAMONDS EIGHT,0.6498,0.04,0.3102
DIAMONDS KING DIAMONDS EIGHT,0.4034,0.0072,0.5894
HEARTS THREE DIAMONDS EIGHT,0.6554,0.0428,0.3018
DIAMONDS ACE DIAMONDS EIGHT,0.4086,0.005,0.5864
HEARTS FOUR DIAMONDS EIGHT,0.6498,0.036,0.3142
HEARTS FIVE DIAMONDS EIGHT,0.6368,0.0322,0.331
DIAMONDS EIGHT DIAMONDS TEN,0.382,0.0278,0.5902
DIAMONDS EIGHT DIAMONDS JACK,0.387,0.0134,0.5996
SPADES JACK SPADES THREE,0.4144,0.0166,0.569
SPADES TEN SPADES THREE,0.4058,0.029,0.5652
CLUBS FOUR HEARTS ACE,0.4614,0.002,0.5366
CLUBS FOUR HEARTS QUEEN,0.469,0.0112,0.5198
CLUBS FOUR HEARTS KING,0.468,0.0066,0.5254
CLUBS SIX HEARTS TEN,0.4436,0.0224,0.534
CLUBS SIX HEARTS JACK,0.4512,0.0132,0.5356
SPADES FOUR DIAMONDS EIGHT,0.6432,0.037,0.3198
SPADES FIVE DIAMONDS EIGHT,0.628,0.0398,0.3322
DIAMONDS EIGHT SPADES TWO,0.6516,0.0384,0.31
SPADES THREE DIAMONDS EIGHT,0.6598,0.0374,0.3028
CLUBS FOUR HEARTS JACK,0.4616,0.019,0.5194
SPADES EIGHT DIAMONDS EIGHT,0.3116,0.0558,0.6326
SPADES TEN DIAMONDS QUEEN,0.369,0.0116,0.6194
SPADES TEN HEARTS TWO,0.4472,0.0268,0.526
SPADES JACK HEARTS EIGHT,0.3956,0.0164,0.588
CLUBS FOUR HEARTS TEN,0.4558,0.0264,0.5178
SPADES TEN HEARTS EIGHT,0.3876,0.0284,0.584
SPADES JACK HEARTS TWO,0.4552,0.0156,0.5292
SPADES JACK DIAMONDS QUEEN,0.3794,0.0108,0.6098
SPADES SIX DIAMONDS EIGHT,0.6172,0.04,0.3428
SPADES ACE HEARTS TWO,0.4486,0.0068,0.5446
SPADES ACE DIAMONDS QUEEN,0.3884,0.0044,0.6072
SPADES ACE HEARTS EIGHT,0.3946,0.0046,0.6008
SPADES KING HEARTS EIGHT,0.414,0.0064,0.5796
SPADES QUEEN HEARTS TWO,0.4536,0.0158,0.5306
SPADES QUEEN DIAMONDS QUEEN,0.2014,0.0234,0.7752
SPADES KING DIAMONDS QUEEN,0.379,0.0076,0.6134
SPADES KING HEARTS TWO,0.4638,0.0086,0.5276
SPADES QUEEN HEARTS EIGHT,0.4078,0.0116,0.5806
CLUBS TWO HEARTS TEN,0.4608,0.0258,0.5134
CLUBS TWO HEARTS JACK,0.4698,0.0154,0.5148
SPADES SIX DIAMONDS NINE,0.5006,0.2838,0.2156
SPADES EIGHT DIAMONDS NINE,0.2632,0.2226,0.5142
SPADES TEN CLUBS KING,0.387,0.0068,0.6062
DIAMONDS NINE SPADES THREE,0.5096,0.2794,0.211
SPADES JACK CLUBS KING,0.374,0.0052,0.6208
DIAMONDS NINE SPADES TWO,0.5098,0.2862,0.204
SPADES FIVE DIAMONDS NINE,0.4988,0.2814,0.2198
SPADES FOUR DIAMONDS NINE,0.5098,0.2838,0.2064
CLUBS NINE DIAMONDS NINE,0.1706,0.069,0.7604
CLUBS EIGHT DIAMONDS NINE,0.279,0.2122,0.5088
CLUBS SIX DIAMONDS NINE,0.5012,0.29,0.2088
SPADES JACK CLUBS FOUR,0.4568,0.0162,0.527
SPADES TEN CLUBS FOUR,0.4504,0.0224,0.5272
CLUBS SEVEN DIAMONDS NINE,0.0682,0.9068,0.025
CLUBS FOUR DIAMONDS NINE,0.5232,0.2704,0.2064
CLUBS FIVE DIAMONDS NINE,0.5242,0.272,0.2038
CLUBS TWO DIAMONDS NINE,0.5208,0.2824,0.1968
CLUBS THREE DIAMONDS NINE,0.519,0.2776,0.2034
DIAMONDS NINE HEARTS EIGHT,0.265,0.2116,0.5234
DIAMONDS NINE HEARTS NINE,0.178,0.0608,0.7612
HEARTS SIX DIAMONDS NINE,0.5088,0.2792,0.212
DIAMONDS NINE HEARTS SEVEN,0.0696,0.9102,0.0202
CLUBS EIGHT CLUBS NINE,0.2604,0.2026,0.537
DIAMONDS ACE DIAMONDS NINE,0.3018,0.0208,0.6774
HEARTS FOUR DIAMONDS NINE,0.5174,0.2756,0.207
HEARTS FIVE DIAMONDS NINE,0.5178,0.2682,0.214
CLUBS TWO HEARTS ACE,0.4642,0.0074,0.5284
SPADES ACE CLUBS FOUR,0.4392,0.0024,0.5584
DIAMONDS QUEEN DIAMONDS NINE,0.2868,0.0428,0.6704
HEARTS TWO DIAMONDS NINE,0.5154,0.2746,0.21
CLUBS TWO HEARTS KING,0.4766,0.0086,0.5148
SPADES KING CLUBS FOUR,0.4604,0.009,0.5306
DIAMONDS KING DIAMONDS NINE,0.2946,0.0312,0.6742
HEARTS THREE DIAMONDS NINE,0.5236,0.2818,0.1946
CLUBS TWO HEARTS QUEEN,0.4714,0.011,0.5176
SPADES QUEEN CLUBS FOUR,0.461,0.014,0.525
DIAMONDS NINE DIAMONDS JACK,0.2732,0.0476,0.6792
DIAMONDS NINE DIAMONDS TEN,0.266,0.0688,0.6652
CLUBS EIGHT SPADES EIGHT,0.3068,0.0578,0.6354
CLUBS EIGHT SPADES SIX,0.6198,0.0432,0.337
CLUBS EIGHT SPADES FIVE,0.6262,0.0428,0.331
CLUBS EIGHT SPADES FOUR,0.6408,0.0384,0.3208
CLUBS EIGHT SPADES THREE,0.6472,0.0414,0.3114
CLUBS EIGHT SPADES TWO,0.6554,0.0336,0.311
HEARTS SIX DIAMONDS TEN,0.45,0.0264,0.5236
DIAMONDS TEN HEARTS SEVEN,0.2984,0.071,0.6306
DIAMONDS TEN HEARTS EIGHT,0.3942,0.0264,0.5794
CLUBS FOUR CLUBS JACK,0.4344,0.016,0.5496
DIAMONDS TEN HEARTS NINE,0.292,0.0662,0.6418
CLUBS FOUR CLUBS TEN,0.4336,0.0258,0.5406
CLUBS FOUR CLUBS KING,0.4474,0.009,0.5436
CLUBS FOUR CLUBS QUEEN,0.4458,0.0118,0.5424
CLUBS TWO DIAMONDS TEN,0.476,0.0254,0.4986
CLUBS THREE DIAMONDS TEN,0.4566,0.0278,0.5156
CLUBS FOUR CLUBS ACE,0.4348,0.005,0.5602
DIAMONDS JACK DIAMONDS TEN,0.358,0.0136,0.6284
DIAMONDS QUEEN DIAMONDS TEN,0.3718,0.0056,0.6226
HEARTS TWO DIAMONDS TEN,0.4688,0.0272,0.504
DIAMONDS KING DIAMONDS TEN,0.3748,0.006,0.6192
HEARTS THREE DIAMONDS TEN,0.4598,0.024,0.5162
DIAMONDS ACE DIAMONDS TEN,0.383,0.0042,0.6128
HEARTS FOUR DIAMONDS TEN,0.4618,0.0276,0.5106
CLUBS EIGHT HEARTS JACK,0.407,0.0138,0.5792
HEARTS FIVE DIAMONDS TEN,0.4622,0.0224,0.5154
CLUBS EIGHT HEARTS TEN,0.3974,0.0228,0.5798
CLUBS EIGHT HEARTS QUEEN,0.4232,0.0096,0.5672
CLUBS EIGHT HEARTS KING,0.409,0.0096,0.5814
CLUBS EIGHT HEARTS ACE,0.4246,0.005,0.5704
CLUBS NINE SPADES THREE,0.5008,0.2844,0.2148
CLUBS NINE SPADES TWO,0.5074,0.2806,0.212
CLUBS NINE SPADES FIVE,0.504,0.2884,0.2076
CLUBS NINE SPADES FOUR,0.5014,0.283,0.2156
CLUBS NINE SPADES SIX,0.5074,0.2832,0.2094
CLUBS TEN HEARTS EIGHT,0.3928,0.0236,0.5836
CLUBS NINE SPADES EIGHT,0.2564,0.223,0.5206
CLUBS JACK HEARTS EIGHT,0.4188,0.0178,0.5634
CLUBS QUEEN HEARTS EIGHT,0.4248,0.0098,0.5654
CLUBS KING HEARTS EIGHT,0.4218,0.0052,0.573
CLUBS ACE HEARTS EIGHT,0.4116,0.0028,0.5856
SPADES KING CLUBS KING,0.211,0.01,0.779
SPADES QUEEN CLUBS KING,0.3866,0.0076,0.6058
SPADES ACE CLUBS KING,0.3896,0.004,0.6064
DIAMONDS ACE HEARTS TEN,0.4136,0.0026,0.5838
HEARTS FOUR HEARTS TEN,0.4236,0.0238,0.5526
DIAMONDS ACE HEARTS JACK,0.3982,0.0046,0.5972
HEARTS FOUR HEARTS JACK,0.4432,0.0182,0.5386
SPADES KING CLUBS FIVE,0.446,0.0094,0.5446
SPADES QUEEN CLUBS FIVE,0.446,0.0114,0.5426
SPADES ACE CLUBS FIVE,0.4328,0.0036,0.5636
DIAMONDS JACK HEARTS SEVEN,0.3116,0.048,0.6404
HEARTS SIX DIAMONDS JACK,0.4524,0.0164,0.5312
DIAMONDS JACK HEARTS NINE,0.2936,0.0598,0.6466
DIAMONDS JACK HEARTS EIGHT,0.3892,0.0172,0.5936
DIAMONDS KING DIAMONDS JACK,0.3842,0.0078,0.608
HEARTS THREE DIAMONDS JACK,0.465,0.0168,0.5182
SPADES FOUR HEARTS ACE,0.4672,0.0048,0.528
SPADES ACE SPADES SIX,0.4016,0.0048,0.5936
DIAMONDS QUEEN DIAMONDS JACK,0.3524,0.0074,0.6402
HEARTS TWO DIAMONDS JACK,0.4756,0.0204,0.504
HEARTS FIVE DIAMONDS JACK,0.4494,0.0158,0.5348
SPADES FOUR HEARTS QUEEN,0.459,0.0134,0.5276
SPADES QUEEN SPADES SIX,0.3898,0.0116,0.5986
DIAMONDS ACE DIAMONDS JACK,0.3654,0.004,0.6306
HEARTS FOUR DIAMONDS JACK,0.4606,0.0136,0.5258
SPADES FOUR HEARTS KING,0.472,0.0096,0.5184
SPADES KING SPADES SIX,0.41,0.007,0.583
SPADES TEN SPADES SIX,0.4002,0.024,0.5758
SPADES JACK SPADES SIX,0.4078,0.0198,0.5724
SPADES FOUR DIAMONDS JACK,0.46,0.0192,0.5208
SPADES FIVE DIAMONDS JACK,0.4632,0.0156,0.5212
SPADES TWO DIAMONDS JACK,0.4792,0.0158,0.505
SPADES THREE DIAMONDS JACK,0.468,0.0172,0.5148
SPADES ACE DIAMONDS THREE,0.4478,0.0042,0.548
SPADES QUEEN DIAMONDS THREE,0.4514,0.0112,0.5374
CLUBS EIGHT DIAMONDS JACK,0.4158,0.0176,0.5666
SPADES KING DIAMONDS THREE,0.4554,0.0104,0.5342
CLUBS NINE DIAMONDS JACK,0.2928,0.0564,0.6508
CLUBS SIX DIAMONDS JACK,0.451,0.0178,0.5312
CLUBS SEVEN DIAMONDS JACK,0.3108,0.0576,0.6316
CLUBS FOUR DIAMONDS JACK,0.4678,0.0178,0.5144
CLUBS FIVE DIAMONDS JACK,0.4594,0.0168,0.5238
CLUBS TWO DIAMONDS JACK,0.4756,0.016,0.5084
CLUBS THREE DIAMONDS JACK,0.479,0.024,0.497
SPADES TEN CLUBS FIVE,0.4544,0.0254,0.5202
HEARTS SIX SPADES JACK,0.451,0.0176,0.5314
HEARTS SIX SPADES TEN,0.4392,0.0218,0.539
SPADES JACK CLUBS FIVE,0.4598,0.0186,0.5216
SPADES JACK DIAMONDS THREE,0.4482,0.02,0.5318
CLUBS SEVEN CLUBS ACE,0.3034,0.0208,0.6758
DIAMONDS THREE SPADES TEN,0.4648,0.0248,0.5104
CLUBS SEVEN CLUBS QUEEN,0.3054,0.0344,0.6602
CLUBS SEVEN CLUBS KING,0.3032,0.0294,0.6674
CLUBS SEVEN CLUBS TEN,0.2794,0.0676,0.653
DIAMONDS ACE HEARTS ACE,0.2134,0.0042,0.7824
HEARTS FOUR HEARTS ACE,0.4348,0.005,0.5602
SPADES EIGHT DIAMONDS JACK,0.4046,0.015,0.5804
SPADES ACE HEARTS SIX,0.4408,0.004,0.5552
CLUBS SEVEN CLUBS JACK,0.304,0.052,0.644
DIAMONDS ACE HEARTS KING,0.4114,0.003,0.5856
HEARTS FOUR HEARTS KING,0.4278,0.0086,0.5636
SPADES KING HEARTS SIX,0.4502,0.0072,0.5426
DIAMONDS ACE HEARTS QUEEN,0.3926,0.003,0.6044
HEARTS FOUR HEARTS QUEEN,0.4384,0.0074,0.5542
SPADES SIX DIAMONDS JACK,0.4542,0.0154,0.5304
SPADES QUEEN HEARTS SIX,0.4436,0.0098,0.5466
SPADES TWO DIAMONDS TEN,0.4586,0.0254,0.516
SPADES THREE DIAMONDS TEN,0.473,0.0296,0.4974
SPADES FOUR DIAMONDS TEN,0.452,0.028,0.52
SPADES FIVE DIAMONDS TEN,0.4474,0.026,0.5266
SPADES SIX DIAMONDS TEN,0.44,0.0308,0.5292
SPADES EIGHT DIAMONDS TEN,0.3916,0.023,0.5854
CLUBS FOUR DIAMONDS TEN,0.4558,0.024,0.5202
CLUBS FIVE DIAMONDS TEN,0.459,0.0248,0.5162
CLUBS SIX DIAMONDS TEN,0.4438,0.0252,0.531
CLUBS SEVEN DIAMONDS TEN,0.2934,0.0714,0.6352
CLUBS EIGHT DIAMONDS TEN,0.3956,0.0218,0.5826
CLUBS NINE DIAMONDS TEN,0.2846,0.0732,0.6422
DIAMONDS THREE CLUBS JACK,0.4552,0.0154,0.5294
DIAMONDS THREE CLUBS TEN,0.4594,0.0242,0.5164
DIAMONDS THREE CLUBS KING,0.4738,0.0088,0.5174
DIAMONDS THREE CLUBS QUEEN,0.4508,0.0108,0.5384
DIAMONDS THREE CLUBS ACE,0.4698,0.0042,0.526
SPADES FOUR HEARTS JACK,0.464,0.0148,0.5212
SPADES FOUR HEARTS TEN,0.4624,0.0236,0.514
SPADES FIVE SPADES TWO,0.6402,0.0392,0.3206
SPADES FOUR SPADES TWO,0.643,0.0434,0.3136
SPADES THREE SPADES TWO,0.6278,0.044,0.3282
SPADES EIGHT SPADES TWO,0.644,0.042,0.314
SPADES SIX SPADES TWO,0.668,0.038,0.294
DIAMONDS QUEEN CLUBS THREE,0.466,0.0114,0.5226
HEARTS TWO CLUBS THREE,0.6534,0.0382,0.3084
DIAMONDS QUEEN CLUBS TWO,0.4822,0.0088,0.509
CLUBS TWO HEARTS TWO,0.4542,0.0686,0.4772
DIAMONDS QUEEN HEARTS SEVEN,0.3168,0.0422,0.641
HEARTS TWO HEARTS SEVEN,0.6558,0.0942,0.25
HEARTS SIX DIAMONDS QUEEN,0.4486,0.012,0.5394
HEARTS SIX HEARTS TWO,0.6256,0.0376,0.3368
DIAMONDS QUEEN HEARTS NINE,0.3018,0.0442,0.654
HEARTS TWO HEARTS NINE,0.4966,0.2516,0.2518
DIAMONDS QUEEN HEARTS EIGHT,0.4206,0.0076,0.5718
HEARTS TWO HEARTS EIGHT,0.6274,0.034,0.3386
CLUBS NINE HEARTS TWO,0.524,0.2724,0.2036
CLUBS NINE DIAMONDS QUEEN,0.2958,0.0442,0.66
CLUBS EIGHT HEARTS TWO,0.6672,0.04,0.2928
CLUBS EIGHT DIAMONDS QUEEN,0.4094,0.0088,0.5818
CLUBS FIVE DIAMONDS QUEEN,0.4576,0.0094,0.533
CLUBS FIVE HEARTS TWO,0.6438,0.0396,0.3166
SPADES EIGHT HEARTS ACE,0.4078,0.003,0.5892
CLUBS FOUR DIAMONDS QUEEN,0.468,0.0102,0.5218
CLUBS FOUR HEARTS TWO,0.6388,0.0406,0.3206
SPADES EIGHT HEARTS QUEEN,0.4022,0.0116,0.5862
CLUBS SEVEN HEARTS TWO,0.6838,0.1044,0.2118
CLUBS SEVEN DIAMONDS QUEEN,0.322,0.0474,0.6306
CLUBS SIX DIAMONDS QUEEN,0.4536,0.0118,0.5346
CLUBS SIX HEARTS TWO,0.6602,0.0424,0.2974
SPADES EIGHT HEARTS KING,0.4346,0.009,0.5564
DIAMONDS QUEEN SPADES SIX,0.4376,0.0118,0.5506
SPADES SIX HEARTS TWO,0.6512,0.0412,0.3076
HEARTS FOUR CLUBS QUEEN,0.4668,0.011,0.5222
DIAMONDS ACE CLUBS QUEEN,0.3962,0.0034,0.6004
HEARTS FOUR CLUBS KING,0.4634,0.0076,0.529
DIAMONDS ACE CLUBS KING,0.3994,0.0032,0.5974
SPADES EIGHT DIAMONDS QUEEN,0.413,0.014,0.573
SPADES EIGHT HEARTS TWO,0.6654,0.0336,0.301
HEARTS FOUR CLUBS ACE,0.4666,0.0026,0.5308
DIAMONDS ACE CLUBS ACE,0.2138,0.0028,0.7834
HEARTS TWO SPADES TWO,0.4596,0.0706,0.4698
DIAMONDS QUEEN SPADES TWO,0.4594,0.0138,0.5268
HEARTS TWO SPADES THREE,0.6448,0.0408,0.3144
DIAMONDS QUEEN SPADES THREE,0.4542,0.0122,0.5336
HEARTS TWO SPADES FOUR,0.6468,0.0412,0.312
DIAMONDS QUEEN SPADES FOUR,0.4672,0.009,0.5238
HEARTS FOUR CLUBS TEN,0.4618,0.0238,0.5144
DIAMONDS ACE CLUBS TEN,0.4034,0.0036,0.593
DIAMONDS QUEEN SPADES FIVE,0.4548,0.0134,0.5318
HEARTS TWO SPADES FIVE,0.6476,0.0412,0.3112
HEARTS FOUR CLUBS JACK,0.4684,0.0146,0.517
DIAMONDS ACE CLUBS JACK,0.4088,0.005,0.5862
CLUBS FIVE CLUBS KING,0.4412,0.0084,0.5504
CLUBS FIVE CLUBS QUEEN,0.433,0.0126,0.5544
CLUBS FIVE CLUBS ACE,0.4298,0.0044,0.5658
CLUBS FIVE CLUBS JACK,0.4254,0.0154,0.5592
CLUBS FIVE CLUBS TEN,0.4346,0.0222,0.5432
SPADES KING CLUBS JACK,0.3826,0.007,0.6104
SPADES QUEEN CLUBS JACK,0.3658,0.0092,0.625
SPADES ACE CLUBS JACK,0.3856,0.0036,0.6108
SPADES SIX CLUBS KING,0.4522,0.0082,0.5396
SPADES SIX CLUBS QUEEN,0.4468,0.0122,0.541
SPADES EIGHT HEARTS JACK,0.3998,0.0166,0.5836
SPADES SIX CLUBS ACE,0.4534,0.004,0.5426
SPADES EIGHT HEARTS TEN,0.384,0.0254,0.5906
SPADES SIX CLUBS JACK,0.448,0.0158,0.5362
SPADES SIX CLUBS TEN,0.4394,0.024,0.5366
SPADES TEN CLUBS JACK,0.3656,0.0116,0.6228
SPADES JACK CLUBS JACK,0.2044,0.0298,0.7658
SPADES QUEEN CLUBS SEVEN,0.3078,0.044,0.6482
SPADES KING CLUBS SEVEN,0.3068,0.0378,0.6554
SPADES ACE CLUBS SEVEN,0.3062,0.0242,0.6696
SPADES SIX HEARTS TEN,0.435,0.0232,0.5418
SPADES SIX HEARTS JACK,0.4654,0.0162,0.5184
SPADES SIX HEARTS ACE,0.4448,0.0048,0.5504
SPADES SIX HEARTS KING,0.4642,0.0052,0.5306
SPADES SIX HEARTS QUEEN,0.4584,0.0122,0.5294
SPADES JACK CLUBS SEVEN,0.2992,0.063,0.6378
CLUBS SEVEN SPADES TEN,0.269,0.0776,0.6534
HEARTS SIX CLUBS TEN,0.4454,0.026,0.5286
HEARTS SIX CLUBS JACK,0.449,0.0142,0.5368
CLUBS ACE CLUBS JACK,0.3736,0.0056,0.6208
HEARTS SIX CLUBS QUEEN,0.4528,0.0112,0.536
HEARTS SIX CLUBS KING,0.4524,0.0068,0.5408
HEARTS SIX CLUBS ACE,0.4594,0.0042,0.5364
CLUBS QUEEN CLUBS JACK,0.3538,0.0096,0.6366
CLUBS KING CLUBS JACK,0.3694,0.0074,0.6232
DIAMONDS THREE HEARTS ACE,0.4598,0.0036,0.5366
DIAMONDS THREE HEARTS QUEEN,0.4778,0.0112,0.511
DIAMONDS THREE HEARTS KING,0.4682,0.0084,0.5234
CLUBS FIVE HEARTS JACK,0.4576,0.02,0.5224
SPADES TEN DIAMONDS ACE,0.3836,0.0054,0.611
HEARTS FOUR SPADES TEN,0.4518,0.0268,0.5214
CLUBS FIVE HEARTS TEN,0.4616,0.0218,0.5166
HEARTS FOUR SPADES JACK,0.4526,0.0164,0.531
SPADES JACK DIAMONDS ACE,0.3826,0.0038,0.6136
SPADES ACE HEARTS FOUR,0.4456,0.0074,0.547
SPADES ACE DIAMONDS ACE,0.1912,0.0048,0.804
CLUBS FIVE HEARTS ACE,0.461,0.0034,0.5356
CLUBS FIVE HEARTS KING,0.4618,0.0052,0.533
SPADES FOUR CLUBS JACK,0.4664,0.0174,0.5162
HEARTS FOUR SPADES QUEEN,0.464,0.0114,0.5246
SPADES QUEEN DIAMONDS ACE,0.38,0.0038,0.6162
CLUBS FIVE HEARTS QUEEN,0.464,0.0124,0.5236
SPADES FOUR CLUBS TEN,0.4462,0.0242,0.5296
SPADES KING DIAMONDS ACE,0.3936,0.0028,0.6036
HEARTS FOUR SPADES KING,0.4568,0.0088,0.5344
DIAMONDS QUEEN DIAMONDS ACE,0.3702,0.004,0.6258
HEARTS TWO DIAMONDS ACE,0.467,0.0032,0.5298
HEARTS FOUR DIAMONDS QUEEN,0.464,0.0112,0.5248
HEARTS FOUR HEARTS TWO,0.6122,0.0388,0.349
DIAMONDS THREE HEARTS TEN,0.459,0.022,0.519
SPADES FOUR CLUBS KING,0.4634,0.009,0.5276
HEARTS FIVE DIAMONDS QUEEN,0.467,0.0102,0.5228
HEARTS FIVE HEARTS TWO,0.6158,0.0376,0.3466
DIAMONDS THREE HEARTS JACK,0.4674,0.0156,0.517
SPADES FOUR CLUBS QUEEN,0.4502,0.0104,0.5394
DIAMONDS QUEEN HEARTS TWO,0.46,0.011,0.529
DIAMONDS KING DIAMONDS QUEEN,0.3724,0.0056,0.622
DIAMONDS KING HEARTS TWO,0.4606,0.0074,0.532
HEARTS THREE DIAMONDS QUEEN,0.4624,0.0086,0.529
HEARTS THREE HEARTS TWO,0.6186,0.038,0.3434
SPADES FOUR CLUBS ACE,0.4598,0.0048,0.5354
HEARTS TWO CLUBS ACE,0.462,0.0042,0.5338
DIAMONDS QUEEN CLUBS ACE,0.3944,0.0034,0.6022
HEARTS TWO CLUBS QUEEN,0.4714,0.0108,0.5178
DIAMONDS QUEEN CLUBS QUEEN,0.2246,0.0238,0.7516
HEARTS TWO CLUBS KING,0.4644,0.0082,0.5274
DIAMONDS QUEEN CLUBS KING,0.3836,0.0054,0.611
SPADES EIGHT SPADES FIVE,0.6214,0.0432,0.3354
HEARTS TWO CLUBS TEN,0.4692,0.0296,0.5012
DIAMONDS QUEEN CLUBS TEN,0.3816,0.0084,0.61
HEARTS TWO CLUBS JACK,0.4696,0.0156,0.5148
DIAMONDS QUEEN CLUBS JACK,0.3908,0.0104,0.5988
SPADES SIX SPADES FIVE,0.6078,0.042,0.3502
DIAMONDS FIVE CLUBS QUEEN,0.4594,0.01,0.5306
SPADES EIGHT CLUBS ACE,0.4142,0.0038,0.582
CLUBS KING DIAMONDS FIVE,0.4406,0.0058,0.5536
SPADES EIGHT CLUBS KING,0.4246,0.0068,0.5686
CLUBS ACE DIAMONDS FIVE,0.4528,0.0032,0.544
SPADES EIGHT CLUBS QUEEN,0.4186,0.0112,0.5702
SPADES EIGHT CLUBS JACK,0.3932,0.0174,0.5894
SPADES EIGHT CLUBS TEN,0.3828,0.0266,0.5906
DIAMONDS FIVE CLUBS TEN,0.463,0.0266,0.5104
DIAMONDS FIVE CLUBS JACK,0.4504,0.0162,0.5334
HEARTS JACK DIAMONDS TEN,0.3716,0.0126,0.6158
DIAMONDS TEN HEARTS TEN,0.2082,0.035,0.7568
SPADES ACE CLUBS NINE,0.2982,0.0212,0.6806
CLUBS NINE SPADES QUEEN,0.2826,0.0508,0.6666
SPADES KING CLUBS NINE,0.3156,0.0366,0.6478
HEARTS SIX HEARTS KING,0.4344,0.006,0.5596
SPADES KING DIAMONDS SEVEN,0.3162,0.0314,0.6524
HEARTS SIX HEARTS QUEEN,0.4334,0.0106,0.556
DIAMONDS KING SPADES SIX,0.4466,0.0072,0.5462
HEARTS THREE SPADES SIX,0.6444,0.0348,0.3208
SPADES QUEEN DIAMONDS SEVEN,0.3172,0.0394,0.6434
HEARTS SIX HEARTS ACE,0.422,0.005,0.573
DIAMONDS KING SPADES EIGHT,0.4238,0.0074,0.5688
HEARTS THREE SPADES EIGHT,0.668,0.0426,0.2894
SPADES ACE DIAMONDS SEVEN,0.3128,0.0204,0.6668
CLUBS NINE HEARTS THREE,0.5088,0.2836,0.2076
CLUBS NINE DIAMONDS KING,0.3176,0.036,0.6464
CLUBS EIGHT HEARTS THREE,0.6446,0.0472,0.3082
CLUBS EIGHT DIAMONDS KING,0.4218,0.0072,0.571
HEARTS THREE SPADES THREE,0.4504,0.071,0.4786
DIAMONDS KING SPADES THREE,0.4698,0.0082,0.522
HEARTS THREE SPADES TWO,0.6392,0.043,0.3178
DIAMONDS KING SPADES TWO,0.4712,0.0068,0.522
