opposingHand,winningChance,drawChance,lostChance
SPADES ACE HEARTS EIGHT
SPADES TEN HEARTS FIVE,0.639,0.007,0.354
SPADES JACK HEARTS FIVE,0.636,0.0038,0.3602
SPADES FIVE CLUBS JACK,0.646,0.0044,0.3496
CLUBS TEN SPADES FIVE,0.632,0.0036,0.3644
CLUBS EIGHT CLUBS JACK,0.657,0.0252,0.3178
CLUBS TEN CLUBS EIGHT,0.6538,0.0194,0.3268
CLUBS EIGHT CLUBS KING,0.687,0.0276,0.2854
SPADES FIVE CLUBS ACE,0.518,0.2322,0.2498
CLUBS EIGHT CLUBS QUEEN,0.6958,0.0188,0.2854
SPADES FIVE CLUBS KING,0.6376,0.0036,0.3588
SPADES FIVE CLUBS QUEEN,0.6238,0.0056,0.3706
CLUBS EIGHT CLUBS ACE,0.0188,0.9106,0.0706
DIAMONDS TWO DIAMONDS THREE,0.6106,0.0052,0.3842
DIAMONDS TWO DIAMONDS FIVE,0.6142,0.0072,0.3786
SPADES KING HEARTS FIVE,0.6362,0.0066,0.3572
DIAMONDS TWO DIAMONDS FOUR,0.6102,0.0046,0.3852
SPADES QUEEN HEARTS FIVE,0.635,0.005,0.36
DIAMONDS TWO DIAMONDS SEVEN,0.6476,0.0034,0.349
DIAMONDS TWO DIAMONDS SIX,0.624,0.0026,0.3734
DIAMONDS TWO DIAMONDS NINE,0.6092,0.0044,0.3864
DIAMONDS TWO DIAMONDS EIGHT,0.6944,0.0284,0.2772
DIAMONDS THREE DIAMONDS FOUR,0.609,0.0034,0.3876
SPADES FOUR CLUBS TWO,0.6558,0.0064,0.3378
DIAMONDS THREE DIAMONDS FIVE,0.5932,0.0058,0.401
SPADES FIVE CLUBS TWO,0.6568,0.0056,0.3376
CLUBS TWO SPADES TWO,0.47,0.0066,0.5234
CLUBS TWO SPADES THREE,0.6548,0.006,0.3392
DIAMONDS THREE DIAMONDS EIGHT,0.7004,0.0276,0.272
SPADES EIGHT CLUBS TWO,0.7598,0.031,0.2092
DIAMONDS THREE DIAMONDS NINE,0.6076,0.0052,0.3872
SPADES NINE CLUBS TWO,0.6484,0.0046,0.347
DIAMONDS THREE DIAMONDS SIX,0.6012,0.0026,0.3962
SPADES SIX CLUBS TWO,0.6658,0.0046,0.3296
DIAMONDS THREE DIAMONDS SEVEN,0.6196,0.0032,0.3772
SPADES SEVEN CLUBS TWO,0.6848,0.0036,0.3116
CLUBS SIX CLUBS TWO,0.6222,0.005,0.3728
CLUBS SEVEN CLUBS TWO,0.6314,0.0048,0.3638
CLUBS FOUR CLUBS TWO,0.605,0.0056,0.3894
CLUBS FIVE CLUBS TWO,0.6122,0.003,0.3848
CLUBS TEN CLUBS JACK,0.5272,0.0032,0.4696
DIAMONDS FOUR DIAMONDS SIX,0.6056,0.0038,0.3906
CLUBS TEN CLUBS QUEEN,0.531,0.003,0.466
DIAMONDS FOUR DIAMONDS SEVEN,0.6042,0.0052,0.3906
CLUBS TEN CLUBS KING,0.535,0.0046,0.4604
CLUBS TEN CLUBS ACE,0.2236,0.113,0.6634
CLUBS EIGHT CLUBS TWO,0.7006,0.0308,0.2686
DIAMONDS FIVE DIAMONDS FOUR,0.581,0.004,0.415
CLUBS NINE CLUBS TWO,0.6098,0.0024,0.3878
DIAMONDS NINE DIAMONDS FOUR,0.5972,0.0052,0.3976
DIAMONDS EIGHT DIAMONDS FOUR,0.6968,0.0304,0.2728
CLUBS THREE CLUBS TWO,0.6008,0.0058,0.3934
DIAMONDS NINE DIAMONDS FIVE,0.5956,0.0044,0.4
DIAMONDS TWO CLUBS JACK,0.6344,0.0052,0.3604
DIAMONDS EIGHT DIAMONDS FIVE,0.6742,0.0262,0.2996
CLUBS TEN DIAMONDS TWO,0.646,0.0032,0.3508
DIAMONDS FIVE DIAMONDS SEVEN,0.597,0.0046,0.3984
DIAMONDS FIVE DIAMONDS SIX,0.5912,0.0036,0.4052
DIAMONDS TWO CLUBS ACE,0.5336,0.2244,0.242
DIAMONDS TWO CLUBS KING,0.6286,0.0042,0.3672
DIAMONDS TWO CLUBS QUEEN,0.646,0.0032,0.3508
DIAMONDS EIGHT DIAMONDS SIX,0.6692,0.0268,0.304
DIAMONDS NINE DIAMONDS SIX,0.5898,0.0016,0.4086
HEARTS ACE SPADES THREE,0.5244,0.2358,0.2398
SPADES THREE HEARTS KING,0.6546,0.0052,0.3402
DIAMONDS SEVEN DIAMONDS SIX,0.5958,0.003,0.4012
SPADES THREE HEARTS QUEEN,0.6424,0.0046,0.353
SPADES THREE HEARTS JACK,0.6434,0.0048,0.3518
SPADES THREE HEARTS TEN,0.6342,0.005,0.3608
DIAMONDS EIGHT DIAMONDS SEVEN,0.6558,0.023,0.3212
DIAMONDS NINE DIAMONDS SEVEN,0.571,0.0026,0.4264
DIAMONDS NINE DIAMONDS EIGHT,0.6434,0.0204,0.3362
DIAMONDS KING HEARTS TEN,0.5738,0.005,0.4212
HEARTS THREE HEARTS TEN,0.6058,0.0046,0.3896
SPADES JACK CLUBS SIX,0.649,0.0056,0.3454
DIAMONDS KING HEARTS JACK,0.5714,0.0044,0.4242
HEARTS THREE HEARTS JACK,0.6122,0.0064,0.3814
SPADES TEN CLUBS SIX,0.6328,0.0038,0.3634
SPADES JACK SPADES FIVE,0.6016,0.0048,0.3936
SPADES TEN SPADES FIVE,0.6106,0.0048,0.3846
DIAMONDS KING HEARTS ACE,0.249,0.0506,0.7004
HEARTS THREE HEARTS ACE,0.5164,0.2196,0.264
DIAMONDS KING HEARTS QUEEN,0.5732,0.0048,0.422
HEARTS THREE HEARTS QUEEN,0.5976,0.005,0.3974
SPADES KING CLUBS SIX,0.6334,0.005,0.3616
DIAMONDS KING HEARTS KING,0.2858,0.0028,0.7114
HEARTS THREE HEARTS KING,0.6056,0.005,0.3894
SPADES QUEEN CLUBS SIX,0.6454,0.0036,0.351
SPADES NINE HEARTS TEN,0.5626,0.004,0.4334
SPADES NINE HEARTS JACK,0.5802,0.0048,0.415
SPADES QUEEN SPADES FIVE,0.6134,0.0038,0.3828
SPADES KING SPADES FIVE,0.6158,0.005,0.3792
SPADES NINE HEARTS QUEEN,0.5974,0.0046,0.398
SPADES NINE HEARTS KING,0.5974,0.0056,0.397
SPADES NINE HEARTS ACE,0.217,0.175,0.608
CLUBS TEN SPADES JACK,0.5582,0.0032,0.4386
CLUBS TEN SPADES TEN,0.3258,0.0032,0.671
SPADES KING CLUBS TEN,0.562,0.0044,0.4336
SPADES QUEEN CLUBS TEN,0.5746,0.0024,0.423
SPADES FIVE HEARTS QUEEN,0.6262,0.0042,0.3696
SPADES FIVE HEARTS KING,0.6192,0.0066,0.3742
SPADES FIVE HEARTS ACE,0.5274,0.2378,0.2348
HEARTS THREE SPADES JACK,0.6452,0.0066,0.3482
SPADES JACK DIAMONDS KING,0.5818,0.0052,0.413
SPADES TEN CLUBS EIGHT,0.7054,0.0244,0.2702
SPADES JACK CLUBS EIGHT,0.7264,0.0224,0.2512
HEARTS THREE SPADES TEN,0.6444,0.0058,0.3498
SPADES TEN DIAMONDS KING,0.5814,0.0056,0.413
CLUBS SIX HEARTS ACE,0.5476,0.2158,0.2366
HEARTS FIVE CLUBS JACK,0.6452,0.003,0.3518
CLUBS TEN HEARTS FIVE,0.6406,0.0064,0.353
CLUBS SIX HEARTS QUEEN,0.6414,0.0038,0.3548
SPADES QUEEN CLUBS EIGHT,0.7346,0.0276,0.2378
CLUBS TEN SPADES THREE,0.6404,0.0022,0.3574
CLUBS SIX HEARTS KING,0.6314,0.0036,0.365
SPADES KING CLUBS EIGHT,0.753,0.0258,0.2212
SPADES THREE CLUBS JACK,0.6564,0.0052,0.3384
DIAMONDS TWO HEARTS JACK,0.6432,0.005,0.3518
SPADES THREE CLUBS QUEEN,0.6458,0.0028,0.3514
DIAMONDS TWO HEARTS TEN,0.636,0.0052,0.3588
SPADES THREE CLUBS KING,0.6398,0.003,0.3572
HEARTS FIVE CLUBS ACE,0.536,0.2268,0.2372
SPADES FIVE HEARTS TEN,0.6482,0.0054,0.3464
SPADES THREE CLUBS ACE,0.5318,0.2262,0.242
HEARTS FIVE CLUBS KING,0.6356,0.0044,0.36
SPADES FIVE HEARTS JACK,0.627,0.0064,0.3666
HEARTS FIVE CLUBS QUEEN,0.6468,0.0042,0.349
HEARTS THREE CLUBS KING,0.6366,0.0046,0.3588
DIAMONDS KING CLUBS KING,0.283,0.004,0.713
HEARTS THREE CLUBS QUEEN,0.6502,0.0034,0.3464
DIAMONDS KING CLUBS QUEEN,0.5698,0.004,0.4262
HEARTS FIVE HEARTS JACK,0.6026,0.0058,0.3916
HEARTS FIVE HEARTS TEN,0.6074,0.006,0.3866
HEARTS THREE CLUBS ACE,0.5372,0.2256,0.2372
DIAMONDS KING CLUBS ACE,0.2482,0.0498,0.702
SPADES KING CLUBS QUEEN,0.5808,0.004,0.4152
HEARTS THREE CLUBS JACK,0.6382,0.0038,0.358
DIAMONDS KING CLUBS JACK,0.5818,0.0026,0.4156
SPADES QUEEN CLUBS QUEEN,0.2888,0.0042,0.707
CLUBS TEN HEARTS THREE,0.6372,0.0046,0.3582
CLUBS TEN DIAMONDS KING,0.5656,0.004,0.4304
SPADES JACK CLUBS QUEEN,0.5748,0.0032,0.422
CLUBS SIX CLUBS QUEEN,0.5902,0.0024,0.4074
SPADES TEN CLUBS QUEEN,0.5644,0.004,0.4316
CLUBS SIX CLUBS KING,0.5864,0.002,0.4116
CLUBS SIX CLUBS ACE,0.5042,0.2162,0.2796
HEARTS FIVE HEARTS KING,0.6052,0.0058,0.389
HEARTS FIVE HEARTS QUEEN,0.6058,0.004,0.3902
CLUBS TEN CLUBS SIX,0.5806,0.0052,0.4142
HEARTS FIVE HEARTS ACE,0.5,0.2176,0.2824
CLUBS SIX CLUBS JACK,0.603,0.0042,0.3928
SPADES SEVEN HEARTS JACK,0.616,0.0036,0.3804
SPADES SEVEN HEARTS TEN,0.6228,0.0032,0.374
DIAMONDS TWO CLUBS TWO,0.479,0.0058,0.5152
DIAMONDS TWO CLUBS THREE,0.65,0.006,0.344
HEARTS SIX DIAMONDS TWO,0.6692,0.0062,0.3246
DIAMONDS TWO HEARTS QUEEN,0.6414,0.0048,0.3538
DIAMONDS TWO HEARTS SEVEN,0.6816,0.004,0.3144
DIAMONDS TWO HEARTS KING,0.641,0.0046,0.3544
DIAMONDS TWO HEARTS ACE,0.5398,0.222,0.2382
DIAMONDS TWO HEARTS NINE,0.6512,0.0054,0.3434
DIAMONDS TWO DIAMONDS QUEEN,0.6018,0.005,0.3932
DIAMONDS TWO HEARTS TWO,0.468,0.0076,0.5244
DIAMONDS TWO DIAMONDS KING,0.5826,0.0046,0.4128
HEARTS THREE DIAMONDS TWO,0.6648,0.0042,0.331
DIAMONDS TWO DIAMONDS ACE,0.4976,0.2172,0.2852
HEARTS FOUR DIAMONDS TWO,0.6592,0.0042,0.3366
DIAMONDS TWO HEARTS FIVE,0.6432,0.005,0.3518
SPADES SEVEN HEARTS ACE,0.5394,0.2432,0.2174
DIAMONDS TWO DIAMONDS TEN,0.6074,0.003,0.3896
SPADES SEVEN HEARTS KING,0.6328,0.0038,0.3634
DIAMONDS TWO DIAMONDS JACK,0.6148,0.0048,0.3804
SPADES SEVEN HEARTS QUEEN,0.6348,0.0054,0.3598
DIAMONDS TWO SPADES NINE,0.6544,0.005,0.3406
DIAMONDS TWO SPADES EIGHT,0.7584,0.0254,0.2162
DIAMONDS TWO SPADES SEVEN,0.6872,0.0032,0.3096
DIAMONDS TWO SPADES SIX,0.6648,0.0054,0.3298
DIAMONDS TWO SPADES FIVE,0.6524,0.0058,0.3418
DIAMONDS TWO SPADES FOUR,0.658,0.0052,0.3368
DIAMONDS TWO SPADES THREE,0.6584,0.0066,0.335
DIAMONDS TWO SPADES TWO,0.4814,0.0046,0.514
CLUBS NINE DIAMONDS TWO,0.648,0.0038,0.3482
DIAMONDS TWO CLUBS EIGHT,0.7522,0.0298,0.218
CLUBS SEVEN DIAMONDS TWO,0.6816,0.0044,0.314
DIAMONDS TWO CLUBS SIX,0.6606,0.0042,0.3352
DIAMONDS TWO CLUBS FIVE,0.658,0.0052,0.3368
DIAMONDS TWO CLUBS FOUR,0.6462,0.0048,0.349
CLUBS FOUR SPADES FIVE,0.6338,0.004,0.3622
CLUBS FOUR SPADES FOUR,0.4628,0.0048,0.5324
CLUBS FOUR SPADES THREE,0.6572,0.0042,0.3386
CLUBS FOUR SPADES TWO,0.647,0.0048,0.3482
SPADES NINE CLUBS FOUR,0.6446,0.0046,0.3508
SPADES EIGHT CLUBS FOUR,0.7368,0.0338,0.2294
SPADES SEVEN CLUBS FOUR,0.6358,0.0054,0.3588
SPADES SIX CLUBS FOUR,0.6472,0.0052,0.3476
SPADES QUEEN DIAMONDS SIX,0.6396,0.0038,0.3566
SPADES KING DIAMONDS SIX,0.6494,0.0034,0.3472
SPADES TEN DIAMONDS SIX,0.6258,0.0036,0.3706
SPADES JACK DIAMONDS SIX,0.647,0.0038,0.3492
SPADES QUEEN SPADES TWO,0.614,0.005,0.381
SPADES KING SPADES TWO,0.613,0.0048,0.3822
DIAMONDS JACK CLUBS JACK,0.3034,0.0022,0.6944
CLUBS TEN DIAMONDS JACK,0.5666,0.0024,0.431
DIAMONDS JACK CLUBS KING,0.5632,0.0048,0.432
DIAMONDS JACK CLUBS QUEEN,0.5576,0.0026,0.4398
DIAMONDS THREE DIAMONDS JACK,0.5906,0.0044,0.405
DIAMONDS THREE DIAMONDS TEN,0.6046,0.0046,0.3908
DIAMONDS JACK CLUBS ACE,0.2368,0.0848,0.6784
DIAMONDS THREE DIAMONDS KING,0.5848,0.0046,0.4106
HEARTS THREE DIAMONDS THREE,0.4846,0.004,0.5114
DIAMONDS THREE DIAMONDS QUEEN,0.5942,0.004,0.4018
DIAMONDS THREE HEARTS TWO,0.6592,0.006,0.3348
HEARTS FIVE DIAMONDS THREE,0.629,0.0062,0.3648
DIAMONDS THREE DIAMONDS ACE,0.4912,0.2214,0.2874
HEARTS FOUR DIAMONDS THREE,0.6594,0.0036,0.337
DIAMONDS THREE HEARTS SEVEN,0.683,0.0044,0.3126
SPADES TEN SPADES NINE,0.5488,0.0046,0.4466
HEARTS SIX DIAMONDS THREE,0.6626,0.0036,0.3338
SPADES JACK SPADES NINE,0.5644,0.0038,0.4318
DIAMONDS THREE HEARTS NINE,0.6384,0.0052,0.3564
HEARTS JACK DIAMONDS FOUR,0.6374,0.0038,0.3588
HEARTS ACE HEARTS KING,0.2408,0.0486,0.7106
SPADES TEN SPADES TWO,0.6174,0.0066,0.376
HEARTS TEN DIAMONDS FOUR,0.6348,0.0056,0.3596
SPADES JACK SPADES TWO,0.6174,0.0046,0.378
HEARTS QUEEN DIAMONDS FOUR,0.6402,0.005,0.3548
HEARTS KING DIAMONDS FOUR,0.6278,0.0044,0.3678
HEARTS ACE DIAMONDS FOUR,0.529,0.2264,0.2446
SPADES KING SPADES NINE,0.5678,0.0052,0.427
SPADES QUEEN SPADES NINE,0.5604,0.005,0.4346
DIAMONDS THREE SPADES NINE,0.6532,0.0056,0.3412
DIAMONDS THREE SPADES EIGHT,0.7642,0.0334,0.2024
DIAMONDS THREE SPADES SEVEN,0.6634,0.0046,0.332
DIAMONDS THREE SPADES SIX,0.6602,0.005,0.3348
DIAMONDS THREE CLUBS SIX,0.6586,0.0036,0.3378
CLUBS FIVE CLUBS SIX,0.5844,0.0024,0.4132
CLUBS ACE DIAMONDS FOUR,0.5302,0.235,0.2348
CLUBS SEVEN DIAMONDS THREE,0.664,0.0034,0.3326
CLUBS SEVEN CLUBS FIVE,0.5932,0.0042,0.4026
DIAMONDS THREE CLUBS FOUR,0.6304,0.0058,0.3638
DIAMONDS FOUR CLUBS QUEEN,0.638,0.0026,0.3594
DIAMONDS THREE CLUBS FIVE,0.6442,0.0028,0.353
CLUBS KING DIAMONDS FOUR,0.6384,0.0042,0.3574
DIAMONDS THREE CLUBS TWO,0.6534,0.0058,0.3408
CLUBS TEN DIAMONDS FOUR,0.641,0.0028,0.3562
DIAMONDS THREE CLUBS THREE,0.4672,0.0042,0.5286
DIAMONDS FOUR CLUBS JACK,0.647,0.0026,0.3504
DIAMONDS THREE SPADES FOUR,0.6422,0.0044,0.3534
DIAMONDS THREE SPADES FIVE,0.643,0.0046,0.3524
DIAMONDS THREE SPADES TWO,0.668,0.0042,0.3278
DIAMONDS THREE SPADES THREE,0.4552,0.0044,0.5404
CLUBS EIGHT DIAMONDS THREE,0.75,0.0324,0.2176
CLUBS NINE DIAMONDS THREE,0.6484,0.0056,0.346
SPADES SEVEN CLUBS ACE,0.555,0.229,0.216
SPADES SEVEN CLUBS QUEEN,0.6374,0.0036,0.359
SPADES SEVEN CLUBS KING,0.6438,0.004,0.3522
CLUBS FIVE SPADES SEVEN,0.6446,0.0034,0.352
CLUBS TEN SPADES SEVEN,0.62,0.0028,0.3772
CLUBS FIVE SPADES SIX,0.6228,0.004,0.3732
SPADES SEVEN CLUBS JACK,0.6454,0.0032,0.3514
SPADES NINE CLUBS FIVE,0.6408,0.0058,0.3534
CLUBS FIVE SPADES EIGHT,0.7306,0.025,0.2444
CLUBS FIVE SPADES THREE,0.6382,0.0038,0.358
CLUBS FIVE SPADES TWO,0.6684,0.005,0.3266
CLUBS FIVE SPADES FIVE,0.45,0.0052,0.5448
CLUBS FIVE SPADES FOUR,0.6328,0.0044,0.3628
CLUBS NINE CLUBS FIVE,0.594,0.0042,0.4018
CLUBS EIGHT CLUBS FIVE,0.6776,0.026,0.2964
CLUBS ACE CLUBS QUEEN,0.2242,0.0552,0.7206
CLUBS KING CLUBS QUEEN,0.5326,0.0038,0.4636
DIAMONDS TEN DIAMONDS FOUR,0.5982,0.0056,0.3962
CLUBS TEN DIAMONDS NINE,0.5728,0.0028,0.4244
DIAMONDS JACK DIAMONDS FOUR,0.5894,0.0044,0.4062
DIAMONDS NINE CLUBS JACK,0.5712,0.0032,0.4256
SPADES NINE CLUBS JACK,0.5754,0.0038,0.4208
CLUBS TEN SPADES NINE,0.5646,0.0044,0.431
DIAMONDS ACE DIAMONDS FOUR,0.495,0.2204,0.2846
HEARTS FOUR DIAMONDS FOUR,0.4702,0.005,0.5248
DIAMONDS JACK HEARTS TEN,0.5496,0.0042,0.4462
SPADES NINE CLUBS KING,0.5986,0.0032,0.3982
DIAMONDS TWO SPADES TEN,0.6622,0.0054,0.3324
DIAMONDS NINE CLUBS ACE,0.2274,0.1712,0.6014
HEARTS FIVE DIAMONDS FOUR,0.6206,0.0062,0.3732
DIAMONDS JACK HEARTS JACK,0.3072,0.0024,0.6904
SPADES NINE CLUBS QUEEN,0.5812,0.004,0.4148
SPADES JACK DIAMONDS TWO,0.651,0.0046,0.3444
DIAMONDS QUEEN DIAMONDS FOUR,0.5928,0.0034,0.4038
HEARTS TWO DIAMONDS FOUR,0.6474,0.0068,0.3458
DIAMONDS NINE CLUBS QUEEN,0.5886,0.0026,0.4088
DIAMONDS KING DIAMONDS FOUR,0.5908,0.0024,0.4068
HEARTS THREE DIAMONDS FOUR,0.6336,0.0054,0.361
SPADES NINE CLUBS ACE,0.231,0.1708,0.5982
DIAMONDS NINE CLUBS KING,0.5926,0.003,0.4044
HEARTS ACE DIAMONDS JACK,0.237,0.0876,0.6754
HEARTS QUEEN DIAMONDS JACK,0.5624,0.0032,0.4344
SPADES QUEEN DIAMONDS TWO,0.656,0.0034,0.3406
DIAMONDS JACK HEARTS KING,0.5636,0.0054,0.431
SPADES KING DIAMONDS TWO,0.6498,0.0056,0.3446
SPADES JACK SPADES SEVEN,0.6136,0.0044,0.382
SPADES TEN SPADES SEVEN,0.5954,0.0046,0.4
CLUBS SEVEN CLUBS THREE,0.618,0.0052,0.3768
CLUBS SIX CLUBS THREE,0.6168,0.0038,0.3794
CLUBS FIVE CLUBS THREE,0.5998,0.0038,0.3964
CLUBS THREE CLUBS FOUR,0.604,0.0034,0.3926
CLUBS NINE CLUBS THREE,0.607,0.004,0.389
CLUBS EIGHT CLUBS THREE,0.7178,0.0288,0.2534
CLUBS THREE SPADES FIVE,0.6496,0.0056,0.3448
CLUBS THREE SPADES FOUR,0.6364,0.0054,0.3582
CLUBS THREE SPADES THREE,0.4648,0.0064,0.5288
CLUBS THREE SPADES TWO,0.6536,0.0048,0.3416
CLUBS THREE SPADES SIX,0.6528,0.0034,0.3438
SPADES SEVEN CLUBS THREE,0.6628,0.005,0.3322
SPADES EIGHT CLUBS THREE,0.7464,0.0284,0.2252
SPADES NINE CLUBS THREE,0.6422,0.0058,0.352
SPADES TWO DIAMONDS FOUR,0.6644,0.0066,0.329
SPADES THREE DIAMONDS FOUR,0.6414,0.0034,0.3552
SPADES FOUR DIAMONDS FOUR,0.4788,0.004,0.5172
SPADES FIVE DIAMONDS FOUR,0.6274,0.0052,0.3674
SPADES SIX DIAMONDS FOUR,0.6464,0.0054,0.3482
SPADES SEVEN DIAMONDS FOUR,0.6516,0.0052,0.3432
SPADES EIGHT DIAMONDS FOUR,0.7412,0.0302,0.2286
SPADES NINE DIAMONDS FOUR,0.6508,0.0038,0.3454
CLUBS FIVE DIAMONDS FOUR,0.6264,0.0044,0.3692
CLUBS FOUR DIAMONDS FOUR,0.4802,0.0036,0.5162
CLUBS SEVEN DIAMONDS FOUR,0.644,0.0046,0.3514
CLUBS SIX DIAMONDS FOUR,0.6326,0.0028,0.3646
CLUBS NINE DIAMONDS FOUR,0.642,0.0032,0.3548
CLUBS EIGHT DIAMONDS FOUR,0.7318,0.0264,0.2418
DIAMONDS FOUR HEARTS SEVEN,0.658,0.0044,0.3376
HEARTS SIX DIAMONDS FOUR,0.6486,0.0056,0.3458
DIAMONDS FOUR HEARTS NINE,0.6416,0.0044,0.354
CLUBS THREE DIAMONDS FOUR,0.634,0.006,0.36
CLUBS TWO DIAMONDS FOUR,0.6434,0.0054,0.3512
DIAMONDS TEN DIAMONDS FIVE,0.585,0.0042,0.4108
DIAMONDS JACK DIAMONDS FIVE,0.5892,0.003,0.4078
DIAMONDS NINE HEARTS QUEEN,0.582,0.0054,0.4126
DIAMONDS NINE HEARTS KING,0.6004,0.0028,0.3968
HEARTS ACE DIAMONDS NINE,0.2278,0.168,0.6042
DIAMONDS NINE HEARTS TEN,0.5658,0.0026,0.4316
DIAMONDS NINE HEARTS JACK,0.577,0.0038,0.4192
CLUBS KING DIAMONDS SIX,0.6454,0.0024,0.3522
CLUBS QUEEN DIAMONDS SIX,0.6494,0.0016,0.349
CLUBS ACE DIAMONDS SIX,0.554,0.2268,0.2192
SPADES KING DIAMONDS FOUR,0.6414,0.0038,0.3548
SPADES QUEEN DIAMONDS FOUR,0.6312,0.005,0.3638
SPADES QUEEN SPADES SEVEN,0.609,0.0042,0.3868
CLUBS JACK DIAMONDS SIX,0.6608,0.0028,0.3364
SPADES KING SPADES SEVEN,0.6062,0.005,0.3888
CLUBS TEN DIAMONDS SIX,0.6346,0.003,0.3624
CLUBS NINE CLUBS FOUR,0.5982,0.0036,0.3982
CLUBS EIGHT CLUBS FOUR,0.6862,0.026,0.2878
SPADES JACK DIAMONDS FOUR,0.6374,0.0056,0.357
SPADES TEN DIAMONDS FOUR,0.6484,0.0034,0.3482
CLUBS FIVE CLUBS FOUR,0.5852,0.0056,0.4092
CLUBS SEVEN CLUBS FOUR,0.6172,0.0022,0.3806
CLUBS SIX CLUBS FOUR,0.5956,0.0034,0.401
CLUBS SEVEN SPADES EIGHT,0.698,0.023,0.279
CLUBS SEVEN SPADES NINE,0.6198,0.0044,0.3758
CLUBS SEVEN SPADES SIX,0.6354,0.0044,0.3602
CLUBS SEVEN SPADES SEVEN,0.452,0.0034,0.5446
CLUBS SEVEN SPADES FIVE,0.6548,0.0036,0.3416
CLUBS SEVEN SPADES FOUR,0.6552,0.0042,0.3406
CLUBS SEVEN SPADES THREE,0.6726,0.0038,0.3236
CLUBS SEVEN SPADES TWO,0.6886,0.002,0.3094
CLUBS NINE CLUBS SEVEN,0.5698,0.0038,0.4264
CLUBS SEVEN CLUBS EIGHT,0.6456,0.0216,0.3328
HEARTS SIX DIAMONDS FIVE,0.631,0.0038,0.3652
DIAMONDS FIVE HEARTS SEVEN,0.646,0.0032,0.3508
DIAMONDS FIVE HEARTS NINE,0.632,0.0042,0.3638
DIAMONDS QUEEN DIAMONDS FIVE,0.59,0.0026,0.4074
HEARTS TWO DIAMONDS FIVE,0.6488,0.0058,0.3454
DIAMONDS KING DIAMONDS FIVE,0.6016,0.0046,0.3938
HEARTS THREE DIAMONDS FIVE,0.6422,0.0044,0.3534
DIAMONDS ACE DIAMONDS FIVE,0.4942,0.2172,0.2886
HEARTS FOUR DIAMONDS FIVE,0.6176,0.004,0.3784
HEARTS FIVE DIAMONDS FIVE,0.4578,0.004,0.5382
CLUBS FOUR DIAMONDS FIVE,0.611,0.0046,0.3844
CLUBS FIVE DIAMONDS FIVE,0.4466,0.0058,0.5476
CLUBS SIX DIAMONDS FIVE,0.6252,0.0026,0.3722
CLUBS SEVEN DIAMONDS FIVE,0.6422,0.0036,0.3542
CLUBS TWO DIAMONDS FIVE,0.639,0.0054,0.3556
CLUBS THREE DIAMONDS FIVE,0.6272,0.0032,0.3696
SPADES THREE DIAMONDS FIVE,0.6436,0.004,0.3524
SPADES TWO DIAMONDS FIVE,0.645,0.0048,0.3502
SPADES JACK DIAMONDS EIGHT,0.7106,0.0236,0.2658
SPADES FIVE DIAMONDS FIVE,0.4524,0.0036,0.544
CLUBS TEN HEARTS JACK,0.5494,0.0034,0.4472
SPADES TEN DIAMONDS EIGHT,0.691,0.023,0.286
SPADES FOUR DIAMONDS FIVE,0.6254,0.0038,0.3708
HEARTS JACK CLUBS JACK,0.2984,0.0048,0.6968
HEARTS JACK CLUBS QUEEN,0.5606,0.0036,0.4358
CLUBS NINE DIAMONDS FIVE,0.6332,0.0052,0.3616
CLUBS KING HEARTS JACK,0.5702,0.0048,0.425
CLUBS EIGHT DIAMONDS FIVE,0.7202,0.0312,0.2486
CLUBS ACE HEARTS JACK,0.2392,0.0936,0.6672
SPADES SEVEN DIAMONDS FIVE,0.6468,0.0048,0.3484
SPADES KING DIAMONDS EIGHT,0.7592,0.0266,0.2142
SPADES SIX DIAMONDS FIVE,0.6258,0.004,0.3702
SPADES QUEEN DIAMONDS EIGHT,0.7364,0.0242,0.2394
SPADES NINE DIAMONDS FIVE,0.642,0.004,0.354
SPADES EIGHT DIAMONDS FIVE,0.7164,0.0286,0.255
DIAMONDS TEN DIAMONDS SIX,0.5942,0.0032,0.4026
HEARTS ACE DIAMONDS SEVEN,0.5476,0.2238,0.2286
DIAMONDS JACK DIAMONDS SIX,0.6166,0.0034,0.38
HEARTS QUEEN DIAMONDS SEVEN,0.6302,0.0034,0.3664
HEARTS KING DIAMONDS SEVEN,0.6378,0.0026,0.3596
DIAMONDS ACE DIAMONDS SIX,0.509,0.2062,0.2848
HEARTS FOUR DIAMONDS SIX,0.6502,0.0044,0.3454
SPADES TWO HEARTS JACK,0.6492,0.0046,0.3462
HEARTS FIVE DIAMONDS SIX,0.6204,0.0032,0.3764
SPADES TWO HEARTS TEN,0.6488,0.0058,0.3454
DIAMONDS QUEEN DIAMONDS SIX,0.5908,0.0034,0.4058
HEARTS TWO DIAMONDS SIX,0.673,0.0038,0.3232
DIAMONDS KING DIAMONDS SIX,0.5888,0.0038,0.4074
HEARTS THREE DIAMONDS SIX,0.6698,0.0054,0.3248
HEARTS NINE DIAMONDS SIX,0.6108,0.0034,0.3858
HEARTS SIX DIAMONDS SIX,0.4582,0.0034,0.5384
HEARTS SEVEN DIAMONDS SIX,0.6302,0.0042,0.3656
HEARTS TEN DIAMONDS SEVEN,0.615,0.0026,0.3824
CLUBS TWO DIAMONDS SIX,0.6742,0.0022,0.3236
HEARTS JACK DIAMONDS SEVEN,0.6206,0.0044,0.375
CLUBS THREE DIAMONDS SIX,0.6494,0.0024,0.3482
CLUBS SEVEN DIAMONDS SIX,0.6226,0.0022,0.3752
DIAMONDS EIGHT CLUBS JACK,0.7184,0.02,0.2616
CLUBS SIX DIAMONDS SIX,0.4558,0.002,0.5422
CLUBS TEN DIAMONDS EIGHT,0.6964,0.0196,0.284
CLUBS FIVE DIAMONDS SIX,0.6338,0.0026,0.3636
CLUBS FOUR DIAMONDS SIX,0.6314,0.0048,0.3638
HEARTS ACE HEARTS JACK,0.2354,0.0788,0.6858
DIAMONDS EIGHT CLUBS ACE,0.0238,0.953,0.0232
HEARTS QUEEN HEARTS JACK,0.529,0.0052,0.4658
DIAMONDS EIGHT CLUBS KING,0.7416,0.0226,0.2358
CLUBS NINE DIAMONDS SIX,0.6174,0.0036,0.379
HEARTS KING HEARTS JACK,0.535,0.0044,0.4606
DIAMONDS EIGHT CLUBS QUEEN,0.7244,0.0256,0.25
CLUBS EIGHT DIAMONDS SIX,0.7032,0.0248,0.272
SPADES TEN HEARTS KING,0.5612,0.0056,0.4332
SPADES FIVE DIAMONDS SIX,0.6292,0.0042,0.3666
HEARTS ACE SPADES TWO,0.5198,0.2376,0.2426
SPADES JACK HEARTS KING,0.5772,0.006,0.4168
SPADES FOUR DIAMONDS SIX,0.6344,0.0044,0.3612
SPADES THREE DIAMONDS SIX,0.6464,0.0032,0.3504
HEARTS QUEEN SPADES TWO,0.6306,0.0066,0.3628
SPADES TWO HEARTS KING,0.6376,0.0066,0.3558
SPADES TWO DIAMONDS SIX,0.6714,0.0038,0.3248
SPADES NINE DIAMONDS SIX,0.6288,0.0042,0.367
SPADES EIGHT DIAMONDS SIX,0.7042,0.0306,0.2652
SPADES SEVEN DIAMONDS SIX,0.626,0.0048,0.3692
SPADES SIX DIAMONDS SIX,0.4554,0.005,0.5396
SPADES KING HEARTS KING,0.2836,0.005,0.7114
SPADES QUEEN HEARTS KING,0.5814,0.0068,0.4118
CLUBS ACE CLUBS KING,0.244,0.0448,0.7112
SPADES QUEEN HEARTS JACK,0.5778,0.0044,0.4178
SPADES KING HEARTS JACK,0.5824,0.0042,0.4134
SPADES TEN DIAMONDS TEN,0.3112,0.0022,0.6866
SPADES JACK DIAMONDS TEN,0.553,0.0026,0.4444
SPADES JACK HEARTS JACK,0.2946,0.0036,0.7018
SPADES TEN HEARTS JACK,0.5594,0.0042,0.4364
SPADES QUEEN DIAMONDS TEN,0.5608,0.004,0.4352
SPADES KING DIAMONDS TEN,0.5682,0.0022,0.4296
SPADES NINE DIAMONDS SEVEN,0.6146,0.0048,0.3806
SPADES EIGHT DIAMONDS SEVEN,0.6962,0.0292,0.2746
SPADES SEVEN DIAMONDS SEVEN,0.4418,0.0042,0.554
SPADES SIX DIAMONDS SEVEN,0.6312,0.0038,0.365
DIAMONDS KING DIAMONDS SEVEN,0.5916,0.0054,0.403
HEARTS THREE DIAMONDS SEVEN,0.6732,0.0038,0.323
HEARTS KING DIAMONDS FIVE,0.6352,0.0048,0.36
DIAMONDS QUEEN DIAMONDS SEVEN,0.5848,0.0024,0.4128
HEARTS TWO DIAMONDS SEVEN,0.6826,0.0048,0.3126
HEARTS QUEEN DIAMONDS FIVE,0.6286,0.0048,0.3666
HEARTS FIVE DIAMONDS SEVEN,0.6186,0.004,0.3774
DIAMONDS ACE DIAMONDS SEVEN,0.5072,0.2158,0.277
HEARTS FOUR DIAMONDS SEVEN,0.6548,0.0034,0.3418
HEARTS ACE DIAMONDS FIVE,0.515,0.2344,0.2506
HEARTS SEVEN DIAMONDS SEVEN,0.464,0.0036,0.5324
HEARTS SIX DIAMONDS SEVEN,0.6298,0.004,0.3662
DIAMONDS SEVEN HEARTS NINE,0.598,0.0046,0.3974
DIAMONDS JACK DIAMONDS SEVEN,0.5924,0.0028,0.4048
DIAMONDS FIVE HEARTS JACK,0.6344,0.0044,0.3612
DIAMONDS TEN DIAMONDS SEVEN,0.587,0.0034,0.4096
HEARTS TEN DIAMONDS FIVE,0.6348,0.0054,0.3598
SPADES KING CLUBS TWO,0.643,0.0038,0.3532
HEARTS KING CLUBS KING,0.2722,0.0038,0.724
CLUBS EIGHT DIAMONDS SEVEN,0.683,0.0266,0.2904
SPADES QUEEN CLUBS TWO,0.648,0.0042,0.3478
HEARTS KING CLUBS QUEEN,0.5804,0.0036,0.416
CLUBS NINE DIAMONDS SEVEN,0.605,0.0018,0.3932
SPADES TWO CLUBS JACK,0.6466,0.0034,0.35
CLUBS TEN SPADES TWO,0.6424,0.003,0.3546
HEARTS KING CLUBS ACE,0.2408,0.0432,0.716
CLUBS SEVEN CLUBS SIX,0.5844,0.002,0.4136
SPADES TWO CLUBS KING,0.6392,0.0042,0.3566
SPADES TWO DIAMONDS SEVEN,0.6774,0.0044,0.3182
CLUBS EIGHT CLUBS SIX,0.662,0.0248,0.3132
SPADES THREE DIAMONDS SEVEN,0.6654,0.0046,0.33
SPADES TWO CLUBS QUEEN,0.6446,0.004,0.3514
CLUBS NINE CLUBS SIX,0.5828,0.0066,0.4106
SPADES FOUR DIAMONDS SEVEN,0.6496,0.0044,0.346
HEARTS KING CLUBS JACK,0.5742,0.0042,0.4216
SPADES FIVE DIAMONDS SEVEN,0.6546,0.003,0.3424
SPADES TWO CLUBS ACE,0.5268,0.2258,0.2474
CLUBS TEN HEARTS KING,0.58,0.003,0.417
CLUBS SIX SPADES TWO,0.6676,0.004,0.3284
CLUBS SIX SPADES THREE,0.6616,0.0032,0.3352
CLUBS TWO DIAMONDS SEVEN,0.6868,0.003,0.3102
CLUBS SIX SPADES FOUR,0.6352,0.0044,0.3604
CLUBS THREE DIAMONDS SEVEN,0.6634,0.0034,0.3332
CLUBS SIX SPADES FIVE,0.6178,0.0042,0.378
CLUBS FOUR DIAMONDS SEVEN,0.6316,0.0056,0.3628
CLUBS SIX SPADES SIX,0.4568,0.0042,0.539
CLUBS FIVE DIAMONDS SEVEN,0.6416,0.0014,0.357
CLUBS SIX SPADES SEVEN,0.6236,0.0036,0.3728
CLUBS SIX DIAMONDS SEVEN,0.6116,0.0018,0.3866
SPADES EIGHT CLUBS SIX,0.7126,0.0288,0.2586
SPADES JACK CLUBS TWO,0.66,0.0048,0.3352
CLUBS SEVEN DIAMONDS SEVEN,0.4348,0.0028,0.5624
SPADES NINE CLUBS SIX,0.621,0.0034,0.3756
SPADES TEN CLUBS TWO,0.6608,0.004,0.3352
CLUBS TWO CLUBS QUEEN,0.5948,0.0034,0.4018
CLUBS TWO CLUBS KING,0.5914,0.004,0.4046
CLUBS THREE DIAMONDS EIGHT,0.7422,0.0328,0.225
CLUBS TWO CLUBS ACE,0.5008,0.2132,0.286
CLUBS TWO DIAMONDS EIGHT,0.7474,0.0286,0.224
DIAMONDS EIGHT HEARTS SEVEN,0.7,0.0236,0.2764
HEARTS SIX DIAMONDS EIGHT,0.7096,0.0272,0.2632
DIAMONDS EIGHT HEARTS NINE,0.6788,0.019,0.3022
CLUBS TEN CLUBS TWO,0.5918,0.0046,0.4036
CLUBS TWO CLUBS JACK,0.5944,0.0048,0.4008
CLUBS NINE DIAMONDS EIGHT,0.705,0.0186,0.2764
CLUBS EIGHT DIAMONDS EIGHT,0.3102,0.027,0.6628
CLUBS FIVE DIAMONDS EIGHT,0.7206,0.0246,0.2548
CLUBS FOUR DIAMONDS EIGHT,0.7212,0.0278,0.251
CLUBS SEVEN DIAMONDS EIGHT,0.675,0.0242,0.3008
SPADES QUEEN SPADES THREE,0.6302,0.0038,0.366
CLUBS SIX DIAMONDS EIGHT,0.7022,0.0276,0.2702
SPADES KING SPADES THREE,0.6092,0.0062,0.3846
DIAMONDS QUEEN DIAMONDS EIGHT,0.6904,0.025,0.2846
HEARTS TWO DIAMONDS EIGHT,0.7482,0.0294,0.2224
DIAMONDS KING DIAMONDS EIGHT,0.7052,0.0262,0.2686
HEARTS THREE DIAMONDS EIGHT,0.749,0.0294,0.2216
DIAMONDS ACE DIAMONDS EIGHT,0.0256,0.9022,0.0722
HEARTS FOUR DIAMONDS EIGHT,0.736,0.0258,0.2382
HEARTS FIVE DIAMONDS EIGHT,0.726,0.0278,0.2462
DIAMONDS EIGHT DIAMONDS TEN,0.6444,0.0256,0.33
DIAMONDS EIGHT DIAMONDS JACK,0.6682,0.026,0.3058
SPADES JACK SPADES THREE,0.6042,0.0058,0.39
SPADES TEN SPADES THREE,0.6068,0.0032,0.39
CLUBS FOUR HEARTS ACE,0.5168,0.2292,0.254
CLUBS FOUR HEARTS QUEEN,0.6324,0.0044,0.3632
CLUBS FOUR HEARTS KING,0.628,0.005,0.367
CLUBS SIX HEARTS TEN,0.6474,0.0026,0.35
CLUBS SIX HEARTS JACK,0.6258,0.0042,0.37
SPADES FOUR DIAMONDS EIGHT,0.7434,0.0364,0.2202
SPADES FIVE DIAMONDS EIGHT,0.7144,0.028,0.2576
DIAMONDS EIGHT SPADES TWO,0.754,0.0284,0.2176
DIAMONDS EIGHT SPADES THREE,0.7522,0.0286,0.2192
CLUBS FOUR HEARTS JACK,0.6284,0.0056,0.366
SPADES EIGHT DIAMONDS EIGHT,0.315,0.0294,0.6556
SPADES TEN HEARTS TWO,0.642,0.0044,0.3536
SPADES TEN DIAMONDS QUEEN,0.577,0.0048,0.4182
CLUBS FOUR HEARTS TEN,0.6268,0.0038,0.3694
SPADES NINE DIAMONDS EIGHT,0.6938,0.0216,0.2846
SPADES JACK HEARTS TWO,0.6382,0.005,0.3568
SPADES JACK DIAMONDS QUEEN,0.5786,0.0038,0.4176
SPADES SIX DIAMONDS EIGHT,0.7096,0.0304,0.26
SPADES SEVEN DIAMONDS EIGHT,0.6992,0.0262,0.2746
SPADES QUEEN DIAMONDS QUEEN,0.2978,0.0028,0.6994
SPADES QUEEN HEARTS TWO,0.6548,0.0058,0.3394
SPADES KING HEARTS TWO,0.6516,0.0058,0.3426
SPADES KING DIAMONDS QUEEN,0.5782,0.0052,0.4166
CLUBS TWO HEARTS TEN,0.6404,0.0046,0.355
CLUBS TWO HEARTS JACK,0.6324,0.0058,0.3618
SPADES SEVEN DIAMONDS NINE,0.6246,0.0038,0.3716
SPADES SIX DIAMONDS NINE,0.6242,0.0054,0.3704
SPADES NINE DIAMONDS NINE,0.3376,0.0042,0.6582
SPADES EIGHT DIAMONDS NINE,0.6862,0.0174,0.2964
SPADES TEN CLUBS KING,0.5902,0.006,0.4038
DIAMONDS NINE SPADES THREE,0.6482,0.004,0.3478
SPADES JACK CLUBS KING,0.5614,0.005,0.4336
DIAMONDS NINE SPADES TWO,0.648,0.004,0.348
SPADES FIVE DIAMONDS NINE,0.628,0.0034,0.3686
DIAMONDS NINE SPADES FOUR,0.649,0.0038,0.3472
CLUBS NINE DIAMONDS NINE,0.3298,0.003,0.6672
CLUBS EIGHT DIAMONDS NINE,0.6912,0.0198,0.289
CLUBS SIX DIAMONDS NINE,0.6266,0.0046,0.3688
SPADES JACK CLUBS FOUR,0.6506,0.003,0.3464
CLUBS SEVEN DIAMONDS NINE,0.6076,0.0028,0.3896
SPADES TEN CLUBS FOUR,0.637,0.0042,0.3588
CLUBS FOUR DIAMONDS NINE,0.6496,0.0042,0.3462
CLUBS FIVE DIAMONDS NINE,0.6218,0.0034,0.3748
DIAMONDS NINE CLUBS TWO,0.66,0.0056,0.3344
CLUBS THREE DIAMONDS NINE,0.6448,0.0036,0.3516
DIAMONDS NINE HEARTS NINE,0.325,0.0028,0.6722
HEARTS SIX DIAMONDS NINE,0.635,0.0044,0.3606
DIAMONDS NINE HEARTS SEVEN,0.6042,0.0038,0.392
CLUBS NINE CLUBS EIGHT,0.6616,0.0204,0.318
DIAMONDS ACE DIAMONDS NINE,0.2202,0.1682,0.6116
HEARTS FOUR DIAMONDS NINE,0.636,0.0048,0.3592
HEARTS FIVE DIAMONDS NINE,0.6342,0.0048,0.361
HEARTS ACE CLUBS TWO,0.527,0.231,0.242
DIAMONDS QUEEN DIAMONDS NINE,0.5502,0.0032,0.4466
HEARTS TWO DIAMONDS NINE,0.6708,0.004,0.3252
CLUBS TWO HEARTS KING,0.6356,0.004,0.3604
SPADES KING CLUBS FOUR,0.633,0.0044,0.3626
DIAMONDS KING DIAMONDS NINE,0.5476,0.0034,0.449
HEARTS THREE DIAMONDS NINE,0.6572,0.004,0.3388
CLUBS TWO HEARTS QUEEN,0.6346,0.0042,0.3612
SPADES QUEEN CLUBS FOUR,0.6388,0.0036,0.3576
DIAMONDS NINE DIAMONDS JACK,0.5454,0.003,0.4516
CLUBS EIGHT SPADES NINE,0.696,0.0254,0.2786
DIAMONDS NINE DIAMONDS TEN,0.535,0.0036,0.4614
CLUBS EIGHT SPADES EIGHT,0.309,0.0276,0.6634
CLUBS EIGHT SPADES SEVEN,0.6992,0.0282,0.2726
CLUBS EIGHT SPADES SIX,0.712,0.0302,0.2578
CLUBS EIGHT SPADES FIVE,0.7296,0.0232,0.2472
CLUBS EIGHT SPADES FOUR,0.739,0.032,0.229
CLUBS EIGHT SPADES THREE,0.754,0.0326,0.2134
CLUBS EIGHT SPADES TWO,0.764,0.0322,0.2038
HEARTS SIX DIAMONDS TEN,0.637,0.0046,0.3584
DIAMONDS TEN HEARTS SEVEN,0.6198,0.0042,0.376
CLUBS FOUR CLUBS JACK,0.5944,0.0042,0.4014
DIAMONDS TEN HEARTS NINE,0.584,0.0038,0.4122
CLUBS TEN CLUBS FOUR,0.5944,0.0054,0.4002
CLUBS FOUR CLUBS KING,0.604,0.0036,0.3924
CLUBS FOUR CLUBS QUEEN,0.5888,0.0042,0.407
CLUBS TWO DIAMONDS TEN,0.6384,0.004,0.3576
CLUBS THREE DIAMONDS TEN,0.645,0.0044,0.3506
CLUBS FOUR CLUBS ACE,0.4934,0.2096,0.297
DIAMONDS JACK DIAMONDS TEN,0.522,0.0042,0.4738
DIAMONDS QUEEN DIAMONDS TEN,0.5306,0.0038,0.4656
HEARTS TWO DIAMONDS TEN,0.6258,0.0044,0.3698
DIAMONDS KING DIAMONDS TEN,0.5362,0.0042,0.4596
HEARTS THREE DIAMONDS TEN,0.645,0.0034,0.3516
DIAMONDS ACE DIAMONDS TEN,0.2236,0.1152,0.6612
HEARTS FOUR DIAMONDS TEN,0.6422,0.0038,0.354
CLUBS EIGHT HEARTS JACK,0.7054,0.0232,0.2714
HEARTS FIVE DIAMONDS TEN,0.6364,0.0042,0.3594
CLUBS EIGHT HEARTS TEN,0.6964,0.0256,0.278
CLUBS EIGHT HEARTS QUEEN,0.7324,0.0264,0.2412
CLUBS EIGHT HEARTS KING,0.747,0.0256,0.2274
CLUBS EIGHT HEARTS ACE,0.0106,0.972,0.0174
CLUBS NINE SPADES THREE,0.6546,0.0036,0.3418
CLUBS NINE SPADES TWO,0.6544,0.0044,0.3412
CLUBS NINE SPADES FIVE,0.6404,0.004,0.3556
CLUBS NINE SPADES FOUR,0.6448,0.005,0.3502
CLUBS NINE SPADES SEVEN,0.614,0.0048,0.3812
CLUBS NINE SPADES SIX,0.6194,0.0028,0.3778
CLUBS NINE SPADES NINE,0.3332,0.0046,0.6622
CLUBS NINE SPADES EIGHT,0.6946,0.022,0.2834
SPADES KING CLUBS KING,0.2828,0.0042,0.713
SPADES QUEEN CLUBS KING,0.5632,0.003,0.4338
DIAMONDS ACE HEARTS TEN,0.2174,0.1146,0.668
HEARTS FOUR HEARTS TEN,0.6004,0.0046,0.395
DIAMONDS ACE HEARTS JACK,0.2362,0.0978,0.666
HEARTS FOUR HEARTS JACK,0.6078,0.005,0.3872
SPADES KING CLUBS FIVE,0.6422,0.0048,0.353
SPADES QUEEN CLUBS FIVE,0.634,0.0026,0.3634
DIAMONDS JACK HEARTS SEVEN,0.639,0.0044,0.3566
HEARTS SIX DIAMONDS JACK,0.6382,0.003,0.3588
DIAMONDS JACK HEARTS NINE,0.576,0.0026,0.4214
DIAMONDS KING DIAMONDS JACK,0.5316,0.0042,0.4642
HEARTS THREE DIAMONDS JACK,0.6344,0.0046,0.361
HEARTS ACE SPADES FOUR,0.5328,0.221,0.2462
DIAMONDS QUEEN DIAMONDS JACK,0.5194,0.0034,0.4772
HEARTS TWO DIAMONDS JACK,0.647,0.0038,0.3492
HEARTS FIVE DIAMONDS JACK,0.6444,0.0022,0.3534
SPADES QUEEN SPADES SIX,0.6032,0.004,0.3928
SPADES FOUR HEARTS QUEEN,0.6378,0.0042,0.358
DIAMONDS ACE DIAMONDS JACK,0.2304,0.0784,0.6912
HEARTS FOUR DIAMONDS JACK,0.6438,0.005,0.3512
SPADES KING SPADES SIX,0.6084,0.006,0.3856
SPADES FOUR HEARTS KING,0.6168,0.0066,0.3766
SPADES TEN SPADES SIX,0.6106,0.0044,0.385
SPADES JACK SPADES SIX,0.6244,0.0066,0.369
SPADES FOUR DIAMONDS JACK,0.6426,0.0054,0.352
SPADES FIVE DIAMONDS JACK,0.634,0.0038,0.3622
DIAMONDS JACK SPADES TWO,0.6516,0.0036,0.3448
SPADES THREE DIAMONDS JACK,0.6394,0.004,0.3566
SPADES QUEEN DIAMONDS THREE,0.6504,0.0048,0.3448
CLUBS EIGHT DIAMONDS JACK,0.7098,0.0222,0.268
SPADES KING DIAMONDS THREE,0.642,0.0046,0.3534
CLUBS NINE DIAMONDS JACK,0.5764,0.0034,0.4202
CLUBS SIX DIAMONDS JACK,0.6398,0.0022,0.358
CLUBS SEVEN DIAMONDS JACK,0.6272,0.0034,0.3694
CLUBS FOUR DIAMONDS JACK,0.6436,0.0036,0.3528
CLUBS FIVE DIAMONDS JACK,0.6434,0.0022,0.3544
CLUBS TWO DIAMONDS JACK,0.6446,0.0036,0.3518
CLUBS THREE DIAMONDS JACK,0.6424,0.004,0.3536
SPADES JACK HEARTS SIX,0.6406,0.0046,0.3548
SPADES TEN CLUBS FIVE,0.6452,0.0044,0.3504
SPADES JACK CLUBS FIVE,0.6364,0.0028,0.3608
HEARTS SIX SPADES TEN,0.6436,0.0054,0.351
SPADES JACK DIAMONDS THREE,0.65,0.0064,0.3436
CLUBS SEVEN CLUBS ACE,0.5144,0.2098,0.2758
SPADES TEN DIAMONDS THREE,0.635,0.005,0.36
CLUBS SEVEN CLUBS QUEEN,0.5876,0.0026,0.4098
CLUBS SEVEN CLUBS KING,0.5834,0.003,0.4136
SPADES NINE DIAMONDS JACK,0.5736,0.0036,0.4228
CLUBS TEN CLUBS SEVEN,0.5844,0.0052,0.4104
DIAMONDS ACE HEARTS ACE,0.0566,0.014,0.9294
HEARTS FOUR HEARTS ACE,0.4976,0.2168,0.2856
SPADES EIGHT DIAMONDS JACK,0.7252,0.0246,0.2502
CLUBS SEVEN CLUBS JACK,0.5896,0.0034,0.407
DIAMONDS ACE HEARTS KING,0.2562,0.0476,0.6962
HEARTS FOUR HEARTS KING,0.6126,0.004,0.3834
SPADES SEVEN DIAMONDS JACK,0.6338,0.0042,0.362
SPADES KING HEARTS SIX,0.6596,0.004,0.3364
DIAMONDS ACE HEARTS QUEEN,0.246,0.0676,0.6864
HEARTS FOUR HEARTS QUEEN,0.6044,0.005,0.3906
SPADES SIX DIAMONDS JACK,0.6464,0.0034,0.3502
SPADES QUEEN HEARTS SIX,0.6588,0.004,0.3372
SPADES TWO DIAMONDS TEN,0.6488,0.0052,0.346
SPADES THREE DIAMONDS TEN,0.65,0.0036,0.3464
SPADES FOUR DIAMONDS TEN,0.6458,0.0042,0.35
SPADES FIVE DIAMONDS TEN,0.64,0.004,0.356
SPADES SIX DIAMONDS TEN,0.632,0.004,0.364
SPADES SEVEN DIAMONDS TEN,0.6312,0.0058,0.363
SPADES EIGHT DIAMONDS TEN,0.7144,0.0212,0.2644
SPADES NINE DIAMONDS TEN,0.568,0.0044,0.4276
CLUBS FOUR DIAMONDS TEN,0.6338,0.0052,0.361
CLUBS FIVE DIAMONDS TEN,0.6452,0.0046,0.3502
CLUBS SIX DIAMONDS TEN,0.6334,0.0028,0.3638
CLUBS SEVEN DIAMONDS TEN,0.6282,0.0022,0.3696
CLUBS EIGHT DIAMONDS TEN,0.6916,0.0218,0.2866
CLUBS NINE DIAMONDS TEN,0.5794,0.003,0.4176
DIAMONDS THREE CLUBS JACK,0.6334,0.0044,0.3622
CLUBS TEN DIAMONDS THREE,0.6388,0.004,0.3572
DIAMONDS THREE CLUBS KING,0.6312,0.0048,0.364
DIAMONDS THREE CLUBS QUEEN,0.6458,0.0038,0.3504
DIAMONDS THREE CLUBS ACE,0.5284,0.2264,0.2452
SPADES FOUR HEARTS JACK,0.6238,0.0058,0.3704
SPADES FOUR HEARTS TEN,0.6296,0.0052,0.3652
SPADES FIVE SPADES TWO,0.6228,0.0066,0.3706
SPADES FOUR SPADES TWO,0.6142,0.0046,0.3812
SPADES THREE SPADES TWO,0.6258,0.0058,0.3684
SPADES NINE SPADES TWO,0.6192,0.0036,0.3772
SPADES EIGHT SPADES TWO,0.7118,0.0324,0.2558
SPADES SEVEN SPADES TWO,0.6434,0.0052,0.3514
SPADES SIX SPADES TWO,0.6416,0.003,0.3554
DIAMONDS QUEEN CLUBS THREE,0.6372,0.0042,0.3586
CLUBS THREE HEARTS TWO,0.665,0.0052,0.3298
DIAMONDS QUEEN CLUBS TWO,0.6386,0.0044,0.357
HEARTS TWO CLUBS TWO,0.4704,0.0052,0.5244
DIAMONDS QUEEN HEARTS SEVEN,0.6482,0.004,0.3478
HEARTS TWO HEARTS SEVEN,0.6452,0.0054,0.3494
HEARTS SIX DIAMONDS QUEEN,0.6508,0.0042,0.345
HEARTS SIX HEARTS TWO,0.6306,0.0054,0.364
DIAMONDS QUEEN HEARTS NINE,0.5802,0.0046,0.4152
HEARTS TWO HEARTS NINE,0.6188,0.0042,0.377
CLUBS NINE HEARTS TWO,0.6444,0.005,0.3506
CLUBS NINE DIAMONDS QUEEN,0.5938,0.0026,0.4036
CLUBS EIGHT HEARTS TWO,0.7612,0.026,0.2128
CLUBS EIGHT DIAMONDS QUEEN,0.7256,0.0238,0.2506
CLUBS FIVE DIAMONDS QUEEN,0.6344,0.0036,0.362
CLUBS FIVE HEARTS TWO,0.6452,0.005,0.3498
SPADES EIGHT HEARTS ACE,0.0058,0.9882,0.006
DIAMONDS QUEEN CLUBS FOUR,0.6548,0.003,0.3422
HEARTS TWO CLUBS FOUR,0.6574,0.0046,0.338
CLUBS SEVEN DIAMONDS QUEEN,0.6434,0.003,0.3536
CLUBS SEVEN HEARTS TWO,0.6914,0.0026,0.306
SPADES EIGHT HEARTS QUEEN,0.7282,0.0294,0.2424
CLUBS SIX DIAMONDS QUEEN,0.6286,0.0032,0.3682
CLUBS SIX HEARTS TWO,0.6696,0.0046,0.3258
SPADES EIGHT HEARTS KING,0.7508,0.0286,0.2206
DIAMONDS QUEEN SPADES SIX,0.6378,0.005,0.3572
HEARTS TWO SPADES SIX,0.6818,0.004,0.3142
HEARTS FOUR CLUBS QUEEN,0.6502,0.0022,0.3476
DIAMONDS ACE CLUBS QUEEN,0.2456,0.0646,0.6898
DIAMONDS QUEEN SPADES SEVEN,0.6532,0.0026,0.3442
SPADES SEVEN HEARTS TWO,0.6794,0.0048,0.3158
HEARTS FOUR CLUBS KING,0.6428,0.0032,0.354
DIAMONDS ACE CLUBS KING,0.2552,0.0444,0.7004
SPADES EIGHT DIAMONDS QUEEN,0.736,0.0262,0.2378
SPADES EIGHT HEARTS TWO,0.7662,0.0368,0.197
HEARTS FOUR CLUBS ACE,0.5364,0.229,0.2346
DIAMONDS ACE CLUBS ACE,0.0692,0.013,0.9178
SPADES NINE DIAMONDS QUEEN,0.5876,0.0056,0.4068
SPADES NINE HEARTS TWO,0.6726,0.0044,0.323
HEARTS TWO SPADES TWO,0.4784,0.007,0.5146
DIAMONDS QUEEN SPADES TWO,0.6516,0.0036,0.3448
HEARTS TWO SPADES THREE,0.6656,0.0062,0.3282
DIAMONDS QUEEN SPADES THREE,0.6424,0.0046,0.353
HEARTS TWO SPADES FOUR,0.6564,0.0048,0.3388
DIAMONDS QUEEN SPADES FOUR,0.6386,0.0034,0.358
HEARTS FOUR CLUBS TEN,0.631,0.0038,0.3652
CLUBS TEN DIAMONDS ACE,0.2354,0.1214,0.6432
HEARTS TWO SPADES FIVE,0.663,0.0066,0.3304
DIAMONDS QUEEN SPADES FIVE,0.65,0.0048,0.3452
HEARTS FOUR CLUBS JACK,0.642,0.005,0.353
DIAMONDS ACE CLUBS JACK,0.2434,0.0838,0.6728
CLUBS FIVE CLUBS KING,0.5788,0.0044,0.4168
CLUBS FIVE CLUBS QUEEN,0.5862,0.006,0.4078
CLUBS FIVE CLUBS ACE,0.4842,0.2166,0.2992
CLUBS FIVE CLUBS JACK,0.5972,0.0046,0.3982
CLUBS TEN CLUBS FIVE,0.588,0.0034,0.4086
SPADES KING CLUBS JACK,0.5724,0.005,0.4226
SPADES QUEEN CLUBS JACK,0.582,0.0034,0.4146
SPADES SIX CLUBS KING,0.6424,0.0028,0.3548
SPADES SIX CLUBS QUEEN,0.6378,0.0038,0.3584
SPADES EIGHT HEARTS JACK,0.7174,0.027,0.2556
SPADES SIX CLUBS ACE,0.5512,0.2306,0.2182
SPADES EIGHT HEARTS TEN,0.6992,0.023,0.2778
SPADES SIX CLUBS JACK,0.6496,0.0038,0.3466
CLUBS TEN SPADES SIX,0.6286,0.0022,0.3692
SPADES TEN CLUBS JACK,0.5634,0.0022,0.4344
SPADES JACK CLUBS JACK,0.312,0.004,0.684
SPADES QUEEN CLUBS SEVEN,0.6352,0.003,0.3618
SPADES KING CLUBS SEVEN,0.6354,0.0032,0.3614
SPADES SIX HEARTS TEN,0.6264,0.0046,0.369
SPADES SIX HEARTS JACK,0.6424,0.0034,0.3542
SPADES SIX HEARTS ACE,0.5592,0.2374,0.2034
SPADES SIX HEARTS KING,0.6372,0.0044,0.3584
SPADES SIX HEARTS QUEEN,0.644,0.005,0.351
SPADES JACK CLUBS SEVEN,0.627,0.002,0.371
CLUBS SEVEN SPADES TEN,0.624,0.0034,0.3726
CLUBS TEN HEARTS SIX,0.6328,0.0044,0.3628
HEARTS SIX CLUBS JACK,0.6374,0.0054,0.3572
CLUBS ACE CLUBS JACK,0.23,0.0846,0.6854
HEARTS SIX CLUBS QUEEN,0.6386,0.0042,0.3572
HEARTS SIX CLUBS KING,0.6426,0.004,0.3534
HEARTS SIX CLUBS ACE,0.5504,0.2326,0.217
CLUBS QUEEN CLUBS JACK,0.5236,0.0036,0.4728
CLUBS KING CLUBS JACK,0.5382,0.0046,0.4572
DIAMONDS THREE HEARTS ACE,0.5318,0.2196,0.2486
DIAMONDS THREE HEARTS QUEEN,0.6478,0.0048,0.3474
DIAMONDS THREE HEARTS KING,0.6352,0.0052,0.3596
CLUBS FIVE HEARTS JACK,0.6238,0.0058,0.3704
HEARTS FOUR SPADES TEN,0.6482,0.0038,0.348
SPADES TEN DIAMONDS ACE,0.2334,0.1178,0.6488
CLUBS FIVE HEARTS TEN,0.6454,0.0036,0.351
HEARTS FOUR SPADES JACK,0.646,0.0064,0.3476
SPADES JACK DIAMONDS ACE,0.2352,0.0878,0.677
CLUBS FIVE HEARTS ACE,0.5186,0.2344,0.247
CLUBS FIVE HEARTS KING,0.6178,0.0036,0.3786
SPADES QUEEN DIAMONDS ACE,0.239,0.0714,0.6896
HEARTS FOUR SPADES QUEEN,0.6412,0.0046,0.3542
SPADES FOUR CLUBS JACK,0.639,0.005,0.356
CLUBS FIVE HEARTS QUEEN,0.6166,0.0048,0.3786
SPADES KING HEARTS FOUR,0.6394,0.0076,0.353
SPADES KING DIAMONDS ACE,0.2458,0.0484,0.7058
CLUBS TEN SPADES FOUR,0.637,0.0044,0.3586
DIAMONDS QUEEN DIAMONDS ACE,0.2404,0.0582,0.7014
HEARTS TWO DIAMONDS ACE,0.5198,0.2364,0.2438
HEARTS FOUR DIAMONDS QUEEN,0.6296,0.0044,0.366
HEARTS FOUR HEARTS TWO,0.623,0.0038,0.3732
DIAMONDS THREE HEARTS TEN,0.64,0.004,0.356
SPADES FOUR CLUBS KING,0.631,0.005,0.364
HEARTS FIVE DIAMONDS QUEEN,0.632,0.0038,0.3642
HEARTS FIVE HEARTS TWO,0.6224,0.007,0.3706
DIAMONDS THREE HEARTS JACK,0.6354,0.0052,0.3594
SPADES FOUR CLUBS QUEEN,0.6324,0.0028,0.3648
DIAMONDS QUEEN HEARTS TWO,0.6442,0.0048,0.351
DIAMONDS KING DIAMONDS QUEEN,0.5404,0.0034,0.4562
DIAMONDS KING HEARTS TWO,0.6408,0.0038,0.3554
HEARTS THREE DIAMONDS QUEEN,0.6314,0.0048,0.3638
HEARTS THREE HEARTS TWO,0.6302,0.005,0.3648
SPADES FOUR CLUBS ACE,0.535,0.2308,0.2342
HEARTS TWO CLUBS ACE,0.5402,0.2198,0.24
DIAMONDS QUEEN CLUBS ACE,0.2466,0.0706,0.6828
HEARTS TWO CLUBS QUEEN,0.6336,0.0044,0.362
DIAMONDS QUEEN CLUBS QUEEN,0.2942,0.0036,0.7022
HEARTS TWO CLUBS KING,0.6424,0.005,0.3526
DIAMONDS QUEEN CLUBS KING,0.5816,0.0032,0.4152
SPADES EIGHT SPADES FIVE,0.6926,0.0292,0.2782
CLUBS TEN HEARTS TWO,0.6432,0.0052,0.3516
CLUBS TEN DIAMONDS QUEEN,0.568,0.0036,0.4284
SPADES NINE SPADES FIVE,0.6122,0.0044,0.3834
HEARTS TWO CLUBS JACK,0.6426,0.0044,0.353
DIAMONDS QUEEN CLUBS JACK,0.5682,0.0044,0.4274
SPADES SIX SPADES FIVE,0.6006,0.0044,0.395
SPADES SEVEN SPADES FIVE,0.5968,0.0034,0.3998
DIAMONDS FIVE CLUBS QUEEN,0.627,0.0026,0.3704
SPADES EIGHT CLUBS ACE,0.0178,0.9726,0.0096
DIAMONDS FIVE CLUBS KING,0.624,0.0042,0.3718
SPADES EIGHT CLUBS KING,0.7534,0.0222,0.2244
CLUBS ACE DIAMONDS FIVE,0.5328,0.2228,0.2444
SPADES EIGHT CLUBS QUEEN,0.7264,0.0248,0.2488
SPADES EIGHT CLUBS JACK,0.7212,0.0232,0.2556
CLUBS TEN SPADES EIGHT,0.7108,0.0204,0.2688
CLUBS TEN DIAMONDS FIVE,0.637,0.0034,0.3596
DIAMONDS FIVE CLUBS JACK,0.646,0.0028,0.3512
DIAMONDS TEN HEARTS JACK,0.5484,0.003,0.4486
DIAMONDS TEN HEARTS TEN,0.3036,0.004,0.6924
CLUBS NINE SPADES QUEEN,0.5908,0.0032,0.406
SPADES KING CLUBS NINE,0.5876,0.004,0.4084
HEARTS SIX HEARTS KING,0.606,0.0052,0.3888
DIAMONDS KING SPADES SEVEN,0.6452,0.0054,0.3494
HEARTS THREE SPADES SEVEN,0.6792,0.005,0.3158
