opposingHand,winningChance,drawChance,lostChance
SPADES KING DIAMONDS EIGHT
HEARTS FIVE SPADES TEN,0.643,0.0072,0.3498
HEARTS FIVE SPADES JACK,0.6216,0.0092,0.3692
SPADES FIVE CLUBS JACK,0.6288,0.0072,0.364
CLUBS TEN SPADES FIVE,0.6334,0.0078,0.3588
CLUBS EIGHT CLUBS JACK,0.658,0.0282,0.3138
CLUBS TEN CLUBS EIGHT,0.6458,0.0302,0.324
CLUBS EIGHT CLUBS KING,0.0196,0.9054,0.075
SPADES FIVE CLUBS ACE,0.3802,0.004,0.6158
CLUBS EIGHT CLUBS QUEEN,0.6664,0.0302,0.3034
SPADES FIVE CLUBS KING,0.545,0.2328,0.2222
SPADES FIVE CLUBS QUEEN,0.6174,0.0064,0.3762
CLUBS EIGHT CLUBS ACE,0.2194,0.0224,0.7582
DIAMONDS TWO DIAMONDS THREE,0.6228,0.0068,0.3704
DIAMONDS TWO DIAMONDS FIVE,0.6096,0.0092,0.3812
DIAMONDS TWO DIAMONDS FOUR,0.6106,0.0078,0.3816
HEARTS FIVE SPADES QUEEN,0.6342,0.0092,0.3566
DIAMONDS TWO DIAMONDS SEVEN,0.6362,0.0094,0.3544
DIAMONDS TWO DIAMONDS SIX,0.6364,0.0074,0.3562
SPADES ACE HEARTS FIVE,0.3808,0.0048,0.6144
DIAMONDS TWO DIAMONDS NINE,0.6098,0.0102,0.38
DIAMONDS THREE DIAMONDS FOUR,0.6056,0.0082,0.3862
SPADES FOUR CLUBS TWO,0.6458,0.009,0.3452
DIAMONDS THREE DIAMONDS FIVE,0.612,0.0078,0.3802
SPADES FIVE CLUBS TWO,0.6458,0.0098,0.3444
CLUBS TWO SPADES TWO,0.45,0.0142,0.5358
CLUBS TWO SPADES THREE,0.6468,0.008,0.3452
SPADES EIGHT CLUBS TWO,0.7354,0.0396,0.225
DIAMONDS THREE DIAMONDS NINE,0.6028,0.0088,0.3884
SPADES NINE CLUBS TWO,0.6222,0.0088,0.369
DIAMONDS THREE DIAMONDS SIX,0.607,0.009,0.384
SPADES SIX CLUBS TWO,0.6488,0.0096,0.3416
DIAMONDS THREE DIAMONDS SEVEN,0.6242,0.0096,0.3662
SPADES SEVEN CLUBS TWO,0.6752,0.0076,0.3172
CLUBS SIX CLUBS TWO,0.6112,0.0072,0.3816
CLUBS SEVEN CLUBS TWO,0.627,0.0082,0.3648
CLUBS FOUR CLUBS TWO,0.592,0.0094,0.3986
CLUBS FIVE CLUBS TWO,0.6048,0.0066,0.3886
CLUBS TEN CLUBS JACK,0.5308,0.0064,0.4628
DIAMONDS FOUR DIAMONDS SIX,0.5988,0.0108,0.3904
CLUBS TEN CLUBS QUEEN,0.5302,0.006,0.4638
DIAMONDS FOUR DIAMONDS SEVEN,0.615,0.0068,0.3782
CLUBS TEN CLUBS KING,0.2216,0.12,0.6584
CLUBS TEN CLUBS ACE,0.3252,0.005,0.6698
CLUBS EIGHT CLUBS TWO,0.6886,0.0382,0.2732
DIAMONDS FIVE DIAMONDS FOUR,0.5966,0.0098,0.3936
CLUBS NINE CLUBS TWO,0.594,0.0082,0.3978
DIAMONDS NINE DIAMONDS FOUR,0.5912,0.0104,0.3984
CLUBS THREE CLUBS TWO,0.601,0.009,0.39
DIAMONDS NINE DIAMONDS FIVE,0.5886,0.0084,0.403
DIAMONDS TWO CLUBS JACK,0.6382,0.0096,0.3522
CLUBS TEN DIAMONDS TWO,0.6344,0.0082,0.3574
DIAMONDS FIVE DIAMONDS SEVEN,0.602,0.0086,0.3894
DIAMONDS FIVE DIAMONDS SIX,0.5952,0.0072,0.3976
DIAMONDS TWO CLUBS ACE,0.41,0.0038,0.5862
DIAMONDS TWO CLUBS KING,0.55,0.2342,0.2158
DIAMONDS TWO CLUBS QUEEN,0.6332,0.0066,0.3602
DIAMONDS NINE DIAMONDS SIX,0.5844,0.007,0.4086
HEARTS ACE SPADES THREE,0.4054,0.0052,0.5894
SPADES THREE HEARTS KING,0.546,0.231,0.223
DIAMONDS SEVEN DIAMONDS SIX,0.5886,0.0078,0.4036
SPADES THREE HEARTS QUEEN,0.6372,0.007,0.3558
SPADES THREE HEARTS JACK,0.636,0.0054,0.3586
SPADES THREE HEARTS TEN,0.624,0.006,0.37
DIAMONDS NINE DIAMONDS SEVEN,0.5826,0.0084,0.409
DIAMONDS KING HEARTS TEN,0.2294,0.1194,0.6512
HEARTS THREE HEARTS TEN,0.59,0.0072,0.4028
SPADES JACK CLUBS SIX,0.6382,0.0074,0.3544
DIAMONDS KING HEARTS JACK,0.2424,0.0888,0.6688
HEARTS THREE HEARTS JACK,0.6028,0.0074,0.3898
SPADES TEN CLUBS SIX,0.6182,0.007,0.3748
SPADES JACK SPADES FIVE,0.593,0.0076,0.3994
SPADES TEN SPADES FIVE,0.6084,0.0082,0.3834
DIAMONDS KING HEARTS ACE,0.2248,0.0146,0.7606
HEARTS THREE HEARTS ACE,0.3716,0.0036,0.6248
SPADES ACE CLUBS SIX,0.3948,0.0026,0.6026
DIAMONDS KING HEARTS QUEEN,0.2288,0.06,0.7112
HEARTS THREE HEARTS QUEEN,0.606,0.005,0.389
DIAMONDS KING HEARTS KING,0.0686,0.0136,0.9178
HEARTS THREE HEARTS KING,0.5066,0.213,0.2804
SPADES QUEEN CLUBS SIX,0.6268,0.006,0.3672
SPADES NINE HEARTS TEN,0.5702,0.0046,0.4252
SPADES NINE HEARTS JACK,0.5846,0.0072,0.4082
SPADES QUEEN SPADES FIVE,0.6028,0.0086,0.3886
SPADES ACE SPADES FIVE,0.3688,0.0046,0.6266
SPADES NINE HEARTS QUEEN,0.5954,0.0054,0.3992
SPADES NINE HEARTS KING,0.2408,0.159,0.6002
SPADES NINE HEARTS ACE,0.3602,0.0044,0.6354
CLUBS TEN SPADES JACK,0.5564,0.0052,0.4384
CLUBS TEN SPADES TEN,0.3068,0.0062,0.687
SPADES ACE CLUBS TEN,0.3332,0.0028,0.664
SPADES QUEEN CLUBS TEN,0.577,0.0076,0.4154
SPADES FIVE HEARTS QUEEN,0.6362,0.0084,0.3554
SPADES FIVE HEARTS KING,0.5346,0.2276,0.2378
SPADES FIVE HEARTS ACE,0.3906,0.0036,0.6058
SPADES JACK HEARTS THREE,0.6266,0.007,0.3664
SPADES JACK DIAMONDS KING,0.2272,0.0898,0.683
SPADES TEN CLUBS EIGHT,0.7,0.0256,0.2744
SPADES JACK CLUBS EIGHT,0.714,0.0268,0.2592
SPADES TEN HEARTS THREE,0.633,0.0072,0.3598
SPADES TEN DIAMONDS KING,0.2218,0.1132,0.665
CLUBS SIX HEARTS ACE,0.3934,0.0022,0.6044
SPADES ACE CLUBS EIGHT,0.2318,0.0212,0.747
HEARTS FIVE CLUBS JACK,0.6288,0.0066,0.3646
HEARTS FIVE CLUBS TEN,0.6238,0.0082,0.368
CLUBS SIX HEARTS QUEEN,0.6368,0.0056,0.3576
SPADES QUEEN CLUBS EIGHT,0.7238,0.0324,0.2438
CLUBS TEN SPADES THREE,0.6462,0.0064,0.3474
CLUBS SIX HEARTS KING,0.538,0.2314,0.2306
SPADES THREE CLUBS JACK,0.635,0.0088,0.3562
DIAMONDS TWO HEARTS JACK,0.634,0.0078,0.3582
SPADES THREE CLUBS QUEEN,0.6336,0.0092,0.3572
DIAMONDS TWO HEARTS TEN,0.6202,0.0084,0.3714
SPADES THREE CLUBS KING,0.5448,0.2304,0.2248
HEARTS FIVE CLUBS ACE,0.3808,0.0042,0.615
SPADES FIVE HEARTS TEN,0.635,0.0082,0.3568
SPADES THREE CLUBS ACE,0.4028,0.0034,0.5938
HEARTS FIVE CLUBS KING,0.5408,0.2266,0.2326
SPADES FIVE HEARTS JACK,0.631,0.0064,0.3626
HEARTS FIVE CLUBS QUEEN,0.6402,0.0066,0.3532
HEARTS THREE CLUBS KING,0.532,0.2394,0.2286
DIAMONDS KING CLUBS KING,0.0674,0.0138,0.9188
HEARTS THREE CLUBS QUEEN,0.6358,0.0082,0.356
DIAMONDS KING CLUBS QUEEN,0.2342,0.0602,0.7056
HEARTS FIVE HEARTS JACK,0.57,0.0082,0.4218
HEARTS FIVE HEARTS TEN,0.5898,0.0042,0.406
HEARTS THREE CLUBS ACE,0.3986,0.0052,0.5962
DIAMONDS KING CLUBS ACE,0.227,0.0108,0.7622
SPADES ACE CLUBS QUEEN,0.3416,0.0036,0.6548
HEARTS THREE CLUBS JACK,0.6326,0.0082,0.3592
DIAMONDS KING CLUBS JACK,0.2332,0.0882,0.6786
SPADES QUEEN CLUBS QUEEN,0.2856,0.0042,0.7102
CLUBS TEN HEARTS THREE,0.6376,0.0072,0.3552
CLUBS TEN DIAMONDS KING,0.2312,0.1158,0.653
SPADES JACK CLUBS QUEEN,0.5632,0.0064,0.4304
CLUBS SIX CLUBS QUEEN,0.5912,0.007,0.4018
SPADES TEN CLUBS QUEEN,0.5684,0.0068,0.4248
CLUBS SIX CLUBS KING,0.5088,0.2146,0.2766
CLUBS SIX CLUBS ACE,0.371,0.0034,0.6256
HEARTS FIVE HEARTS KING,0.5054,0.2088,0.2858
HEARTS FIVE HEARTS QUEEN,0.5776,0.0074,0.415
CLUBS TEN CLUBS SIX,0.5758,0.0048,0.4194
HEARTS FIVE HEARTS ACE,0.3788,0.0048,0.6164
CLUBS SIX CLUBS JACK,0.5936,0.0062,0.4002
SPADES SEVEN HEARTS JACK,0.6152,0.0064,0.3784
SPADES SEVEN HEARTS TEN,0.6206,0.005,0.3744
DIAMONDS TWO CLUBS TWO,0.4516,0.016,0.5324
DIAMONDS TWO CLUBS THREE,0.6564,0.0092,0.3344
DIAMONDS TWO HEARTS SIX,0.6556,0.0068,0.3376
DIAMONDS TWO HEARTS QUEEN,0.6362,0.0084,0.3554
HEARTS SEVEN DIAMONDS TWO,0.6698,0.0106,0.3196
DIAMONDS TWO HEARTS KING,0.5478,0.2174,0.2348
DIAMONDS TWO HEARTS EIGHT,0.7322,0.0344,0.2334
DIAMONDS TWO HEARTS ACE,0.4068,0.0034,0.5898
DIAMONDS TWO HEARTS NINE,0.6412,0.0074,0.3514
DIAMONDS TWO DIAMONDS QUEEN,0.6042,0.0084,0.3874
DIAMONDS TWO HEARTS TWO,0.45,0.0136,0.5364
DIAMONDS TWO DIAMONDS KING,0.5236,0.21,0.2664
DIAMONDS TWO HEARTS THREE,0.6524,0.0076,0.34
DIAMONDS TWO DIAMONDS ACE,0.3942,0.0056,0.6002
HEARTS FOUR DIAMONDS TWO,0.6464,0.0094,0.3442
HEARTS FIVE DIAMONDS TWO,0.6498,0.0072,0.343
SPADES SEVEN HEARTS ACE,0.3978,0.003,0.5992
DIAMONDS TWO DIAMONDS TEN,0.5986,0.0078,0.3936
SPADES SEVEN HEARTS KING,0.5584,0.2224,0.2192
DIAMONDS TWO DIAMONDS JACK,0.601,0.006,0.393
SPADES SEVEN HEARTS QUEEN,0.6402,0.0058,0.354
DIAMONDS TWO SPADES NINE,0.6428,0.0078,0.3494
DIAMONDS TWO SPADES EIGHT,0.7488,0.0374,0.2138
DIAMONDS TWO SPADES SEVEN,0.6854,0.0074,0.3072
DIAMONDS TWO SPADES SIX,0.6584,0.0082,0.3334
DIAMONDS TWO SPADES FIVE,0.6472,0.0098,0.343
DIAMONDS TWO SPADES FOUR,0.648,0.0082,0.3438
DIAMONDS TWO SPADES THREE,0.6494,0.0118,0.3388
DIAMONDS TWO SPADES TWO,0.4636,0.016,0.5204
CLUBS NINE DIAMONDS TWO,0.639,0.0076,0.3534
DIAMONDS TWO CLUBS EIGHT,0.7402,0.0362,0.2236
CLUBS SEVEN DIAMONDS TWO,0.685,0.0058,0.3092
DIAMONDS TWO CLUBS SIX,0.6664,0.0096,0.324
DIAMONDS TWO CLUBS FIVE,0.6514,0.0052,0.3434
DIAMONDS TWO CLUBS FOUR,0.6418,0.008,0.3502
CLUBS FOUR SPADES FIVE,0.6208,0.0078,0.3714
CLUBS FOUR SPADES FOUR,0.4592,0.0146,0.5262
CLUBS FOUR SPADES THREE,0.631,0.0054,0.3636
CLUBS FOUR SPADES TWO,0.6382,0.0064,0.3554
SPADES NINE CLUBS FOUR,0.6372,0.0082,0.3546
SPADES EIGHT CLUBS FOUR,0.7238,0.0372,0.239
SPADES SEVEN CLUBS FOUR,0.6518,0.0072,0.341
SPADES SIX CLUBS FOUR,0.6372,0.006,0.3568
SPADES ACE DIAMONDS SIX,0.3956,0.0054,0.599
SPADES QUEEN DIAMONDS SIX,0.645,0.0064,0.3486
SPADES TEN DIAMONDS SIX,0.6358,0.0084,0.3558
SPADES JACK DIAMONDS SIX,0.644,0.0068,0.3492
SPADES QUEEN SPADES TWO,0.5998,0.0066,0.3936
SPADES ACE SPADES TWO,0.385,0.004,0.611
DIAMONDS JACK CLUBS JACK,0.2716,0.0058,0.7226
CLUBS TEN DIAMONDS JACK,0.5544,0.0066,0.439
DIAMONDS JACK CLUBS KING,0.2268,0.0898,0.6834
DIAMONDS JACK CLUBS QUEEN,0.5606,0.006,0.4334
DIAMONDS THREE DIAMONDS JACK,0.6018,0.0086,0.3896
DIAMONDS THREE DIAMONDS TEN,0.6036,0.007,0.3894
DIAMONDS JACK CLUBS ACE,0.3404,0.0038,0.6558
DIAMONDS THREE DIAMONDS KING,0.521,0.2158,0.2632
DIAMONDS THREE HEARTS THREE,0.469,0.0142,0.5168
DIAMONDS THREE DIAMONDS QUEEN,0.6016,0.011,0.3874
DIAMONDS THREE HEARTS TWO,0.661,0.0096,0.3294
HEARTS FIVE DIAMONDS THREE,0.6342,0.0082,0.3576
DIAMONDS THREE DIAMONDS ACE,0.3706,0.0058,0.6236
HEARTS FOUR DIAMONDS THREE,0.6338,0.0074,0.3588
HEARTS SEVEN DIAMONDS THREE,0.6434,0.0092,0.3474
SPADES TEN SPADES NINE,0.5386,0.0056,0.4558
HEARTS SIX DIAMONDS THREE,0.6504,0.0084,0.3412
SPADES JACK SPADES NINE,0.548,0.0082,0.4438
DIAMONDS THREE HEARTS NINE,0.6336,0.0054,0.361
HEARTS JACK DIAMONDS FOUR,0.6288,0.0062,0.365
HEARTS ACE HEARTS KING,0.2262,0.0114,0.7624
SPADES TEN SPADES TWO,0.6092,0.008,0.3828
DIAMONDS THREE HEARTS EIGHT,0.7346,0.0388,0.2266
HEARTS TEN DIAMONDS FOUR,0.6374,0.006,0.3566
SPADES JACK SPADES TWO,0.6096,0.009,0.3814
HEARTS QUEEN DIAMONDS FOUR,0.6236,0.0052,0.3712
HEARTS KING DIAMONDS FOUR,0.5388,0.2316,0.2296
SPADES ACE SPADES NINE,0.3392,0.0068,0.654
HEARTS ACE DIAMONDS FOUR,0.3878,0.004,0.6082
SPADES QUEEN SPADES NINE,0.552,0.008,0.44
DIAMONDS THREE SPADES NINE,0.647,0.0068,0.3462
DIAMONDS THREE SPADES EIGHT,0.7508,0.0396,0.2096
DIAMONDS THREE SPADES SEVEN,0.677,0.0078,0.3152
DIAMONDS THREE SPADES SIX,0.6454,0.006,0.3486
DIAMONDS THREE CLUBS SIX,0.638,0.0076,0.3544
CLUBS FIVE CLUBS SIX,0.5726,0.0068,0.4206
CLUBS ACE DIAMONDS FOUR,0.3956,0.004,0.6004
CLUBS SEVEN DIAMONDS THREE,0.6662,0.0078,0.326
CLUBS SEVEN CLUBS FIVE,0.5832,0.007,0.4098
DIAMONDS THREE CLUBS FOUR,0.6372,0.0094,0.3534
DIAMONDS FOUR CLUBS QUEEN,0.6326,0.008,0.3594
DIAMONDS THREE CLUBS FIVE,0.6188,0.0094,0.3718
CLUBS KING DIAMONDS FOUR,0.5418,0.2278,0.2304
DIAMONDS THREE CLUBS TWO,0.651,0.0094,0.3396
CLUBS TEN DIAMONDS FOUR,0.6324,0.007,0.3606
DIAMONDS THREE CLUBS THREE,0.4646,0.0138,0.5216
DIAMONDS FOUR CLUBS JACK,0.634,0.0096,0.3564
DIAMONDS THREE SPADES FOUR,0.65,0.0066,0.3434
DIAMONDS THREE SPADES FIVE,0.624,0.011,0.365
DIAMONDS THREE SPADES TWO,0.666,0.0076,0.3264
DIAMONDS THREE SPADES THREE,0.471,0.013,0.516
CLUBS EIGHT DIAMONDS THREE,0.7406,0.0382,0.2212
CLUBS NINE DIAMONDS THREE,0.6448,0.0074,0.3478
SPADES SEVEN CLUBS ACE,0.394,0.004,0.602
SPADES SEVEN CLUBS QUEEN,0.64,0.0068,0.3532
SPADES SEVEN CLUBS KING,0.5606,0.2166,0.2228
CLUBS FIVE SPADES SEVEN,0.6352,0.008,0.3568
CLUBS TEN SPADES SEVEN,0.6206,0.0066,0.3728
CLUBS FIVE SPADES SIX,0.618,0.0064,0.3756
SPADES SEVEN CLUBS JACK,0.6282,0.0076,0.3642
SPADES NINE CLUBS FIVE,0.6154,0.0092,0.3754
CLUBS FIVE SPADES EIGHT,0.6968,0.0344,0.2688
CLUBS FIVE SPADES THREE,0.6474,0.0054,0.3472
CLUBS FIVE SPADES TWO,0.6552,0.0074,0.3374
CLUBS FIVE SPADES FIVE,0.459,0.012,0.529
CLUBS FIVE SPADES FOUR,0.6136,0.0094,0.377
CLUBS NINE CLUBS FIVE,0.5818,0.0082,0.41
CLUBS EIGHT CLUBS FIVE,0.6582,0.0314,0.3104
CLUBS ACE CLUBS QUEEN,0.3314,0.0044,0.6642
CLUBS KING CLUBS QUEEN,0.2224,0.0538,0.7238
DIAMONDS TEN DIAMONDS FOUR,0.592,0.0056,0.4024
CLUBS TEN DIAMONDS NINE,0.5522,0.0076,0.4402
DIAMONDS JACK DIAMONDS FOUR,0.5818,0.0092,0.409
DIAMONDS NINE CLUBS JACK,0.572,0.0082,0.4198
SPADES NINE CLUBS JACK,0.5794,0.006,0.4146
CLUBS TEN SPADES NINE,0.5744,0.0044,0.4212
DIAMONDS ACE DIAMONDS FOUR,0.376,0.0044,0.6196
HEARTS FOUR DIAMONDS FOUR,0.4494,0.0148,0.5358
DIAMONDS JACK HEARTS TEN,0.5452,0.0062,0.4486
SPADES NINE CLUBS KING,0.2306,0.1736,0.5958
DIAMONDS TWO SPADES TEN,0.6208,0.0078,0.3714
DIAMONDS NINE CLUBS ACE,0.3396,0.0036,0.6568
HEARTS FIVE DIAMONDS FOUR,0.6122,0.0092,0.3786
DIAMONDS JACK HEARTS JACK,0.2848,0.0052,0.71
SPADES NINE CLUBS QUEEN,0.5846,0.007,0.4084
SPADES JACK DIAMONDS TWO,0.6452,0.0068,0.348
DIAMONDS QUEEN DIAMONDS FOUR,0.6002,0.006,0.3938
HEARTS TWO DIAMONDS FOUR,0.6362,0.0124,0.3514
DIAMONDS NINE CLUBS QUEEN,0.5782,0.0074,0.4144
DIAMONDS KING DIAMONDS FOUR,0.4976,0.2254,0.277
HEARTS THREE DIAMONDS FOUR,0.6424,0.008,0.3496
SPADES NINE CLUBS ACE,0.3578,0.0038,0.6384
DIAMONDS NINE CLUBS KING,0.2222,0.1712,0.6066
HEARTS ACE DIAMONDS JACK,0.3446,0.0034,0.652
SPADES ACE DIAMONDS TWO,0.4032,0.005,0.5918
HEARTS QUEEN DIAMONDS JACK,0.5572,0.0096,0.4332
SPADES QUEEN DIAMONDS TWO,0.6386,0.0078,0.3536
HEARTS KING DIAMONDS JACK,0.2376,0.0812,0.6812
SPADES JACK SPADES SEVEN,0.6012,0.0062,0.3926
SPADES TEN SPADES SEVEN,0.5802,0.0082,0.4116
CLUBS SEVEN CLUBS THREE,0.6108,0.0076,0.3816
CLUBS SIX CLUBS THREE,0.5902,0.0068,0.403
CLUBS FIVE CLUBS THREE,0.5974,0.0072,0.3954
CLUBS THREE CLUBS FOUR,0.5928,0.0084,0.3988
CLUBS NINE CLUBS THREE,0.6,0.0046,0.3954
CLUBS EIGHT CLUBS THREE,0.694,0.0374,0.2686
CLUBS THREE SPADES FIVE,0.6234,0.0114,0.3652
CLUBS THREE SPADES FOUR,0.6418,0.0066,0.3516
CLUBS THREE SPADES THREE,0.462,0.0142,0.5238
CLUBS THREE SPADES TWO,0.6612,0.0096,0.3292
CLUBS THREE SPADES SIX,0.6418,0.0078,0.3504
SPADES SEVEN CLUBS THREE,0.6716,0.0078,0.3206
SPADES EIGHT CLUBS THREE,0.7352,0.0394,0.2254
SPADES NINE CLUBS THREE,0.6262,0.0084,0.3654
SPADES TWO DIAMONDS FOUR,0.6508,0.0092,0.34
SPADES THREE DIAMONDS FOUR,0.639,0.0076,0.3534
SPADES FOUR DIAMONDS FOUR,0.4458,0.0122,0.542
SPADES FIVE DIAMONDS FOUR,0.6184,0.0086,0.373
SPADES SIX DIAMONDS FOUR,0.6268,0.0068,0.3664
SPADES SEVEN DIAMONDS FOUR,0.6582,0.0082,0.3336
SPADES EIGHT DIAMONDS FOUR,0.726,0.0404,0.2336
SPADES NINE DIAMONDS FOUR,0.643,0.0062,0.3508
CLUBS FIVE DIAMONDS FOUR,0.6098,0.0078,0.3824
CLUBS FOUR DIAMONDS FOUR,0.4642,0.0122,0.5236
CLUBS SEVEN DIAMONDS FOUR,0.6436,0.0094,0.347
CLUBS SIX DIAMONDS FOUR,0.6362,0.0078,0.356
CLUBS NINE DIAMONDS FOUR,0.6314,0.0072,0.3614
CLUBS EIGHT DIAMONDS FOUR,0.7236,0.0382,0.2382
HEARTS SEVEN DIAMONDS FOUR,0.6392,0.0078,0.353
HEARTS SIX DIAMONDS FOUR,0.629,0.0104,0.3606
DIAMONDS FOUR HEARTS NINE,0.6346,0.008,0.3574
DIAMONDS FOUR HEARTS EIGHT,0.7162,0.0364,0.2474
CLUBS THREE DIAMONDS FOUR,0.6346,0.0072,0.3582
CLUBS TWO DIAMONDS FOUR,0.6378,0.0094,0.3528
DIAMONDS TEN DIAMONDS FIVE,0.6014,0.0086,0.39
DIAMONDS JACK DIAMONDS FIVE,0.587,0.0068,0.4062
DIAMONDS NINE HEARTS QUEEN,0.5648,0.0082,0.427
DIAMONDS NINE HEARTS KING,0.224,0.1656,0.6104
HEARTS ACE DIAMONDS NINE,0.3556,0.0036,0.6408
DIAMONDS NINE HEARTS TEN,0.5644,0.009,0.4266
DIAMONDS NINE HEARTS JACK,0.5586,0.0072,0.4342
CLUBS KING DIAMONDS SIX,0.54,0.2298,0.2302
CLUBS QUEEN DIAMONDS SIX,0.636,0.0074,0.3566
CLUBS ACE DIAMONDS SIX,0.3934,0.0056,0.601
SPADES ACE SPADES SEVEN,0.3756,0.0038,0.6206
SPADES QUEEN DIAMONDS FOUR,0.6376,0.0102,0.3522
SPADES QUEEN SPADES SEVEN,0.6062,0.0102,0.3836
CLUBS JACK DIAMONDS SIX,0.6488,0.0072,0.344
SPADES ACE DIAMONDS FOUR,0.4016,0.005,0.5934
CLUBS TEN DIAMONDS SIX,0.6332,0.006,0.3608
CLUBS NINE CLUBS FOUR,0.593,0.0076,0.3994
CLUBS EIGHT CLUBS FOUR,0.6762,0.0302,0.2936
SPADES JACK DIAMONDS FOUR,0.6438,0.007,0.3492
SPADES TEN DIAMONDS FOUR,0.6396,0.0084,0.352
CLUBS FIVE CLUBS FOUR,0.5806,0.007,0.4124
CLUBS SEVEN CLUBS FOUR,0.6014,0.008,0.3906
CLUBS SIX CLUBS FOUR,0.5864,0.0064,0.4072
CLUBS SEVEN SPADES EIGHT,0.6808,0.0352,0.284
CLUBS SEVEN SPADES NINE,0.6088,0.0052,0.386
CLUBS SEVEN SPADES SIX,0.6244,0.007,0.3686
CLUBS SEVEN SPADES SEVEN,0.4186,0.0126,0.5688
CLUBS SEVEN SPADES FIVE,0.6356,0.0078,0.3566
CLUBS SEVEN SPADES FOUR,0.6496,0.0066,0.3438
CLUBS SEVEN SPADES THREE,0.6564,0.006,0.3376
CLUBS SEVEN SPADES TWO,0.6776,0.0072,0.3152
CLUBS NINE CLUBS SEVEN,0.5672,0.0066,0.4262
CLUBS SEVEN CLUBS EIGHT,0.6426,0.0342,0.3232
HEARTS SIX DIAMONDS FIVE,0.6104,0.0084,0.3812
HEARTS SEVEN DIAMONDS FIVE,0.6194,0.0068,0.3738
DIAMONDS FIVE HEARTS EIGHT,0.718,0.0348,0.2472
DIAMONDS FIVE HEARTS NINE,0.631,0.0072,0.3618
DIAMONDS QUEEN DIAMONDS FIVE,0.5974,0.0062,0.3964
HEARTS TWO DIAMONDS FIVE,0.648,0.0098,0.3422
HEARTS KING HEARTS EIGHT,0.0198,0.918,0.0622
DIAMONDS KING DIAMONDS FIVE,0.5204,0.2204,0.2592
HEARTS THREE DIAMONDS FIVE,0.6288,0.007,0.3642
HEARTS QUEEN HEARTS EIGHT,0.6646,0.03,0.3054
DIAMONDS ACE DIAMONDS FIVE,0.3716,0.007,0.6214
HEARTS FOUR DIAMONDS FIVE,0.6178,0.009,0.3732
HEARTS FIVE DIAMONDS FIVE,0.4438,0.0116,0.5446
HEARTS ACE HEARTS EIGHT,0.2114,0.0268,0.7618
CLUBS FOUR DIAMONDS FIVE,0.6166,0.0094,0.374
CLUBS FIVE DIAMONDS FIVE,0.4544,0.0108,0.5348
CLUBS SIX DIAMONDS FIVE,0.6036,0.007,0.3894
CLUBS SEVEN DIAMONDS FIVE,0.6366,0.0064,0.357
CLUBS TWO DIAMONDS FIVE,0.6462,0.0084,0.3454
CLUBS THREE DIAMONDS FIVE,0.6346,0.0064,0.359
SPADES THREE DIAMONDS FIVE,0.6386,0.0096,0.3518
SPADES TWO DIAMONDS FIVE,0.6486,0.0084,0.343
SPADES FIVE DIAMONDS FIVE,0.4566,0.0116,0.5318
CLUBS TEN HEARTS JACK,0.541,0.0084,0.4506
SPADES FOUR DIAMONDS FIVE,0.6166,0.0098,0.3736
HEARTS JACK CLUBS JACK,0.2938,0.005,0.7012
HEARTS JACK CLUBS QUEEN,0.5688,0.0066,0.4246
CLUBS NINE DIAMONDS FIVE,0.6156,0.0066,0.3778
CLUBS KING HEARTS JACK,0.235,0.086,0.679
CLUBS EIGHT DIAMONDS FIVE,0.7024,0.0356,0.262
CLUBS ACE HEARTS JACK,0.3554,0.0026,0.642
SPADES SEVEN DIAMONDS FIVE,0.6442,0.0078,0.348
SPADES SIX DIAMONDS FIVE,0.6176,0.0076,0.3748
SPADES NINE DIAMONDS FIVE,0.6246,0.008,0.3674
SPADES EIGHT DIAMONDS FIVE,0.7208,0.036,0.2432
DIAMONDS TEN DIAMONDS SIX,0.5876,0.0082,0.4042
HEARTS ACE DIAMONDS SEVEN,0.389,0.0018,0.6092
DIAMONDS JACK DIAMONDS SIX,0.5962,0.0086,0.3952
HEARTS QUEEN DIAMONDS SEVEN,0.644,0.0054,0.3506
HEARTS KING DIAMONDS SEVEN,0.5514,0.2314,0.2172
DIAMONDS ACE DIAMONDS SIX,0.3762,0.0062,0.6176
HEARTS FOUR DIAMONDS SIX,0.624,0.0072,0.3688
SPADES TWO HEARTS JACK,0.6338,0.0076,0.3586
HEARTS FIVE DIAMONDS SIX,0.624,0.0074,0.3686
SPADES TWO HEARTS TEN,0.63,0.0082,0.3618
DIAMONDS QUEEN DIAMONDS SIX,0.5956,0.005,0.3994
HEARTS TWO DIAMONDS SIX,0.6614,0.0088,0.3298
DIAMONDS KING DIAMONDS SIX,0.5256,0.2248,0.2496
HEARTS THREE DIAMONDS SIX,0.6466,0.0098,0.3436
HEARTS EIGHT DIAMONDS SIX,0.6942,0.0344,0.2714
HEARTS NINE DIAMONDS SIX,0.623,0.008,0.369
HEARTS SIX DIAMONDS SIX,0.4396,0.0128,0.5476
HEARTS SEVEN DIAMONDS SIX,0.6098,0.0074,0.3828
HEARTS TEN DIAMONDS SEVEN,0.6174,0.0054,0.3772
CLUBS TWO DIAMONDS SIX,0.6662,0.0074,0.3264
HEARTS JACK DIAMONDS SEVEN,0.63,0.008,0.362
CLUBS THREE DIAMONDS SIX,0.6418,0.0082,0.35
CLUBS SEVEN DIAMONDS SIX,0.6182,0.0062,0.3756
CLUBS SIX DIAMONDS SIX,0.4442,0.0116,0.5442
CLUBS FIVE DIAMONDS SIX,0.624,0.0064,0.3696
CLUBS FOUR DIAMONDS SIX,0.6192,0.0078,0.373
HEARTS ACE HEARTS JACK,0.3244,0.0052,0.6704
HEARTS QUEEN HEARTS JACK,0.53,0.009,0.461
CLUBS NINE DIAMONDS SIX,0.625,0.0088,0.3662
HEARTS KING HEARTS JACK,0.2174,0.08,0.7026
CLUBS EIGHT DIAMONDS SIX,0.6928,0.0322,0.275
SPADES TEN HEARTS KING,0.2332,0.1222,0.6446
SPADES FIVE DIAMONDS SIX,0.6172,0.009,0.3738
HEARTS ACE SPADES TWO,0.399,0.0046,0.5964
SPADES JACK HEARTS KING,0.232,0.0866,0.6814
SPADES FOUR DIAMONDS SIX,0.6352,0.0056,0.3592
SPADES THREE DIAMONDS SIX,0.6532,0.007,0.3398
HEARTS QUEEN SPADES TWO,0.63,0.0084,0.3616
SPADES TWO HEARTS KING,0.5404,0.2204,0.2392
SPADES TWO DIAMONDS SIX,0.6656,0.0088,0.3256
HEARTS TEN HEARTS EIGHT,0.654,0.0276,0.3184
SPADES NINE DIAMONDS SIX,0.6046,0.0074,0.388
HEARTS JACK HEARTS EIGHT,0.6556,0.0288,0.3156
SPADES EIGHT DIAMONDS SIX,0.703,0.0328,0.2642
SPADES SEVEN DIAMONDS SIX,0.6222,0.0066,0.3712
SPADES SIX DIAMONDS SIX,0.4338,0.0152,0.551
SPADES QUEEN HEARTS KING,0.2232,0.0668,0.71
CLUBS ACE CLUBS KING,0.2256,0.0096,0.7648
SPADES ACE HEARTS KING,0.2222,0.0104,0.7674
SPADES ACE HEARTS JACK,0.3432,0.0034,0.6534
SPADES QUEEN HEARTS JACK,0.5486,0.0062,0.4452
SPADES TEN DIAMONDS TEN,0.2788,0.0074,0.7138
SPADES JACK DIAMONDS TEN,0.56,0.0074,0.4326
SPADES ACE DIAMONDS TEN,0.3304,0.0052,0.6644
SPADES JACK HEARTS JACK,0.3008,0.0052,0.694
SPADES TEN HEARTS JACK,0.5586,0.0048,0.4366
SPADES QUEEN DIAMONDS TEN,0.5546,0.0082,0.4372
SPADES NINE DIAMONDS SEVEN,0.62,0.009,0.371
SPADES EIGHT DIAMONDS SEVEN,0.6936,0.037,0.2694
SPADES SEVEN DIAMONDS SEVEN,0.4326,0.0182,0.5492
SPADES SIX DIAMONDS SEVEN,0.6242,0.0088,0.367
DIAMONDS KING DIAMONDS SEVEN,0.4956,0.2392,0.2652
HEARTS THREE DIAMONDS SEVEN,0.656,0.007,0.337
HEARTS KING DIAMONDS FIVE,0.532,0.2298,0.2382
DIAMONDS QUEEN DIAMONDS SEVEN,0.6036,0.009,0.3874
HEARTS TWO DIAMONDS SEVEN,0.6796,0.0102,0.3102
HEARTS QUEEN DIAMONDS FIVE,0.6272,0.0082,0.3646
HEARTS FIVE DIAMONDS SEVEN,0.6206,0.0084,0.371
DIAMONDS ACE DIAMONDS SEVEN,0.3586,0.0056,0.6358
HEARTS FOUR DIAMONDS SEVEN,0.6434,0.0094,0.3472
HEARTS ACE DIAMONDS FIVE,0.393,0.0048,0.6022
HEARTS SEVEN DIAMONDS SEVEN,0.4318,0.0108,0.5574
HEARTS SIX DIAMONDS SEVEN,0.622,0.006,0.372
DIAMONDS SEVEN HEARTS NINE,0.5988,0.0064,0.3948
HEARTS EIGHT DIAMONDS SEVEN,0.694,0.03,0.276
DIAMONDS JACK DIAMONDS SEVEN,0.6012,0.007,0.3918
DIAMONDS FIVE HEARTS JACK,0.6258,0.0064,0.3678
DIAMONDS TEN DIAMONDS SEVEN,0.5844,0.0064,0.4092
HEARTS TEN DIAMONDS FIVE,0.646,0.0084,0.3456
HEARTS KING CLUBS KING,0.0774,0.0116,0.911
CLUBS EIGHT DIAMONDS SEVEN,0.6872,0.0342,0.2786
SPADES QUEEN CLUBS TWO,0.635,0.0066,0.3584
HEARTS KING CLUBS QUEEN,0.246,0.068,0.686
CLUBS NINE DIAMONDS SEVEN,0.6076,0.0074,0.385
SPADES TWO CLUBS JACK,0.636,0.007,0.357
SPADES ACE CLUBS TWO,0.392,0.0052,0.6028
CLUBS TEN SPADES TWO,0.6362,0.0062,0.3576
HEARTS KING CLUBS ACE,0.2378,0.0146,0.7476
CLUBS SEVEN CLUBS SIX,0.5854,0.0062,0.4084
SPADES TWO CLUBS KING,0.5478,0.2238,0.2284
SPADES TWO DIAMONDS SEVEN,0.6672,0.0084,0.3244
CLUBS EIGHT CLUBS SIX,0.6556,0.039,0.3054
SPADES THREE DIAMONDS SEVEN,0.6732,0.0086,0.3182
SPADES TWO CLUBS QUEEN,0.6306,0.0086,0.3608
CLUBS NINE CLUBS SIX,0.5652,0.0058,0.429
SPADES FOUR DIAMONDS SEVEN,0.6402,0.0084,0.3514
HEARTS KING CLUBS JACK,0.2384,0.0844,0.6772
SPADES FIVE DIAMONDS SEVEN,0.635,0.0074,0.3576
SPADES TWO CLUBS ACE,0.4032,0.0044,0.5924
CLUBS TEN HEARTS KING,0.2396,0.1174,0.643
CLUBS SIX SPADES TWO,0.6638,0.0072,0.329
CLUBS SIX SPADES THREE,0.6568,0.0078,0.3354
CLUBS TWO DIAMONDS SEVEN,0.6646,0.0092,0.3262
CLUBS SIX SPADES FOUR,0.6406,0.0076,0.3518
CLUBS THREE DIAMONDS SEVEN,0.6484,0.0096,0.342
CLUBS SIX SPADES FIVE,0.6176,0.007,0.3754
CLUBS FOUR DIAMONDS SEVEN,0.6422,0.0068,0.351
CLUBS SIX SPADES SIX,0.4382,0.0128,0.549
CLUBS FIVE DIAMONDS SEVEN,0.6428,0.0082,0.349
CLUBS SIX SPADES SEVEN,0.6146,0.0076,0.3778
CLUBS SIX DIAMONDS SEVEN,0.622,0.0068,0.3712
SPADES EIGHT CLUBS SIX,0.7062,0.0344,0.2594
SPADES JACK CLUBS TWO,0.6268,0.0092,0.364
CLUBS SEVEN DIAMONDS SEVEN,0.429,0.0114,0.5596
SPADES NINE CLUBS SIX,0.6154,0.0052,0.3794
SPADES TEN CLUBS TWO,0.642,0.0076,0.3504
CLUBS TWO CLUBS QUEEN,0.587,0.0082,0.4048
CLUBS TWO CLUBS KING,0.5072,0.2146,0.2782
CLUBS TWO CLUBS ACE,0.3678,0.006,0.6262
CLUBS TEN CLUBS TWO,0.5876,0.0052,0.4072
CLUBS TWO CLUBS JACK,0.5932,0.0066,0.4002
SPADES ACE SPADES THREE,0.368,0.0064,0.6256
SPADES QUEEN SPADES THREE,0.5946,0.0064,0.399
SPADES JACK SPADES THREE,0.5976,0.0068,0.3956
SPADES TEN SPADES THREE,0.6056,0.0062,0.3882
CLUBS FOUR HEARTS ACE,0.4048,0.0046,0.5906
CLUBS FOUR HEARTS QUEEN,0.6134,0.0062,0.3804
CLUBS FOUR HEARTS KING,0.5332,0.2254,0.2414
CLUBS SIX HEARTS TEN,0.622,0.0058,0.3722
CLUBS SIX HEARTS JACK,0.631,0.0066,0.3624
CLUBS FOUR HEARTS JACK,0.6292,0.0054,0.3654
SPADES JACK HEARTS EIGHT,0.6964,0.0346,0.269
SPADES TEN HEARTS TWO,0.6362,0.0062,0.3576
SPADES TEN DIAMONDS QUEEN,0.5612,0.0062,0.4326
CLUBS FOUR HEARTS TEN,0.6144,0.0058,0.3798
SPADES JACK HEARTS TWO,0.6278,0.0058,0.3664
SPADES JACK DIAMONDS QUEEN,0.58,0.005,0.415
SPADES TEN HEARTS EIGHT,0.685,0.0268,0.2882
SPADES ACE HEARTS TWO,0.3908,0.006,0.6032
SPADES ACE DIAMONDS QUEEN,0.3394,0.0046,0.656
SPADES ACE HEARTS EIGHT,0.232,0.0242,0.7438
SPADES QUEEN DIAMONDS QUEEN,0.295,0.005,0.7
SPADES QUEEN HEARTS TWO,0.6316,0.0072,0.3612
SPADES QUEEN HEARTS EIGHT,0.7176,0.0282,0.2542
CLUBS TWO HEARTS TEN,0.6252,0.0078,0.367
CLUBS TWO HEARTS JACK,0.6326,0.0078,0.3596
SPADES SEVEN DIAMONDS NINE,0.6214,0.0082,0.3704
SPADES SIX DIAMONDS NINE,0.615,0.0084,0.3766
SPADES NINE DIAMONDS NINE,0.2874,0.0088,0.7038
SPADES EIGHT DIAMONDS NINE,0.6826,0.0324,0.285
SPADES TEN CLUBS KING,0.235,0.1134,0.6516
DIAMONDS NINE SPADES THREE,0.6366,0.0058,0.3576
SPADES JACK CLUBS KING,0.2336,0.0878,0.6786
DIAMONDS NINE SPADES TWO,0.6316,0.0086,0.3598
SPADES FIVE DIAMONDS NINE,0.6176,0.0076,0.3748
SPADES FOUR DIAMONDS NINE,0.6354,0.009,0.3556
CLUBS NINE DIAMONDS NINE,0.3024,0.0098,0.6878
CLUBS EIGHT DIAMONDS NINE,0.6784,0.0276,0.294
CLUBS SIX DIAMONDS NINE,0.6022,0.0072,0.3906
SPADES JACK CLUBS FOUR,0.6366,0.007,0.3564
CLUBS SEVEN DIAMONDS NINE,0.588,0.0066,0.4054
SPADES TEN CLUBS FOUR,0.6106,0.0072,0.3822
CLUBS FOUR DIAMONDS NINE,0.6302,0.0062,0.3636
CLUBS FIVE DIAMONDS NINE,0.6166,0.0076,0.3758
CLUBS TWO DIAMONDS NINE,0.6262,0.0066,0.3672
CLUBS THREE DIAMONDS NINE,0.6428,0.0086,0.3486
DIAMONDS NINE HEARTS EIGHT,0.6714,0.0298,0.2988
DIAMONDS NINE HEARTS NINE,0.2938,0.0082,0.698
HEARTS SIX DIAMONDS NINE,0.6126,0.007,0.3804
HEARTS SEVEN DIAMONDS NINE,0.5944,0.0062,0.3994
CLUBS NINE CLUBS EIGHT,0.6354,0.0308,0.3338
DIAMONDS ACE DIAMONDS NINE,0.3422,0.0048,0.653
HEARTS FOUR DIAMONDS NINE,0.616,0.007,0.377
HEARTS FIVE DIAMONDS NINE,0.6202,0.0092,0.3706
HEARTS ACE CLUBS TWO,0.3872,0.0044,0.6084
SPADES ACE CLUBS FOUR,0.3928,0.0042,0.603
DIAMONDS NINE DIAMONDS QUEEN,0.5608,0.0074,0.4318
HEARTS TWO DIAMONDS NINE,0.6276,0.0082,0.3642
CLUBS TWO HEARTS KING,0.539,0.2312,0.2298
DIAMONDS KING DIAMONDS NINE,0.2136,0.1644,0.622
HEARTS THREE DIAMONDS NINE,0.6392,0.0066,0.3542
CLUBS TWO HEARTS QUEEN,0.6298,0.0054,0.3648
SPADES QUEEN CLUBS FOUR,0.6362,0.0062,0.3576
DIAMONDS NINE DIAMONDS JACK,0.5468,0.0064,0.4468
CLUBS EIGHT SPADES NINE,0.6764,0.0302,0.2934
DIAMONDS TEN DIAMONDS NINE,0.5312,0.0082,0.4606
CLUBS EIGHT SPADES EIGHT,0.3104,0.0268,0.6628
CLUBS EIGHT SPADES SEVEN,0.681,0.0344,0.2846
CLUBS EIGHT SPADES SIX,0.6904,0.0348,0.2748
CLUBS EIGHT SPADES FIVE,0.7076,0.0338,0.2586
CLUBS EIGHT SPADES FOUR,0.7214,0.039,0.2396
CLUBS EIGHT SPADES THREE,0.7528,0.0352,0.212
CLUBS EIGHT SPADES TWO,0.7344,0.0366,0.229
HEARTS SIX DIAMONDS TEN,0.6146,0.008,0.3774
HEARTS SEVEN DIAMONDS TEN,0.6058,0.007,0.3872
DIAMONDS TEN HEARTS EIGHT,0.6908,0.0338,0.2754
CLUBS FOUR CLUBS JACK,0.575,0.0088,0.4162
DIAMONDS TEN HEARTS NINE,0.5548,0.0062,0.439
CLUBS TEN CLUBS FOUR,0.5886,0.008,0.4034
CLUBS FOUR CLUBS KING,0.5054,0.2226,0.272
CLUBS FOUR CLUBS QUEEN,0.5862,0.0058,0.408
DIAMONDS TEN CLUBS TWO,0.6248,0.0086,0.3666
CLUBS THREE DIAMONDS TEN,0.637,0.0052,0.3578
CLUBS FOUR CLUBS ACE,0.363,0.004,0.633
DIAMONDS TEN DIAMONDS JACK,0.518,0.0064,0.4756
DIAMONDS TEN DIAMONDS QUEEN,0.5388,0.007,0.4542
HEARTS TWO DIAMONDS TEN,0.6298,0.0074,0.3628
DIAMONDS KING DIAMONDS TEN,0.2188,0.1132,0.668
HEARTS THREE DIAMONDS TEN,0.621,0.0062,0.3728
DIAMONDS ACE DIAMONDS TEN,0.3314,0.0058,0.6628
HEARTS FOUR DIAMONDS TEN,0.6288,0.0068,0.3644
CLUBS EIGHT HEARTS JACK,0.7114,0.0278,0.2608
HEARTS FIVE DIAMONDS TEN,0.6346,0.0068,0.3586
CLUBS EIGHT HEARTS TEN,0.6778,0.0294,0.2928
CLUBS EIGHT HEARTS QUEEN,0.7194,0.0268,0.2538
CLUBS EIGHT HEARTS KING,0.0222,0.9528,0.025
CLUBS EIGHT HEARTS ACE,0.2372,0.026,0.7368
CLUBS NINE SPADES THREE,0.6426,0.0068,0.3506
CLUBS NINE SPADES TWO,0.648,0.007,0.345
CLUBS NINE SPADES FIVE,0.621,0.007,0.372
CLUBS NINE SPADES FOUR,0.634,0.0072,0.3588
CLUBS NINE SPADES SEVEN,0.5896,0.009,0.4014
CLUBS NINE SPADES SIX,0.6144,0.0076,0.378
CLUBS NINE SPADES NINE,0.3172,0.0092,0.6736
CLUBS TEN HEARTS EIGHT,0.695,0.0268,0.2782
CLUBS NINE SPADES EIGHT,0.687,0.027,0.286
HEARTS EIGHT CLUBS JACK,0.7054,0.0282,0.2664
CLUBS QUEEN HEARTS EIGHT,0.7126,0.0348,0.2526
CLUBS KING HEARTS EIGHT,0.0204,0.9584,0.0212
CLUBS ACE HEARTS EIGHT,0.2344,0.027,0.7386
SPADES QUEEN CLUBS KING,0.2422,0.061,0.6968
SPADES ACE CLUBS KING,0.2296,0.0128,0.7576
DIAMONDS ACE HEARTS TEN,0.3472,0.004,0.6488
HEARTS FOUR HEARTS TEN,0.5844,0.009,0.4066
DIAMONDS ACE HEARTS JACK,0.3332,0.006,0.6608
HEARTS FOUR HEARTS JACK,0.5886,0.0064,0.405
SPADES QUEEN CLUBS FIVE,0.6316,0.006,0.3624
SPADES ACE CLUBS FIVE,0.3824,0.005,0.6126
HEARTS SEVEN DIAMONDS JACK,0.6196,0.0044,0.376
HEARTS SIX DIAMONDS JACK,0.6328,0.0068,0.3604
DIAMONDS JACK HEARTS NINE,0.5698,0.0076,0.4226
DIAMONDS JACK HEARTS EIGHT,0.6972,0.0294,0.2734
DIAMONDS KING DIAMONDS JACK,0.2262,0.086,0.6878
HEARTS THREE DIAMONDS JACK,0.634,0.0082,0.3578
SPADES ACE SPADES SIX,0.362,0.0062,0.6318
HEARTS ACE SPADES FOUR,0.386,0.0032,0.6108
DIAMONDS QUEEN DIAMONDS JACK,0.531,0.0084,0.4606
HEARTS TWO DIAMONDS JACK,0.6286,0.0078,0.3636
HEARTS FIVE DIAMONDS JACK,0.626,0.0068,0.3672
SPADES QUEEN SPADES SIX,0.6044,0.007,0.3886
SPADES FOUR HEARTS QUEEN,0.6308,0.0074,0.3618
DIAMONDS ACE DIAMONDS JACK,0.3364,0.0052,0.6584
HEARTS FOUR DIAMONDS JACK,0.6332,0.0086,0.3582
SPADES FOUR HEARTS KING,0.5312,0.238,0.2308
SPADES TEN SPADES SIX,0.586,0.0064,0.4076
SPADES JACK SPADES SIX,0.5952,0.0082,0.3966
SPADES FOUR DIAMONDS JACK,0.6346,0.0074,0.358
SPADES FIVE DIAMONDS JACK,0.6348,0.0082,0.357
SPADES TWO DIAMONDS JACK,0.6338,0.0096,0.3566
SPADES THREE DIAMONDS JACK,0.6432,0.0074,0.3494
SPADES ACE DIAMONDS THREE,0.3906,0.0044,0.605
SPADES QUEEN DIAMONDS THREE,0.6422,0.0072,0.3506
CLUBS EIGHT DIAMONDS JACK,0.7072,0.032,0.2608
CLUBS NINE DIAMONDS JACK,0.5694,0.0068,0.4238
CLUBS SIX DIAMONDS JACK,0.6246,0.0068,0.3686
CLUBS SEVEN DIAMONDS JACK,0.618,0.0066,0.3754
CLUBS FOUR DIAMONDS JACK,0.6194,0.0086,0.372
CLUBS FIVE DIAMONDS JACK,0.6238,0.0102,0.366
CLUBS TWO DIAMONDS JACK,0.6188,0.0086,0.3726
CLUBS THREE DIAMONDS JACK,0.6316,0.0052,0.3632
SPADES JACK HEARTS SIX,0.6448,0.0074,0.3478
SPADES TEN CLUBS FIVE,0.6378,0.0062,0.356
SPADES JACK CLUBS FIVE,0.6306,0.0064,0.363
SPADES TEN HEARTS SIX,0.6354,0.0066,0.358
SPADES JACK DIAMONDS THREE,0.643,0.0102,0.3468
CLUBS SEVEN CLUBS ACE,0.365,0.0032,0.6318
SPADES TEN DIAMONDS THREE,0.6416,0.0076,0.3508
CLUBS SEVEN CLUBS QUEEN,0.5944,0.0078,0.3978
CLUBS SEVEN CLUBS KING,0.5092,0.214,0.2768
SPADES NINE DIAMONDS JACK,0.5694,0.0072,0.4234
CLUBS TEN CLUBS SEVEN,0.5696,0.0086,0.4218
DIAMONDS ACE HEARTS ACE,0.1118,0.003,0.8852
HEARTS FOUR HEARTS ACE,0.3716,0.006,0.6224
SPADES EIGHT DIAMONDS JACK,0.7036,0.0284,0.268
SPADES ACE HEARTS SIX,0.3922,0.0054,0.6024
CLUBS SEVEN CLUBS JACK,0.57,0.0076,0.4224
DIAMONDS ACE HEARTS KING,0.2304,0.009,0.7606
HEARTS FOUR HEARTS KING,0.5016,0.2184,0.28
SPADES SEVEN DIAMONDS JACK,0.6206,0.0092,0.3702
DIAMONDS ACE HEARTS QUEEN,0.3476,0.0058,0.6466
HEARTS FOUR HEARTS QUEEN,0.5838,0.0064,0.4098
SPADES SIX DIAMONDS JACK,0.6244,0.0094,0.3662
SPADES QUEEN HEARTS SIX,0.6348,0.0052,0.36
DIAMONDS TEN SPADES TWO,0.65,0.0088,0.3412
DIAMONDS TEN SPADES THREE,0.6302,0.007,0.3628
DIAMONDS TEN SPADES FOUR,0.6272,0.0072,0.3656
SPADES FIVE DIAMONDS TEN,0.6344,0.009,0.3566
SPADES SIX DIAMONDS TEN,0.6226,0.0082,0.3692
SPADES SEVEN DIAMONDS TEN,0.6092,0.009,0.3818
SPADES EIGHT DIAMONDS TEN,0.6826,0.0328,0.2846
SPADES NINE DIAMONDS TEN,0.5568,0.0068,0.4364
CLUBS FOUR DIAMONDS TEN,0.6266,0.0074,0.366
CLUBS FIVE DIAMONDS TEN,0.6334,0.0082,0.3584
CLUBS SIX DIAMONDS TEN,0.6232,0.007,0.3698
CLUBS SEVEN DIAMONDS TEN,0.6178,0.0048,0.3774
CLUBS EIGHT DIAMONDS TEN,0.6928,0.032,0.2752
CLUBS NINE DIAMONDS TEN,0.558,0.0076,0.4344
DIAMONDS THREE CLUBS JACK,0.6362,0.0086,0.3552
CLUBS TEN DIAMONDS THREE,0.637,0.0056,0.3574
DIAMONDS THREE CLUBS KING,0.5408,0.2372,0.222
DIAMONDS THREE CLUBS QUEEN,0.6268,0.0076,0.3656
DIAMONDS THREE CLUBS ACE,0.3984,0.0038,0.5978
SPADES FOUR HEARTS JACK,0.637,0.0084,0.3546
SPADES FOUR HEARTS TEN,0.6272,0.0076,0.3652
SPADES FIVE SPADES TWO,0.6102,0.0084,0.3814
SPADES FOUR SPADES TWO,0.623,0.01,0.367
SPADES THREE SPADES TWO,0.6358,0.0068,0.3574
SPADES NINE SPADES TWO,0.5976,0.0078,0.3946
SPADES EIGHT SPADES TWO,0.714,0.0326,0.2534
SPADES SEVEN SPADES TWO,0.6208,0.008,0.3712
SPADES SIX SPADES TWO,0.6292,0.0082,0.3626
CLUBS THREE DIAMONDS QUEEN,0.624,0.0088,0.3672
CLUBS THREE HEARTS TWO,0.635,0.01,0.355
CLUBS TWO DIAMONDS QUEEN,0.6352,0.0074,0.3574
HEARTS TWO CLUBS TWO,0.4704,0.0138,0.5158
HEARTS SEVEN DIAMONDS QUEEN,0.6218,0.0062,0.372
HEARTS SEVEN HEARTS TWO,0.6216,0.0062,0.3722
HEARTS SIX DIAMONDS QUEEN,0.6138,0.0078,0.3784
HEARTS SIX HEARTS TWO,0.591,0.008,0.401
DIAMONDS QUEEN HEARTS NINE,0.5846,0.0054,0.41
HEARTS TWO HEARTS NINE,0.5916,0.008,0.4004
DIAMONDS QUEEN HEARTS EIGHT,0.7136,0.0262,0.2602
HEARTS TWO HEARTS EIGHT,0.702,0.0354,0.2626
CLUBS NINE HEARTS TWO,0.6356,0.0062,0.3582
CLUBS NINE DIAMONDS QUEEN,0.5806,0.0072,0.4122
CLUBS EIGHT HEARTS TWO,0.7256,0.0308,0.2436
CLUBS EIGHT DIAMONDS QUEEN,0.7176,0.0366,0.2458
CLUBS FIVE DIAMONDS QUEEN,0.6294,0.0074,0.3632
CLUBS FIVE HEARTS TWO,0.6356,0.0086,0.3558
SPADES EIGHT HEARTS ACE,0.2346,0.0286,0.7368
CLUBS FOUR DIAMONDS QUEEN,0.6254,0.0064,0.3682
CLUBS FOUR HEARTS TWO,0.6384,0.008,0.3536
CLUBS SEVEN DIAMONDS QUEEN,0.6286,0.0072,0.3642
CLUBS SEVEN HEARTS TWO,0.6628,0.0058,0.3314
SPADES EIGHT HEARTS QUEEN,0.7128,0.0346,0.2526
CLUBS SIX DIAMONDS QUEEN,0.628,0.0072,0.3648
CLUBS SIX HEARTS TWO,0.6736,0.0082,0.3182
SPADES EIGHT HEARTS KING,0.0142,0.9742,0.0116
SPADES SIX DIAMONDS QUEEN,0.6264,0.009,0.3646
SPADES SIX HEARTS TWO,0.659,0.0072,0.3338
HEARTS FOUR CLUBS QUEEN,0.6324,0.0046,0.363
DIAMONDS ACE CLUBS QUEEN,0.3414,0.005,0.6536
SPADES SEVEN DIAMONDS QUEEN,0.631,0.0068,0.3622
SPADES SEVEN HEARTS TWO,0.6692,0.011,0.3198
HEARTS FOUR CLUBS KING,0.5262,0.2322,0.2416
DIAMONDS ACE CLUBS KING,0.2234,0.011,0.7656
SPADES EIGHT DIAMONDS QUEEN,0.7302,0.0332,0.2366
SPADES EIGHT HEARTS TWO,0.7382,0.0384,0.2234
HEARTS FOUR CLUBS ACE,0.3866,0.0042,0.6092
DIAMONDS ACE CLUBS ACE,0.1196,0.0028,0.8776
SPADES NINE DIAMONDS QUEEN,0.585,0.0074,0.4076
SPADES NINE HEARTS TWO,0.6314,0.0076,0.361
HEARTS TWO SPADES TWO,0.4682,0.0146,0.5172
DIAMONDS QUEEN SPADES TWO,0.629,0.0074,0.3636
HEARTS TWO SPADES THREE,0.6456,0.0098,0.3446
SPADES THREE DIAMONDS QUEEN,0.6352,0.0086,0.3562
HEARTS TWO SPADES FOUR,0.6524,0.008,0.3396
SPADES FOUR DIAMONDS QUEEN,0.635,0.0068,0.3582
CLUBS TEN HEARTS FOUR,0.6092,0.007,0.3838
CLUBS TEN DIAMONDS ACE,0.3418,0.0056,0.6526
HEARTS TWO SPADES FIVE,0.6464,0.0072,0.3464
SPADES FIVE DIAMONDS QUEEN,0.64,0.008,0.352
HEARTS FOUR CLUBS JACK,0.617,0.0072,0.3758
DIAMONDS ACE CLUBS JACK,0.353,0.0048,0.6422
CLUBS FIVE CLUBS KING,0.4968,0.2114,0.2918
CLUBS FIVE CLUBS QUEEN,0.5846,0.006,0.4094
CLUBS FIVE CLUBS ACE,0.3674,0.0042,0.6284
CLUBS FIVE CLUBS JACK,0.5822,0.0062,0.4116
CLUBS TEN CLUBS FIVE,0.589,0.0046,0.4064
SPADES QUEEN CLUBS JACK,0.5562,0.0068,0.437
SPADES ACE CLUBS JACK,0.3548,0.0046,0.6406
SPADES SIX CLUBS KING,0.5516,0.2336,0.2148
SPADES SIX CLUBS QUEEN,0.6264,0.0048,0.3688
SPADES EIGHT HEARTS JACK,0.709,0.0298,0.2612
SPADES SIX CLUBS ACE,0.4036,0.005,0.5914
SPADES EIGHT HEARTS TEN,0.6924,0.033,0.2746
SPADES SIX CLUBS JACK,0.6352,0.006,0.3588
CLUBS TEN SPADES SIX,0.6202,0.0072,0.3726
SPADES TEN CLUBS JACK,0.5434,0.0084,0.4482
SPADES JACK CLUBS JACK,0.2968,0.0064,0.6968
SPADES QUEEN CLUBS SEVEN,0.6304,0.0098,0.3598
SPADES ACE CLUBS SEVEN,0.388,0.004,0.608
SPADES SIX HEARTS TEN,0.6142,0.0076,0.3782
SPADES SIX HEARTS JACK,0.6286,0.0082,0.3632
SPADES SIX HEARTS ACE,0.3948,0.0052,0.6
SPADES SIX HEARTS KING,0.5516,0.2226,0.2258
SPADES SIX HEARTS QUEEN,0.6354,0.007,0.3576
SPADES JACK CLUBS SEVEN,0.6258,0.008,0.3662
CLUBS SEVEN SPADES TEN,0.6248,0.006,0.3692
CLUBS TEN HEARTS SIX,0.628,0.0078,0.3642
HEARTS SIX CLUBS JACK,0.6428,0.0054,0.3518
CLUBS ACE CLUBS JACK,0.3222,0.0036,0.6742
HEARTS SIX CLUBS QUEEN,0.6284,0.0042,0.3674
HEARTS SIX CLUBS KING,0.5418,0.2208,0.2374
HEARTS SIX CLUBS ACE,0.3896,0.0038,0.6066
CLUBS QUEEN CLUBS JACK,0.5268,0.0068,0.4664
CLUBS KING CLUBS JACK,0.2196,0.0824,0.698
DIAMONDS THREE HEARTS ACE,0.4,0.0042,0.5958
DIAMONDS THREE HEARTS QUEEN,0.6274,0.0056,0.367
DIAMONDS THREE HEARTS KING,0.555,0.2204,0.2246
CLUBS FIVE HEARTS JACK,0.6278,0.0056,0.3666
HEARTS FOUR SPADES TEN,0.6268,0.0058,0.3674
SPADES TEN DIAMONDS ACE,0.3454,0.0052,0.6494
CLUBS FIVE HEARTS TEN,0.6172,0.008,0.3748
HEARTS FOUR SPADES JACK,0.6302,0.0072,0.3626
SPADES JACK DIAMONDS ACE,0.3522,0.0066,0.6412
SPADES ACE HEARTS FOUR,0.3842,0.0048,0.611
SPADES ACE DIAMONDS ACE,0.1192,0.0044,0.8764
CLUBS FIVE HEARTS ACE,0.3994,0.0048,0.5958
CLUBS FIVE HEARTS KING,0.5328,0.226,0.2412
SPADES QUEEN DIAMONDS ACE,0.3492,0.0046,0.6462
SPADES QUEEN HEARTS FOUR,0.6378,0.0078,0.3544
SPADES FOUR CLUBS JACK,0.6294,0.0096,0.361
CLUBS FIVE HEARTS QUEEN,0.6274,0.008,0.3646
CLUBS TEN SPADES FOUR,0.6288,0.0082,0.363
DIAMONDS ACE DIAMONDS QUEEN,0.3394,0.0048,0.6558
DIAMONDS ACE HEARTS TWO,0.3914,0.0064,0.6022
HEARTS FOUR DIAMONDS QUEEN,0.6108,0.0064,0.3828
HEARTS FOUR HEARTS TWO,0.5938,0.0074,0.3988
DIAMONDS THREE HEARTS TEN,0.6246,0.0078,0.3676
SPADES FOUR CLUBS KING,0.5502,0.226,0.2238
HEARTS FIVE DIAMONDS QUEEN,0.6284,0.009,0.3626
HEARTS FIVE HEARTS TWO,0.593,0.0084,0.3986
DIAMONDS THREE HEARTS JACK,0.6432,0.007,0.3498
SPADES FOUR CLUBS QUEEN,0.6346,0.0042,0.3612
HEARTS TWO DIAMONDS QUEEN,0.6284,0.008,0.3636
DIAMONDS KING DIAMONDS QUEEN,0.2262,0.062,0.7118
DIAMONDS KING HEARTS TWO,0.5236,0.2402,0.2362
HEARTS THREE DIAMONDS QUEEN,0.6334,0.0068,0.3598
HEARTS THREE HEARTS TWO,0.6058,0.0078,0.3864
SPADES FOUR CLUBS ACE,0.3968,0.0048,0.5984
HEARTS TWO CLUBS ACE,0.397,0.0044,0.5986
DIAMONDS QUEEN CLUBS ACE,0.3528,0.004,0.6432
HEARTS TWO CLUBS QUEEN,0.643,0.0058,0.3512
DIAMONDS QUEEN CLUBS QUEEN,0.2812,0.0022,0.7166
HEARTS TWO CLUBS KING,0.5458,0.2262,0.228
DIAMONDS QUEEN CLUBS KING,0.2338,0.0604,0.7058
SPADES EIGHT SPADES FIVE,0.673,0.0346,0.2924
CLUBS TEN HEARTS TWO,0.6334,0.0072,0.3594
CLUBS TEN DIAMONDS QUEEN,0.5486,0.0064,0.445
SPADES NINE SPADES FIVE,0.5912,0.0094,0.3994
HEARTS TWO CLUBS JACK,0.6318,0.007,0.3612
DIAMONDS QUEEN CLUBS JACK,0.5476,0.0058,0.4466
SPADES SIX SPADES FIVE,0.5894,0.0094,0.4012
SPADES SEVEN SPADES FIVE,0.6064,0.0104,0.3832
DIAMONDS FIVE CLUBS QUEEN,0.6256,0.006,0.3684
SPADES EIGHT CLUBS ACE,0.2314,0.025,0.7436
DIAMONDS FIVE CLUBS KING,0.53,0.2286,0.2414
SPADES EIGHT CLUBS KING,0.019,0.972,0.009
CLUBS ACE DIAMONDS FIVE,0.4058,0.004,0.5902
SPADES EIGHT CLUBS QUEEN,0.722,0.0344,0.2436
SPADES EIGHT CLUBS JACK,0.7048,0.0338,0.2614
CLUBS TEN SPADES EIGHT,0.6966,0.0326,0.2708
CLUBS TEN DIAMONDS FIVE,0.6372,0.008,0.3548
DIAMONDS FIVE CLUBS JACK,0.6382,0.0054,0.3564
DIAMONDS TEN HEARTS JACK,0.5436,0.0054,0.451
DIAMONDS TEN HEARTS TEN,0.2936,0.007,0.6994
SPADES ACE CLUBS NINE,0.356,0.0044,0.6396
CLUBS NINE SPADES QUEEN,0.5776,0.0088,0.4136
HEARTS SIX HEARTS KING,0.4954,0.2188,0.2858
DIAMONDS KING SPADES SEVEN,0.5432,0.2312,0.2256
SPADES SEVEN HEARTS THREE,0.6434,0.0074,0.3492
HEARTS SIX HEARTS QUEEN,0.5816,0.0072,0.4112
DIAMONDS KING SPADES SIX,0.5392,0.243,0.2178
HEARTS THREE SPADES SIX,0.6444,0.0076,0.348
SPADES QUEEN DIAMONDS SEVEN,0.6484,0.0084,0.3432
SPADES NINE DIAMONDS KING,0.2142,0.174,0.6118
SPADES NINE HEARTS THREE,0.6408,0.0072,0.352
HEARTS SIX HEARTS ACE,0.367,0.003,0.63
SPADES EIGHT DIAMONDS KING,0.007,0.9842,0.0088
SPADES EIGHT HEARTS THREE,0.744,0.0368,0.2192
SPADES ACE DIAMONDS SEVEN,0.3924,0.005,0.6026
CLUBS NINE HEARTS THREE,0.6308,0.0064,0.3628
CLUBS NINE DIAMONDS KING,0.2158,0.1714,0.6128
CLUBS EIGHT HEARTS THREE,0.7394,0.0362,0.2244
CLUBS EIGHT DIAMONDS KING,0.0126,0.9692,0.0182
HEARTS THREE SPADES THREE,0.4682,0.0122,0.5196
DIAMONDS KING SPADES THREE,0.5452,0.2296,0.2252
HEARTS THREE SPADES TWO,0.6434,0.01,0.3466
DIAMONDS KING SPADES TWO,0.5392,0.2294,0.2314
HEARTS THREE SPADES FIVE,0.632,0.0074,0.3606
DIAMONDS KING SPADES FIVE,0.5348,0.2398,0.2254
HEARTS THREE SPADES FOUR,0.6396,0.0094,0.351
