opposingHand,winningChance,drawChance,lostChance
SPADES JACK SPADES FOUR
SPADES TEN HEARTS FIVE,0.6058,0.0186,0.3756
SPADES FIVE CLUBS JACK,0.2606,0.4402,0.2992
SPADES FIVE CLUBS TEN,0.6192,0.0166,0.3642
CLUBS EIGHT CLUBS JACK,0.2516,0.202,0.5464
CLUBS EIGHT CLUBS TEN,0.5504,0.0148,0.4348
CLUBS EIGHT CLUBS KING,0.3736,0.0062,0.6202
SPADES FIVE CLUBS ACE,0.3762,0.006,0.6178
CLUBS EIGHT CLUBS QUEEN,0.3766,0.0096,0.6138
SPADES FIVE CLUBS KING,0.3952,0.0094,0.5954
SPADES FIVE CLUBS QUEEN,0.3858,0.0116,0.6026
CLUBS EIGHT CLUBS ACE,0.377,0.005,0.618
DIAMONDS TWO DIAMONDS THREE,0.6196,0.0206,0.3598
DIAMONDS TWO DIAMONDS FIVE,0.596,0.0184,0.3856
SPADES KING HEARTS FIVE,0.3728,0.0074,0.6198
DIAMONDS TWO DIAMONDS FOUR,0.6532,0.0548,0.292
SPADES QUEEN HEARTS FIVE,0.3836,0.0104,0.606
DIAMONDS TWO DIAMONDS SEVEN,0.6,0.0198,0.3802
DIAMONDS TWO DIAMONDS SIX,0.614,0.0192,0.3668
SPADES ACE HEARTS FIVE,0.3744,0.005,0.6206
DIAMONDS TWO DIAMONDS NINE,0.6026,0.0164,0.381
DIAMONDS TWO DIAMONDS EIGHT,0.5888,0.0184,0.3928
DIAMONDS THREE DIAMONDS FOUR,0.6494,0.0578,0.2928
DIAMONDS THREE DIAMONDS FIVE,0.5574,0.0222,0.4204
CLUBS TWO SPADES FIVE,0.621,0.0218,0.3572
CLUBS TWO SPADES TWO,0.4348,0.0532,0.512
CLUBS TWO SPADES THREE,0.6458,0.021,0.3332
DIAMONDS THREE DIAMONDS EIGHT,0.615,0.0162,0.3688
SPADES EIGHT CLUBS TWO,0.638,0.023,0.339
DIAMONDS THREE DIAMONDS NINE,0.6034,0.0208,0.3758
SPADES NINE CLUBS TWO,0.6408,0.018,0.3412
DIAMONDS THREE DIAMONDS SIX,0.5902,0.0164,0.3934
CLUBS TWO SPADES SIX,0.6468,0.0166,0.3366
DIAMONDS THREE DIAMONDS SEVEN,0.597,0.0178,0.3852
SPADES SEVEN CLUBS TWO,0.6496,0.023,0.3274
CLUBS SIX CLUBS TWO,0.6132,0.0154,0.3714
CLUBS SEVEN CLUBS TWO,0.6118,0.0186,0.3696
CLUBS FOUR CLUBS TWO,0.662,0.0588,0.2792
CLUBS FIVE CLUBS TWO,0.5952,0.0158,0.389
CLUBS JACK CLUBS TEN,0.2594,0.1092,0.6314
DIAMONDS FOUR DIAMONDS SIX,0.648,0.0528,0.2992
CLUBS QUEEN CLUBS TEN,0.3478,0.0102,0.642
DIAMONDS FOUR DIAMONDS SEVEN,0.6618,0.0548,0.2834
CLUBS KING CLUBS TEN,0.3564,0.0054,0.6382
CLUBS ACE CLUBS TEN,0.3658,0.0044,0.6298
CLUBS EIGHT CLUBS TWO,0.6076,0.0196,0.3728
DIAMONDS FIVE DIAMONDS FOUR,0.6282,0.0558,0.316
CLUBS NINE CLUBS TWO,0.6078,0.0222,0.37
DIAMONDS NINE DIAMONDS FOUR,0.6668,0.0582,0.275
DIAMONDS EIGHT DIAMONDS FOUR,0.6678,0.0504,0.2818
CLUBS TWO CLUBS THREE,0.6266,0.0174,0.356
DIAMONDS NINE DIAMONDS FIVE,0.5698,0.0172,0.413
DIAMONDS TWO CLUBS JACK,0.3094,0.4928,0.1978
DIAMONDS EIGHT DIAMONDS FIVE,0.5556,0.0172,0.4272
DIAMONDS TWO CLUBS TEN,0.643,0.0174,0.3396
DIAMONDS FIVE DIAMONDS SEVEN,0.5532,0.0196,0.4272
DIAMONDS FIVE DIAMONDS SIX,0.542,0.0252,0.4328
DIAMONDS TWO CLUBS ACE,0.4282,0.0058,0.566
DIAMONDS TWO CLUBS KING,0.4222,0.0086,0.5692
DIAMONDS TWO CLUBS QUEEN,0.429,0.0132,0.5578
DIAMONDS EIGHT DIAMONDS SIX,0.5428,0.0192,0.438
DIAMONDS NINE DIAMONDS SIX,0.5512,0.014,0.4348
SPADES THREE HEARTS ACE,0.414,0.0046,0.5814
HEARTS KING SPADES THREE,0.4236,0.0078,0.5686
DIAMONDS SEVEN DIAMONDS SIX,0.5606,0.017,0.4224
SPADES THREE HEARTS QUEEN,0.4274,0.012,0.5606
SPADES THREE HEARTS JACK,0.2964,0.4962,0.2074
SPADES THREE HEARTS TEN,0.6432,0.0164,0.3404
DIAMONDS EIGHT DIAMONDS SEVEN,0.5464,0.0168,0.4368
DIAMONDS NINE DIAMONDS SEVEN,0.5452,0.0162,0.4386
DIAMONDS NINE DIAMONDS EIGHT,0.5358,0.0134,0.4508
DIAMONDS KING HEARTS TEN,0.3762,0.0072,0.6166
HEARTS THREE HEARTS TEN,0.602,0.0174,0.3806
DIAMONDS KING HEARTS JACK,0.2746,0.0324,0.693
HEARTS THREE HEARTS JACK,0.2998,0.4536,0.2466
CLUBS SIX SPADES TEN,0.6012,0.019,0.3798
SPADES TEN SPADES FIVE,0.6068,0.0168,0.3764
DIAMONDS KING HEARTS ACE,0.366,0.0052,0.6288
HEARTS THREE HEARTS ACE,0.3844,0.0068,0.6088
SPADES ACE CLUBS SIX,0.4006,0.0054,0.594
DIAMONDS KING HEARTS QUEEN,0.368,0.0062,0.6258
HEARTS THREE HEARTS QUEEN,0.4026,0.0106,0.5868
SPADES KING CLUBS SIX,0.395,0.008,0.597
DIAMONDS KING HEARTS KING,0.1812,0.007,0.8118
HEARTS THREE HEARTS KING,0.4022,0.0046,0.5932
SPADES QUEEN CLUBS SIX,0.388,0.0106,0.6014
SPADES NINE HEARTS TEN,0.553,0.0162,0.4308
SPADES NINE HEARTS JACK,0.2554,0.1586,0.586
SPADES QUEEN SPADES FIVE,0.3288,0.014,0.6572
SPADES KING SPADES FIVE,0.3502,0.0082,0.6416
SPADES ACE SPADES FIVE,0.3374,0.0058,0.6568
SPADES NINE HEARTS QUEEN,0.3784,0.0098,0.6118
SPADES NINE HEARTS KING,0.3776,0.007,0.6154
SPADES NINE HEARTS ACE,0.3934,0.0058,0.6008
SPADES TEN CLUBS TEN,0.3108,0.0238,0.6654
SPADES ACE CLUBS TEN,0.3716,0.0044,0.624
SPADES KING CLUBS TEN,0.3754,0.0078,0.6168
SPADES QUEEN CLUBS TEN,0.3548,0.0096,0.6356
SPADES FIVE HEARTS QUEEN,0.3868,0.0112,0.602
SPADES FIVE HEARTS KING,0.3852,0.008,0.6068
SPADES FIVE HEARTS ACE,0.3766,0.0062,0.6172
CLUBS EIGHT SPADES TEN,0.5738,0.0172,0.409
HEARTS THREE SPADES TEN,0.6378,0.021,0.3412
SPADES TEN DIAMONDS KING,0.356,0.0084,0.6356
SPADES ACE CLUBS EIGHT,0.3848,0.0028,0.6124
HEARTS FIVE CLUBS JACK,0.2604,0.4434,0.2962
CLUBS SIX HEARTS ACE,0.3978,0.0034,0.5988
HEARTS FIVE CLUBS TEN,0.6276,0.0188,0.3536
CLUBS EIGHT SPADES QUEEN,0.3856,0.01,0.6044
SPADES THREE CLUBS TEN,0.6566,0.017,0.3264
CLUBS SIX HEARTS QUEEN,0.4142,0.0118,0.574
CLUBS EIGHT SPADES KING,0.408,0.0042,0.5878
SPADES THREE CLUBS JACK,0.293,0.5068,0.2002
CLUBS SIX HEARTS KING,0.4008,0.0084,0.5908
DIAMONDS TWO HEARTS JACK,0.3086,0.4826,0.2088
SPADES THREE CLUBS QUEEN,0.41,0.0164,0.5736
DIAMONDS TWO HEARTS TEN,0.6442,0.0212,0.3346
SPADES THREE CLUBS KING,0.4266,0.0102,0.5632
HEARTS FIVE CLUBS ACE,0.403,0.0044,0.5926
SPADES FIVE HEARTS TEN,0.6128,0.022,0.3652
SPADES THREE CLUBS ACE,0.4022,0.0048,0.593
HEARTS FIVE CLUBS KING,0.4032,0.0072,0.5896
SPADES FIVE HEARTS JACK,0.2484,0.4438,0.3078
HEARTS FIVE CLUBS QUEEN,0.3992,0.0116,0.5892
HEARTS THREE CLUBS KING,0.4314,0.0086,0.56
DIAMONDS KING CLUBS KING,0.1892,0.0066,0.8042
HEARTS THREE CLUBS QUEEN,0.4254,0.0126,0.562
DIAMONDS KING CLUBS QUEEN,0.351,0.0072,0.6418
HEARTS FIVE HEARTS JACK,0.2712,0.4052,0.3236
HEARTS FIVE HEARTS TEN,0.5828,0.0134,0.4038
HEARTS THREE CLUBS ACE,0.4294,0.0054,0.5652
DIAMONDS KING CLUBS ACE,0.364,0.0058,0.6302
SPADES ACE CLUBS QUEEN,0.3494,0.0038,0.6468
SPADES KING CLUBS QUEEN,0.335,0.007,0.658
HEARTS THREE CLUBS JACK,0.3072,0.4848,0.208
DIAMONDS KING CLUBS JACK,0.278,0.0276,0.6944
SPADES QUEEN CLUBS QUEEN,0.1712,0.0122,0.8166
HEARTS THREE CLUBS TEN,0.6572,0.017,0.3258
DIAMONDS KING CLUBS TEN,0.3718,0.0086,0.6196
CLUBS SIX CLUBS QUEEN,0.3768,0.011,0.6122
SPADES TEN CLUBS QUEEN,0.361,0.009,0.63
CLUBS SIX CLUBS KING,0.3836,0.009,0.6074
CLUBS SIX CLUBS ACE,0.3852,0.005,0.6098
HEARTS FIVE HEARTS KING,0.3826,0.0086,0.6088
HEARTS FIVE HEARTS QUEEN,0.3756,0.0102,0.6142
CLUBS SIX CLUBS TEN,0.5736,0.0158,0.4106
HEARTS FIVE HEARTS ACE,0.375,0.0038,0.6212
CLUBS SIX CLUBS JACK,0.249,0.3406,0.4104
SPADES SEVEN HEARTS JACK,0.2658,0.2776,0.4566
SPADES SEVEN HEARTS TEN,0.5958,0.0158,0.3884
DIAMONDS TWO CLUBS TWO,0.4352,0.052,0.5128
DIAMONDS TWO CLUBS THREE,0.6578,0.02,0.3222
HEARTS SIX DIAMONDS TWO,0.663,0.0162,0.3208
DIAMONDS TWO HEARTS QUEEN,0.432,0.011,0.557
DIAMONDS TWO HEARTS SEVEN,0.6476,0.0212,0.3312
DIAMONDS TWO HEARTS KING,0.4354,0.0072,0.5574
DIAMONDS TWO HEARTS EIGHT,0.6476,0.0188,0.3336
DIAMONDS TWO HEARTS ACE,0.4202,0.0058,0.574
DIAMONDS TWO HEARTS NINE,0.6482,0.018,0.3338
DIAMONDS TWO DIAMONDS QUEEN,0.4046,0.0114,0.584
DIAMONDS TWO HEARTS TWO,0.444,0.0486,0.5074
DIAMONDS TWO DIAMONDS KING,0.4112,0.0098,0.579
HEARTS THREE DIAMONDS TWO,0.6604,0.0186,0.321
DIAMONDS TWO DIAMONDS ACE,0.3898,0.0084,0.6018
HEARTS FOUR DIAMONDS TWO,0.7076,0.058,0.2344
DIAMONDS TWO HEARTS FIVE,0.6268,0.02,0.3532
SPADES SEVEN HEARTS ACE,0.3968,0.0052,0.598
DIAMONDS TWO DIAMONDS TEN,0.6204,0.0182,0.3614
SPADES SEVEN HEARTS KING,0.3874,0.008,0.6046
DIAMONDS TWO DIAMONDS JACK,0.3008,0.457,0.2422
SPADES SEVEN HEARTS QUEEN,0.3858,0.011,0.6032
DIAMONDS TWO SPADES NINE,0.642,0.021,0.337
DIAMONDS TWO SPADES EIGHT,0.6278,0.0206,0.3516
DIAMONDS TWO SPADES SEVEN,0.6546,0.0188,0.3266
DIAMONDS TWO SPADES SIX,0.649,0.0218,0.3292
DIAMONDS TWO SPADES FIVE,0.6242,0.0214,0.3544
DIAMONDS TWO SPADES THREE,0.655,0.0228,0.3222
DIAMONDS TWO SPADES TWO,0.4518,0.0542,0.494
CLUBS NINE DIAMONDS TWO,0.6372,0.0206,0.3422
CLUBS EIGHT DIAMONDS TWO,0.6476,0.022,0.3304
DIAMONDS TWO CLUBS SEVEN,0.6524,0.0182,0.3294
CLUBS SIX DIAMONDS TWO,0.647,0.0164,0.3366
DIAMONDS TWO CLUBS FIVE,0.6286,0.0206,0.3508
DIAMONDS TWO CLUBS FOUR,0.698,0.0568,0.2452
CLUBS FOUR SPADES FIVE,0.6494,0.0686,0.282
CLUBS FOUR SPADES THREE,0.6804,0.0666,0.253
CLUBS FOUR SPADES TWO,0.6924,0.06,0.2476
SPADES NINE CLUBS FOUR,0.7,0.064,0.236
CLUBS FOUR SPADES EIGHT,0.6992,0.0594,0.2414
CLUBS FOUR SPADES SEVEN,0.6758,0.0556,0.2686
CLUBS FOUR SPADES SIX,0.6852,0.0538,0.261
SPADES ACE DIAMONDS SIX,0.3824,0.003,0.6146
SPADES QUEEN DIAMONDS SIX,0.3794,0.0122,0.6084
SPADES KING DIAMONDS SIX,0.3898,0.0096,0.6006
SPADES TEN DIAMONDS SIX,0.6042,0.0148,0.381
SPADES QUEEN SPADES TWO,0.3822,0.0118,0.606
SPADES KING SPADES TWO,0.383,0.0082,0.6088
SPADES ACE SPADES TWO,0.3574,0.0074,0.6352
DIAMONDS JACK CLUBS JACK,0.1396,0.0398,0.8206
DIAMONDS JACK CLUBS TEN,0.2782,0.1186,0.6032
DIAMONDS JACK CLUBS KING,0.284,0.0284,0.6876
DIAMONDS JACK CLUBS QUEEN,0.2764,0.0368,0.6868
DIAMONDS THREE DIAMONDS JACK,0.2864,0.4658,0.2478
DIAMONDS THREE DIAMONDS TEN,0.614,0.0186,0.3674
DIAMONDS JACK CLUBS ACE,0.2782,0.0196,0.7022
DIAMONDS THREE DIAMONDS KING,0.4018,0.0076,0.5906
HEARTS THREE DIAMONDS THREE,0.4304,0.0456,0.524
DIAMONDS THREE DIAMONDS QUEEN,0.4016,0.0118,0.5866
DIAMONDS THREE HEARTS TWO,0.6598,0.023,0.3172
HEARTS FIVE DIAMONDS THREE,0.6206,0.021,0.3584
DIAMONDS THREE DIAMONDS ACE,0.3966,0.0052,0.5982
HEARTS FOUR DIAMONDS THREE,0.6786,0.062,0.2594
DIAMONDS THREE HEARTS SEVEN,0.638,0.0184,0.3436
SPADES TEN SPADES NINE,0.5562,0.0144,0.4294
HEARTS SIX DIAMONDS THREE,0.6352,0.019,0.3458
DIAMONDS THREE HEARTS NINE,0.651,0.018,0.331
HEARTS JACK DIAMONDS FOUR,0.073,0.907,0.02
HEARTS KING HEARTS ACE,0.3592,0.0042,0.6366
SPADES TEN SPADES TWO,0.6346,0.0208,0.3446
DIAMONDS THREE HEARTS EIGHT,0.6626,0.0168,0.3206
HEARTS TEN DIAMONDS FOUR,0.7018,0.0586,0.2396
HEARTS QUEEN DIAMONDS FOUR,0.2818,0.0432,0.675
HEARTS KING DIAMONDS FOUR,0.2818,0.0394,0.6788
SPADES ACE SPADES NINE,0.3464,0.0076,0.646
HEARTS ACE DIAMONDS FOUR,0.2834,0.026,0.6906
SPADES KING SPADES NINE,0.3384,0.0076,0.654
SPADES QUEEN SPADES NINE,0.3302,0.0128,0.657
DIAMONDS THREE SPADES NINE,0.6458,0.0218,0.3324
DIAMONDS THREE SPADES EIGHT,0.6504,0.0208,0.3288
DIAMONDS THREE SPADES SEVEN,0.6352,0.0204,0.3444
DIAMONDS THREE SPADES SIX,0.6164,0.024,0.3596
CLUBS SIX DIAMONDS THREE,0.6422,0.0204,0.3374
CLUBS ACE DIAMONDS FOUR,0.2856,0.025,0.6894
CLUBS SIX CLUBS FIVE,0.5558,0.0174,0.4268
CLUBS SEVEN CLUBS FIVE,0.551,0.0212,0.4278
CLUBS SEVEN DIAMONDS THREE,0.6494,0.0196,0.331
DIAMONDS THREE CLUBS FOUR,0.6902,0.052,0.2578
CLUBS QUEEN DIAMONDS FOUR,0.281,0.0472,0.6718
DIAMONDS THREE CLUBS FIVE,0.6218,0.024,0.3542
CLUBS KING DIAMONDS FOUR,0.276,0.033,0.691
DIAMONDS THREE CLUBS TWO,0.6608,0.017,0.3222
DIAMONDS FOUR CLUBS TEN,0.7212,0.0606,0.2182
DIAMONDS THREE CLUBS THREE,0.4328,0.0482,0.519
DIAMONDS FOUR CLUBS JACK,0.0762,0.9022,0.0216
DIAMONDS THREE SPADES FIVE,0.6062,0.0176,0.3762
DIAMONDS THREE SPADES TWO,0.6608,0.019,0.3202
DIAMONDS THREE SPADES THREE,0.4396,0.0528,0.5076
CLUBS EIGHT DIAMONDS THREE,0.6288,0.019,0.3522
CLUBS NINE DIAMONDS THREE,0.6452,0.0164,0.3384
SPADES SEVEN CLUBS ACE,0.3906,0.005,0.6044
SPADES SEVEN CLUBS QUEEN,0.3916,0.0142,0.5942
SPADES SEVEN CLUBS KING,0.3966,0.0072,0.5962
CLUBS FIVE SPADES SEVEN,0.5706,0.0176,0.4118
SPADES SEVEN CLUBS TEN,0.58,0.0152,0.4048
CLUBS FIVE SPADES SIX,0.5736,0.0188,0.4076
SPADES SEVEN CLUBS JACK,0.2532,0.273,0.4738
SPADES NINE CLUBS FIVE,0.5934,0.0228,0.3838
SPADES EIGHT CLUBS FIVE,0.5994,0.02,0.3806
CLUBS FIVE SPADES THREE,0.6056,0.02,0.3744
CLUBS FIVE SPADES TWO,0.6416,0.0228,0.3356
CLUBS FIVE SPADES FIVE,0.3394,0.045,0.6156
CLUBS NINE CLUBS FIVE,0.566,0.0146,0.4194
CLUBS EIGHT CLUBS FIVE,0.562,0.0178,0.4202
CLUBS ACE CLUBS QUEEN,0.3452,0.0064,0.6484
CLUBS KING CLUBS QUEEN,0.344,0.006,0.65
DIAMONDS TEN DIAMONDS FOUR,0.6678,0.0612,0.271
DIAMONDS NINE CLUBS TEN,0.5592,0.0158,0.425
DIAMONDS JACK DIAMONDS FOUR,0.0682,0.8548,0.077
DIAMONDS NINE CLUBS JACK,0.2748,0.1614,0.5638
SPADES NINE CLUBS JACK,0.2616,0.156,0.5824
SPADES NINE CLUBS TEN,0.5808,0.0142,0.405
DIAMONDS ACE DIAMONDS FOUR,0.2652,0.0228,0.712
HEARTS FOUR DIAMONDS FOUR,0.3348,0.0432,0.622
DIAMONDS JACK HEARTS TEN,0.2734,0.1232,0.6034
SPADES NINE CLUBS KING,0.381,0.0088,0.6102
DIAMONDS TWO SPADES TEN,0.6568,0.0174,0.3258
DIAMONDS NINE CLUBS ACE,0.3984,0.0054,0.5962
HEARTS FIVE DIAMONDS FOUR,0.672,0.0536,0.2744
HEARTS JACK DIAMONDS JACK,0.1434,0.0356,0.821
SPADES NINE CLUBS QUEEN,0.3756,0.013,0.6114
DIAMONDS QUEEN DIAMONDS FOUR,0.263,0.0486,0.6884
HEARTS TWO DIAMONDS FOUR,0.6978,0.0596,0.2426
DIAMONDS NINE CLUBS QUEEN,0.3844,0.0086,0.607
DIAMONDS KING DIAMONDS FOUR,0.262,0.0294,0.7086
HEARTS THREE DIAMONDS FOUR,0.6806,0.0606,0.2588
SPADES NINE CLUBS ACE,0.3884,0.0058,0.6058
DIAMONDS NINE CLUBS KING,0.3978,0.0072,0.595
HEARTS ACE DIAMONDS JACK,0.2716,0.0176,0.7108
SPADES ACE DIAMONDS TWO,0.411,0.006,0.583
DIAMONDS JACK HEARTS QUEEN,0.2722,0.0448,0.683
SPADES QUEEN DIAMONDS TWO,0.413,0.0144,0.5726
HEARTS KING DIAMONDS JACK,0.2748,0.0266,0.6986
SPADES KING DIAMONDS TWO,0.4234,0.0112,0.5654
SPADES TEN SPADES SEVEN,0.582,0.0192,0.3988
CLUBS SEVEN CLUBS THREE,0.6034,0.0206,0.376
CLUBS SIX CLUBS THREE,0.597,0.0174,0.3856
CLUBS FIVE CLUBS THREE,0.5764,0.017,0.4066
CLUBS FOUR CLUBS THREE,0.6396,0.0638,0.2966
CLUBS NINE CLUBS THREE,0.603,0.0158,0.3812
CLUBS EIGHT CLUBS THREE,0.6134,0.0196,0.367
CLUBS THREE SPADES FIVE,0.611,0.0206,0.3684
CLUBS THREE SPADES THREE,0.4292,0.0466,0.5242
CLUBS THREE SPADES TWO,0.6628,0.0196,0.3176
SPADES SIX CLUBS THREE,0.6252,0.0188,0.356
SPADES SEVEN CLUBS THREE,0.6236,0.0232,0.3532
SPADES EIGHT CLUBS THREE,0.6296,0.0238,0.3466
SPADES NINE CLUBS THREE,0.634,0.0186,0.3474
SPADES TWO DIAMONDS FOUR,0.7002,0.0652,0.2346
SPADES THREE DIAMONDS FOUR,0.6796,0.0636,0.2568
SPADES FIVE DIAMONDS FOUR,0.6494,0.0578,0.2928
SPADES SIX DIAMONDS FOUR,0.6828,0.0574,0.2598
SPADES SEVEN DIAMONDS FOUR,0.6952,0.0558,0.249
SPADES EIGHT DIAMONDS FOUR,0.6986,0.053,0.2484
SPADES NINE DIAMONDS FOUR,0.7208,0.0602,0.219
CLUBS FIVE DIAMONDS FOUR,0.6658,0.054,0.2802
CLUBS FOUR DIAMONDS FOUR,0.328,0.0414,0.6306
CLUBS SEVEN DIAMONDS FOUR,0.696,0.0498,0.2542
CLUBS SIX DIAMONDS FOUR,0.6812,0.0498,0.269
CLUBS NINE DIAMONDS FOUR,0.7176,0.0556,0.2268
CLUBS EIGHT DIAMONDS FOUR,0.6996,0.0584,0.242
DIAMONDS FOUR HEARTS SEVEN,0.688,0.0562,0.2558
HEARTS SIX DIAMONDS FOUR,0.6926,0.0506,0.2568
HEARTS NINE DIAMONDS FOUR,0.7202,0.0524,0.2274
DIAMONDS FOUR HEARTS EIGHT,0.6972,0.0616,0.2412
CLUBS THREE DIAMONDS FOUR,0.6916,0.054,0.2544
CLUBS TWO DIAMONDS FOUR,0.6918,0.065,0.2432
DIAMONDS TEN DIAMONDS FIVE,0.5798,0.0174,0.4028
DIAMONDS JACK DIAMONDS FIVE,0.2602,0.4114,0.3284
DIAMONDS NINE HEARTS QUEEN,0.3906,0.0102,0.5992
HEARTS KING DIAMONDS NINE,0.3996,0.0076,0.5928
DIAMONDS NINE HEARTS ACE,0.3936,0.004,0.6024
DIAMONDS NINE HEARTS TEN,0.5692,0.0148,0.416
DIAMONDS NINE HEARTS JACK,0.282,0.1546,0.5634
CLUBS KING DIAMONDS SIX,0.3968,0.0072,0.596
CLUBS QUEEN DIAMONDS SIX,0.4104,0.0096,0.58
CLUBS ACE DIAMONDS SIX,0.419,0.0032,0.5778
SPADES KING DIAMONDS FOUR,0.2748,0.0342,0.691
SPADES ACE SPADES SEVEN,0.3338,0.0038,0.6624
SPADES QUEEN DIAMONDS FOUR,0.2624,0.0472,0.6904
SPADES QUEEN SPADES SEVEN,0.3486,0.0112,0.6402
CLUBS JACK DIAMONDS SIX,0.281,0.3506,0.3684
SPADES KING SPADES SEVEN,0.3488,0.0086,0.6426
SPADES ACE DIAMONDS FOUR,0.2522,0.0258,0.722
CLUBS TEN DIAMONDS SIX,0.5942,0.0176,0.3882
CLUBS NINE CLUBS FOUR,0.6812,0.0574,0.2614
CLUBS EIGHT CLUBS FOUR,0.673,0.0546,0.2724
SPADES TEN DIAMONDS FOUR,0.712,0.0642,0.2238
CLUBS FOUR CLUBS FIVE,0.6234,0.0562,0.3204
CLUBS SEVEN CLUBS FOUR,0.6484,0.0538,0.2978
CLUBS SIX CLUBS FOUR,0.6486,0.0574,0.294
CLUBS SEVEN SPADES EIGHT,0.5826,0.0202,0.3972
CLUBS SEVEN SPADES NINE,0.5682,0.0176,0.4142
CLUBS SEVEN SPADES SIX,0.5784,0.0228,0.3988
CLUBS SEVEN SPADES SEVEN,0.329,0.0354,0.6356
CLUBS SEVEN SPADES FIVE,0.5684,0.022,0.4096
CLUBS SEVEN SPADES THREE,0.6402,0.0204,0.3394
CLUBS SEVEN SPADES TWO,0.6482,0.0216,0.3302
CLUBS NINE CLUBS SEVEN,0.5474,0.0114,0.4412
CLUBS EIGHT CLUBS SEVEN,0.537,0.0158,0.4472
HEARTS SIX DIAMONDS FIVE,0.5896,0.0184,0.392
DIAMONDS FIVE HEARTS SEVEN,0.5964,0.0166,0.387
DIAMONDS FIVE HEARTS EIGHT,0.6004,0.0198,0.3798
HEARTS NINE DIAMONDS FIVE,0.6028,0.0176,0.3796
DIAMONDS QUEEN DIAMONDS FIVE,0.376,0.015,0.609
HEARTS TWO DIAMONDS FIVE,0.6366,0.018,0.3454
HEARTS KING HEARTS EIGHT,0.3768,0.008,0.6152
DIAMONDS KING DIAMONDS FIVE,0.372,0.0084,0.6196
HEARTS THREE DIAMONDS FIVE,0.6236,0.0196,0.3568
HEARTS QUEEN HEARTS EIGHT,0.385,0.01,0.605
DIAMONDS ACE DIAMONDS FIVE,0.3724,0.0052,0.6224
HEARTS FOUR DIAMONDS FIVE,0.6552,0.0588,0.286
HEARTS FIVE DIAMONDS FIVE,0.3526,0.048,0.5994
HEARTS ACE HEARTS EIGHT,0.3744,0.0044,0.6212
CLUBS FOUR DIAMONDS FIVE,0.6648,0.0582,0.277
CLUBS FIVE DIAMONDS FIVE,0.3466,0.0454,0.608
CLUBS SIX DIAMONDS FIVE,0.5926,0.018,0.3894
CLUBS SEVEN DIAMONDS FIVE,0.5846,0.0196,0.3958
CLUBS TWO DIAMONDS FIVE,0.638,0.0204,0.3416
CLUBS THREE DIAMONDS FIVE,0.6208,0.0184,0.3608
SPADES THREE DIAMONDS FIVE,0.614,0.0228,0.3632
SPADES TWO DIAMONDS FIVE,0.6168,0.0224,0.3608
SPADES FIVE DIAMONDS FIVE,0.3376,0.0472,0.6152
HEARTS JACK CLUBS TEN,0.2864,0.1046,0.609
SPADES TEN DIAMONDS EIGHT,0.5734,0.0166,0.41
HEARTS JACK CLUBS JACK,0.1458,0.0392,0.815
HEARTS JACK CLUBS QUEEN,0.274,0.0386,0.6874
CLUBS NINE DIAMONDS FIVE,0.6092,0.0132,0.3776
HEARTS JACK CLUBS KING,0.2738,0.034,0.6922
CLUBS EIGHT DIAMONDS FIVE,0.5984,0.017,0.3846
HEARTS JACK CLUBS ACE,0.2698,0.0194,0.7108
SPADES SEVEN DIAMONDS FIVE,0.5832,0.0192,0.3976
SPADES KING DIAMONDS EIGHT,0.3854,0.0082,0.6064
SPADES SIX DIAMONDS FIVE,0.5824,0.0182,0.3994
SPADES QUEEN DIAMONDS EIGHT,0.377,0.0106,0.6124
SPADES NINE DIAMONDS FIVE,0.6022,0.0166,0.3812
SPADES EIGHT DIAMONDS FIVE,0.5894,0.0216,0.389
SPADES ACE DIAMONDS EIGHT,0.3908,0.0058,0.6034
DIAMONDS TEN DIAMONDS SIX,0.5628,0.0158,0.4214
HEARTS ACE DIAMONDS SEVEN,0.4008,0.0046,0.5946
DIAMONDS JACK DIAMONDS SIX,0.2652,0.3394,0.3954
HEARTS QUEEN DIAMONDS SEVEN,0.4046,0.009,0.5864
HEARTS KING DIAMONDS SEVEN,0.4004,0.0042,0.5954
DIAMONDS ACE DIAMONDS SIX,0.3784,0.0066,0.615
HEARTS FOUR DIAMONDS SIX,0.6968,0.0484,0.2548
SPADES TWO HEARTS JACK,0.293,0.4938,0.2132
HEARTS FIVE DIAMONDS SIX,0.5862,0.0204,0.3934
SPADES TWO HEARTS TEN,0.636,0.0204,0.3436
DIAMONDS QUEEN DIAMONDS SIX,0.3722,0.0092,0.6186
HEARTS TWO DIAMONDS SIX,0.6346,0.0164,0.349
DIAMONDS KING DIAMONDS SIX,0.3844,0.0076,0.608
HEARTS THREE DIAMONDS SIX,0.6208,0.0228,0.3564
HEARTS EIGHT DIAMONDS SIX,0.5844,0.018,0.3976
HEARTS NINE DIAMONDS SIX,0.6048,0.0146,0.3806
HEARTS SIX DIAMONDS SIX,0.3556,0.0386,0.6058
HEARTS SEVEN DIAMONDS SIX,0.5966,0.0162,0.3872
HEARTS TEN DIAMONDS SEVEN,0.589,0.0164,0.3946
CLUBS TWO DIAMONDS SIX,0.6528,0.0214,0.3258
HEARTS JACK DIAMONDS SEVEN,0.2694,0.282,0.4486
CLUBS THREE DIAMONDS SIX,0.6376,0.0178,0.3446
DIAMONDS EIGHT CLUBS JACK,0.2652,0.2152,0.5196
CLUBS SEVEN DIAMONDS SIX,0.5874,0.0176,0.395
CLUBS SIX DIAMONDS SIX,0.3512,0.04,0.6088
DIAMONDS EIGHT CLUBS TEN,0.58,0.015,0.405
CLUBS FIVE DIAMONDS SIX,0.5754,0.0172,0.4074
CLUBS FOUR DIAMONDS SIX,0.6838,0.0514,0.2648
HEARTS ACE HEARTS JACK,0.2644,0.0188,0.7168
DIAMONDS EIGHT CLUBS ACE,0.4066,0.0052,0.5882
HEARTS JACK HEARTS QUEEN,0.2532,0.0404,0.7064
DIAMONDS EIGHT CLUBS KING,0.402,0.008,0.59
CLUBS NINE DIAMONDS SIX,0.6046,0.0164,0.379
HEARTS KING HEARTS JACK,0.2536,0.0274,0.719
DIAMONDS EIGHT CLUBS QUEEN,0.3978,0.0052,0.597
CLUBS EIGHT DIAMONDS SIX,0.5906,0.0144,0.395
SPADES TEN HEARTS KING,0.38,0.0068,0.6132
SPADES FIVE DIAMONDS SIX,0.587,0.0184,0.3946
HEARTS ACE SPADES TWO,0.4262,0.0038,0.57
SPADES THREE DIAMONDS SIX,0.6248,0.0182,0.357
SPADES TWO HEARTS QUEEN,0.424,0.0132,0.5628
SPADES ACE SPADES KING,0.3054,0.0052,0.6894
HEARTS KING SPADES TWO,0.4212,0.0084,0.5704
SPADES TWO DIAMONDS SIX,0.6366,0.0202,0.3432
HEARTS TEN HEARTS EIGHT,0.5436,0.0178,0.4386
SPADES NINE DIAMONDS SIX,0.5992,0.018,0.3828
HEARTS JACK HEARTS EIGHT,0.2664,0.2012,0.5324
SPADES EIGHT DIAMONDS SIX,0.5892,0.0162,0.3946
SPADES SEVEN DIAMONDS SIX,0.5742,0.018,0.4078
SPADES SIX DIAMONDS SIX,0.3368,0.038,0.6252
SPADES KING HEARTS KING,0.1722,0.0074,0.8204
SPADES QUEEN HEARTS KING,0.333,0.007,0.66
CLUBS ACE CLUBS KING,0.3406,0.005,0.6544
SPADES ACE HEARTS KING,0.3576,0.0058,0.6366
SPADES ACE HEARTS JACK,0.2564,0.0192,0.7244
SPADES QUEEN HEARTS JACK,0.262,0.0442,0.6938
SPADES KING HEARTS JACK,0.2658,0.0296,0.7046
SPADES TEN DIAMONDS TEN,0.3156,0.0244,0.66
SPADES ACE DIAMONDS TEN,0.3852,0.005,0.6098
SPADES TEN HEARTS JACK,0.2568,0.1162,0.627
SPADES QUEEN DIAMONDS TEN,0.3702,0.0096,0.6202
SPADES KING DIAMONDS TEN,0.3608,0.007,0.6322
SPADES NINE DIAMONDS SEVEN,0.5772,0.016,0.4068
SPADES EIGHT DIAMONDS SEVEN,0.565,0.0204,0.4146
SPADES SEVEN DIAMONDS SEVEN,0.3432,0.0384,0.6184
SPADES SIX DIAMONDS SEVEN,0.5804,0.0198,0.3998
DIAMONDS KING DIAMONDS SEVEN,0.3706,0.0062,0.6232
HEARTS THREE DIAMONDS SEVEN,0.6316,0.0184,0.35
HEARTS KING DIAMONDS FIVE,0.4112,0.0062,0.5826
DIAMONDS QUEEN DIAMONDS SEVEN,0.3852,0.013,0.6018
HEARTS TWO DIAMONDS SEVEN,0.6566,0.0164,0.327
HEARTS QUEEN DIAMONDS FIVE,0.3928,0.0112,0.596
HEARTS FIVE DIAMONDS SEVEN,0.5872,0.018,0.3948
DIAMONDS ACE DIAMONDS SEVEN,0.368,0.0062,0.6258
HEARTS FOUR DIAMONDS SEVEN,0.696,0.0502,0.2538
HEARTS ACE DIAMONDS FIVE,0.3898,0.0042,0.606
HEARTS SEVEN DIAMONDS SEVEN,0.3298,0.0348,0.6354
HEARTS SIX DIAMONDS SEVEN,0.5896,0.019,0.3914
HEARTS NINE DIAMONDS SEVEN,0.5766,0.0168,0.4066
DIAMONDS SEVEN HEARTS EIGHT,0.5794,0.0178,0.4028
DIAMONDS JACK DIAMONDS SEVEN,0.2542,0.2716,0.4742
HEARTS JACK DIAMONDS FIVE,0.2754,0.4278,0.2968
DIAMONDS TEN DIAMONDS SEVEN,0.559,0.0166,0.4244
DIAMONDS FIVE HEARTS TEN,0.619,0.02,0.361
SPADES KING CLUBS TWO,0.4246,0.0068,0.5686
HEARTS KING CLUBS KING,0.1748,0.0046,0.8206
CLUBS EIGHT DIAMONDS SEVEN,0.5724,0.0192,0.4084
SPADES QUEEN CLUBS TWO,0.4194,0.0124,0.5682
HEARTS KING CLUBS QUEEN,0.3526,0.0058,0.6416
CLUBS NINE DIAMONDS SEVEN,0.5842,0.018,0.3978
SPADES TWO CLUBS JACK,0.2988,0.4774,0.2238
SPADES ACE CLUBS TWO,0.4046,0.0062,0.5892
SPADES TWO CLUBS TEN,0.6358,0.019,0.3452
HEARTS KING CLUBS ACE,0.3796,0.0038,0.6166
CLUBS SIX CLUBS SEVEN,0.543,0.017,0.44
SPADES TWO CLUBS KING,0.4158,0.0082,0.576
SPADES TWO DIAMONDS SEVEN,0.646,0.0206,0.3334
CLUBS EIGHT CLUBS SIX,0.5502,0.0162,0.4336
SPADES THREE DIAMONDS SEVEN,0.6408,0.021,0.3382
SPADES TWO CLUBS QUEEN,0.4326,0.0158,0.5516
CLUBS NINE CLUBS SIX,0.5496,0.0172,0.4332
HEARTS KING CLUBS JACK,0.286,0.035,0.679
SPADES FIVE DIAMONDS SEVEN,0.5758,0.0204,0.4038
SPADES TWO CLUBS ACE,0.417,0.0062,0.5768
HEARTS KING CLUBS TEN,0.3796,0.0072,0.6132
CLUBS SIX SPADES TWO,0.6412,0.0186,0.3402
CLUBS SIX SPADES THREE,0.6434,0.0182,0.3384
CLUBS TWO DIAMONDS SEVEN,0.6578,0.0186,0.3236
CLUBS THREE DIAMONDS SEVEN,0.6346,0.0208,0.3446
CLUBS SIX SPADES FIVE,0.5774,0.0182,0.4044
CLUBS FOUR DIAMONDS SEVEN,0.6892,0.0568,0.254
CLUBS SIX SPADES SIX,0.3446,0.0422,0.6132
CLUBS FIVE DIAMONDS SEVEN,0.5804,0.0202,0.3994
CLUBS SIX SPADES SEVEN,0.5774,0.0186,0.404
CLUBS SIX DIAMONDS SEVEN,0.584,0.0138,0.4022
CLUBS SIX SPADES EIGHT,0.5676,0.0152,0.4172
CLUBS SIX SPADES NINE,0.5904,0.0166,0.393
SPADES TEN CLUBS TWO,0.6382,0.0176,0.3442
CLUBS SEVEN DIAMONDS SEVEN,0.3452,0.0376,0.6172
CLUBS TWO CLUBS QUEEN,0.4092,0.0104,0.5804
CLUBS TWO CLUBS KING,0.4038,0.007,0.5892
CLUBS THREE DIAMONDS EIGHT,0.6352,0.021,0.3438
CLUBS TWO CLUBS ACE,0.394,0.0058,0.6002
CLUBS TWO DIAMONDS EIGHT,0.6504,0.0182,0.3314
DIAMONDS EIGHT HEARTS SEVEN,0.5732,0.0182,0.4086
HEARTS SIX DIAMONDS EIGHT,0.591,0.02,0.389
DIAMONDS EIGHT HEARTS NINE,0.5672,0.0148,0.418
CLUBS TWO CLUBS TEN,0.6116,0.0194,0.369
DIAMONDS EIGHT HEARTS EIGHT,0.3284,0.0334,0.6382
CLUBS TWO CLUBS JACK,0.2936,0.4502,0.2562
CLUBS NINE DIAMONDS EIGHT,0.5632,0.0178,0.419
CLUBS EIGHT DIAMONDS EIGHT,0.3278,0.0272,0.645
CLUBS FIVE DIAMONDS EIGHT,0.5946,0.021,0.3844
SPADES ACE SPADES THREE,0.3596,0.005,0.6354
CLUBS FOUR DIAMONDS EIGHT,0.708,0.0562,0.2358
SPADES QUEEN SPADES THREE,0.3774,0.0128,0.6098
CLUBS SEVEN DIAMONDS EIGHT,0.58,0.0178,0.4022
CLUBS SIX DIAMONDS EIGHT,0.5944,0.0152,0.3904
SPADES KING SPADES THREE,0.374,0.0082,0.6178
DIAMONDS QUEEN DIAMONDS EIGHT,0.3736,0.0108,0.6156
HEARTS TWO DIAMONDS EIGHT,0.6508,0.0184,0.3308
DIAMONDS KING DIAMONDS EIGHT,0.3804,0.0056,0.614
HEARTS THREE DIAMONDS EIGHT,0.6428,0.0208,0.3364
DIAMONDS ACE DIAMONDS EIGHT,0.3812,0.005,0.6138
HEARTS FOUR DIAMONDS EIGHT,0.713,0.0568,0.2302
HEARTS FIVE DIAMONDS EIGHT,0.5984,0.0192,0.3824
DIAMONDS EIGHT DIAMONDS TEN,0.5378,0.0162,0.446
DIAMONDS EIGHT DIAMONDS JACK,0.2618,0.1942,0.544
SPADES TEN SPADES THREE,0.6472,0.0202,0.3326
CLUBS FOUR HEARTS ACE,0.2884,0.0216,0.69
CLUBS FOUR HEARTS QUEEN,0.273,0.0456,0.6814
CLUBS FOUR HEARTS KING,0.2812,0.0318,0.687
CLUBS SIX HEARTS TEN,0.6038,0.0178,0.3784
CLUBS SIX HEARTS JACK,0.2668,0.3632,0.37
SPADES FIVE DIAMONDS EIGHT,0.6022,0.0166,0.3812
DIAMONDS EIGHT SPADES TWO,0.6368,0.022,0.3412
SPADES THREE DIAMONDS EIGHT,0.6458,0.016,0.3382
CLUBS FOUR HEARTS JACK,0.0686,0.9124,0.019
SPADES EIGHT DIAMONDS EIGHT,0.334,0.0326,0.6334
SPADES TEN HEARTS TWO,0.6506,0.0202,0.3292
SPADES TEN DIAMONDS QUEEN,0.3714,0.0102,0.6184
CLUBS FOUR HEARTS TEN,0.7068,0.0602,0.233
SPADES NINE DIAMONDS EIGHT,0.5582,0.019,0.4228
SPADES TEN HEARTS EIGHT,0.5706,0.015,0.4144
SPADES SIX DIAMONDS EIGHT,0.5786,0.0202,0.4012
SPADES SEVEN DIAMONDS EIGHT,0.5716,0.0184,0.41
SPADES ACE HEARTS TWO,0.4104,0.006,0.5836
SPADES ACE DIAMONDS QUEEN,0.3608,0.0042,0.635
SPADES ACE HEARTS EIGHT,0.381,0.0054,0.6136
SPADES KING HEARTS EIGHT,0.4084,0.008,0.5836
SPADES QUEEN HEARTS TWO,0.4174,0.0126,0.57
SPADES QUEEN DIAMONDS QUEEN,0.172,0.0112,0.8168
SPADES KING DIAMONDS QUEEN,0.3428,0.0064,0.6508
SPADES KING HEARTS TWO,0.4162,0.009,0.5748
SPADES QUEEN HEARTS EIGHT,0.3812,0.009,0.6098
CLUBS TWO HEARTS TEN,0.6588,0.0156,0.3256
CLUBS TWO HEARTS JACK,0.3212,0.4768,0.202
SPADES SEVEN DIAMONDS NINE,0.5798,0.0144,0.4058
SPADES SIX DIAMONDS NINE,0.592,0.0168,0.3912
SPADES NINE DIAMONDS NINE,0.3154,0.03,0.6546
SPADES EIGHT DIAMONDS NINE,0.548,0.0204,0.4316
SPADES TEN CLUBS KING,0.3804,0.0066,0.613
DIAMONDS NINE SPADES THREE,0.6496,0.0148,0.3356
DIAMONDS NINE SPADES TWO,0.639,0.0164,0.3446
SPADES FIVE DIAMONDS NINE,0.5822,0.0206,0.3972
CLUBS NINE DIAMONDS NINE,0.3224,0.0284,0.6492
CLUBS EIGHT DIAMONDS NINE,0.5626,0.014,0.4234
CLUBS SIX DIAMONDS NINE,0.5998,0.0166,0.3836
SPADES TEN CLUBS FOUR,0.7096,0.0614,0.229
CLUBS SEVEN DIAMONDS NINE,0.5696,0.0152,0.4152
CLUBS FOUR DIAMONDS NINE,0.714,0.0596,0.2264
CLUBS FIVE DIAMONDS NINE,0.5848,0.0184,0.3968
CLUBS TWO DIAMONDS NINE,0.6364,0.0208,0.3428
CLUBS THREE DIAMONDS NINE,0.6458,0.0156,0.3386
DIAMONDS NINE HEARTS EIGHT,0.5688,0.0176,0.4136
DIAMONDS NINE HEARTS NINE,0.3236,0.0282,0.6482
HEARTS SIX DIAMONDS NINE,0.6034,0.0164,0.3802
DIAMONDS NINE HEARTS SEVEN,0.5844,0.0186,0.397
CLUBS EIGHT CLUBS NINE,0.5288,0.0146,0.4566
DIAMONDS ACE DIAMONDS NINE,0.3788,0.005,0.6162
HEARTS FOUR DIAMONDS NINE,0.7178,0.056,0.2262
HEARTS FIVE DIAMONDS NINE,0.614,0.014,0.372
CLUBS TWO HEARTS ACE,0.4274,0.0044,0.5682
SPADES ACE CLUBS FOUR,0.271,0.0238,0.7052
DIAMONDS QUEEN DIAMONDS NINE,0.3628,0.0102,0.627
HEARTS TWO DIAMONDS NINE,0.6384,0.0254,0.3362
CLUBS TWO HEARTS KING,0.4374,0.0072,0.5554
SPADES KING CLUBS FOUR,0.2626,0.0334,0.704
DIAMONDS KING DIAMONDS NINE,0.3776,0.0094,0.613
HEARTS THREE DIAMONDS NINE,0.649,0.0182,0.3328
CLUBS TWO HEARTS QUEEN,0.4198,0.013,0.5672
SPADES QUEEN CLUBS FOUR,0.268,0.0456,0.6864
DIAMONDS NINE DIAMONDS JACK,0.2646,0.1418,0.5936
CLUBS EIGHT SPADES NINE,0.5512,0.0168,0.432
DIAMONDS NINE DIAMONDS TEN,0.531,0.0166,0.4524
CLUBS EIGHT SPADES EIGHT,0.3306,0.0356,0.6338
CLUBS EIGHT SPADES SEVEN,0.5602,0.0212,0.4186
CLUBS EIGHT SPADES SIX,0.5762,0.0158,0.408
CLUBS EIGHT SPADES FIVE,0.5964,0.0218,0.3818
CLUBS EIGHT SPADES THREE,0.6392,0.0182,0.3426
CLUBS EIGHT SPADES TWO,0.6524,0.0192,0.3284
HEARTS SIX DIAMONDS TEN,0.597,0.017,0.386
DIAMONDS TEN HEARTS SEVEN,0.5958,0.0166,0.3876
DIAMONDS TEN HEARTS EIGHT,0.5746,0.0194,0.406
CLUBS FOUR CLUBS JACK,0.0666,0.8582,0.0752
DIAMONDS TEN HEARTS NINE,0.5654,0.0154,0.4192
CLUBS FOUR CLUBS TEN,0.6764,0.0618,0.2618
CLUBS FOUR CLUBS KING,0.255,0.0336,0.7114
CLUBS FOUR CLUBS QUEEN,0.2694,0.0406,0.69
CLUBS TWO DIAMONDS TEN,0.648,0.0192,0.3328
CLUBS THREE DIAMONDS TEN,0.6586,0.0178,0.3236
CLUBS FOUR CLUBS ACE,0.2598,0.0238,0.7164
DIAMONDS JACK DIAMONDS TEN,0.261,0.1168,0.6222
DIAMONDS QUEEN DIAMONDS TEN,0.3534,0.0092,0.6374
HEARTS TWO DIAMONDS TEN,0.6482,0.0216,0.3302
DIAMONDS KING DIAMONDS TEN,0.3538,0.0058,0.6404
HEARTS THREE DIAMONDS TEN,0.6396,0.0158,0.3446
DIAMONDS ACE DIAMONDS TEN,0.37,0.0056,0.6244
HEARTS FOUR DIAMONDS TEN,0.7096,0.0576,0.2328
CLUBS EIGHT HEARTS JACK,0.2754,0.2094,0.5152
HEARTS FIVE DIAMONDS TEN,0.6286,0.017,0.3544
CLUBS EIGHT HEARTS TEN,0.5686,0.0136,0.4178
CLUBS EIGHT HEARTS QUEEN,0.3984,0.0118,0.5898
CLUBS EIGHT HEARTS KING,0.4142,0.0062,0.5796
CLUBS EIGHT HEARTS ACE,0.4192,0.0034,0.5774
CLUBS NINE SPADES THREE,0.6436,0.0194,0.337
CLUBS NINE SPADES TWO,0.6374,0.0198,0.3428
CLUBS NINE SPADES FIVE,0.6044,0.0188,0.3768
CLUBS NINE SPADES SEVEN,0.5708,0.0168,0.4124
CLUBS NINE SPADES SIX,0.5782,0.02,0.4018
CLUBS NINE SPADES NINE,0.3126,0.03,0.6574
CLUBS TEN HEARTS EIGHT,0.5776,0.0182,0.4042
CLUBS NINE SPADES EIGHT,0.5542,0.0166,0.4292
CLUBS JACK HEARTS EIGHT,0.268,0.2096,0.5224
CLUBS QUEEN HEARTS EIGHT,0.392,0.0094,0.5986
CLUBS KING HEARTS EIGHT,0.4154,0.006,0.5786
CLUBS ACE HEARTS EIGHT,0.4064,0.0056,0.588
SPADES KING CLUBS KING,0.1664,0.0078,0.8258
SPADES QUEEN CLUBS KING,0.3382,0.0068,0.655
SPADES ACE CLUBS KING,0.3572,0.007,0.6358
DIAMONDS ACE HEARTS TEN,0.3952,0.0034,0.6014
HEARTS FOUR HEARTS TEN,0.6726,0.0594,0.268
DIAMONDS ACE HEARTS JACK,0.2748,0.0216,0.7036
HEARTS FOUR HEARTS JACK,0.0724,0.8548,0.0728
SPADES KING CLUBS FIVE,0.384,0.007,0.609
SPADES QUEEN CLUBS FIVE,0.3778,0.0136,0.6086
SPADES ACE CLUBS FIVE,0.3792,0.0036,0.6172
DIAMONDS JACK HEARTS SEVEN,0.2678,0.277,0.4552
HEARTS SIX DIAMONDS JACK,0.2684,0.3608,0.3708
DIAMONDS JACK HEARTS NINE,0.2704,0.1592,0.5704
DIAMONDS JACK HEARTS EIGHT,0.2676,0.214,0.5184
DIAMONDS KING DIAMONDS JACK,0.259,0.0292,0.7118
HEARTS THREE DIAMONDS JACK,0.3136,0.4808,0.2056
SPADES ACE SPADES SIX,0.3478,0.0048,0.6474
DIAMONDS QUEEN DIAMONDS JACK,0.2462,0.0404,0.7134
HEARTS TWO DIAMONDS JACK,0.321,0.4758,0.2032
HEARTS FIVE DIAMONDS JACK,0.2634,0.4202,0.3164
SPADES QUEEN SPADES SIX,0.349,0.0106,0.6404
DIAMONDS ACE DIAMONDS JACK,0.2578,0.0202,0.722
HEARTS FOUR DIAMONDS JACK,0.0738,0.9044,0.0218
SPADES KING SPADES SIX,0.343,0.0088,0.6482
SPADES TEN SPADES SIX,0.5956,0.0154,0.389
SPADES FIVE DIAMONDS JACK,0.2482,0.4462,0.3056
SPADES TWO DIAMONDS JACK,0.2994,0.494,0.2066
SPADES THREE DIAMONDS JACK,0.2848,0.5024,0.2128
SPADES ACE DIAMONDS THREE,0.4038,0.0072,0.589
SPADES QUEEN DIAMONDS THREE,0.4058,0.012,0.5822
CLUBS EIGHT DIAMONDS JACK,0.268,0.2112,0.5208
SPADES KING DIAMONDS THREE,0.407,0.0118,0.5812
CLUBS NINE DIAMONDS JACK,0.2718,0.1632,0.565
CLUBS SIX DIAMONDS JACK,0.2702,0.3742,0.3556
CLUBS SEVEN DIAMONDS JACK,0.27,0.2876,0.4424
CLUBS FOUR DIAMONDS JACK,0.073,0.9016,0.0254
CLUBS FIVE DIAMONDS JACK,0.2634,0.4352,0.3014
CLUBS TWO DIAMONDS JACK,0.305,0.489,0.206
CLUBS THREE DIAMONDS JACK,0.3026,0.4936,0.2038
SPADES TEN CLUBS FIVE,0.6132,0.017,0.3698
HEARTS SIX SPADES TEN,0.606,0.017,0.377
CLUBS SEVEN CLUBS ACE,0.368,0.005,0.627
SPADES TEN DIAMONDS THREE,0.6476,0.0188,0.3336
CLUBS SEVEN CLUBS QUEEN,0.3714,0.0124,0.6162
CLUBS SEVEN CLUBS KING,0.3782,0.0078,0.614
SPADES NINE DIAMONDS JACK,0.2698,0.16,0.5702
CLUBS SEVEN CLUBS TEN,0.558,0.0154,0.4266
DIAMONDS ACE HEARTS ACE,0.1804,0.0032,0.8164
HEARTS FOUR HEARTS ACE,0.2786,0.022,0.6994
SPADES EIGHT DIAMONDS JACK,0.2664,0.213,0.5206
SPADES ACE HEARTS SIX,0.384,0.0042,0.6118
CLUBS SEVEN CLUBS JACK,0.2578,0.2618,0.4804
DIAMONDS ACE HEARTS KING,0.3566,0.004,0.6394
HEARTS FOUR HEARTS KING,0.2672,0.03,0.7028
SPADES SEVEN DIAMONDS JACK,0.2664,0.2828,0.4508
SPADES KING HEARTS SIX,0.3918,0.0074,0.6008
DIAMONDS ACE HEARTS QUEEN,0.3572,0.004,0.6388
HEARTS FOUR HEARTS QUEEN,0.2772,0.0434,0.6794
SPADES SIX DIAMONDS JACK,0.2632,0.3648,0.372
SPADES QUEEN HEARTS SIX,0.3822,0.014,0.6038
SPADES TWO DIAMONDS TEN,0.6382,0.0176,0.3442
SPADES THREE DIAMONDS TEN,0.6496,0.0178,0.3326
SPADES FIVE DIAMONDS TEN,0.6044,0.023,0.3726
SPADES SIX DIAMONDS TEN,0.602,0.0192,0.3788
SPADES SEVEN DIAMONDS TEN,0.5758,0.015,0.4092
SPADES EIGHT DIAMONDS TEN,0.58,0.0166,0.4034
SPADES NINE DIAMONDS TEN,0.5784,0.016,0.4056
CLUBS FOUR DIAMONDS TEN,0.7156,0.0554,0.229
CLUBS FIVE DIAMONDS TEN,0.6134,0.0188,0.3678
CLUBS SIX DIAMONDS TEN,0.5988,0.0184,0.3828
CLUBS SEVEN DIAMONDS TEN,0.5904,0.0156,0.394
CLUBS EIGHT DIAMONDS TEN,0.5846,0.0104,0.405
CLUBS NINE DIAMONDS TEN,0.5628,0.0156,0.4216
DIAMONDS THREE CLUBS JACK,0.2952,0.4974,0.2074
DIAMONDS THREE CLUBS TEN,0.6396,0.0196,0.3408
DIAMONDS THREE CLUBS KING,0.422,0.0104,0.5676
DIAMONDS THREE CLUBS QUEEN,0.4348,0.012,0.5532
DIAMONDS THREE CLUBS ACE,0.407,0.005,0.588
SPADES FIVE SPADES TWO,0.6118,0.0256,0.3626
SPADES THREE SPADES TWO,0.6502,0.0228,0.327
SPADES NINE SPADES TWO,0.6492,0.0194,0.3314
SPADES EIGHT SPADES TWO,0.638,0.0166,0.3454
SPADES SEVEN SPADES TWO,0.6378,0.021,0.3412
SPADES SIX SPADES TWO,0.6314,0.0212,0.3474
DIAMONDS QUEEN CLUBS THREE,0.4272,0.0148,0.558
HEARTS TWO CLUBS THREE,0.6594,0.0244,0.3162
DIAMONDS QUEEN CLUBS TWO,0.4242,0.0114,0.5644
CLUBS TWO HEARTS TWO,0.4566,0.053,0.4904
DIAMONDS QUEEN HEARTS SEVEN,0.4116,0.01,0.5784
HEARTS TWO HEARTS SEVEN,0.6066,0.0166,0.3768
HEARTS SIX DIAMONDS QUEEN,0.3854,0.009,0.6056
HEARTS SIX HEARTS TWO,0.61,0.0184,0.3716
DIAMONDS QUEEN HEARTS NINE,0.3834,0.0102,0.6064
HEARTS TWO HEARTS NINE,0.6016,0.0212,0.3772
DIAMONDS QUEEN HEARTS EIGHT,0.4018,0.01,0.5882
HEARTS TWO HEARTS EIGHT,0.6264,0.0152,0.3584
CLUBS NINE HEARTS TWO,0.6434,0.0192,0.3374
CLUBS NINE DIAMONDS QUEEN,0.3834,0.008,0.6086
CLUBS EIGHT HEARTS TWO,0.6448,0.0198,0.3354
CLUBS EIGHT DIAMONDS QUEEN,0.3986,0.0084,0.593
CLUBS FIVE DIAMONDS QUEEN,0.4092,0.0104,0.5804
CLUBS FIVE HEARTS TWO,0.6334,0.0236,0.343
SPADES EIGHT HEARTS ACE,0.3916,0.0044,0.604
CLUBS FOUR DIAMONDS QUEEN,0.2942,0.0458,0.66
CLUBS FOUR HEARTS TWO,0.6968,0.0632,0.24
SPADES EIGHT HEARTS QUEEN,0.3848,0.0122,0.603
CLUBS SEVEN HEARTS TWO,0.659,0.0174,0.3236
CLUBS SEVEN DIAMONDS QUEEN,0.4014,0.0108,0.5878
CLUBS SIX DIAMONDS QUEEN,0.4032,0.0092,0.5876
CLUBS SIX HEARTS TWO,0.6306,0.019,0.3504
SPADES EIGHT HEARTS KING,0.3964,0.0076,0.596
DIAMONDS QUEEN SPADES SIX,0.385,0.0122,0.6028
HEARTS TWO SPADES SIX,0.64,0.0216,0.3384
HEARTS FOUR CLUBS QUEEN,0.2862,0.0468,0.667
DIAMONDS ACE CLUBS QUEEN,0.366,0.0072,0.6268
DIAMONDS QUEEN SPADES SEVEN,0.3928,0.013,0.5942
SPADES SEVEN HEARTS TWO,0.6528,0.0226,0.3246
HEARTS FOUR CLUBS KING,0.2812,0.0358,0.683
DIAMONDS ACE CLUBS KING,0.3634,0.0042,0.6324
SPADES EIGHT DIAMONDS QUEEN,0.3874,0.011,0.6016
SPADES EIGHT HEARTS TWO,0.6226,0.0234,0.354
HEARTS FOUR CLUBS ACE,0.275,0.023,0.702
DIAMONDS ACE CLUBS ACE,0.169,0.0026,0.8284
SPADES NINE DIAMONDS QUEEN,0.367,0.0114,0.6216
SPADES NINE HEARTS TWO,0.6306,0.0202,0.3492
HEARTS TWO SPADES TWO,0.424,0.0504,0.5256
DIAMONDS QUEEN SPADES TWO,0.427,0.0146,0.5584
HEARTS TWO SPADES THREE,0.652,0.0218,0.3262
DIAMONDS QUEEN SPADES THREE,0.4198,0.0128,0.5674
HEARTS FOUR CLUBS TEN,0.718,0.0586,0.2234
DIAMONDS ACE CLUBS TEN,0.3976,0.0026,0.5998
HEARTS TWO SPADES FIVE,0.6206,0.018,0.3614
DIAMONDS QUEEN SPADES FIVE,0.38,0.0122,0.6078
HEARTS FOUR CLUBS JACK,0.0724,0.9044,0.0232
DIAMONDS ACE CLUBS JACK,0.2668,0.0188,0.7144
CLUBS FIVE CLUBS KING,0.3746,0.0064,0.619
CLUBS FIVE CLUBS QUEEN,0.3656,0.0152,0.6192
CLUBS FIVE CLUBS ACE,0.3608,0.0028,0.6364
CLUBS FIVE CLUBS JACK,0.239,0.4284,0.3326
CLUBS FIVE CLUBS TEN,0.5778,0.017,0.4052
SPADES KING CLUBS JACK,0.2524,0.0314,0.7162
SPADES QUEEN CLUBS JACK,0.2612,0.0392,0.6996
SPADES ACE CLUBS JACK,0.252,0.023,0.725
SPADES SIX CLUBS KING,0.3828,0.0098,0.6074
SPADES SIX CLUBS QUEEN,0.3868,0.0104,0.6028
SPADES EIGHT HEARTS JACK,0.2618,0.2008,0.5374
SPADES SIX CLUBS ACE,0.402,0.003,0.595
SPADES EIGHT HEARTS TEN,0.566,0.0168,0.4172
SPADES SIX CLUBS JACK,0.2548,0.3736,0.3716
SPADES SIX CLUBS TEN,0.6098,0.0176,0.3726
SPADES TEN CLUBS JACK,0.259,0.1222,0.6188
SPADES QUEEN CLUBS SEVEN,0.3876,0.0108,0.6016
SPADES KING CLUBS SEVEN,0.3758,0.009,0.6152
SPADES ACE CLUBS SEVEN,0.3686,0.0046,0.6268
SPADES SIX HEARTS TEN,0.5976,0.0156,0.3868
SPADES SIX HEARTS JACK,0.2518,0.3662,0.382
SPADES SIX HEARTS ACE,0.3856,0.0052,0.6092
SPADES SIX HEARTS KING,0.3922,0.0076,0.6002
SPADES SIX HEARTS QUEEN,0.3928,0.0118,0.5954
SPADES TEN CLUBS SEVEN,0.5822,0.0164,0.4014
HEARTS SIX CLUBS TEN,0.6116,0.0172,0.3712
HEARTS SIX CLUBS JACK,0.2674,0.3626,0.37
CLUBS ACE CLUBS JACK,0.2576,0.0202,0.7222
HEARTS SIX CLUBS QUEEN,0.4054,0.01,0.5846
HEARTS SIX CLUBS KING,0.3994,0.0078,0.5928
HEARTS SIX CLUBS ACE,0.4098,0.0036,0.5866
CLUBS QUEEN CLUBS JACK,0.2512,0.0392,0.7096
CLUBS KING CLUBS JACK,0.266,0.025,0.709
DIAMONDS THREE HEARTS ACE,0.4124,0.006,0.5816
DIAMONDS THREE HEARTS QUEEN,0.4286,0.0098,0.5616
DIAMONDS THREE HEARTS KING,0.438,0.0078,0.5542
CLUBS FIVE HEARTS JACK,0.2674,0.4442,0.2884
HEARTS FOUR SPADES TEN,0.7126,0.0598,0.2276
SPADES TEN DIAMONDS ACE,0.368,0.004,0.628
CLUBS FIVE HEARTS TEN,0.6264,0.0132,0.3604
SPADES ACE HEARTS FOUR,0.274,0.023,0.703
SPADES ACE DIAMONDS ACE,0.167,0.0038,0.8292
CLUBS FIVE HEARTS ACE,0.3968,0.0044,0.5988
CLUBS FIVE HEARTS KING,0.3954,0.0072,0.5974
HEARTS FOUR SPADES QUEEN,0.2704,0.0436,0.686
SPADES QUEEN DIAMONDS ACE,0.3538,0.0046,0.6416
CLUBS FIVE HEARTS QUEEN,0.3916,0.013,0.5954
SPADES KING DIAMONDS ACE,0.344,0.005,0.651
HEARTS FOUR SPADES KING,0.2582,0.0402,0.7016
DIAMONDS QUEEN DIAMONDS ACE,0.346,0.0054,0.6486
HEARTS TWO DIAMONDS ACE,0.4288,0.006,0.5652
HEARTS FOUR DIAMONDS QUEEN,0.2814,0.0508,0.6678
HEARTS FOUR HEARTS TWO,0.655,0.0626,0.2824
DIAMONDS THREE HEARTS TEN,0.6464,0.014,0.3396
HEARTS FIVE DIAMONDS QUEEN,0.4066,0.0102,0.5832
HEARTS FIVE HEARTS TWO,0.596,0.0188,0.3852
DIAMONDS THREE HEARTS JACK,0.3034,0.4958,0.2008
DIAMONDS QUEEN HEARTS TWO,0.4314,0.0126,0.556
DIAMONDS KING DIAMONDS QUEEN,0.3394,0.0056,0.655
DIAMONDS KING HEARTS TWO,0.4362,0.0092,0.5546
HEARTS THREE DIAMONDS QUEEN,0.4308,0.0106,0.5586
HEARTS THREE HEARTS TWO,0.6262,0.0188,0.355
HEARTS TWO CLUBS ACE,0.409,0.0052,0.5858
DIAMONDS QUEEN CLUBS ACE,0.3786,0.0042,0.6172
HEARTS TWO CLUBS QUEEN,0.4324,0.0116,0.556
DIAMONDS QUEEN CLUBS QUEEN,0.189,0.0106,0.8004
HEARTS TWO CLUBS KING,0.4524,0.0068,0.5408
DIAMONDS QUEEN CLUBS KING,0.3754,0.007,0.6176
SPADES EIGHT SPADES FIVE,0.5946,0.0188,0.3866
HEARTS TWO CLUBS TEN,0.6418,0.0206,0.3376
DIAMONDS QUEEN CLUBS TEN,0.3814,0.0088,0.6098
SPADES NINE SPADES FIVE,0.6018,0.023,0.3752
HEARTS TWO CLUBS JACK,0.3074,0.4866,0.206
DIAMONDS QUEEN CLUBS JACK,0.2824,0.0392,0.6784
SPADES SIX SPADES FIVE,0.582,0.0192,0.3988
SPADES SEVEN SPADES FIVE,0.5778,0.0194,0.4028
DIAMONDS FIVE CLUBS QUEEN,0.3964,0.013,0.5906
SPADES EIGHT CLUBS ACE,0.3902,0.0038,0.606
CLUBS KING DIAMONDS FIVE,0.3976,0.0076,0.5948
SPADES EIGHT CLUBS KING,0.4022,0.0072,0.5906
CLUBS ACE DIAMONDS FIVE,0.3856,0.0044,0.61
SPADES EIGHT CLUBS QUEEN,0.3768,0.0084,0.6148
SPADES EIGHT CLUBS JACK,0.2666,0.2128,0.5206
SPADES EIGHT CLUBS TEN,0.5684,0.0168,0.4148
DIAMONDS FIVE CLUBS TEN,0.6112,0.017,0.3718
DIAMONDS FIVE CLUBS JACK,0.2722,0.4204,0.3074
HEARTS JACK DIAMONDS TEN,0.2812,0.113,0.6058
DIAMONDS TEN HEARTS TEN,0.3246,0.0246,0.6508
SPADES ACE CLUBS NINE,0.3908,0.0034,0.6058
CLUBS NINE SPADES QUEEN,0.373,0.012,0.615
SPADES KING CLUBS NINE,0.3696,0.0078,0.6226
HEARTS SIX HEARTS KING,0.3786,0.0096,0.6118
DIAMONDS KING SPADES SEVEN,0.3874,0.009,0.6036
HEARTS THREE SPADES SEVEN,0.6318,0.016,0.3522
SPADES KING DIAMONDS SEVEN,0.3938,0.0094,0.5968
HEARTS SIX HEARTS QUEEN,0.382,0.0094,0.6086
DIAMONDS KING SPADES SIX,0.3832,0.0096,0.6072
HEARTS THREE SPADES SIX,0.6248,0.0232,0.352
SPADES QUEEN DIAMONDS SEVEN,0.3932,0.013,0.5938
