opposingHand,winningChance,drawChance,lostChance
SPADES ACE DIAMONDS FOUR
HEARTS FIVE SPADES TEN,0.6154,0.005,0.3796
HEARTS FIVE SPADES JACK,0.6192,0.0042,0.3766
SPADES FIVE CLUBS JACK,0.6134,0.004,0.3826
CLUBS TEN SPADES FIVE,0.6312,0.004,0.3648
CLUBS EIGHT CLUBS JACK,0.5456,0.0044,0.45
CLUBS TEN CLUBS EIGHT,0.518,0.0034,0.4786
CLUBS EIGHT CLUBS KING,0.5722,0.0056,0.4222
SPADES FIVE CLUBS ACE,0.232,0.4492,0.3188
CLUBS EIGHT CLUBS QUEEN,0.5526,0.0032,0.4442
SPADES FIVE CLUBS KING,0.6212,0.0044,0.3744
SPADES FIVE CLUBS QUEEN,0.6152,0.0052,0.3796
CLUBS EIGHT CLUBS ACE,0.2228,0.2196,0.5576
DIAMONDS TWO DIAMONDS THREE,0.641,0.0074,0.3516
DIAMONDS TWO DIAMONDS FIVE,0.6066,0.0048,0.3886
SPADES KING HEARTS FIVE,0.612,0.0052,0.3828
HEARTS FIVE SPADES QUEEN,0.6246,0.0054,0.37
DIAMONDS TWO DIAMONDS SEVEN,0.6152,0.0052,0.3796
DIAMONDS TWO DIAMONDS SIX,0.6236,0.0068,0.3696
DIAMONDS TWO DIAMONDS NINE,0.6144,0.0054,0.3802
DIAMONDS TWO DIAMONDS EIGHT,0.6114,0.0056,0.383
SPADES FOUR CLUBS TWO,0.74,0.0246,0.2354
DIAMONDS THREE DIAMONDS FIVE,0.593,0.0072,0.3998
SPADES FIVE CLUBS TWO,0.6354,0.0078,0.3568
CLUBS TWO SPADES TWO,0.4744,0.0104,0.5152
CLUBS TWO SPADES THREE,0.6694,0.0072,0.3234
DIAMONDS THREE DIAMONDS EIGHT,0.6004,0.007,0.3926
SPADES EIGHT CLUBS TWO,0.6574,0.0056,0.337
DIAMONDS THREE DIAMONDS NINE,0.6188,0.0062,0.375
SPADES NINE CLUBS TWO,0.6596,0.0036,0.3368
DIAMONDS THREE DIAMONDS SIX,0.5916,0.0046,0.4038
SPADES SIX CLUBS TWO,0.6574,0.006,0.3366
DIAMONDS THREE DIAMONDS SEVEN,0.6074,0.0058,0.3868
SPADES SEVEN CLUBS TWO,0.6606,0.008,0.3314
CLUBS SIX CLUBS TWO,0.6032,0.0046,0.3922
CLUBS SEVEN CLUBS TWO,0.6068,0.005,0.3882
CLUBS FOUR CLUBS TWO,0.706,0.0226,0.2714
CLUBS FIVE CLUBS TWO,0.5978,0.0052,0.397
CLUBS TEN CLUBS JACK,0.5224,0.0048,0.4728
CLUBS TEN CLUBS QUEEN,0.5152,0.0038,0.481
CLUBS TEN CLUBS KING,0.5312,0.004,0.4648
CLUBS TEN CLUBS ACE,0.2408,0.1186,0.6406
CLUBS EIGHT CLUBS TWO,0.6018,0.0044,0.3938
CLUBS NINE CLUBS TWO,0.589,0.0044,0.4066
CLUBS THREE CLUBS TWO,0.6166,0.006,0.3774
DIAMONDS NINE DIAMONDS FIVE,0.5772,0.0054,0.4174
DIAMONDS TWO CLUBS JACK,0.6482,0.004,0.3478
DIAMONDS FIVE DIAMONDS EIGHT,0.56,0.0052,0.4348
CLUBS TEN DIAMONDS TWO,0.6466,0.0054,0.348
DIAMONDS FIVE DIAMONDS SEVEN,0.5614,0.0036,0.435
DIAMONDS SIX DIAMONDS FIVE,0.556,0.0054,0.4386
DIAMONDS TWO CLUBS ACE,0.268,0.5322,0.1998
DIAMONDS TWO CLUBS KING,0.646,0.0052,0.3488
DIAMONDS TWO CLUBS QUEEN,0.6356,0.0058,0.3586
DIAMONDS SIX DIAMONDS EIGHT,0.5472,0.0032,0.4496
DIAMONDS NINE DIAMONDS SIX,0.5536,0.0038,0.4426
HEARTS ACE SPADES THREE,0.259,0.5212,0.2198
SPADES THREE HEARTS KING,0.6512,0.0064,0.3424
DIAMONDS SIX DIAMONDS SEVEN,0.5406,0.006,0.4534
SPADES THREE HEARTS QUEEN,0.6606,0.0056,0.3338
SPADES THREE HEARTS JACK,0.6542,0.0042,0.3416
SPADES THREE HEARTS TEN,0.6474,0.0068,0.3458
DIAMONDS EIGHT DIAMONDS SEVEN,0.533,0.0064,0.4606
DIAMONDS NINE DIAMONDS SEVEN,0.5392,0.0046,0.4562
DIAMONDS NINE DIAMONDS EIGHT,0.5286,0.0046,0.4668
DIAMONDS KING HEARTS TEN,0.5604,0.0054,0.4342
HEARTS THREE HEARTS TEN,0.6112,0.0034,0.3854
SPADES JACK CLUBS SIX,0.6162,0.005,0.3788
DIAMONDS KING HEARTS JACK,0.5814,0.0046,0.414
HEARTS THREE HEARTS JACK,0.604,0.0054,0.3906
SPADES TEN CLUBS SIX,0.602,0.0038,0.3942
SPADES JACK SPADES FIVE,0.5866,0.0056,0.4078
SPADES TEN SPADES FIVE,0.5816,0.0064,0.412
DIAMONDS KING HEARTS ACE,0.2606,0.0444,0.695
HEARTS THREE HEARTS ACE,0.233,0.4946,0.2724
DIAMONDS KING HEARTS QUEEN,0.5822,0.0032,0.4146
HEARTS THREE HEARTS QUEEN,0.61,0.0058,0.3842
SPADES KING CLUBS SIX,0.6214,0.0046,0.374
DIAMONDS KING HEARTS KING,0.2982,0.0026,0.6992
HEARTS THREE HEARTS KING,0.619,0.0054,0.3756
SPADES QUEEN CLUBS SIX,0.6096,0.0018,0.3886
SPADES NINE HEARTS TEN,0.5698,0.0058,0.4244
SPADES NINE HEARTS JACK,0.5734,0.006,0.4206
SPADES QUEEN SPADES FIVE,0.583,0.0044,0.4126
SPADES KING SPADES FIVE,0.596,0.0046,0.3994
SPADES NINE HEARTS QUEEN,0.5808,0.0044,0.4148
SPADES NINE HEARTS KING,0.5872,0.0036,0.4092
SPADES NINE HEARTS ACE,0.2548,0.1822,0.563
CLUBS TEN SPADES JACK,0.5652,0.006,0.4288
CLUBS TEN SPADES TEN,0.3288,0.0026,0.6686
SPADES KING CLUBS TEN,0.57,0.0054,0.4246
SPADES QUEEN CLUBS TEN,0.5622,0.0054,0.4324
SPADES FIVE HEARTS QUEEN,0.619,0.0044,0.3766
SPADES FIVE HEARTS KING,0.6218,0.007,0.3712
SPADES FIVE HEARTS ACE,0.2212,0.4778,0.301
SPADES JACK HEARTS THREE,0.6528,0.0056,0.3416
SPADES JACK DIAMONDS KING,0.577,0.0052,0.4178
SPADES TEN CLUBS EIGHT,0.5856,0.0062,0.4082
SPADES JACK CLUBS EIGHT,0.5766,0.0048,0.4186
SPADES TEN HEARTS THREE,0.6476,0.0042,0.3482
SPADES TEN DIAMONDS KING,0.5708,0.0058,0.4234
CLUBS SIX HEARTS ACE,0.2442,0.3744,0.3814
HEARTS FIVE CLUBS JACK,0.6082,0.0048,0.387
HEARTS FIVE CLUBS TEN,0.6186,0.0036,0.3778
CLUBS SIX HEARTS QUEEN,0.604,0.0034,0.3926
SPADES QUEEN CLUBS EIGHT,0.5932,0.0056,0.4012
CLUBS TEN SPADES THREE,0.6612,0.0044,0.3344
CLUBS SIX HEARTS KING,0.6118,0.0038,0.3844
SPADES KING CLUBS EIGHT,0.6038,0.0068,0.3894
SPADES THREE CLUBS JACK,0.6534,0.0058,0.3408
DIAMONDS TWO HEARTS JACK,0.664,0.004,0.332
SPADES THREE CLUBS QUEEN,0.6458,0.0056,0.3486
DIAMONDS TWO HEARTS TEN,0.65,0.0046,0.3454
SPADES THREE CLUBS KING,0.6484,0.0064,0.3452
HEARTS FIVE CLUBS ACE,0.2208,0.4642,0.315
SPADES FIVE HEARTS TEN,0.6272,0.004,0.3688
SPADES THREE CLUBS ACE,0.259,0.5158,0.2252
HEARTS FIVE CLUBS KING,0.6056,0.0034,0.391
SPADES FIVE HEARTS JACK,0.614,0.0034,0.3826
HEARTS FIVE CLUBS QUEEN,0.612,0.0024,0.3856
HEARTS THREE CLUBS KING,0.6472,0.0056,0.3472
DIAMONDS KING CLUBS KING,0.2898,0.0046,0.7056
HEARTS THREE CLUBS QUEEN,0.6496,0.005,0.3454
DIAMONDS KING CLUBS QUEEN,0.581,0.0044,0.4146
HEARTS FIVE HEARTS JACK,0.5772,0.0046,0.4182
HEARTS FIVE HEARTS TEN,0.5786,0.0036,0.4178
HEARTS THREE CLUBS ACE,0.2726,0.5066,0.2208
DIAMONDS KING CLUBS ACE,0.2528,0.052,0.6952
SPADES KING CLUBS QUEEN,0.5848,0.0044,0.4108
HEARTS THREE CLUBS JACK,0.651,0.0044,0.3446
DIAMONDS KING CLUBS JACK,0.5726,0.0042,0.4232
SPADES QUEEN CLUBS QUEEN,0.3116,0.0026,0.6858
CLUBS TEN HEARTS THREE,0.641,0.0026,0.3564
CLUBS TEN DIAMONDS KING,0.5626,0.0036,0.4338
SPADES JACK CLUBS QUEEN,0.5652,0.0034,0.4314
CLUBS SIX CLUBS QUEEN,0.5636,0.004,0.4324
SPADES TEN CLUBS QUEEN,0.558,0.006,0.436
CLUBS SIX CLUBS KING,0.5718,0.0042,0.424
CLUBS SIX CLUBS ACE,0.226,0.3566,0.4174
HEARTS FIVE HEARTS KING,0.5818,0.0066,0.4116
HEARTS FIVE HEARTS QUEEN,0.58,0.0036,0.4164
CLUBS TEN CLUBS SIX,0.5426,0.0036,0.4538
HEARTS FIVE HEARTS ACE,0.2054,0.4336,0.361
CLUBS SIX CLUBS JACK,0.571,0.0046,0.4244
SPADES SEVEN HEARTS JACK,0.5962,0.004,0.3998
SPADES SEVEN HEARTS TEN,0.5816,0.0054,0.413
DIAMONDS TWO CLUBS TWO,0.4728,0.0078,0.5194
DIAMONDS TWO CLUBS THREE,0.674,0.0052,0.3208
DIAMONDS TWO HEARTS SIX,0.6564,0.005,0.3386
DIAMONDS TWO HEARTS QUEEN,0.6606,0.0058,0.3336
HEARTS SEVEN DIAMONDS TWO,0.6656,0.0052,0.3292
DIAMONDS TWO HEARTS KING,0.657,0.0058,0.3372
DIAMONDS TWO HEARTS EIGHT,0.6514,0.0052,0.3434
DIAMONDS TWO HEARTS ACE,0.2694,0.5124,0.2182
DIAMONDS TWO HEARTS NINE,0.6418,0.0046,0.3536
DIAMONDS TWO DIAMONDS QUEEN,0.6114,0.0044,0.3842
DIAMONDS TWO HEARTS TWO,0.4696,0.0056,0.5248
DIAMONDS TWO DIAMONDS KING,0.6262,0.0056,0.3682
DIAMONDS TWO HEARTS THREE,0.66,0.0054,0.3346
DIAMONDS TWO DIAMONDS ACE,0.257,0.4948,0.2482
HEARTS FOUR DIAMONDS TWO,0.7522,0.0264,0.2214
HEARTS FIVE DIAMONDS TWO,0.6388,0.0042,0.357
SPADES SEVEN HEARTS ACE,0.241,0.309,0.45
DIAMONDS TWO DIAMONDS TEN,0.6064,0.007,0.3866
SPADES SEVEN HEARTS KING,0.588,0.0052,0.4068
DIAMONDS TWO DIAMONDS JACK,0.6058,0.005,0.3892
SPADES SEVEN HEARTS QUEEN,0.6196,0.0048,0.3756
DIAMONDS TWO SPADES NINE,0.6726,0.0062,0.3212
DIAMONDS TWO SPADES EIGHT,0.6582,0.0066,0.3352
DIAMONDS TWO SPADES SEVEN,0.6698,0.004,0.3262
DIAMONDS TWO SPADES SIX,0.6556,0.0066,0.3378
DIAMONDS TWO SPADES FIVE,0.6496,0.0076,0.3428
DIAMONDS TWO SPADES FOUR,0.7522,0.022,0.2258
DIAMONDS TWO SPADES THREE,0.6696,0.006,0.3244
DIAMONDS TWO SPADES TWO,0.4762,0.007,0.5168
CLUBS NINE DIAMONDS TWO,0.648,0.0058,0.3462
DIAMONDS TWO CLUBS EIGHT,0.6562,0.0048,0.339
CLUBS SEVEN DIAMONDS TWO,0.6476,0.0044,0.348
DIAMONDS TWO CLUBS SIX,0.657,0.0066,0.3364
DIAMONDS TWO CLUBS FIVE,0.6362,0.004,0.3598
DIAMONDS TWO CLUBS FOUR,0.7474,0.0236,0.229
CLUBS FOUR SPADES FIVE,0.7168,0.0252,0.258
CLUBS FOUR SPADES FOUR,0.3332,0.0208,0.646
CLUBS FOUR SPADES THREE,0.7416,0.02,0.2384
CLUBS FOUR SPADES TWO,0.744,0.024,0.232
SPADES NINE CLUBS FOUR,0.7382,0.021,0.2408
SPADES EIGHT CLUBS FOUR,0.7358,0.02,0.2442
SPADES SEVEN CLUBS FOUR,0.718,0.0188,0.2632
SPADES SIX CLUBS FOUR,0.7364,0.022,0.2416
SPADES QUEEN DIAMONDS SIX,0.6096,0.0058,0.3846
SPADES KING DIAMONDS SIX,0.6074,0.0058,0.3868
SPADES TEN DIAMONDS SIX,0.6078,0.004,0.3882
SPADES JACK DIAMONDS SIX,0.6058,0.0042,0.39
SPADES QUEEN SPADES TWO,0.6122,0.0072,0.3806
SPADES KING SPADES TWO,0.6224,0.006,0.3716
DIAMONDS JACK CLUBS JACK,0.305,0.0054,0.6896
CLUBS TEN DIAMONDS JACK,0.5564,0.005,0.4386
DIAMONDS JACK CLUBS KING,0.5644,0.0038,0.4318
DIAMONDS JACK CLUBS QUEEN,0.554,0.004,0.442
DIAMONDS THREE DIAMONDS JACK,0.6182,0.0054,0.3764
DIAMONDS THREE DIAMONDS TEN,0.6166,0.0058,0.3776
DIAMONDS JACK CLUBS ACE,0.2526,0.0836,0.6638
DIAMONDS THREE DIAMONDS KING,0.6128,0.006,0.3812
DIAMONDS THREE HEARTS THREE,0.4614,0.0052,0.5334
DIAMONDS THREE DIAMONDS QUEEN,0.606,0.007,0.387
DIAMONDS THREE HEARTS TWO,0.6746,0.0074,0.318
HEARTS FIVE DIAMONDS THREE,0.6314,0.0078,0.3608
DIAMONDS THREE DIAMONDS ACE,0.2528,0.489,0.2582
HEARTS FOUR DIAMONDS THREE,0.7224,0.026,0.2516
HEARTS SEVEN DIAMONDS THREE,0.6454,0.0058,0.3488
SPADES TEN SPADES NINE,0.5208,0.005,0.4742
HEARTS SIX DIAMONDS THREE,0.6314,0.005,0.3636
SPADES JACK SPADES NINE,0.5386,0.0064,0.455
DIAMONDS THREE HEARTS NINE,0.6468,0.0056,0.3476
HEARTS ACE HEARTS KING,0.25,0.0456,0.7044
SPADES TEN SPADES TWO,0.6198,0.005,0.3752
DIAMONDS THREE HEARTS EIGHT,0.6574,0.0056,0.337
SPADES JACK SPADES TWO,0.6166,0.0066,0.3768
SPADES KING SPADES NINE,0.5704,0.0054,0.4242
SPADES QUEEN SPADES NINE,0.5462,0.0044,0.4494
DIAMONDS THREE SPADES NINE,0.6474,0.0066,0.346
DIAMONDS THREE SPADES EIGHT,0.6628,0.0052,0.332
DIAMONDS THREE SPADES SEVEN,0.6512,0.0042,0.3446
DIAMONDS THREE SPADES SIX,0.6494,0.006,0.3446
DIAMONDS THREE CLUBS SIX,0.6424,0.0046,0.353
CLUBS FIVE CLUBS SIX,0.5514,0.0044,0.4442
CLUBS SEVEN DIAMONDS THREE,0.6542,0.0044,0.3414
CLUBS SEVEN CLUBS FIVE,0.5592,0.0044,0.4364
DIAMONDS THREE CLUBS FOUR,0.7316,0.0206,0.2478
DIAMONDS THREE CLUBS FIVE,0.6104,0.005,0.3846
DIAMONDS THREE CLUBS TWO,0.6686,0.0092,0.3222
DIAMONDS THREE CLUBS THREE,0.478,0.0048,0.5172
DIAMONDS THREE SPADES FOUR,0.731,0.0248,0.2442
DIAMONDS THREE SPADES FIVE,0.6392,0.0056,0.3552
DIAMONDS THREE SPADES TWO,0.6596,0.0062,0.3342
DIAMONDS THREE SPADES THREE,0.469,0.008,0.523
CLUBS EIGHT DIAMONDS THREE,0.6492,0.004,0.3468
CLUBS NINE DIAMONDS THREE,0.6528,0.0058,0.3414
SPADES SEVEN CLUBS ACE,0.2452,0.298,0.4568
SPADES SEVEN CLUBS QUEEN,0.6044,0.0054,0.3902
SPADES SEVEN CLUBS KING,0.6054,0.0054,0.3892
CLUBS FIVE SPADES SEVEN,0.6026,0.0056,0.3918
CLUBS TEN SPADES SEVEN,0.6008,0.0052,0.394
CLUBS FIVE SPADES SIX,0.585,0.006,0.409
SPADES SEVEN CLUBS JACK,0.5904,0.004,0.4056
SPADES NINE CLUBS FIVE,0.5932,0.0042,0.4026
CLUBS FIVE SPADES EIGHT,0.603,0.0046,0.3924
CLUBS FIVE SPADES THREE,0.6252,0.0036,0.3712
CLUBS FIVE SPADES TWO,0.6368,0.003,0.3602
CLUBS FIVE SPADES FIVE,0.3616,0.0046,0.6338
CLUBS FIVE SPADES FOUR,0.7042,0.026,0.2698
CLUBS NINE CLUBS FIVE,0.5664,0.0046,0.429
CLUBS EIGHT CLUBS FIVE,0.5516,0.0048,0.4436
CLUBS ACE CLUBS QUEEN,0.243,0.0606,0.6964
CLUBS KING CLUBS QUEEN,0.539,0.0036,0.4574
CLUBS TEN DIAMONDS NINE,0.5536,0.0032,0.4432
DIAMONDS NINE CLUBS JACK,0.561,0.0048,0.4342
SPADES NINE CLUBS JACK,0.5618,0.0042,0.434
CLUBS TEN SPADES NINE,0.55,0.0046,0.4454
DIAMONDS JACK HEARTS TEN,0.5448,0.0044,0.4508
SPADES NINE CLUBS KING,0.5926,0.0052,0.4022
DIAMONDS TWO SPADES TEN,0.6584,0.0072,0.3344
DIAMONDS NINE CLUBS ACE,0.2484,0.1784,0.5732
DIAMONDS JACK HEARTS JACK,0.315,0.0044,0.6806
SPADES NINE CLUBS QUEEN,0.5752,0.0056,0.4192
SPADES JACK DIAMONDS TWO,0.6678,0.006,0.3262
DIAMONDS NINE CLUBS QUEEN,0.5716,0.0038,0.4246
SPADES NINE CLUBS ACE,0.254,0.1732,0.5728
DIAMONDS NINE CLUBS KING,0.5844,0.005,0.4106
HEARTS ACE DIAMONDS JACK,0.2496,0.0854,0.665
HEARTS QUEEN DIAMONDS JACK,0.5516,0.0044,0.444
SPADES QUEEN DIAMONDS TWO,0.65,0.0052,0.3448
HEARTS KING DIAMONDS JACK,0.5658,0.0022,0.432
SPADES KING DIAMONDS TWO,0.6586,0.0094,0.332
SPADES JACK SPADES SEVEN,0.5728,0.0036,0.4236
SPADES TEN SPADES SEVEN,0.5528,0.004,0.4432
CLUBS SEVEN CLUBS THREE,0.6106,0.0064,0.383
CLUBS SIX CLUBS THREE,0.5976,0.0038,0.3986
CLUBS FIVE CLUBS THREE,0.5896,0.0052,0.4052
CLUBS THREE CLUBS FOUR,0.687,0.0258,0.2872
CLUBS NINE CLUBS THREE,0.605,0.0036,0.3914
CLUBS EIGHT CLUBS THREE,0.6048,0.0024,0.3928
CLUBS THREE SPADES FIVE,0.6328,0.0058,0.3614
CLUBS THREE SPADES FOUR,0.7208,0.0302,0.249
CLUBS THREE SPADES THREE,0.459,0.0088,0.5322
CLUBS THREE SPADES TWO,0.674,0.006,0.32
CLUBS THREE SPADES SIX,0.6306,0.006,0.3634
SPADES SEVEN CLUBS THREE,0.637,0.0052,0.3578
SPADES EIGHT CLUBS THREE,0.6478,0.0054,0.3468
SPADES NINE CLUBS THREE,0.6496,0.0048,0.3456
DIAMONDS TEN DIAMONDS FIVE,0.5844,0.0062,0.4094
DIAMONDS JACK DIAMONDS FIVE,0.5888,0.0058,0.4054
DIAMONDS NINE HEARTS QUEEN,0.5818,0.0066,0.4116
DIAMONDS NINE HEARTS KING,0.5808,0.004,0.4152
HEARTS ACE DIAMONDS NINE,0.2354,0.1676,0.597
DIAMONDS NINE HEARTS TEN,0.5552,0.0054,0.4394
DIAMONDS NINE HEARTS JACK,0.5674,0.0042,0.4284
DIAMONDS SIX CLUBS KING,0.6052,0.0034,0.3914
DIAMONDS SIX CLUBS QUEEN,0.6034,0.0038,0.3928
CLUBS ACE DIAMONDS SIX,0.246,0.3782,0.3758
SPADES QUEEN SPADES SEVEN,0.5876,0.0052,0.4072
DIAMONDS SIX CLUBS JACK,0.6068,0.006,0.3872
SPADES KING SPADES SEVEN,0.5802,0.004,0.4158
CLUBS TEN DIAMONDS SIX,0.5864,0.0046,0.409
CLUBS NINE CLUBS FOUR,0.6956,0.018,0.2864
CLUBS EIGHT CLUBS FOUR,0.6852,0.0196,0.2952
CLUBS FIVE CLUBS FOUR,0.6618,0.0238,0.3144
CLUBS SEVEN CLUBS FOUR,0.6764,0.0146,0.309
CLUBS SIX CLUBS FOUR,0.6938,0.0178,0.2884
CLUBS SEVEN SPADES EIGHT,0.5632,0.0052,0.4316
CLUBS SEVEN SPADES NINE,0.5902,0.0042,0.4056
CLUBS SEVEN SPADES SIX,0.5684,0.004,0.4276
CLUBS SEVEN SPADES SEVEN,0.3742,0.0058,0.62
CLUBS SEVEN SPADES FIVE,0.5752,0.0046,0.4202
CLUBS SEVEN SPADES FOUR,0.7318,0.0222,0.246
CLUBS SEVEN SPADES THREE,0.6474,0.0034,0.3492
CLUBS SEVEN SPADES TWO,0.662,0.0042,0.3338
CLUBS NINE CLUBS SEVEN,0.531,0.0032,0.4658
CLUBS SEVEN CLUBS EIGHT,0.5282,0.0048,0.467
HEARTS SIX DIAMONDS FIVE,0.5912,0.0042,0.4046
HEARTS SEVEN DIAMONDS FIVE,0.5826,0.0048,0.4126
DIAMONDS FIVE HEARTS EIGHT,0.6106,0.0038,0.3856
DIAMONDS FIVE HEARTS NINE,0.5982,0.0044,0.3974
DIAMONDS QUEEN DIAMONDS FIVE,0.5878,0.0052,0.407
HEARTS TWO DIAMONDS FIVE,0.6246,0.0044,0.371
HEARTS KING HEARTS EIGHT,0.55,0.0044,0.4456
DIAMONDS KING DIAMONDS FIVE,0.601,0.0038,0.3952
HEARTS THREE DIAMONDS FIVE,0.6078,0.0042,0.388
HEARTS QUEEN HEARTS EIGHT,0.541,0.0062,0.4528
DIAMONDS ACE DIAMONDS FIVE,0.2142,0.4306,0.3552
HEARTS FOUR DIAMONDS FIVE,0.7018,0.0216,0.2766
HEARTS FIVE DIAMONDS FIVE,0.3504,0.0072,0.6424
HEARTS ACE HEARTS EIGHT,0.2278,0.2174,0.5548
CLUBS FOUR DIAMONDS FIVE,0.7104,0.0218,0.2678
CLUBS FIVE DIAMONDS FIVE,0.3496,0.0056,0.6448
CLUBS SIX DIAMONDS FIVE,0.586,0.0046,0.4094
CLUBS SEVEN DIAMONDS FIVE,0.5922,0.005,0.4028
CLUBS TWO DIAMONDS FIVE,0.6362,0.0064,0.3574
CLUBS THREE DIAMONDS FIVE,0.6188,0.0054,0.3758
SPADES THREE DIAMONDS FIVE,0.6278,0.0068,0.3654
SPADES TWO DIAMONDS FIVE,0.6412,0.0066,0.3522
SPADES JACK DIAMONDS EIGHT,0.5828,0.0044,0.4128
SPADES FIVE DIAMONDS FIVE,0.356,0.0062,0.6378
CLUBS TEN HEARTS JACK,0.5542,0.0034,0.4424
SPADES TEN DIAMONDS EIGHT,0.5698,0.003,0.4272
SPADES FOUR DIAMONDS FIVE,0.7042,0.0218,0.274
HEARTS JACK CLUBS JACK,0.3136,0.003,0.6834
HEARTS JACK CLUBS QUEEN,0.5624,0.0034,0.4342
CLUBS NINE DIAMONDS FIVE,0.6038,0.0062,0.39
CLUBS KING HEARTS JACK,0.5676,0.0032,0.4292
CLUBS EIGHT DIAMONDS FIVE,0.5964,0.0054,0.3982
CLUBS ACE HEARTS JACK,0.2554,0.0818,0.6628
SPADES SEVEN DIAMONDS FIVE,0.606,0.0046,0.3894
SPADES KING DIAMONDS EIGHT,0.6082,0.0054,0.3864
SPADES SIX DIAMONDS FIVE,0.5804,0.005,0.4146
SPADES QUEEN DIAMONDS EIGHT,0.5884,0.0042,0.4074
SPADES NINE DIAMONDS FIVE,0.6016,0.0052,0.3932
SPADES EIGHT DIAMONDS FIVE,0.5978,0.0058,0.3964
DIAMONDS TEN DIAMONDS SIX,0.5654,0.0036,0.431
HEARTS ACE DIAMONDS SEVEN,0.2364,0.3,0.4636
DIAMONDS JACK DIAMONDS SIX,0.5734,0.0048,0.4218
HEARTS QUEEN DIAMONDS SEVEN,0.6054,0.0036,0.391
HEARTS KING DIAMONDS SEVEN,0.603,0.0048,0.3922
DIAMONDS ACE DIAMONDS SIX,0.2404,0.3686,0.391
HEARTS FOUR DIAMONDS SIX,0.7246,0.0176,0.2578
SPADES TWO HEARTS JACK,0.6568,0.0062,0.337
HEARTS FIVE DIAMONDS SIX,0.5986,0.0042,0.3972
SPADES TWO HEARTS TEN,0.6452,0.004,0.3508
DIAMONDS QUEEN DIAMONDS SIX,0.5736,0.004,0.4224
HEARTS TWO DIAMONDS SIX,0.6506,0.004,0.3454
DIAMONDS KING DIAMONDS SIX,0.572,0.006,0.422
HEARTS THREE DIAMONDS SIX,0.6398,0.0052,0.355
DIAMONDS SIX HEARTS EIGHT,0.562,0.0036,0.4344
DIAMONDS SIX HEARTS NINE,0.5888,0.0046,0.4066
HEARTS SIX DIAMONDS SIX,0.3726,0.004,0.6234
HEARTS SEVEN DIAMONDS SIX,0.576,0.005,0.419
HEARTS TEN DIAMONDS SEVEN,0.5836,0.0056,0.4108
CLUBS TWO DIAMONDS SIX,0.6412,0.004,0.3548
HEARTS JACK DIAMONDS SEVEN,0.5904,0.0046,0.405
CLUBS THREE DIAMONDS SIX,0.6386,0.0038,0.3576
CLUBS SEVEN DIAMONDS SIX,0.5902,0.0032,0.4066
DIAMONDS EIGHT CLUBS JACK,0.583,0.0052,0.4118
CLUBS SIX DIAMONDS SIX,0.3608,0.0028,0.6364
CLUBS TEN DIAMONDS EIGHT,0.5554,0.0038,0.4408
CLUBS FIVE DIAMONDS SIX,0.5952,0.0074,0.3974
CLUBS FOUR DIAMONDS SIX,0.7302,0.017,0.2528
HEARTS ACE HEARTS JACK,0.232,0.0828,0.6852
CLUBS ACE DIAMONDS EIGHT,0.2454,0.2278,0.5268
HEARTS QUEEN HEARTS JACK,0.5178,0.0046,0.4776
CLUBS KING DIAMONDS EIGHT,0.596,0.005,0.399
CLUBS NINE DIAMONDS SIX,0.5844,0.0058,0.4098
HEARTS KING HEARTS JACK,0.547,0.004,0.449
CLUBS QUEEN DIAMONDS EIGHT,0.5828,0.0044,0.4128
CLUBS EIGHT DIAMONDS SIX,0.5742,0.004,0.4218
SPADES TEN HEARTS KING,0.5706,0.007,0.4224
SPADES FIVE DIAMONDS SIX,0.5758,0.0052,0.419
HEARTS ACE SPADES TWO,0.2576,0.5296,0.2128
SPADES JACK HEARTS KING,0.5762,0.004,0.4198
SPADES FOUR DIAMONDS SIX,0.7332,0.0174,0.2494
SPADES THREE DIAMONDS SIX,0.633,0.0072,0.3598
HEARTS QUEEN SPADES TWO,0.6506,0.0044,0.345
SPADES TWO HEARTS KING,0.6514,0.0052,0.3434
SPADES TWO DIAMONDS SIX,0.6474,0.0074,0.3452
HEARTS TEN HEARTS EIGHT,0.5366,0.0052,0.4582
SPADES NINE DIAMONDS SIX,0.5778,0.0062,0.416
HEARTS JACK HEARTS EIGHT,0.5448,0.0058,0.4494
SPADES EIGHT DIAMONDS SIX,0.5728,0.0058,0.4214
SPADES SEVEN DIAMONDS SIX,0.5814,0.0038,0.4148
SPADES SIX DIAMONDS SIX,0.368,0.0058,0.6262
SPADES KING HEARTS KING,0.298,0.0056,0.6964
SPADES QUEEN HEARTS KING,0.5942,0.0062,0.3996
CLUBS ACE CLUBS KING,0.2416,0.0464,0.712
SPADES QUEEN HEARTS JACK,0.5724,0.0046,0.423
SPADES KING HEARTS JACK,0.5834,0.0034,0.4132
SPADES TEN DIAMONDS TEN,0.3266,0.0034,0.67
SPADES JACK DIAMONDS TEN,0.5576,0.0058,0.4366
SPADES JACK HEARTS JACK,0.3144,0.0048,0.6808
SPADES TEN HEARTS JACK,0.5566,0.0042,0.4392
SPADES QUEEN DIAMONDS TEN,0.5706,0.0052,0.4242
SPADES KING DIAMONDS TEN,0.5928,0.0054,0.4018
SPADES NINE DIAMONDS SEVEN,0.5712,0.0066,0.4222
SPADES EIGHT DIAMONDS SEVEN,0.5672,0.0048,0.428
SPADES SEVEN DIAMONDS SEVEN,0.3662,0.0072,0.6266
SPADES SIX DIAMONDS SEVEN,0.5704,0.0048,0.4248
DIAMONDS KING DIAMONDS SEVEN,0.574,0.0046,0.4214
HEARTS THREE DIAMONDS SEVEN,0.6286,0.0048,0.3666
HEARTS KING DIAMONDS FIVE,0.6062,0.005,0.3888
DIAMONDS QUEEN DIAMONDS SEVEN,0.5692,0.0036,0.4272
HEARTS TWO DIAMONDS SEVEN,0.657,0.0048,0.3382
HEARTS QUEEN DIAMONDS FIVE,0.6008,0.007,0.3922
HEARTS FIVE DIAMONDS SEVEN,0.5956,0.0044,0.4
DIAMONDS ACE DIAMONDS SEVEN,0.2362,0.2882,0.4756
HEARTS FOUR DIAMONDS SEVEN,0.7088,0.0172,0.274
HEARTS ACE DIAMONDS FIVE,0.2162,0.4648,0.319
HEARTS SEVEN DIAMONDS SEVEN,0.3516,0.0054,0.643
HEARTS SIX DIAMONDS SEVEN,0.5794,0.0052,0.4154
HEARTS NINE DIAMONDS SEVEN,0.5688,0.0032,0.428
HEARTS EIGHT DIAMONDS SEVEN,0.5582,0.0054,0.4364
DIAMONDS JACK DIAMONDS SEVEN,0.5572,0.0048,0.438
HEARTS JACK DIAMONDS FIVE,0.6104,0.0046,0.385
DIAMONDS TEN DIAMONDS SEVEN,0.5534,0.004,0.4426
HEARTS TEN DIAMONDS FIVE,0.6172,0.0056,0.3772
SPADES KING CLUBS TWO,0.658,0.0048,0.3372
HEARTS KING CLUBS KING,0.2906,0.005,0.7044
CLUBS EIGHT DIAMONDS SEVEN,0.5676,0.006,0.4264
SPADES QUEEN CLUBS TWO,0.6502,0.0046,0.3452
HEARTS KING CLUBS QUEEN,0.5702,0.0042,0.4256
CLUBS NINE DIAMONDS SEVEN,0.5788,0.0046,0.4166
SPADES TWO CLUBS JACK,0.648,0.0058,0.3462
CLUBS TEN SPADES TWO,0.6498,0.0042,0.346
HEARTS KING CLUBS ACE,0.2508,0.0466,0.7026
CLUBS SEVEN CLUBS SIX,0.5252,0.0046,0.4702
SPADES TWO CLUBS KING,0.6482,0.0036,0.3482
SPADES TWO DIAMONDS SEVEN,0.6526,0.0072,0.3402
CLUBS EIGHT CLUBS SIX,0.5514,0.0046,0.444
SPADES THREE DIAMONDS SEVEN,0.6378,0.0054,0.3568
SPADES TWO CLUBS QUEEN,0.6438,0.0056,0.3506
CLUBS NINE CLUBS SIX,0.5504,0.0044,0.4452
SPADES FOUR DIAMONDS SEVEN,0.7098,0.017,0.2732
HEARTS KING CLUBS JACK,0.5792,0.0032,0.4176
SPADES FIVE DIAMONDS SEVEN,0.6052,0.0056,0.3892
SPADES TWO CLUBS ACE,0.2682,0.5126,0.2192
CLUBS TEN HEARTS KING,0.5746,0.003,0.4224
CLUBS SIX SPADES TWO,0.6516,0.0036,0.3448
CLUBS SIX SPADES THREE,0.648,0.005,0.347
CLUBS TWO DIAMONDS SEVEN,0.65,0.0048,0.3452
CLUBS SIX SPADES FOUR,0.7396,0.0172,0.2432
CLUBS THREE DIAMONDS SEVEN,0.6484,0.0058,0.3458
CLUBS SIX SPADES FIVE,0.5864,0.0042,0.4094
CLUBS FOUR DIAMONDS SEVEN,0.7094,0.0216,0.269
CLUBS SIX SPADES SIX,0.37,0.0052,0.6248
CLUBS FIVE DIAMONDS SEVEN,0.604,0.0036,0.3924
CLUBS SIX SPADES SEVEN,0.58,0.0042,0.4158
CLUBS SIX DIAMONDS SEVEN,0.5728,0.0036,0.4236
SPADES EIGHT CLUBS SIX,0.5834,0.0046,0.412
SPADES JACK CLUBS TWO,0.6488,0.0052,0.346
CLUBS SEVEN DIAMONDS SEVEN,0.3504,0.0038,0.6458
SPADES NINE CLUBS SIX,0.5938,0.0044,0.4018
SPADES TEN CLUBS TWO,0.6548,0.0046,0.3406
CLUBS TWO CLUBS QUEEN,0.6132,0.003,0.3838
CLUBS TWO CLUBS KING,0.599,0.0046,0.3964
CLUBS THREE DIAMONDS EIGHT,0.6472,0.0042,0.3486
CLUBS TWO CLUBS ACE,0.257,0.4876,0.2554
CLUBS TWO DIAMONDS EIGHT,0.6422,0.0064,0.3514
HEARTS SEVEN DIAMONDS EIGHT,0.5672,0.0048,0.428
HEARTS SIX DIAMONDS EIGHT,0.5848,0.0046,0.4106
DIAMONDS EIGHT HEARTS NINE,0.5448,0.004,0.4512
CLUBS TEN CLUBS TWO,0.5984,0.0048,0.3968
HEARTS EIGHT DIAMONDS EIGHT,0.347,0.0044,0.6486
CLUBS TWO CLUBS JACK,0.613,0.0048,0.3822
CLUBS NINE DIAMONDS EIGHT,0.5538,0.004,0.4422
CLUBS EIGHT DIAMONDS EIGHT,0.3536,0.0042,0.6422
CLUBS FIVE DIAMONDS EIGHT,0.5998,0.0058,0.3944
CLUBS FOUR DIAMONDS EIGHT,0.7376,0.0238,0.2386
CLUBS SEVEN DIAMONDS EIGHT,0.548,0.0064,0.4456
SPADES QUEEN SPADES THREE,0.6162,0.0062,0.3776
CLUBS SIX DIAMONDS EIGHT,0.5748,0.003,0.4222
SPADES KING SPADES THREE,0.6172,0.006,0.3768
DIAMONDS QUEEN DIAMONDS EIGHT,0.5544,0.0064,0.4392
HEARTS TWO DIAMONDS EIGHT,0.646,0.0036,0.3504
DIAMONDS KING DIAMONDS EIGHT,0.5716,0.0052,0.4232
HEARTS THREE DIAMONDS EIGHT,0.6518,0.006,0.3422
DIAMONDS ACE DIAMONDS EIGHT,0.2412,0.219,0.5398
HEARTS FOUR DIAMONDS EIGHT,0.7162,0.021,0.2628
HEARTS FIVE DIAMONDS EIGHT,0.5944,0.0036,0.402
DIAMONDS TEN DIAMONDS EIGHT,0.5348,0.0058,0.4594
DIAMONDS JACK DIAMONDS EIGHT,0.5404,0.0042,0.4554
SPADES JACK SPADES THREE,0.6174,0.0044,0.3782
SPADES TEN SPADES THREE,0.619,0.0056,0.3754
CLUBS FOUR HEARTS ACE,0.0216,0.9552,0.0232
CLUBS FOUR HEARTS QUEEN,0.7392,0.0232,0.2376
CLUBS FOUR HEARTS KING,0.7402,0.0228,0.237
CLUBS SIX HEARTS TEN,0.6056,0.0034,0.391
CLUBS SIX HEARTS JACK,0.6122,0.0026,0.3852
SPADES FOUR DIAMONDS EIGHT,0.7372,0.0208,0.242
SPADES FIVE DIAMONDS EIGHT,0.5994,0.0076,0.393
SPADES TWO DIAMONDS EIGHT,0.645,0.0052,0.3498
SPADES THREE DIAMONDS EIGHT,0.6518,0.0052,0.343
CLUBS FOUR HEARTS JACK,0.7318,0.024,0.2442
SPADES EIGHT DIAMONDS EIGHT,0.3552,0.0044,0.6404
SPADES JACK HEARTS EIGHT,0.5812,0.005,0.4138
SPADES TEN HEARTS TWO,0.6492,0.0048,0.346
SPADES TEN DIAMONDS QUEEN,0.5612,0.0068,0.432
CLUBS FOUR HEARTS TEN,0.7294,0.0264,0.2442
SPADES NINE DIAMONDS EIGHT,0.5404,0.0056,0.454
SPADES JACK HEARTS TWO,0.642,0.0068,0.3512
SPADES JACK DIAMONDS QUEEN,0.5642,0.0048,0.431
SPADES TEN HEARTS EIGHT,0.5772,0.0034,0.4194
SPADES SIX DIAMONDS EIGHT,0.5754,0.0042,0.4204
SPADES SEVEN DIAMONDS EIGHT,0.5568,0.0036,0.4396
SPADES QUEEN DIAMONDS QUEEN,0.2996,0.0044,0.696
SPADES QUEEN HEARTS TWO,0.668,0.0068,0.3252
SPADES KING HEARTS EIGHT,0.6028,0.0052,0.392
SPADES QUEEN HEARTS EIGHT,0.601,0.0048,0.3942
SPADES KING HEARTS TWO,0.6656,0.0054,0.329
SPADES KING DIAMONDS QUEEN,0.5792,0.0042,0.4166
CLUBS TWO HEARTS TEN,0.6334,0.005,0.3616
CLUBS TWO HEARTS JACK,0.6388,0.0066,0.3546
SPADES SEVEN DIAMONDS NINE,0.583,0.0032,0.4138
SPADES SIX DIAMONDS NINE,0.5852,0.0028,0.412
SPADES NINE DIAMONDS NINE,0.3426,0.004,0.6534
SPADES EIGHT DIAMONDS NINE,0.5526,0.0058,0.4416
SPADES TEN CLUBS KING,0.589,0.0042,0.4068
DIAMONDS NINE SPADES THREE,0.648,0.0044,0.3476
SPADES JACK CLUBS KING,0.5784,0.005,0.4166
DIAMONDS NINE SPADES TWO,0.6398,0.006,0.3542
SPADES FIVE DIAMONDS NINE,0.5998,0.0064,0.3938
SPADES FOUR DIAMONDS NINE,0.7548,0.021,0.2242
CLUBS NINE DIAMONDS NINE,0.3442,0.003,0.6528
CLUBS EIGHT DIAMONDS NINE,0.5614,0.0032,0.4354
CLUBS SIX DIAMONDS NINE,0.596,0.0032,0.4008
SPADES JACK CLUBS FOUR,0.7414,0.0278,0.2308
CLUBS SEVEN DIAMONDS NINE,0.5672,0.004,0.4288
SPADES TEN CLUBS FOUR,0.7396,0.0216,0.2388
CLUBS FOUR DIAMONDS NINE,0.7452,0.0194,0.2354
CLUBS FIVE DIAMONDS NINE,0.5974,0.0056,0.397
CLUBS TWO DIAMONDS NINE,0.645,0.0056,0.3494
CLUBS THREE DIAMONDS NINE,0.6488,0.006,0.3452
DIAMONDS NINE HEARTS EIGHT,0.5482,0.0024,0.4494
DIAMONDS NINE HEARTS NINE,0.3456,0.004,0.6504
HEARTS SIX DIAMONDS NINE,0.5804,0.0042,0.4154
HEARTS SEVEN DIAMONDS NINE,0.5658,0.0044,0.4298
CLUBS NINE CLUBS EIGHT,0.5318,0.0032,0.465
DIAMONDS ACE DIAMONDS NINE,0.2434,0.1582,0.5984
HEARTS FOUR DIAMONDS NINE,0.748,0.018,0.234
HEARTS FIVE DIAMONDS NINE,0.605,0.0024,0.3926
HEARTS ACE CLUBS TWO,0.2664,0.5024,0.2312
DIAMONDS NINE DIAMONDS QUEEN,0.5426,0.0034,0.454
HEARTS TWO DIAMONDS NINE,0.6392,0.0062,0.3546
CLUBS TWO HEARTS KING,0.6696,0.0048,0.3256
SPADES KING CLUBS FOUR,0.7438,0.0266,0.2296
DIAMONDS KING DIAMONDS NINE,0.5674,0.0058,0.4268
HEARTS THREE DIAMONDS NINE,0.6454,0.0042,0.3504
CLUBS TWO HEARTS QUEEN,0.6372,0.0044,0.3584
SPADES QUEEN CLUBS FOUR,0.745,0.0212,0.2338
DIAMONDS NINE DIAMONDS JACK,0.5294,0.0036,0.467
CLUBS EIGHT SPADES NINE,0.5636,0.0042,0.4322
DIAMONDS TEN DIAMONDS NINE,0.5206,0.0052,0.4742
CLUBS EIGHT SPADES EIGHT,0.3466,0.0028,0.6506
CLUBS EIGHT SPADES SEVEN,0.5528,0.004,0.4432
CLUBS EIGHT SPADES SIX,0.5824,0.0048,0.4128
CLUBS EIGHT SPADES FIVE,0.6022,0.0036,0.3942
CLUBS EIGHT SPADES FOUR,0.7358,0.017,0.2472
CLUBS EIGHT SPADES THREE,0.6582,0.0068,0.335
CLUBS EIGHT SPADES TWO,0.664,0.003,0.333
HEARTS SIX DIAMONDS TEN,0.5816,0.0072,0.4112
HEARTS SEVEN DIAMONDS TEN,0.575,0.004,0.421
DIAMONDS TEN HEARTS EIGHT,0.5672,0.0042,0.4286
CLUBS FOUR CLUBS JACK,0.6944,0.027,0.2786
DIAMONDS TEN HEARTS NINE,0.5648,0.0038,0.4314
CLUBS TEN CLUBS FOUR,0.705,0.02,0.275
CLUBS FOUR CLUBS KING,0.6954,0.0218,0.2828
CLUBS FOUR CLUBS QUEEN,0.713,0.022,0.265
DIAMONDS TEN CLUBS TWO,0.6486,0.0058,0.3456
CLUBS THREE DIAMONDS TEN,0.6466,0.0044,0.349
CLUBS FOUR CLUBS ACE,0.0234,0.9048,0.0718
DIAMONDS TEN DIAMONDS JACK,0.5236,0.0056,0.4708
DIAMONDS TEN DIAMONDS QUEEN,0.5356,0.0044,0.46
HEARTS TWO DIAMONDS TEN,0.6522,0.0046,0.3432
DIAMONDS KING DIAMONDS TEN,0.531,0.0054,0.4636
HEARTS THREE DIAMONDS TEN,0.6398,0.006,0.3542
DIAMONDS ACE DIAMONDS TEN,0.2468,0.1138,0.6394
HEARTS FOUR DIAMONDS TEN,0.7466,0.0258,0.2276
CLUBS EIGHT HEARTS JACK,0.5816,0.003,0.4154
HEARTS FIVE DIAMONDS TEN,0.6038,0.0044,0.3918
CLUBS EIGHT HEARTS TEN,0.5716,0.003,0.4254
CLUBS EIGHT HEARTS QUEEN,0.5946,0.0022,0.4032
CLUBS EIGHT HEARTS KING,0.6102,0.0042,0.3856
CLUBS EIGHT HEARTS ACE,0.2378,0.2214,0.5408
CLUBS NINE SPADES THREE,0.6444,0.0068,0.3488
CLUBS NINE SPADES TWO,0.6482,0.0056,0.3462
CLUBS NINE SPADES FIVE,0.6002,0.0062,0.3936
CLUBS NINE SPADES FOUR,0.75,0.0186,0.2314
CLUBS NINE SPADES SEVEN,0.5678,0.0036,0.4286
CLUBS NINE SPADES SIX,0.5768,0.0048,0.4184
CLUBS NINE SPADES NINE,0.3286,0.0032,0.6682
CLUBS TEN HEARTS EIGHT,0.563,0.0028,0.4342
CLUBS NINE SPADES EIGHT,0.5624,0.0032,0.4344
HEARTS EIGHT CLUBS JACK,0.5852,0.0046,0.4102
CLUBS QUEEN HEARTS EIGHT,0.5928,0.0038,0.4034
CLUBS KING HEARTS EIGHT,0.604,0.0038,0.3922
CLUBS ACE HEARTS EIGHT,0.2404,0.2312,0.5284
SPADES KING CLUBS KING,0.3008,0.0046,0.6946
SPADES QUEEN CLUBS KING,0.5806,0.0034,0.416
DIAMONDS ACE HEARTS TEN,0.257,0.117,0.626
HEARTS FOUR HEARTS TEN,0.6862,0.024,0.2898
DIAMONDS ACE HEARTS JACK,0.2648,0.089,0.6462
HEARTS FOUR HEARTS JACK,0.6948,0.0266,0.2786
SPADES KING CLUBS FIVE,0.6216,0.0048,0.3736
SPADES QUEEN CLUBS FIVE,0.621,0.0058,0.3732
HEARTS SEVEN DIAMONDS JACK,0.6024,0.0042,0.3934
HEARTS SIX DIAMONDS JACK,0.6,0.0032,0.3968
DIAMONDS JACK HEARTS NINE,0.5794,0.004,0.4166
DIAMONDS JACK HEARTS EIGHT,0.5806,0.0036,0.4158
DIAMONDS KING DIAMONDS JACK,0.5488,0.0064,0.4448
HEARTS THREE DIAMONDS JACK,0.6388,0.0054,0.3558
HEARTS ACE SPADES FOUR,0.0192,0.9716,0.0092
DIAMONDS QUEEN DIAMONDS JACK,0.5352,0.0052,0.4596
HEARTS TWO DIAMONDS JACK,0.6484,0.0074,0.3442
HEARTS FIVE DIAMONDS JACK,0.5998,0.0038,0.3964
SPADES QUEEN SPADES SIX,0.594,0.0034,0.4026
SPADES FOUR HEARTS QUEEN,0.739,0.0284,0.2326
DIAMONDS ACE DIAMONDS JACK,0.2316,0.0896,0.6788
HEARTS FOUR DIAMONDS JACK,0.7508,0.0248,0.2244
SPADES KING SPADES SIX,0.5738,0.0056,0.4206
SPADES FOUR HEARTS KING,0.7496,0.0242,0.2262
SPADES TEN SPADES SIX,0.576,0.0052,0.4188
SPADES JACK SPADES SIX,0.5636,0.005,0.4314
SPADES FOUR DIAMONDS JACK,0.7408,0.0238,0.2354
SPADES FIVE DIAMONDS JACK,0.6258,0.0068,0.3674
SPADES TWO DIAMONDS JACK,0.643,0.0048,0.3522
SPADES THREE DIAMONDS JACK,0.6498,0.007,0.3432
SPADES QUEEN DIAMONDS THREE,0.6514,0.006,0.3426
CLUBS EIGHT DIAMONDS JACK,0.5714,0.0042,0.4244
SPADES KING DIAMONDS THREE,0.6438,0.0064,0.3498
CLUBS NINE DIAMONDS JACK,0.5668,0.0032,0.43
CLUBS SIX DIAMONDS JACK,0.6036,0.0038,0.3926
CLUBS SEVEN DIAMONDS JACK,0.5836,0.0034,0.413
CLUBS FOUR DIAMONDS JACK,0.7356,0.0326,0.2318
CLUBS FIVE DIAMONDS JACK,0.6068,0.005,0.3882
CLUBS TWO DIAMONDS JACK,0.643,0.0058,0.3512
CLUBS THREE DIAMONDS JACK,0.6512,0.0052,0.3436
SPADES JACK HEARTS SIX,0.592,0.0054,0.4026
SPADES TEN CLUBS FIVE,0.613,0.006,0.381
SPADES JACK CLUBS FIVE,0.6178,0.005,0.3772
SPADES TEN HEARTS SIX,0.5944,0.0028,0.4028
SPADES JACK DIAMONDS THREE,0.6386,0.0044,0.357
CLUBS SEVEN CLUBS ACE,0.2268,0.2832,0.49
SPADES TEN DIAMONDS THREE,0.643,0.0056,0.3514
CLUBS SEVEN CLUBS QUEEN,0.564,0.0042,0.4318
CLUBS SEVEN CLUBS KING,0.555,0.0044,0.4406
SPADES NINE DIAMONDS JACK,0.569,0.006,0.425
CLUBS TEN CLUBS SEVEN,0.549,0.0044,0.4466
DIAMONDS ACE HEARTS ACE,0.071,0.013,0.916
HEARTS FOUR HEARTS ACE,0.0222,0.9018,0.076
SPADES EIGHT DIAMONDS JACK,0.5796,0.0058,0.4146
CLUBS SEVEN CLUBS JACK,0.557,0.0044,0.4386
DIAMONDS ACE HEARTS KING,0.257,0.0472,0.6958
HEARTS FOUR HEARTS KING,0.7024,0.0248,0.2728
SPADES SEVEN DIAMONDS JACK,0.6108,0.0056,0.3836
SPADES KING HEARTS SIX,0.6148,0.0054,0.3798
DIAMONDS ACE HEARTS QUEEN,0.2388,0.062,0.6992
HEARTS FOUR HEARTS QUEEN,0.6962,0.0246,0.2792
SPADES SIX DIAMONDS JACK,0.607,0.0064,0.3866
SPADES QUEEN HEARTS SIX,0.6082,0.0036,0.3882
DIAMONDS TEN SPADES TWO,0.648,0.0068,0.3452
DIAMONDS TEN SPADES THREE,0.6588,0.0062,0.335
DIAMONDS TEN SPADES FOUR,0.741,0.0282,0.2308
SPADES FIVE DIAMONDS TEN,0.6226,0.0062,0.3712
SPADES SIX DIAMONDS TEN,0.5922,0.0048,0.403
SPADES SEVEN DIAMONDS TEN,0.5818,0.0046,0.4136
SPADES EIGHT DIAMONDS TEN,0.5572,0.0034,0.4394
SPADES NINE DIAMONDS TEN,0.5416,0.0066,0.4518
CLUBS FOUR DIAMONDS TEN,0.746,0.0246,0.2294
CLUBS FIVE DIAMONDS TEN,0.616,0.0054,0.3786
CLUBS SIX DIAMONDS TEN,0.586,0.0036,0.4104
CLUBS SEVEN DIAMONDS TEN,0.5798,0.0038,0.4164
CLUBS EIGHT DIAMONDS TEN,0.5694,0.0034,0.4272
CLUBS NINE DIAMONDS TEN,0.5496,0.0046,0.4458
DIAMONDS THREE CLUBS JACK,0.645,0.005,0.35
CLUBS TEN DIAMONDS THREE,0.6444,0.0046,0.351
DIAMONDS THREE CLUBS KING,0.6548,0.0058,0.3394
DIAMONDS THREE CLUBS QUEEN,0.6608,0.0042,0.335
DIAMONDS THREE CLUBS ACE,0.2612,0.5236,0.2152
SPADES FOUR HEARTS JACK,0.736,0.0276,0.2364
SPADES FOUR HEARTS TEN,0.744,0.0218,0.2342
SPADES FIVE SPADES TWO,0.6058,0.0052,0.389
SPADES FOUR SPADES TWO,0.7146,0.0218,0.2636
SPADES THREE SPADES TWO,0.6446,0.0082,0.3472
SPADES NINE SPADES TWO,0.6132,0.0054,0.3814
SPADES EIGHT SPADES TWO,0.6326,0.006,0.3614
SPADES SEVEN SPADES TWO,0.6256,0.0074,0.367
SPADES SIX SPADES TWO,0.6176,0.0046,0.3778
CLUBS THREE DIAMONDS QUEEN,0.624,0.0062,0.3698
CLUBS THREE HEARTS TWO,0.6728,0.0042,0.323
CLUBS TWO DIAMONDS QUEEN,0.6424,0.0068,0.3508
HEARTS TWO CLUBS TWO,0.4636,0.0058,0.5306
HEARTS SEVEN DIAMONDS QUEEN,0.6006,0.0032,0.3962
HEARTS SEVEN HEARTS TWO,0.6142,0.005,0.3808
HEARTS SIX DIAMONDS QUEEN,0.6052,0.0028,0.392
HEARTS SIX HEARTS TWO,0.6218,0.0058,0.3724
DIAMONDS QUEEN HEARTS NINE,0.5792,0.0042,0.4166
HEARTS TWO HEARTS NINE,0.606,0.0054,0.3886
DIAMONDS QUEEN HEARTS EIGHT,0.5902,0.0044,0.4054
HEARTS TWO HEARTS EIGHT,0.6074,0.0068,0.3858
CLUBS NINE HEARTS TWO,0.6524,0.0042,0.3434
CLUBS NINE DIAMONDS QUEEN,0.5802,0.0052,0.4146
CLUBS EIGHT HEARTS TWO,0.6508,0.0056,0.3436
CLUBS EIGHT DIAMONDS QUEEN,0.5742,0.0038,0.422
CLUBS FIVE DIAMONDS QUEEN,0.6174,0.0058,0.3768
CLUBS FIVE HEARTS TWO,0.6388,0.007,0.3542
SPADES EIGHT HEARTS ACE,0.2602,0.2218,0.518
CLUBS FOUR DIAMONDS QUEEN,0.7452,0.0232,0.2316
CLUBS FOUR HEARTS TWO,0.746,0.0226,0.2314
CLUBS SEVEN DIAMONDS QUEEN,0.6004,0.0048,0.3948
CLUBS SEVEN HEARTS TWO,0.6452,0.0048,0.35
SPADES EIGHT HEARTS QUEEN,0.6026,0.0044,0.393
CLUBS SIX DIAMONDS QUEEN,0.6098,0.004,0.3862
CLUBS SIX HEARTS TWO,0.6508,0.0054,0.3438
SPADES EIGHT HEARTS KING,0.6026,0.0032,0.3942
SPADES SIX DIAMONDS QUEEN,0.603,0.0054,0.3916
SPADES SIX HEARTS TWO,0.6606,0.005,0.3344
HEARTS FOUR CLUBS QUEEN,0.7426,0.025,0.2324
DIAMONDS ACE CLUBS QUEEN,0.2544,0.0622,0.6834
SPADES SEVEN DIAMONDS QUEEN,0.6098,0.0038,0.3864
SPADES SEVEN HEARTS TWO,0.65,0.0064,0.3436
HEARTS FOUR CLUBS KING,0.7488,0.0264,0.2248
DIAMONDS ACE CLUBS KING,0.2666,0.0394,0.694
SPADES EIGHT DIAMONDS QUEEN,0.587,0.0032,0.4098
SPADES EIGHT HEARTS TWO,0.6612,0.0052,0.3336
HEARTS FOUR CLUBS ACE,0.021,0.9566,0.0224
DIAMONDS ACE CLUBS ACE,0.068,0.0128,0.9192
SPADES NINE DIAMONDS QUEEN,0.5784,0.0054,0.4162
SPADES NINE HEARTS TWO,0.6484,0.0066,0.345
HEARTS TWO SPADES TWO,0.467,0.0092,0.5238
DIAMONDS QUEEN SPADES TWO,0.6458,0.0086,0.3456
HEARTS TWO SPADES THREE,0.6728,0.0048,0.3224
SPADES THREE DIAMONDS QUEEN,0.6488,0.0054,0.3458
HEARTS TWO SPADES FOUR,0.7456,0.0234,0.231
SPADES FOUR DIAMONDS QUEEN,0.7382,0.0268,0.235
CLUBS TEN HEARTS FOUR,0.728,0.026,0.246
CLUBS TEN DIAMONDS ACE,0.2478,0.1248,0.6274
HEARTS TWO SPADES FIVE,0.6412,0.0064,0.3524
SPADES FIVE DIAMONDS QUEEN,0.628,0.0052,0.3668
HEARTS FOUR CLUBS JACK,0.7312,0.0278,0.241
DIAMONDS ACE CLUBS JACK,0.2384,0.085,0.6766
CLUBS FIVE CLUBS KING,0.5826,0.0026,0.4148
CLUBS FIVE CLUBS QUEEN,0.5832,0.003,0.4138
CLUBS FIVE CLUBS ACE,0.2204,0.4242,0.3554
CLUBS FIVE CLUBS JACK,0.5838,0.004,0.4122
CLUBS TEN CLUBS FIVE,0.588,0.0044,0.4076
SPADES KING CLUBS JACK,0.5778,0.0056,0.4166
SPADES QUEEN CLUBS JACK,0.5814,0.0054,0.4132
SPADES SIX CLUBS KING,0.6156,0.006,0.3784
SPADES SIX CLUBS QUEEN,0.6116,0.0036,0.3848
SPADES EIGHT HEARTS JACK,0.5786,0.004,0.4174
SPADES SIX CLUBS ACE,0.2484,0.3814,0.3702
SPADES EIGHT HEARTS TEN,0.5702,0.0052,0.4246
SPADES SIX CLUBS JACK,0.6142,0.0034,0.3824
CLUBS TEN SPADES SIX,0.6086,0.003,0.3884
SPADES TEN CLUBS JACK,0.5516,0.0044,0.444
SPADES JACK CLUBS JACK,0.315,0.0046,0.6804
SPADES QUEEN CLUBS SEVEN,0.5942,0.003,0.4028
SPADES KING CLUBS SEVEN,0.6078,0.0062,0.386
SPADES SIX HEARTS TEN,0.6042,0.0034,0.3924
SPADES SIX HEARTS JACK,0.6082,0.004,0.3878
SPADES SIX HEARTS ACE,0.2538,0.3782,0.368
SPADES SIX HEARTS KING,0.609,0.0032,0.3878
SPADES SIX HEARTS QUEEN,0.6138,0.0036,0.3826
SPADES JACK CLUBS SEVEN,0.6126,0.0048,0.3826
CLUBS SEVEN SPADES TEN,0.6084,0.0038,0.3878
CLUBS TEN HEARTS SIX,0.5948,0.0036,0.4016
HEARTS SIX CLUBS JACK,0.6208,0.0032,0.376
CLUBS ACE CLUBS JACK,0.238,0.0828,0.6792
HEARTS SIX CLUBS QUEEN,0.6014,0.0044,0.3942
HEARTS SIX CLUBS KING,0.6122,0.0066,0.3812
HEARTS SIX CLUBS ACE,0.2506,0.3736,0.3758
CLUBS QUEEN CLUBS JACK,0.5396,0.0054,0.455
CLUBS KING CLUBS JACK,0.534,0.0038,0.4622
DIAMONDS THREE HEARTS ACE,0.2706,0.5126,0.2168
DIAMONDS THREE HEARTS QUEEN,0.6426,0.0054,0.352
DIAMONDS THREE HEARTS KING,0.6596,0.0044,0.336
CLUBS FIVE HEARTS JACK,0.6232,0.0036,0.3732
HEARTS FOUR SPADES TEN,0.743,0.026,0.231
SPADES TEN DIAMONDS ACE,0.2366,0.129,0.6344
CLUBS FIVE HEARTS TEN,0.616,0.0044,0.3796
HEARTS FOUR SPADES JACK,0.747,0.0234,0.2296
SPADES JACK DIAMONDS ACE,0.2488,0.0918,0.6594
CLUBS FIVE HEARTS ACE,0.2182,0.4596,0.3222
CLUBS FIVE HEARTS KING,0.6114,0.0032,0.3854
SPADES QUEEN DIAMONDS ACE,0.2562,0.0672,0.6766
SPADES QUEEN HEARTS FOUR,0.756,0.026,0.218
SPADES FOUR CLUBS JACK,0.7478,0.0246,0.2276
CLUBS FIVE HEARTS QUEEN,0.6116,0.005,0.3834
SPADES KING HEARTS FOUR,0.7412,0.021,0.2378
SPADES KING DIAMONDS ACE,0.2634,0.0444,0.6922
CLUBS TEN SPADES FOUR,0.7438,0.0276,0.2286
DIAMONDS ACE DIAMONDS QUEEN,0.2488,0.058,0.6932
DIAMONDS ACE HEARTS TWO,0.2714,0.5058,0.2228
HEARTS FOUR DIAMONDS QUEEN,0.7394,0.0252,0.2354
HEARTS FOUR HEARTS TWO,0.6944,0.0228,0.2828
DIAMONDS THREE HEARTS TEN,0.6382,0.0066,0.3552
SPADES FOUR CLUBS KING,0.7534,0.0206,0.226
HEARTS FIVE DIAMONDS QUEEN,0.6296,0.0034,0.367
HEARTS FIVE HEARTS TWO,0.6006,0.008,0.3914
DIAMONDS THREE HEARTS JACK,0.6434,0.0044,0.3522
SPADES FOUR CLUBS QUEEN,0.742,0.025,0.233
HEARTS TWO DIAMONDS QUEEN,0.6416,0.0072,0.3512
DIAMONDS KING DIAMONDS QUEEN,0.5396,0.0058,0.4546
DIAMONDS KING HEARTS TWO,0.6406,0.0054,0.354
HEARTS THREE DIAMONDS QUEEN,0.6468,0.005,0.3482
HEARTS THREE HEARTS TWO,0.626,0.0064,0.3676
SPADES FOUR CLUBS ACE,0.0176,0.97,0.0124
HEARTS TWO CLUBS ACE,0.268,0.5244,0.2076
DIAMONDS QUEEN CLUBS ACE,0.25,0.0608,0.6892
HEARTS TWO CLUBS QUEEN,0.6442,0.0034,0.3524
DIAMONDS QUEEN CLUBS QUEEN,0.3108,0.0038,0.6854
HEARTS TWO CLUBS KING,0.6416,0.0052,0.3532
DIAMONDS QUEEN CLUBS KING,0.5728,0.0042,0.423
SPADES EIGHT SPADES FIVE,0.5806,0.0058,0.4136
CLUBS TEN HEARTS TWO,0.6524,0.0044,0.3432
CLUBS TEN DIAMONDS QUEEN,0.5592,0.0046,0.4362
SPADES NINE SPADES FIVE,0.5702,0.0044,0.4254
HEARTS TWO CLUBS JACK,0.6386,0.004,0.3574
DIAMONDS QUEEN CLUBS JACK,0.5614,0.0052,0.4334
SPADES SIX SPADES FIVE,0.5578,0.0048,0.4374
SPADES SEVEN SPADES FIVE,0.5638,0.0032,0.433
DIAMONDS FIVE CLUBS QUEEN,0.6172,0.0044,0.3784
SPADES EIGHT CLUBS ACE,0.2406,0.223,0.5364
CLUBS KING DIAMONDS FIVE,0.6232,0.004,0.3728
SPADES EIGHT CLUBS KING,0.6018,0.0046,0.3936
CLUBS ACE DIAMONDS FIVE,0.2144,0.4682,0.3174
SPADES EIGHT CLUBS QUEEN,0.6028,0.0048,0.3924
SPADES EIGHT CLUBS JACK,0.5764,0.0042,0.4194
CLUBS TEN SPADES EIGHT,0.572,0.0042,0.4238
CLUBS TEN DIAMONDS FIVE,0.6118,0.0038,0.3844
DIAMONDS FIVE CLUBS JACK,0.6078,0.0032,0.389
DIAMONDS TEN HEARTS JACK,0.5432,0.0036,0.4532
DIAMONDS TEN HEARTS TEN,0.3214,0.0048,0.6738
CLUBS NINE SPADES QUEEN,0.5664,0.0068,0.4268
SPADES KING CLUBS NINE,0.5982,0.0046,0.3972
HEARTS SIX HEARTS KING,0.5624,0.0048,0.4328
DIAMONDS KING SPADES SEVEN,0.598,0.005,0.397
SPADES SEVEN HEARTS THREE,0.6444,0.0052,0.3504
SPADES KING DIAMONDS SEVEN,0.5992,0.005,0.3958
HEARTS SIX HEARTS QUEEN,0.5706,0.0046,0.4248
DIAMONDS KING SPADES SIX,0.6244,0.0056,0.37
HEARTS THREE SPADES SIX,0.6342,0.005,0.3608
SPADES QUEEN DIAMONDS SEVEN,0.6082,0.0046,0.3872
SPADES NINE DIAMONDS KING,0.594,0.0048,0.4012
SPADES NINE HEARTS THREE,0.6488,0.0054,0.3458
HEARTS SIX HEARTS ACE,0.2296,0.3548,0.4156
SPADES EIGHT DIAMONDS KING,0.5992,0.0054,0.3954
SPADES EIGHT HEARTS THREE,0.6488,0.004,0.3472
CLUBS NINE HEARTS THREE,0.6476,0.0042,0.3482
CLUBS NINE DIAMONDS KING,0.5996,0.0036,0.3968
CLUBS EIGHT HEARTS THREE,0.657,0.0058,0.3372
CLUBS EIGHT DIAMONDS KING,0.6102,0.004,0.3858
HEARTS THREE SPADES THREE,0.4598,0.0046,0.5356
DIAMONDS KING SPADES THREE,0.6506,0.004,0.3454
HEARTS THREE SPADES TWO,0.6788,0.0066,0.3146
DIAMONDS KING SPADES TWO,0.6522,0.005,0.3428
HEARTS THREE SPADES FIVE,0.629,0.0068,0.3642
DIAMONDS KING SPADES FIVE,0.6308,0.0062,0.363
HEARTS THREE SPADES FOUR,0.7312,0.0218,0.247
DIAMONDS KING SPADES FOUR,0.7554,0.028,0.2166
DIAMONDS KING CLUBS TWO,0.6412,0.008,0.3508
HEARTS THREE CLUBS TWO,0.6662,0.007,0.3268
