opposingHand,winningChance,drawChance,lostChance
SPADES QUEEN SPADES TEN
SPADES JACK HEARTS FIVE,0.674,0.0096,0.3164
SPADES FIVE CLUBS JACK,0.6722,0.0078,0.32
SPADES FIVE CLUBS TEN,0.7416,0.0424,0.216
CLUBS EIGHT CLUBS JACK,0.6282,0.0108,0.361
CLUBS EIGHT CLUBS TEN,0.6692,0.0396,0.2912
CLUBS EIGHT CLUBS KING,0.4576,0.0068,0.5356
SPADES FIVE CLUBS ACE,0.466,0.0046,0.5294
CLUBS EIGHT CLUBS QUEEN,0.625,0.1092,0.2658
SPADES FIVE CLUBS KING,0.4772,0.0074,0.5154
SPADES FIVE CLUBS QUEEN,0.6546,0.1168,0.2286
CLUBS EIGHT CLUBS ACE,0.4232,0.004,0.5728
DIAMONDS TWO DIAMONDS THREE,0.6278,0.0146,0.3576
DIAMONDS TWO DIAMONDS FIVE,0.6344,0.0114,0.3542
SPADES KING HEARTS FIVE,0.4732,0.0064,0.5204
DIAMONDS TWO DIAMONDS FOUR,0.6328,0.01,0.3572
DIAMONDS TWO DIAMONDS SEVEN,0.6404,0.011,0.3486
DIAMONDS TWO DIAMONDS SIX,0.6344,0.0102,0.3554
SPADES ACE HEARTS FIVE,0.4534,0.0052,0.5414
DIAMONDS TWO DIAMONDS NINE,0.6648,0.009,0.3262
DIAMONDS TWO DIAMONDS EIGHT,0.6558,0.009,0.3352
DIAMONDS THREE DIAMONDS FOUR,0.6202,0.0108,0.369
CLUBS TWO SPADES FOUR,0.6628,0.0102,0.327
DIAMONDS THREE DIAMONDS FIVE,0.6164,0.0122,0.3714
CLUBS TWO SPADES FIVE,0.658,0.011,0.331
CLUBS TWO SPADES TWO,0.4948,0.0162,0.489
CLUBS TWO SPADES THREE,0.6656,0.0126,0.3218
DIAMONDS THREE DIAMONDS EIGHT,0.6492,0.0118,0.339
SPADES EIGHT CLUBS TWO,0.6954,0.0096,0.295
DIAMONDS THREE DIAMONDS NINE,0.6616,0.0064,0.332
SPADES NINE CLUBS TWO,0.694,0.0106,0.2954
DIAMONDS THREE DIAMONDS SIX,0.627,0.0092,0.3638
SPADES SIX CLUBS TWO,0.6788,0.0124,0.3088
DIAMONDS THREE DIAMONDS SEVEN,0.6442,0.0086,0.3472
SPADES SEVEN CLUBS TWO,0.6834,0.0124,0.3042
CLUBS SIX CLUBS TWO,0.6446,0.011,0.3444
CLUBS SEVEN CLUBS TWO,0.6494,0.0116,0.339
CLUBS FOUR CLUBS TWO,0.628,0.0108,0.3612
CLUBS FIVE CLUBS TWO,0.6274,0.0106,0.362
CLUBS JACK CLUBS TEN,0.6814,0.034,0.2846
DIAMONDS FOUR DIAMONDS SIX,0.6234,0.0106,0.366
CLUBS QUEEN CLUBS TEN,0.0682,0.851,0.0808
DIAMONDS FOUR DIAMONDS SEVEN,0.6284,0.0082,0.3634
CLUBS KING CLUBS TEN,0.2824,0.0252,0.6924
CLUBS ACE CLUBS TEN,0.278,0.0214,0.7006
CLUBS EIGHT CLUBS TWO,0.6558,0.0102,0.334
DIAMONDS FIVE DIAMONDS FOUR,0.6056,0.0114,0.383
CLUBS NINE CLUBS TWO,0.6598,0.0096,0.3306
DIAMONDS NINE DIAMONDS FOUR,0.657,0.0118,0.3312
DIAMONDS EIGHT DIAMONDS FOUR,0.6386,0.0102,0.3512
CLUBS TWO CLUBS THREE,0.6352,0.01,0.3548
DIAMONDS NINE DIAMONDS FIVE,0.6508,0.0096,0.3396
DIAMONDS TWO CLUBS JACK,0.686,0.0094,0.3046
DIAMONDS EIGHT DIAMONDS FIVE,0.629,0.0124,0.3586
DIAMONDS TWO CLUBS TEN,0.7448,0.0462,0.209
DIAMONDS FIVE DIAMONDS SEVEN,0.624,0.0104,0.3656
DIAMONDS FIVE DIAMONDS SIX,0.6112,0.0106,0.3782
DIAMONDS TWO CLUBS ACE,0.4766,0.0032,0.5202
DIAMONDS TWO CLUBS KING,0.4762,0.0062,0.5176
DIAMONDS TWO CLUBS QUEEN,0.6724,0.1162,0.2114
DIAMONDS EIGHT DIAMONDS SIX,0.6206,0.0096,0.3698
DIAMONDS NINE DIAMONDS SIX,0.639,0.0082,0.3528
SPADES THREE HEARTS ACE,0.4574,0.0048,0.5378
HEARTS KING SPADES THREE,0.4856,0.0064,0.508
DIAMONDS SEVEN DIAMONDS SIX,0.6224,0.011,0.3666
SPADES THREE HEARTS QUEEN,0.6644,0.1186,0.217
SPADES THREE HEARTS JACK,0.6788,0.0132,0.308
SPADES THREE HEARTS TEN,0.74,0.044,0.216
DIAMONDS EIGHT DIAMONDS SEVEN,0.6204,0.0126,0.367
DIAMONDS NINE DIAMONDS SEVEN,0.6268,0.0102,0.363
DIAMONDS NINE DIAMONDS EIGHT,0.638,0.0098,0.3522
DIAMONDS KING HEARTS TEN,0.2936,0.027,0.6794
HEARTS THREE HEARTS TEN,0.6876,0.0394,0.273
SPADES JACK CLUBS SIX,0.688,0.0082,0.3038
DIAMONDS KING HEARTS JACK,0.413,0.0058,0.5812
HEARTS THREE HEARTS JACK,0.6386,0.0096,0.3518
SPADES JACK SPADES FIVE,0.668,0.014,0.318
DIAMONDS KING HEARTS ACE,0.3884,0.0056,0.606
HEARTS THREE HEARTS ACE,0.441,0.0044,0.5546
SPADES ACE CLUBS SIX,0.4616,0.0042,0.5342
DIAMONDS KING HEARTS QUEEN,0.2948,0.0252,0.68
HEARTS THREE HEARTS QUEEN,0.6294,0.107,0.2636
SPADES KING CLUBS SIX,0.4578,0.0078,0.5344
DIAMONDS KING HEARTS KING,0.1964,0.0036,0.8
HEARTS THREE HEARTS KING,0.441,0.0064,0.5526
SPADES NINE HEARTS TEN,0.7196,0.0436,0.2368
SPADES NINE HEARTS JACK,0.6504,0.0078,0.3418
SPADES KING SPADES FIVE,0.4266,0.0092,0.5642
SPADES ACE SPADES FIVE,0.4116,0.0068,0.5816
SPADES NINE HEARTS QUEEN,0.6614,0.12,0.2186
SPADES NINE HEARTS KING,0.4458,0.006,0.5482
SPADES NINE HEARTS ACE,0.4564,0.0056,0.538
SPADES JACK CLUBS TEN,0.713,0.0398,0.2472
SPADES ACE CLUBS TEN,0.2942,0.0206,0.6852
SPADES KING CLUBS TEN,0.2758,0.0264,0.6978
SPADES FIVE HEARTS QUEEN,0.6612,0.1088,0.23
SPADES FIVE HEARTS KING,0.4816,0.0098,0.5086
SPADES FIVE HEARTS ACE,0.4622,0.0062,0.5316
HEARTS THREE SPADES JACK,0.6856,0.0112,0.3032
SPADES JACK DIAMONDS KING,0.4102,0.0064,0.5834
CLUBS EIGHT SPADES JACK,0.6516,0.0084,0.34
SPADES ACE CLUBS EIGHT,0.451,0.0058,0.5432
HEARTS FIVE CLUBS JACK,0.671,0.0106,0.3184
CLUBS SIX HEARTS ACE,0.4628,0.004,0.5332
HEARTS FIVE CLUBS TEN,0.75,0.0404,0.2096
SPADES THREE CLUBS TEN,0.7404,0.045,0.2146
CLUBS SIX HEARTS QUEEN,0.662,0.1068,0.2312
CLUBS EIGHT SPADES KING,0.4642,0.0056,0.5302
SPADES THREE CLUBS JACK,0.6812,0.011,0.3078
CLUBS SIX HEARTS KING,0.4698,0.0074,0.5228
DIAMONDS TWO HEARTS JACK,0.6782,0.0108,0.311
SPADES THREE CLUBS QUEEN,0.6622,0.1162,0.2216
DIAMONDS TWO HEARTS TEN,0.7492,0.0424,0.2084
SPADES THREE CLUBS KING,0.471,0.008,0.521
HEARTS FIVE CLUBS ACE,0.4652,0.0044,0.5304
SPADES FIVE HEARTS TEN,0.7418,0.0398,0.2184
SPADES THREE CLUBS ACE,0.4564,0.0058,0.5378
HEARTS FIVE CLUBS KING,0.4852,0.0044,0.5104
SPADES FIVE HEARTS JACK,0.6716,0.01,0.3184
HEARTS FIVE CLUBS QUEEN,0.644,0.1164,0.2396
HEARTS THREE CLUBS KING,0.4788,0.0064,0.5148
DIAMONDS KING CLUBS KING,0.1966,0.003,0.8004
HEARTS THREE CLUBS QUEEN,0.6646,0.1186,0.2168
DIAMONDS KING CLUBS QUEEN,0.298,0.0244,0.6776
HEARTS FIVE HEARTS JACK,0.6416,0.0086,0.3498
HEARTS FIVE HEARTS TEN,0.6834,0.0424,0.2742
HEARTS THREE CLUBS ACE,0.4808,0.0054,0.5138
DIAMONDS KING CLUBS ACE,0.397,0.003,0.6
SPADES ACE CLUBS QUEEN,0.295,0.0154,0.6896
SPADES KING CLUBS QUEEN,0.2806,0.027,0.6924
HEARTS THREE CLUBS JACK,0.6776,0.0118,0.3106
DIAMONDS KING CLUBS JACK,0.3942,0.0088,0.597
HEARTS THREE CLUBS TEN,0.7416,0.0478,0.2106
DIAMONDS KING CLUBS TEN,0.301,0.0306,0.6684
SPADES JACK CLUBS QUEEN,0.2686,0.0832,0.6482
CLUBS SIX CLUBS QUEEN,0.63,0.1028,0.2672
CLUBS SIX CLUBS KING,0.4426,0.0072,0.5502
CLUBS SIX CLUBS ACE,0.4322,0.0028,0.565
HEARTS FIVE HEARTS KING,0.4408,0.0064,0.5528
HEARTS FIVE HEARTS QUEEN,0.6374,0.1096,0.253
CLUBS SIX CLUBS TEN,0.6882,0.0398,0.272
HEARTS FIVE HEARTS ACE,0.4542,0.0034,0.5424
CLUBS SIX CLUBS JACK,0.653,0.0104,0.3366
SPADES SEVEN HEARTS JACK,0.6644,0.0124,0.3232
SPADES SEVEN HEARTS TEN,0.7188,0.0476,0.2336
DIAMONDS TWO CLUBS TWO,0.5086,0.0162,0.4752
DIAMONDS TWO CLUBS THREE,0.6772,0.0122,0.3106
HEARTS SIX DIAMONDS TWO,0.68,0.0094,0.3106
DIAMONDS TWO HEARTS QUEEN,0.6772,0.1034,0.2194
DIAMONDS TWO HEARTS SEVEN,0.6842,0.011,0.3048
DIAMONDS TWO HEARTS KING,0.4682,0.007,0.5248
DIAMONDS TWO HEARTS EIGHT,0.7088,0.0094,0.2818
DIAMONDS TWO HEARTS ACE,0.4714,0.0056,0.523
DIAMONDS TWO HEARTS NINE,0.7018,0.008,0.2902
DIAMONDS TWO DIAMONDS QUEEN,0.6356,0.1082,0.2562
DIAMONDS TWO HEARTS TWO,0.5042,0.0178,0.478
DIAMONDS TWO DIAMONDS KING,0.4556,0.0068,0.5376
HEARTS THREE DIAMONDS TWO,0.6726,0.0114,0.316
DIAMONDS TWO DIAMONDS ACE,0.439,0.005,0.556
HEARTS FOUR DIAMONDS TWO,0.6698,0.0118,0.3184
DIAMONDS TWO HEARTS FIVE,0.6748,0.0148,0.3104
SPADES SEVEN HEARTS ACE,0.4582,0.0034,0.5384
DIAMONDS TWO DIAMONDS TEN,0.702,0.0442,0.2538
SPADES SEVEN HEARTS KING,0.4802,0.006,0.5138
DIAMONDS TWO DIAMONDS JACK,0.6448,0.0116,0.3436
SPADES SEVEN HEARTS QUEEN,0.6692,0.1104,0.2204
DIAMONDS TWO SPADES NINE,0.701,0.0112,0.2878
DIAMONDS TWO SPADES EIGHT,0.697,0.0114,0.2916
DIAMONDS TWO SPADES SEVEN,0.6916,0.0112,0.2972
DIAMONDS TWO SPADES SIX,0.6846,0.0104,0.305
DIAMONDS TWO SPADES FIVE,0.6666,0.01,0.3234
DIAMONDS TWO SPADES FOUR,0.6558,0.0128,0.3314
DIAMONDS TWO SPADES THREE,0.6742,0.012,0.3138
DIAMONDS TWO SPADES TWO,0.5114,0.0194,0.4692
CLUBS NINE DIAMONDS TWO,0.697,0.009,0.294
CLUBS EIGHT DIAMONDS TWO,0.6882,0.0106,0.3012
DIAMONDS TWO CLUBS SEVEN,0.6854,0.0102,0.3044
CLUBS SIX DIAMONDS TWO,0.6818,0.0108,0.3074
DIAMONDS TWO CLUBS FIVE,0.6646,0.0136,0.3218
DIAMONDS TWO CLUBS FOUR,0.6678,0.0128,0.3194
CLUBS FOUR SPADES FIVE,0.6368,0.013,0.3502
CLUBS FOUR SPADES FOUR,0.5102,0.0194,0.4704
CLUBS FOUR SPADES THREE,0.6554,0.0122,0.3324
CLUBS FOUR SPADES TWO,0.6574,0.0132,0.3294
SPADES NINE CLUBS FOUR,0.6988,0.0108,0.2904
SPADES EIGHT CLUBS FOUR,0.676,0.015,0.309
CLUBS FOUR SPADES SEVEN,0.6598,0.0112,0.329
CLUBS FOUR SPADES SIX,0.644,0.0132,0.3428
SPADES ACE DIAMONDS SIX,0.4602,0.0036,0.5362
SPADES KING DIAMONDS SIX,0.4696,0.0066,0.5238
SPADES JACK DIAMONDS SIX,0.6728,0.0068,0.3204
SPADES KING SPADES TWO,0.4282,0.007,0.5648
SPADES ACE SPADES TWO,0.4162,0.007,0.5768
DIAMONDS JACK CLUBS JACK,0.3336,0.0094,0.657
DIAMONDS JACK CLUBS TEN,0.7268,0.0406,0.2326
DIAMONDS JACK CLUBS KING,0.4086,0.005,0.5864
DIAMONDS JACK CLUBS QUEEN,0.2896,0.086,0.6244
DIAMONDS THREE DIAMONDS JACK,0.652,0.01,0.338
DIAMONDS THREE DIAMONDS TEN,0.6944,0.0426,0.263
DIAMONDS JACK CLUBS ACE,0.4118,0.0046,0.5836
DIAMONDS THREE DIAMONDS KING,0.4622,0.0054,0.5324
HEARTS THREE DIAMONDS THREE,0.5032,0.018,0.4788
DIAMONDS THREE DIAMONDS QUEEN,0.6434,0.104,0.2526
DIAMONDS THREE HEARTS TWO,0.6772,0.0104,0.3124
HEARTS FIVE DIAMONDS THREE,0.6678,0.0098,0.3224
DIAMONDS THREE DIAMONDS ACE,0.4414,0.0042,0.5544
HEARTS FOUR DIAMONDS THREE,0.6584,0.0106,0.331
DIAMONDS THREE HEARTS SEVEN,0.6926,0.0096,0.2978
HEARTS SIX DIAMONDS THREE,0.6784,0.0114,0.3102
SPADES JACK SPADES NINE,0.6508,0.0112,0.338
DIAMONDS THREE HEARTS NINE,0.6924,0.0144,0.2932
HEARTS JACK DIAMONDS FOUR,0.6806,0.009,0.3104
HEARTS KING HEARTS ACE,0.3578,0.004,0.6382
DIAMONDS THREE HEARTS EIGHT,0.6872,0.0096,0.3032
HEARTS TEN DIAMONDS FOUR,0.7328,0.0462,0.221
SPADES JACK SPADES TWO,0.6794,0.0104,0.3102
HEARTS QUEEN DIAMONDS FOUR,0.6706,0.1134,0.216
HEARTS KING DIAMONDS FOUR,0.4734,0.0086,0.518
SPADES ACE SPADES NINE,0.4042,0.007,0.5888
HEARTS ACE DIAMONDS FOUR,0.4706,0.006,0.5234
SPADES KING SPADES NINE,0.4094,0.007,0.5836
SPADES NINE DIAMONDS THREE,0.6982,0.0118,0.29
DIAMONDS THREE SPADES EIGHT,0.7008,0.014,0.2852
DIAMONDS THREE SPADES SEVEN,0.6886,0.013,0.2984
DIAMONDS THREE SPADES SIX,0.6782,0.0096,0.3122
CLUBS SIX DIAMONDS THREE,0.6696,0.0084,0.322
CLUBS ACE DIAMONDS FOUR,0.4726,0.0042,0.5232
CLUBS SIX CLUBS FIVE,0.6112,0.0102,0.3786
CLUBS SEVEN CLUBS FIVE,0.6198,0.0088,0.3714
CLUBS SEVEN DIAMONDS THREE,0.6782,0.0106,0.3112
DIAMONDS THREE CLUBS FOUR,0.6542,0.012,0.3338
CLUBS QUEEN DIAMONDS FOUR,0.6684,0.1176,0.214
DIAMONDS THREE CLUBS FIVE,0.6646,0.0122,0.3232
CLUBS KING DIAMONDS FOUR,0.4752,0.0072,0.5176
DIAMONDS THREE CLUBS TWO,0.6668,0.0118,0.3214
DIAMONDS FOUR CLUBS TEN,0.7396,0.0468,0.2136
DIAMONDS THREE CLUBS THREE,0.5152,0.0166,0.4682
DIAMONDS FOUR CLUBS JACK,0.6778,0.0074,0.3148
DIAMONDS THREE SPADES FOUR,0.663,0.0106,0.3264
DIAMONDS THREE SPADES FIVE,0.6552,0.0122,0.3326
DIAMONDS THREE SPADES TWO,0.6618,0.0134,0.3248
DIAMONDS THREE SPADES THREE,0.5044,0.0188,0.4768
CLUBS EIGHT DIAMONDS THREE,0.7032,0.0094,0.2874
CLUBS NINE DIAMONDS THREE,0.705,0.0086,0.2864
SPADES SEVEN CLUBS ACE,0.4708,0.0062,0.523
SPADES SEVEN CLUBS QUEEN,0.6702,0.1154,0.2144
SPADES SEVEN CLUBS KING,0.4596,0.0064,0.534
SPADES SEVEN CLUBS FIVE,0.6492,0.0126,0.3382
SPADES SEVEN CLUBS TEN,0.7224,0.0454,0.2322
CLUBS FIVE SPADES SIX,0.649,0.0108,0.3402
SPADES SEVEN CLUBS JACK,0.6632,0.01,0.3268
SPADES NINE CLUBS FIVE,0.6868,0.0138,0.2994
SPADES EIGHT CLUBS FIVE,0.6618,0.0122,0.326
CLUBS FIVE SPADES THREE,0.647,0.0104,0.3426
CLUBS FIVE SPADES TWO,0.6626,0.0116,0.3258
CLUBS FIVE SPADES FIVE,0.5044,0.018,0.4776
CLUBS FIVE SPADES FOUR,0.638,0.0116,0.3504
CLUBS NINE CLUBS FIVE,0.6522,0.0092,0.3386
CLUBS EIGHT CLUBS FIVE,0.636,0.0084,0.3556
CLUBS ACE CLUBS QUEEN,0.2862,0.0154,0.6984
CLUBS KING CLUBS QUEEN,0.283,0.0256,0.6914
DIAMONDS TEN DIAMONDS FOUR,0.6874,0.0442,0.2684
DIAMONDS NINE CLUBS TEN,0.708,0.0426,0.2494
DIAMONDS JACK DIAMONDS FOUR,0.6456,0.0104,0.344
DIAMONDS NINE CLUBS JACK,0.655,0.0126,0.3324
SPADES NINE CLUBS JACK,0.6466,0.0082,0.3452
SPADES NINE CLUBS TEN,0.7082,0.0494,0.2424
DIAMONDS ACE DIAMONDS FOUR,0.4292,0.0038,0.567
HEARTS FOUR DIAMONDS FOUR,0.5138,0.014,0.4722
DIAMONDS JACK HEARTS TEN,0.721,0.0356,0.2434
SPADES NINE CLUBS KING,0.4462,0.0076,0.5462
DIAMONDS NINE CLUBS ACE,0.462,0.0044,0.5336
HEARTS FIVE DIAMONDS FOUR,0.6554,0.0092,0.3354
HEARTS JACK DIAMONDS JACK,0.3416,0.0108,0.6476
SPADES JACK DIAMONDS TWO,0.6806,0.0104,0.309
SPADES NINE CLUBS QUEEN,0.6656,0.114,0.2204
DIAMONDS QUEEN DIAMONDS FOUR,0.627,0.1094,0.2636
HEARTS TWO DIAMONDS FOUR,0.6626,0.0122,0.3252
DIAMONDS NINE CLUBS QUEEN,0.6618,0.1158,0.2224
DIAMONDS KING DIAMONDS FOUR,0.4478,0.0052,0.547
HEARTS THREE DIAMONDS FOUR,0.6502,0.01,0.3398
SPADES NINE CLUBS ACE,0.4634,0.0048,0.5318
DIAMONDS NINE CLUBS KING,0.4486,0.0056,0.5458
HEARTS ACE DIAMONDS JACK,0.416,0.0038,0.5802
SPADES ACE DIAMONDS TWO,0.4616,0.0052,0.5332
DIAMONDS JACK HEARTS QUEEN,0.2788,0.0878,0.6334
HEARTS KING DIAMONDS JACK,0.4024,0.005,0.5926
SPADES KING DIAMONDS TWO,0.4606,0.0082,0.5312
SPADES JACK SPADES SEVEN,0.6726,0.0094,0.318
CLUBS SEVEN CLUBS THREE,0.6384,0.0102,0.3514
CLUBS SIX CLUBS THREE,0.6306,0.0086,0.3608
CLUBS FIVE CLUBS THREE,0.6106,0.01,0.3794
CLUBS FOUR CLUBS THREE,0.6144,0.0086,0.377
CLUBS NINE CLUBS THREE,0.6582,0.0126,0.3292
CLUBS EIGHT CLUBS THREE,0.6476,0.0116,0.3408
SPADES FIVE CLUBS THREE,0.6578,0.0128,0.3294
CLUBS THREE SPADES FOUR,0.6452,0.0118,0.343
CLUBS THREE SPADES THREE,0.5032,0.021,0.4758
CLUBS THREE SPADES TWO,0.6862,0.007,0.3068
SPADES SIX CLUBS THREE,0.6594,0.011,0.3296
SPADES SEVEN CLUBS THREE,0.6838,0.0116,0.3046
SPADES EIGHT CLUBS THREE,0.701,0.0088,0.2902
SPADES NINE CLUBS THREE,0.6956,0.0112,0.2932
SPADES TWO DIAMONDS FOUR,0.6602,0.0112,0.3286
SPADES THREE DIAMONDS FOUR,0.6486,0.015,0.3364
SPADES FOUR DIAMONDS FOUR,0.513,0.0182,0.4688
SPADES FIVE DIAMONDS FOUR,0.6402,0.0122,0.3476
SPADES SIX DIAMONDS FOUR,0.6504,0.0094,0.3402
SPADES SEVEN DIAMONDS FOUR,0.6674,0.0132,0.3194
SPADES EIGHT DIAMONDS FOUR,0.6708,0.0114,0.3178
SPADES NINE DIAMONDS FOUR,0.705,0.0132,0.2818
CLUBS FIVE DIAMONDS FOUR,0.6466,0.0132,0.3402
CLUBS FOUR DIAMONDS FOUR,0.5088,0.0178,0.4734
CLUBS SEVEN DIAMONDS FOUR,0.6684,0.0104,0.3212
CLUBS SIX DIAMONDS FOUR,0.6636,0.008,0.3284
CLUBS NINE DIAMONDS FOUR,0.7008,0.011,0.2882
CLUBS EIGHT DIAMONDS FOUR,0.6858,0.009,0.3052
DIAMONDS FOUR HEARTS SEVEN,0.6752,0.009,0.3158
HEARTS SIX DIAMONDS FOUR,0.661,0.009,0.33
HEARTS NINE DIAMONDS FOUR,0.6922,0.0086,0.2992
DIAMONDS FOUR HEARTS EIGHT,0.6886,0.0088,0.3026
CLUBS THREE DIAMONDS FOUR,0.6444,0.01,0.3456
CLUBS TWO DIAMONDS FOUR,0.6754,0.011,0.3136
DIAMONDS TEN DIAMONDS FIVE,0.6824,0.0466,0.271
DIAMONDS JACK DIAMONDS FIVE,0.6354,0.01,0.3546
DIAMONDS NINE HEARTS QUEEN,0.6812,0.1122,0.2066
HEARTS KING DIAMONDS NINE,0.4484,0.0058,0.5458
DIAMONDS NINE HEARTS ACE,0.4662,0.0048,0.529
DIAMONDS NINE HEARTS TEN,0.7184,0.0396,0.242
DIAMONDS NINE HEARTS JACK,0.6548,0.0114,0.3338
CLUBS KING DIAMONDS SIX,0.4726,0.0058,0.5216
CLUBS QUEEN DIAMONDS SIX,0.6704,0.1076,0.222
CLUBS ACE DIAMONDS SIX,0.467,0.0034,0.5296
SPADES KING DIAMONDS FOUR,0.4562,0.0072,0.5366
SPADES ACE SPADES SEVEN,0.4172,0.0062,0.5766
CLUBS JACK DIAMONDS SIX,0.6868,0.0078,0.3054
SPADES KING SPADES SEVEN,0.429,0.0058,0.5652
SPADES ACE DIAMONDS FOUR,0.4492,0.0064,0.5444
CLUBS TEN DIAMONDS SIX,0.732,0.045,0.223
CLUBS NINE CLUBS FOUR,0.6636,0.0078,0.3286
CLUBS EIGHT CLUBS FOUR,0.6406,0.0104,0.349
SPADES JACK DIAMONDS FOUR,0.6704,0.009,0.3206
CLUBS FOUR CLUBS FIVE,0.6042,0.013,0.3828
CLUBS SEVEN CLUBS FOUR,0.6184,0.0098,0.3718
CLUBS SIX CLUBS FOUR,0.6184,0.008,0.3736
CLUBS SEVEN SPADES EIGHT,0.6478,0.011,0.3412
SPADES NINE CLUBS SEVEN,0.6704,0.0098,0.3198
CLUBS SEVEN SPADES SIX,0.6564,0.009,0.3346
CLUBS SEVEN SPADES SEVEN,0.4926,0.0142,0.4932
CLUBS SEVEN SPADES FIVE,0.6634,0.0108,0.3258
CLUBS SEVEN SPADES FOUR,0.6694,0.0108,0.3198
CLUBS SEVEN SPADES THREE,0.6706,0.012,0.3174
CLUBS SEVEN SPADES TWO,0.6846,0.0104,0.305
CLUBS NINE CLUBS SEVEN,0.615,0.01,0.375
CLUBS EIGHT CLUBS SEVEN,0.6172,0.0088,0.374
HEARTS SIX DIAMONDS FIVE,0.6418,0.0088,0.3494
DIAMONDS FIVE HEARTS SEVEN,0.6518,0.0092,0.339
DIAMONDS FIVE HEARTS EIGHT,0.6662,0.008,0.3258
HEARTS NINE DIAMONDS FIVE,0.6786,0.01,0.3114
DIAMONDS QUEEN DIAMONDS FIVE,0.6272,0.1094,0.2634
HEARTS TWO DIAMONDS FIVE,0.6774,0.0112,0.3114
HEARTS KING HEARTS EIGHT,0.4418,0.0072,0.551
DIAMONDS KING DIAMONDS FIVE,0.437,0.0088,0.5542
HEARTS THREE DIAMONDS FIVE,0.6642,0.0112,0.3246
HEARTS QUEEN HEARTS EIGHT,0.6212,0.116,0.2628
DIAMONDS ACE DIAMONDS FIVE,0.443,0.0046,0.5524
HEARTS FOUR DIAMONDS FIVE,0.6414,0.0116,0.347
HEARTS FIVE DIAMONDS FIVE,0.495,0.0158,0.4892
HEARTS ACE HEARTS EIGHT,0.4326,0.0042,0.5632
CLUBS FOUR DIAMONDS FIVE,0.64,0.0114,0.3486
CLUBS FIVE DIAMONDS FIVE,0.5038,0.0176,0.4786
CLUBS SIX DIAMONDS FIVE,0.6506,0.0086,0.3408
CLUBS SEVEN DIAMONDS FIVE,0.6552,0.0106,0.3342
CLUBS TWO DIAMONDS FIVE,0.672,0.0128,0.3152
CLUBS THREE DIAMONDS FIVE,0.6652,0.0118,0.323
SPADES THREE DIAMONDS FIVE,0.6496,0.011,0.3394
SPADES TWO DIAMONDS FIVE,0.6638,0.0096,0.3266
SPADES FIVE DIAMONDS FIVE,0.5118,0.019,0.4692
SPADES JACK DIAMONDS EIGHT,0.658,0.0092,0.3328
HEARTS JACK CLUBS TEN,0.7246,0.0368,0.2386
SPADES FOUR DIAMONDS FIVE,0.6388,0.0118,0.3494
HEARTS JACK CLUBS JACK,0.3366,0.0106,0.6528
HEARTS JACK CLUBS QUEEN,0.2784,0.0872,0.6344
CLUBS NINE DIAMONDS FIVE,0.6928,0.0104,0.2968
HEARTS JACK CLUBS KING,0.4148,0.0066,0.5786
CLUBS EIGHT DIAMONDS FIVE,0.6724,0.0108,0.3168
HEARTS JACK CLUBS ACE,0.417,0.0032,0.5798
SPADES SEVEN DIAMONDS FIVE,0.6618,0.011,0.3272
SPADES KING DIAMONDS EIGHT,0.4582,0.008,0.5338
SPADES SIX DIAMONDS FIVE,0.6408,0.0122,0.347
SPADES NINE DIAMONDS FIVE,0.6758,0.012,0.3122
SPADES EIGHT DIAMONDS FIVE,0.6706,0.0116,0.3178
SPADES ACE DIAMONDS EIGHT,0.4512,0.0056,0.5432
DIAMONDS TEN DIAMONDS SIX,0.6936,0.0426,0.2638
HEARTS ACE DIAMONDS SEVEN,0.4592,0.0038,0.537
DIAMONDS JACK DIAMONDS SIX,0.6422,0.0122,0.3456
HEARTS QUEEN DIAMONDS SEVEN,0.6762,0.112,0.2118
HEARTS KING DIAMONDS SEVEN,0.4748,0.0058,0.5194
DIAMONDS ACE DIAMONDS SIX,0.4408,0.0054,0.5538
HEARTS FOUR DIAMONDS SIX,0.655,0.0112,0.3338
SPADES TWO HEARTS JACK,0.6822,0.0136,0.3042
HEARTS FIVE DIAMONDS SIX,0.6506,0.0114,0.338
SPADES TWO HEARTS TEN,0.739,0.0468,0.2142
DIAMONDS QUEEN DIAMONDS SIX,0.6334,0.1142,0.2524
HEARTS TWO DIAMONDS SIX,0.673,0.0108,0.3162
DIAMONDS KING DIAMONDS SIX,0.4426,0.0066,0.5508
HEARTS THREE DIAMONDS SIX,0.6726,0.008,0.3194
HEARTS EIGHT DIAMONDS SIX,0.6554,0.0086,0.336
HEARTS NINE DIAMONDS SIX,0.6798,0.0094,0.3108
HEARTS SIX DIAMONDS SIX,0.4952,0.0162,0.4886
HEARTS SEVEN DIAMONDS SIX,0.636,0.0092,0.3548
HEARTS TEN DIAMONDS SEVEN,0.7378,0.0422,0.22
CLUBS TWO DIAMONDS SIX,0.6858,0.0088,0.3054
HEARTS JACK DIAMONDS SEVEN,0.6796,0.0084,0.312
CLUBS THREE DIAMONDS SIX,0.6682,0.0118,0.32
DIAMONDS EIGHT CLUBS JACK,0.6616,0.0088,0.3296
CLUBS SEVEN DIAMONDS SIX,0.6472,0.0092,0.3436
CLUBS SIX DIAMONDS SIX,0.4984,0.0144,0.4872
DIAMONDS EIGHT CLUBS TEN,0.7096,0.0424,0.248
CLUBS FIVE DIAMONDS SIX,0.654,0.0094,0.3366
CLUBS FOUR DIAMONDS SIX,0.6524,0.0116,0.336
HEARTS ACE HEARTS JACK,0.3938,0.0052,0.601
DIAMONDS EIGHT CLUBS ACE,0.4594,0.0034,0.5372
HEARTS JACK HEARTS QUEEN,0.266,0.083,0.651
DIAMONDS EIGHT CLUBS KING,0.4756,0.0062,0.5182
CLUBS NINE DIAMONDS SIX,0.6734,0.0112,0.3154
HEARTS KING HEARTS JACK,0.3852,0.0068,0.608
DIAMONDS EIGHT CLUBS QUEEN,0.664,0.1174,0.2186
CLUBS EIGHT DIAMONDS SIX,0.6596,0.0092,0.3312
SPADES FIVE DIAMONDS SIX,0.6464,0.01,0.3436
HEARTS ACE SPADES TWO,0.4618,0.004,0.5342
SPADES JACK HEARTS KING,0.3956,0.009,0.5954
SPADES FOUR DIAMONDS SIX,0.6454,0.0094,0.3452
SPADES THREE DIAMONDS SIX,0.6646,0.0114,0.324
SPADES TWO HEARTS QUEEN,0.6684,0.1176,0.214
SPADES ACE SPADES KING,0.3352,0.0074,0.6574
HEARTS KING SPADES TWO,0.4646,0.006,0.5294
SPADES TWO DIAMONDS SIX,0.6782,0.0114,0.3104
HEARTS TEN HEARTS EIGHT,0.6676,0.0434,0.289
SPADES NINE DIAMONDS SIX,0.6634,0.0106,0.326
HEARTS JACK HEARTS EIGHT,0.628,0.0084,0.3636
SPADES EIGHT DIAMONDS SIX,0.6558,0.0092,0.335
SPADES SEVEN DIAMONDS SIX,0.6536,0.0098,0.3366
SPADES SIX DIAMONDS SIX,0.4952,0.0164,0.4884
SPADES KING HEARTS KING,0.1766,0.0038,0.8196
CLUBS ACE CLUBS KING,0.374,0.0044,0.6216
SPADES ACE HEARTS KING,0.3886,0.0076,0.6038
SPADES ACE HEARTS JACK,0.4038,0.0054,0.5908
SPADES KING HEARTS JACK,0.4052,0.009,0.5858
SPADES JACK DIAMONDS TEN,0.7208,0.036,0.2432
SPADES ACE DIAMONDS TEN,0.2924,0.0194,0.6882
SPADES JACK HEARTS JACK,0.326,0.0134,0.6606
SPADES KING DIAMONDS TEN,0.2872,0.0232,0.6896
SPADES NINE DIAMONDS SEVEN,0.6646,0.0096,0.3258
SPADES EIGHT DIAMONDS SEVEN,0.6566,0.009,0.3344
SPADES SEVEN DIAMONDS SEVEN,0.4906,0.0138,0.4956
SPADES SIX DIAMONDS SEVEN,0.6428,0.01,0.3472
DIAMONDS KING DIAMONDS SEVEN,0.4468,0.0062,0.547
HEARTS THREE DIAMONDS SEVEN,0.6852,0.0128,0.302
HEARTS KING DIAMONDS FIVE,0.4734,0.0084,0.5182
DIAMONDS QUEEN DIAMONDS SEVEN,0.6264,0.104,0.2696
HEARTS TWO DIAMONDS SEVEN,0.686,0.0098,0.3042
HEARTS QUEEN DIAMONDS FIVE,0.6704,0.1128,0.2168
HEARTS FIVE DIAMONDS SEVEN,0.6618,0.0068,0.3314
DIAMONDS ACE DIAMONDS SEVEN,0.4408,0.0038,0.5554
HEARTS FOUR DIAMONDS SEVEN,0.6642,0.0096,0.3262
HEARTS ACE DIAMONDS FIVE,0.4708,0.004,0.5252
HEARTS SEVEN DIAMONDS SEVEN,0.497,0.0148,0.4882
HEARTS SIX DIAMONDS SEVEN,0.6488,0.01,0.3412
HEARTS NINE DIAMONDS SEVEN,0.6548,0.01,0.3352
DIAMONDS SEVEN HEARTS EIGHT,0.6346,0.0096,0.3558
DIAMONDS JACK DIAMONDS SEVEN,0.6394,0.009,0.3516
HEARTS JACK DIAMONDS FIVE,0.6842,0.0084,0.3074
DIAMONDS TEN DIAMONDS SEVEN,0.6866,0.0426,0.2708
DIAMONDS FIVE HEARTS TEN,0.7476,0.041,0.2114
SPADES KING CLUBS TWO,0.4734,0.0084,0.5182
HEARTS KING CLUBS KING,0.1998,0.0038,0.7964
CLUBS EIGHT DIAMONDS SEVEN,0.652,0.0088,0.3392
HEARTS KING CLUBS QUEEN,0.2994,0.0278,0.6728
CLUBS NINE DIAMONDS SEVEN,0.676,0.0082,0.3158
SPADES TWO CLUBS JACK,0.688,0.0094,0.3026
SPADES ACE CLUBS TWO,0.4718,0.0068,0.5214
SPADES TWO CLUBS TEN,0.7472,0.0432,0.2096
HEARTS KING CLUBS ACE,0.3972,0.0048,0.598
CLUBS SIX CLUBS SEVEN,0.6158,0.0094,0.3748
SPADES TWO CLUBS KING,0.4788,0.009,0.5122
SPADES TWO DIAMONDS SEVEN,0.6902,0.0134,0.2964
CLUBS EIGHT CLUBS SIX,0.6282,0.009,0.3628
SPADES THREE DIAMONDS SEVEN,0.6756,0.0106,0.3138
SPADES TWO CLUBS QUEEN,0.679,0.1146,0.2064
CLUBS NINE CLUBS SIX,0.6408,0.0078,0.3514
SPADES FOUR DIAMONDS SEVEN,0.6616,0.0102,0.3282
HEARTS KING CLUBS JACK,0.4104,0.007,0.5826
SPADES FIVE DIAMONDS SEVEN,0.6522,0.0114,0.3364
SPADES TWO CLUBS ACE,0.4498,0.0052,0.545
HEARTS KING CLUBS TEN,0.297,0.0246,0.6784
CLUBS SIX SPADES TWO,0.682,0.0096,0.3084
CLUBS SIX SPADES THREE,0.6672,0.0086,0.3242
CLUBS TWO DIAMONDS SEVEN,0.7026,0.0108,0.2866
CLUBS SIX SPADES FOUR,0.6642,0.009,0.3268
CLUBS THREE DIAMONDS SEVEN,0.6714,0.012,0.3166
CLUBS SIX SPADES FIVE,0.6334,0.0088,0.3578
CLUBS FOUR DIAMONDS SEVEN,0.6776,0.012,0.3104
CLUBS SIX SPADES SIX,0.4882,0.0184,0.4934
CLUBS FIVE DIAMONDS SEVEN,0.6662,0.0094,0.3244
CLUBS SIX SPADES SEVEN,0.641,0.011,0.348
CLUBS SIX DIAMONDS SEVEN,0.6508,0.0116,0.3376
CLUBS SIX SPADES EIGHT,0.6532,0.0084,0.3384
SPADES JACK CLUBS TWO,0.7044,0.0102,0.2854
CLUBS SIX SPADES NINE,0.6694,0.012,0.3186
CLUBS SEVEN DIAMONDS SEVEN,0.4904,0.014,0.4956
CLUBS TWO CLUBS QUEEN,0.6288,0.107,0.2642
CLUBS TWO CLUBS KING,0.4484,0.0078,0.5438
CLUBS THREE DIAMONDS EIGHT,0.6962,0.0096,0.2942
CLUBS TWO CLUBS ACE,0.4452,0.004,0.5508
CLUBS TWO DIAMONDS EIGHT,0.7076,0.011,0.2814
DIAMONDS EIGHT HEARTS SEVEN,0.6564,0.0094,0.3342
HEARTS SIX DIAMONDS EIGHT,0.6518,0.0074,0.3408
DIAMONDS EIGHT HEARTS NINE,0.6728,0.0064,0.3208
CLUBS TWO CLUBS TEN,0.7018,0.0418,0.2564
DIAMONDS EIGHT HEARTS EIGHT,0.492,0.0116,0.4964
CLUBS TWO CLUBS JACK,0.6518,0.0088,0.3394
CLUBS NINE DIAMONDS EIGHT,0.667,0.0094,0.3236
CLUBS EIGHT DIAMONDS EIGHT,0.4878,0.0092,0.503
CLUBS FIVE DIAMONDS EIGHT,0.6884,0.0094,0.3022
SPADES ACE SPADES THREE,0.4096,0.0068,0.5836
CLUBS FOUR DIAMONDS EIGHT,0.684,0.0114,0.3046
CLUBS SEVEN DIAMONDS EIGHT,0.6464,0.0094,0.3442
CLUBS SIX DIAMONDS EIGHT,0.6614,0.0082,0.3304
SPADES KING SPADES THREE,0.4344,0.0062,0.5594
DIAMONDS QUEEN DIAMONDS EIGHT,0.6344,0.1044,0.2612
HEARTS TWO DIAMONDS EIGHT,0.7096,0.008,0.2824
DIAMONDS KING DIAMONDS EIGHT,0.451,0.0062,0.5428
HEARTS THREE DIAMONDS EIGHT,0.6992,0.0122,0.2886
DIAMONDS ACE DIAMONDS EIGHT,0.4312,0.0048,0.564
HEARTS FOUR DIAMONDS EIGHT,0.6776,0.0104,0.312
HEARTS FIVE DIAMONDS EIGHT,0.672,0.0096,0.3184
DIAMONDS EIGHT DIAMONDS TEN,0.6692,0.0394,0.2914
DIAMONDS EIGHT DIAMONDS JACK,0.6318,0.0078,0.3604
SPADES JACK SPADES THREE,0.679,0.0104,0.3106
CLUBS FOUR HEARTS ACE,0.4574,0.0062,0.5364
CLUBS FOUR HEARTS QUEEN,0.6716,0.115,0.2134
CLUBS FOUR HEARTS KING,0.466,0.0072,0.5268
CLUBS SIX HEARTS TEN,0.7246,0.0468,0.2286
CLUBS SIX HEARTS JACK,0.6826,0.009,0.3084
SPADES FOUR DIAMONDS EIGHT,0.6738,0.0096,0.3166
SPADES FIVE DIAMONDS EIGHT,0.6736,0.0092,0.3172
DIAMONDS EIGHT SPADES TWO,0.69,0.012,0.298
SPADES THREE DIAMONDS EIGHT,0.6902,0.0118,0.298
CLUBS FOUR HEARTS JACK,0.6876,0.0088,0.3036
SPADES EIGHT DIAMONDS EIGHT,0.4776,0.0154,0.507
SPADES JACK HEARTS EIGHT,0.6694,0.0104,0.3202
CLUBS FOUR HEARTS TEN,0.749,0.0458,0.2052
SPADES JACK HEARTS TWO,0.674,0.0094,0.3166
SPADES JACK DIAMONDS QUEEN,0.2698,0.086,0.6442
SPADES NINE DIAMONDS EIGHT,0.6606,0.0084,0.331
SPADES SIX DIAMONDS EIGHT,0.653,0.0102,0.3368
SPADES SEVEN DIAMONDS EIGHT,0.6422,0.0098,0.348
SPADES ACE HEARTS TWO,0.4684,0.0054,0.5262
SPADES ACE DIAMONDS QUEEN,0.292,0.017,0.691
SPADES ACE HEARTS EIGHT,0.449,0.0044,0.5466
SPADES KING HEARTS EIGHT,0.4512,0.0056,0.5432
SPADES KING DIAMONDS QUEEN,0.288,0.026,0.686
SPADES KING HEARTS TWO,0.4664,0.0072,0.5264
CLUBS TWO HEARTS TEN,0.7544,0.0378,0.2078
CLUBS TWO HEARTS JACK,0.6798,0.0094,0.3108
SPADES SEVEN DIAMONDS NINE,0.6498,0.0104,0.3398
SPADES SIX DIAMONDS NINE,0.6702,0.0108,0.319
SPADES NINE DIAMONDS NINE,0.4516,0.0136,0.5348
SPADES EIGHT DIAMONDS NINE,0.651,0.0122,0.3368
DIAMONDS NINE SPADES THREE,0.7026,0.0112,0.2862
SPADES JACK CLUBS KING,0.4076,0.007,0.5854
DIAMONDS NINE SPADES TWO,0.698,0.0116,0.2904
SPADES FIVE DIAMONDS NINE,0.6786,0.0144,0.307
SPADES FOUR DIAMONDS NINE,0.6886,0.0124,0.299
CLUBS NINE DIAMONDS NINE,0.4718,0.014,0.5142
CLUBS EIGHT DIAMONDS NINE,0.661,0.011,0.328
CLUBS SIX DIAMONDS NINE,0.6694,0.009,0.3216
SPADES JACK CLUBS FOUR,0.6816,0.0106,0.3078
CLUBS SEVEN DIAMONDS NINE,0.667,0.009,0.324
CLUBS FOUR DIAMONDS NINE,0.6918,0.0086,0.2996
CLUBS FIVE DIAMONDS NINE,0.6796,0.0104,0.31
CLUBS TWO DIAMONDS NINE,0.699,0.0096,0.2914
CLUBS THREE DIAMONDS NINE,0.6994,0.0068,0.2938
DIAMONDS NINE HEARTS EIGHT,0.6626,0.0106,0.3268
DIAMONDS NINE HEARTS NINE,0.4718,0.0138,0.5144
HEARTS SIX DIAMONDS NINE,0.682,0.012,0.306
DIAMONDS NINE HEARTS SEVEN,0.6666,0.0136,0.3198
CLUBS EIGHT CLUBS NINE,0.6124,0.0084,0.3792
DIAMONDS ACE DIAMONDS NINE,0.4336,0.0054,0.561
HEARTS FOUR DIAMONDS NINE,0.7148,0.0082,0.277
HEARTS FIVE DIAMONDS NINE,0.687,0.0102,0.3028
CLUBS TWO HEARTS ACE,0.4742,0.0064,0.5194
SPADES ACE CLUBS FOUR,0.451,0.0066,0.5424
DIAMONDS QUEEN DIAMONDS NINE,0.623,0.1092,0.2678
HEARTS TWO DIAMONDS NINE,0.6958,0.0102,0.294
CLUBS TWO HEARTS KING,0.4626,0.0066,0.5308
SPADES KING CLUBS FOUR,0.4506,0.0056,0.5438
DIAMONDS KING DIAMONDS NINE,0.4284,0.008,0.5636
HEARTS THREE DIAMONDS NINE,0.7036,0.0106,0.2858
CLUBS TWO HEARTS QUEEN,0.6768,0.1094,0.2138
DIAMONDS NINE DIAMONDS JACK,0.6056,0.0106,0.3838
CLUBS EIGHT SPADES NINE,0.656,0.0096,0.3344
DIAMONDS NINE DIAMONDS TEN,0.6648,0.0378,0.2974
CLUBS EIGHT SPADES EIGHT,0.4738,0.0128,0.5134
CLUBS EIGHT SPADES SEVEN,0.6562,0.0094,0.3344
CLUBS EIGHT SPADES SIX,0.6538,0.0096,0.3366
CLUBS EIGHT SPADES FIVE,0.678,0.0124,0.3096
CLUBS EIGHT SPADES FOUR,0.6804,0.0094,0.3102
CLUBS EIGHT SPADES THREE,0.6908,0.0112,0.298
CLUBS EIGHT SPADES TWO,0.68,0.0094,0.3106
HEARTS SIX DIAMONDS TEN,0.7258,0.0422,0.232
DIAMONDS TEN HEARTS SEVEN,0.7368,0.0418,0.2214
DIAMONDS TEN HEARTS EIGHT,0.7104,0.0448,0.2448
CLUBS FOUR CLUBS JACK,0.6416,0.0106,0.3478
DIAMONDS TEN HEARTS NINE,0.7132,0.0452,0.2416
CLUBS FOUR CLUBS TEN,0.6916,0.045,0.2634
CLUBS FOUR CLUBS KING,0.4446,0.0082,0.5472
CLUBS FOUR CLUBS QUEEN,0.6266,0.116,0.2574
CLUBS TWO DIAMONDS TEN,0.7602,0.0478,0.192
CLUBS THREE DIAMONDS TEN,0.7418,0.0434,0.2148
CLUBS FOUR CLUBS ACE,0.4344,0.007,0.5586
DIAMONDS JACK DIAMONDS TEN,0.6788,0.0388,0.2824
DIAMONDS QUEEN DIAMONDS TEN,0.0702,0.8568,0.073
HEARTS TWO DIAMONDS TEN,0.7526,0.0416,0.2058
DIAMONDS KING DIAMONDS TEN,0.278,0.0274,0.6946
HEARTS THREE DIAMONDS TEN,0.7482,0.0478,0.204
DIAMONDS ACE DIAMONDS TEN,0.2948,0.0214,0.6838
HEARTS FOUR DIAMONDS TEN,0.7342,0.0396,0.2262
CLUBS EIGHT HEARTS JACK,0.6564,0.008,0.3356
HEARTS FIVE DIAMONDS TEN,0.7424,0.0508,0.2068
CLUBS EIGHT HEARTS TEN,0.7106,0.0392,0.2502
CLUBS EIGHT HEARTS QUEEN,0.6674,0.1174,0.2152
CLUBS EIGHT HEARTS KING,0.459,0.006,0.535
CLUBS EIGHT HEARTS ACE,0.4798,0.0024,0.5178
CLUBS NINE SPADES THREE,0.6924,0.0132,0.2944
CLUBS NINE SPADES TWO,0.6932,0.0136,0.2932
CLUBS NINE SPADES FIVE,0.688,0.0092,0.3028
CLUBS NINE SPADES FOUR,0.7026,0.0116,0.2858
CLUBS NINE SPADES SEVEN,0.673,0.011,0.316
CLUBS NINE SPADES SIX,0.6772,0.01,0.3128
CLUBS NINE SPADES NINE,0.4776,0.013,0.5094
CLUBS TEN HEARTS EIGHT,0.708,0.0422,0.2498
CLUBS NINE SPADES EIGHT,0.6544,0.0132,0.3324
CLUBS JACK HEARTS EIGHT,0.6702,0.0088,0.321
CLUBS QUEEN HEARTS EIGHT,0.6722,0.1082,0.2196
CLUBS KING HEARTS EIGHT,0.4702,0.0062,0.5236
CLUBS ACE HEARTS EIGHT,0.4648,0.0028,0.5324
SPADES KING CLUBS KING,0.1742,0.0052,0.8206
SPADES ACE CLUBS KING,0.3706,0.0054,0.624
DIAMONDS ACE HEARTS TEN,0.314,0.0174,0.6686
HEARTS FOUR HEARTS TEN,0.6952,0.0484,0.2564
DIAMONDS ACE HEARTS JACK,0.4134,0.004,0.5826
HEARTS FOUR HEARTS JACK,0.6252,0.0088,0.366
SPADES KING CLUBS FIVE,0.4644,0.0048,0.5308
SPADES ACE CLUBS FIVE,0.4482,0.006,0.5458
DIAMONDS JACK HEARTS SEVEN,0.671,0.0074,0.3216
HEARTS SIX DIAMONDS JACK,0.6834,0.0086,0.308
DIAMONDS JACK HEARTS NINE,0.6506,0.0086,0.3408
DIAMONDS JACK HEARTS EIGHT,0.6612,0.0084,0.3304
DIAMONDS KING DIAMONDS JACK,0.3948,0.0086,0.5966
HEARTS THREE DIAMONDS JACK,0.6866,0.0084,0.305
SPADES FOUR HEARTS ACE,0.4572,0.0054,0.5374
SPADES ACE SPADES SIX,0.4134,0.0052,0.5814
DIAMONDS QUEEN DIAMONDS JACK,0.2646,0.0852,0.6502
HEARTS TWO DIAMONDS JACK,0.6952,0.0082,0.2966
HEARTS FIVE DIAMONDS JACK,0.6856,0.0134,0.301
SPADES FOUR HEARTS QUEEN,0.663,0.1154,0.2216
DIAMONDS ACE DIAMONDS JACK,0.3978,0.0068,0.5954
HEARTS FOUR DIAMONDS JACK,0.6798,0.0122,0.308
SPADES FOUR HEARTS KING,0.4596,0.009,0.5314
SPADES KING SPADES SIX,0.4274,0.0072,0.5654
SPADES JACK SPADES SIX,0.6692,0.01,0.3208
SPADES FOUR DIAMONDS JACK,0.6716,0.0114,0.317
SPADES FIVE DIAMONDS JACK,0.6768,0.01,0.3132
SPADES TWO DIAMONDS JACK,0.6892,0.009,0.3018
SPADES THREE DIAMONDS JACK,0.6848,0.012,0.3032
SPADES ACE DIAMONDS THREE,0.4674,0.0066,0.526
CLUBS EIGHT DIAMONDS JACK,0.655,0.0072,0.3378
SPADES KING DIAMONDS THREE,0.4626,0.0076,0.5298
CLUBS NINE DIAMONDS JACK,0.6536,0.008,0.3384
CLUBS SIX DIAMONDS JACK,0.6754,0.0098,0.3148
CLUBS SEVEN DIAMONDS JACK,0.6716,0.0086,0.3198
CLUBS FOUR DIAMONDS JACK,0.6878,0.0096,0.3026
CLUBS FIVE DIAMONDS JACK,0.6772,0.0096,0.3132
CLUBS TWO DIAMONDS JACK,0.6836,0.0112,0.3052
CLUBS THREE DIAMONDS JACK,0.669,0.0108,0.3202
SPADES JACK HEARTS SIX,0.6842,0.008,0.3078
SPADES JACK CLUBS FIVE,0.6718,0.012,0.3162
SPADES JACK DIAMONDS THREE,0.6816,0.0096,0.3088
CLUBS SEVEN CLUBS ACE,0.446,0.0046,0.5494
CLUBS SEVEN CLUBS QUEEN,0.6254,0.1126,0.262
CLUBS SEVEN CLUBS KING,0.4562,0.0084,0.5354
SPADES NINE DIAMONDS JACK,0.647,0.0102,0.3428
CLUBS SEVEN CLUBS TEN,0.6944,0.0496,0.256
DIAMONDS ACE HEARTS ACE,0.1932,0.003,0.8038
HEARTS FOUR HEARTS ACE,0.4334,0.0036,0.563
SPADES EIGHT DIAMONDS JACK,0.6684,0.0088,0.3228
SPADES ACE HEARTS SIX,0.4526,0.0044,0.543
CLUBS SEVEN CLUBS JACK,0.6222,0.0102,0.3676
DIAMONDS ACE HEARTS KING,0.3872,0.0018,0.611
HEARTS FOUR HEARTS KING,0.4522,0.0088,0.539
SPADES SEVEN DIAMONDS JACK,0.674,0.0096,0.3164
SPADES KING HEARTS SIX,0.4622,0.0068,0.531
DIAMONDS ACE HEARTS QUEEN,0.304,0.0126,0.6834
HEARTS FOUR HEARTS QUEEN,0.6336,0.1112,0.2552
SPADES SIX DIAMONDS JACK,0.6838,0.0098,0.3064
SPADES TWO DIAMONDS TEN,0.7456,0.048,0.2064
SPADES THREE DIAMONDS TEN,0.7426,0.0446,0.2128
SPADES FOUR DIAMONDS TEN,0.7272,0.0464,0.2264
SPADES FIVE DIAMONDS TEN,0.7268,0.0468,0.2264
SPADES SIX DIAMONDS TEN,0.7208,0.0458,0.2334
SPADES SEVEN DIAMONDS TEN,0.7326,0.0404,0.227
SPADES EIGHT DIAMONDS TEN,0.7044,0.0434,0.2522
SPADES NINE DIAMONDS TEN,0.6966,0.0454,0.258
CLUBS FOUR DIAMONDS TEN,0.7572,0.0386,0.2042
CLUBS FIVE DIAMONDS TEN,0.7384,0.0478,0.2138
CLUBS SIX DIAMONDS TEN,0.7284,0.0502,0.2214
CLUBS SEVEN DIAMONDS TEN,0.724,0.0466,0.2294
CLUBS EIGHT DIAMONDS TEN,0.723,0.0404,0.2366
CLUBS NINE DIAMONDS TEN,0.7166,0.0434,0.24
DIAMONDS THREE CLUBS JACK,0.6926,0.0082,0.2992
DIAMONDS THREE CLUBS TEN,0.7418,0.046,0.2122
DIAMONDS THREE CLUBS KING,0.4606,0.007,0.5324
DIAMONDS THREE CLUBS QUEEN,0.6798,0.1112,0.209
DIAMONDS THREE CLUBS ACE,0.4796,0.0044,0.516
SPADES FOUR HEARTS JACK,0.67,0.0114,0.3186
SPADES FOUR HEARTS TEN,0.7334,0.0458,0.2208
SPADES FIVE SPADES TWO,0.6612,0.0144,0.3244
SPADES FOUR SPADES TWO,0.6746,0.0128,0.3126
SPADES THREE SPADES TWO,0.6574,0.0132,0.3294
SPADES NINE SPADES TWO,0.6932,0.01,0.2968
SPADES EIGHT SPADES TWO,0.6844,0.012,0.3036
SPADES SEVEN SPADES TWO,0.6834,0.0134,0.3032
SPADES SIX SPADES TWO,0.6788,0.015,0.3062
DIAMONDS QUEEN CLUBS THREE,0.6762,0.116,0.2078
HEARTS TWO CLUBS THREE,0.6758,0.012,0.3122
DIAMONDS QUEEN CLUBS TWO,0.6628,0.1204,0.2168
CLUBS TWO HEARTS TWO,0.5034,0.0198,0.4768
DIAMONDS QUEEN HEARTS SEVEN,0.6714,0.1114,0.2172
HEARTS TWO HEARTS SEVEN,0.6458,0.0116,0.3426
HEARTS SIX DIAMONDS QUEEN,0.6738,0.1004,0.2258
HEARTS SIX HEARTS TWO,0.642,0.011,0.347
DIAMONDS QUEEN HEARTS NINE,0.6694,0.1114,0.2192
HEARTS TWO HEARTS NINE,0.6622,0.0094,0.3284
DIAMONDS QUEEN HEARTS EIGHT,0.6618,0.1174,0.2208
HEARTS TWO HEARTS EIGHT,0.664,0.0088,0.3272
CLUBS NINE HEARTS TWO,0.7158,0.0106,0.2736
CLUBS NINE DIAMONDS QUEEN,0.669,0.1074,0.2236
CLUBS EIGHT HEARTS TWO,0.694,0.009,0.297
CLUBS EIGHT DIAMONDS QUEEN,0.6746,0.1066,0.2188
CLUBS FIVE DIAMONDS QUEEN,0.6726,0.1152,0.2122
CLUBS FIVE HEARTS TWO,0.675,0.0106,0.3144
SPADES EIGHT HEARTS ACE,0.4588,0.004,0.5372
CLUBS FOUR DIAMONDS QUEEN,0.6684,0.113,0.2186
CLUBS FOUR HEARTS TWO,0.663,0.0106,0.3264
SPADES EIGHT HEARTS QUEEN,0.6718,0.1182,0.21
CLUBS SEVEN HEARTS TWO,0.7006,0.0098,0.2896
CLUBS SEVEN DIAMONDS QUEEN,0.661,0.1172,0.2218
CLUBS SIX DIAMONDS QUEEN,0.6706,0.116,0.2134
CLUBS SIX HEARTS TWO,0.6812,0.0088,0.31
SPADES EIGHT HEARTS KING,0.4616,0.0068,0.5316
DIAMONDS QUEEN SPADES SIX,0.66,0.1198,0.2202
SPADES SIX HEARTS TWO,0.678,0.0132,0.3088
HEARTS FOUR CLUBS QUEEN,0.6672,0.1114,0.2214
DIAMONDS ACE CLUBS QUEEN,0.316,0.015,0.669
SPADES SEVEN DIAMONDS QUEEN,0.6428,0.1344,0.2228
SPADES SEVEN HEARTS TWO,0.6786,0.012,0.3094
HEARTS FOUR CLUBS KING,0.4738,0.0078,0.5184
DIAMONDS ACE CLUBS KING,0.3942,0.0042,0.6016
SPADES EIGHT DIAMONDS QUEEN,0.6646,0.1134,0.222
SPADES EIGHT HEARTS TWO,0.6936,0.0104,0.296
HEARTS FOUR CLUBS ACE,0.4608,0.0048,0.5344
DIAMONDS ACE CLUBS ACE,0.193,0.0026,0.8044
SPADES NINE HEARTS TWO,0.7008,0.0112,0.288
SPADES NINE DIAMONDS QUEEN,0.6624,0.113,0.2246
HEARTS TWO SPADES TWO,0.509,0.018,0.473
DIAMONDS QUEEN SPADES TWO,0.6758,0.1126,0.2116
HEARTS TWO SPADES THREE,0.655,0.0132,0.3318
DIAMONDS QUEEN SPADES THREE,0.6638,0.1178,0.2184
HEARTS TWO SPADES FOUR,0.6696,0.011,0.3194
DIAMONDS QUEEN SPADES FOUR,0.6676,0.1106,0.2218
HEARTS FOUR CLUBS TEN,0.7372,0.0404,0.2224
DIAMONDS ACE CLUBS TEN,0.3162,0.0158,0.668
DIAMONDS QUEEN SPADES FIVE,0.6644,0.1174,0.2182
HEARTS TWO SPADES FIVE,0.6686,0.0134,0.318
HEARTS FOUR CLUBS JACK,0.6848,0.0112,0.304
DIAMONDS ACE CLUBS JACK,0.4172,0.0044,0.5784
CLUBS FIVE CLUBS KING,0.4506,0.0076,0.5418
CLUBS FIVE CLUBS QUEEN,0.6282,0.1072,0.2646
CLUBS FIVE CLUBS ACE,0.4422,0.0048,0.553
CLUBS FIVE CLUBS JACK,0.6442,0.0084,0.3474
CLUBS FIVE CLUBS TEN,0.6886,0.0434,0.268
SPADES KING CLUBS JACK,0.394,0.0096,0.5964
SPADES ACE CLUBS JACK,0.412,0.005,0.583
SPADES SIX CLUBS KING,0.4658,0.0086,0.5256
SPADES SIX CLUBS QUEEN,0.6568,0.1166,0.2266
SPADES EIGHT HEARTS JACK,0.6694,0.0124,0.3182
SPADES SIX CLUBS ACE,0.472,0.004,0.524
SPADES EIGHT HEARTS TEN,0.7182,0.0392,0.2426
SPADES SIX CLUBS JACK,0.6742,0.01,0.3158
SPADES SIX CLUBS TEN,0.7338,0.0468,0.2194
SPADES JACK CLUBS JACK,0.3208,0.0112,0.668
SPADES KING CLUBS SEVEN,0.4784,0.0082,0.5134
SPADES ACE CLUBS SEVEN,0.453,0.0058,0.5412
SPADES SIX HEARTS TEN,0.7226,0.0424,0.235
SPADES SIX HEARTS JACK,0.6692,0.0132,0.3176
SPADES SIX HEARTS ACE,0.469,0.006,0.525
SPADES SIX HEARTS KING,0.467,0.0064,0.5266
SPADES SIX HEARTS QUEEN,0.6564,0.125,0.2186
SPADES JACK CLUBS SEVEN,0.6746,0.0096,0.3158
HEARTS SIX CLUBS TEN,0.728,0.0444,0.2276
HEARTS SIX CLUBS JACK,0.6832,0.0102,0.3066
CLUBS ACE CLUBS JACK,0.3938,0.005,0.6012
HEARTS SIX CLUBS QUEEN,0.6512,0.1176,0.2312
HEARTS SIX CLUBS KING,0.469,0.0054,0.5256
HEARTS SIX CLUBS ACE,0.4598,0.0034,0.5368
CLUBS QUEEN CLUBS JACK,0.2674,0.0806,0.652
CLUBS KING CLUBS JACK,0.3874,0.0068,0.6058
DIAMONDS THREE HEARTS ACE,0.4798,0.0048,0.5154
DIAMONDS THREE HEARTS QUEEN,0.666,0.1226,0.2114
DIAMONDS THREE HEARTS KING,0.468,0.0084,0.5236
CLUBS FIVE HEARTS JACK,0.6778,0.0126,0.3096
CLUBS FIVE HEARTS TEN,0.7464,0.0412,0.2124
HEARTS FOUR SPADES JACK,0.67,0.0118,0.3182
SPADES JACK DIAMONDS ACE,0.4116,0.0044,0.584
SPADES ACE HEARTS FOUR,0.4606,0.005,0.5344
SPADES ACE DIAMONDS ACE,0.1872,0.0038,0.809
CLUBS FIVE HEARTS ACE,0.48,0.003,0.517
CLUBS FIVE HEARTS KING,0.4772,0.0074,0.5154
SPADES FOUR CLUBS JACK,0.6784,0.0118,0.3098
CLUBS FIVE HEARTS QUEEN,0.666,0.1082,0.2258
SPADES FOUR CLUBS TEN,0.7364,0.0482,0.2154
SPADES KING DIAMONDS ACE,0.3692,0.0056,0.6252
HEARTS FOUR SPADES KING,0.4614,0.0086,0.53
DIAMONDS QUEEN DIAMONDS ACE,0.2998,0.013,0.6872
HEARTS TWO DIAMONDS ACE,0.4678,0.0062,0.526
HEARTS FOUR DIAMONDS QUEEN,0.6622,0.1138,0.224
HEARTS FOUR HEARTS TWO,0.6168,0.013,0.3702
DIAMONDS THREE HEARTS TEN,0.7528,0.0416,0.2056
SPADES FOUR CLUBS KING,0.4768,0.0078,0.5154
HEARTS FIVE DIAMONDS QUEEN,0.6546,0.1158,0.2296
HEARTS FIVE HEARTS TWO,0.6268,0.014,0.3592
DIAMONDS THREE HEARTS JACK,0.6814,0.01,0.3086
SPADES FOUR CLUBS QUEEN,0.6708,0.1102,0.219
DIAMONDS QUEEN HEARTS TWO,0.6746,0.115,0.2104
DIAMONDS KING DIAMONDS QUEEN,0.2676,0.0244,0.708
DIAMONDS KING HEARTS TWO,0.4834,0.0072,0.5094
HEARTS THREE DIAMONDS QUEEN,0.667,0.1166,0.2164
HEARTS THREE HEARTS TWO,0.634,0.0122,0.3538
SPADES FOUR CLUBS ACE,0.4632,0.0054,0.5314
HEARTS TWO CLUBS ACE,0.475,0.0034,0.5216
DIAMONDS QUEEN CLUBS ACE,0.294,0.0152,0.6908
HEARTS TWO CLUBS QUEEN,0.6714,0.1176,0.211
DIAMONDS QUEEN CLUBS QUEEN,0.1724,0.0228,0.8048
HEARTS TWO CLUBS KING,0.481,0.0084,0.5106
DIAMONDS QUEEN CLUBS KING,0.2844,0.0216,0.694
SPADES EIGHT SPADES FIVE,0.663,0.0104,0.3266
HEARTS TWO CLUBS TEN,0.7426,0.0476,0.2098
DIAMONDS QUEEN CLUBS TEN,0.0718,0.907,0.0212
SPADES NINE SPADES FIVE,0.6894,0.0106,0.3
HEARTS TWO CLUBS JACK,0.6886,0.0108,0.3006
DIAMONDS QUEEN CLUBS JACK,0.2772,0.0848,0.638
SPADES SIX SPADES FIVE,0.6338,0.0108,0.3554
SPADES SEVEN SPADES FIVE,0.644,0.0118,0.3442
DIAMONDS FIVE CLUBS QUEEN,0.6594,0.1126,0.228
SPADES EIGHT CLUBS ACE,0.4464,0.003,0.5506
CLUBS KING DIAMONDS FIVE,0.4628,0.006,0.5312
SPADES EIGHT CLUBS KING,0.4556,0.0088,0.5356
CLUBS ACE DIAMONDS FIVE,0.482,0.005,0.513
SPADES EIGHT CLUBS QUEEN,0.6658,0.1218,0.2124
SPADES EIGHT CLUBS JACK,0.669,0.0094,0.3216
SPADES EIGHT CLUBS TEN,0.711,0.045,0.244
DIAMONDS FIVE CLUBS TEN,0.733,0.0462,0.2208
DIAMONDS FIVE CLUBS JACK,0.6804,0.0092,0.3104
HEARTS JACK DIAMONDS TEN,0.7144,0.038,0.2476
DIAMONDS TEN HEARTS TEN,0.3584,0.022,0.6196
SPADES ACE CLUBS NINE,0.4456,0.0036,0.5508
SPADES KING CLUBS NINE,0.4358,0.008,0.5562
HEARTS SIX HEARTS KING,0.4514,0.0066,0.542
DIAMONDS KING SPADES SEVEN,0.464,0.0066,0.5294
HEARTS THREE SPADES SEVEN,0.6818,0.0126,0.3056
SPADES KING DIAMONDS SEVEN,0.4596,0.0066,0.5338
HEARTS SIX HEARTS QUEEN,0.626,0.1038,0.2702
DIAMONDS KING SPADES SIX,0.471,0.0074,0.5216
HEARTS THREE SPADES SIX,0.6606,0.0116,0.3278
HEARTS THREE SPADES NINE,0.6962,0.01,0.2938
SPADES NINE DIAMONDS KING,0.4512,0.0078,0.541
