opposingHand,winningChance,drawChance,lostChance
SPADES EIGHT SPADES FIVE
HEARTS FIVE SPADES TEN,0.3022,0.0758,0.622
SPADES JACK HEARTS FIVE,0.2864,0.0604,0.6532
CLUBS EIGHT CLUBS JACK,0.2842,0.0574,0.6584
CLUBS EIGHT CLUBS TEN,0.2604,0.0844,0.6552
CLUBS EIGHT CLUBS KING,0.3028,0.033,0.6642
CLUBS EIGHT CLUBS QUEEN,0.2892,0.0418,0.669
CLUBS EIGHT CLUBS ACE,0.2782,0.0286,0.6932
DIAMONDS TWO DIAMONDS THREE,0.5928,0.063,0.3442
DIAMONDS TWO DIAMONDS FIVE,0.5756,0.1414,0.283
SPADES KING HEARTS FIVE,0.2858,0.0346,0.6796
DIAMONDS TWO DIAMONDS FOUR,0.569,0.0558,0.3752
SPADES QUEEN HEARTS FIVE,0.3,0.053,0.647
DIAMONDS TWO DIAMONDS SEVEN,0.5872,0.0606,0.3522
DIAMONDS TWO DIAMONDS SIX,0.573,0.0606,0.3664
SPADES ACE HEARTS FIVE,0.2902,0.027,0.6828
DIAMONDS TWO DIAMONDS NINE,0.4294,0.0388,0.5318
DIAMONDS TWO DIAMONDS EIGHT,0.3662,0.3948,0.239
DIAMONDS THREE DIAMONDS FOUR,0.5744,0.0602,0.3654
CLUBS TWO SPADES FOUR,0.6192,0.0668,0.314
DIAMONDS THREE DIAMONDS FIVE,0.5732,0.1442,0.2826
CLUBS TWO SPADES TWO,0.418,0.0966,0.4854
CLUBS TWO SPADES THREE,0.625,0.0658,0.3092
DIAMONDS THREE DIAMONDS EIGHT,0.352,0.3964,0.2516
DIAMONDS THREE DIAMONDS NINE,0.4216,0.0388,0.5396
SPADES NINE CLUBS TWO,0.4418,0.043,0.5152
DIAMONDS THREE DIAMONDS SIX,0.5738,0.064,0.3622
CLUBS TWO SPADES SIX,0.6222,0.0652,0.3126
DIAMONDS THREE DIAMONDS SEVEN,0.582,0.0598,0.3582
SPADES SEVEN CLUBS TWO,0.6346,0.0564,0.309
CLUBS SIX CLUBS TWO,0.5814,0.0606,0.358
CLUBS SEVEN CLUBS TWO,0.591,0.0602,0.3488
CLUBS FOUR CLUBS TWO,0.577,0.0668,0.3562
CLUBS FIVE CLUBS TWO,0.595,0.1408,0.2642
CLUBS JACK CLUBS TEN,0.3518,0.013,0.6352
DIAMONDS FOUR DIAMONDS SIX,0.5554,0.064,0.3806
CLUBS QUEEN CLUBS TEN,0.3562,0.0084,0.6354
DIAMONDS FOUR DIAMONDS SEVEN,0.5646,0.0674,0.368
CLUBS KING CLUBS TEN,0.3626,0.0056,0.6318
CLUBS ACE CLUBS TEN,0.3626,0.0048,0.6326
CLUBS EIGHT CLUBS TWO,0.3696,0.399,0.2314
DIAMONDS FIVE DIAMONDS FOUR,0.5682,0.1348,0.297
CLUBS NINE CLUBS TWO,0.426,0.0384,0.5356
DIAMONDS NINE DIAMONDS FOUR,0.4332,0.037,0.5298
DIAMONDS EIGHT DIAMONDS FOUR,0.337,0.4066,0.2564
CLUBS TWO CLUBS THREE,0.5866,0.0608,0.3526
DIAMONDS NINE DIAMONDS FIVE,0.284,0.0924,0.6236
DIAMONDS TWO CLUBS JACK,0.466,0.0226,0.5114
DIAMONDS EIGHT DIAMONDS FIVE,0.0712,0.854,0.0748
DIAMONDS TWO CLUBS TEN,0.4596,0.024,0.5164
DIAMONDS FIVE DIAMONDS SEVEN,0.5928,0.1246,0.2826
DIAMONDS FIVE DIAMONDS SIX,0.5682,0.136,0.2958
DIAMONDS TWO CLUBS ACE,0.4496,0.0032,0.5472
DIAMONDS TWO CLUBS KING,0.453,0.0086,0.5384
DIAMONDS TWO CLUBS QUEEN,0.448,0.0124,0.5396
DIAMONDS EIGHT DIAMONDS SIX,0.2578,0.3358,0.4064
DIAMONDS NINE DIAMONDS SIX,0.3828,0.0338,0.5834
SPADES THREE HEARTS ACE,0.4276,0.0058,0.5666
HEARTS KING SPADES THREE,0.4542,0.0088,0.537
DIAMONDS SEVEN DIAMONDS SIX,0.5242,0.057,0.4188
SPADES THREE HEARTS QUEEN,0.441,0.013,0.546
SPADES THREE HEARTS JACK,0.4496,0.0184,0.532
SPADES THREE HEARTS TEN,0.4466,0.0268,0.5266
DIAMONDS EIGHT DIAMONDS SEVEN,0.252,0.2674,0.4806
DIAMONDS NINE DIAMONDS SEVEN,0.3672,0.0362,0.5966
DIAMONDS NINE DIAMONDS EIGHT,0.2772,0.101,0.6218
DIAMONDS KING HEARTS TEN,0.3844,0.0062,0.6094
HEARTS THREE HEARTS TEN,0.4272,0.0234,0.5494
CLUBS SIX SPADES JACK,0.4124,0.017,0.5706
DIAMONDS KING HEARTS JACK,0.391,0.007,0.602
HEARTS THREE HEARTS JACK,0.4224,0.0168,0.5608
CLUBS SIX SPADES TEN,0.4052,0.0284,0.5664
DIAMONDS KING HEARTS ACE,0.3756,0.0052,0.6192
HEARTS THREE HEARTS ACE,0.4156,0.0066,0.5778
SPADES ACE CLUBS SIX,0.4036,0.0048,0.5916
DIAMONDS KING HEARTS QUEEN,0.392,0.0064,0.6016
HEARTS THREE HEARTS QUEEN,0.4202,0.0118,0.568
SPADES KING CLUBS SIX,0.4042,0.0068,0.589
DIAMONDS KING HEARTS KING,0.1974,0.013,0.7896
HEARTS THREE HEARTS KING,0.4318,0.0088,0.5594
SPADES QUEEN CLUBS SIX,0.403,0.0128,0.5842
SPADES NINE HEARTS TEN,0.3526,0.0202,0.6272
SPADES NINE HEARTS JACK,0.3528,0.019,0.6282
SPADES NINE HEARTS QUEEN,0.374,0.0088,0.6172
SPADES NINE HEARTS KING,0.3764,0.0086,0.615
SPADES NINE HEARTS ACE,0.3668,0.0048,0.6284
SPADES JACK CLUBS TEN,0.354,0.0146,0.6314
SPADES TEN CLUBS TEN,0.196,0.0474,0.7566
SPADES ACE CLUBS TEN,0.3798,0.005,0.6152
SPADES KING CLUBS TEN,0.3696,0.0068,0.6236
SPADES QUEEN CLUBS TEN,0.3524,0.0104,0.6372
CLUBS EIGHT SPADES TEN,0.2664,0.0746,0.659
HEARTS THREE SPADES JACK,0.4354,0.0184,0.5462
SPADES JACK DIAMONDS KING,0.371,0.0072,0.6218
SPADES TEN DIAMONDS KING,0.3808,0.0078,0.6114
HEARTS THREE SPADES TEN,0.447,0.0264,0.5266
CLUBS EIGHT SPADES JACK,0.2904,0.0594,0.6502
SPADES ACE CLUBS EIGHT,0.2876,0.029,0.6834
HEARTS FIVE CLUBS JACK,0.3042,0.0626,0.6332
CLUBS SIX HEARTS ACE,0.4184,0.0028,0.5788
HEARTS FIVE CLUBS TEN,0.3096,0.0712,0.6192
CLUBS EIGHT SPADES QUEEN,0.297,0.0458,0.6572
SPADES THREE CLUBS TEN,0.4448,0.0238,0.5314
CLUBS SIX HEARTS QUEEN,0.4166,0.0106,0.5728
CLUBS EIGHT SPADES KING,0.2908,0.0342,0.675
SPADES THREE CLUBS JACK,0.4368,0.0218,0.5414
CLUBS SIX HEARTS KING,0.4192,0.0084,0.5724
DIAMONDS TWO HEARTS JACK,0.4578,0.0204,0.5218
SPADES THREE CLUBS QUEEN,0.4494,0.0134,0.5372
DIAMONDS TWO HEARTS TEN,0.4628,0.0324,0.5048
SPADES THREE CLUBS KING,0.4406,0.009,0.5504
HEARTS FIVE CLUBS ACE,0.3178,0.0232,0.659
SPADES THREE CLUBS ACE,0.4244,0.0034,0.5722
HEARTS FIVE CLUBS KING,0.3104,0.0348,0.6548
HEARTS FIVE CLUBS QUEEN,0.2944,0.041,0.6646
HEARTS THREE CLUBS KING,0.451,0.0092,0.5398
DIAMONDS KING CLUBS KING,0.2016,0.0114,0.787
HEARTS THREE CLUBS QUEEN,0.4584,0.0146,0.527
DIAMONDS KING CLUBS QUEEN,0.3886,0.0058,0.6056
HEARTS FIVE HEARTS JACK,0.2932,0.0512,0.6556
HEARTS FIVE HEARTS TEN,0.3008,0.0704,0.6288
HEARTS THREE CLUBS ACE,0.4488,0.0052,0.546
DIAMONDS KING CLUBS ACE,0.3918,0.0042,0.604
SPADES ACE CLUBS QUEEN,0.3738,0.0058,0.6204
SPADES KING CLUBS QUEEN,0.3726,0.008,0.6194
HEARTS THREE CLUBS JACK,0.4542,0.018,0.5278
DIAMONDS KING CLUBS JACK,0.3988,0.0044,0.5968
SPADES QUEEN CLUBS QUEEN,0.189,0.0262,0.7848
HEARTS THREE CLUBS TEN,0.4534,0.0264,0.5202
DIAMONDS KING CLUBS TEN,0.3786,0.0062,0.6152
SPADES JACK CLUBS QUEEN,0.3572,0.0118,0.631
CLUBS SIX CLUBS QUEEN,0.3954,0.009,0.5956
SPADES TEN CLUBS QUEEN,0.3572,0.0102,0.6326
CLUBS SIX CLUBS KING,0.385,0.0078,0.6072
CLUBS SIX CLUBS ACE,0.3862,0.0064,0.6074
HEARTS FIVE HEARTS KING,0.2874,0.0346,0.678
HEARTS FIVE HEARTS QUEEN,0.2934,0.0458,0.6608
CLUBS SIX CLUBS TEN,0.3952,0.023,0.5818
HEARTS FIVE HEARTS ACE,0.305,0.0194,0.6756
CLUBS SIX CLUBS JACK,0.397,0.0172,0.5858
SPADES SEVEN HEARTS JACK,0.4076,0.0188,0.5736
SPADES SEVEN HEARTS TEN,0.3934,0.03,0.5766
DIAMONDS TWO CLUBS TWO,0.4276,0.0886,0.4838
DIAMONDS TWO CLUBS THREE,0.6206,0.0646,0.3148
HEARTS SIX DIAMONDS TWO,0.622,0.065,0.313
DIAMONDS TWO HEARTS QUEEN,0.4562,0.0116,0.5322
DIAMONDS TWO HEARTS SEVEN,0.6364,0.0642,0.2994
DIAMONDS TWO HEARTS KING,0.4598,0.0072,0.533
DIAMONDS TWO HEARTS EIGHT,0.3794,0.4196,0.201
DIAMONDS TWO HEARTS ACE,0.4322,0.0054,0.5624
DIAMONDS TWO HEARTS NINE,0.455,0.0408,0.5042
DIAMONDS TWO DIAMONDS QUEEN,0.431,0.0134,0.5556
DIAMONDS TWO HEARTS TWO,0.4166,0.0946,0.4888
DIAMONDS TWO DIAMONDS KING,0.4406,0.0062,0.5532
HEARTS THREE DIAMONDS TWO,0.6162,0.0644,0.3194
DIAMONDS TWO DIAMONDS ACE,0.4138,0.005,0.5812
HEARTS FOUR DIAMONDS TWO,0.6054,0.0654,0.3292
DIAMONDS TWO HEARTS FIVE,0.6204,0.1392,0.2404
SPADES SEVEN HEARTS ACE,0.4026,0.0034,0.594
DIAMONDS TWO DIAMONDS TEN,0.4246,0.0242,0.5512
SPADES SEVEN HEARTS KING,0.4006,0.0078,0.5916
DIAMONDS TWO DIAMONDS JACK,0.4048,0.0172,0.578
SPADES SEVEN HEARTS QUEEN,0.4024,0.013,0.5846
DIAMONDS TWO SPADES NINE,0.4534,0.0452,0.5014
DIAMONDS TWO SPADES SEVEN,0.6258,0.064,0.3102
DIAMONDS TWO SPADES SIX,0.6232,0.0632,0.3136
DIAMONDS TWO SPADES FOUR,0.6092,0.0676,0.3232
DIAMONDS TWO SPADES THREE,0.629,0.0622,0.3088
DIAMONDS TWO SPADES TWO,0.4216,0.0954,0.483
CLUBS NINE DIAMONDS TWO,0.4472,0.0404,0.5124
CLUBS EIGHT DIAMONDS TWO,0.37,0.4172,0.2128
DIAMONDS TWO CLUBS SEVEN,0.6228,0.0596,0.3176
CLUBS SIX DIAMONDS TWO,0.6194,0.0646,0.316
DIAMONDS TWO CLUBS FIVE,0.6262,0.1364,0.2374
DIAMONDS TWO CLUBS FOUR,0.6276,0.0674,0.305
CLUBS FOUR SPADES FOUR,0.4264,0.09,0.4836
CLUBS FOUR SPADES THREE,0.6092,0.068,0.3228
CLUBS FOUR SPADES TWO,0.6194,0.068,0.3126
CLUBS FOUR SPADES NINE,0.4274,0.0406,0.532
CLUBS FOUR SPADES SEVEN,0.5978,0.0604,0.3418
CLUBS FOUR SPADES SIX,0.5842,0.07,0.3458
SPADES ACE DIAMONDS SIX,0.4072,0.004,0.5888
SPADES QUEEN DIAMONDS SIX,0.412,0.0148,0.5732
SPADES KING DIAMONDS SIX,0.4036,0.0078,0.5886
SPADES TEN DIAMONDS SIX,0.3874,0.027,0.5856
SPADES JACK DIAMONDS SIX,0.4,0.0194,0.5806
SPADES QUEEN SPADES TWO,0.3894,0.0122,0.5984
SPADES KING SPADES TWO,0.3994,0.009,0.5916
SPADES ACE SPADES TWO,0.3976,0.0082,0.5942
DIAMONDS JACK CLUBS JACK,0.205,0.0336,0.7614
DIAMONDS JACK CLUBS TEN,0.368,0.0172,0.6148
DIAMONDS JACK CLUBS KING,0.3886,0.0074,0.604
DIAMONDS JACK CLUBS QUEEN,0.3834,0.0102,0.6064
DIAMONDS THREE DIAMONDS JACK,0.432,0.0174,0.5506
DIAMONDS THREE DIAMONDS TEN,0.4352,0.0276,0.5372
DIAMONDS JACK CLUBS ACE,0.3936,0.0048,0.6016
DIAMONDS THREE DIAMONDS KING,0.428,0.0092,0.5628
HEARTS THREE DIAMONDS THREE,0.412,0.0988,0.4892
DIAMONDS THREE DIAMONDS QUEEN,0.4212,0.0144,0.5644
DIAMONDS THREE HEARTS TWO,0.6124,0.0672,0.3204
HEARTS FIVE DIAMONDS THREE,0.613,0.1396,0.2474
DIAMONDS THREE DIAMONDS ACE,0.4118,0.004,0.5842
HEARTS FOUR DIAMONDS THREE,0.6114,0.0644,0.3242
DIAMONDS THREE HEARTS SEVEN,0.6182,0.0628,0.319
SPADES TEN SPADES NINE,0.3056,0.0258,0.6686
HEARTS SIX DIAMONDS THREE,0.614,0.0606,0.3254
SPADES JACK SPADES NINE,0.31,0.0146,0.6754
DIAMONDS THREE HEARTS NINE,0.4686,0.0424,0.489
HEARTS JACK DIAMONDS FOUR,0.448,0.0148,0.5372
HEARTS KING HEARTS ACE,0.3688,0.0042,0.627
SPADES TEN SPADES TWO,0.3896,0.033,0.5774
DIAMONDS THREE HEARTS EIGHT,0.3788,0.4174,0.2038
HEARTS TEN DIAMONDS FOUR,0.4418,0.0256,0.5326
SPADES JACK SPADES TWO,0.4054,0.0214,0.5732
HEARTS QUEEN DIAMONDS FOUR,0.4372,0.0136,0.5492
HEARTS KING DIAMONDS FOUR,0.4484,0.0072,0.5444
SPADES ACE SPADES NINE,0.3434,0.006,0.6506
HEARTS ACE DIAMONDS FOUR,0.4248,0.0048,0.5704
SPADES KING SPADES NINE,0.3314,0.0092,0.6594
SPADES QUEEN SPADES NINE,0.3278,0.013,0.6592
DIAMONDS THREE SPADES NINE,0.4394,0.044,0.5166
DIAMONDS THREE SPADES SEVEN,0.6166,0.0592,0.3242
DIAMONDS THREE SPADES SIX,0.6018,0.0658,0.3324
CLUBS SIX DIAMONDS THREE,0.6132,0.0652,0.3216
CLUBS ACE DIAMONDS FOUR,0.4326,0.0052,0.5622
CLUBS SIX CLUBS FIVE,0.579,0.1284,0.2926
CLUBS SEVEN CLUBS FIVE,0.5928,0.1298,0.2774
CLUBS SEVEN DIAMONDS THREE,0.6138,0.0708,0.3154
DIAMONDS THREE CLUBS FOUR,0.6074,0.0632,0.3294
CLUBS QUEEN DIAMONDS FOUR,0.4504,0.0104,0.5392
DIAMONDS THREE CLUBS FIVE,0.6194,0.142,0.2386
CLUBS KING DIAMONDS FOUR,0.4288,0.0066,0.5646
DIAMONDS THREE CLUBS TWO,0.6238,0.0718,0.3044
DIAMONDS FOUR CLUBS TEN,0.4454,0.0248,0.5298
DIAMONDS THREE CLUBS THREE,0.4114,0.0874,0.5012
DIAMONDS FOUR CLUBS JACK,0.436,0.0226,0.5414
DIAMONDS THREE SPADES FOUR,0.6094,0.0674,0.3232
DIAMONDS THREE SPADES TWO,0.6118,0.0716,0.3166
DIAMONDS THREE SPADES THREE,0.416,0.0932,0.4908
CLUBS EIGHT DIAMONDS THREE,0.3792,0.4248,0.196
CLUBS NINE DIAMONDS THREE,0.4592,0.041,0.4998
SPADES SEVEN CLUBS ACE,0.404,0.0052,0.5908
SPADES SEVEN CLUBS QUEEN,0.409,0.0138,0.5772
SPADES SEVEN CLUBS KING,0.4188,0.0082,0.573
CLUBS FIVE SPADES SEVEN,0.6124,0.153,0.2346
SPADES SEVEN CLUBS TEN,0.3944,0.0254,0.5802
CLUBS FIVE SPADES SIX,0.5972,0.1482,0.2546
SPADES SEVEN CLUBS JACK,0.3924,0.02,0.5876
SPADES NINE CLUBS FIVE,0.2854,0.1004,0.6142
CLUBS FIVE SPADES THREE,0.6084,0.1514,0.2402
CLUBS FIVE SPADES TWO,0.6106,0.1494,0.24
CLUBS FIVE SPADES FOUR,0.5884,0.1498,0.2618
CLUBS NINE CLUBS FIVE,0.2754,0.1002,0.6244
CLUBS EIGHT CLUBS FIVE,0.0728,0.8602,0.067
CLUBS ACE CLUBS QUEEN,0.3826,0.0052,0.6122
CLUBS KING CLUBS QUEEN,0.3696,0.0066,0.6238
DIAMONDS TEN DIAMONDS FOUR,0.4212,0.0226,0.5562
DIAMONDS NINE CLUBS TEN,0.3646,0.0194,0.616
DIAMONDS JACK DIAMONDS FOUR,0.4064,0.0208,0.5728
DIAMONDS NINE CLUBS JACK,0.375,0.019,0.606
SPADES NINE CLUBS JACK,0.3638,0.0186,0.6176
SPADES NINE CLUBS TEN,0.35,0.025,0.625
DIAMONDS ACE DIAMONDS FOUR,0.4158,0.0058,0.5784
HEARTS FOUR DIAMONDS FOUR,0.4092,0.083,0.5078
DIAMONDS JACK HEARTS TEN,0.371,0.0148,0.6142
SPADES NINE CLUBS KING,0.3764,0.0084,0.6152
DIAMONDS TWO SPADES TEN,0.4262,0.0324,0.5414
DIAMONDS NINE CLUBS ACE,0.3886,0.005,0.6064
HEARTS FIVE DIAMONDS FOUR,0.5986,0.1386,0.2628
HEARTS JACK DIAMONDS JACK,0.2038,0.0342,0.762
SPADES NINE CLUBS QUEEN,0.381,0.0098,0.6092
DIAMONDS TWO SPADES JACK,0.4348,0.0234,0.5418
DIAMONDS QUEEN DIAMONDS FOUR,0.4242,0.0114,0.5644
HEARTS TWO DIAMONDS FOUR,0.619,0.068,0.313
DIAMONDS NINE CLUBS QUEEN,0.3924,0.0094,0.5982
DIAMONDS KING DIAMONDS FOUR,0.415,0.0094,0.5756
HEARTS THREE DIAMONDS FOUR,0.6132,0.0612,0.3256
SPADES NINE CLUBS ACE,0.3782,0.004,0.6178
DIAMONDS NINE CLUBS KING,0.386,0.0086,0.6054
HEARTS ACE DIAMONDS JACK,0.3932,0.0044,0.6024
SPADES ACE DIAMONDS TWO,0.4196,0.0056,0.5748
DIAMONDS JACK HEARTS QUEEN,0.3908,0.009,0.6002
SPADES QUEEN DIAMONDS TWO,0.4412,0.0128,0.546
HEARTS KING DIAMONDS JACK,0.3802,0.0066,0.6132
SPADES KING DIAMONDS TWO,0.445,0.0084,0.5466
SPADES JACK SPADES SEVEN,0.3464,0.0222,0.6314
SPADES TEN SPADES SEVEN,0.3494,0.0258,0.6248
CLUBS SEVEN CLUBS THREE,0.5792,0.0582,0.3626
CLUBS SIX CLUBS THREE,0.57,0.0618,0.3682
CLUBS FIVE CLUBS THREE,0.5752,0.1416,0.2832
CLUBS FOUR CLUBS THREE,0.5856,0.0612,0.3532
CLUBS NINE CLUBS THREE,0.43,0.038,0.532
CLUBS EIGHT CLUBS THREE,0.3606,0.3952,0.2442
CLUBS THREE SPADES FOUR,0.6032,0.0618,0.335
CLUBS THREE SPADES THREE,0.4034,0.104,0.4926
CLUBS THREE SPADES TWO,0.6174,0.067,0.3156
SPADES SIX CLUBS THREE,0.602,0.0612,0.3368
SPADES SEVEN CLUBS THREE,0.6216,0.0638,0.3146
SPADES NINE CLUBS THREE,0.441,0.0368,0.5222
SPADES TWO DIAMONDS FOUR,0.6156,0.0738,0.3106
SPADES THREE DIAMONDS FOUR,0.6106,0.0676,0.3218
SPADES FOUR DIAMONDS FOUR,0.3964,0.0924,0.5112
SPADES SIX DIAMONDS FOUR,0.5778,0.066,0.3562
SPADES SEVEN DIAMONDS FOUR,0.6048,0.0626,0.3326
SPADES NINE DIAMONDS FOUR,0.444,0.0474,0.5086
CLUBS FIVE DIAMONDS FOUR,0.6106,0.1408,0.2486
CLUBS FOUR DIAMONDS FOUR,0.4008,0.0942,0.505
CLUBS SEVEN DIAMONDS FOUR,0.6086,0.06,0.3314
CLUBS SIX DIAMONDS FOUR,0.5962,0.0618,0.342
CLUBS NINE DIAMONDS FOUR,0.4388,0.0444,0.5168
CLUBS EIGHT DIAMONDS FOUR,0.3648,0.426,0.2092
DIAMONDS FOUR HEARTS SEVEN,0.5984,0.0716,0.33
HEARTS SIX DIAMONDS FOUR,0.589,0.0612,0.3498
HEARTS NINE DIAMONDS FOUR,0.4456,0.039,0.5154
DIAMONDS FOUR HEARTS EIGHT,0.3648,0.4264,0.2088
CLUBS THREE DIAMONDS FOUR,0.6056,0.0666,0.3278
CLUBS TWO DIAMONDS FOUR,0.6236,0.0652,0.3112
DIAMONDS TEN DIAMONDS FIVE,0.2844,0.077,0.6386
DIAMONDS JACK DIAMONDS FIVE,0.2928,0.0582,0.649
DIAMONDS NINE HEARTS QUEEN,0.3754,0.011,0.6136
HEARTS KING DIAMONDS NINE,0.389,0.0064,0.6046
DIAMONDS NINE HEARTS ACE,0.3932,0.004,0.6028
DIAMONDS NINE HEARTS TEN,0.3786,0.0236,0.5978
DIAMONDS NINE HEARTS JACK,0.3816,0.015,0.6034
CLUBS KING DIAMONDS SIX,0.4194,0.006,0.5746
CLUBS QUEEN DIAMONDS SIX,0.4106,0.0114,0.578
CLUBS ACE DIAMONDS SIX,0.4118,0.0054,0.5828
SPADES KING DIAMONDS FOUR,0.4172,0.0108,0.572
SPADES ACE SPADES SEVEN,0.3704,0.0046,0.625
SPADES QUEEN DIAMONDS FOUR,0.4296,0.0122,0.5582
SPADES QUEEN SPADES SEVEN,0.368,0.0124,0.6196
CLUBS JACK DIAMONDS SIX,0.4224,0.0178,0.5598
SPADES KING SPADES SEVEN,0.3606,0.0092,0.6302
SPADES ACE DIAMONDS FOUR,0.4172,0.0052,0.5776
CLUBS TEN DIAMONDS SIX,0.3974,0.029,0.5736
CLUBS NINE CLUBS FOUR,0.4074,0.036,0.5566
CLUBS EIGHT CLUBS FOUR,0.3504,0.4058,0.2438
SPADES JACK DIAMONDS FOUR,0.447,0.021,0.532
SPADES TEN DIAMONDS FOUR,0.428,0.0312,0.5408
CLUBS FOUR CLUBS FIVE,0.5456,0.1408,0.3136
CLUBS SEVEN CLUBS FOUR,0.5796,0.0582,0.3622
CLUBS SIX CLUBS FOUR,0.5646,0.0648,0.3706
CLUBS SEVEN SPADES NINE,0.3664,0.04,0.5936
CLUBS SEVEN SPADES SIX,0.56,0.0622,0.3778
CLUBS SEVEN SPADES SEVEN,0.3042,0.0736,0.6222
CLUBS SEVEN SPADES FOUR,0.5996,0.0634,0.337
CLUBS SEVEN SPADES THREE,0.6282,0.0582,0.3136
CLUBS SEVEN SPADES TWO,0.6276,0.0638,0.3086
CLUBS NINE CLUBS SEVEN,0.3634,0.0358,0.6008
CLUBS EIGHT CLUBS SEVEN,0.2528,0.2606,0.4866
HEARTS SIX DIAMONDS FIVE,0.6154,0.1308,0.2538
DIAMONDS FIVE HEARTS SEVEN,0.6396,0.1332,0.2272
DIAMONDS FIVE HEARTS EIGHT,0.064,0.915,0.021
HEARTS NINE DIAMONDS FIVE,0.2912,0.098,0.6108
DIAMONDS QUEEN DIAMONDS FIVE,0.2948,0.042,0.6632
HEARTS TWO DIAMONDS FIVE,0.6172,0.1366,0.2462
HEARTS KING HEARTS EIGHT,0.2942,0.0348,0.671
DIAMONDS KING DIAMONDS FIVE,0.2902,0.0358,0.674
HEARTS THREE DIAMONDS FIVE,0.6258,0.1416,0.2326
HEARTS QUEEN HEARTS EIGHT,0.2874,0.0462,0.6664
DIAMONDS ACE DIAMONDS FIVE,0.294,0.0224,0.6836
HEARTS FOUR DIAMONDS FIVE,0.6098,0.1448,0.2454
HEARTS FIVE DIAMONDS FIVE,0.3188,0.0762,0.605
HEARTS ACE HEARTS EIGHT,0.2922,0.0258,0.682
CLUBS FOUR DIAMONDS FIVE,0.589,0.1482,0.2628
CLUBS FIVE DIAMONDS FIVE,0.3262,0.0766,0.5972
CLUBS SIX DIAMONDS FIVE,0.6084,0.138,0.2536
CLUBS SEVEN DIAMONDS FIVE,0.6218,0.1372,0.241
CLUBS TWO DIAMONDS FIVE,0.6358,0.1384,0.2258
CLUBS THREE DIAMONDS FIVE,0.6224,0.1458,0.2318
SPADES THREE DIAMONDS FIVE,0.6122,0.1542,0.2336
SPADES TWO DIAMONDS FIVE,0.5938,0.1562,0.25
SPADES JACK DIAMONDS EIGHT,0.2848,0.0628,0.6524
HEARTS JACK CLUBS TEN,0.3692,0.0138,0.617
SPADES TEN DIAMONDS EIGHT,0.2614,0.074,0.6646
SPADES FOUR DIAMONDS FIVE,0.5906,0.1522,0.2572
HEARTS JACK CLUBS JACK,0.202,0.0348,0.7632
HEARTS JACK CLUBS QUEEN,0.3864,0.0092,0.6044
CLUBS NINE DIAMONDS FIVE,0.287,0.1066,0.6064
HEARTS JACK CLUBS KING,0.3956,0.0054,0.599
CLUBS EIGHT DIAMONDS FIVE,0.0736,0.907,0.0194
HEARTS JACK CLUBS ACE,0.3808,0.0042,0.615
SPADES SEVEN DIAMONDS FIVE,0.616,0.1446,0.2394
SPADES KING DIAMONDS EIGHT,0.2748,0.0338,0.6914
SPADES SIX DIAMONDS FIVE,0.603,0.146,0.251
SPADES QUEEN DIAMONDS EIGHT,0.2898,0.0434,0.6668
SPADES NINE DIAMONDS FIVE,0.283,0.1052,0.6118
SPADES ACE DIAMONDS EIGHT,0.2726,0.0242,0.7032
DIAMONDS TEN DIAMONDS SIX,0.3816,0.0292,0.5892
HEARTS ACE DIAMONDS SEVEN,0.414,0.0034,0.5826
DIAMONDS JACK DIAMONDS SIX,0.3902,0.0188,0.591
HEARTS QUEEN DIAMONDS SEVEN,0.4216,0.0092,0.5692
HEARTS KING DIAMONDS SEVEN,0.4158,0.007,0.5772
DIAMONDS ACE DIAMONDS SIX,0.382,0.0042,0.6138
HEARTS FOUR DIAMONDS SIX,0.5824,0.0648,0.3528
SPADES TWO HEARTS JACK,0.4516,0.019,0.5294
HEARTS FIVE DIAMONDS SIX,0.597,0.139,0.264
SPADES TWO HEARTS TEN,0.441,0.0316,0.5274
DIAMONDS QUEEN DIAMONDS SIX,0.3786,0.0108,0.6106
HEARTS TWO DIAMONDS SIX,0.625,0.064,0.311
DIAMONDS KING DIAMONDS SIX,0.3964,0.0078,0.5958
HEARTS THREE DIAMONDS SIX,0.608,0.064,0.328
HEARTS EIGHT DIAMONDS SIX,0.2774,0.3524,0.3702
HEARTS NINE DIAMONDS SIX,0.3982,0.0358,0.566
HEARTS SIX DIAMONDS SIX,0.302,0.0932,0.6048
HEARTS SEVEN DIAMONDS SIX,0.5658,0.0696,0.3646
HEARTS TEN DIAMONDS SEVEN,0.3892,0.026,0.5848
CLUBS TWO DIAMONDS SIX,0.622,0.0622,0.3158
HEARTS JACK DIAMONDS SEVEN,0.4046,0.017,0.5784
CLUBS THREE DIAMONDS SIX,0.6116,0.064,0.3244
DIAMONDS EIGHT CLUBS JACK,0.3108,0.0536,0.6356
CLUBS SEVEN DIAMONDS SIX,0.5436,0.0648,0.3916
CLUBS SIX DIAMONDS SIX,0.3066,0.086,0.6074
DIAMONDS EIGHT CLUBS TEN,0.2842,0.0772,0.6386
CLUBS FIVE DIAMONDS SIX,0.6176,0.1306,0.2518
CLUBS FOUR DIAMONDS SIX,0.6076,0.0624,0.33
HEARTS ACE HEARTS JACK,0.3724,0.0038,0.6238
DIAMONDS EIGHT CLUBS ACE,0.3006,0.0284,0.671
HEARTS JACK HEARTS QUEEN,0.3624,0.0076,0.63
DIAMONDS EIGHT CLUBS KING,0.3152,0.034,0.6508
CLUBS NINE DIAMONDS SIX,0.3956,0.0392,0.5652
HEARTS KING HEARTS JACK,0.3648,0.008,0.6272
DIAMONDS EIGHT CLUBS QUEEN,0.308,0.0432,0.6488
CLUBS EIGHT DIAMONDS SIX,0.2632,0.3566,0.3802
SPADES TEN HEARTS KING,0.3674,0.007,0.6256
HEARTS ACE SPADES TWO,0.4288,0.0076,0.5636
SPADES JACK HEARTS KING,0.3756,0.0074,0.617
SPADES FOUR DIAMONDS SIX,0.5914,0.0638,0.3448
SPADES THREE DIAMONDS SIX,0.5866,0.07,0.3434
SPADES TWO HEARTS QUEEN,0.449,0.0116,0.5394
SPADES ACE SPADES KING,0.324,0.0084,0.6676
HEARTS KING SPADES TWO,0.4562,0.0122,0.5316
SPADES TWO DIAMONDS SIX,0.61,0.0654,0.3246
HEARTS TEN HEARTS EIGHT,0.2752,0.0776,0.6472
SPADES NINE DIAMONDS SIX,0.379,0.04,0.581
HEARTS JACK HEARTS EIGHT,0.2728,0.0594,0.6678
SPADES SEVEN DIAMONDS SIX,0.5526,0.0604,0.387
SPADES SIX DIAMONDS SIX,0.3064,0.088,0.6056
SPADES KING HEARTS KING,0.2034,0.0124,0.7842
SPADES QUEEN HEARTS KING,0.3834,0.0082,0.6084
CLUBS ACE CLUBS KING,0.3814,0.0056,0.613
SPADES ACE HEARTS KING,0.377,0.0044,0.6186
SPADES ACE HEARTS JACK,0.3958,0.0054,0.5988
SPADES QUEEN HEARTS JACK,0.3718,0.0084,0.6198
SPADES KING HEARTS JACK,0.3688,0.008,0.6232
SPADES TEN DIAMONDS TEN,0.2044,0.0464,0.7492
SPADES JACK DIAMONDS TEN,0.3522,0.0164,0.6314
SPADES ACE DIAMONDS TEN,0.3608,0.005,0.6342
SPADES JACK HEARTS JACK,0.1942,0.0396,0.7662
SPADES TEN HEARTS JACK,0.3504,0.0158,0.6338
SPADES QUEEN DIAMONDS TEN,0.365,0.0096,0.6254
SPADES KING DIAMONDS TEN,0.3732,0.0066,0.6202
SPADES NINE DIAMONDS SEVEN,0.3726,0.0338,0.5936
SPADES SEVEN DIAMONDS SEVEN,0.2932,0.0814,0.6254
SPADES SIX DIAMONDS SEVEN,0.5454,0.061,0.3936
DIAMONDS KING DIAMONDS SEVEN,0.3924,0.0068,0.6008
HEARTS THREE DIAMONDS SEVEN,0.6176,0.0636,0.3188
HEARTS KING DIAMONDS FIVE,0.3126,0.0352,0.6522
DIAMONDS QUEEN DIAMONDS SEVEN,0.399,0.0102,0.5908
HEARTS TWO DIAMONDS SEVEN,0.6302,0.0612,0.3086
HEARTS QUEEN DIAMONDS FIVE,0.3012,0.0488,0.65
HEARTS FIVE DIAMONDS SEVEN,0.6106,0.1434,0.246
DIAMONDS ACE DIAMONDS SEVEN,0.3952,0.0052,0.5996
HEARTS FOUR DIAMONDS SEVEN,0.5996,0.0654,0.335
HEARTS ACE DIAMONDS FIVE,0.315,0.0206,0.6644
HEARTS SEVEN DIAMONDS SEVEN,0.2958,0.0782,0.626
HEARTS SIX DIAMONDS SEVEN,0.5516,0.0598,0.3886
HEARTS NINE DIAMONDS SEVEN,0.3926,0.0402,0.5672
DIAMONDS SEVEN HEARTS EIGHT,0.2744,0.2692,0.4564
DIAMONDS JACK DIAMONDS SEVEN,0.3912,0.0188,0.59
HEARTS JACK DIAMONDS FIVE,0.3002,0.0554,0.6444
DIAMONDS TEN DIAMONDS SEVEN,0.3712,0.0236,0.6052
DIAMONDS FIVE HEARTS TEN,0.3152,0.0732,0.6116
SPADES KING CLUBS TWO,0.4498,0.0096,0.5406
HEARTS KING CLUBS KING,0.1922,0.0176,0.7902
CLUBS EIGHT DIAMONDS SEVEN,0.2712,0.2746,0.4542
SPADES QUEEN CLUBS TWO,0.4396,0.012,0.5484
HEARTS KING CLUBS QUEEN,0.3922,0.0056,0.6022
CLUBS NINE DIAMONDS SEVEN,0.374,0.039,0.587
SPADES TWO CLUBS JACK,0.4394,0.0174,0.5432
SPADES ACE CLUBS TWO,0.433,0.0068,0.5602
SPADES TWO CLUBS TEN,0.441,0.0282,0.5308
HEARTS KING CLUBS ACE,0.4044,0.004,0.5916
CLUBS SIX CLUBS SEVEN,0.5274,0.053,0.4196
SPADES TWO CLUBS KING,0.4428,0.0104,0.5468
SPADES TWO DIAMONDS SEVEN,0.6274,0.0672,0.3054
CLUBS EIGHT CLUBS SIX,0.2546,0.3364,0.409
SPADES THREE DIAMONDS SEVEN,0.6316,0.0608,0.3076
SPADES TWO CLUBS QUEEN,0.445,0.0126,0.5424
CLUBS NINE CLUBS SIX,0.3786,0.0376,0.5838
SPADES FOUR DIAMONDS SEVEN,0.6048,0.0626,0.3326
HEARTS KING CLUBS JACK,0.3928,0.0078,0.5994
SPADES TWO CLUBS ACE,0.4264,0.0056,0.568
HEARTS KING CLUBS TEN,0.3824,0.0064,0.6112
CLUBS SIX SPADES TWO,0.6178,0.068,0.3142
CLUBS SIX SPADES THREE,0.6058,0.0596,0.3346
CLUBS TWO DIAMONDS SEVEN,0.6332,0.0644,0.3024
CLUBS SIX SPADES FOUR,0.5854,0.065,0.3496
CLUBS THREE DIAMONDS SEVEN,0.6264,0.058,0.3156
CLUBS FOUR DIAMONDS SEVEN,0.6092,0.0596,0.3312
CLUBS SIX SPADES SIX,0.2898,0.0962,0.614
CLUBS FIVE DIAMONDS SEVEN,0.6216,0.1378,0.2406
CLUBS SIX SPADES SEVEN,0.5366,0.0678,0.3956
CLUBS SIX DIAMONDS SEVEN,0.5494,0.0678,0.3828
SPADES JACK CLUBS TWO,0.4274,0.021,0.5516
CLUBS SIX SPADES NINE,0.3942,0.0416,0.5642
SPADES TEN CLUBS TWO,0.4298,0.0304,0.5398
CLUBS SEVEN DIAMONDS SEVEN,0.3006,0.077,0.6224
CLUBS TWO CLUBS QUEEN,0.422,0.0126,0.5654
CLUBS TWO CLUBS KING,0.4364,0.008,0.5556
CLUBS THREE DIAMONDS EIGHT,0.3868,0.4206,0.1926
CLUBS TWO CLUBS ACE,0.4164,0.0052,0.5784
CLUBS TWO DIAMONDS EIGHT,0.388,0.4108,0.2012
DIAMONDS EIGHT HEARTS SEVEN,0.2712,0.2788,0.45
HEARTS SIX DIAMONDS EIGHT,0.2732,0.358,0.3688
DIAMONDS EIGHT HEARTS NINE,0.2832,0.1002,0.6166
CLUBS TWO CLUBS TEN,0.4246,0.0228,0.5526
DIAMONDS EIGHT HEARTS EIGHT,0.1674,0.0742,0.7584
CLUBS TWO CLUBS JACK,0.4304,0.0176,0.552
CLUBS NINE DIAMONDS EIGHT,0.2804,0.102,0.6176
CLUBS EIGHT DIAMONDS EIGHT,0.1628,0.0796,0.7576
CLUBS FIVE DIAMONDS EIGHT,0.078,0.8992,0.0228
SPADES ACE SPADES THREE,0.3804,0.007,0.6126
CLUBS FOUR DIAMONDS EIGHT,0.3678,0.4314,0.2008
SPADES QUEEN SPADES THREE,0.4068,0.0144,0.5788
CLUBS SEVEN DIAMONDS EIGHT,0.2648,0.2778,0.4574
CLUBS SIX DIAMONDS EIGHT,0.2676,0.3594,0.373
SPADES KING SPADES THREE,0.4008,0.0106,0.5886
DIAMONDS QUEEN DIAMONDS EIGHT,0.2854,0.0466,0.668
HEARTS TWO DIAMONDS EIGHT,0.3818,0.416,0.2022
DIAMONDS KING DIAMONDS EIGHT,0.2934,0.0334,0.6732
HEARTS THREE DIAMONDS EIGHT,0.3868,0.4202,0.193
DIAMONDS ACE DIAMONDS EIGHT,0.2766,0.025,0.6984
HEARTS FOUR DIAMONDS EIGHT,0.37,0.4298,0.2002
HEARTS FIVE DIAMONDS EIGHT,0.0676,0.9074,0.025
DIAMONDS EIGHT DIAMONDS TEN,0.2664,0.0732,0.6604
DIAMONDS EIGHT DIAMONDS JACK,0.2912,0.0576,0.6512
SPADES JACK SPADES THREE,0.4072,0.0174,0.5754
SPADES TEN SPADES THREE,0.408,0.0298,0.5622
CLUBS FOUR HEARTS ACE,0.4294,0.0022,0.5684
CLUBS FOUR HEARTS QUEEN,0.4402,0.0122,0.5476
CLUBS FOUR HEARTS KING,0.4484,0.0084,0.5432
CLUBS SIX HEARTS TEN,0.4152,0.0196,0.5652
CLUBS SIX HEARTS JACK,0.4226,0.0158,0.5616
SPADES FOUR DIAMONDS EIGHT,0.3616,0.426,0.2124
DIAMONDS EIGHT SPADES TWO,0.374,0.4184,0.2076
SPADES THREE DIAMONDS EIGHT,0.3806,0.4088,0.2106
CLUBS FOUR HEARTS JACK,0.4466,0.0178,0.5356
SPADES TEN DIAMONDS QUEEN,0.3618,0.0094,0.6288
SPADES TEN HEARTS TWO,0.4366,0.0266,0.5368
SPADES JACK HEARTS EIGHT,0.2848,0.0626,0.6526
CLUBS FOUR HEARTS TEN,0.4404,0.0266,0.533
SPADES NINE DIAMONDS EIGHT,0.2664,0.099,0.6346
SPADES TEN HEARTS EIGHT,0.2632,0.0786,0.6582
SPADES JACK HEARTS TWO,0.4388,0.0172,0.544
SPADES JACK DIAMONDS QUEEN,0.3732,0.0102,0.6166
SPADES SIX DIAMONDS EIGHT,0.2654,0.3532,0.3814
SPADES SEVEN DIAMONDS EIGHT,0.2652,0.287,0.4478
SPADES ACE HEARTS TWO,0.4228,0.0056,0.5716
SPADES ACE DIAMONDS QUEEN,0.3832,0.0052,0.6116
SPADES ACE HEARTS EIGHT,0.2908,0.0296,0.6796
SPADES KING HEARTS EIGHT,0.2902,0.0324,0.6774
SPADES QUEEN HEARTS TWO,0.4424,0.0126,0.545
SPADES QUEEN DIAMONDS QUEEN,0.1956,0.0256,0.7788
SPADES KING DIAMONDS QUEEN,0.379,0.0068,0.6142
SPADES KING HEARTS TWO,0.4294,0.009,0.5616
SPADES QUEEN HEARTS EIGHT,0.2934,0.0424,0.6642
CLUBS TWO HEARTS TEN,0.4648,0.0256,0.5096
CLUBS TWO HEARTS JACK,0.4522,0.0176,0.5302
SPADES SEVEN DIAMONDS NINE,0.386,0.0396,0.5744
SPADES SIX DIAMONDS NINE,0.3848,0.038,0.5772
SPADES NINE DIAMONDS NINE,0.1954,0.0568,0.7478
SPADES TEN CLUBS KING,0.3828,0.0088,0.6084
DIAMONDS NINE SPADES THREE,0.441,0.0454,0.5136
SPADES JACK CLUBS KING,0.3804,0.0064,0.6132
DIAMONDS NINE SPADES TWO,0.4388,0.0458,0.5154
SPADES FOUR DIAMONDS NINE,0.4304,0.036,0.5336
CLUBS NINE DIAMONDS NINE,0.2038,0.06,0.7362
CLUBS EIGHT DIAMONDS NINE,0.2728,0.0962,0.631
CLUBS SIX DIAMONDS NINE,0.3886,0.038,0.5734
SPADES JACK CLUBS FOUR,0.4274,0.0228,0.5498
SPADES TEN CLUBS FOUR,0.4288,0.0262,0.545
CLUBS SEVEN DIAMONDS NINE,0.3898,0.04,0.5702
CLUBS FOUR DIAMONDS NINE,0.449,0.0396,0.5114
CLUBS FIVE DIAMONDS NINE,0.2864,0.1062,0.6074
CLUBS TWO DIAMONDS NINE,0.4652,0.0388,0.496
CLUBS THREE DIAMONDS NINE,0.4464,0.0388,0.5148
DIAMONDS NINE HEARTS EIGHT,0.2906,0.1008,0.6086
DIAMONDS NINE HEARTS NINE,0.1976,0.0614,0.741
HEARTS SIX DIAMONDS NINE,0.4002,0.048,0.5518
DIAMONDS NINE HEARTS SEVEN,0.3948,0.0366,0.5686
CLUBS EIGHT CLUBS NINE,0.267,0.0942,0.6388
DIAMONDS ACE DIAMONDS NINE,0.3664,0.0054,0.6282
HEARTS FOUR DIAMONDS NINE,0.43,0.0388,0.5312
HEARTS FIVE DIAMONDS NINE,0.2844,0.1058,0.6098
CLUBS TWO HEARTS ACE,0.432,0.004,0.564
SPADES ACE CLUBS FOUR,0.4224,0.0054,0.5722
DIAMONDS QUEEN DIAMONDS NINE,0.3592,0.012,0.6288
HEARTS TWO DIAMONDS NINE,0.4542,0.045,0.5008
CLUBS TWO HEARTS KING,0.453,0.0082,0.5388
SPADES KING CLUBS FOUR,0.4338,0.0086,0.5576
DIAMONDS KING DIAMONDS NINE,0.3692,0.0074,0.6234
HEARTS THREE DIAMONDS NINE,0.4378,0.0442,0.518
CLUBS TWO HEARTS QUEEN,0.4458,0.0132,0.541
SPADES QUEEN CLUBS FOUR,0.445,0.011,0.544
DIAMONDS NINE DIAMONDS JACK,0.35,0.0172,0.6328
CLUBS EIGHT SPADES NINE,0.2656,0.0956,0.6388
DIAMONDS NINE DIAMONDS TEN,0.3422,0.025,0.6328
CLUBS EIGHT SPADES SEVEN,0.2556,0.282,0.4624
CLUBS EIGHT SPADES SIX,0.2588,0.3576,0.3836
CLUBS EIGHT SPADES FOUR,0.3478,0.445,0.2072
CLUBS EIGHT SPADES THREE,0.3732,0.421,0.2058
CLUBS EIGHT SPADES TWO,0.3782,0.4202,0.2016
HEARTS SIX DIAMONDS TEN,0.4,0.0308,0.5692
DIAMONDS TEN HEARTS SEVEN,0.3922,0.0264,0.5814
DIAMONDS TEN HEARTS EIGHT,0.2814,0.0776,0.641
CLUBS FOUR CLUBS JACK,0.4076,0.0194,0.573
DIAMONDS TEN HEARTS NINE,0.3586,0.0216,0.6198
CLUBS FOUR CLUBS TEN,0.404,0.0278,0.5682
CLUBS FOUR CLUBS KING,0.4218,0.0066,0.5716
CLUBS FOUR CLUBS QUEEN,0.422,0.0124,0.5656
CLUBS TWO DIAMONDS TEN,0.4486,0.0246,0.5268
CLUBS THREE DIAMONDS TEN,0.4526,0.0278,0.5196
CLUBS FOUR CLUBS ACE,0.4038,0.0048,0.5914
DIAMONDS JACK DIAMONDS TEN,0.3576,0.0124,0.63
DIAMONDS QUEEN DIAMONDS TEN,0.351,0.0082,0.6408
HEARTS TWO DIAMONDS TEN,0.4576,0.0272,0.5152
DIAMONDS KING DIAMONDS TEN,0.3598,0.009,0.6312
HEARTS THREE DIAMONDS TEN,0.4486,0.03,0.5214
DIAMONDS ACE DIAMONDS TEN,0.3608,0.0042,0.635
HEARTS FOUR DIAMONDS TEN,0.4514,0.024,0.5246
CLUBS EIGHT HEARTS JACK,0.2898,0.061,0.6492
HEARTS FIVE DIAMONDS TEN,0.3066,0.0826,0.6108
CLUBS EIGHT HEARTS TEN,0.2804,0.0772,0.6424
CLUBS EIGHT HEARTS QUEEN,0.3188,0.043,0.6382
CLUBS EIGHT HEARTS KING,0.3224,0.0348,0.6428
CLUBS EIGHT HEARTS ACE,0.3004,0.0264,0.6732
CLUBS NINE SPADES THREE,0.4502,0.0374,0.5124
CLUBS NINE SPADES TWO,0.4486,0.0474,0.504
CLUBS NINE SPADES FOUR,0.426,0.0392,0.5348
CLUBS NINE SPADES SEVEN,0.3664,0.0392,0.5944
CLUBS NINE SPADES SIX,0.3766,0.0418,0.5816
CLUBS NINE SPADES NINE,0.1918,0.061,0.7472
CLUBS TEN HEARTS EIGHT,0.2722,0.0768,0.651
CLUBS JACK HEARTS EIGHT,0.3094,0.0598,0.6308
CLUBS QUEEN HEARTS EIGHT,0.3018,0.0398,0.6584
CLUBS KING HEARTS EIGHT,0.2974,0.0356,0.667
CLUBS ACE HEARTS EIGHT,0.2894,0.0294,0.6812
SPADES KING CLUBS KING,0.1934,0.0144,0.7922
SPADES QUEEN CLUBS KING,0.3846,0.0064,0.609
SPADES ACE CLUBS KING,0.387,0.0052,0.6078
DIAMONDS ACE HEARTS TEN,0.398,0.0036,0.5984
HEARTS FOUR HEARTS TEN,0.4238,0.0224,0.5538
DIAMONDS ACE HEARTS JACK,0.3836,0.0028,0.6136
HEARTS FOUR HEARTS JACK,0.41,0.0184,0.5716
SPADES KING CLUBS FIVE,0.289,0.0328,0.6782
SPADES QUEEN CLUBS FIVE,0.288,0.0446,0.6674
SPADES ACE CLUBS FIVE,0.3012,0.0234,0.6754
DIAMONDS JACK HEARTS SEVEN,0.4226,0.0216,0.5558
HEARTS SIX DIAMONDS JACK,0.4224,0.018,0.5596
DIAMONDS JACK HEARTS NINE,0.372,0.0148,0.6132
DIAMONDS JACK HEARTS EIGHT,0.3092,0.0574,0.6334
DIAMONDS KING DIAMONDS JACK,0.3728,0.0056,0.6216
HEARTS THREE DIAMONDS JACK,0.4552,0.0158,0.529
SPADES FOUR HEARTS ACE,0.4244,0.0068,0.5688
SPADES ACE SPADES SIX,0.3566,0.0044,0.639
DIAMONDS QUEEN DIAMONDS JACK,0.3766,0.0108,0.6126
HEARTS TWO DIAMONDS JACK,0.4468,0.0188,0.5344
HEARTS FIVE DIAMONDS JACK,0.311,0.0556,0.6334
SPADES FOUR HEARTS QUEEN,0.447,0.0122,0.5408
SPADES QUEEN SPADES SIX,0.3516,0.015,0.6334
DIAMONDS ACE DIAMONDS JACK,0.367,0.0046,0.6284
HEARTS FOUR DIAMONDS JACK,0.4376,0.0186,0.5438
SPADES FOUR HEARTS KING,0.4372,0.0084,0.5544
SPADES KING SPADES SIX,0.3666,0.0096,0.6238
SPADES TEN SPADES SIX,0.3552,0.0294,0.6154
SPADES JACK SPADES SIX,0.3676,0.0208,0.6116
SPADES FOUR DIAMONDS JACK,0.4382,0.0198,0.542
SPADES TWO DIAMONDS JACK,0.439,0.0196,0.5414
SPADES THREE DIAMONDS JACK,0.4488,0.019,0.5322
SPADES ACE DIAMONDS THREE,0.4368,0.0066,0.5566
SPADES QUEEN DIAMONDS THREE,0.4426,0.0106,0.5468
CLUBS EIGHT DIAMONDS JACK,0.3018,0.0584,0.6398
SPADES KING DIAMONDS THREE,0.4294,0.0122,0.5584
CLUBS NINE DIAMONDS JACK,0.3748,0.0146,0.6106
CLUBS SIX DIAMONDS JACK,0.4024,0.0178,0.5798
CLUBS SEVEN DIAMONDS JACK,0.4166,0.0152,0.5682
CLUBS FOUR DIAMONDS JACK,0.4416,0.018,0.5404
CLUBS FIVE DIAMONDS JACK,0.312,0.0552,0.6328
CLUBS TWO DIAMONDS JACK,0.4682,0.0168,0.515
CLUBS THREE DIAMONDS JACK,0.439,0.0202,0.5408
SPADES TEN CLUBS FIVE,0.2946,0.084,0.6214
HEARTS SIX SPADES JACK,0.4108,0.0124,0.5768
HEARTS SIX SPADES TEN,0.3974,0.0266,0.576
SPADES JACK CLUBS FIVE,0.2884,0.0614,0.6502
SPADES JACK DIAMONDS THREE,0.4378,0.0214,0.5408
CLUBS SEVEN CLUBS ACE,0.3898,0.005,0.6052
DIAMONDS THREE SPADES TEN,0.4528,0.0286,0.5186
CLUBS SEVEN CLUBS QUEEN,0.399,0.0114,0.5896
CLUBS SEVEN CLUBS KING,0.3966,0.0084,0.595
SPADES NINE DIAMONDS JACK,0.3696,0.0176,0.6128
CLUBS SEVEN CLUBS TEN,0.3668,0.0272,0.606
DIAMONDS ACE HEARTS ACE,0.197,0.004,0.799
HEARTS FOUR HEARTS ACE,0.4194,0.0054,0.5752
SPADES ACE HEARTS SIX,0.3962,0.0052,0.5986
CLUBS SEVEN CLUBS JACK,0.3888,0.0184,0.5928
DIAMONDS ACE HEARTS KING,0.3938,0.0054,0.6008
HEARTS FOUR HEARTS KING,0.421,0.009,0.57
SPADES SEVEN DIAMONDS JACK,0.4068,0.0166,0.5766
SPADES KING HEARTS SIX,0.3974,0.0108,0.5918
DIAMONDS ACE HEARTS QUEEN,0.4034,0.0036,0.593
HEARTS FOUR HEARTS QUEEN,0.43,0.0142,0.5558
SPADES SIX DIAMONDS JACK,0.4004,0.0182,0.5814
SPADES QUEEN HEARTS SIX,0.4076,0.0114,0.581
SPADES TWO DIAMONDS TEN,0.4458,0.0276,0.5266
SPADES THREE DIAMONDS TEN,0.4466,0.0346,0.5188
SPADES FOUR DIAMONDS TEN,0.4378,0.027,0.5352
SPADES SIX DIAMONDS TEN,0.4,0.0266,0.5734
SPADES SEVEN DIAMONDS TEN,0.3922,0.0292,0.5786
SPADES NINE DIAMONDS TEN,0.3548,0.0216,0.6236
CLUBS FOUR DIAMONDS TEN,0.445,0.0288,0.5262
CLUBS FIVE DIAMONDS TEN,0.3136,0.0682,0.6182
CLUBS SIX DIAMONDS TEN,0.4118,0.0284,0.5598
CLUBS SEVEN DIAMONDS TEN,0.4076,0.0252,0.5672
CLUBS EIGHT DIAMONDS TEN,0.294,0.0806,0.6254
CLUBS NINE DIAMONDS TEN,0.3516,0.0224,0.626
DIAMONDS THREE CLUBS JACK,0.453,0.0196,0.5274
DIAMONDS THREE CLUBS TEN,0.4606,0.0242,0.5152
DIAMONDS THREE CLUBS KING,0.4466,0.0078,0.5456
DIAMONDS THREE CLUBS QUEEN,0.4578,0.0134,0.5288
DIAMONDS THREE CLUBS ACE,0.4278,0.0068,0.5654
SPADES FOUR HEARTS JACK,0.4278,0.0202,0.552
SPADES FOUR HEARTS TEN,0.4384,0.0308,0.5308
SPADES FOUR SPADES TWO,0.6262,0.0634,0.3104
SPADES THREE SPADES TWO,0.6198,0.0648,0.3154
SPADES NINE SPADES TWO,0.3962,0.046,0.5578
SPADES SEVEN SPADES TWO,0.6304,0.068,0.3016
SPADES SIX SPADES TWO,0.6018,0.0668,0.3314
DIAMONDS QUEEN CLUBS THREE,0.4592,0.0124,0.5284
HEARTS TWO CLUBS THREE,0.6322,0.0632,0.3046
DIAMONDS QUEEN CLUBS TWO,0.4522,0.0124,0.5354
CLUBS TWO HEARTS TWO,0.4208,0.101,0.4782
DIAMONDS QUEEN HEARTS SEVEN,0.4198,0.0116,0.5686
HEARTS TWO HEARTS SEVEN,0.5994,0.063,0.3376
HEARTS SIX DIAMONDS QUEEN,0.4088,0.0108,0.5804
HEARTS SIX HEARTS TWO,0.5682,0.0662,0.3656
DIAMONDS QUEEN HEARTS NINE,0.3872,0.0112,0.6016
HEARTS TWO HEARTS NINE,0.4244,0.0378,0.5378
DIAMONDS QUEEN HEARTS EIGHT,0.298,0.04,0.662
HEARTS TWO HEARTS EIGHT,0.3568,0.3912,0.252
CLUBS NINE HEARTS TWO,0.4514,0.0402,0.5084
CLUBS NINE DIAMONDS QUEEN,0.3916,0.009,0.5994
CLUBS EIGHT HEARTS TWO,0.3768,0.418,0.2052
CLUBS EIGHT DIAMONDS QUEEN,0.308,0.047,0.645
CLUBS FIVE DIAMONDS QUEEN,0.3162,0.049,0.6348
CLUBS FIVE HEARTS TWO,0.6124,0.1444,0.2432
CLUBS FOUR DIAMONDS QUEEN,0.4538,0.012,0.5342
CLUBS FOUR HEARTS TWO,0.6202,0.0686,0.3112
CLUBS SEVEN HEARTS TWO,0.628,0.0586,0.3134
CLUBS SEVEN DIAMONDS QUEEN,0.4166,0.0092,0.5742
CLUBS SIX DIAMONDS QUEEN,0.4134,0.0124,0.5742
CLUBS SIX HEARTS TWO,0.6282,0.0612,0.3106
DIAMONDS QUEEN SPADES SIX,0.42,0.0104,0.5696
HEARTS TWO SPADES SIX,0.612,0.067,0.321
HEARTS FOUR CLUBS QUEEN,0.4534,0.0134,0.5332
DIAMONDS ACE CLUBS QUEEN,0.3956,0.0044,0.6
DIAMONDS QUEEN SPADES SEVEN,0.4114,0.0152,0.5734
SPADES SEVEN HEARTS TWO,0.6236,0.0644,0.312
HEARTS FOUR CLUBS KING,0.4504,0.007,0.5426
DIAMONDS ACE CLUBS KING,0.3924,0.0048,0.6028
HEARTS FOUR CLUBS ACE,0.4318,0.0052,0.563
DIAMONDS ACE CLUBS ACE,0.2018,0.0036,0.7946
SPADES NINE DIAMONDS QUEEN,0.3656,0.0108,0.6236
SPADES NINE HEARTS TWO,0.4324,0.0428,0.5248
HEARTS TWO SPADES TWO,0.416,0.0962,0.4878
DIAMONDS QUEEN SPADES TWO,0.4434,0.0138,0.5428
HEARTS TWO SPADES THREE,0.6192,0.065,0.3158
DIAMONDS QUEEN SPADES THREE,0.4346,0.0134,0.552
HEARTS TWO SPADES FOUR,0.619,0.067,0.314
DIAMONDS QUEEN SPADES FOUR,0.4454,0.0114,0.5432
HEARTS FOUR CLUBS TEN,0.4492,0.0254,0.5254
DIAMONDS ACE CLUBS TEN,0.3838,0.0036,0.6126
HEARTS FOUR CLUBS JACK,0.4444,0.0192,0.5364
DIAMONDS ACE CLUBS JACK,0.3832,0.0046,0.6122
CLUBS FIVE CLUBS KING,0.2984,0.0332,0.6684
CLUBS FIVE CLUBS QUEEN,0.2842,0.043,0.6728
CLUBS FIVE CLUBS ACE,0.2938,0.0186,0.6876
CLUBS FIVE CLUBS JACK,0.2862,0.0616,0.6522
CLUBS FIVE CLUBS TEN,0.305,0.072,0.623
SPADES KING CLUBS JACK,0.3864,0.007,0.6066
SPADES QUEEN CLUBS JACK,0.3788,0.0104,0.6108
SPADES ACE CLUBS JACK,0.3654,0.0056,0.629
SPADES SIX CLUBS KING,0.394,0.0086,0.5974
SPADES SIX CLUBS QUEEN,0.4258,0.012,0.5622
SPADES SIX CLUBS ACE,0.4126,0.0056,0.5818
SPADES SIX CLUBS JACK,0.4174,0.0208,0.5618
SPADES SIX CLUBS TEN,0.4106,0.0262,0.5632
SPADES TEN CLUBS JACK,0.3396,0.0152,0.6452
SPADES JACK CLUBS JACK,0.1994,0.0382,0.7624
SPADES QUEEN CLUBS SEVEN,0.4,0.0126,0.5874
SPADES KING CLUBS SEVEN,0.3976,0.0092,0.5932
SPADES ACE CLUBS SEVEN,0.3988,0.0042,0.597
SPADES SIX HEARTS TEN,0.3966,0.0254,0.578
SPADES SIX HEARTS JACK,0.424,0.0136,0.5624
SPADES SIX HEARTS ACE,0.4068,0.0056,0.5876
SPADES SIX HEARTS KING,0.4088,0.0074,0.5838
SPADES SIX HEARTS QUEEN,0.4148,0.0114,0.5738
SPADES JACK CLUBS SEVEN,0.3996,0.0162,0.5842
CLUBS SEVEN SPADES TEN,0.3718,0.0252,0.603
HEARTS SIX CLUBS TEN,0.4042,0.0246,0.5712
HEARTS SIX CLUBS JACK,0.4154,0.0144,0.5702
CLUBS ACE CLUBS JACK,0.3628,0.0044,0.6328
HEARTS SIX CLUBS QUEEN,0.429,0.0124,0.5586
HEARTS SIX CLUBS KING,0.4172,0.0066,0.5762
HEARTS SIX CLUBS ACE,0.4082,0.004,0.5878
CLUBS QUEEN CLUBS JACK,0.359,0.0116,0.6294
CLUBS KING CLUBS JACK,0.3666,0.007,0.6264
DIAMONDS THREE HEARTS ACE,0.4514,0.0028,0.5458
DIAMONDS THREE HEARTS QUEEN,0.4604,0.015,0.5246
DIAMONDS THREE HEARTS KING,0.4592,0.0074,0.5334
CLUBS FIVE HEARTS JACK,0.3136,0.0582,0.6282
SPADES TEN DIAMONDS ACE,0.3658,0.0066,0.6276
HEARTS FOUR SPADES TEN,0.4366,0.0278,0.5356
CLUBS FIVE HEARTS TEN,0.3134,0.0822,0.6044
HEARTS FOUR SPADES JACK,0.4382,0.0206,0.5412
SPADES JACK DIAMONDS ACE,0.3724,0.0052,0.6224
SPADES ACE HEARTS FOUR,0.42,0.005,0.575
SPADES ACE DIAMONDS ACE,0.2016,0.0032,0.7952
CLUBS FIVE HEARTS ACE,0.3128,0.0218,0.6654
CLUBS FIVE HEARTS KING,0.3122,0.0328,0.655
SPADES FOUR CLUBS JACK,0.4312,0.0194,0.5494
HEARTS FOUR SPADES QUEEN,0.4306,0.0144,0.555
SPADES QUEEN DIAMONDS ACE,0.3934,0.0042,0.6024
CLUBS FIVE HEARTS QUEEN,0.3128,0.0412,0.646
SPADES FOUR CLUBS TEN,0.4476,0.0284,0.524
SPADES KING DIAMONDS ACE,0.3846,0.0054,0.61
HEARTS FOUR SPADES KING,0.4266,0.0094,0.564
DIAMONDS QUEEN DIAMONDS ACE,0.3692,0.005,0.6258
HEARTS TWO DIAMONDS ACE,0.4444,0.0046,0.551
HEARTS FOUR DIAMONDS QUEEN,0.4358,0.011,0.5532
HEARTS FOUR HEARTS TWO,0.563,0.0612,0.3758
DIAMONDS THREE HEARTS TEN,0.457,0.0258,0.5172
SPADES FOUR CLUBS KING,0.4388,0.0078,0.5534
HEARTS FIVE DIAMONDS QUEEN,0.3052,0.048,0.6468
HEARTS FIVE HEARTS TWO,0.5698,0.1482,0.282
DIAMONDS THREE HEARTS JACK,0.4494,0.0184,0.5322
SPADES FOUR CLUBS QUEEN,0.4348,0.0116,0.5536
DIAMONDS QUEEN HEARTS TWO,0.4458,0.0112,0.543
DIAMONDS KING DIAMONDS QUEEN,0.3618,0.0074,0.6308
DIAMONDS KING HEARTS TWO,0.4482,0.0082,0.5436
HEARTS THREE DIAMONDS QUEEN,0.4596,0.0116,0.5288
HEARTS THREE HEARTS TWO,0.5784,0.0608,0.3608
SPADES FOUR CLUBS ACE,0.44,0.007,0.553
HEARTS TWO CLUBS ACE,0.4474,0.0046,0.548
DIAMONDS QUEEN CLUBS ACE,0.3934,0.004,0.6026
HEARTS TWO CLUBS QUEEN,0.4662,0.012,0.5218
DIAMONDS QUEEN CLUBS QUEEN,0.2062,0.0214,0.7724
HEARTS TWO CLUBS KING,0.448,0.0062,0.5458
DIAMONDS QUEEN CLUBS KING,0.3936,0.0036,0.6028
HEARTS TWO CLUBS TEN,0.4484,0.0274,0.5242
DIAMONDS QUEEN CLUBS TEN,0.3774,0.01,0.6126
HEARTS TWO CLUBS JACK,0.4602,0.0178,0.522
DIAMONDS QUEEN CLUBS JACK,0.3916,0.0066,0.6018
DIAMONDS FIVE CLUBS QUEEN,0.3124,0.0478,0.6398
CLUBS KING DIAMONDS FIVE,0.3238,0.0332,0.643
CLUBS ACE DIAMONDS FIVE,0.3042,0.0226,0.6732
DIAMONDS FIVE CLUBS TEN,0.3138,0.0778,0.6084
DIAMONDS FIVE CLUBS JACK,0.3142,0.0636,0.6222
HEARTS JACK DIAMONDS TEN,0.3584,0.0134,0.6282
DIAMONDS TEN HEARTS TEN,0.214,0.0504,0.7356
SPADES ACE CLUBS NINE,0.383,0.0038,0.6132
CLUBS NINE SPADES QUEEN,0.3832,0.0108,0.606
SPADES KING CLUBS NINE,0.3688,0.007,0.6242
HEARTS SIX HEARTS KING,0.3924,0.007,0.6006
DIAMONDS KING SPADES SEVEN,0.4038,0.008,0.5882
HEARTS THREE SPADES SEVEN,0.6226,0.0614,0.316
SPADES KING DIAMONDS SEVEN,0.4114,0.0086,0.58
HEARTS SIX HEARTS QUEEN,0.393,0.0096,0.5974
DIAMONDS KING SPADES SIX,0.4074,0.008,0.5846
HEARTS THREE SPADES SIX,0.6044,0.0648,0.3308
SPADES QUEEN DIAMONDS SEVEN,0.397,0.0106,0.5924
DIAMONDS KING SPADES NINE,0.3794,0.008,0.6126
HEARTS THREE SPADES NINE,0.4454,0.0376,0.517
HEARTS SIX HEARTS ACE,0.391,0.005,0.604
SPADES ACE DIAMONDS SEVEN,0.3974,0.0038,0.5988
CLUBS NINE HEARTS THREE,0.4422,0.0414,0.5164
CLUBS NINE DIAMONDS KING,0.3962,0.0072,0.5966
CLUBS EIGHT HEARTS THREE,0.3866,0.4086,0.2048
