opposingHand,winningChance,drawChance,lostChance
SPADES SEVEN SPADES THREE
HEARTS FIVE SPADES TEN,0.39,0.0304,0.5796
SPADES JACK HEARTS FIVE,0.388,0.0208,0.5912
SPADES FIVE CLUBS JACK,0.3858,0.0194,0.5948
SPADES FIVE CLUBS TEN,0.3924,0.0316,0.576
CLUBS EIGHT CLUBS JACK,0.3552,0.0164,0.6284
CLUBS EIGHT CLUBS TEN,0.3164,0.0264,0.6572
CLUBS EIGHT CLUBS KING,0.3656,0.008,0.6264
SPADES FIVE CLUBS ACE,0.3788,0.0056,0.6156
CLUBS EIGHT CLUBS QUEEN,0.3486,0.0102,0.6412
SPADES FIVE CLUBS KING,0.3978,0.0104,0.5918
SPADES FIVE CLUBS QUEEN,0.4,0.0118,0.5882
CLUBS EIGHT CLUBS ACE,0.341,0.006,0.653
DIAMONDS TWO DIAMONDS THREE,0.5446,0.1914,0.264
DIAMONDS TWO DIAMONDS FIVE,0.5306,0.095,0.3744
SPADES KING HEARTS FIVE,0.3928,0.007,0.6002
DIAMONDS TWO DIAMONDS FOUR,0.5336,0.0968,0.3696
SPADES QUEEN HEARTS FIVE,0.3834,0.0154,0.6012
DIAMONDS TWO DIAMONDS SEVEN,0.2964,0.4518,0.2518
DIAMONDS TWO DIAMONDS SIX,0.5402,0.0952,0.3646
SPADES ACE HEARTS FIVE,0.3804,0.0044,0.6152
DIAMONDS TWO DIAMONDS NINE,0.404,0.0412,0.5548
DIAMONDS TWO DIAMONDS EIGHT,0.4104,0.0602,0.5294
DIAMONDS THREE DIAMONDS FOUR,0.5204,0.179,0.3006
CLUBS TWO SPADES FOUR,0.5524,0.0972,0.3504
DIAMONDS THREE DIAMONDS FIVE,0.5284,0.175,0.2966
CLUBS TWO SPADES FIVE,0.5522,0.0944,0.3534
CLUBS TWO SPADES TWO,0.3766,0.1208,0.5026
DIAMONDS THREE DIAMONDS EIGHT,0.278,0.1286,0.5934
SPADES EIGHT CLUBS TWO,0.424,0.0626,0.5134
DIAMONDS THREE DIAMONDS NINE,0.2868,0.0898,0.6234
SPADES NINE CLUBS TWO,0.4152,0.0456,0.5392
DIAMONDS THREE DIAMONDS SIX,0.5624,0.1818,0.2558
CLUBS TWO SPADES SIX,0.5604,0.1034,0.3362
DIAMONDS THREE DIAMONDS SEVEN,0.0768,0.8532,0.07
CLUBS SIX CLUBS TWO,0.547,0.0902,0.3628
CLUBS SEVEN CLUBS TWO,0.3096,0.4442,0.2462
CLUBS FOUR CLUBS TWO,0.5252,0.1042,0.3706
CLUBS FIVE CLUBS TWO,0.5174,0.1044,0.3782
CLUBS JACK CLUBS TEN,0.3368,0.0126,0.6506
DIAMONDS FOUR DIAMONDS SIX,0.4916,0.0902,0.4182
CLUBS QUEEN CLUBS TEN,0.347,0.0076,0.6454
DIAMONDS FOUR DIAMONDS SEVEN,0.2584,0.4466,0.295
CLUBS KING CLUBS TEN,0.3522,0.0092,0.6386
CLUBS ACE CLUBS TEN,0.3518,0.0044,0.6438
CLUBS EIGHT CLUBS TWO,0.3936,0.063,0.5434
DIAMONDS FIVE DIAMONDS FOUR,0.4794,0.0908,0.4298
CLUBS NINE CLUBS TWO,0.415,0.0394,0.5456
DIAMONDS NINE DIAMONDS FOUR,0.3874,0.0408,0.5718
DIAMONDS EIGHT DIAMONDS FOUR,0.368,0.0582,0.5738
CLUBS TWO CLUBS THREE,0.551,0.1894,0.2596
DIAMONDS NINE DIAMONDS FIVE,0.3626,0.0356,0.6018
DIAMONDS TWO CLUBS JACK,0.4386,0.0192,0.5422
DIAMONDS EIGHT DIAMONDS FIVE,0.3602,0.0564,0.5834
DIAMONDS TWO CLUBS TEN,0.4488,0.0256,0.5256
DIAMONDS FIVE DIAMONDS SEVEN,0.2506,0.4006,0.3488
DIAMONDS FIVE DIAMONDS SIX,0.4734,0.0872,0.4394
DIAMONDS TWO CLUBS ACE,0.4242,0.0048,0.571
DIAMONDS TWO CLUBS KING,0.4528,0.008,0.5392
DIAMONDS TWO CLUBS QUEEN,0.4476,0.0126,0.5398
DIAMONDS EIGHT DIAMONDS SIX,0.3556,0.0588,0.5856
DIAMONDS NINE DIAMONDS SIX,0.357,0.0406,0.6024
DIAMONDS SEVEN DIAMONDS SIX,0.2432,0.3378,0.419
DIAMONDS EIGHT DIAMONDS SEVEN,0.2536,0.1312,0.6152
DIAMONDS NINE DIAMONDS SEVEN,0.2736,0.1044,0.622
DIAMONDS NINE DIAMONDS EIGHT,0.332,0.039,0.629
DIAMONDS KING HEARTS TEN,0.3682,0.0058,0.626
HEARTS THREE HEARTS TEN,0.2846,0.065,0.6504
CLUBS SIX SPADES JACK,0.382,0.0198,0.5982
DIAMONDS KING HEARTS JACK,0.3874,0.0046,0.608
HEARTS THREE HEARTS JACK,0.2928,0.0444,0.6628
CLUBS SIX SPADES TEN,0.385,0.0254,0.5896
SPADES JACK SPADES FIVE,0.3348,0.0206,0.6446
SPADES TEN SPADES FIVE,0.3486,0.0274,0.624
DIAMONDS KING HEARTS ACE,0.3758,0.005,0.6192
HEARTS THREE HEARTS ACE,0.2764,0.0136,0.71
SPADES ACE CLUBS SIX,0.373,0.0038,0.6232
DIAMONDS KING HEARTS QUEEN,0.3808,0.0062,0.613
HEARTS THREE HEARTS QUEEN,0.2734,0.0352,0.6914
SPADES KING CLUBS SIX,0.3936,0.0076,0.5988
DIAMONDS KING HEARTS KING,0.1898,0.016,0.7942
HEARTS THREE HEARTS KING,0.2788,0.0294,0.6918
SPADES QUEEN CLUBS SIX,0.387,0.0096,0.6034
SPADES NINE HEARTS TEN,0.3476,0.0234,0.629
SPADES NINE HEARTS JACK,0.346,0.0158,0.6382
SPADES QUEEN SPADES FIVE,0.3412,0.0128,0.646
SPADES KING SPADES FIVE,0.3508,0.0098,0.6394
SPADES ACE SPADES FIVE,0.3418,0.0052,0.653
SPADES NINE HEARTS QUEEN,0.3544,0.0116,0.634
SPADES NINE HEARTS KING,0.352,0.0096,0.6384
SPADES NINE HEARTS ACE,0.3508,0.0062,0.643
SPADES JACK CLUBS TEN,0.3586,0.0136,0.6278
SPADES TEN CLUBS TEN,0.1782,0.0524,0.7694
SPADES ACE CLUBS TEN,0.3474,0.0058,0.6468
SPADES KING CLUBS TEN,0.3588,0.006,0.6352
SPADES QUEEN CLUBS TEN,0.3562,0.0104,0.6334
SPADES FIVE HEARTS QUEEN,0.3942,0.0122,0.5936
SPADES FIVE HEARTS KING,0.4036,0.0092,0.5872
SPADES FIVE HEARTS ACE,0.3918,0.0062,0.602
CLUBS EIGHT SPADES TEN,0.3554,0.0238,0.6208
HEARTS THREE SPADES JACK,0.2724,0.0528,0.6748
SPADES JACK DIAMONDS KING,0.3556,0.0072,0.6372
SPADES TEN DIAMONDS KING,0.3624,0.0092,0.6284
HEARTS THREE SPADES TEN,0.2776,0.0686,0.6538
CLUBS EIGHT SPADES JACK,0.356,0.0196,0.6244
SPADES ACE CLUBS EIGHT,0.3544,0.0054,0.6402
HEARTS FIVE CLUBS JACK,0.4092,0.0148,0.576
CLUBS SIX HEARTS ACE,0.4032,0.0044,0.5924
HEARTS FIVE CLUBS TEN,0.3976,0.0296,0.5728
CLUBS EIGHT SPADES QUEEN,0.3528,0.0136,0.6336
CLUBS SIX HEARTS QUEEN,0.4078,0.0088,0.5834
CLUBS EIGHT SPADES KING,0.371,0.0054,0.6236
CLUBS SIX HEARTS KING,0.4032,0.0054,0.5914
DIAMONDS TWO HEARTS JACK,0.4434,0.0236,0.533
DIAMONDS TWO HEARTS TEN,0.447,0.03,0.523
HEARTS FIVE CLUBS ACE,0.3904,0.0042,0.6054
SPADES FIVE HEARTS TEN,0.3918,0.0234,0.5848
HEARTS FIVE CLUBS KING,0.4038,0.0074,0.5888
SPADES FIVE HEARTS JACK,0.3734,0.0216,0.605
HEARTS FIVE CLUBS QUEEN,0.4064,0.0116,0.582
HEARTS THREE CLUBS KING,0.3048,0.0292,0.666
DIAMONDS KING CLUBS KING,0.191,0.0154,0.7936
HEARTS THREE CLUBS QUEEN,0.3036,0.0336,0.6628
DIAMONDS KING CLUBS QUEEN,0.3696,0.0068,0.6236
HEARTS FIVE HEARTS JACK,0.3836,0.0174,0.599
HEARTS FIVE HEARTS TEN,0.3928,0.0272,0.58
HEARTS THREE CLUBS ACE,0.2992,0.014,0.6868
DIAMONDS KING CLUBS ACE,0.3836,0.0044,0.612
SPADES ACE CLUBS QUEEN,0.3564,0.0056,0.638
SPADES KING CLUBS QUEEN,0.3578,0.0074,0.6348
HEARTS THREE CLUBS JACK,0.3014,0.0524,0.6462
DIAMONDS KING CLUBS JACK,0.3718,0.008,0.6202
SPADES QUEEN CLUBS QUEEN,0.1722,0.031,0.7968
HEARTS THREE CLUBS TEN,0.3084,0.0762,0.6154
DIAMONDS KING CLUBS TEN,0.3684,0.0056,0.626
SPADES JACK CLUBS QUEEN,0.3606,0.0088,0.6306
CLUBS SIX CLUBS QUEEN,0.3664,0.0128,0.6208
SPADES TEN CLUBS QUEEN,0.352,0.011,0.637
CLUBS SIX CLUBS KING,0.3902,0.0074,0.6024
CLUBS SIX CLUBS ACE,0.3654,0.0036,0.631
HEARTS FIVE HEARTS KING,0.38,0.0106,0.6094
HEARTS FIVE HEARTS QUEEN,0.3664,0.0122,0.6214
CLUBS SIX CLUBS TEN,0.3692,0.0246,0.6062
HEARTS FIVE HEARTS ACE,0.371,0.0062,0.6228
CLUBS SIX CLUBS JACK,0.382,0.017,0.601
DIAMONDS TWO CLUBS TWO,0.3842,0.1246,0.4912
DIAMONDS TWO CLUBS THREE,0.5772,0.1876,0.2352
HEARTS SIX DIAMONDS TWO,0.555,0.1018,0.3432
DIAMONDS TWO HEARTS QUEEN,0.4314,0.0158,0.5528
DIAMONDS TWO HEARTS SEVEN,0.3076,0.5006,0.1918
DIAMONDS TWO HEARTS KING,0.435,0.0112,0.5538
DIAMONDS TWO HEARTS EIGHT,0.4346,0.0684,0.497
DIAMONDS TWO HEARTS ACE,0.43,0.0056,0.5644
DIAMONDS TWO HEARTS NINE,0.44,0.0436,0.5164
DIAMONDS TWO DIAMONDS QUEEN,0.4146,0.013,0.5724
DIAMONDS TWO HEARTS TWO,0.3766,0.1206,0.5028
DIAMONDS TWO DIAMONDS KING,0.422,0.0084,0.5696
HEARTS THREE DIAMONDS TWO,0.5834,0.1848,0.2318
DIAMONDS TWO DIAMONDS ACE,0.3932,0.0056,0.6012
HEARTS FOUR DIAMONDS TWO,0.5728,0.0998,0.3274
DIAMONDS TWO HEARTS FIVE,0.5534,0.0966,0.35
DIAMONDS TWO DIAMONDS TEN,0.4158,0.0322,0.552
DIAMONDS TWO DIAMONDS JACK,0.4188,0.021,0.5602
DIAMONDS TWO SPADES NINE,0.4304,0.0444,0.5252
DIAMONDS TWO SPADES EIGHT,0.4136,0.0656,0.5208
DIAMONDS TWO SPADES SIX,0.5836,0.0978,0.3186
DIAMONDS TWO SPADES FIVE,0.5462,0.101,0.3528
DIAMONDS TWO SPADES FOUR,0.5516,0.1054,0.343
DIAMONDS TWO SPADES TWO,0.3672,0.1242,0.5086
CLUBS NINE DIAMONDS TWO,0.439,0.0408,0.5202
CLUBS EIGHT DIAMONDS TWO,0.424,0.0634,0.5126
DIAMONDS TWO CLUBS SEVEN,0.3214,0.4712,0.2074
CLUBS SIX DIAMONDS TWO,0.5692,0.0956,0.3352
DIAMONDS TWO CLUBS FIVE,0.565,0.097,0.338
DIAMONDS TWO CLUBS FOUR,0.5542,0.104,0.3418
CLUBS FOUR SPADES FIVE,0.506,0.0996,0.3944
CLUBS FOUR SPADES FOUR,0.2824,0.111,0.6066
CLUBS FOUR SPADES TWO,0.562,0.1016,0.3364
CLUBS FOUR SPADES NINE,0.3978,0.036,0.5662
CLUBS FOUR SPADES EIGHT,0.3796,0.0672,0.5532
CLUBS FOUR SPADES SIX,0.5222,0.1024,0.3754
SPADES ACE DIAMONDS SIX,0.3894,0.0042,0.6064
SPADES QUEEN DIAMONDS SIX,0.386,0.0146,0.5994
SPADES KING DIAMONDS SIX,0.3978,0.0104,0.5918
SPADES TEN DIAMONDS SIX,0.386,0.0246,0.5894
SPADES JACK DIAMONDS SIX,0.3936,0.0186,0.5878
SPADES QUEEN SPADES TWO,0.3788,0.0144,0.6068
SPADES KING SPADES TWO,0.3856,0.0108,0.6036
SPADES ACE SPADES TWO,0.367,0.0078,0.6252
DIAMONDS JACK CLUBS JACK,0.1828,0.0414,0.7758
DIAMONDS JACK CLUBS TEN,0.378,0.0134,0.6086
DIAMONDS JACK CLUBS KING,0.3696,0.0068,0.6236
DIAMONDS JACK CLUBS QUEEN,0.3754,0.0106,0.614
DIAMONDS THREE DIAMONDS JACK,0.2804,0.0598,0.6598
DIAMONDS THREE DIAMONDS TEN,0.287,0.0662,0.6468
DIAMONDS JACK CLUBS ACE,0.386,0.0056,0.6084
DIAMONDS THREE DIAMONDS KING,0.2886,0.0252,0.6862
HEARTS THREE DIAMONDS THREE,0.293,0.0808,0.6262
DIAMONDS THREE DIAMONDS QUEEN,0.2744,0.041,0.6846
DIAMONDS THREE HEARTS TWO,0.5812,0.1962,0.2226
HEARTS FIVE DIAMONDS THREE,0.5614,0.191,0.2476
DIAMONDS THREE DIAMONDS ACE,0.2838,0.0134,0.7028
HEARTS FOUR DIAMONDS THREE,0.5638,0.1824,0.2538
DIAMONDS THREE HEARTS SEVEN,0.0684,0.9106,0.021
SPADES TEN SPADES NINE,0.3004,0.0234,0.6762
HEARTS SIX DIAMONDS THREE,0.579,0.184,0.237
SPADES JACK SPADES NINE,0.3042,0.0214,0.6744
DIAMONDS THREE HEARTS NINE,0.2926,0.1024,0.605
HEARTS JACK DIAMONDS FOUR,0.4164,0.0168,0.5668
HEARTS KING HEARTS ACE,0.349,0.0042,0.6468
SPADES TEN SPADES TWO,0.3956,0.032,0.5724
DIAMONDS THREE HEARTS EIGHT,0.304,0.1332,0.5628
HEARTS TEN DIAMONDS FOUR,0.3938,0.0264,0.5798
SPADES JACK SPADES TWO,0.3928,0.0224,0.5848
HEARTS QUEEN DIAMONDS FOUR,0.3992,0.0156,0.5852
HEARTS KING DIAMONDS FOUR,0.4076,0.0096,0.5828
SPADES ACE SPADES NINE,0.3216,0.0066,0.6718
HEARTS ACE DIAMONDS FOUR,0.3822,0.0046,0.6132
SPADES KING SPADES NINE,0.3136,0.008,0.6784
SPADES QUEEN SPADES NINE,0.3224,0.013,0.6646
DIAMONDS THREE SPADES NINE,0.2772,0.0988,0.624
DIAMONDS THREE SPADES EIGHT,0.2896,0.1378,0.5726
DIAMONDS THREE SPADES SIX,0.5772,0.1792,0.2436
CLUBS SIX DIAMONDS THREE,0.582,0.1902,0.2278
CLUBS ACE DIAMONDS FOUR,0.3912,0.0058,0.603
CLUBS SIX CLUBS FIVE,0.482,0.0842,0.4338
CLUBS SEVEN CLUBS FIVE,0.243,0.3924,0.3646
CLUBS SEVEN DIAMONDS THREE,0.0678,0.9092,0.023
DIAMONDS THREE CLUBS FOUR,0.5576,0.1898,0.2526
CLUBS QUEEN DIAMONDS FOUR,0.4028,0.0104,0.5868
DIAMONDS THREE CLUBS FIVE,0.56,0.189,0.251
CLUBS KING DIAMONDS FOUR,0.4038,0.0078,0.5884
DIAMONDS THREE CLUBS TWO,0.5898,0.193,0.2172
DIAMONDS FOUR CLUBS TEN,0.3968,0.0272,0.576
DIAMONDS THREE CLUBS THREE,0.31,0.0844,0.6056
DIAMONDS FOUR CLUBS JACK,0.415,0.0204,0.5646
DIAMONDS THREE SPADES FOUR,0.544,0.1878,0.2682
DIAMONDS THREE SPADES FIVE,0.554,0.1926,0.2534
DIAMONDS THREE SPADES TWO,0.5818,0.1894,0.2288
CLUBS EIGHT DIAMONDS THREE,0.2918,0.14,0.5682
CLUBS NINE DIAMONDS THREE,0.301,0.0992,0.5998
CLUBS FIVE SPADES SIX,0.5026,0.1,0.3974
SPADES NINE CLUBS FIVE,0.3756,0.0448,0.5796
CLUBS FIVE SPADES EIGHT,0.3624,0.0592,0.5784
CLUBS FIVE SPADES TWO,0.5484,0.098,0.3536
CLUBS FIVE SPADES FIVE,0.2742,0.1038,0.622
CLUBS FIVE SPADES FOUR,0.5062,0.097,0.3968
CLUBS NINE CLUBS FIVE,0.3754,0.0358,0.5888
CLUBS EIGHT CLUBS FIVE,0.352,0.0624,0.5856
CLUBS ACE CLUBS QUEEN,0.352,0.0038,0.6442
CLUBS KING CLUBS QUEEN,0.3398,0.0076,0.6526
DIAMONDS TEN DIAMONDS FOUR,0.3824,0.0258,0.5918
DIAMONDS NINE CLUBS TEN,0.355,0.0214,0.6236
DIAMONDS JACK DIAMONDS FOUR,0.3862,0.0172,0.5966
DIAMONDS NINE CLUBS JACK,0.3652,0.0142,0.6206
SPADES NINE CLUBS JACK,0.3484,0.0136,0.638
SPADES NINE CLUBS TEN,0.355,0.0292,0.6158
DIAMONDS ACE DIAMONDS FOUR,0.369,0.004,0.627
HEARTS FOUR DIAMONDS FOUR,0.2856,0.1178,0.5966
DIAMONDS JACK HEARTS TEN,0.359,0.014,0.627
SPADES NINE CLUBS KING,0.3616,0.0092,0.6292
DIAMONDS TWO SPADES TEN,0.4382,0.0276,0.5342
DIAMONDS NINE CLUBS ACE,0.3796,0.004,0.6164
HEARTS FIVE DIAMONDS FOUR,0.5046,0.099,0.3964
HEARTS JACK DIAMONDS JACK,0.1876,0.0422,0.7702
SPADES NINE CLUBS QUEEN,0.368,0.0104,0.6216
DIAMONDS TWO SPADES JACK,0.4308,0.0196,0.5496
DIAMONDS QUEEN DIAMONDS FOUR,0.3736,0.0108,0.6156
HEARTS TWO DIAMONDS FOUR,0.569,0.0948,0.3362
DIAMONDS NINE CLUBS QUEEN,0.3794,0.0114,0.6092
DIAMONDS KING DIAMONDS FOUR,0.3932,0.009,0.5978
HEARTS THREE DIAMONDS FOUR,0.5656,0.1934,0.241
SPADES NINE CLUBS ACE,0.3614,0.006,0.6326
DIAMONDS NINE CLUBS KING,0.3734,0.007,0.6196
HEARTS ACE DIAMONDS JACK,0.3794,0.0054,0.6152
SPADES ACE DIAMONDS TWO,0.4122,0.0062,0.5816
DIAMONDS JACK HEARTS QUEEN,0.3832,0.0104,0.6064
SPADES QUEEN DIAMONDS TWO,0.4294,0.0134,0.5572
HEARTS KING DIAMONDS JACK,0.3846,0.0058,0.6096
SPADES KING DIAMONDS TWO,0.4332,0.012,0.5548
CLUBS SEVEN CLUBS THREE,0.0688,0.8578,0.0734
CLUBS SIX CLUBS THREE,0.543,0.1752,0.2818
CLUBS FIVE CLUBS THREE,0.536,0.1742,0.2898
CLUBS FOUR CLUBS THREE,0.5318,0.1762,0.292
CLUBS NINE CLUBS THREE,0.2698,0.1006,0.6296
CLUBS EIGHT CLUBS THREE,0.28,0.1346,0.5854
CLUBS THREE SPADES FIVE,0.552,0.1988,0.2492
CLUBS THREE SPADES FOUR,0.5608,0.1874,0.2518
CLUBS THREE SPADES TWO,0.5814,0.1932,0.2254
SPADES SIX CLUBS THREE,0.5714,0.1914,0.2372
SPADES EIGHT CLUBS THREE,0.2878,0.1336,0.5786
SPADES NINE CLUBS THREE,0.294,0.0954,0.6106
SPADES TWO DIAMONDS FOUR,0.564,0.1034,0.3326
SPADES FOUR DIAMONDS FOUR,0.276,0.1218,0.6022
SPADES FIVE DIAMONDS FOUR,0.5012,0.1022,0.3966
SPADES SIX DIAMONDS FOUR,0.5172,0.0978,0.385
SPADES EIGHT DIAMONDS FOUR,0.3804,0.0604,0.5592
SPADES NINE DIAMONDS FOUR,0.3906,0.0436,0.5658
CLUBS FIVE DIAMONDS FOUR,0.5148,0.0954,0.3898
CLUBS FOUR DIAMONDS FOUR,0.2826,0.1182,0.5992
CLUBS SEVEN DIAMONDS FOUR,0.2608,0.4836,0.2556
CLUBS SIX DIAMONDS FOUR,0.529,0.103,0.368
CLUBS NINE DIAMONDS FOUR,0.4112,0.0448,0.544
CLUBS EIGHT DIAMONDS FOUR,0.3864,0.0624,0.5512
DIAMONDS FOUR HEARTS SEVEN,0.251,0.4794,0.2696
HEARTS SIX DIAMONDS FOUR,0.5284,0.0944,0.3772
HEARTS NINE DIAMONDS FOUR,0.3998,0.0464,0.5538
DIAMONDS FOUR HEARTS EIGHT,0.3794,0.0734,0.5472
CLUBS THREE DIAMONDS FOUR,0.5736,0.1804,0.246
CLUBS TWO DIAMONDS FOUR,0.569,0.0954,0.3356
DIAMONDS TEN DIAMONDS FIVE,0.3852,0.0254,0.5894
DIAMONDS JACK DIAMONDS FIVE,0.3762,0.0172,0.6066
DIAMONDS NINE HEARTS QUEEN,0.3648,0.0092,0.626
HEARTS KING DIAMONDS NINE,0.367,0.007,0.626
DIAMONDS NINE HEARTS ACE,0.3804,0.0036,0.616
DIAMONDS NINE HEARTS TEN,0.3486,0.0212,0.6302
DIAMONDS NINE HEARTS JACK,0.3598,0.0164,0.6238
CLUBS KING DIAMONDS SIX,0.4046,0.0076,0.5878
CLUBS QUEEN DIAMONDS SIX,0.3984,0.0124,0.5892
CLUBS ACE DIAMONDS SIX,0.405,0.006,0.589
SPADES KING DIAMONDS FOUR,0.3964,0.0102,0.5934
SPADES QUEEN DIAMONDS FOUR,0.3952,0.014,0.5908
CLUBS JACK DIAMONDS SIX,0.3988,0.0166,0.5846
SPADES ACE DIAMONDS FOUR,0.3786,0.0052,0.6162
CLUBS TEN DIAMONDS SIX,0.3928,0.0268,0.5804
CLUBS NINE CLUBS FOUR,0.381,0.0394,0.5796
CLUBS EIGHT CLUBS FOUR,0.3782,0.057,0.5648
SPADES JACK DIAMONDS FOUR,0.3906,0.0218,0.5876
SPADES TEN DIAMONDS FOUR,0.3772,0.0304,0.5924
CLUBS FOUR CLUBS FIVE,0.483,0.099,0.418
CLUBS SEVEN CLUBS FOUR,0.2558,0.4402,0.304
CLUBS SIX CLUBS FOUR,0.4908,0.0934,0.4158
CLUBS SEVEN SPADES EIGHT,0.2472,0.1344,0.6184
CLUBS SEVEN SPADES NINE,0.2598,0.1098,0.6304
CLUBS SEVEN SPADES SIX,0.246,0.3624,0.3916
CLUBS SEVEN SPADES FIVE,0.2508,0.4202,0.329
CLUBS SEVEN SPADES FOUR,0.2598,0.4788,0.2614
CLUBS SEVEN SPADES TWO,0.3122,0.4804,0.2074
CLUBS NINE CLUBS SEVEN,0.257,0.1006,0.6424
CLUBS EIGHT CLUBS SEVEN,0.2524,0.1384,0.6092
HEARTS SIX DIAMONDS FIVE,0.5206,0.0998,0.3796
DIAMONDS FIVE HEARTS SEVEN,0.2676,0.413,0.3194
DIAMONDS FIVE HEARTS EIGHT,0.3896,0.0594,0.551
HEARTS NINE DIAMONDS FIVE,0.3852,0.038,0.5768
DIAMONDS QUEEN DIAMONDS FIVE,0.3724,0.0136,0.614
HEARTS TWO DIAMONDS FIVE,0.5604,0.102,0.3376
HEARTS KING HEARTS EIGHT,0.353,0.0072,0.6398
DIAMONDS KING DIAMONDS FIVE,0.3842,0.0082,0.6076
HEARTS THREE DIAMONDS FIVE,0.5608,0.1912,0.248
HEARTS QUEEN HEARTS EIGHT,0.3564,0.0108,0.6328
DIAMONDS ACE DIAMONDS FIVE,0.363,0.0056,0.6314
HEARTS FOUR DIAMONDS FIVE,0.51,0.101,0.389
HEARTS FIVE DIAMONDS FIVE,0.2712,0.116,0.6128
HEARTS ACE HEARTS EIGHT,0.3446,0.0052,0.6502
CLUBS FOUR DIAMONDS FIVE,0.5058,0.1044,0.3898
CLUBS FIVE DIAMONDS FIVE,0.2898,0.1048,0.6054
CLUBS SIX DIAMONDS FIVE,0.5164,0.1004,0.3832
CLUBS SEVEN DIAMONDS FIVE,0.2548,0.4132,0.332
CLUBS TWO DIAMONDS FIVE,0.5584,0.1036,0.338
CLUBS THREE DIAMONDS FIVE,0.5666,0.1884,0.245
SPADES TWO DIAMONDS FIVE,0.548,0.0996,0.3524
SPADES JACK DIAMONDS EIGHT,0.3624,0.0178,0.6198
SPADES FIVE DIAMONDS FIVE,0.2722,0.1066,0.6212
HEARTS JACK CLUBS TEN,0.3626,0.0132,0.6242
SPADES TEN DIAMONDS EIGHT,0.3386,0.0268,0.6346
SPADES FOUR DIAMONDS FIVE,0.51,0.0934,0.3966
HEARTS JACK CLUBS JACK,0.193,0.0398,0.7672
HEARTS JACK CLUBS QUEEN,0.373,0.0102,0.6168
CLUBS NINE DIAMONDS FIVE,0.4008,0.0384,0.5608
HEARTS JACK CLUBS KING,0.377,0.0044,0.6186
CLUBS EIGHT DIAMONDS FIVE,0.372,0.0608,0.5672
HEARTS JACK CLUBS ACE,0.3756,0.0028,0.6216
SPADES KING DIAMONDS EIGHT,0.3692,0.009,0.6218
SPADES SIX DIAMONDS FIVE,0.5078,0.1022,0.39
SPADES QUEEN DIAMONDS EIGHT,0.3542,0.0116,0.6342
SPADES NINE DIAMONDS FIVE,0.3836,0.0442,0.5722
SPADES EIGHT DIAMONDS FIVE,0.3624,0.066,0.5716
SPADES ACE DIAMONDS EIGHT,0.3502,0.0042,0.6456
DIAMONDS TEN DIAMONDS SIX,0.371,0.0262,0.6028
HEARTS ACE DIAMONDS SEVEN,0.289,0.0288,0.6822
DIAMONDS JACK DIAMONDS SIX,0.3796,0.0188,0.6016
HEARTS QUEEN DIAMONDS SEVEN,0.2882,0.0476,0.6642
HEARTS KING DIAMONDS SEVEN,0.2908,0.0382,0.671
DIAMONDS ACE DIAMONDS SIX,0.372,0.0052,0.6228
HEARTS FOUR DIAMONDS SIX,0.5236,0.0978,0.3786
SPADES TWO HEARTS JACK,0.4328,0.0176,0.5496
HEARTS FIVE DIAMONDS SIX,0.4954,0.0994,0.4052
SPADES TWO HEARTS TEN,0.4404,0.032,0.5276
DIAMONDS QUEEN DIAMONDS SIX,0.3814,0.0092,0.6094
HEARTS TWO DIAMONDS SIX,0.5722,0.1052,0.3226
DIAMONDS KING DIAMONDS SIX,0.3754,0.01,0.6146
HEARTS THREE DIAMONDS SIX,0.5912,0.1822,0.2266
HEARTS EIGHT DIAMONDS SIX,0.3704,0.0576,0.572
HEARTS NINE DIAMONDS SIX,0.3688,0.0418,0.5894
HEARTS SIX DIAMONDS SIX,0.2732,0.1048,0.622
HEARTS SEVEN DIAMONDS SIX,0.255,0.3502,0.3948
HEARTS TEN DIAMONDS SEVEN,0.294,0.0744,0.6316
CLUBS TWO DIAMONDS SIX,0.5748,0.0946,0.3306
HEARTS JACK DIAMONDS SEVEN,0.2982,0.0526,0.6492
CLUBS THREE DIAMONDS SIX,0.577,0.1802,0.2428
DIAMONDS EIGHT CLUBS JACK,0.379,0.0164,0.6046
CLUBS SEVEN DIAMONDS SIX,0.2596,0.3496,0.3908
CLUBS SIX DIAMONDS SIX,0.2962,0.0918,0.612
DIAMONDS EIGHT CLUBS TEN,0.353,0.0252,0.6218
CLUBS FIVE DIAMONDS SIX,0.506,0.0984,0.3956
CLUBS FOUR DIAMONDS SIX,0.5278,0.0998,0.3724
HEARTS ACE HEARTS JACK,0.3364,0.0046,0.659
DIAMONDS EIGHT CLUBS ACE,0.37,0.0024,0.6276
HEARTS JACK HEARTS QUEEN,0.3366,0.0112,0.6522
DIAMONDS EIGHT CLUBS KING,0.381,0.008,0.611
CLUBS NINE DIAMONDS SIX,0.3968,0.036,0.5672
HEARTS KING HEARTS JACK,0.3622,0.0086,0.6292
DIAMONDS EIGHT CLUBS QUEEN,0.3794,0.01,0.6106
CLUBS EIGHT DIAMONDS SIX,0.3742,0.0664,0.5594
SPADES TEN HEARTS KING,0.3596,0.0072,0.6332
SPADES FIVE DIAMONDS SIX,0.513,0.0972,0.3898
HEARTS ACE SPADES TWO,0.422,0.0054,0.5726
SPADES JACK HEARTS KING,0.3586,0.0066,0.6348
SPADES FOUR DIAMONDS SIX,0.5266,0.0918,0.3816
SPADES TWO HEARTS QUEEN,0.4198,0.0158,0.5644
SPADES ACE SPADES KING,0.324,0.0054,0.6706
HEARTS KING SPADES TWO,0.4472,0.0094,0.5434
SPADES TWO DIAMONDS SIX,0.5638,0.1028,0.3334
HEARTS TEN HEARTS EIGHT,0.3446,0.0226,0.6328
SPADES NINE DIAMONDS SIX,0.3666,0.0428,0.5906
HEARTS JACK HEARTS EIGHT,0.3592,0.019,0.6218
SPADES EIGHT DIAMONDS SIX,0.3624,0.0586,0.579
SPADES SIX DIAMONDS SIX,0.2756,0.1028,0.6216
SPADES KING HEARTS KING,0.1686,0.019,0.8124
SPADES QUEEN HEARTS KING,0.3552,0.0086,0.6362
CLUBS ACE CLUBS KING,0.3574,0.0046,0.638
SPADES ACE HEARTS KING,0.3588,0.0052,0.636
SPADES ACE HEARTS JACK,0.359,0.005,0.636
SPADES QUEEN HEARTS JACK,0.354,0.0108,0.6352
SPADES KING HEARTS JACK,0.37,0.0102,0.6198
SPADES TEN DIAMONDS TEN,0.1778,0.0564,0.7658
SPADES JACK DIAMONDS TEN,0.3554,0.013,0.6316
SPADES ACE DIAMONDS TEN,0.3546,0.0058,0.6396
SPADES JACK HEARTS JACK,0.178,0.0448,0.7772
SPADES TEN HEARTS JACK,0.3612,0.0142,0.6246
SPADES QUEEN DIAMONDS TEN,0.3536,0.0104,0.636
SPADES KING DIAMONDS TEN,0.3568,0.0074,0.6358
SPADES NINE DIAMONDS SEVEN,0.2674,0.1084,0.6242
SPADES EIGHT DIAMONDS SEVEN,0.2422,0.1408,0.617
SPADES SIX DIAMONDS SEVEN,0.2406,0.3552,0.4042
DIAMONDS KING DIAMONDS SEVEN,0.2618,0.041,0.6972
HEARTS THREE DIAMONDS SEVEN,0.0806,0.8978,0.0216
HEARTS KING DIAMONDS FIVE,0.399,0.0076,0.5934
DIAMONDS QUEEN DIAMONDS SEVEN,0.2726,0.0412,0.6862
HEARTS TWO DIAMONDS SEVEN,0.3268,0.477,0.1962
HEARTS QUEEN DIAMONDS FIVE,0.4108,0.0124,0.5768
HEARTS FIVE DIAMONDS SEVEN,0.2606,0.4198,0.3196
DIAMONDS ACE DIAMONDS SEVEN,0.2624,0.0292,0.7084
HEARTS FOUR DIAMONDS SEVEN,0.2596,0.4736,0.2668
HEARTS ACE DIAMONDS FIVE,0.3936,0.002,0.6044
HEARTS SEVEN DIAMONDS SEVEN,0.132,0.0942,0.7738
HEARTS SIX DIAMONDS SEVEN,0.2692,0.3448,0.386
HEARTS NINE DIAMONDS SEVEN,0.2926,0.1068,0.6006
DIAMONDS SEVEN HEARTS EIGHT,0.266,0.1334,0.6006
DIAMONDS JACK DIAMONDS SEVEN,0.26,0.0588,0.6812
HEARTS JACK DIAMONDS FIVE,0.3988,0.0196,0.5816
DIAMONDS TEN DIAMONDS SEVEN,0.2624,0.072,0.6656
DIAMONDS FIVE HEARTS TEN,0.4022,0.023,0.5748
SPADES KING CLUBS TWO,0.4312,0.0086,0.5602
HEARTS KING CLUBS KING,0.1846,0.0174,0.798
CLUBS EIGHT DIAMONDS SEVEN,0.2662,0.1362,0.5976
SPADES QUEEN CLUBS TWO,0.425,0.0138,0.5612
HEARTS KING CLUBS QUEEN,0.3798,0.0066,0.6136
CLUBS NINE DIAMONDS SEVEN,0.2826,0.1122,0.6052
SPADES TWO CLUBS JACK,0.4354,0.0186,0.546
SPADES ACE CLUBS TWO,0.4118,0.007,0.5812
SPADES TWO CLUBS TEN,0.4212,0.0312,0.5476
HEARTS KING CLUBS ACE,0.3886,0.0032,0.6082
CLUBS SIX CLUBS SEVEN,0.2474,0.325,0.4276
SPADES TWO CLUBS KING,0.4298,0.01,0.5602
SPADES TWO DIAMONDS SEVEN,0.2948,0.5,0.2052
CLUBS EIGHT CLUBS SIX,0.3562,0.0562,0.5876
SPADES TWO CLUBS QUEEN,0.434,0.0126,0.5534
CLUBS NINE CLUBS SIX,0.3626,0.0416,0.5958
SPADES FOUR DIAMONDS SEVEN,0.2532,0.4724,0.2744
HEARTS KING CLUBS JACK,0.3828,0.008,0.6092
SPADES FIVE DIAMONDS SEVEN,0.2556,0.425,0.3194
SPADES TWO CLUBS ACE,0.4114,0.0052,0.5834
HEARTS KING CLUBS TEN,0.3862,0.0058,0.608
CLUBS SIX SPADES TWO,0.5582,0.1048,0.337
CLUBS TWO DIAMONDS SEVEN,0.325,0.4842,0.1908
CLUBS SIX SPADES FOUR,0.5224,0.0978,0.3798
CLUBS THREE DIAMONDS SEVEN,0.0658,0.9146,0.0196
CLUBS SIX SPADES FIVE,0.5124,0.0898,0.3978
CLUBS FOUR DIAMONDS SEVEN,0.262,0.4846,0.2534
CLUBS SIX SPADES SIX,0.2722,0.1006,0.6272
CLUBS FIVE DIAMONDS SEVEN,0.2552,0.4198,0.325
CLUBS SIX DIAMONDS SEVEN,0.245,0.362,0.393
CLUBS SIX SPADES EIGHT,0.3548,0.0538,0.5914
SPADES JACK CLUBS TWO,0.432,0.021,0.547
CLUBS SIX SPADES NINE,0.3564,0.0398,0.6038
SPADES TEN CLUBS TWO,0.4238,0.0342,0.542
CLUBS SEVEN DIAMONDS SEVEN,0.1374,0.0958,0.7668
CLUBS TWO CLUBS QUEEN,0.4116,0.0136,0.5748
CLUBS TWO CLUBS KING,0.42,0.0078,0.5722
CLUBS THREE DIAMONDS EIGHT,0.2942,0.135,0.5708
CLUBS TWO CLUBS ACE,0.4052,0.006,0.5888
CLUBS TWO DIAMONDS EIGHT,0.4342,0.0666,0.4992
DIAMONDS EIGHT HEARTS SEVEN,0.2656,0.1442,0.5902
HEARTS SIX DIAMONDS EIGHT,0.3864,0.0656,0.548
DIAMONDS EIGHT HEARTS NINE,0.3554,0.041,0.6036
CLUBS TWO CLUBS TEN,0.4148,0.0282,0.557
DIAMONDS EIGHT HEARTS EIGHT,0.1864,0.0846,0.729
CLUBS TWO CLUBS JACK,0.408,0.0208,0.5712
CLUBS NINE DIAMONDS EIGHT,0.3486,0.0372,0.6142
CLUBS EIGHT DIAMONDS EIGHT,0.188,0.078,0.734
CLUBS FIVE DIAMONDS EIGHT,0.3784,0.0624,0.5592
CLUBS FOUR DIAMONDS EIGHT,0.3942,0.0652,0.5406
CLUBS SEVEN DIAMONDS EIGHT,0.256,0.1382,0.6058
CLUBS SIX DIAMONDS EIGHT,0.3774,0.0604,0.5622
DIAMONDS QUEEN DIAMONDS EIGHT,0.3668,0.0102,0.623
HEARTS TWO DIAMONDS EIGHT,0.4376,0.0666,0.4958
DIAMONDS KING DIAMONDS EIGHT,0.3608,0.007,0.6322
HEARTS THREE DIAMONDS EIGHT,0.2948,0.1408,0.5644
DIAMONDS ACE DIAMONDS EIGHT,0.3472,0.0044,0.6484
HEARTS FOUR DIAMONDS EIGHT,0.395,0.0588,0.5462
HEARTS FIVE DIAMONDS EIGHT,0.3668,0.0624,0.5708
DIAMONDS EIGHT DIAMONDS TEN,0.3472,0.022,0.6308
DIAMONDS EIGHT DIAMONDS JACK,0.3536,0.0144,0.632
CLUBS FOUR HEARTS ACE,0.3918,0.0056,0.6026
CLUBS FOUR HEARTS QUEEN,0.4014,0.0132,0.5854
CLUBS FOUR HEARTS KING,0.4034,0.0094,0.5872
CLUBS SIX HEARTS TEN,0.4052,0.0244,0.5704
CLUBS SIX HEARTS JACK,0.4168,0.0146,0.5686
SPADES FOUR DIAMONDS EIGHT,0.372,0.0676,0.5604
SPADES FIVE DIAMONDS EIGHT,0.3742,0.0598,0.566
DIAMONDS EIGHT SPADES TWO,0.4298,0.0648,0.5054
CLUBS FOUR HEARTS JACK,0.408,0.0198,0.5722
SPADES EIGHT DIAMONDS EIGHT,0.1742,0.087,0.7388
SPADES TEN DIAMONDS QUEEN,0.3454,0.0088,0.6458
SPADES TEN HEARTS TWO,0.4194,0.0316,0.549
SPADES JACK HEARTS EIGHT,0.349,0.0178,0.6332
CLUBS FOUR HEARTS TEN,0.4036,0.0258,0.5706
SPADES NINE DIAMONDS EIGHT,0.3266,0.038,0.6354
SPADES TEN HEARTS EIGHT,0.3394,0.03,0.6306
SPADES JACK HEARTS TWO,0.4348,0.0214,0.5438
SPADES JACK DIAMONDS QUEEN,0.366,0.0126,0.6214
SPADES SIX DIAMONDS EIGHT,0.3636,0.0688,0.5676
SPADES ACE HEARTS TWO,0.418,0.008,0.574
SPADES ACE DIAMONDS QUEEN,0.3706,0.0048,0.6246
SPADES ACE HEARTS EIGHT,0.3488,0.0056,0.6456
SPADES KING HEARTS EIGHT,0.3586,0.008,0.6334
SPADES QUEEN HEARTS TWO,0.4246,0.0182,0.5572
SPADES QUEEN DIAMONDS QUEEN,0.1698,0.0322,0.798
SPADES KING DIAMONDS QUEEN,0.3642,0.0058,0.63
SPADES KING HEARTS TWO,0.4298,0.0084,0.5618
SPADES QUEEN HEARTS EIGHT,0.3548,0.0114,0.6338
CLUBS TWO HEARTS TEN,0.4342,0.0314,0.5344
CLUBS TWO HEARTS JACK,0.451,0.017,0.532
SPADES SIX DIAMONDS NINE,0.379,0.0444,0.5766
SPADES NINE DIAMONDS NINE,0.1706,0.0726,0.7568
SPADES EIGHT DIAMONDS NINE,0.3286,0.0392,0.6322
SPADES TEN CLUBS KING,0.356,0.0078,0.6362
SPADES JACK CLUBS KING,0.353,0.0094,0.6376
DIAMONDS NINE SPADES TWO,0.4256,0.0468,0.5276
SPADES FIVE DIAMONDS NINE,0.3754,0.039,0.5856
DIAMONDS NINE SPADES FOUR,0.3906,0.0466,0.5628
CLUBS NINE DIAMONDS NINE,0.1872,0.0626,0.7502
CLUBS EIGHT DIAMONDS NINE,0.3484,0.0382,0.6134
CLUBS SIX DIAMONDS NINE,0.3806,0.042,0.5774
SPADES JACK CLUBS FOUR,0.3898,0.0196,0.5906
SPADES TEN CLUBS FOUR,0.3886,0.0292,0.5822
CLUBS SEVEN DIAMONDS NINE,0.276,0.1,0.624
CLUBS FOUR DIAMONDS NINE,0.3998,0.0428,0.5574
CLUBS FIVE DIAMONDS NINE,0.395,0.0376,0.5674
CLUBS TWO DIAMONDS NINE,0.4416,0.0404,0.518
CLUBS THREE DIAMONDS NINE,0.2954,0.0954,0.6092
DIAMONDS NINE HEARTS EIGHT,0.35,0.0356,0.6144
DIAMONDS NINE HEARTS NINE,0.1918,0.0636,0.7446
HEARTS SIX DIAMONDS NINE,0.3738,0.0428,0.5834
DIAMONDS NINE HEARTS SEVEN,0.2866,0.1106,0.6028
CLUBS EIGHT CLUBS NINE,0.3322,0.0322,0.6356
DIAMONDS ACE DIAMONDS NINE,0.352,0.0038,0.6442
HEARTS FOUR DIAMONDS NINE,0.406,0.0444,0.5496
HEARTS FIVE DIAMONDS NINE,0.3758,0.0456,0.5786
CLUBS TWO HEARTS ACE,0.4286,0.0064,0.565
SPADES ACE CLUBS FOUR,0.3868,0.0052,0.608
DIAMONDS QUEEN DIAMONDS NINE,0.3404,0.0114,0.6482
HEARTS TWO DIAMONDS NINE,0.4276,0.0446,0.5278
CLUBS TWO HEARTS KING,0.431,0.0098,0.5592
SPADES KING CLUBS FOUR,0.3822,0.0082,0.6096
DIAMONDS KING DIAMONDS NINE,0.348,0.0078,0.6442
HEARTS THREE DIAMONDS NINE,0.285,0.0918,0.6232
CLUBS TWO HEARTS QUEEN,0.4374,0.0124,0.5502
SPADES QUEEN CLUBS FOUR,0.3898,0.0126,0.5976
DIAMONDS NINE DIAMONDS JACK,0.339,0.017,0.644
CLUBS EIGHT SPADES NINE,0.3352,0.0356,0.6292
DIAMONDS NINE DIAMONDS TEN,0.3382,0.0214,0.6404
CLUBS EIGHT SPADES EIGHT,0.1694,0.0832,0.7474
CLUBS EIGHT SPADES SIX,0.3752,0.0576,0.5672
CLUBS EIGHT SPADES FIVE,0.3646,0.0702,0.5652
CLUBS EIGHT SPADES FOUR,0.383,0.0624,0.5546
CLUBS EIGHT SPADES TWO,0.4242,0.0586,0.5172
HEARTS SIX DIAMONDS TEN,0.399,0.027,0.574
DIAMONDS TEN HEARTS SEVEN,0.2976,0.0694,0.633
DIAMONDS TEN HEARTS EIGHT,0.3662,0.0274,0.6064
CLUBS FOUR CLUBS JACK,0.385,0.024,0.591
DIAMONDS TEN HEARTS NINE,0.3548,0.0194,0.6258
CLUBS FOUR CLUBS TEN,0.3812,0.0232,0.5956
CLUBS FOUR CLUBS KING,0.3798,0.0084,0.6118
CLUBS FOUR CLUBS QUEEN,0.3768,0.0142,0.609
CLUBS TWO DIAMONDS TEN,0.4404,0.0302,0.5294
CLUBS THREE DIAMONDS TEN,0.2982,0.0686,0.6332
CLUBS FOUR CLUBS ACE,0.3724,0.004,0.6236
DIAMONDS JACK DIAMONDS TEN,0.3312,0.0132,0.6556
DIAMONDS QUEEN DIAMONDS TEN,0.3422,0.0082,0.6496
HEARTS TWO DIAMONDS TEN,0.4414,0.0282,0.5304
DIAMONDS KING DIAMONDS TEN,0.3526,0.0062,0.6412
HEARTS THREE DIAMONDS TEN,0.2944,0.0654,0.6402
DIAMONDS ACE DIAMONDS TEN,0.3474,0.0032,0.6494
HEARTS FOUR DIAMONDS TEN,0.415,0.0262,0.5588
CLUBS EIGHT HEARTS JACK,0.3552,0.0144,0.6304
HEARTS FIVE DIAMONDS TEN,0.4042,0.0254,0.5704
CLUBS EIGHT HEARTS TEN,0.3632,0.021,0.6158
CLUBS EIGHT HEARTS QUEEN,0.3776,0.0096,0.6128
CLUBS EIGHT HEARTS KING,0.3802,0.0074,0.6124
CLUBS EIGHT HEARTS ACE,0.366,0.0024,0.6316
CLUBS NINE SPADES TWO,0.4152,0.0476,0.5372
CLUBS NINE SPADES FIVE,0.3804,0.0388,0.5808
CLUBS NINE SPADES FOUR,0.3906,0.0462,0.5632
CLUBS NINE SPADES SIX,0.3706,0.0416,0.5878
CLUBS NINE SPADES NINE,0.1862,0.0714,0.7424
CLUBS TEN HEARTS EIGHT,0.3612,0.0244,0.6144
CLUBS NINE SPADES EIGHT,0.3442,0.039,0.6168
CLUBS JACK HEARTS EIGHT,0.38,0.0172,0.6028
CLUBS QUEEN HEARTS EIGHT,0.3756,0.0122,0.6122
CLUBS KING HEARTS EIGHT,0.3774,0.0072,0.6154
CLUBS ACE HEARTS EIGHT,0.3618,0.005,0.6332
SPADES KING CLUBS KING,0.1726,0.0162,0.8112
SPADES QUEEN CLUBS KING,0.3564,0.0086,0.635
SPADES ACE CLUBS KING,0.3686,0.0052,0.6262
DIAMONDS ACE HEARTS TEN,0.3824,0.004,0.6136
HEARTS FOUR HEARTS TEN,0.38,0.0282,0.5918
DIAMONDS ACE HEARTS JACK,0.3764,0.0044,0.6192
HEARTS FOUR HEARTS JACK,0.3856,0.0202,0.5942
SPADES KING CLUBS FIVE,0.3898,0.0068,0.6034
SPADES QUEEN CLUBS FIVE,0.3858,0.0162,0.598
SPADES ACE CLUBS FIVE,0.3686,0.0052,0.6262
DIAMONDS JACK HEARTS SEVEN,0.2956,0.0564,0.648
HEARTS SIX DIAMONDS JACK,0.4062,0.019,0.5748
DIAMONDS JACK HEARTS NINE,0.3642,0.0136,0.6222
DIAMONDS JACK HEARTS EIGHT,0.3634,0.017,0.6196
DIAMONDS KING DIAMONDS JACK,0.3504,0.0076,0.642
HEARTS THREE DIAMONDS JACK,0.3072,0.0526,0.6402
SPADES ACE SPADES SIX,0.3438,0.0056,0.6506
SPADES FOUR HEARTS ACE,0.3716,0.0062,0.6222
DIAMONDS QUEEN DIAMONDS JACK,0.3538,0.01,0.6362
HEARTS TWO DIAMONDS JACK,0.4448,0.018,0.5372
HEARTS FIVE DIAMONDS JACK,0.4082,0.0174,0.5744
SPADES QUEEN SPADES SIX,0.3454,0.0128,0.6418
SPADES FOUR HEARTS QUEEN,0.4024,0.0108,0.5868
DIAMONDS ACE DIAMONDS JACK,0.3564,0.0046,0.639
HEARTS FOUR DIAMONDS JACK,0.399,0.0166,0.5844
SPADES KING SPADES SIX,0.3414,0.011,0.6476
HEARTS KING SPADES FOUR,0.3958,0.0078,0.5964
SPADES TEN SPADES SIX,0.3346,0.0286,0.6368
SPADES JACK SPADES SIX,0.3464,0.0216,0.632
SPADES FOUR DIAMONDS JACK,0.391,0.0168,0.5922
SPADES FIVE DIAMONDS JACK,0.3852,0.018,0.5968
SPADES TWO DIAMONDS JACK,0.4196,0.0232,0.5572
SPADES ACE DIAMONDS THREE,0.2802,0.0148,0.705
SPADES QUEEN DIAMONDS THREE,0.271,0.0428,0.6862
CLUBS EIGHT DIAMONDS JACK,0.3652,0.0198,0.615
SPADES KING DIAMONDS THREE,0.2798,0.03,0.6902
CLUBS NINE DIAMONDS JACK,0.362,0.0164,0.6216
CLUBS SIX DIAMONDS JACK,0.4004,0.0166,0.583
CLUBS SEVEN DIAMONDS JACK,0.2798,0.061,0.6592
CLUBS FOUR DIAMONDS JACK,0.3992,0.0176,0.5832
CLUBS FIVE DIAMONDS JACK,0.3984,0.02,0.5816
CLUBS TWO DIAMONDS JACK,0.4336,0.0178,0.5486
CLUBS THREE DIAMONDS JACK,0.2958,0.0542,0.65
SPADES TEN CLUBS FIVE,0.387,0.0272,0.5858
HEARTS SIX SPADES JACK,0.3716,0.021,0.6074
HEARTS SIX SPADES TEN,0.381,0.0264,0.5926
SPADES JACK CLUBS FIVE,0.394,0.0184,0.5876
SPADES JACK DIAMONDS THREE,0.2792,0.0496,0.6712
CLUBS SEVEN CLUBS ACE,0.2624,0.0284,0.7092
DIAMONDS THREE SPADES TEN,0.2854,0.0718,0.6428
CLUBS SEVEN CLUBS QUEEN,0.277,0.0454,0.6776
CLUBS SEVEN CLUBS KING,0.2702,0.0368,0.693
SPADES NINE DIAMONDS JACK,0.3612,0.0166,0.6222
CLUBS SEVEN CLUBS TEN,0.2682,0.0736,0.6582
DIAMONDS ACE HEARTS ACE,0.1902,0.0048,0.805
HEARTS FOUR HEARTS ACE,0.3686,0.0058,0.6256
SPADES EIGHT DIAMONDS JACK,0.3694,0.0172,0.6134
SPADES ACE HEARTS SIX,0.3818,0.0038,0.6144
CLUBS SEVEN CLUBS JACK,0.2772,0.0546,0.6682
DIAMONDS ACE HEARTS KING,0.39,0.0032,0.6068
HEARTS FOUR HEARTS KING,0.3786,0.012,0.6094
SPADES KING HEARTS SIX,0.3874,0.0082,0.6044
DIAMONDS ACE HEARTS QUEEN,0.3734,0.0034,0.6232
HEARTS FOUR HEARTS QUEEN,0.3832,0.016,0.6008
SPADES SIX DIAMONDS JACK,0.4032,0.0174,0.5794
SPADES QUEEN HEARTS SIX,0.3796,0.0128,0.6076
SPADES TWO DIAMONDS TEN,0.4266,0.0302,0.5432
SPADES FOUR DIAMONDS TEN,0.4094,0.0262,0.5644
SPADES FIVE DIAMONDS TEN,0.3936,0.032,0.5744
SPADES SIX DIAMONDS TEN,0.3872,0.0234,0.5894
SPADES EIGHT DIAMONDS TEN,0.3404,0.0294,0.6302
SPADES NINE DIAMONDS TEN,0.3398,0.0242,0.636
CLUBS FOUR DIAMONDS TEN,0.408,0.0268,0.5652
CLUBS FIVE DIAMONDS TEN,0.4042,0.0258,0.57
CLUBS SIX DIAMONDS TEN,0.3908,0.0296,0.5796
CLUBS SEVEN DIAMONDS TEN,0.2846,0.0718,0.6436
CLUBS EIGHT DIAMONDS TEN,0.3558,0.0242,0.62
CLUBS NINE DIAMONDS TEN,0.3594,0.0226,0.618
DIAMONDS THREE CLUBS JACK,0.303,0.0494,0.6476
DIAMONDS THREE CLUBS TEN,0.3042,0.0658,0.63
DIAMONDS THREE CLUBS KING,0.3044,0.03,0.6656
DIAMONDS THREE CLUBS QUEEN,0.2894,0.0358,0.6748
DIAMONDS THREE CLUBS ACE,0.302,0.0184,0.6796
SPADES FOUR HEARTS JACK,0.391,0.025,0.584
SPADES FOUR HEARTS TEN,0.3908,0.0298,0.5794
SPADES FIVE SPADES TWO,0.5562,0.1046,0.3392
SPADES FOUR SPADES TWO,0.5548,0.1046,0.3406
SPADES NINE SPADES TWO,0.389,0.0412,0.5698
SPADES EIGHT SPADES TWO,0.3802,0.0704,0.5494
SPADES SIX SPADES TWO,0.5742,0.0966,0.3292
DIAMONDS QUEEN CLUBS THREE,0.2928,0.0378,0.6694
HEARTS TWO CLUBS THREE,0.58,0.1898,0.2302
DIAMONDS QUEEN CLUBS TWO,0.4336,0.0156,0.5508
CLUBS TWO HEARTS TWO,0.3786,0.1186,0.5028
DIAMONDS QUEEN HEARTS SEVEN,0.288,0.0474,0.6646
HEARTS TWO HEARTS SEVEN,0.2972,0.4556,0.2472
HEARTS SIX DIAMONDS QUEEN,0.3902,0.0134,0.5964
HEARTS SIX HEARTS TWO,0.542,0.0902,0.3678
DIAMONDS QUEEN HEARTS NINE,0.3724,0.0118,0.6158
HEARTS TWO HEARTS NINE,0.4198,0.0436,0.5366
DIAMONDS QUEEN HEARTS EIGHT,0.3816,0.0078,0.6106
HEARTS TWO HEARTS EIGHT,0.4114,0.066,0.5226
CLUBS NINE HEARTS TWO,0.4394,0.046,0.5146
CLUBS NINE DIAMONDS QUEEN,0.3714,0.0102,0.6184
CLUBS EIGHT HEARTS TWO,0.4414,0.058,0.5006
CLUBS EIGHT DIAMONDS QUEEN,0.3796,0.0128,0.6076
CLUBS FIVE DIAMONDS QUEEN,0.4134,0.0112,0.5754
CLUBS FIVE HEARTS TWO,0.5628,0.0988,0.3384
SPADES EIGHT HEARTS ACE,0.3522,0.0052,0.6426
CLUBS FOUR DIAMONDS QUEEN,0.4038,0.014,0.5822
CLUBS FOUR HEARTS TWO,0.5762,0.099,0.3248
SPADES EIGHT HEARTS QUEEN,0.35,0.0142,0.6358
CLUBS SEVEN HEARTS TWO,0.314,0.4834,0.2026
CLUBS SEVEN DIAMONDS QUEEN,0.2868,0.0492,0.664
CLUBS SIX DIAMONDS QUEEN,0.3986,0.0118,0.5896
CLUBS SIX HEARTS TWO,0.5884,0.099,0.3126
SPADES EIGHT HEARTS KING,0.3658,0.007,0.6272
DIAMONDS QUEEN SPADES SIX,0.394,0.0136,0.5924
HEARTS TWO SPADES SIX,0.5624,0.1016,0.336
HEARTS FOUR CLUBS QUEEN,0.3968,0.013,0.5902
DIAMONDS ACE CLUBS QUEEN,0.3796,0.0042,0.6162
HEARTS FOUR CLUBS KING,0.4132,0.01,0.5768
DIAMONDS ACE CLUBS KING,0.3868,0.0036,0.6096
DIAMONDS QUEEN SPADES EIGHT,0.356,0.0126,0.6314
SPADES EIGHT HEARTS TWO,0.4264,0.0626,0.511
HEARTS FOUR CLUBS ACE,0.3982,0.0038,0.598
DIAMONDS ACE CLUBS ACE,0.179,0.005,0.816
SPADES NINE DIAMONDS QUEEN,0.3556,0.0094,0.635
SPADES NINE HEARTS TWO,0.4214,0.0478,0.5308
HEARTS TWO SPADES TWO,0.3752,0.1198,0.505
DIAMONDS QUEEN SPADES TWO,0.4274,0.0152,0.5574
HEARTS TWO SPADES FOUR,0.5562,0.0932,0.3506
DIAMONDS QUEEN SPADES FOUR,0.3946,0.0148,0.5906
HEARTS FOUR CLUBS TEN,0.4062,0.022,0.5718
DIAMONDS ACE CLUBS TEN,0.3686,0.0044,0.627
HEARTS TWO SPADES FIVE,0.5564,0.1,0.3436
DIAMONDS QUEEN SPADES FIVE,0.3912,0.0128,0.596
HEARTS FOUR CLUBS JACK,0.405,0.019,0.576
DIAMONDS ACE CLUBS JACK,0.3794,0.0038,0.6168
CLUBS FIVE CLUBS KING,0.3812,0.0096,0.6092
CLUBS FIVE CLUBS QUEEN,0.3788,0.0112,0.61
CLUBS FIVE CLUBS ACE,0.3712,0.0036,0.6252
CLUBS FIVE CLUBS JACK,0.3846,0.0216,0.5938
CLUBS FIVE CLUBS TEN,0.3806,0.0256,0.5938
SPADES KING CLUBS JACK,0.352,0.0066,0.6414
SPADES QUEEN CLUBS JACK,0.354,0.0128,0.6332
SPADES ACE CLUBS JACK,0.3594,0.0052,0.6354
SPADES SIX CLUBS KING,0.3942,0.0074,0.5984
SPADES SIX CLUBS QUEEN,0.3878,0.0122,0.6
SPADES EIGHT HEARTS JACK,0.355,0.018,0.627
SPADES SIX CLUBS ACE,0.391,0.0044,0.6046
SPADES EIGHT HEARTS TEN,0.3544,0.0266,0.619
SPADES SIX CLUBS JACK,0.391,0.019,0.59
SPADES SIX CLUBS TEN,0.3802,0.027,0.5928
SPADES TEN CLUBS JACK,0.3554,0.0142,0.6304
SPADES JACK CLUBS JACK,0.1658,0.0462,0.788
SPADES QUEEN CLUBS SEVEN,0.2638,0.0456,0.6906
SPADES KING CLUBS SEVEN,0.261,0.047,0.692
SPADES ACE CLUBS SEVEN,0.2652,0.0274,0.7074
SPADES SIX HEARTS TEN,0.3872,0.024,0.5888
SPADES SIX HEARTS JACK,0.386,0.0186,0.5954
SPADES SIX HEARTS ACE,0.3866,0.0048,0.6086
SPADES SIX HEARTS KING,0.3914,0.0102,0.5984
SPADES SIX HEARTS QUEEN,0.3872,0.0132,0.5996
SPADES JACK CLUBS SEVEN,0.2744,0.0584,0.6672
CLUBS SEVEN SPADES TEN,0.267,0.0782,0.6548
HEARTS SIX CLUBS TEN,0.3858,0.0236,0.5906
HEARTS SIX CLUBS JACK,0.401,0.0188,0.5802
CLUBS ACE CLUBS JACK,0.3522,0.0052,0.6426
HEARTS SIX CLUBS QUEEN,0.4022,0.0112,0.5866
HEARTS SIX CLUBS KING,0.3986,0.007,0.5944
HEARTS SIX CLUBS ACE,0.3954,0.0044,0.6002
CLUBS QUEEN CLUBS JACK,0.342,0.0094,0.6486
CLUBS KING CLUBS JACK,0.3514,0.0052,0.6434
DIAMONDS THREE HEARTS ACE,0.3046,0.0136,0.6818
DIAMONDS THREE HEARTS QUEEN,0.2882,0.0416,0.6702
DIAMONDS THREE HEARTS KING,0.3168,0.023,0.6602
CLUBS FIVE HEARTS JACK,0.396,0.0202,0.5838
SPADES TEN DIAMONDS ACE,0.357,0.0054,0.6376
HEARTS FOUR SPADES TEN,0.386,0.033,0.581
CLUBS FIVE HEARTS TEN,0.4112,0.0276,0.5612
HEARTS FOUR SPADES JACK,0.3806,0.0212,0.5982
SPADES JACK DIAMONDS ACE,0.3642,0.0038,0.632
SPADES ACE HEARTS FOUR,0.3734,0.006,0.6206
SPADES ACE DIAMONDS ACE,0.163,0.0036,0.8334
CLUBS FIVE HEARTS ACE,0.3824,0.0046,0.613
CLUBS FIVE HEARTS KING,0.4124,0.0064,0.5812
HEARTS FOUR SPADES QUEEN,0.3822,0.0132,0.6046
SPADES QUEEN DIAMONDS ACE,0.3672,0.0056,0.6272
SPADES FOUR CLUBS JACK,0.3952,0.0184,0.5864
CLUBS FIVE HEARTS QUEEN,0.4054,0.013,0.5816
SPADES KING DIAMONDS ACE,0.3618,0.0062,0.632
HEARTS FOUR SPADES KING,0.3934,0.0088,0.5978
SPADES FOUR CLUBS TEN,0.3928,0.0242,0.583
DIAMONDS QUEEN DIAMONDS ACE,0.3446,0.0064,0.649
HEARTS TWO DIAMONDS ACE,0.4356,0.0046,0.5598
HEARTS FOUR DIAMONDS QUEEN,0.3982,0.0132,0.5886
HEARTS FOUR HEARTS TWO,0.5368,0.0892,0.374
DIAMONDS THREE HEARTS TEN,0.3012,0.0696,0.6292
SPADES FOUR CLUBS KING,0.3886,0.0094,0.602
HEARTS FIVE DIAMONDS QUEEN,0.3982,0.0152,0.5866
HEARTS FIVE HEARTS TWO,0.5274,0.0928,0.3798
DIAMONDS THREE HEARTS JACK,0.2896,0.0486,0.6618
SPADES FOUR CLUBS QUEEN,0.3818,0.0142,0.604
DIAMONDS QUEEN HEARTS TWO,0.4474,0.0144,0.5382
DIAMONDS KING DIAMONDS QUEEN,0.3546,0.0084,0.637
DIAMONDS KING HEARTS TWO,0.4434,0.0094,0.5472
HEARTS THREE DIAMONDS QUEEN,0.299,0.039,0.662
HEARTS THREE HEARTS TWO,0.5488,0.1864,0.2648
SPADES FOUR CLUBS ACE,0.388,0.005,0.607
HEARTS TWO CLUBS ACE,0.432,0.0044,0.5636
DIAMONDS QUEEN CLUBS ACE,0.3754,0.0046,0.62
HEARTS TWO CLUBS QUEEN,0.436,0.0132,0.5508
DIAMONDS QUEEN CLUBS QUEEN,0.1832,0.0314,0.7854
HEARTS TWO CLUBS KING,0.44,0.0106,0.5494
DIAMONDS QUEEN CLUBS KING,0.3736,0.0086,0.6178
SPADES EIGHT SPADES FIVE,0.316,0.0586,0.6254
HEARTS TWO CLUBS TEN,0.4484,0.0296,0.522
DIAMONDS QUEEN CLUBS TEN,0.3696,0.0104,0.62
SPADES NINE SPADES FIVE,0.3344,0.048,0.6176
HEARTS TWO CLUBS JACK,0.4418,0.0164,0.5418
DIAMONDS QUEEN CLUBS JACK,0.381,0.0112,0.6078
SPADES SIX SPADES FIVE,0.5,0.0924,0.4076
DIAMONDS FIVE CLUBS QUEEN,0.3972,0.014,0.5888
SPADES EIGHT CLUBS ACE,0.3582,0.0054,0.6364
CLUBS KING DIAMONDS FIVE,0.3918,0.0086,0.5996
SPADES EIGHT CLUBS KING,0.3646,0.0092,0.6262
CLUBS ACE DIAMONDS FIVE,0.3962,0.0048,0.599
SPADES EIGHT CLUBS QUEEN,0.3634,0.0144,0.6222
SPADES EIGHT CLUBS JACK,0.3532,0.0172,0.6296
SPADES EIGHT CLUBS TEN,0.343,0.0246,0.6324
DIAMONDS FIVE CLUBS TEN,0.3992,0.0284,0.5724
DIAMONDS FIVE CLUBS JACK,0.4124,0.0194,0.5682
HEARTS JACK DIAMONDS TEN,0.366,0.0138,0.6202
DIAMONDS TEN HEARTS TEN,0.181,0.0586,0.7604
SPADES ACE CLUBS NINE,0.3622,0.0048,0.633
CLUBS NINE SPADES QUEEN,0.3632,0.0126,0.6242
SPADES KING CLUBS NINE,0.3778,0.0068,0.6154
HEARTS SIX HEARTS KING,0.3724,0.009,0.6186
SPADES KING DIAMONDS SEVEN,0.2706,0.0398,0.6896
HEARTS SIX HEARTS QUEEN,0.3814,0.013,0.6056
DIAMONDS KING SPADES SIX,0.4014,0.0084,0.5902
HEARTS THREE SPADES SIX,0.572,0.197,0.231
SPADES QUEEN DIAMONDS SEVEN,0.2676,0.0464,0.686
DIAMONDS KING SPADES NINE,0.3588,0.009,0.6322
HEARTS THREE SPADES NINE,0.28,0.107,0.613
HEARTS SIX HEARTS ACE,0.3758,0.0052,0.619
DIAMONDS KING SPADES EIGHT,0.3694,0.006,0.6246
HEARTS THREE SPADES EIGHT,0.2786,0.1372,0.5842
SPADES ACE DIAMONDS SEVEN,0.2598,0.029,0.7112
CLUBS NINE HEARTS THREE,0.29,0.0926,0.6174
CLUBS NINE DIAMONDS KING,0.3748,0.0086,0.6166
CLUBS EIGHT HEARTS THREE,0.294,0.1304,0.5756
CLUBS EIGHT DIAMONDS KING,0.3818,0.0096,0.6086
HEARTS THREE SPADES TWO,0.5792,0.1964,0.2244
DIAMONDS KING SPADES TWO,0.4356,0.0088,0.5556
