opposingHand,winningChance,drawChance,lostChance
SPADES FIVE SPADES TWO
HEARTS FIVE SPADES TEN,0.2804,0.0854,0.6342
SPADES JACK HEARTS FIVE,0.2804,0.0674,0.6522
CLUBS EIGHT CLUBS JACK,0.3586,0.0158,0.6256
CLUBS EIGHT CLUBS TEN,0.352,0.0248,0.6232
CLUBS EIGHT CLUBS KING,0.3682,0.008,0.6238
CLUBS EIGHT CLUBS QUEEN,0.3724,0.01,0.6176
CLUBS EIGHT CLUBS ACE,0.3696,0.0062,0.6242
DIAMONDS TWO DIAMONDS THREE,0.402,0.334,0.264
DIAMONDS TWO DIAMONDS FIVE,0.0708,0.8584,0.0708
SPADES KING HEARTS FIVE,0.277,0.0374,0.6856
DIAMONDS TWO DIAMONDS FOUR,0.4158,0.3362,0.248
SPADES QUEEN HEARTS FIVE,0.2786,0.0524,0.669
DIAMONDS TWO DIAMONDS SEVEN,0.2894,0.1776,0.533
DIAMONDS TWO DIAMONDS SIX,0.2866,0.2442,0.4692
SPADES ACE HEARTS FIVE,0.2744,0.026,0.6996
DIAMONDS TWO DIAMONDS NINE,0.2864,0.0998,0.6138
DIAMONDS TWO DIAMONDS EIGHT,0.29,0.133,0.577
DIAMONDS THREE DIAMONDS FOUR,0.3808,0.217,0.4022
CLUBS TWO SPADES FOUR,0.4362,0.3428,0.221
DIAMONDS THREE DIAMONDS FIVE,0.2404,0.4688,0.2908
CLUBS TWO SPADES THREE,0.4362,0.3616,0.2022
DIAMONDS THREE DIAMONDS EIGHT,0.3812,0.068,0.5508
SPADES EIGHT CLUBS TWO,0.2834,0.1402,0.5764
DIAMONDS THREE DIAMONDS NINE,0.3734,0.0434,0.5832
SPADES NINE CLUBS TWO,0.2958,0.0904,0.6138
DIAMONDS THREE DIAMONDS SIX,0.3688,0.1408,0.4904
CLUBS TWO SPADES SIX,0.2768,0.2654,0.4578
DIAMONDS THREE DIAMONDS SEVEN,0.373,0.0954,0.5316
CLUBS TWO SPADES SEVEN,0.2846,0.1898,0.5256
CLUBS SIX CLUBS TWO,0.2876,0.226,0.4864
CLUBS SEVEN CLUBS TWO,0.2962,0.1678,0.536
CLUBS FOUR CLUBS TWO,0.4174,0.3268,0.2558
CLUBS FIVE CLUBS TWO,0.0712,0.8618,0.067
CLUBS JACK CLUBS TEN,0.3478,0.0162,0.636
DIAMONDS FOUR DIAMONDS SIX,0.3538,0.1354,0.5108
CLUBS QUEEN CLUBS TEN,0.371,0.0122,0.6168
DIAMONDS FOUR DIAMONDS SEVEN,0.3648,0.0894,0.5458
CLUBS KING CLUBS TEN,0.361,0.0086,0.6304
CLUBS ACE CLUBS TEN,0.3566,0.0032,0.6402
CLUBS EIGHT CLUBS TWO,0.293,0.1362,0.5708
DIAMONDS FIVE DIAMONDS FOUR,0.2526,0.4374,0.31
CLUBS NINE CLUBS TWO,0.3,0.0902,0.6098
DIAMONDS NINE DIAMONDS FOUR,0.3902,0.039,0.5708
DIAMONDS EIGHT DIAMONDS FOUR,0.3726,0.063,0.5644
CLUBS TWO CLUBS THREE,0.415,0.3218,0.2632
DIAMONDS NINE DIAMONDS FIVE,0.289,0.107,0.604
DIAMONDS TWO CLUBS JACK,0.31,0.0526,0.6374
DIAMONDS EIGHT DIAMONDS FIVE,0.2812,0.133,0.5858
DIAMONDS TWO CLUBS TEN,0.3038,0.0778,0.6184
DIAMONDS FIVE DIAMONDS SEVEN,0.2554,0.1764,0.5682
DIAMONDS FIVE DIAMONDS SIX,0.2632,0.2546,0.4822
DIAMONDS TWO CLUBS ACE,0.2856,0.0186,0.6958
DIAMONDS TWO CLUBS KING,0.3142,0.0278,0.658
DIAMONDS TWO CLUBS QUEEN,0.3194,0.0338,0.6468
DIAMONDS EIGHT DIAMONDS SIX,0.3536,0.0568,0.5896
DIAMONDS NINE DIAMONDS SIX,0.358,0.039,0.603
HEARTS ACE SPADES THREE,0.3916,0.0068,0.6016
HEARTS KING SPADES THREE,0.4108,0.0104,0.5788
DIAMONDS SEVEN DIAMONDS SIX,0.3342,0.0948,0.571
SPADES THREE HEARTS QUEEN,0.4044,0.0146,0.581
SPADES THREE HEARTS JACK,0.4088,0.0224,0.5688
SPADES THREE HEARTS TEN,0.4196,0.0276,0.5528
DIAMONDS EIGHT DIAMONDS SEVEN,0.348,0.0538,0.5982
DIAMONDS NINE DIAMONDS SEVEN,0.342,0.04,0.618
DIAMONDS NINE DIAMONDS EIGHT,0.3512,0.0334,0.6154
DIAMONDS KING HEARTS TEN,0.3754,0.0062,0.6184
HEARTS THREE HEARTS TEN,0.3968,0.0292,0.574
CLUBS SIX SPADES JACK,0.365,0.0208,0.6142
DIAMONDS KING HEARTS JACK,0.4062,0.008,0.5858
HEARTS THREE HEARTS JACK,0.3872,0.0204,0.5924
CLUBS SIX SPADES TEN,0.3558,0.0308,0.6134
DIAMONDS KING HEARTS ACE,0.3882,0.004,0.6078
HEARTS THREE HEARTS ACE,0.3726,0.0042,0.6232
SPADES ACE CLUBS SIX,0.3716,0.0032,0.6252
DIAMONDS KING HEARTS QUEEN,0.3836,0.0068,0.6096
HEARTS THREE HEARTS QUEEN,0.388,0.014,0.598
SPADES KING CLUBS SIX,0.372,0.0068,0.6212
DIAMONDS KING HEARTS KING,0.188,0.0206,0.7914
HEARTS THREE HEARTS KING,0.3886,0.0086,0.6028
SPADES QUEEN CLUBS SIX,0.3708,0.0154,0.6138
SPADES NINE HEARTS TEN,0.3622,0.023,0.6148
SPADES NINE HEARTS JACK,0.3802,0.0186,0.6012
SPADES NINE HEARTS QUEEN,0.3624,0.0118,0.6258
SPADES NINE HEARTS KING,0.3766,0.0094,0.614
SPADES NINE HEARTS ACE,0.3794,0.005,0.6156
SPADES JACK CLUBS TEN,0.3558,0.0134,0.6308
SPADES TEN CLUBS TEN,0.1746,0.066,0.7594
SPADES ACE CLUBS TEN,0.3772,0.0046,0.6182
SPADES KING CLUBS TEN,0.3722,0.0094,0.6184
SPADES QUEEN CLUBS TEN,0.3654,0.0116,0.623
CLUBS EIGHT SPADES TEN,0.3584,0.0252,0.6164
HEARTS THREE SPADES JACK,0.4058,0.019,0.5752
SPADES JACK DIAMONDS KING,0.3802,0.0096,0.6102
SPADES TEN DIAMONDS KING,0.3666,0.0076,0.6258
HEARTS THREE SPADES TEN,0.391,0.0352,0.5738
CLUBS EIGHT SPADES JACK,0.3796,0.0158,0.6046
SPADES ACE CLUBS EIGHT,0.3854,0.003,0.6116
HEARTS FIVE CLUBS JACK,0.305,0.0616,0.6334
CLUBS SIX HEARTS ACE,0.3914,0.0072,0.6014
HEARTS FIVE CLUBS TEN,0.296,0.0798,0.6242
CLUBS EIGHT SPADES QUEEN,0.3772,0.0132,0.6096
SPADES THREE CLUBS TEN,0.4126,0.0306,0.5568
CLUBS SIX HEARTS QUEEN,0.3916,0.0124,0.596
CLUBS EIGHT SPADES KING,0.3834,0.0054,0.6112
SPADES THREE CLUBS JACK,0.416,0.022,0.562
CLUBS SIX HEARTS KING,0.3848,0.0092,0.606
DIAMONDS TWO HEARTS JACK,0.3102,0.0524,0.6374
SPADES THREE CLUBS QUEEN,0.402,0.0134,0.5846
DIAMONDS TWO HEARTS TEN,0.2986,0.0744,0.627
SPADES THREE CLUBS KING,0.4088,0.0118,0.5794
HEARTS FIVE CLUBS ACE,0.2776,0.0254,0.697
SPADES THREE CLUBS ACE,0.3848,0.0068,0.6084
HEARTS FIVE CLUBS KING,0.3018,0.0336,0.6646
HEARTS FIVE CLUBS QUEEN,0.3016,0.0486,0.6498
HEARTS THREE CLUBS KING,0.417,0.0084,0.5746
DIAMONDS KING CLUBS KING,0.1938,0.0196,0.7866
HEARTS THREE CLUBS QUEEN,0.415,0.0156,0.5694
DIAMONDS KING CLUBS QUEEN,0.3828,0.0048,0.6124
HEARTS FIVE HEARTS JACK,0.2694,0.062,0.6686
HEARTS FIVE HEARTS TEN,0.2844,0.0748,0.6408
HEARTS THREE CLUBS ACE,0.3984,0.0052,0.5964
DIAMONDS KING CLUBS ACE,0.3884,0.0042,0.6074
SPADES ACE CLUBS QUEEN,0.3732,0.0056,0.6212
SPADES KING CLUBS QUEEN,0.376,0.0084,0.6156
HEARTS THREE CLUBS JACK,0.4196,0.0226,0.5578
DIAMONDS KING CLUBS JACK,0.3884,0.0094,0.6022
SPADES QUEEN CLUBS QUEEN,0.1908,0.0326,0.7766
HEARTS THREE CLUBS TEN,0.4092,0.0288,0.562
DIAMONDS KING CLUBS TEN,0.3876,0.006,0.6064
SPADES JACK CLUBS QUEEN,0.368,0.0098,0.6222
CLUBS SIX CLUBS QUEEN,0.378,0.0108,0.6112
SPADES TEN CLUBS QUEEN,0.3544,0.0086,0.637
CLUBS SIX CLUBS KING,0.3696,0.007,0.6234
CLUBS SIX CLUBS ACE,0.3658,0.0064,0.6278
HEARTS FIVE HEARTS KING,0.2784,0.0364,0.6852
HEARTS FIVE HEARTS QUEEN,0.2814,0.047,0.6716
CLUBS SIX CLUBS TEN,0.3674,0.0262,0.6064
HEARTS FIVE HEARTS ACE,0.272,0.0254,0.7026
CLUBS SIX CLUBS JACK,0.3676,0.0162,0.6162
SPADES SEVEN HEARTS JACK,0.3618,0.0198,0.6184
SPADES SEVEN HEARTS TEN,0.3692,0.0318,0.599
DIAMONDS TWO CLUBS TWO,0.303,0.1194,0.5776
DIAMONDS TWO CLUBS THREE,0.4306,0.361,0.2084
HEARTS SIX DIAMONDS TWO,0.2924,0.2556,0.452
DIAMONDS TWO HEARTS QUEEN,0.3064,0.0338,0.6598
DIAMONDS TWO HEARTS SEVEN,0.31,0.1854,0.5046
DIAMONDS TWO HEARTS KING,0.2988,0.025,0.6762
DIAMONDS TWO HEARTS EIGHT,0.311,0.1352,0.5538
DIAMONDS TWO HEARTS ACE,0.2976,0.0144,0.688
DIAMONDS TWO HEARTS NINE,0.3106,0.0968,0.5926
DIAMONDS TWO DIAMONDS QUEEN,0.2972,0.0394,0.6634
DIAMONDS TWO HEARTS TWO,0.3032,0.1104,0.5864
DIAMONDS TWO DIAMONDS KING,0.2964,0.025,0.6786
HEARTS THREE DIAMONDS TWO,0.4412,0.3554,0.2034
DIAMONDS TWO DIAMONDS ACE,0.276,0.0148,0.7092
HEARTS FOUR DIAMONDS TWO,0.4302,0.356,0.2138
DIAMONDS TWO HEARTS FIVE,0.0678,0.91,0.0222
SPADES SEVEN HEARTS ACE,0.3628,0.006,0.6312
DIAMONDS TWO DIAMONDS TEN,0.2992,0.0762,0.6246
SPADES SEVEN HEARTS KING,0.3798,0.011,0.6092
DIAMONDS TWO DIAMONDS JACK,0.3026,0.0496,0.6478
SPADES SEVEN HEARTS QUEEN,0.3748,0.016,0.6092
DIAMONDS TWO SPADES NINE,0.2998,0.0978,0.6024
DIAMONDS TWO SPADES EIGHT,0.2966,0.1358,0.5676
DIAMONDS TWO SPADES SEVEN,0.2982,0.1918,0.51
DIAMONDS TWO SPADES SIX,0.2872,0.2584,0.4544
DIAMONDS TWO SPADES FOUR,0.4234,0.3688,0.2078
DIAMONDS TWO SPADES THREE,0.4326,0.3642,0.2032
CLUBS NINE DIAMONDS TWO,0.2984,0.098,0.6036
CLUBS EIGHT DIAMONDS TWO,0.3046,0.1376,0.5578
DIAMONDS TWO CLUBS SEVEN,0.3116,0.1864,0.502
CLUBS SIX DIAMONDS TWO,0.2934,0.2418,0.4648
DIAMONDS TWO CLUBS FIVE,0.0798,0.8982,0.022
DIAMONDS TWO CLUBS FOUR,0.4418,0.3464,0.2118
CLUBS FOUR SPADES FOUR,0.2632,0.1402,0.5966
CLUBS FOUR SPADES THREE,0.4122,0.2242,0.3636
CLUBS FOUR SPADES NINE,0.4016,0.0454,0.553
CLUBS FOUR SPADES EIGHT,0.3908,0.0622,0.547
CLUBS FOUR SPADES SEVEN,0.377,0.0944,0.5286
CLUBS FOUR SPADES SIX,0.3634,0.1558,0.4808
SPADES ACE DIAMONDS SIX,0.37,0.0056,0.6244
SPADES QUEEN DIAMONDS SIX,0.3718,0.0142,0.614
SPADES KING DIAMONDS SIX,0.3704,0.008,0.6216
SPADES TEN DIAMONDS SIX,0.3698,0.0272,0.603
SPADES JACK DIAMONDS SIX,0.3756,0.018,0.6064
DIAMONDS JACK CLUBS JACK,0.201,0.0538,0.7452
DIAMONDS JACK CLUBS TEN,0.3848,0.0132,0.602
DIAMONDS JACK CLUBS KING,0.3992,0.0066,0.5942
DIAMONDS JACK CLUBS QUEEN,0.3886,0.01,0.6014
DIAMONDS THREE DIAMONDS JACK,0.3914,0.0208,0.5878
DIAMONDS THREE DIAMONDS TEN,0.3876,0.0302,0.5822
DIAMONDS JACK CLUBS ACE,0.3774,0.0056,0.617
DIAMONDS THREE DIAMONDS KING,0.3814,0.011,0.6076
HEARTS THREE DIAMONDS THREE,0.268,0.1534,0.5786
DIAMONDS THREE DIAMONDS QUEEN,0.3842,0.0144,0.6014
DIAMONDS THREE HEARTS TWO,0.4414,0.3466,0.212
HEARTS FIVE DIAMONDS THREE,0.2588,0.4826,0.2586
DIAMONDS THREE DIAMONDS ACE,0.372,0.0058,0.6222
HEARTS FOUR DIAMONDS THREE,0.4052,0.2272,0.3676
DIAMONDS THREE HEARTS SEVEN,0.3966,0.102,0.5014
SPADES TEN SPADES NINE,0.331,0.0262,0.6428
HEARTS SIX DIAMONDS THREE,0.386,0.1494,0.4646
SPADES JACK SPADES NINE,0.3258,0.0156,0.6586
DIAMONDS THREE HEARTS NINE,0.4172,0.0494,0.5334
HEARTS JACK DIAMONDS FOUR,0.3978,0.0242,0.578
HEARTS KING HEARTS ACE,0.362,0.0042,0.6338
DIAMONDS THREE HEARTS EIGHT,0.4234,0.069,0.5076
HEARTS TEN DIAMONDS FOUR,0.3986,0.0288,0.5726
HEARTS QUEEN DIAMONDS FOUR,0.4164,0.015,0.5686
HEARTS KING DIAMONDS FOUR,0.4152,0.0094,0.5754
SPADES ACE SPADES NINE,0.327,0.0042,0.6688
HEARTS ACE DIAMONDS FOUR,0.4004,0.0036,0.596
SPADES KING SPADES NINE,0.3396,0.0072,0.6532
SPADES QUEEN SPADES NINE,0.342,0.012,0.646
DIAMONDS THREE SPADES NINE,0.4072,0.0492,0.5436
DIAMONDS THREE SPADES EIGHT,0.3952,0.067,0.5378
DIAMONDS THREE SPADES SEVEN,0.3878,0.0964,0.5158
DIAMONDS THREE SPADES SIX,0.3724,0.1544,0.4732
CLUBS SIX DIAMONDS THREE,0.383,0.1524,0.4646
CLUBS ACE DIAMONDS FOUR,0.396,0.0056,0.5984
CLUBS SIX CLUBS FIVE,0.268,0.2358,0.4962
CLUBS SEVEN CLUBS FIVE,0.2556,0.19,0.5544
CLUBS SEVEN DIAMONDS THREE,0.395,0.0998,0.5052
DIAMONDS THREE CLUBS FOUR,0.426,0.2258,0.3482
CLUBS QUEEN DIAMONDS FOUR,0.4116,0.0118,0.5766
DIAMONDS THREE CLUBS FIVE,0.2526,0.4842,0.2632
CLUBS KING DIAMONDS FOUR,0.4196,0.0122,0.5682
DIAMONDS THREE CLUBS TWO,0.4284,0.3474,0.2242
DIAMONDS FOUR CLUBS TEN,0.4082,0.0318,0.56
DIAMONDS THREE CLUBS THREE,0.2704,0.1518,0.5778
DIAMONDS FOUR CLUBS JACK,0.4116,0.0212,0.5672
DIAMONDS THREE SPADES FOUR,0.3944,0.2414,0.3642
DIAMONDS THREE SPADES THREE,0.263,0.152,0.585
CLUBS EIGHT DIAMONDS THREE,0.4264,0.0682,0.5054
CLUBS NINE DIAMONDS THREE,0.414,0.0394,0.5466
SPADES SEVEN CLUBS ACE,0.3742,0.0056,0.6202
SPADES SEVEN CLUBS QUEEN,0.3764,0.011,0.6126
SPADES SEVEN CLUBS KING,0.3702,0.0124,0.6174
CLUBS FIVE SPADES SEVEN,0.2562,0.2072,0.5366
SPADES SEVEN CLUBS TEN,0.3682,0.0278,0.604
CLUBS FIVE SPADES SIX,0.266,0.2522,0.4818
SPADES SEVEN CLUBS JACK,0.3682,0.0226,0.6092
SPADES NINE CLUBS FIVE,0.2864,0.1234,0.5902
CLUBS FIVE SPADES EIGHT,0.2802,0.1454,0.5744
CLUBS FIVE SPADES THREE,0.2388,0.4988,0.2624
CLUBS FIVE SPADES FOUR,0.2442,0.4854,0.2704
CLUBS NINE CLUBS FIVE,0.2858,0.1104,0.6038
CLUBS EIGHT CLUBS FIVE,0.2778,0.1442,0.578
CLUBS ACE CLUBS QUEEN,0.3646,0.006,0.6294
CLUBS KING CLUBS QUEEN,0.3616,0.0074,0.631
DIAMONDS TEN DIAMONDS FOUR,0.3884,0.0284,0.5832
DIAMONDS NINE CLUBS TEN,0.3702,0.024,0.6058
DIAMONDS JACK DIAMONDS FOUR,0.3902,0.0202,0.5896
DIAMONDS NINE CLUBS JACK,0.3818,0.017,0.6012
SPADES NINE CLUBS JACK,0.3778,0.0184,0.6038
SPADES NINE CLUBS TEN,0.3654,0.0248,0.6098
DIAMONDS ACE DIAMONDS FOUR,0.382,0.006,0.612
HEARTS FOUR DIAMONDS FOUR,0.2502,0.1456,0.6042
DIAMONDS JACK HEARTS TEN,0.3848,0.0156,0.5996
SPADES NINE CLUBS KING,0.373,0.0084,0.6186
DIAMONDS TWO SPADES TEN,0.2918,0.0692,0.639
DIAMONDS NINE CLUBS ACE,0.405,0.0036,0.5914
HEARTS FIVE DIAMONDS FOUR,0.2598,0.4694,0.2708
HEARTS JACK DIAMONDS JACK,0.196,0.0488,0.7552
SPADES NINE CLUBS QUEEN,0.3846,0.0128,0.6026
DIAMONDS TWO SPADES JACK,0.2992,0.0516,0.6492
DIAMONDS QUEEN DIAMONDS FOUR,0.3934,0.0136,0.593
HEARTS TWO DIAMONDS FOUR,0.4336,0.348,0.2184
DIAMONDS NINE CLUBS QUEEN,0.4,0.0096,0.5904
DIAMONDS KING DIAMONDS FOUR,0.3746,0.0098,0.6156
HEARTS THREE DIAMONDS FOUR,0.4114,0.236,0.3526
SPADES NINE CLUBS ACE,0.366,0.0052,0.6288
DIAMONDS NINE CLUBS KING,0.3964,0.0084,0.5952
HEARTS ACE DIAMONDS JACK,0.3848,0.0058,0.6094
SPADES ACE DIAMONDS TWO,0.2836,0.016,0.7004
DIAMONDS JACK HEARTS QUEEN,0.3896,0.012,0.5984
SPADES QUEEN DIAMONDS TWO,0.3006,0.044,0.6554
HEARTS KING DIAMONDS JACK,0.3844,0.009,0.6066
SPADES KING DIAMONDS TWO,0.2872,0.0254,0.6874
SPADES JACK SPADES SEVEN,0.3358,0.0204,0.6438
SPADES TEN SPADES SEVEN,0.331,0.0258,0.6432
CLUBS SEVEN CLUBS THREE,0.3768,0.0972,0.526
CLUBS SIX CLUBS THREE,0.3714,0.141,0.4876
CLUBS FIVE CLUBS THREE,0.244,0.4512,0.3048
CLUBS FOUR CLUBS THREE,0.3926,0.215,0.3924
CLUBS NINE CLUBS THREE,0.4008,0.0454,0.5538
CLUBS EIGHT CLUBS THREE,0.3922,0.0546,0.5532
CLUBS THREE SPADES FOUR,0.403,0.2358,0.3612
CLUBS THREE SPADES THREE,0.2586,0.154,0.5874
CLUBS THREE SPADES SIX,0.3878,0.1568,0.4554
SPADES SEVEN CLUBS THREE,0.3862,0.1018,0.512
SPADES EIGHT CLUBS THREE,0.395,0.0752,0.5298
SPADES NINE CLUBS THREE,0.399,0.0464,0.5546
SPADES THREE DIAMONDS FOUR,0.3942,0.2452,0.3606
SPADES FOUR DIAMONDS FOUR,0.2448,0.159,0.5962
SPADES SIX DIAMONDS FOUR,0.3654,0.1544,0.4802
SPADES SEVEN DIAMONDS FOUR,0.3766,0.1,0.5234
SPADES EIGHT DIAMONDS FOUR,0.3776,0.0704,0.552
SPADES NINE DIAMONDS FOUR,0.3908,0.051,0.5582
CLUBS FIVE DIAMONDS FOUR,0.2644,0.475,0.2606
CLUBS FOUR DIAMONDS FOUR,0.255,0.1392,0.6058
CLUBS SEVEN DIAMONDS FOUR,0.3882,0.0944,0.5174
CLUBS SIX DIAMONDS FOUR,0.3714,0.153,0.4756
CLUBS NINE DIAMONDS FOUR,0.4032,0.0424,0.5544
CLUBS EIGHT DIAMONDS FOUR,0.3946,0.0604,0.545
DIAMONDS FOUR HEARTS SEVEN,0.3796,0.1036,0.5168
HEARTS SIX DIAMONDS FOUR,0.3834,0.1484,0.4682
HEARTS NINE DIAMONDS FOUR,0.4016,0.0454,0.553
DIAMONDS FOUR HEARTS EIGHT,0.3974,0.0662,0.5364
CLUBS THREE DIAMONDS FOUR,0.4024,0.239,0.3586
CLUBS TWO DIAMONDS FOUR,0.432,0.3532,0.2148
DIAMONDS TEN DIAMONDS FIVE,0.2806,0.076,0.6434
DIAMONDS JACK DIAMONDS FIVE,0.274,0.0626,0.6634
DIAMONDS NINE HEARTS QUEEN,0.394,0.01,0.596
HEARTS KING DIAMONDS NINE,0.4084,0.0056,0.586
DIAMONDS NINE HEARTS ACE,0.384,0.004,0.612
DIAMONDS NINE HEARTS TEN,0.3642,0.0236,0.6122
DIAMONDS NINE HEARTS JACK,0.3892,0.0134,0.5974
CLUBS KING DIAMONDS SIX,0.3854,0.0086,0.606
CLUBS QUEEN DIAMONDS SIX,0.3978,0.013,0.5892
CLUBS ACE DIAMONDS SIX,0.3836,0.0058,0.6106
SPADES KING DIAMONDS FOUR,0.4012,0.0126,0.5862
SPADES ACE SPADES SEVEN,0.321,0.007,0.672
SPADES QUEEN DIAMONDS FOUR,0.3964,0.0164,0.5872
SPADES QUEEN SPADES SEVEN,0.3296,0.0136,0.6568
CLUBS JACK DIAMONDS SIX,0.3846,0.0244,0.591
SPADES KING SPADES SEVEN,0.3236,0.0116,0.6648
SPADES ACE DIAMONDS FOUR,0.3926,0.0048,0.6026
CLUBS TEN DIAMONDS SIX,0.3914,0.031,0.5776
CLUBS NINE CLUBS FOUR,0.3918,0.044,0.5642
CLUBS EIGHT CLUBS FOUR,0.3762,0.0616,0.5622
SPADES JACK DIAMONDS FOUR,0.3986,0.0214,0.58
SPADES TEN DIAMONDS FOUR,0.4066,0.0364,0.557
CLUBS FOUR CLUBS FIVE,0.2582,0.435,0.3068
CLUBS SEVEN CLUBS FOUR,0.363,0.0882,0.5488
CLUBS SIX CLUBS FOUR,0.3566,0.1368,0.5066
CLUBS SEVEN SPADES EIGHT,0.3538,0.0586,0.5876
CLUBS SEVEN SPADES NINE,0.3768,0.039,0.5842
CLUBS SEVEN SPADES SIX,0.3394,0.0954,0.5652
CLUBS SEVEN SPADES SEVEN,0.1824,0.1026,0.715
CLUBS SEVEN SPADES FOUR,0.369,0.1,0.531
CLUBS SEVEN SPADES THREE,0.394,0.103,0.503
CLUBS NINE CLUBS SEVEN,0.3496,0.0368,0.6136
CLUBS EIGHT CLUBS SEVEN,0.3514,0.0608,0.5878
HEARTS SIX DIAMONDS FIVE,0.297,0.2452,0.4578
DIAMONDS FIVE HEARTS SEVEN,0.2792,0.1826,0.5382
DIAMONDS FIVE HEARTS EIGHT,0.2912,0.1442,0.5646
HEARTS NINE DIAMONDS FIVE,0.3008,0.102,0.5972
DIAMONDS QUEEN DIAMONDS FIVE,0.2878,0.0424,0.6698
HEARTS TWO DIAMONDS FIVE,0.068,0.9112,0.0208
HEARTS KING HEARTS EIGHT,0.3748,0.0082,0.617
DIAMONDS KING DIAMONDS FIVE,0.2938,0.0384,0.6678
HEARTS THREE DIAMONDS FIVE,0.2566,0.4786,0.2648
HEARTS QUEEN HEARTS EIGHT,0.3722,0.013,0.6148
DIAMONDS ACE DIAMONDS FIVE,0.2804,0.0268,0.6928
HEARTS FOUR DIAMONDS FIVE,0.256,0.4594,0.2846
HEARTS FIVE DIAMONDS FIVE,0.1308,0.1272,0.742
HEARTS ACE HEARTS EIGHT,0.3598,0.0056,0.6346
CLUBS FOUR DIAMONDS FIVE,0.261,0.4646,0.2744
CLUBS FIVE DIAMONDS FIVE,0.1304,0.1294,0.7402
CLUBS SIX DIAMONDS FIVE,0.2868,0.247,0.4662
CLUBS SEVEN DIAMONDS FIVE,0.2684,0.1984,0.5332
CLUBS TWO DIAMONDS FIVE,0.0676,0.9098,0.0226
CLUBS THREE DIAMONDS FIVE,0.2576,0.4912,0.2512
SPADES THREE DIAMONDS FIVE,0.2532,0.4808,0.266
SPADES JACK DIAMONDS EIGHT,0.374,0.0188,0.6072
HEARTS JACK CLUBS TEN,0.3844,0.0118,0.6038
SPADES TEN DIAMONDS EIGHT,0.3716,0.0226,0.6058
SPADES FOUR DIAMONDS FIVE,0.2594,0.4742,0.2664
HEARTS JACK CLUBS JACK,0.1968,0.0466,0.7566
HEARTS JACK CLUBS QUEEN,0.3818,0.0124,0.6058
CLUBS NINE DIAMONDS FIVE,0.3044,0.1082,0.5874
HEARTS JACK CLUBS KING,0.388,0.0066,0.6054
CLUBS EIGHT DIAMONDS FIVE,0.2938,0.138,0.5682
HEARTS JACK CLUBS ACE,0.3914,0.0028,0.6058
SPADES SEVEN DIAMONDS FIVE,0.2674,0.1922,0.5404
SPADES KING DIAMONDS EIGHT,0.384,0.0098,0.6062
SPADES QUEEN DIAMONDS EIGHT,0.3772,0.011,0.6118
SPADES SIX DIAMONDS FIVE,0.2698,0.2546,0.4756
SPADES NINE DIAMONDS FIVE,0.2786,0.11,0.6114
SPADES EIGHT DIAMONDS FIVE,0.2864,0.1482,0.5654
SPADES ACE DIAMONDS EIGHT,0.36,0.005,0.635
DIAMONDS TEN DIAMONDS SIX,0.3432,0.0266,0.6302
HEARTS ACE DIAMONDS SEVEN,0.3916,0.0048,0.6036
DIAMONDS JACK DIAMONDS SIX,0.3694,0.0186,0.612
HEARTS QUEEN DIAMONDS SEVEN,0.3992,0.0108,0.59
HEARTS KING DIAMONDS SEVEN,0.3904,0.008,0.6016
DIAMONDS ACE DIAMONDS SIX,0.3634,0.0058,0.6308
HEARTS FOUR DIAMONDS SIX,0.377,0.157,0.466
HEARTS FIVE DIAMONDS SIX,0.283,0.2628,0.4542
DIAMONDS QUEEN DIAMONDS SIX,0.3668,0.013,0.6202
HEARTS TWO DIAMONDS SIX,0.308,0.2526,0.4394
DIAMONDS KING DIAMONDS SIX,0.3644,0.0078,0.6278
HEARTS THREE DIAMONDS SIX,0.3822,0.1588,0.459
HEARTS EIGHT DIAMONDS SIX,0.3652,0.0624,0.5724
HEARTS NINE DIAMONDS SIX,0.3702,0.0386,0.5912
HEARTS SIX DIAMONDS SIX,0.186,0.1284,0.6856
HEARTS SEVEN DIAMONDS SIX,0.3624,0.0924,0.5452
HEARTS TEN DIAMONDS SEVEN,0.3742,0.0238,0.602
CLUBS TWO DIAMONDS SIX,0.295,0.2488,0.4562
HEARTS JACK DIAMONDS SEVEN,0.395,0.0182,0.5868
CLUBS THREE DIAMONDS SIX,0.3928,0.1552,0.452
DIAMONDS EIGHT CLUBS JACK,0.3898,0.0156,0.5946
CLUBS SEVEN DIAMONDS SIX,0.3586,0.0926,0.5488
CLUBS SIX DIAMONDS SIX,0.1854,0.1184,0.6962
DIAMONDS EIGHT CLUBS TEN,0.3856,0.0282,0.5862
CLUBS FIVE DIAMONDS SIX,0.2726,0.2584,0.469
CLUBS FOUR DIAMONDS SIX,0.3722,0.1524,0.4754
HEARTS ACE HEARTS JACK,0.357,0.0056,0.6374
DIAMONDS EIGHT CLUBS ACE,0.3988,0.0024,0.5988
HEARTS JACK HEARTS QUEEN,0.3648,0.0096,0.6256
DIAMONDS EIGHT CLUBS KING,0.4014,0.008,0.5906
CLUBS NINE DIAMONDS SIX,0.3784,0.0464,0.5752
HEARTS KING HEARTS JACK,0.3584,0.0086,0.633
DIAMONDS EIGHT CLUBS QUEEN,0.3976,0.0102,0.5922
CLUBS EIGHT DIAMONDS SIX,0.3738,0.0626,0.5636
SPADES TEN HEARTS KING,0.3724,0.0068,0.6208
SPADES JACK HEARTS KING,0.3678,0.011,0.6212
SPADES FOUR DIAMONDS SIX,0.371,0.146,0.483
SPADES THREE DIAMONDS SIX,0.3814,0.1654,0.4532
SPADES ACE SPADES KING,0.3326,0.008,0.6594
HEARTS TEN HEARTS EIGHT,0.3702,0.0226,0.6072
SPADES NINE DIAMONDS SIX,0.3744,0.0362,0.5894
HEARTS JACK HEARTS EIGHT,0.3572,0.017,0.6258
SPADES EIGHT DIAMONDS SIX,0.343,0.0638,0.5932
SPADES SEVEN DIAMONDS SIX,0.3366,0.099,0.5644
SPADES SIX DIAMONDS SIX,0.162,0.1256,0.7124
SPADES KING HEARTS KING,0.1822,0.0162,0.8016
SPADES QUEEN HEARTS KING,0.3712,0.0092,0.6196
CLUBS ACE CLUBS KING,0.3608,0.0066,0.6326
SPADES ACE HEARTS KING,0.3716,0.0064,0.622
SPADES ACE HEARTS JACK,0.3682,0.0078,0.624
SPADES QUEEN HEARTS JACK,0.3686,0.011,0.6204
SPADES KING HEARTS JACK,0.3676,0.007,0.6254
SPADES TEN DIAMONDS TEN,0.179,0.0658,0.7552
SPADES JACK DIAMONDS TEN,0.3602,0.0156,0.6242
SPADES ACE DIAMONDS TEN,0.3728,0.0026,0.6246
SPADES JACK HEARTS JACK,0.1832,0.0508,0.766
SPADES TEN HEARTS JACK,0.3542,0.0154,0.6304
SPADES QUEEN DIAMONDS TEN,0.3614,0.0116,0.627
SPADES KING DIAMONDS TEN,0.3734,0.0092,0.6174
SPADES NINE DIAMONDS SEVEN,0.3576,0.0374,0.605
SPADES EIGHT DIAMONDS SEVEN,0.3522,0.0618,0.586
SPADES SEVEN DIAMONDS SEVEN,0.1832,0.1056,0.7112
SPADES SIX DIAMONDS SEVEN,0.3404,0.1,0.5596
DIAMONDS KING DIAMONDS SEVEN,0.3682,0.008,0.6238
HEARTS THREE DIAMONDS SEVEN,0.4132,0.1072,0.4796
HEARTS KING DIAMONDS FIVE,0.2846,0.0396,0.6758
DIAMONDS QUEEN DIAMONDS SEVEN,0.3864,0.0126,0.601
HEARTS TWO DIAMONDS SEVEN,0.3132,0.1894,0.4974
HEARTS QUEEN DIAMONDS FIVE,0.3078,0.0454,0.6468
HEARTS FIVE DIAMONDS SEVEN,0.2726,0.1934,0.534
DIAMONDS ACE DIAMONDS SEVEN,0.3586,0.0058,0.6356
HEARTS FOUR DIAMONDS SEVEN,0.3848,0.0968,0.5184
HEARTS ACE DIAMONDS FIVE,0.2686,0.0292,0.7022
HEARTS SEVEN DIAMONDS SEVEN,0.182,0.1112,0.7068
HEARTS SIX DIAMONDS SEVEN,0.36,0.09,0.55
HEARTS NINE DIAMONDS SEVEN,0.3812,0.04,0.5788
DIAMONDS SEVEN HEARTS EIGHT,0.3656,0.0572,0.5772
DIAMONDS JACK DIAMONDS SEVEN,0.3626,0.0212,0.6162
HEARTS JACK DIAMONDS FIVE,0.3056,0.0606,0.6338
DIAMONDS TEN DIAMONDS SEVEN,0.3606,0.0244,0.615
DIAMONDS FIVE HEARTS TEN,0.3062,0.0856,0.6082
SPADES KING CLUBS TWO,0.2998,0.0254,0.6748
HEARTS KING CLUBS KING,0.1858,0.0162,0.798
CLUBS EIGHT DIAMONDS SEVEN,0.3614,0.0544,0.5842
SPADES QUEEN CLUBS TWO,0.3026,0.0382,0.6592
HEARTS KING CLUBS QUEEN,0.3886,0.0068,0.6046
CLUBS NINE DIAMONDS SEVEN,0.369,0.0394,0.5916
SPADES ACE CLUBS TWO,0.2922,0.0134,0.6944
HEARTS KING CLUBS ACE,0.3856,0.005,0.6094
CLUBS SIX CLUBS SEVEN,0.3486,0.09,0.5614
CLUBS EIGHT CLUBS SIX,0.3588,0.0584,0.5828
SPADES THREE DIAMONDS SEVEN,0.3974,0.1018,0.5008
CLUBS NINE CLUBS SIX,0.3652,0.0366,0.5982
SPADES FOUR DIAMONDS SEVEN,0.3838,0.0968,0.5194
HEARTS KING CLUBS JACK,0.3932,0.0078,0.599
HEARTS KING CLUBS TEN,0.3928,0.0076,0.5996
CLUBS SIX SPADES THREE,0.3816,0.1526,0.4658
CLUBS TWO DIAMONDS SEVEN,0.2964,0.1864,0.5172
CLUBS SIX SPADES FOUR,0.3722,0.148,0.4798
CLUBS THREE DIAMONDS SEVEN,0.4054,0.0984,0.4962
CLUBS FOUR DIAMONDS SEVEN,0.3808,0.1014,0.5178
CLUBS SIX SPADES SIX,0.1662,0.1242,0.7096
CLUBS FIVE DIAMONDS SEVEN,0.2766,0.192,0.5314
CLUBS SIX SPADES SEVEN,0.3484,0.0948,0.5568
CLUBS SIX DIAMONDS SEVEN,0.3594,0.0816,0.559
CLUBS SIX SPADES EIGHT,0.3458,0.0622,0.592
SPADES JACK CLUBS TWO,0.3098,0.0542,0.636
CLUBS SIX SPADES NINE,0.368,0.0426,0.5894
SPADES TEN CLUBS TWO,0.2954,0.0718,0.6328
CLUBS SEVEN DIAMONDS SEVEN,0.2094,0.1034,0.6872
CLUBS TWO CLUBS QUEEN,0.295,0.0404,0.6646
CLUBS TWO CLUBS KING,0.2902,0.0242,0.6856
CLUBS THREE DIAMONDS EIGHT,0.4176,0.0624,0.52
CLUBS TWO CLUBS ACE,0.2674,0.0148,0.7178
CLUBS TWO DIAMONDS EIGHT,0.3276,0.1256,0.5468
DIAMONDS EIGHT HEARTS SEVEN,0.3786,0.0592,0.5622
HEARTS SIX DIAMONDS EIGHT,0.3672,0.0634,0.5694
DIAMONDS EIGHT HEARTS NINE,0.3658,0.0426,0.5916
CLUBS TWO CLUBS TEN,0.2882,0.0764,0.6354
DIAMONDS EIGHT HEARTS EIGHT,0.1936,0.0938,0.7126
CLUBS TWO CLUBS JACK,0.293,0.0496,0.6574
CLUBS NINE DIAMONDS EIGHT,0.3764,0.0382,0.5854
CLUBS EIGHT DIAMONDS EIGHT,0.1896,0.0938,0.7166
CLUBS FIVE DIAMONDS EIGHT,0.2982,0.155,0.5468
SPADES ACE SPADES THREE,0.3378,0.008,0.6542
CLUBS FOUR DIAMONDS EIGHT,0.4054,0.0648,0.5298
SPADES QUEEN SPADES THREE,0.3654,0.0142,0.6204
CLUBS SEVEN DIAMONDS EIGHT,0.3724,0.0532,0.5744
CLUBS SIX DIAMONDS EIGHT,0.3702,0.0646,0.5652
SPADES KING SPADES THREE,0.3744,0.011,0.6146
DIAMONDS QUEEN DIAMONDS EIGHT,0.3572,0.0128,0.63
HEARTS TWO DIAMONDS EIGHT,0.3066,0.1358,0.5576
DIAMONDS KING DIAMONDS EIGHT,0.3704,0.0082,0.6214
HEARTS THREE DIAMONDS EIGHT,0.4194,0.0636,0.517
DIAMONDS ACE DIAMONDS EIGHT,0.3684,0.0058,0.6258
HEARTS FOUR DIAMONDS EIGHT,0.3926,0.0654,0.542
HEARTS FIVE DIAMONDS EIGHT,0.3056,0.1366,0.5578
DIAMONDS EIGHT DIAMONDS TEN,0.3518,0.0246,0.6236
DIAMONDS EIGHT DIAMONDS JACK,0.3572,0.0196,0.6232
SPADES JACK SPADES THREE,0.3502,0.0232,0.6266
SPADES TEN SPADES THREE,0.3618,0.0312,0.607
CLUBS FOUR HEARTS ACE,0.3992,0.0066,0.5942
CLUBS FOUR HEARTS QUEEN,0.406,0.0108,0.5832
CLUBS FOUR HEARTS KING,0.4166,0.0092,0.5742
CLUBS SIX HEARTS TEN,0.3834,0.0258,0.5908
CLUBS SIX HEARTS JACK,0.3936,0.0184,0.588
SPADES FOUR DIAMONDS EIGHT,0.395,0.0748,0.5302
DIAMONDS EIGHT SPADES THREE,0.4012,0.069,0.5298
CLUBS FOUR HEARTS JACK,0.418,0.0192,0.5628
SPADES EIGHT DIAMONDS EIGHT,0.1898,0.0912,0.719
SPADES TEN DIAMONDS QUEEN,0.3736,0.0114,0.615
SPADES TEN HEARTS TWO,0.2978,0.0706,0.6316
SPADES JACK HEARTS EIGHT,0.3876,0.02,0.5924
CLUBS FOUR HEARTS TEN,0.4016,0.0296,0.5688
SPADES NINE DIAMONDS EIGHT,0.3576,0.0392,0.6032
SPADES TEN HEARTS EIGHT,0.3572,0.0252,0.6176
SPADES JACK HEARTS TWO,0.3038,0.0504,0.6458
SPADES JACK DIAMONDS QUEEN,0.3622,0.0118,0.626
SPADES SIX DIAMONDS EIGHT,0.3518,0.057,0.5912
SPADES SEVEN DIAMONDS EIGHT,0.3518,0.0628,0.5854
SPADES ACE HEARTS TWO,0.2812,0.013,0.7058
SPADES ACE DIAMONDS QUEEN,0.3818,0.0046,0.6136
SPADES ACE HEARTS EIGHT,0.3728,0.0062,0.621
SPADES KING HEARTS EIGHT,0.3802,0.0078,0.612
SPADES QUEEN HEARTS TWO,0.3012,0.0366,0.6622
SPADES QUEEN DIAMONDS QUEEN,0.1914,0.0366,0.772
SPADES KING DIAMONDS QUEEN,0.371,0.0092,0.6198
SPADES KING HEARTS TWO,0.302,0.0266,0.6714
SPADES QUEEN HEARTS EIGHT,0.3828,0.0122,0.605
CLUBS TWO HEARTS TEN,0.313,0.0732,0.6138
CLUBS TWO HEARTS JACK,0.32,0.0528,0.6272
SPADES SEVEN DIAMONDS NINE,0.3504,0.0414,0.6082
SPADES SIX DIAMONDS NINE,0.3632,0.05,0.5868
SPADES NINE DIAMONDS NINE,0.19,0.0856,0.7244
SPADES EIGHT DIAMONDS NINE,0.3562,0.0364,0.6074
SPADES TEN CLUBS KING,0.3718,0.008,0.6202
DIAMONDS NINE SPADES THREE,0.4056,0.0446,0.5498
SPADES JACK CLUBS KING,0.3728,0.008,0.6192
DIAMONDS NINE SPADES FOUR,0.404,0.0476,0.5484
CLUBS NINE DIAMONDS NINE,0.1914,0.0742,0.7344
CLUBS EIGHT DIAMONDS NINE,0.3758,0.039,0.5852
CLUBS SIX DIAMONDS NINE,0.382,0.0404,0.5776
SPADES JACK CLUBS FOUR,0.3912,0.022,0.5868
SPADES TEN CLUBS FOUR,0.3914,0.0282,0.5804
CLUBS SEVEN DIAMONDS NINE,0.3774,0.035,0.5876
CLUBS FOUR DIAMONDS NINE,0.413,0.0386,0.5484
CLUBS FIVE DIAMONDS NINE,0.3052,0.1132,0.5816
CLUBS TWO DIAMONDS NINE,0.3204,0.1006,0.579
CLUBS THREE DIAMONDS NINE,0.4182,0.0436,0.5382
DIAMONDS NINE HEARTS EIGHT,0.3768,0.0396,0.5836
DIAMONDS NINE HEARTS NINE,0.1908,0.0796,0.7296
HEARTS SIX DIAMONDS NINE,0.3772,0.0398,0.583
DIAMONDS NINE HEARTS SEVEN,0.3742,0.0358,0.59
CLUBS EIGHT CLUBS NINE,0.3462,0.036,0.6178
DIAMONDS ACE DIAMONDS NINE,0.3692,0.0054,0.6254
HEARTS FOUR DIAMONDS NINE,0.4204,0.0428,0.5368
HEARTS FIVE DIAMONDS NINE,0.3016,0.1084,0.59
CLUBS TWO HEARTS ACE,0.2896,0.0144,0.696
SPADES ACE CLUBS FOUR,0.3862,0.0042,0.6096
DIAMONDS QUEEN DIAMONDS NINE,0.3676,0.008,0.6244
HEARTS TWO DIAMONDS NINE,0.308,0.0944,0.5976
CLUBS TWO HEARTS KING,0.3044,0.0282,0.6674
SPADES KING CLUBS FOUR,0.4112,0.0118,0.577
DIAMONDS KING DIAMONDS NINE,0.3628,0.011,0.6262
HEARTS THREE DIAMONDS NINE,0.412,0.0406,0.5474
CLUBS TWO HEARTS QUEEN,0.31,0.0368,0.6532
SPADES QUEEN CLUBS FOUR,0.4004,0.014,0.5856
DIAMONDS NINE DIAMONDS JACK,0.3682,0.0136,0.6182
CLUBS EIGHT SPADES NINE,0.3584,0.0344,0.6072
DIAMONDS NINE DIAMONDS TEN,0.348,0.0214,0.6306
CLUBS EIGHT SPADES EIGHT,0.1708,0.0958,0.7334
CLUBS EIGHT SPADES SEVEN,0.3496,0.0628,0.5876
CLUBS EIGHT SPADES SIX,0.3552,0.064,0.5808
CLUBS EIGHT SPADES FOUR,0.3858,0.0702,0.544
CLUBS EIGHT SPADES THREE,0.4144,0.064,0.5216
HEARTS SIX DIAMONDS TEN,0.387,0.0326,0.5804
DIAMONDS TEN HEARTS SEVEN,0.3866,0.0262,0.5872
DIAMONDS TEN HEARTS EIGHT,0.3814,0.0254,0.5932
CLUBS FOUR CLUBS JACK,0.3824,0.0192,0.5984
DIAMONDS TEN HEARTS NINE,0.3668,0.0188,0.6144
CLUBS FOUR CLUBS TEN,0.385,0.03,0.585
CLUBS FOUR CLUBS KING,0.3958,0.012,0.5922
CLUBS FOUR CLUBS QUEEN,0.3962,0.012,0.5918
CLUBS TWO DIAMONDS TEN,0.3046,0.0702,0.6252
CLUBS THREE DIAMONDS TEN,0.4064,0.0296,0.564
CLUBS FOUR CLUBS ACE,0.3806,0.006,0.6134
DIAMONDS JACK DIAMONDS TEN,0.36,0.0158,0.6242
DIAMONDS QUEEN DIAMONDS TEN,0.3544,0.0122,0.6334
HEARTS TWO DIAMONDS TEN,0.3228,0.0742,0.603
DIAMONDS KING DIAMONDS TEN,0.3544,0.0078,0.6378
HEARTS THREE DIAMONDS TEN,0.4152,0.0274,0.5574
DIAMONDS ACE DIAMONDS TEN,0.353,0.0066,0.6404
HEARTS FOUR DIAMONDS TEN,0.4102,0.0292,0.5606
CLUBS EIGHT HEARTS JACK,0.3882,0.0156,0.5962
HEARTS FIVE DIAMONDS TEN,0.3102,0.0806,0.6092
CLUBS EIGHT HEARTS TEN,0.3832,0.0234,0.5934
CLUBS EIGHT HEARTS QUEEN,0.3952,0.0084,0.5964
CLUBS EIGHT HEARTS KING,0.3984,0.0062,0.5954
CLUBS EIGHT HEARTS ACE,0.3938,0.004,0.6022
CLUBS NINE SPADES THREE,0.4058,0.0466,0.5476
CLUBS NINE SPADES FOUR,0.416,0.0454,0.5386
CLUBS NINE SPADES SEVEN,0.3564,0.0396,0.604
CLUBS NINE SPADES SIX,0.371,0.0424,0.5866
CLUBS NINE SPADES NINE,0.1884,0.0804,0.7312
CLUBS TEN HEARTS EIGHT,0.3912,0.026,0.5828
CLUBS NINE SPADES EIGHT,0.36,0.034,0.606
CLUBS JACK HEARTS EIGHT,0.3758,0.0158,0.6084
CLUBS QUEEN HEARTS EIGHT,0.3852,0.0126,0.6022
CLUBS KING HEARTS EIGHT,0.3926,0.0088,0.5986
CLUBS ACE HEARTS EIGHT,0.3758,0.0046,0.6196
SPADES KING CLUBS KING,0.1784,0.021,0.8006
SPADES QUEEN CLUBS KING,0.3788,0.0084,0.6128
SPADES ACE CLUBS KING,0.3798,0.0052,0.615
DIAMONDS ACE HEARTS TEN,0.3848,0.0046,0.6106
HEARTS FOUR HEARTS TEN,0.3936,0.0278,0.5786
DIAMONDS ACE HEARTS JACK,0.3788,0.0034,0.6178
HEARTS FOUR HEARTS JACK,0.3946,0.0182,0.5872
SPADES KING CLUBS FIVE,0.2794,0.0346,0.686
SPADES QUEEN CLUBS FIVE,0.2794,0.049,0.6716
SPADES ACE CLUBS FIVE,0.2546,0.03,0.7154
DIAMONDS JACK HEARTS SEVEN,0.3842,0.018,0.5978
HEARTS SIX DIAMONDS JACK,0.3874,0.0204,0.5922
DIAMONDS JACK HEARTS NINE,0.3734,0.0174,0.6092
DIAMONDS JACK HEARTS EIGHT,0.3794,0.017,0.6036
DIAMONDS KING DIAMONDS JACK,0.3598,0.0074,0.6328
HEARTS THREE DIAMONDS JACK,0.4234,0.017,0.5596
SPADES ACE SPADES SIX,0.3384,0.0066,0.655
SPADES FOUR HEARTS ACE,0.3876,0.0078,0.6046
DIAMONDS QUEEN DIAMONDS JACK,0.3566,0.0098,0.6336
HEARTS TWO DIAMONDS JACK,0.3078,0.0488,0.6434
HEARTS FIVE DIAMONDS JACK,0.301,0.067,0.632
SPADES QUEEN SPADES SIX,0.3226,0.0182,0.6592
SPADES FOUR HEARTS QUEEN,0.4084,0.0132,0.5784
DIAMONDS ACE DIAMONDS JACK,0.3674,0.0068,0.6258
HEARTS FOUR DIAMONDS JACK,0.4154,0.0184,0.5662
SPADES KING SPADES SIX,0.3182,0.0116,0.6702
HEARTS KING SPADES FOUR,0.3932,0.0092,0.5976
SPADES TEN SPADES SIX,0.3216,0.0302,0.6482
SPADES JACK SPADES SIX,0.3358,0.0174,0.6468
SPADES FOUR DIAMONDS JACK,0.4116,0.0186,0.5698
SPADES THREE DIAMONDS JACK,0.42,0.0186,0.5614
SPADES ACE DIAMONDS THREE,0.3904,0.0064,0.6032
SPADES QUEEN DIAMONDS THREE,0.4036,0.017,0.5794
CLUBS EIGHT DIAMONDS JACK,0.3876,0.0184,0.594
SPADES KING DIAMONDS THREE,0.4024,0.01,0.5876
CLUBS NINE DIAMONDS JACK,0.386,0.0138,0.6002
CLUBS SIX DIAMONDS JACK,0.3974,0.02,0.5826
CLUBS SEVEN DIAMONDS JACK,0.3926,0.0184,0.589
CLUBS FOUR DIAMONDS JACK,0.4222,0.0242,0.5536
CLUBS FIVE DIAMONDS JACK,0.3056,0.0686,0.6258
CLUBS TWO DIAMONDS JACK,0.317,0.0432,0.6398
CLUBS THREE DIAMONDS JACK,0.4214,0.0224,0.5562
SPADES TEN CLUBS FIVE,0.2902,0.0772,0.6326
HEARTS SIX SPADES JACK,0.376,0.0186,0.6054
HEARTS SIX SPADES TEN,0.3744,0.03,0.5956
SPADES JACK CLUBS FIVE,0.278,0.0602,0.6618
SPADES JACK DIAMONDS THREE,0.395,0.0224,0.5826
CLUBS SEVEN CLUBS ACE,0.3628,0.005,0.6322
DIAMONDS THREE SPADES TEN,0.391,0.03,0.579
CLUBS SEVEN CLUBS QUEEN,0.3658,0.0136,0.6206
CLUBS SEVEN CLUBS KING,0.36,0.0088,0.6312
SPADES NINE DIAMONDS JACK,0.3726,0.0178,0.6096
CLUBS SEVEN CLUBS TEN,0.3676,0.024,0.6084
DIAMONDS ACE HEARTS ACE,0.1848,0.0028,0.8124
HEARTS FOUR HEARTS ACE,0.3804,0.006,0.6136
SPADES EIGHT DIAMONDS JACK,0.3674,0.0176,0.615
SPADES ACE HEARTS SIX,0.368,0.0064,0.6256
CLUBS SEVEN CLUBS JACK,0.3634,0.0172,0.6194
DIAMONDS ACE HEARTS KING,0.3884,0.0044,0.6072
HEARTS FOUR HEARTS KING,0.3926,0.0068,0.6006
SPADES SEVEN DIAMONDS JACK,0.377,0.0166,0.6064
SPADES KING HEARTS SIX,0.3628,0.0084,0.6288
DIAMONDS ACE HEARTS QUEEN,0.381,0.0054,0.6136
HEARTS FOUR HEARTS QUEEN,0.397,0.012,0.591
SPADES QUEEN HEARTS SIX,0.3814,0.013,0.6056
SPADES SIX DIAMONDS JACK,0.3624,0.0218,0.6158
SPADES THREE DIAMONDS TEN,0.3958,0.0324,0.5718
SPADES FOUR DIAMONDS TEN,0.4074,0.032,0.5606
SPADES SIX DIAMONDS TEN,0.3734,0.0296,0.597
SPADES SEVEN DIAMONDS TEN,0.37,0.0246,0.6054
SPADES EIGHT DIAMONDS TEN,0.358,0.0276,0.6144
SPADES NINE DIAMONDS TEN,0.3554,0.0252,0.6194
CLUBS FOUR DIAMONDS TEN,0.4048,0.0302,0.565
CLUBS FIVE DIAMONDS TEN,0.306,0.0822,0.6118
CLUBS SIX DIAMONDS TEN,0.3838,0.0286,0.5876
CLUBS SEVEN DIAMONDS TEN,0.383,0.0292,0.5878
CLUBS EIGHT DIAMONDS TEN,0.3838,0.0264,0.5898
CLUBS NINE DIAMONDS TEN,0.3696,0.0232,0.6072
DIAMONDS THREE CLUBS JACK,0.4208,0.0206,0.5586
DIAMONDS THREE CLUBS TEN,0.4148,0.0286,0.5566
DIAMONDS THREE CLUBS KING,0.4092,0.0114,0.5794
DIAMONDS THREE CLUBS QUEEN,0.4136,0.0138,0.5726
DIAMONDS THREE CLUBS ACE,0.4046,0.006,0.5894
SPADES FOUR HEARTS JACK,0.4048,0.0164,0.5788
SPADES FOUR HEARTS TEN,0.3986,0.031,0.5704
DIAMONDS QUEEN CLUBS THREE,0.4308,0.0162,0.553
HEARTS TWO CLUBS THREE,0.4412,0.345,0.2138
DIAMONDS QUEEN CLUBS TWO,0.3206,0.0384,0.641
CLUBS TWO HEARTS TWO,0.292,0.1166,0.5914
DIAMONDS QUEEN HEARTS SEVEN,0.3858,0.0122,0.602
HEARTS TWO HEARTS SEVEN,0.2882,0.1716,0.5402
HEARTS SIX DIAMONDS QUEEN,0.3918,0.0112,0.597
HEARTS SIX HEARTS TWO,0.2782,0.2422,0.4796
DIAMONDS QUEEN HEARTS NINE,0.3798,0.0152,0.605
HEARTS TWO HEARTS NINE,0.2994,0.0916,0.609
DIAMONDS QUEEN HEARTS EIGHT,0.3826,0.0114,0.606
HEARTS TWO HEARTS EIGHT,0.2852,0.1316,0.5832
CLUBS NINE HEARTS TWO,0.3002,0.0994,0.6004
CLUBS NINE DIAMONDS QUEEN,0.3768,0.0092,0.614
CLUBS EIGHT HEARTS TWO,0.3188,0.1334,0.5478
CLUBS EIGHT DIAMONDS QUEEN,0.391,0.014,0.595
CLUBS FIVE DIAMONDS QUEEN,0.2878,0.0462,0.666
CLUBS FIVE HEARTS TWO,0.0752,0.9026,0.0222
SPADES EIGHT HEARTS ACE,0.3714,0.0032,0.6254
CLUBS FOUR DIAMONDS QUEEN,0.4204,0.0166,0.563
CLUBS FOUR HEARTS TWO,0.4252,0.3674,0.2074
SPADES EIGHT HEARTS QUEEN,0.365,0.0102,0.6248
CLUBS SEVEN HEARTS TWO,0.3184,0.181,0.5006
CLUBS SEVEN DIAMONDS QUEEN,0.3934,0.0118,0.5948
CLUBS SIX DIAMONDS QUEEN,0.3856,0.0122,0.6022
CLUBS SIX HEARTS TWO,0.2954,0.2582,0.4464
SPADES EIGHT HEARTS KING,0.384,0.0074,0.6086
HEARTS TWO SPADES SIX,0.2768,0.2574,0.4658
DIAMONDS QUEEN SPADES SIX,0.3796,0.0144,0.606
HEARTS FOUR CLUBS QUEEN,0.414,0.0126,0.5734
DIAMONDS ACE CLUBS QUEEN,0.3894,0.0048,0.6058
DIAMONDS QUEEN SPADES SEVEN,0.3796,0.0146,0.6058
HEARTS TWO SPADES SEVEN,0.289,0.1896,0.5214
HEARTS FOUR CLUBS KING,0.414,0.0104,0.5756
DIAMONDS ACE CLUBS KING,0.391,0.0042,0.6048
DIAMONDS QUEEN SPADES EIGHT,0.385,0.0126,0.6024
SPADES EIGHT HEARTS TWO,0.288,0.1438,0.5682
HEARTS FOUR CLUBS ACE,0.395,0.0048,0.6002
DIAMONDS ACE CLUBS ACE,0.181,0.0036,0.8154
SPADES NINE DIAMONDS QUEEN,0.3724,0.0122,0.6154
SPADES NINE HEARTS TWO,0.2966,0.1016,0.6018
HEARTS TWO SPADES THREE,0.432,0.3526,0.2154
DIAMONDS QUEEN SPADES THREE,0.4036,0.0122,0.5842
HEARTS TWO SPADES FOUR,0.4358,0.35,0.2142
DIAMONDS QUEEN SPADES FOUR,0.4092,0.0152,0.5756
HEARTS FOUR CLUBS TEN,0.4156,0.03,0.5544
DIAMONDS ACE CLUBS TEN,0.3846,0.0046,0.6108
HEARTS FOUR CLUBS JACK,0.4206,0.0224,0.557
DIAMONDS ACE CLUBS JACK,0.381,0.0066,0.6124
CLUBS FIVE CLUBS KING,0.284,0.0372,0.6788
CLUBS FIVE CLUBS QUEEN,0.2758,0.051,0.6732
CLUBS FIVE CLUBS ACE,0.2658,0.0292,0.705
CLUBS FIVE CLUBS JACK,0.2846,0.0658,0.6496
CLUBS FIVE CLUBS TEN,0.2852,0.0762,0.6386
SPADES KING CLUBS JACK,0.38,0.0064,0.6136
SPADES QUEEN CLUBS JACK,0.3656,0.0116,0.6228
SPADES ACE CLUBS JACK,0.3644,0.0036,0.632
SPADES SIX CLUBS KING,0.3746,0.009,0.6164
SPADES SIX CLUBS QUEEN,0.3696,0.0122,0.6182
SPADES EIGHT HEARTS JACK,0.3642,0.0192,0.6166
SPADES SIX CLUBS ACE,0.3738,0.005,0.6212
SPADES EIGHT HEARTS TEN,0.3674,0.0294,0.6032
SPADES SIX CLUBS JACK,0.3892,0.0186,0.5922
SPADES SIX CLUBS TEN,0.3778,0.0292,0.593
SPADES TEN CLUBS JACK,0.3618,0.0124,0.6258
SPADES JACK CLUBS JACK,0.1804,0.0452,0.7744
SPADES QUEEN CLUBS SEVEN,0.378,0.0114,0.6106
SPADES KING CLUBS SEVEN,0.3696,0.0092,0.6212
SPADES ACE CLUBS SEVEN,0.3706,0.0052,0.6242
SPADES SIX HEARTS TEN,0.3784,0.0226,0.599
SPADES SIX HEARTS JACK,0.3676,0.0174,0.615
SPADES SIX HEARTS ACE,0.3662,0.0044,0.6294
SPADES SIX HEARTS KING,0.3712,0.0096,0.6192
SPADES SIX HEARTS QUEEN,0.375,0.0144,0.6106
SPADES JACK CLUBS SEVEN,0.3704,0.017,0.6126
CLUBS SEVEN SPADES TEN,0.3756,0.0258,0.5986
HEARTS SIX CLUBS TEN,0.3918,0.028,0.5802
HEARTS SIX CLUBS JACK,0.3968,0.0196,0.5836
CLUBS ACE CLUBS JACK,0.3756,0.005,0.6194
HEARTS SIX CLUBS QUEEN,0.3944,0.012,0.5936
HEARTS SIX CLUBS KING,0.3936,0.0088,0.5976
HEARTS SIX CLUBS ACE,0.3998,0.0034,0.5968
CLUBS QUEEN CLUBS JACK,0.3486,0.0122,0.6392
CLUBS KING CLUBS JACK,0.359,0.0082,0.6328
DIAMONDS THREE HEARTS ACE,0.4006,0.0056,0.5938
DIAMONDS THREE HEARTS QUEEN,0.4224,0.0116,0.566
DIAMONDS THREE HEARTS KING,0.4206,0.0076,0.5718
CLUBS FIVE HEARTS JACK,0.3048,0.0622,0.633
SPADES TEN DIAMONDS ACE,0.363,0.0052,0.6318
HEARTS FOUR SPADES TEN,0.3828,0.0314,0.5858
CLUBS FIVE HEARTS TEN,0.2986,0.085,0.6164
HEARTS FOUR SPADES JACK,0.3876,0.0208,0.5916
SPADES JACK DIAMONDS ACE,0.3666,0.0056,0.6278
SPADES ACE HEARTS FOUR,0.3756,0.0072,0.6172
SPADES ACE DIAMONDS ACE,0.1682,0.0042,0.8276
CLUBS FIVE HEARTS ACE,0.275,0.0282,0.6968
CLUBS FIVE HEARTS KING,0.298,0.032,0.67
HEARTS FOUR SPADES QUEEN,0.4014,0.014,0.5846
SPADES QUEEN DIAMONDS ACE,0.3696,0.006,0.6244
SPADES FOUR CLUBS JACK,0.4024,0.025,0.5726
CLUBS FIVE HEARTS QUEEN,0.3012,0.048,0.6508
SPADES KING DIAMONDS ACE,0.3716,0.0046,0.6238
HEARTS FOUR SPADES KING,0.3892,0.0102,0.6006
SPADES FOUR CLUBS TEN,0.4014,0.0322,0.5664
DIAMONDS QUEEN DIAMONDS ACE,0.3648,0.0068,0.6284
HEARTS TWO DIAMONDS ACE,0.2858,0.0142,0.7
HEARTS FOUR DIAMONDS QUEEN,0.4144,0.0174,0.5682
HEARTS FOUR HEARTS TWO,0.401,0.3382,0.2608
DIAMONDS THREE HEARTS TEN,0.419,0.0274,0.5536
SPADES FOUR CLUBS KING,0.3988,0.0076,0.5936
HEARTS FIVE DIAMONDS QUEEN,0.307,0.0462,0.6468
HEARTS FIVE HEARTS TWO,0.0664,0.8578,0.0758
DIAMONDS THREE HEARTS JACK,0.4258,0.0176,0.5566
SPADES FOUR CLUBS QUEEN,0.3956,0.0158,0.5886
DIAMONDS QUEEN HEARTS TWO,0.2978,0.033,0.6692
DIAMONDS KING DIAMONDS QUEEN,0.3626,0.0084,0.629
DIAMONDS KING HEARTS TWO,0.321,0.0272,0.6518
HEARTS THREE DIAMONDS QUEEN,0.4104,0.0148,0.5748
HEARTS THREE HEARTS TWO,0.4206,0.3378,0.2416
SPADES FOUR CLUBS ACE,0.3846,0.005,0.6104
HEARTS TWO CLUBS ACE,0.294,0.0178,0.6882
DIAMONDS QUEEN CLUBS ACE,0.4052,0.0044,0.5904
HEARTS TWO CLUBS QUEEN,0.3168,0.0408,0.6424
DIAMONDS QUEEN CLUBS QUEEN,0.189,0.0316,0.7794
HEARTS TWO CLUBS KING,0.3212,0.0258,0.653
DIAMONDS QUEEN CLUBS KING,0.3922,0.0074,0.6004
HEARTS TWO CLUBS TEN,0.3122,0.0714,0.6164
DIAMONDS QUEEN CLUBS TEN,0.3674,0.0102,0.6224
HEARTS TWO CLUBS JACK,0.3288,0.0498,0.6214
DIAMONDS QUEEN CLUBS JACK,0.3884,0.0114,0.6002
DIAMONDS FIVE CLUBS QUEEN,0.2986,0.0464,0.655
SPADES EIGHT CLUBS ACE,0.3714,0.0046,0.624
CLUBS KING DIAMONDS FIVE,0.2978,0.0392,0.663
SPADES EIGHT CLUBS KING,0.377,0.0092,0.6138
CLUBS ACE DIAMONDS FIVE,0.2772,0.0302,0.6926
SPADES EIGHT CLUBS QUEEN,0.375,0.011,0.614
SPADES EIGHT CLUBS JACK,0.3778,0.0196,0.6026
SPADES EIGHT CLUBS TEN,0.3686,0.022,0.6094
DIAMONDS FIVE CLUBS TEN,0.2912,0.0842,0.6246
DIAMONDS FIVE CLUBS JACK,0.299,0.064,0.637
HEARTS JACK DIAMONDS TEN,0.382,0.017,0.601
DIAMONDS TEN HEARTS TEN,0.1962,0.0608,0.743
SPADES ACE CLUBS NINE,0.3728,0.0046,0.6226
CLUBS NINE SPADES QUEEN,0.3708,0.01,0.6192
SPADES KING CLUBS NINE,0.383,0.0062,0.6108
HEARTS SIX HEARTS KING,0.3772,0.0092,0.6136
DIAMONDS KING SPADES SEVEN,0.3818,0.0104,0.6078
HEARTS THREE SPADES SEVEN,0.3798,0.0964,0.5238
SPADES KING DIAMONDS SEVEN,0.3802,0.0096,0.6102
HEARTS SIX HEARTS QUEEN,0.362,0.0152,0.6228
SPADES QUEEN DIAMONDS SEVEN,0.3752,0.0152,0.6096
HEARTS THREE SPADES SIX,0.3732,0.1552,0.4716
DIAMONDS KING SPADES SIX,0.358,0.0078,0.6342
DIAMONDS KING SPADES NINE,0.3782,0.007,0.6148
HEARTS THREE SPADES NINE,0.3976,0.0468,0.5556
HEARTS SIX HEARTS ACE,0.3692,0.0054,0.6254
DIAMONDS KING SPADES EIGHT,0.3892,0.0064,0.6044
HEARTS THREE SPADES EIGHT,0.409,0.069,0.522
SPADES ACE DIAMONDS SEVEN,0.369,0.0052,0.6258
CLUBS NINE HEARTS THREE,0.4168,0.043,0.5402
CLUBS NINE DIAMONDS KING,0.3834,0.0056,0.611
CLUBS EIGHT HEARTS THREE,0.4018,0.0686,0.5296
CLUBS EIGHT DIAMONDS KING,0.384,0.0058,0.6102
HEARTS THREE SPADES THREE,0.253,0.1548,0.5922
DIAMONDS KING SPADES THREE,0.4088,0.0072,0.584
HEARTS THREE SPADES FOUR,0.3846,0.24,0.3754
DIAMONDS KING SPADES FOUR,0.4008,0.012,0.5872
DIAMONDS KING CLUBS TWO,0.3106,0.0272,0.6622
HEARTS THREE CLUBS TWO,0.4238,0.352,0.2242
