opposingHand,winningChance,drawChance,lostChance
SPADES TEN HEARTS ACE
SPADES JACK HEARTS FIVE,0.6618,0.0048,0.3334
SPADES FIVE CLUBS JACK,0.6394,0.0048,0.3558
CLUBS TEN SPADES FIVE,0.7462,0.028,0.2258
CLUBS EIGHT CLUBS JACK,0.5844,0.0038,0.4118
CLUBS TEN CLUBS EIGHT,0.6702,0.0224,0.3074
CLUBS EIGHT CLUBS KING,0.6138,0.0026,0.3836
SPADES FIVE CLUBS ACE,0.6446,0.1188,0.2366
CLUBS EIGHT CLUBS QUEEN,0.5994,0.0048,0.3958
SPADES FIVE CLUBS KING,0.6334,0.0052,0.3614
SPADES FIVE CLUBS QUEEN,0.6506,0.0034,0.346
CLUBS EIGHT CLUBS ACE,0.6006,0.1162,0.2832
DIAMONDS TWO DIAMONDS THREE,0.6248,0.0046,0.3706
DIAMONDS TWO DIAMONDS FIVE,0.6048,0.0024,0.3928
SPADES KING HEARTS FIVE,0.6456,0.0058,0.3486
DIAMONDS TWO DIAMONDS FOUR,0.6162,0.0068,0.377
SPADES QUEEN HEARTS FIVE,0.6414,0.005,0.3536
DIAMONDS TWO DIAMONDS SEVEN,0.6346,0.004,0.3614
DIAMONDS TWO DIAMONDS SIX,0.6308,0.0032,0.366
SPADES ACE HEARTS FIVE,0.635,0.1214,0.2436
DIAMONDS TWO DIAMONDS NINE,0.6214,0.0054,0.3732
DIAMONDS TWO DIAMONDS EIGHT,0.6426,0.0036,0.3538
DIAMONDS THREE DIAMONDS FOUR,0.6096,0.0042,0.3862
SPADES FOUR CLUBS TWO,0.66,0.0056,0.3344
DIAMONDS THREE DIAMONDS FIVE,0.607,0.0044,0.3886
SPADES FIVE CLUBS TWO,0.6608,0.0058,0.3334
CLUBS TWO SPADES TWO,0.4774,0.0062,0.5164
CLUBS TWO SPADES THREE,0.6644,0.0052,0.3304
DIAMONDS THREE DIAMONDS EIGHT,0.6252,0.0046,0.3702
SPADES EIGHT CLUBS TWO,0.684,0.0052,0.3108
DIAMONDS THREE DIAMONDS NINE,0.6302,0.0028,0.367
SPADES NINE CLUBS TWO,0.6842,0.0056,0.3102
DIAMONDS THREE DIAMONDS SIX,0.6146,0.0036,0.3818
SPADES SIX CLUBS TWO,0.6714,0.0046,0.324
DIAMONDS THREE DIAMONDS SEVEN,0.6222,0.005,0.3728
SPADES SEVEN CLUBS TWO,0.6818,0.005,0.3132
CLUBS SIX CLUBS TWO,0.6362,0.004,0.3598
CLUBS SEVEN CLUBS TWO,0.6318,0.0026,0.3656
CLUBS FOUR CLUBS TWO,0.6072,0.0042,0.3886
CLUBS FIVE CLUBS TWO,0.615,0.0024,0.3826
CLUBS TEN CLUBS JACK,0.6552,0.0164,0.3284
DIAMONDS FOUR DIAMONDS SIX,0.6118,0.0026,0.3856
CLUBS TEN CLUBS QUEEN,0.6708,0.0188,0.3104
DIAMONDS FOUR DIAMONDS SEVEN,0.62,0.0034,0.3766
CLUBS TEN CLUBS KING,0.6756,0.0192,0.3052
CLUBS TEN CLUBS ACE,0.0198,0.9068,0.0734
CLUBS EIGHT CLUBS TWO,0.6348,0.0048,0.3604
DIAMONDS FIVE DIAMONDS FOUR,0.584,0.005,0.411
CLUBS NINE CLUBS TWO,0.6212,0.0036,0.3752
DIAMONDS NINE DIAMONDS FOUR,0.6236,0.0044,0.372
DIAMONDS EIGHT DIAMONDS FOUR,0.6318,0.0044,0.3638
CLUBS THREE CLUBS TWO,0.6064,0.005,0.3886
DIAMONDS NINE DIAMONDS FIVE,0.616,0.0054,0.3786
DIAMONDS TWO CLUBS JACK,0.665,0.0036,0.3314
DIAMONDS EIGHT DIAMONDS FIVE,0.605,0.0026,0.3924
CLUBS TEN DIAMONDS TWO,0.7578,0.0258,0.2164
DIAMONDS FIVE DIAMONDS SEVEN,0.591,0.0036,0.4054
DIAMONDS FIVE DIAMONDS SIX,0.5836,0.0026,0.4138
DIAMONDS TWO CLUBS ACE,0.6332,0.1218,0.245
DIAMONDS TWO CLUBS KING,0.6742,0.0036,0.3222
DIAMONDS TWO CLUBS QUEEN,0.6656,0.0052,0.3292
DIAMONDS EIGHT DIAMONDS SIX,0.5884,0.0038,0.4078
DIAMONDS NINE DIAMONDS SIX,0.621,0.003,0.376
HEARTS KING SPADES THREE,0.6586,0.0068,0.3346
DIAMONDS SEVEN DIAMONDS SIX,0.5792,0.0038,0.417
SPADES THREE HEARTS QUEEN,0.6494,0.0042,0.3464
SPADES THREE HEARTS JACK,0.6664,0.0054,0.3282
SPADES THREE HEARTS TEN,0.7656,0.027,0.2074
DIAMONDS EIGHT DIAMONDS SEVEN,0.5804,0.004,0.4156
DIAMONDS NINE DIAMONDS SEVEN,0.6018,0.0044,0.3938
DIAMONDS NINE DIAMONDS EIGHT,0.59,0.003,0.407
DIAMONDS KING HEARTS TEN,0.7298,0.0202,0.25
HEARTS THREE HEARTS TEN,0.7114,0.0256,0.263
SPADES JACK CLUBS SIX,0.6478,0.0052,0.347
DIAMONDS KING HEARTS JACK,0.6044,0.006,0.3896
HEARTS THREE HEARTS JACK,0.6154,0.0052,0.3794
SPADES JACK SPADES FIVE,0.6236,0.0042,0.3722
SPADES ACE CLUBS SIX,0.6502,0.1128,0.237
DIAMONDS KING HEARTS QUEEN,0.603,0.0042,0.3928
HEARTS THREE HEARTS QUEEN,0.6294,0.0048,0.3658
SPADES KING CLUBS SIX,0.6578,0.0028,0.3394
DIAMONDS KING HEARTS KING,0.2912,0.0042,0.7046
HEARTS THREE HEARTS KING,0.6216,0.0066,0.3718
SPADES QUEEN CLUBS SIX,0.6492,0.0044,0.3464
SPADES NINE HEARTS TEN,0.7148,0.0228,0.2624
SPADES NINE HEARTS JACK,0.629,0.007,0.364
SPADES QUEEN SPADES FIVE,0.6272,0.0052,0.3676
SPADES KING SPADES FIVE,0.6026,0.0046,0.3928
SPADES ACE SPADES FIVE,0.5972,0.1156,0.2872
SPADES NINE HEARTS QUEEN,0.6294,0.0054,0.3652
SPADES NINE HEARTS KING,0.6362,0.0054,0.3584
CLUBS TEN SPADES JACK,0.6942,0.0194,0.2864
SPADES ACE CLUBS TEN,0.0132,0.9702,0.0166
SPADES KING CLUBS TEN,0.729,0.0228,0.2482
CLUBS TEN SPADES QUEEN,0.7116,0.0176,0.2708
SPADES FIVE HEARTS QUEEN,0.6526,0.005,0.3424
SPADES FIVE HEARTS KING,0.66,0.005,0.335
HEARTS THREE SPADES JACK,0.6458,0.0046,0.3496
SPADES JACK DIAMONDS KING,0.5934,0.0048,0.4018
SPADES JACK CLUBS EIGHT,0.6312,0.0046,0.3642
SPADES ACE CLUBS EIGHT,0.6508,0.112,0.2372
HEARTS FIVE CLUBS JACK,0.6508,0.0046,0.3446
CLUBS TEN HEARTS FIVE,0.7636,0.021,0.2154
CLUBS SIX HEARTS QUEEN,0.6538,0.004,0.3422
SPADES QUEEN CLUBS EIGHT,0.6372,0.004,0.3588
CLUBS TEN SPADES THREE,0.75,0.0296,0.2204
CLUBS SIX HEARTS KING,0.657,0.0038,0.3392
SPADES KING CLUBS EIGHT,0.6464,0.0032,0.3504
SPADES THREE CLUBS JACK,0.649,0.0042,0.3468
DIAMONDS TWO HEARTS JACK,0.653,0.0048,0.3422
SPADES THREE CLUBS QUEEN,0.6556,0.0036,0.3408
DIAMONDS TWO HEARTS TEN,0.7562,0.025,0.2188
SPADES THREE CLUBS KING,0.6412,0.0048,0.354
HEARTS FIVE CLUBS ACE,0.6348,0.124,0.2412
SPADES FIVE HEARTS TEN,0.7654,0.0268,0.2078
SPADES THREE CLUBS ACE,0.641,0.1242,0.2348
HEARTS FIVE CLUBS KING,0.6486,0.0056,0.3458
SPADES FIVE HEARTS JACK,0.653,0.0062,0.3408
HEARTS FIVE CLUBS QUEEN,0.6414,0.0048,0.3538
HEARTS THREE CLUBS KING,0.6538,0.003,0.3432
DIAMONDS KING CLUBS KING,0.2984,0.0036,0.698
HEARTS THREE CLUBS QUEEN,0.6532,0.004,0.3428
DIAMONDS KING CLUBS QUEEN,0.5928,0.0042,0.403
HEARTS FIVE HEARTS JACK,0.6202,0.0058,0.374
HEARTS FIVE HEARTS TEN,0.7284,0.0276,0.244
HEARTS THREE CLUBS ACE,0.6362,0.1172,0.2466
DIAMONDS KING CLUBS ACE,0.2462,0.0462,0.7076
SPADES ACE CLUBS QUEEN,0.2462,0.0602,0.6936
SPADES KING CLUBS QUEEN,0.5942,0.0054,0.4004
HEARTS THREE CLUBS JACK,0.6592,0.004,0.3368
DIAMONDS KING CLUBS JACK,0.5948,0.0034,0.4018
SPADES QUEEN CLUBS QUEEN,0.2912,0.0052,0.7036
CLUBS TEN HEARTS THREE,0.7422,0.0254,0.2324
CLUBS TEN DIAMONDS KING,0.7208,0.0206,0.2586
SPADES JACK CLUBS QUEEN,0.5954,0.0046,0.4
CLUBS SIX CLUBS QUEEN,0.6162,0.003,0.3808
CLUBS SIX CLUBS KING,0.6188,0.0026,0.3786
CLUBS SIX CLUBS ACE,0.6236,0.1002,0.2762
HEARTS FIVE HEARTS KING,0.6214,0.005,0.3736
HEARTS FIVE HEARTS QUEEN,0.6092,0.0054,0.3854
CLUBS TEN CLUBS SIX,0.6912,0.025,0.2838
CLUBS SIX CLUBS JACK,0.6232,0.0032,0.3736
SPADES SEVEN HEARTS JACK,0.6462,0.002,0.3518
SPADES SEVEN HEARTS TEN,0.729,0.0268,0.2442
DIAMONDS TWO CLUBS TWO,0.4634,0.0042,0.5324
DIAMONDS TWO CLUBS THREE,0.653,0.0044,0.3426
HEARTS SIX DIAMONDS TWO,0.6674,0.005,0.3276
DIAMONDS TWO HEARTS QUEEN,0.643,0.005,0.352
DIAMONDS TWO HEARTS SEVEN,0.6888,0.0048,0.3064
DIAMONDS TWO HEARTS KING,0.6668,0.003,0.3302
DIAMONDS TWO HEARTS EIGHT,0.6806,0.004,0.3154
DIAMONDS TWO HEARTS NINE,0.6868,0.0054,0.3078
DIAMONDS TWO DIAMONDS QUEEN,0.5982,0.003,0.3988
DIAMONDS TWO HEARTS TWO,0.471,0.0048,0.5242
DIAMONDS TWO DIAMONDS KING,0.6078,0.0048,0.3874
HEARTS THREE DIAMONDS TWO,0.6608,0.0042,0.335
DIAMONDS TWO DIAMONDS ACE,0.6062,0.1128,0.281
HEARTS FOUR DIAMONDS TWO,0.6574,0.0052,0.3374
DIAMONDS TWO HEARTS FIVE,0.6596,0.0048,0.3356
DIAMONDS TWO DIAMONDS TEN,0.7072,0.0258,0.267
SPADES SEVEN HEARTS KING,0.6524,0.0044,0.3432
DIAMONDS TWO DIAMONDS JACK,0.6072,0.0022,0.3906
SPADES SEVEN HEARTS QUEEN,0.6596,0.005,0.3354
DIAMONDS TWO SPADES NINE,0.6822,0.0032,0.3146
DIAMONDS TWO SPADES EIGHT,0.6754,0.0052,0.3194
DIAMONDS TWO SPADES SEVEN,0.6898,0.005,0.3052
DIAMONDS TWO SPADES SIX,0.6588,0.0044,0.3368
DIAMONDS TWO SPADES FIVE,0.6558,0.0058,0.3384
DIAMONDS TWO SPADES FOUR,0.6464,0.004,0.3496
DIAMONDS TWO SPADES THREE,0.668,0.004,0.328
DIAMONDS TWO SPADES TWO,0.4744,0.0044,0.5212
CLUBS NINE DIAMONDS TWO,0.682,0.0044,0.3136
DIAMONDS TWO CLUBS EIGHT,0.676,0.003,0.321
CLUBS SEVEN DIAMONDS TWO,0.6668,0.0028,0.3304
DIAMONDS TWO CLUBS SIX,0.6732,0.0042,0.3226
DIAMONDS TWO CLUBS FIVE,0.656,0.0048,0.3392
DIAMONDS TWO CLUBS FOUR,0.6526,0.0058,0.3416
CLUBS FOUR SPADES FIVE,0.6238,0.005,0.3712
CLUBS FOUR SPADES FOUR,0.4794,0.0058,0.5148
CLUBS FOUR SPADES THREE,0.6554,0.0038,0.3408
CLUBS FOUR SPADES TWO,0.6464,0.0048,0.3488
SPADES NINE CLUBS FOUR,0.6824,0.0048,0.3128
SPADES EIGHT CLUBS FOUR,0.6684,0.0052,0.3264
SPADES SEVEN CLUBS FOUR,0.6512,0.005,0.3438
SPADES SIX CLUBS FOUR,0.6464,0.0042,0.3494
SPADES ACE DIAMONDS SIX,0.6506,0.1152,0.2342
SPADES QUEEN DIAMONDS SIX,0.657,0.0054,0.3376
SPADES KING DIAMONDS SIX,0.6558,0.0038,0.3404
SPADES JACK DIAMONDS SIX,0.654,0.0032,0.3428
SPADES QUEEN SPADES TWO,0.6356,0.0032,0.3612
SPADES KING SPADES TWO,0.6156,0.0062,0.3782
SPADES ACE SPADES TWO,0.615,0.1138,0.2712
DIAMONDS JACK CLUBS JACK,0.3018,0.0028,0.6954
CLUBS TEN DIAMONDS JACK,0.7052,0.0134,0.2814
DIAMONDS JACK CLUBS KING,0.5938,0.004,0.4022
DIAMONDS JACK CLUBS QUEEN,0.5848,0.004,0.4112
DIAMONDS THREE DIAMONDS JACK,0.5974,0.0056,0.397
DIAMONDS THREE DIAMONDS TEN,0.7002,0.028,0.2718
DIAMONDS JACK CLUBS ACE,0.245,0.0826,0.6724
DIAMONDS THREE DIAMONDS KING,0.6018,0.0036,0.3946
HEARTS THREE DIAMONDS THREE,0.4678,0.006,0.5262
DIAMONDS THREE DIAMONDS QUEEN,0.6112,0.0044,0.3844
DIAMONDS THREE HEARTS TWO,0.6658,0.0036,0.3306
HEARTS FIVE DIAMONDS THREE,0.638,0.0042,0.3578
DIAMONDS THREE DIAMONDS ACE,0.5976,0.1152,0.2872
HEARTS FOUR DIAMONDS THREE,0.6422,0.0058,0.352
DIAMONDS THREE HEARTS SEVEN,0.6652,0.0044,0.3304
HEARTS SIX DIAMONDS THREE,0.6592,0.0036,0.3372
SPADES JACK SPADES NINE,0.6068,0.0046,0.3886
DIAMONDS THREE HEARTS NINE,0.6696,0.0062,0.3242
HEARTS JACK DIAMONDS FOUR,0.6492,0.0048,0.346
DIAMONDS THREE HEARTS EIGHT,0.6876,0.0062,0.3062
HEARTS TEN DIAMONDS FOUR,0.7508,0.0254,0.2238
SPADES JACK SPADES TWO,0.6148,0.0056,0.3796
HEARTS QUEEN DIAMONDS FOUR,0.6444,0.0054,0.3502
HEARTS KING DIAMONDS FOUR,0.6444,0.0036,0.352
SPADES ACE SPADES NINE,0.6242,0.1158,0.26
SPADES KING SPADES NINE,0.5986,0.0034,0.398
SPADES QUEEN SPADES NINE,0.5984,0.0036,0.398
DIAMONDS THREE SPADES NINE,0.6824,0.0054,0.3122
DIAMONDS THREE SPADES EIGHT,0.6706,0.0032,0.3262
DIAMONDS THREE SPADES SEVEN,0.6656,0.0044,0.33
DIAMONDS THREE SPADES SIX,0.6542,0.0026,0.3432
DIAMONDS THREE CLUBS SIX,0.65,0.0022,0.3478
CLUBS FIVE CLUBS SIX,0.5902,0.005,0.4048
CLUBS ACE DIAMONDS FOUR,0.634,0.1184,0.2476
CLUBS SEVEN DIAMONDS THREE,0.6796,0.0032,0.3172
CLUBS SEVEN CLUBS FIVE,0.5992,0.0038,0.397
DIAMONDS THREE CLUBS FOUR,0.6476,0.005,0.3474
DIAMONDS FOUR CLUBS QUEEN,0.6392,0.0038,0.357
DIAMONDS THREE CLUBS FIVE,0.6406,0.004,0.3554
CLUBS KING DIAMONDS FOUR,0.6544,0.004,0.3416
DIAMONDS THREE CLUBS TWO,0.6622,0.0042,0.3336
CLUBS TEN DIAMONDS FOUR,0.7554,0.0282,0.2164
DIAMONDS THREE CLUBS THREE,0.4804,0.0046,0.515
DIAMONDS FOUR CLUBS JACK,0.636,0.0058,0.3582
DIAMONDS THREE SPADES FOUR,0.64,0.0048,0.3552
DIAMONDS THREE SPADES FIVE,0.6494,0.0038,0.3468
DIAMONDS THREE SPADES TWO,0.6614,0.005,0.3336
DIAMONDS THREE SPADES THREE,0.4818,0.0066,0.5116
CLUBS EIGHT DIAMONDS THREE,0.681,0.0026,0.3164
CLUBS NINE DIAMONDS THREE,0.6756,0.0022,0.3222
SPADES SEVEN CLUBS ACE,0.6494,0.1208,0.2298
SPADES SEVEN CLUBS QUEEN,0.6512,0.0042,0.3446
SPADES SEVEN CLUBS KING,0.6466,0.0032,0.3502
CLUBS FIVE SPADES SEVEN,0.638,0.0036,0.3584
CLUBS TEN SPADES SEVEN,0.7214,0.0198,0.2588
CLUBS FIVE SPADES SIX,0.64,0.0052,0.3548
SPADES SEVEN CLUBS JACK,0.644,0.0044,0.3516
SPADES NINE CLUBS FIVE,0.6608,0.0048,0.3344
CLUBS FIVE SPADES EIGHT,0.6536,0.004,0.3424
CLUBS FIVE SPADES THREE,0.65,0.005,0.345
CLUBS FIVE SPADES TWO,0.6558,0.0048,0.3394
CLUBS FIVE SPADES FIVE,0.478,0.0048,0.5172
CLUBS FIVE SPADES FOUR,0.6328,0.0048,0.3624
CLUBS NINE CLUBS FIVE,0.6218,0.0052,0.373
CLUBS EIGHT CLUBS FIVE,0.6034,0.0038,0.3928
CLUBS ACE CLUBS QUEEN,0.235,0.0628,0.7022
CLUBS KING CLUBS QUEEN,0.5652,0.0034,0.4314
DIAMONDS TEN DIAMONDS FOUR,0.7142,0.0208,0.265
CLUBS TEN DIAMONDS NINE,0.715,0.0242,0.2608
DIAMONDS JACK DIAMONDS FOUR,0.605,0.0034,0.3916
DIAMONDS NINE CLUBS JACK,0.621,0.0032,0.3758
SPADES NINE CLUBS JACK,0.6266,0.003,0.3704
CLUBS TEN SPADES NINE,0.71,0.0244,0.2656
DIAMONDS ACE DIAMONDS FOUR,0.5832,0.1172,0.2996
HEARTS FOUR DIAMONDS FOUR,0.4744,0.0056,0.52
DIAMONDS JACK HEARTS TEN,0.6998,0.0186,0.2816
SPADES NINE CLUBS KING,0.6554,0.0034,0.3412
DIAMONDS NINE CLUBS ACE,0.647,0.1276,0.2254
HEARTS FIVE DIAMONDS FOUR,0.6246,0.0042,0.3712
HEARTS JACK DIAMONDS JACK,0.3008,0.004,0.6952
SPADES NINE CLUBS QUEEN,0.6392,0.0038,0.357
DIAMONDS TWO SPADES JACK,0.653,0.0054,0.3416
DIAMONDS QUEEN DIAMONDS FOUR,0.6042,0.0048,0.391
HEARTS TWO DIAMONDS FOUR,0.6546,0.0058,0.3396
DIAMONDS NINE CLUBS QUEEN,0.631,0.0034,0.3656
DIAMONDS KING DIAMONDS FOUR,0.604,0.0028,0.3932
HEARTS THREE DIAMONDS FOUR,0.643,0.0066,0.3504
SPADES NINE CLUBS ACE,0.6584,0.1178,0.2238
DIAMONDS NINE CLUBS KING,0.6496,0.0038,0.3466
SPADES ACE DIAMONDS TWO,0.627,0.1278,0.2452
DIAMONDS JACK HEARTS QUEEN,0.5884,0.0036,0.408
SPADES QUEEN DIAMONDS TWO,0.6578,0.0056,0.3366
HEARTS KING DIAMONDS JACK,0.603,0.0042,0.3928
SPADES KING DIAMONDS TWO,0.6574,0.0034,0.3392
SPADES JACK SPADES SEVEN,0.6068,0.0048,0.3884
CLUBS SEVEN CLUBS THREE,0.6074,0.0022,0.3904
CLUBS SIX CLUBS THREE,0.6212,0.0034,0.3754
CLUBS FIVE CLUBS THREE,0.6098,0.004,0.3862
CLUBS THREE CLUBS FOUR,0.5942,0.0034,0.4024
CLUBS NINE CLUBS THREE,0.6266,0.0054,0.368
CLUBS EIGHT CLUBS THREE,0.6286,0.0052,0.3662
CLUBS THREE SPADES FIVE,0.64,0.0046,0.3554
CLUBS THREE SPADES FOUR,0.647,0.0056,0.3474
CLUBS THREE SPADES THREE,0.476,0.0052,0.5188
CLUBS THREE SPADES TWO,0.655,0.006,0.339
CLUBS THREE SPADES SIX,0.6642,0.0052,0.3306
SPADES SEVEN CLUBS THREE,0.6664,0.0044,0.3292
SPADES EIGHT CLUBS THREE,0.674,0.0044,0.3216
SPADES NINE CLUBS THREE,0.6622,0.004,0.3338
SPADES TWO DIAMONDS FOUR,0.659,0.0052,0.3358
SPADES THREE DIAMONDS FOUR,0.6452,0.0042,0.3506
SPADES FOUR DIAMONDS FOUR,0.4746,0.004,0.5214
SPADES FIVE DIAMONDS FOUR,0.636,0.0062,0.3578
SPADES SIX DIAMONDS FOUR,0.6544,0.0044,0.3412
SPADES SEVEN DIAMONDS FOUR,0.6616,0.0044,0.334
SPADES EIGHT DIAMONDS FOUR,0.6422,0.0054,0.3524
SPADES NINE DIAMONDS FOUR,0.674,0.0036,0.3224
CLUBS FIVE DIAMONDS FOUR,0.6362,0.0032,0.3606
CLUBS FOUR DIAMONDS FOUR,0.4832,0.0042,0.5126
CLUBS SEVEN DIAMONDS FOUR,0.6494,0.0026,0.348
CLUBS SIX DIAMONDS FOUR,0.6284,0.0048,0.3668
CLUBS NINE DIAMONDS FOUR,0.6644,0.0036,0.332
CLUBS EIGHT DIAMONDS FOUR,0.6664,0.0026,0.331
DIAMONDS FOUR HEARTS SEVEN,0.651,0.0042,0.3448
HEARTS SIX DIAMONDS FOUR,0.6464,0.005,0.3486
HEARTS NINE DIAMONDS FOUR,0.6722,0.0038,0.324
DIAMONDS FOUR HEARTS EIGHT,0.678,0.0044,0.3176
CLUBS THREE DIAMONDS FOUR,0.6354,0.006,0.3586
CLUBS TWO DIAMONDS FOUR,0.6584,0.0052,0.3364
DIAMONDS TEN DIAMONDS FIVE,0.7056,0.0284,0.266
DIAMONDS JACK DIAMONDS FIVE,0.606,0.005,0.389
DIAMONDS NINE HEARTS QUEEN,0.6298,0.0048,0.3654
HEARTS KING DIAMONDS NINE,0.6448,0.0044,0.3508
DIAMONDS NINE HEARTS TEN,0.714,0.0204,0.2656
DIAMONDS NINE HEARTS JACK,0.6206,0.0038,0.3756
CLUBS KING DIAMONDS SIX,0.6554,0.0016,0.343
CLUBS QUEEN DIAMONDS SIX,0.649,0.004,0.347
CLUBS ACE DIAMONDS SIX,0.6422,0.11,0.2478
SPADES KING DIAMONDS FOUR,0.6402,0.0048,0.355
SPADES ACE SPADES SEVEN,0.6216,0.1166,0.2618
SPADES QUEEN DIAMONDS FOUR,0.6498,0.0046,0.3456
SPADES QUEEN SPADES SEVEN,0.6074,0.0036,0.389
CLUBS JACK DIAMONDS SIX,0.6464,0.0012,0.3524
SPADES KING SPADES SEVEN,0.6176,0.0044,0.378
SPADES ACE DIAMONDS FOUR,0.619,0.1234,0.2576
CLUBS TEN DIAMONDS SIX,0.7418,0.021,0.2372
CLUBS NINE CLUBS FOUR,0.6364,0.0042,0.3594
CLUBS EIGHT CLUBS FOUR,0.6166,0.0036,0.3798
SPADES JACK DIAMONDS FOUR,0.6448,0.006,0.3492
CLUBS FIVE CLUBS FOUR,0.5786,0.0038,0.4176
CLUBS SEVEN CLUBS FOUR,0.6,0.004,0.396
CLUBS SIX CLUBS FOUR,0.5922,0.0048,0.403
CLUBS SEVEN SPADES EIGHT,0.629,0.0042,0.3668
CLUBS SEVEN SPADES NINE,0.646,0.0044,0.3496
CLUBS SEVEN SPADES SIX,0.6276,0.0036,0.3688
CLUBS SEVEN SPADES SEVEN,0.4694,0.0036,0.527
CLUBS SEVEN SPADES FIVE,0.645,0.0036,0.3514
CLUBS SEVEN SPADES FOUR,0.6606,0.0032,0.3362
CLUBS SEVEN SPADES THREE,0.6652,0.0052,0.3296
CLUBS SEVEN SPADES TWO,0.6852,0.0048,0.31
CLUBS NINE CLUBS SEVEN,0.5934,0.0028,0.4038
CLUBS SEVEN CLUBS EIGHT,0.5858,0.0026,0.4116
HEARTS SIX DIAMONDS FIVE,0.6192,0.0064,0.3744
DIAMONDS FIVE HEARTS SEVEN,0.6402,0.003,0.3568
DIAMONDS FIVE HEARTS EIGHT,0.6542,0.0054,0.3404
HEARTS NINE DIAMONDS FIVE,0.6614,0.005,0.3336
DIAMONDS QUEEN DIAMONDS FIVE,0.6038,0.003,0.3932
HEARTS TWO DIAMONDS FIVE,0.6508,0.0052,0.344
HEARTS KING HEARTS EIGHT,0.6228,0.006,0.3712
DIAMONDS KING DIAMONDS FIVE,0.6064,0.0046,0.389
HEARTS THREE DIAMONDS FIVE,0.6456,0.0054,0.349
HEARTS QUEEN HEARTS EIGHT,0.6104,0.0054,0.3842
DIAMONDS ACE DIAMONDS FIVE,0.5892,0.1188,0.292
HEARTS FOUR DIAMONDS FIVE,0.6132,0.0048,0.382
HEARTS FIVE DIAMONDS FIVE,0.493,0.0042,0.5028
CLUBS FOUR DIAMONDS FIVE,0.6312,0.0034,0.3654
CLUBS FIVE DIAMONDS FIVE,0.4756,0.0036,0.5208
CLUBS SIX DIAMONDS FIVE,0.6342,0.005,0.3608
CLUBS SEVEN DIAMONDS FIVE,0.6314,0.0036,0.365
CLUBS TWO DIAMONDS FIVE,0.6504,0.0046,0.345
CLUBS THREE DIAMONDS FIVE,0.6332,0.0038,0.363
SPADES THREE DIAMONDS FIVE,0.6412,0.003,0.3558
SPADES TWO DIAMONDS FIVE,0.659,0.0064,0.3346
SPADES JACK DIAMONDS EIGHT,0.6296,0.0032,0.3672
SPADES FIVE DIAMONDS FIVE,0.4844,0.0056,0.51
CLUBS TEN HEARTS JACK,0.7044,0.02,0.2756
SPADES FOUR DIAMONDS FIVE,0.6328,0.0054,0.3618
HEARTS JACK CLUBS JACK,0.3084,0.005,0.6866
HEARTS JACK CLUBS QUEEN,0.5776,0.0052,0.4172
CLUBS NINE DIAMONDS FIVE,0.6526,0.0036,0.3438
HEARTS JACK CLUBS KING,0.5976,0.0038,0.3986
CLUBS EIGHT DIAMONDS FIVE,0.647,0.0032,0.3498
HEARTS JACK CLUBS ACE,0.2296,0.0934,0.677
SPADES SEVEN DIAMONDS FIVE,0.6374,0.0048,0.3578
SPADES KING DIAMONDS EIGHT,0.6482,0.0056,0.3462
SPADES SIX DIAMONDS FIVE,0.6458,0.005,0.3492
SPADES QUEEN DIAMONDS EIGHT,0.641,0.003,0.356
SPADES NINE DIAMONDS FIVE,0.6682,0.0026,0.3292
SPADES EIGHT DIAMONDS FIVE,0.6488,0.0042,0.347
SPADES ACE DIAMONDS EIGHT,0.6402,0.1248,0.235
DIAMONDS TEN DIAMONDS SIX,0.6888,0.0224,0.2888
DIAMONDS JACK DIAMONDS SIX,0.6104,0.0044,0.3852
HEARTS QUEEN DIAMONDS SEVEN,0.6502,0.005,0.3448
HEARTS KING DIAMONDS SEVEN,0.6402,0.0032,0.3566
DIAMONDS ACE DIAMONDS SIX,0.602,0.1152,0.2828
HEARTS FOUR DIAMONDS SIX,0.6362,0.0046,0.3592
HEARTS JACK SPADES TWO,0.6678,0.006,0.3262
HEARTS FIVE DIAMONDS SIX,0.6214,0.0028,0.3758
SPADES TWO HEARTS TEN,0.7566,0.0258,0.2176
DIAMONDS QUEEN DIAMONDS SIX,0.5974,0.0038,0.3988
HEARTS TWO DIAMONDS SIX,0.672,0.0046,0.3234
DIAMONDS KING DIAMONDS SIX,0.6098,0.0048,0.3854
HEARTS THREE DIAMONDS SIX,0.6666,0.0024,0.331
HEARTS EIGHT DIAMONDS SIX,0.6398,0.0046,0.3556
HEARTS NINE DIAMONDS SIX,0.6652,0.0044,0.3304
HEARTS SIX DIAMONDS SIX,0.48,0.0042,0.5158
HEARTS SEVEN DIAMONDS SIX,0.6244,0.0016,0.374
HEARTS TEN DIAMONDS SEVEN,0.724,0.0216,0.2544
CLUBS TWO DIAMONDS SIX,0.6796,0.0052,0.3152
HEARTS JACK DIAMONDS SEVEN,0.643,0.0034,0.3536
CLUBS THREE DIAMONDS SIX,0.657,0.003,0.34
CLUBS SEVEN DIAMONDS SIX,0.6312,0.0034,0.3654
DIAMONDS EIGHT CLUBS JACK,0.6286,0.0042,0.3672
CLUBS SIX DIAMONDS SIX,0.4588,0.0044,0.5368
CLUBS TEN DIAMONDS EIGHT,0.7146,0.0184,0.267
CLUBS FIVE DIAMONDS SIX,0.6266,0.0034,0.37
CLUBS FOUR DIAMONDS SIX,0.6298,0.004,0.3662
DIAMONDS EIGHT CLUBS ACE,0.655,0.1178,0.2272
HEARTS JACK HEARTS QUEEN,0.5556,0.0054,0.439
DIAMONDS EIGHT CLUBS KING,0.6432,0.0026,0.3542
CLUBS NINE DIAMONDS SIX,0.6554,0.0024,0.3422
HEARTS KING HEARTS JACK,0.5654,0.0056,0.429
DIAMONDS EIGHT CLUBS QUEEN,0.64,0.0018,0.3582
CLUBS EIGHT DIAMONDS SIX,0.6302,0.0038,0.366
SPADES FIVE DIAMONDS SIX,0.6292,0.0038,0.367
SPADES JACK HEARTS KING,0.5942,0.0048,0.401
SPADES FOUR DIAMONDS SIX,0.6488,0.003,0.3482
SPADES THREE DIAMONDS SIX,0.6706,0.0048,0.3246
SPADES TWO HEARTS QUEEN,0.6626,0.0038,0.3336
SPADES ACE SPADES KING,0.2484,0.0482,0.7034
HEARTS KING SPADES TWO,0.653,0.0064,0.3406
SPADES TWO DIAMONDS SIX,0.6702,0.0038,0.326
HEARTS TEN HEARTS EIGHT,0.6736,0.0224,0.304
SPADES NINE DIAMONDS SIX,0.6546,0.0048,0.3406
HEARTS JACK HEARTS EIGHT,0.605,0.0058,0.3892
SPADES EIGHT DIAMONDS SIX,0.657,0.0046,0.3384
SPADES SEVEN DIAMONDS SIX,0.6306,0.0056,0.3638
SPADES SIX DIAMONDS SIX,0.4776,0.0044,0.518
SPADES KING HEARTS KING,0.2922,0.0048,0.703
SPADES QUEEN HEARTS KING,0.597,0.0046,0.3984
CLUBS ACE CLUBS KING,0.246,0.045,0.709
SPADES ACE HEARTS KING,0.2426,0.0474,0.71
SPADES ACE HEARTS JACK,0.23,0.0878,0.6822
SPADES QUEEN HEARTS JACK,0.5918,0.0046,0.4036
SPADES KING HEARTS JACK,0.6008,0.0044,0.3948
SPADES JACK DIAMONDS TEN,0.7018,0.0148,0.2834
SPADES ACE DIAMONDS TEN,0.01,0.9732,0.0168
SPADES JACK HEARTS JACK,0.3008,0.0042,0.695
SPADES QUEEN DIAMONDS TEN,0.7098,0.0178,0.2724
SPADES KING DIAMONDS TEN,0.7236,0.0186,0.2578
SPADES NINE DIAMONDS SEVEN,0.6504,0.0048,0.3448
SPADES EIGHT DIAMONDS SEVEN,0.6228,0.0046,0.3726
SPADES SEVEN DIAMONDS SEVEN,0.47,0.004,0.526
SPADES SIX DIAMONDS SEVEN,0.6422,0.0032,0.3546
DIAMONDS KING DIAMONDS SEVEN,0.6044,0.005,0.3906
HEARTS THREE DIAMONDS SEVEN,0.6756,0.0032,0.3212
HEARTS KING DIAMONDS FIVE,0.6486,0.0042,0.3472
DIAMONDS QUEEN DIAMONDS SEVEN,0.6124,0.0032,0.3844
HEARTS TWO DIAMONDS SEVEN,0.682,0.0036,0.3144
HEARTS QUEEN DIAMONDS FIVE,0.6518,0.0046,0.3436
HEARTS FIVE DIAMONDS SEVEN,0.634,0.0058,0.3602
DIAMONDS ACE DIAMONDS SEVEN,0.6036,0.1146,0.2818
HEARTS FOUR DIAMONDS SEVEN,0.6532,0.0052,0.3416
HEARTS SEVEN DIAMONDS SEVEN,0.4638,0.003,0.5332
HEARTS SIX DIAMONDS SEVEN,0.6204,0.0036,0.376
HEARTS NINE DIAMONDS SEVEN,0.6538,0.0044,0.3418
DIAMONDS SEVEN HEARTS EIGHT,0.6256,0.0058,0.3686
DIAMONDS JACK DIAMONDS SEVEN,0.597,0.004,0.399
HEARTS JACK DIAMONDS FIVE,0.6458,0.0046,0.3496
DIAMONDS TEN DIAMONDS SEVEN,0.6738,0.022,0.3042
DIAMONDS FIVE HEARTS TEN,0.7616,0.0258,0.2126
SPADES KING CLUBS TWO,0.6412,0.0056,0.3532
HEARTS KING CLUBS KING,0.2904,0.0036,0.706
CLUBS EIGHT DIAMONDS SEVEN,0.6198,0.0022,0.378
SPADES QUEEN CLUBS TWO,0.654,0.0052,0.3408
HEARTS KING CLUBS QUEEN,0.5912,0.006,0.4028
CLUBS NINE DIAMONDS SEVEN,0.6518,0.0022,0.346
SPADES TWO CLUBS JACK,0.6616,0.0044,0.334
SPADES ACE CLUBS TWO,0.6302,0.1226,0.2472
CLUBS TEN SPADES TWO,0.7654,0.025,0.2096
HEARTS KING CLUBS ACE,0.2526,0.0488,0.6986
CLUBS SEVEN CLUBS SIX,0.5934,0.0044,0.4022
SPADES TWO CLUBS KING,0.659,0.004,0.337
SPADES TWO DIAMONDS SEVEN,0.6802,0.0038,0.316
CLUBS EIGHT CLUBS SIX,0.5964,0.0022,0.4014
SPADES THREE DIAMONDS SEVEN,0.668,0.0046,0.3274
SPADES TWO CLUBS QUEEN,0.6518,0.0042,0.344
CLUBS NINE CLUBS SIX,0.606,0.0032,0.3908
SPADES FOUR DIAMONDS SEVEN,0.6626,0.003,0.3344
HEARTS KING CLUBS JACK,0.6048,0.0052,0.39
SPADES FIVE DIAMONDS SEVEN,0.6444,0.0024,0.3532
SPADES TWO CLUBS ACE,0.6458,0.1234,0.2308
CLUBS TEN HEARTS KING,0.739,0.021,0.24
CLUBS SIX SPADES TWO,0.6746,0.0042,0.3212
CLUBS SIX SPADES THREE,0.6564,0.0038,0.3398
CLUBS TWO DIAMONDS SEVEN,0.6646,0.0034,0.332
CLUBS SIX SPADES FOUR,0.6578,0.004,0.3382
CLUBS THREE DIAMONDS SEVEN,0.671,0.004,0.325
CLUBS SIX SPADES FIVE,0.6348,0.0044,0.3608
CLUBS FOUR DIAMONDS SEVEN,0.6512,0.0026,0.3462
CLUBS SIX SPADES SIX,0.4822,0.0032,0.5146
CLUBS FIVE DIAMONDS SEVEN,0.6276,0.0046,0.3678
CLUBS SIX SPADES SEVEN,0.6266,0.0042,0.3692
CLUBS SIX DIAMONDS SEVEN,0.6236,0.003,0.3734
SPADES EIGHT CLUBS SIX,0.6408,0.0032,0.356
SPADES JACK CLUBS TWO,0.6468,0.0034,0.3498
CLUBS SEVEN DIAMONDS SEVEN,0.4764,0.0018,0.5218
SPADES NINE CLUBS SIX,0.6622,0.0052,0.3326
CLUBS TWO CLUBS QUEEN,0.619,0.0044,0.3766
CLUBS TWO CLUBS KING,0.6088,0.0058,0.3854
CLUBS THREE DIAMONDS EIGHT,0.6658,0.0042,0.33
CLUBS TWO CLUBS ACE,0.5912,0.116,0.2928
CLUBS TWO DIAMONDS EIGHT,0.6702,0.0064,0.3234
DIAMONDS EIGHT HEARTS SEVEN,0.6204,0.004,0.3756
HEARTS SIX DIAMONDS EIGHT,0.6482,0.0038,0.348
DIAMONDS EIGHT HEARTS NINE,0.6322,0.0048,0.363
CLUBS TEN CLUBS TWO,0.7184,0.022,0.2596
DIAMONDS EIGHT HEARTS EIGHT,0.455,0.0038,0.5412
CLUBS TWO CLUBS JACK,0.6078,0.0036,0.3886
CLUBS NINE DIAMONDS EIGHT,0.623,0.0028,0.3742
CLUBS EIGHT DIAMONDS EIGHT,0.4586,0.0028,0.5386
CLUBS FIVE DIAMONDS EIGHT,0.6402,0.003,0.3568
SPADES ACE SPADES THREE,0.6,0.1152,0.2848
CLUBS FOUR DIAMONDS EIGHT,0.6544,0.0024,0.3432
CLUBS SEVEN DIAMONDS EIGHT,0.6098,0.0038,0.3864
SPADES QUEEN SPADES THREE,0.6192,0.0042,0.3766
CLUBS SIX DIAMONDS EIGHT,0.6446,0.0012,0.3542
SPADES KING SPADES THREE,0.6212,0.005,0.3738
DIAMONDS QUEEN DIAMONDS EIGHT,0.5996,0.0044,0.396
HEARTS TWO DIAMONDS EIGHT,0.6812,0.004,0.3148
DIAMONDS KING DIAMONDS EIGHT,0.6094,0.002,0.3886
HEARTS THREE DIAMONDS EIGHT,0.681,0.0044,0.3146
DIAMONDS ACE DIAMONDS EIGHT,0.6114,0.1176,0.271
HEARTS FOUR DIAMONDS EIGHT,0.6732,0.0046,0.3222
HEARTS FIVE DIAMONDS EIGHT,0.6518,0.0042,0.344
DIAMONDS EIGHT DIAMONDS TEN,0.6714,0.022,0.3066
DIAMONDS EIGHT DIAMONDS JACK,0.592,0.0042,0.4038
SPADES JACK SPADES THREE,0.6192,0.0044,0.3764
CLUBS FOUR HEARTS QUEEN,0.6552,0.0058,0.339
CLUBS FOUR HEARTS KING,0.6464,0.006,0.3476
CLUBS SIX HEARTS TEN,0.7578,0.022,0.2202
CLUBS SIX HEARTS JACK,0.6552,0.0044,0.3404
SPADES FOUR DIAMONDS EIGHT,0.664,0.003,0.333
SPADES FIVE DIAMONDS EIGHT,0.6494,0.0046,0.346
DIAMONDS EIGHT SPADES TWO,0.687,0.0042,0.3088
DIAMONDS EIGHT SPADES THREE,0.6864,0.0046,0.309
CLUBS FOUR HEARTS JACK,0.6422,0.0028,0.355
SPADES EIGHT DIAMONDS EIGHT,0.4826,0.0038,0.5136
SPADES JACK HEARTS EIGHT,0.6338,0.0042,0.362
CLUBS FOUR HEARTS TEN,0.7646,0.0238,0.2116
SPADES NINE DIAMONDS EIGHT,0.6364,0.005,0.3586
SPADES JACK HEARTS TWO,0.6662,0.0056,0.3282
SPADES JACK DIAMONDS QUEEN,0.5828,0.0036,0.4136
SPADES SIX DIAMONDS EIGHT,0.6508,0.0036,0.3456
SPADES SEVEN DIAMONDS EIGHT,0.6216,0.0048,0.3736
SPADES ACE HEARTS TWO,0.6302,0.122,0.2478
SPADES ACE DIAMONDS QUEEN,0.2408,0.0586,0.7006
SPADES ACE HEARTS EIGHT,0.656,0.1194,0.2246
SPADES KING HEARTS EIGHT,0.6612,0.005,0.3338
SPADES QUEEN HEARTS TWO,0.6548,0.0052,0.34
SPADES QUEEN DIAMONDS QUEEN,0.2996,0.0036,0.6968
SPADES KING DIAMONDS QUEEN,0.5902,0.0034,0.4064
SPADES KING HEARTS TWO,0.6636,0.0046,0.3318
SPADES QUEEN HEARTS EIGHT,0.6536,0.0054,0.341
CLUBS TWO HEARTS TEN,0.765,0.0256,0.2094
CLUBS TWO HEARTS JACK,0.6518,0.0064,0.3418
SPADES SEVEN DIAMONDS NINE,0.6438,0.0026,0.3536
SPADES SIX DIAMONDS NINE,0.6554,0.0032,0.3414
SPADES NINE DIAMONDS NINE,0.4542,0.0044,0.5414
SPADES EIGHT DIAMONDS NINE,0.6244,0.0024,0.3732
DIAMONDS NINE SPADES THREE,0.6638,0.0054,0.3308
SPADES JACK CLUBS KING,0.5952,0.0044,0.4004
DIAMONDS NINE SPADES TWO,0.6798,0.0038,0.3164
SPADES FIVE DIAMONDS NINE,0.6652,0.0042,0.3306
DIAMONDS NINE SPADES FOUR,0.6876,0.0042,0.3082
CLUBS NINE DIAMONDS NINE,0.4328,0.004,0.5632
CLUBS EIGHT DIAMONDS NINE,0.6198,0.0028,0.3774
CLUBS SIX DIAMONDS NINE,0.6548,0.0034,0.3418
SPADES JACK CLUBS FOUR,0.6506,0.0028,0.3466
CLUBS SEVEN DIAMONDS NINE,0.6492,0.0026,0.3482
CLUBS FOUR DIAMONDS NINE,0.6764,0.0044,0.3192
CLUBS FIVE DIAMONDS NINE,0.6696,0.0034,0.327
DIAMONDS NINE CLUBS TWO,0.6716,0.0046,0.3238
CLUBS THREE DIAMONDS NINE,0.6554,0.0034,0.3412
DIAMONDS NINE HEARTS EIGHT,0.6364,0.003,0.3606
DIAMONDS NINE HEARTS NINE,0.47,0.0044,0.5256
HEARTS SIX DIAMONDS NINE,0.6602,0.0034,0.3364
DIAMONDS NINE HEARTS SEVEN,0.6394,0.0032,0.3574
CLUBS NINE CLUBS EIGHT,0.584,0.0052,0.4108
DIAMONDS ACE DIAMONDS NINE,0.6124,0.1074,0.2802
HEARTS FOUR DIAMONDS NINE,0.6824,0.0042,0.3134
HEARTS FIVE DIAMONDS NINE,0.6552,0.0044,0.3404
SPADES ACE CLUBS FOUR,0.6282,0.122,0.2498
DIAMONDS QUEEN DIAMONDS NINE,0.5868,0.0044,0.4088
HEARTS TWO DIAMONDS NINE,0.6784,0.006,0.3156
HEARTS KING CLUBS TWO,0.6604,0.0056,0.334
SPADES KING CLUBS FOUR,0.6444,0.0042,0.3514
DIAMONDS KING DIAMONDS NINE,0.5978,0.0046,0.3976
HEARTS THREE DIAMONDS NINE,0.6872,0.003,0.3098
CLUBS TWO HEARTS QUEEN,0.6546,0.0054,0.34
SPADES QUEEN CLUBS FOUR,0.6558,0.0056,0.3386
DIAMONDS NINE DIAMONDS JACK,0.5862,0.004,0.4098
CLUBS EIGHT SPADES NINE,0.625,0.0042,0.3708
DIAMONDS NINE DIAMONDS TEN,0.6634,0.0244,0.3122
CLUBS EIGHT SPADES EIGHT,0.4682,0.0034,0.5284
CLUBS EIGHT SPADES SEVEN,0.6404,0.0034,0.3562
CLUBS EIGHT SPADES SIX,0.6464,0.005,0.3486
CLUBS EIGHT SPADES FIVE,0.6666,0.0058,0.3276
CLUBS EIGHT SPADES FOUR,0.6714,0.0038,0.3248
CLUBS EIGHT SPADES THREE,0.676,0.0024,0.3216
CLUBS EIGHT SPADES TWO,0.6744,0.0044,0.3212
HEARTS SIX DIAMONDS TEN,0.7358,0.0248,0.2394
DIAMONDS TEN HEARTS SEVEN,0.7364,0.0214,0.2422
DIAMONDS TEN HEARTS EIGHT,0.7194,0.0234,0.2572
CLUBS FOUR CLUBS JACK,0.6114,0.0034,0.3852
DIAMONDS TEN HEARTS NINE,0.719,0.0196,0.2614
CLUBS TEN CLUBS FOUR,0.7008,0.024,0.2752
CLUBS FOUR CLUBS KING,0.6178,0.0044,0.3778
CLUBS FOUR CLUBS QUEEN,0.617,0.003,0.38
CLUBS TWO DIAMONDS TEN,0.7554,0.0256,0.219
CLUBS THREE DIAMONDS TEN,0.7488,0.0222,0.229
CLUBS FOUR CLUBS ACE,0.5848,0.1114,0.3038
DIAMONDS JACK DIAMONDS TEN,0.666,0.018,0.316
DIAMONDS QUEEN DIAMONDS TEN,0.6716,0.017,0.3114
HEARTS TWO DIAMONDS TEN,0.7708,0.026,0.2032
DIAMONDS KING DIAMONDS TEN,0.6846,0.019,0.2964
HEARTS THREE DIAMONDS TEN,0.7658,0.0216,0.2126
DIAMONDS ACE DIAMONDS TEN,0.0224,0.8976,0.08
HEARTS FOUR DIAMONDS TEN,0.7538,0.0274,0.2188
CLUBS EIGHT HEARTS JACK,0.6358,0.0036,0.3606
HEARTS FIVE DIAMONDS TEN,0.7452,0.0322,0.2226
CLUBS EIGHT HEARTS TEN,0.7082,0.024,0.2678
CLUBS EIGHT HEARTS QUEEN,0.6384,0.0054,0.3562
CLUBS EIGHT HEARTS KING,0.66,0.0036,0.3364
CLUBS NINE SPADES THREE,0.6678,0.0052,0.327
CLUBS NINE SPADES TWO,0.672,0.0034,0.3246
CLUBS NINE SPADES FIVE,0.6648,0.004,0.3312
CLUBS NINE SPADES FOUR,0.6726,0.0056,0.3218
CLUBS NINE SPADES SEVEN,0.6466,0.003,0.3504
CLUBS NINE SPADES SIX,0.6558,0.0034,0.3408
CLUBS NINE SPADES NINE,0.4558,0.003,0.5412
CLUBS TEN HEARTS EIGHT,0.72,0.023,0.257
CLUBS NINE SPADES EIGHT,0.6312,0.0028,0.366
CLUBS JACK HEARTS EIGHT,0.6372,0.0036,0.3592
CLUBS QUEEN HEARTS EIGHT,0.6522,0.0032,0.3446
CLUBS KING HEARTS EIGHT,0.644,0.0038,0.3522
CLUBS ACE HEARTS EIGHT,0.652,0.1188,0.2292
SPADES KING CLUBS KING,0.2744,0.0034,0.7222
SPADES QUEEN CLUBS KING,0.596,0.004,0.4
SPADES ACE CLUBS KING,0.2542,0.049,0.6968
DIAMONDS ACE HEARTS TEN,0.019,0.9706,0.0104
HEARTS FOUR HEARTS TEN,0.7224,0.0238,0.2538
DIAMONDS ACE HEARTS JACK,0.2372,0.0902,0.6726
HEARTS FOUR HEARTS JACK,0.617,0.0062,0.3768
SPADES KING CLUBS FIVE,0.6456,0.0046,0.3498
SPADES QUEEN CLUBS FIVE,0.6462,0.0026,0.3512
SPADES ACE CLUBS FIVE,0.6296,0.1166,0.2538
DIAMONDS JACK HEARTS SEVEN,0.6468,0.0038,0.3494
HEARTS SIX DIAMONDS JACK,0.6488,0.0036,0.3476
DIAMONDS JACK HEARTS NINE,0.625,0.0044,0.3706
DIAMONDS JACK HEARTS EIGHT,0.6412,0.0032,0.3556
DIAMONDS KING DIAMONDS JACK,0.5574,0.0038,0.4388
HEARTS THREE DIAMONDS JACK,0.6534,0.0042,0.3424
SPADES ACE SPADES SIX,0.6254,0.108,0.2666
DIAMONDS QUEEN DIAMONDS JACK,0.546,0.003,0.451
HEARTS TWO DIAMONDS JACK,0.6574,0.0056,0.337
HEARTS FIVE DIAMONDS JACK,0.6552,0.0054,0.3394
SPADES QUEEN SPADES SIX,0.6182,0.0064,0.3754
SPADES FOUR HEARTS QUEEN,0.6476,0.0058,0.3466
DIAMONDS ACE DIAMONDS JACK,0.2162,0.086,0.6978
HEARTS FOUR DIAMONDS JACK,0.6488,0.005,0.3462
SPADES KING SPADES SIX,0.6176,0.0056,0.3768
HEARTS KING SPADES FOUR,0.6518,0.0042,0.344
SPADES JACK SPADES SIX,0.6198,0.0026,0.3776
SPADES FOUR DIAMONDS JACK,0.6454,0.0048,0.3498
SPADES FIVE DIAMONDS JACK,0.6502,0.0064,0.3434
DIAMONDS JACK SPADES TWO,0.664,0.0042,0.3318
SPADES THREE DIAMONDS JACK,0.6574,0.0048,0.3378
SPADES ACE DIAMONDS THREE,0.6178,0.1192,0.263
SPADES QUEEN DIAMONDS THREE,0.655,0.0048,0.3402
CLUBS EIGHT DIAMONDS JACK,0.6264,0.0032,0.3704
SPADES KING DIAMONDS THREE,0.6424,0.0034,0.3542
CLUBS NINE DIAMONDS JACK,0.6194,0.0018,0.3788
CLUBS SIX DIAMONDS JACK,0.6452,0.005,0.3498
CLUBS SEVEN DIAMONDS JACK,0.6296,0.0034,0.367
CLUBS FOUR DIAMONDS JACK,0.6452,0.0038,0.351
CLUBS FIVE DIAMONDS JACK,0.6512,0.0042,0.3446
CLUBS TWO DIAMONDS JACK,0.6646,0.0036,0.3318
CLUBS THREE DIAMONDS JACK,0.6458,0.0056,0.3486
HEARTS SIX SPADES JACK,0.6508,0.0044,0.3448
SPADES JACK CLUBS FIVE,0.6528,0.0038,0.3434
SPADES JACK DIAMONDS THREE,0.654,0.0052,0.3408
CLUBS SEVEN CLUBS ACE,0.5968,0.1188,0.2844
CLUBS SEVEN CLUBS QUEEN,0.6178,0.0022,0.38
CLUBS SEVEN CLUBS KING,0.5998,0.003,0.3972
SPADES NINE DIAMONDS JACK,0.6304,0.0038,0.3658
CLUBS TEN CLUBS SEVEN,0.6754,0.0234,0.3012
SPADES EIGHT DIAMONDS JACK,0.6258,0.0042,0.37
SPADES ACE HEARTS SIX,0.6462,0.1224,0.2314
CLUBS SEVEN CLUBS JACK,0.5978,0.005,0.3972
DIAMONDS ACE HEARTS KING,0.2514,0.0462,0.7024
HEARTS FOUR HEARTS KING,0.629,0.0048,0.3662
SPADES SEVEN DIAMONDS JACK,0.6434,0.005,0.3516
SPADES KING HEARTS SIX,0.6484,0.0052,0.3464
DIAMONDS ACE HEARTS QUEEN,0.2432,0.0604,0.6964
HEARTS FOUR HEARTS QUEEN,0.6158,0.0046,0.3796
SPADES SIX DIAMONDS JACK,0.6596,0.0034,0.337
SPADES QUEEN HEARTS SIX,0.6564,0.0054,0.3382
SPADES TWO DIAMONDS TEN,0.7604,0.028,0.2116
SPADES THREE DIAMONDS TEN,0.7666,0.026,0.2074
SPADES FOUR DIAMONDS TEN,0.7432,0.0294,0.2274
SPADES FIVE DIAMONDS TEN,0.7574,0.0246,0.218
SPADES SIX DIAMONDS TEN,0.7392,0.029,0.2318
SPADES SEVEN DIAMONDS TEN,0.723,0.0226,0.2544
SPADES EIGHT DIAMONDS TEN,0.7154,0.0204,0.2642
SPADES NINE DIAMONDS TEN,0.7316,0.021,0.2474
CLUBS FOUR DIAMONDS TEN,0.7408,0.0202,0.239
CLUBS FIVE DIAMONDS TEN,0.751,0.024,0.225
CLUBS SIX DIAMONDS TEN,0.7366,0.0236,0.2398
CLUBS SEVEN DIAMONDS TEN,0.7196,0.0228,0.2576
CLUBS EIGHT DIAMONDS TEN,0.7132,0.021,0.2658
CLUBS NINE DIAMONDS TEN,0.704,0.02,0.276
DIAMONDS THREE CLUBS JACK,0.6398,0.0038,0.3564
CLUBS TEN DIAMONDS THREE,0.7558,0.0216,0.2226
DIAMONDS THREE CLUBS KING,0.6498,0.0032,0.347
DIAMONDS THREE CLUBS QUEEN,0.6532,0.0034,0.3434
DIAMONDS THREE CLUBS ACE,0.6274,0.1164,0.2562
SPADES FOUR HEARTS JACK,0.6642,0.0056,0.3302
SPADES FOUR HEARTS TEN,0.755,0.0264,0.2186
SPADES FIVE SPADES TWO,0.6138,0.0048,0.3814
SPADES FOUR SPADES TWO,0.617,0.006,0.377
SPADES THREE SPADES TWO,0.6352,0.0048,0.36
SPADES NINE SPADES TWO,0.6606,0.0048,0.3346
SPADES EIGHT SPADES TWO,0.6478,0.0056,0.3466
SPADES SEVEN SPADES TWO,0.6492,0.0056,0.3452
SPADES SIX SPADES TWO,0.6402,0.0048,0.355
DIAMONDS QUEEN CLUBS THREE,0.647,0.0042,0.3488
CLUBS THREE HEARTS TWO,0.6678,0.0044,0.3278
DIAMONDS QUEEN CLUBS TWO,0.6514,0.0044,0.3442
HEARTS TWO CLUBS TWO,0.4906,0.0056,0.5038
DIAMONDS QUEEN HEARTS SEVEN,0.6514,0.0042,0.3444
HEARTS TWO HEARTS SEVEN,0.653,0.005,0.342
HEARTS SIX DIAMONDS QUEEN,0.6452,0.005,0.3498
HEARTS SIX HEARTS TWO,0.6334,0.0042,0.3624
DIAMONDS QUEEN HEARTS NINE,0.6232,0.0046,0.3722
HEARTS TWO HEARTS NINE,0.6654,0.0032,0.3314
DIAMONDS QUEEN HEARTS EIGHT,0.6472,0.0044,0.3484
HEARTS TWO HEARTS EIGHT,0.6522,0.0038,0.344
CLUBS NINE HEARTS TWO,0.6832,0.0052,0.3116
CLUBS NINE DIAMONDS QUEEN,0.6164,0.0026,0.381
CLUBS EIGHT HEARTS TWO,0.6782,0.005,0.3168
CLUBS EIGHT DIAMONDS QUEEN,0.6372,0.0024,0.3604
CLUBS FIVE DIAMONDS QUEEN,0.6482,0.0046,0.3472
CLUBS FIVE HEARTS TWO,0.651,0.0042,0.3448
DIAMONDS QUEEN CLUBS FOUR,0.6488,0.0034,0.3478
HEARTS TWO CLUBS FOUR,0.6634,0.0042,0.3324
CLUBS SEVEN DIAMONDS QUEEN,0.6534,0.0036,0.343
CLUBS SEVEN HEARTS TWO,0.6762,0.0042,0.3196
SPADES EIGHT HEARTS QUEEN,0.6552,0.0048,0.34
CLUBS SIX DIAMONDS QUEEN,0.653,0.0026,0.3444
CLUBS SIX HEARTS TWO,0.6646,0.0062,0.3292
SPADES EIGHT HEARTS KING,0.6638,0.0038,0.3324
DIAMONDS QUEEN SPADES SIX,0.6546,0.0046,0.3408
HEARTS TWO SPADES SIX,0.6804,0.004,0.3156
HEARTS FOUR CLUBS QUEEN,0.6526,0.0046,0.3428
DIAMONDS ACE CLUBS QUEEN,0.24,0.0644,0.6956
DIAMONDS QUEEN SPADES SEVEN,0.6526,0.0042,0.3432
SPADES SEVEN HEARTS TWO,0.6908,0.0036,0.3056
HEARTS FOUR CLUBS KING,0.6432,0.0046,0.3522
DIAMONDS ACE CLUBS KING,0.2518,0.0516,0.6966
SPADES EIGHT DIAMONDS QUEEN,0.638,0.0048,0.3572
SPADES EIGHT HEARTS TWO,0.6854,0.0044,0.3102
HEARTS FOUR CLUBS ACE,0.636,0.1216,0.2424
DIAMONDS ACE CLUBS ACE,0.079,0.012,0.909
SPADES NINE DIAMONDS QUEEN,0.6404,0.004,0.3556
SPADES NINE HEARTS TWO,0.685,0.0046,0.3104
HEARTS TWO SPADES TWO,0.4888,0.0058,0.5054
DIAMONDS QUEEN SPADES TWO,0.6632,0.0044,0.3324
HEARTS TWO SPADES THREE,0.6766,0.0058,0.3176
DIAMONDS QUEEN SPADES THREE,0.6546,0.0038,0.3416
HEARTS TWO SPADES FOUR,0.6582,0.0056,0.3362
DIAMONDS QUEEN SPADES FOUR,0.6622,0.0034,0.3344
HEARTS FOUR CLUBS TEN,0.7532,0.0256,0.2212
CLUBS TEN DIAMONDS ACE,0.0224,0.954,0.0236
HEARTS TWO SPADES FIVE,0.6668,0.0044,0.3288
DIAMONDS QUEEN SPADES FIVE,0.644,0.0032,0.3528
HEARTS FOUR CLUBS JACK,0.6508,0.0038,0.3454
DIAMONDS ACE CLUBS JACK,0.2388,0.0824,0.6788
CLUBS FIVE CLUBS KING,0.6136,0.0048,0.3816
CLUBS FIVE CLUBS QUEEN,0.6082,0.0038,0.388
CLUBS FIVE CLUBS ACE,0.597,0.1112,0.2918
CLUBS FIVE CLUBS JACK,0.6058,0.0032,0.391
CLUBS TEN CLUBS FIVE,0.7068,0.0208,0.2724
SPADES KING CLUBS JACK,0.5924,0.0048,0.4028
SPADES QUEEN CLUBS JACK,0.5826,0.004,0.4134
SPADES ACE CLUBS JACK,0.2268,0.0962,0.677
SPADES SIX CLUBS KING,0.6478,0.0048,0.3474
SPADES SIX CLUBS QUEEN,0.6512,0.005,0.3438
SPADES EIGHT HEARTS JACK,0.6506,0.0038,0.3456
SPADES SIX CLUBS ACE,0.632,0.1262,0.2418
SPADES EIGHT HEARTS TEN,0.7256,0.0234,0.251
SPADES SIX CLUBS JACK,0.6484,0.0026,0.349
CLUBS TEN SPADES SIX,0.7466,0.021,0.2324
SPADES JACK CLUBS JACK,0.3056,0.0036,0.6908
SPADES QUEEN CLUBS SEVEN,0.6426,0.003,0.3544
SPADES KING CLUBS SEVEN,0.6546,0.0032,0.3422
SPADES ACE CLUBS SEVEN,0.6338,0.113,0.2532
SPADES SIX HEARTS TEN,0.76,0.0214,0.2186
SPADES SIX HEARTS JACK,0.6602,0.0038,0.336
SPADES SIX HEARTS KING,0.6626,0.0044,0.333
SPADES SIX HEARTS QUEEN,0.655,0.0048,0.3402
CLUBS SEVEN SPADES JACK,0.6438,0.0042,0.352
CLUBS TEN HEARTS SIX,0.742,0.0266,0.2314
HEARTS SIX CLUBS JACK,0.6508,0.004,0.3452
CLUBS ACE CLUBS JACK,0.2296,0.0814,0.689
HEARTS SIX CLUBS QUEEN,0.657,0.0038,0.3392
HEARTS SIX CLUBS KING,0.649,0.004,0.347
HEARTS SIX CLUBS ACE,0.6566,0.119,0.2244
CLUBS QUEEN CLUBS JACK,0.5516,0.0038,0.4446
CLUBS KING CLUBS JACK,0.562,0.0034,0.4346
DIAMONDS THREE HEARTS QUEEN,0.6608,0.003,0.3362
DIAMONDS THREE HEARTS KING,0.6518,0.0072,0.341
CLUBS FIVE HEARTS JACK,0.6542,0.0042,0.3416
CLUBS FIVE HEARTS TEN,0.759,0.0264,0.2146
HEARTS FOUR SPADES JACK,0.657,0.0046,0.3384
SPADES JACK DIAMONDS ACE,0.2272,0.0954,0.6774
SPADES ACE HEARTS FOUR,0.6308,0.1282,0.241
SPADES ACE DIAMONDS ACE,0.062,0.0128,0.9252
CLUBS FIVE HEARTS KING,0.6552,0.0028,0.342
HEARTS FOUR SPADES QUEEN,0.6506,0.0056,0.3438
SPADES QUEEN DIAMONDS ACE,0.2402,0.0644,0.6954
SPADES FOUR CLUBS JACK,0.648,0.0054,0.3466
CLUBS FIVE HEARTS QUEEN,0.6452,0.0042,0.3506
SPADES KING DIAMONDS ACE,0.2402,0.0458,0.714
HEARTS FOUR SPADES KING,0.6484,0.0038,0.3478
CLUBS TEN SPADES FOUR,0.7452,0.0244,0.2304
DIAMONDS QUEEN DIAMONDS ACE,0.2374,0.0578,0.7048
HEARTS TWO DIAMONDS ACE,0.6458,0.1178,0.2364
HEARTS FOUR DIAMONDS QUEEN,0.65,0.0032,0.3468
HEARTS FOUR HEARTS TWO,0.6156,0.006,0.3784
DIAMONDS THREE HEARTS TEN,0.7642,0.0246,0.2112
SPADES FOUR CLUBS KING,0.6534,0.004,0.3426
HEARTS FIVE DIAMONDS QUEEN,0.654,0.0038,0.3422
HEARTS FIVE HEARTS TWO,0.6428,0.0056,0.3516
DIAMONDS THREE HEARTS JACK,0.659,0.0048,0.3362
SPADES FOUR CLUBS QUEEN,0.6602,0.0042,0.3356
DIAMONDS QUEEN HEARTS TWO,0.66,0.0034,0.3366
DIAMONDS KING DIAMONDS QUEEN,0.5576,0.0036,0.4388
DIAMONDS KING HEARTS TWO,0.6632,0.0044,0.3324
HEARTS THREE DIAMONDS QUEEN,0.653,0.0028,0.3442
HEARTS THREE HEARTS TWO,0.6286,0.0064,0.365
SPADES FOUR CLUBS ACE,0.6274,0.1274,0.2452
HEARTS TWO CLUBS ACE,0.6264,0.1218,0.2518
DIAMONDS QUEEN CLUBS ACE,0.2402,0.0616,0.6982
HEARTS TWO CLUBS QUEEN,0.659,0.0058,0.3352
DIAMONDS QUEEN CLUBS QUEEN,0.3208,0.0012,0.678
HEARTS TWO CLUBS KING,0.657,0.0038,0.3392
DIAMONDS QUEEN CLUBS KING,0.604,0.0032,0.3928
SPADES EIGHT SPADES FIVE,0.5992,0.0076,0.3932
CLUBS TEN HEARTS TWO,0.7598,0.0246,0.2156
CLUBS TEN DIAMONDS QUEEN,0.7116,0.0184,0.27
SPADES NINE SPADES FIVE,0.6378,0.0076,0.3546
HEARTS TWO CLUBS JACK,0.6602,0.0064,0.3334
DIAMONDS QUEEN CLUBS JACK,0.5952,0.0032,0.4016
SPADES SIX SPADES FIVE,0.6042,0.0042,0.3916
SPADES SEVEN SPADES FIVE,0.611,0.0048,0.3842
DIAMONDS FIVE CLUBS QUEEN,0.6478,0.0038,0.3484
SPADES EIGHT CLUBS ACE,0.6524,0.118,0.2296
DIAMONDS FIVE CLUBS KING,0.6576,0.0052,0.3372
SPADES EIGHT CLUBS KING,0.6658,0.0048,0.3294
CLUBS ACE DIAMONDS FIVE,0.6306,0.1172,0.2522
SPADES EIGHT CLUBS QUEEN,0.6446,0.003,0.3524
SPADES EIGHT CLUBS JACK,0.6284,0.0046,0.367
CLUBS TEN SPADES EIGHT,0.7142,0.021,0.2648
CLUBS TEN DIAMONDS FIVE,0.753,0.022,0.225
DIAMONDS FIVE CLUBS JACK,0.643,0.0036,0.3534
HEARTS JACK DIAMONDS TEN,0.7056,0.0182,0.2762
DIAMONDS TEN HEARTS TEN,0.3072,0.022,0.6708
SPADES ACE CLUBS NINE,0.6476,0.1168,0.2356
CLUBS NINE SPADES QUEEN,0.6248,0.004,0.3712
CLUBS NINE SPADES KING,0.6376,0.0038,0.3586
HEARTS SIX HEARTS KING,0.612,0.0064,0.3816
DIAMONDS KING SPADES SEVEN,0.6526,0.004,0.3434
HEARTS THREE SPADES SEVEN,0.6804,0.0034,0.3162
SPADES KING DIAMONDS SEVEN,0.6428,0.0042,0.353
