opposingHand,winningChance,drawChance,lostChance
SPADES FOUR SPADES TWO
HEARTS FIVE SPADES TEN,0.3744,0.0278,0.5978
SPADES JACK HEARTS FIVE,0.3824,0.0232,0.5944
SPADES FIVE CLUBS JACK,0.3784,0.0188,0.6028
SPADES FIVE CLUBS TEN,0.3754,0.0278,0.5968
CLUBS EIGHT CLUBS JACK,0.3574,0.02,0.6226
CLUBS EIGHT CLUBS TEN,0.3536,0.0258,0.6206
CLUBS EIGHT CLUBS KING,0.3656,0.008,0.6264
SPADES FIVE CLUBS ACE,0.3518,0.0048,0.6434
CLUBS EIGHT CLUBS QUEEN,0.3708,0.0136,0.6156
SPADES FIVE CLUBS KING,0.3626,0.0082,0.6292
SPADES FIVE CLUBS QUEEN,0.3636,0.012,0.6244
CLUBS EIGHT CLUBS ACE,0.3674,0.0036,0.629
DIAMONDS TWO DIAMONDS THREE,0.2978,0.4428,0.2594
DIAMONDS TWO DIAMONDS FIVE,0.2608,0.3444,0.3948
SPADES KING HEARTS FIVE,0.3728,0.0088,0.6184
DIAMONDS TWO DIAMONDS FOUR,0.064,0.8614,0.0746
SPADES QUEEN HEARTS FIVE,0.3784,0.0094,0.6122
DIAMONDS TWO DIAMONDS SEVEN,0.2942,0.1772,0.5286
DIAMONDS TWO DIAMONDS SIX,0.2746,0.2506,0.4748
SPADES ACE HEARTS FIVE,0.35,0.0056,0.6444
DIAMONDS TWO DIAMONDS NINE,0.2858,0.1004,0.6138
DIAMONDS TWO DIAMONDS EIGHT,0.299,0.13,0.571
DIAMONDS THREE DIAMONDS FOUR,0.2502,0.454,0.2958
DIAMONDS THREE DIAMONDS FIVE,0.3504,0.215,0.4346
CLUBS TWO SPADES FIVE,0.25,0.3602,0.3898
CLUBS TWO SPADES THREE,0.3032,0.487,0.2098
DIAMONDS THREE DIAMONDS EIGHT,0.3888,0.0584,0.5528
SPADES EIGHT CLUBS TWO,0.294,0.1398,0.5662
DIAMONDS THREE DIAMONDS NINE,0.384,0.0456,0.5704
SPADES NINE CLUBS TWO,0.2818,0.1062,0.612
DIAMONDS THREE DIAMONDS SIX,0.3614,0.1384,0.5002
CLUBS TWO SPADES SIX,0.2754,0.2638,0.4608
DIAMONDS THREE DIAMONDS SEVEN,0.3842,0.0892,0.5266
CLUBS TWO SPADES SEVEN,0.296,0.1946,0.5094
CLUBS SIX CLUBS TWO,0.2824,0.2384,0.4792
CLUBS SEVEN CLUBS TWO,0.2796,0.174,0.5464
CLUBS FOUR CLUBS TWO,0.0752,0.8578,0.067
CLUBS FIVE CLUBS TWO,0.256,0.3362,0.4078
CLUBS JACK CLUBS TEN,0.3586,0.0158,0.6256
DIAMONDS FOUR DIAMONDS SIX,0.2776,0.2396,0.4828
CLUBS QUEEN CLUBS TEN,0.3604,0.0128,0.6268
DIAMONDS FOUR DIAMONDS SEVEN,0.2668,0.1886,0.5446
CLUBS KING CLUBS TEN,0.368,0.0078,0.6242
CLUBS ACE CLUBS TEN,0.3544,0.0044,0.6412
CLUBS EIGHT CLUBS TWO,0.2852,0.137,0.5778
DIAMONDS FIVE DIAMONDS FOUR,0.2526,0.3158,0.4316
CLUBS NINE CLUBS TWO,0.288,0.0972,0.6148
DIAMONDS NINE DIAMONDS FOUR,0.2708,0.1082,0.621
DIAMONDS EIGHT DIAMONDS FOUR,0.286,0.1426,0.5714
CLUBS TWO CLUBS THREE,0.296,0.4642,0.2398
DIAMONDS NINE DIAMONDS FIVE,0.3656,0.0384,0.596
DIAMONDS TWO CLUBS JACK,0.3204,0.0502,0.6294
DIAMONDS EIGHT DIAMONDS FIVE,0.3466,0.0634,0.59
DIAMONDS TWO CLUBS TEN,0.3014,0.0724,0.6262
DIAMONDS FIVE DIAMONDS SEVEN,0.3454,0.091,0.5636
DIAMONDS FIVE DIAMONDS SIX,0.3376,0.1312,0.5312
DIAMONDS TWO CLUBS ACE,0.282,0.0114,0.7066
DIAMONDS TWO CLUBS KING,0.3002,0.0244,0.6754
DIAMONDS TWO CLUBS QUEEN,0.2998,0.0414,0.6588
DIAMONDS EIGHT DIAMONDS SIX,0.3626,0.059,0.5784
DIAMONDS NINE DIAMONDS SIX,0.3656,0.0396,0.5948
HEARTS ACE SPADES THREE,0.383,0.006,0.611
HEARTS KING SPADES THREE,0.4084,0.009,0.5826
DIAMONDS SEVEN DIAMONDS SIX,0.3428,0.087,0.5702
SPADES THREE HEARTS QUEEN,0.407,0.0142,0.5788
SPADES THREE HEARTS JACK,0.4104,0.0208,0.5688
SPADES THREE HEARTS TEN,0.4092,0.033,0.5578
DIAMONDS EIGHT DIAMONDS SEVEN,0.3548,0.0488,0.5964
DIAMONDS NINE DIAMONDS SEVEN,0.3598,0.0402,0.6
DIAMONDS NINE DIAMONDS EIGHT,0.3416,0.0332,0.6252
DIAMONDS KING HEARTS TEN,0.3824,0.0068,0.6108
HEARTS THREE HEARTS TEN,0.3844,0.028,0.5876
CLUBS SIX SPADES JACK,0.3812,0.0216,0.5972
DIAMONDS KING HEARTS JACK,0.385,0.0066,0.6084
HEARTS THREE HEARTS JACK,0.384,0.0196,0.5964
CLUBS SIX SPADES TEN,0.3648,0.0298,0.6054
SPADES JACK SPADES FIVE,0.3376,0.0228,0.6396
SPADES TEN SPADES FIVE,0.3442,0.03,0.6258
DIAMONDS KING HEARTS ACE,0.4012,0.0064,0.5924
HEARTS THREE HEARTS ACE,0.3848,0.0058,0.6094
SPADES ACE CLUBS SIX,0.3734,0.0066,0.62
DIAMONDS KING HEARTS QUEEN,0.3936,0.0064,0.6
HEARTS THREE HEARTS QUEEN,0.3904,0.0146,0.595
SPADES KING CLUBS SIX,0.3686,0.0112,0.6202
DIAMONDS KING HEARTS KING,0.1964,0.016,0.7876
HEARTS THREE HEARTS KING,0.3802,0.0094,0.6104
SPADES QUEEN CLUBS SIX,0.3744,0.0138,0.6118
SPADES NINE HEARTS TEN,0.3618,0.023,0.6152
SPADES NINE HEARTS JACK,0.3598,0.0178,0.6224
SPADES QUEEN SPADES FIVE,0.3234,0.018,0.6586
SPADES KING SPADES FIVE,0.3198,0.0108,0.6694
SPADES ACE SPADES FIVE,0.3084,0.007,0.6846
SPADES NINE HEARTS QUEEN,0.355,0.011,0.634
SPADES NINE HEARTS KING,0.3652,0.0068,0.628
SPADES NINE HEARTS ACE,0.3822,0.0052,0.6126
SPADES JACK CLUBS TEN,0.3634,0.014,0.6226
SPADES TEN CLUBS TEN,0.181,0.0688,0.7502
SPADES ACE CLUBS TEN,0.3692,0.0046,0.6262
SPADES KING CLUBS TEN,0.3586,0.0076,0.6338
SPADES QUEEN CLUBS TEN,0.3672,0.0104,0.6224
SPADES FIVE HEARTS QUEEN,0.3704,0.0162,0.6134
HEARTS KING SPADES FIVE,0.3782,0.0088,0.613
SPADES FIVE HEARTS ACE,0.3546,0.0054,0.64
CLUBS EIGHT SPADES TEN,0.3884,0.0302,0.5814
HEARTS THREE SPADES JACK,0.4058,0.0204,0.5738
SPADES JACK DIAMONDS KING,0.3604,0.0088,0.6308
SPADES TEN DIAMONDS KING,0.378,0.0052,0.6168
HEARTS THREE SPADES TEN,0.4038,0.0306,0.5656
CLUBS EIGHT SPADES JACK,0.3766,0.0174,0.606
SPADES ACE CLUBS EIGHT,0.3752,0.0046,0.6202
HEARTS FIVE CLUBS JACK,0.3934,0.0172,0.5894
CLUBS SIX HEARTS ACE,0.3888,0.0044,0.6068
HEARTS FIVE CLUBS TEN,0.3848,0.0278,0.5874
CLUBS EIGHT SPADES QUEEN,0.3688,0.0114,0.6198
SPADES THREE CLUBS TEN,0.3988,0.03,0.5712
CLUBS SIX HEARTS QUEEN,0.3772,0.0146,0.6082
CLUBS EIGHT SPADES KING,0.372,0.0068,0.6212
SPADES THREE CLUBS JACK,0.4144,0.0206,0.565
CLUBS SIX HEARTS KING,0.3964,0.0086,0.595
DIAMONDS TWO HEARTS JACK,0.3154,0.0488,0.6358
SPADES THREE CLUBS QUEEN,0.395,0.0178,0.5872
DIAMONDS TWO HEARTS TEN,0.3008,0.0746,0.6246
SPADES THREE CLUBS KING,0.3984,0.0114,0.5902
HEARTS FIVE CLUBS ACE,0.371,0.0058,0.6232
SPADES FIVE HEARTS TEN,0.377,0.0322,0.5908
SPADES THREE CLUBS ACE,0.3778,0.0066,0.6156
HEARTS FIVE CLUBS KING,0.3824,0.0088,0.6088
SPADES FIVE HEARTS JACK,0.3712,0.019,0.6098
HEARTS FIVE CLUBS QUEEN,0.3812,0.0138,0.605
HEARTS THREE CLUBS KING,0.4124,0.0086,0.579
DIAMONDS KING CLUBS KING,0.1854,0.0184,0.7962
HEARTS THREE CLUBS QUEEN,0.4018,0.0114,0.5868
DIAMONDS KING CLUBS QUEEN,0.4,0.006,0.594
HEARTS FIVE HEARTS JACK,0.3516,0.0202,0.6282
HEARTS FIVE HEARTS TEN,0.3672,0.0318,0.601
HEARTS THREE CLUBS ACE,0.3916,0.006,0.6024
DIAMONDS KING CLUBS ACE,0.3834,0.006,0.6106
SPADES ACE CLUBS QUEEN,0.3724,0.006,0.6216
SPADES KING CLUBS QUEEN,0.3746,0.0074,0.618
HEARTS THREE CLUBS JACK,0.4168,0.022,0.5612
DIAMONDS KING CLUBS JACK,0.3892,0.0066,0.6042
SPADES QUEEN CLUBS QUEEN,0.1758,0.0338,0.7904
HEARTS THREE CLUBS TEN,0.4222,0.0316,0.5462
DIAMONDS KING CLUBS TEN,0.3882,0.0082,0.6036
SPADES JACK CLUBS QUEEN,0.3536,0.0092,0.6372
CLUBS SIX CLUBS QUEEN,0.3736,0.0122,0.6142
SPADES TEN CLUBS QUEEN,0.357,0.0104,0.6326
CLUBS SIX CLUBS KING,0.3674,0.0094,0.6232
CLUBS SIX CLUBS ACE,0.359,0.0046,0.6364
HEARTS FIVE HEARTS KING,0.363,0.0092,0.6278
HEARTS FIVE HEARTS QUEEN,0.3732,0.012,0.6148
CLUBS SIX CLUBS TEN,0.3638,0.0268,0.6094
HEARTS FIVE HEARTS ACE,0.339,0.006,0.655
CLUBS SIX CLUBS JACK,0.36,0.0176,0.6224
SPADES SEVEN HEARTS JACK,0.3786,0.0186,0.6028
SPADES SEVEN HEARTS TEN,0.3654,0.0262,0.6084
DIAMONDS TWO CLUBS TWO,0.2824,0.1288,0.5888
DIAMONDS TWO CLUBS THREE,0.3114,0.4722,0.2164
HEARTS SIX DIAMONDS TWO,0.3044,0.2476,0.448
DIAMONDS TWO HEARTS QUEEN,0.3056,0.0436,0.6508
DIAMONDS TWO HEARTS SEVEN,0.314,0.1806,0.5054
DIAMONDS TWO HEARTS KING,0.2934,0.026,0.6806
DIAMONDS TWO HEARTS EIGHT,0.316,0.1374,0.5466
DIAMONDS TWO HEARTS ACE,0.2952,0.013,0.6918
DIAMONDS TWO HEARTS NINE,0.2962,0.1142,0.5896
DIAMONDS TWO DIAMONDS QUEEN,0.2914,0.0386,0.67
DIAMONDS TWO HEARTS TWO,0.2728,0.13,0.5972
DIAMONDS TWO DIAMONDS KING,0.2972,0.0314,0.6714
HEARTS THREE DIAMONDS TWO,0.3202,0.4736,0.2062
DIAMONDS TWO DIAMONDS ACE,0.2722,0.0144,0.7134
HEARTS FOUR DIAMONDS TWO,0.0736,0.9046,0.0218
DIAMONDS TWO HEARTS FIVE,0.273,0.3456,0.3814
SPADES SEVEN HEARTS ACE,0.361,0.007,0.632
DIAMONDS TWO DIAMONDS TEN,0.2898,0.0698,0.6404
SPADES SEVEN HEARTS KING,0.373,0.0092,0.6178
DIAMONDS TWO DIAMONDS JACK,0.2812,0.0492,0.6696
SPADES SEVEN HEARTS QUEEN,0.3724,0.0146,0.613
DIAMONDS TWO SPADES NINE,0.2882,0.105,0.6068
DIAMONDS TWO SPADES EIGHT,0.2946,0.1436,0.5618
DIAMONDS TWO SPADES SEVEN,0.2854,0.1796,0.535
DIAMONDS TWO SPADES SIX,0.2662,0.2586,0.4752
DIAMONDS TWO SPADES FIVE,0.2618,0.351,0.3872
DIAMONDS TWO SPADES THREE,0.2964,0.4872,0.2164
CLUBS NINE DIAMONDS TWO,0.3038,0.11,0.5862
CLUBS EIGHT DIAMONDS TWO,0.2962,0.144,0.5598
DIAMONDS TWO CLUBS SEVEN,0.3044,0.1914,0.5042
CLUBS SIX DIAMONDS TWO,0.2964,0.255,0.4486
DIAMONDS TWO CLUBS FIVE,0.2658,0.3448,0.3894
DIAMONDS TWO CLUBS FOUR,0.0636,0.916,0.0204
CLUBS FOUR SPADES FIVE,0.2516,0.3396,0.4088
CLUBS FOUR SPADES THREE,0.2472,0.4908,0.262
CLUBS FOUR SPADES NINE,0.2824,0.103,0.6146
CLUBS FOUR SPADES EIGHT,0.2844,0.1486,0.567
CLUBS FOUR SPADES SEVEN,0.2688,0.1876,0.5436
CLUBS FOUR SPADES SIX,0.2708,0.2598,0.4694
SPADES ACE DIAMONDS SIX,0.374,0.0066,0.6194
SPADES QUEEN DIAMONDS SIX,0.3668,0.013,0.6202
SPADES KING DIAMONDS SIX,0.3744,0.0076,0.618
SPADES TEN DIAMONDS SIX,0.367,0.0296,0.6034
SPADES JACK DIAMONDS SIX,0.367,0.0196,0.6134
DIAMONDS JACK CLUBS JACK,0.1934,0.0474,0.7592
DIAMONDS JACK CLUBS TEN,0.3712,0.0162,0.6126
DIAMONDS JACK CLUBS KING,0.378,0.0098,0.6122
DIAMONDS JACK CLUBS QUEEN,0.3828,0.008,0.6092
DIAMONDS THREE DIAMONDS JACK,0.382,0.0258,0.5922
DIAMONDS THREE DIAMONDS TEN,0.387,0.0314,0.5816
DIAMONDS JACK CLUBS ACE,0.389,0.0052,0.6058
DIAMONDS THREE DIAMONDS KING,0.3884,0.0086,0.603
HEARTS THREE DIAMONDS THREE,0.2494,0.1666,0.584
DIAMONDS THREE DIAMONDS QUEEN,0.3836,0.0182,0.5982
DIAMONDS THREE HEARTS TWO,0.3086,0.486,0.2054
HEARTS FIVE DIAMONDS THREE,0.3714,0.2342,0.3944
DIAMONDS THREE DIAMONDS ACE,0.3682,0.0056,0.6262
HEARTS FOUR DIAMONDS THREE,0.2586,0.484,0.2574
DIAMONDS THREE HEARTS SEVEN,0.4138,0.0996,0.4866
SPADES TEN SPADES NINE,0.3144,0.0232,0.6624
HEARTS SIX DIAMONDS THREE,0.3912,0.1518,0.457
SPADES JACK SPADES NINE,0.32,0.0186,0.6614
DIAMONDS THREE HEARTS NINE,0.408,0.044,0.548
HEARTS JACK DIAMONDS FOUR,0.306,0.0616,0.6324
HEARTS KING HEARTS ACE,0.365,0.0068,0.6282
DIAMONDS THREE HEARTS EIGHT,0.4032,0.0674,0.5294
HEARTS TEN DIAMONDS FOUR,0.3012,0.083,0.6158
HEARTS QUEEN DIAMONDS FOUR,0.2962,0.0488,0.655
HEARTS KING DIAMONDS FOUR,0.2974,0.038,0.6646
SPADES ACE SPADES NINE,0.3276,0.0058,0.6666
HEARTS ACE DIAMONDS FOUR,0.283,0.023,0.694
SPADES KING SPADES NINE,0.3216,0.0108,0.6676
SPADES QUEEN SPADES NINE,0.3346,0.0138,0.6516
DIAMONDS THREE SPADES NINE,0.3992,0.0444,0.5564
DIAMONDS THREE SPADES EIGHT,0.3908,0.0708,0.5384
DIAMONDS THREE SPADES SEVEN,0.3976,0.0978,0.5046
DIAMONDS THREE SPADES SIX,0.3822,0.1464,0.4714
CLUBS SIX DIAMONDS THREE,0.3926,0.1512,0.4562
CLUBS ACE DIAMONDS FOUR,0.2836,0.021,0.6954
CLUBS SIX CLUBS FIVE,0.3312,0.1384,0.5304
CLUBS SEVEN CLUBS FIVE,0.351,0.0942,0.5548
CLUBS SEVEN DIAMONDS THREE,0.4142,0.0942,0.4916
DIAMONDS THREE CLUBS FOUR,0.2636,0.4844,0.252
CLUBS QUEEN DIAMONDS FOUR,0.3038,0.0502,0.646
DIAMONDS THREE CLUBS FIVE,0.3676,0.2332,0.3992
CLUBS KING DIAMONDS FOUR,0.3016,0.0282,0.6702
DIAMONDS THREE CLUBS TWO,0.315,0.483,0.202
DIAMONDS FOUR CLUBS TEN,0.2952,0.0826,0.6222
DIAMONDS THREE CLUBS THREE,0.255,0.1586,0.5864
DIAMONDS FOUR CLUBS JACK,0.2972,0.0604,0.6424
DIAMONDS THREE SPADES FIVE,0.356,0.2344,0.4096
DIAMONDS THREE SPADES THREE,0.2266,0.1682,0.6052
CLUBS EIGHT DIAMONDS THREE,0.4052,0.0634,0.5314
CLUBS NINE DIAMONDS THREE,0.4116,0.0454,0.543
SPADES SEVEN CLUBS ACE,0.371,0.005,0.624
SPADES SEVEN CLUBS QUEEN,0.3666,0.0136,0.6198
SPADES SEVEN CLUBS KING,0.3744,0.0104,0.6152
CLUBS FIVE SPADES SEVEN,0.3496,0.0978,0.5526
SPADES SEVEN CLUBS TEN,0.3522,0.0284,0.6194
CLUBS FIVE SPADES SIX,0.3486,0.1442,0.5072
SPADES SEVEN CLUBS JACK,0.3704,0.021,0.6086
SPADES NINE CLUBS FIVE,0.3728,0.0446,0.5826
CLUBS FIVE SPADES EIGHT,0.3576,0.0672,0.5752
CLUBS FIVE SPADES THREE,0.363,0.229,0.408
CLUBS FIVE SPADES FIVE,0.1528,0.149,0.6982
CLUBS NINE CLUBS FIVE,0.3646,0.0466,0.5888
CLUBS EIGHT CLUBS FIVE,0.3522,0.0658,0.582
CLUBS ACE CLUBS QUEEN,0.3652,0.0042,0.6306
CLUBS KING CLUBS QUEEN,0.3608,0.0076,0.6316
DIAMONDS TEN DIAMONDS FOUR,0.2812,0.082,0.6368
DIAMONDS NINE CLUBS TEN,0.3846,0.0224,0.593
DIAMONDS JACK DIAMONDS FOUR,0.2822,0.06,0.6578
DIAMONDS NINE CLUBS JACK,0.3866,0.0168,0.5966
SPADES NINE CLUBS JACK,0.3602,0.0192,0.6206
SPADES NINE CLUBS TEN,0.3678,0.0234,0.6088
DIAMONDS ACE DIAMONDS FOUR,0.2654,0.0202,0.7144
HEARTS FOUR DIAMONDS FOUR,0.1322,0.1358,0.732
DIAMONDS JACK HEARTS TEN,0.3866,0.0132,0.6002
SPADES NINE CLUBS KING,0.3682,0.0086,0.6232
DIAMONDS TWO SPADES TEN,0.3022,0.0786,0.6192
DIAMONDS NINE CLUBS ACE,0.3878,0.0056,0.6066
HEARTS FIVE DIAMONDS FOUR,0.263,0.3484,0.3886
HEARTS JACK DIAMONDS JACK,0.1924,0.052,0.7556
SPADES NINE CLUBS QUEEN,0.367,0.014,0.619
DIAMONDS TWO SPADES JACK,0.2868,0.0502,0.663
DIAMONDS QUEEN DIAMONDS FOUR,0.2892,0.0398,0.671
HEARTS TWO DIAMONDS FOUR,0.069,0.9112,0.0198
DIAMONDS NINE CLUBS QUEEN,0.375,0.0114,0.6136
DIAMONDS KING DIAMONDS FOUR,0.2838,0.0328,0.6834
HEARTS THREE DIAMONDS FOUR,0.2628,0.4768,0.2604
SPADES NINE CLUBS ACE,0.3772,0.0058,0.617
DIAMONDS NINE CLUBS KING,0.378,0.008,0.614
HEARTS ACE DIAMONDS JACK,0.38,0.002,0.618
SPADES ACE DIAMONDS TWO,0.272,0.017,0.711
DIAMONDS JACK HEARTS QUEEN,0.3824,0.0132,0.6044
SPADES QUEEN DIAMONDS TWO,0.2938,0.0386,0.6676
HEARTS KING DIAMONDS JACK,0.3838,0.0074,0.6088
SPADES KING DIAMONDS TWO,0.2858,0.0284,0.6858
SPADES JACK SPADES SEVEN,0.3188,0.0192,0.662
SPADES TEN SPADES SEVEN,0.3262,0.0268,0.647
CLUBS SEVEN CLUBS THREE,0.3758,0.097,0.5272
CLUBS SIX CLUBS THREE,0.3762,0.1396,0.4842
CLUBS FIVE CLUBS THREE,0.3462,0.2152,0.4386
CLUBS FOUR CLUBS THREE,0.2394,0.4608,0.2998
CLUBS NINE CLUBS THREE,0.3892,0.0424,0.5684
CLUBS EIGHT CLUBS THREE,0.3884,0.062,0.5496
CLUBS THREE SPADES FIVE,0.3634,0.2268,0.4098
CLUBS THREE SPADES THREE,0.2446,0.163,0.5924
CLUBS THREE SPADES SIX,0.3722,0.1622,0.4656
SPADES SEVEN CLUBS THREE,0.3824,0.1018,0.5158
SPADES EIGHT CLUBS THREE,0.4116,0.0664,0.522
SPADES NINE CLUBS THREE,0.3982,0.0414,0.5604
SPADES THREE DIAMONDS FOUR,0.2472,0.4892,0.2636
SPADES FIVE DIAMONDS FOUR,0.243,0.3498,0.4072
SPADES SIX DIAMONDS FOUR,0.27,0.2572,0.4728
SPADES SEVEN DIAMONDS FOUR,0.2664,0.1912,0.5424
SPADES EIGHT DIAMONDS FOUR,0.288,0.1474,0.5646
SPADES NINE DIAMONDS FOUR,0.279,0.1132,0.6078
CLUBS FIVE DIAMONDS FOUR,0.2692,0.3404,0.3904
CLUBS FOUR DIAMONDS FOUR,0.1262,0.137,0.7368
CLUBS SEVEN DIAMONDS FOUR,0.2874,0.1956,0.517
CLUBS SIX DIAMONDS FOUR,0.3018,0.26,0.4382
CLUBS NINE DIAMONDS FOUR,0.2926,0.103,0.6044
CLUBS EIGHT DIAMONDS FOUR,0.2894,0.1424,0.5682
DIAMONDS FOUR HEARTS SEVEN,0.2946,0.192,0.5134
HEARTS SIX DIAMONDS FOUR,0.2816,0.2564,0.462
HEARTS NINE DIAMONDS FOUR,0.3154,0.0984,0.5862
DIAMONDS FOUR HEARTS EIGHT,0.302,0.138,0.56
CLUBS THREE DIAMONDS FOUR,0.2586,0.4796,0.2618
CLUBS TWO DIAMONDS FOUR,0.0736,0.904,0.0224
DIAMONDS TEN DIAMONDS FIVE,0.3714,0.0264,0.6022
DIAMONDS JACK DIAMONDS FIVE,0.366,0.0206,0.6134
DIAMONDS NINE HEARTS QUEEN,0.3744,0.0108,0.6148
HEARTS KING DIAMONDS NINE,0.3806,0.0064,0.613
DIAMONDS NINE HEARTS ACE,0.4052,0.0054,0.5894
DIAMONDS NINE HEARTS TEN,0.371,0.0218,0.6072
DIAMONDS NINE HEARTS JACK,0.3836,0.0144,0.602
CLUBS KING DIAMONDS SIX,0.3832,0.0072,0.6096
CLUBS QUEEN DIAMONDS SIX,0.3848,0.0144,0.6008
CLUBS ACE DIAMONDS SIX,0.3832,0.0042,0.6126
SPADES KING DIAMONDS FOUR,0.2796,0.0392,0.6812
SPADES ACE SPADES SEVEN,0.3258,0.006,0.6682
SPADES QUEEN DIAMONDS FOUR,0.281,0.0448,0.6742
SPADES QUEEN SPADES SEVEN,0.327,0.0172,0.6558
CLUBS JACK DIAMONDS SIX,0.3888,0.0176,0.5936
SPADES KING SPADES SEVEN,0.32,0.0114,0.6686
SPADES ACE DIAMONDS FOUR,0.2558,0.0234,0.7208
CLUBS TEN DIAMONDS SIX,0.3668,0.0302,0.603
CLUBS NINE CLUBS FOUR,0.2916,0.1018,0.6066
CLUBS EIGHT CLUBS FOUR,0.2828,0.1354,0.5818
SPADES JACK DIAMONDS FOUR,0.2796,0.0648,0.6556
SPADES TEN DIAMONDS FOUR,0.2786,0.084,0.6374
CLUBS FOUR CLUBS FIVE,0.2512,0.3258,0.423
CLUBS SEVEN CLUBS FOUR,0.2668,0.1896,0.5436
CLUBS SIX CLUBS FOUR,0.2772,0.2414,0.4814
CLUBS SEVEN SPADES EIGHT,0.3544,0.0618,0.5838
CLUBS SEVEN SPADES NINE,0.3574,0.042,0.6006
CLUBS SEVEN SPADES SIX,0.3472,0.0906,0.5622
CLUBS SEVEN SPADES SEVEN,0.1732,0.1076,0.7192
CLUBS SEVEN SPADES FIVE,0.3452,0.1038,0.551
CLUBS SEVEN SPADES THREE,0.3974,0.1004,0.5022
CLUBS NINE CLUBS SEVEN,0.3488,0.0446,0.6066
CLUBS EIGHT CLUBS SEVEN,0.3478,0.0542,0.598
HEARTS SIX DIAMONDS FIVE,0.3464,0.141,0.5126
DIAMONDS FIVE HEARTS SEVEN,0.359,0.098,0.543
DIAMONDS FIVE HEARTS EIGHT,0.364,0.0648,0.5712
HEARTS NINE DIAMONDS FIVE,0.386,0.0452,0.5688
DIAMONDS QUEEN DIAMONDS FIVE,0.3748,0.0102,0.615
HEARTS TWO DIAMONDS FIVE,0.2746,0.3436,0.3818
HEARTS KING HEARTS EIGHT,0.3528,0.0102,0.637
DIAMONDS KING DIAMONDS FIVE,0.3728,0.007,0.6202
HEARTS THREE DIAMONDS FIVE,0.3766,0.2332,0.3902
HEARTS QUEEN HEARTS EIGHT,0.376,0.013,0.611
DIAMONDS ACE DIAMONDS FIVE,0.3374,0.0052,0.6574
HEARTS FOUR DIAMONDS FIVE,0.2608,0.3412,0.398
HEARTS FIVE DIAMONDS FIVE,0.1584,0.1492,0.6924
HEARTS ACE HEARTS EIGHT,0.3764,0.0058,0.6178
CLUBS FOUR DIAMONDS FIVE,0.25,0.344,0.406
CLUBS FIVE DIAMONDS FIVE,0.164,0.1446,0.6914
CLUBS SIX DIAMONDS FIVE,0.3384,0.147,0.5146
CLUBS SEVEN DIAMONDS FIVE,0.371,0.0932,0.5358
CLUBS TWO DIAMONDS FIVE,0.2654,0.355,0.3796
CLUBS THREE DIAMONDS FIVE,0.3744,0.2324,0.3932
SPADES THREE DIAMONDS FIVE,0.356,0.2384,0.4056
SPADES JACK DIAMONDS EIGHT,0.3602,0.0188,0.621
SPADES FIVE DIAMONDS FIVE,0.1524,0.1474,0.7002
HEARTS JACK CLUBS TEN,0.3706,0.0164,0.613
SPADES TEN DIAMONDS EIGHT,0.3754,0.0252,0.5994
HEARTS JACK CLUBS JACK,0.1916,0.048,0.7604
HEARTS JACK CLUBS QUEEN,0.387,0.0058,0.6072
CLUBS NINE DIAMONDS FIVE,0.3804,0.043,0.5766
HEARTS JACK CLUBS KING,0.3898,0.007,0.6032
CLUBS EIGHT DIAMONDS FIVE,0.377,0.0634,0.5596
HEARTS JACK CLUBS ACE,0.3896,0.0036,0.6068
SPADES SEVEN DIAMONDS FIVE,0.3496,0.0982,0.5522
SPADES KING DIAMONDS EIGHT,0.3682,0.0072,0.6246
SPADES QUEEN DIAMONDS EIGHT,0.3738,0.0132,0.613
SPADES SIX DIAMONDS FIVE,0.3336,0.1518,0.5146
SPADES NINE DIAMONDS FIVE,0.3724,0.043,0.5846
SPADES EIGHT DIAMONDS FIVE,0.3556,0.0696,0.5748
SPADES ACE DIAMONDS EIGHT,0.3728,0.005,0.6222
DIAMONDS TEN DIAMONDS SIX,0.3684,0.0298,0.6018
HEARTS ACE DIAMONDS SEVEN,0.3828,0.0042,0.613
DIAMONDS JACK DIAMONDS SIX,0.3682,0.0162,0.6156
HEARTS QUEEN DIAMONDS SEVEN,0.3938,0.0122,0.594
HEARTS KING DIAMONDS SEVEN,0.3836,0.0094,0.607
DIAMONDS ACE DIAMONDS SIX,0.3552,0.0042,0.6406
HEARTS FOUR DIAMONDS SIX,0.2868,0.2662,0.447
HEARTS FIVE DIAMONDS SIX,0.3512,0.1458,0.503
DIAMONDS QUEEN DIAMONDS SIX,0.3598,0.0142,0.626
HEARTS TWO DIAMONDS SIX,0.2918,0.2578,0.4504
DIAMONDS KING DIAMONDS SIX,0.3626,0.0102,0.6272
HEARTS THREE DIAMONDS SIX,0.3842,0.143,0.4728
HEARTS EIGHT DIAMONDS SIX,0.3728,0.065,0.5622
HEARTS NINE DIAMONDS SIX,0.3886,0.0406,0.5708
HEARTS SIX DIAMONDS SIX,0.1796,0.1266,0.6938
HEARTS SEVEN DIAMONDS SIX,0.3594,0.0912,0.5494
HEARTS TEN DIAMONDS SEVEN,0.3884,0.03,0.5816
CLUBS TWO DIAMONDS SIX,0.2972,0.2516,0.4512
HEARTS JACK DIAMONDS SEVEN,0.3984,0.017,0.5846
CLUBS THREE DIAMONDS SIX,0.3866,0.1488,0.4646
DIAMONDS EIGHT CLUBS JACK,0.3864,0.016,0.5976
CLUBS SEVEN DIAMONDS SIX,0.372,0.0858,0.5422
CLUBS SIX DIAMONDS SIX,0.1716,0.1222,0.7062
DIAMONDS EIGHT CLUBS TEN,0.3888,0.0246,0.5866
CLUBS FIVE DIAMONDS SIX,0.3492,0.1458,0.505
CLUBS FOUR DIAMONDS SIX,0.2834,0.2658,0.4508
HEARTS ACE HEARTS JACK,0.3596,0.0054,0.635
DIAMONDS EIGHT CLUBS ACE,0.3944,0.0052,0.6004
HEARTS JACK HEARTS QUEEN,0.354,0.0144,0.6316
DIAMONDS EIGHT CLUBS KING,0.3944,0.0094,0.5962
CLUBS NINE DIAMONDS SIX,0.3774,0.0398,0.5828
HEARTS KING HEARTS JACK,0.351,0.0056,0.6434
DIAMONDS EIGHT CLUBS QUEEN,0.404,0.0104,0.5856
CLUBS EIGHT DIAMONDS SIX,0.3838,0.0562,0.56
SPADES TEN HEARTS KING,0.3578,0.0058,0.6364
SPADES FIVE DIAMONDS SIX,0.3472,0.1448,0.508
SPADES JACK HEARTS KING,0.3706,0.0076,0.6218
SPADES THREE DIAMONDS SIX,0.3778,0.16,0.4622
SPADES ACE SPADES KING,0.324,0.0078,0.6682
HEARTS TEN HEARTS EIGHT,0.3642,0.0272,0.6086
SPADES NINE DIAMONDS SIX,0.3638,0.042,0.5942
HEARTS JACK HEARTS EIGHT,0.3646,0.0188,0.6166
SPADES EIGHT DIAMONDS SIX,0.3626,0.0678,0.5696
SPADES SEVEN DIAMONDS SIX,0.364,0.0862,0.5498
SPADES SIX DIAMONDS SIX,0.1622,0.1232,0.7146
SPADES KING HEARTS KING,0.1818,0.0234,0.7948
SPADES QUEEN HEARTS KING,0.3728,0.0062,0.621
CLUBS ACE CLUBS KING,0.3622,0.0056,0.6322
SPADES ACE HEARTS KING,0.3652,0.0062,0.6286
SPADES ACE HEARTS JACK,0.3658,0.0034,0.6308
SPADES QUEEN HEARTS JACK,0.3666,0.0154,0.618
SPADES KING HEARTS JACK,0.3708,0.0082,0.621
SPADES TEN DIAMONDS TEN,0.1854,0.0682,0.7464
SPADES JACK DIAMONDS TEN,0.355,0.0142,0.6308
SPADES ACE DIAMONDS TEN,0.3774,0.0062,0.6164
SPADES JACK HEARTS JACK,0.1798,0.0484,0.7718
SPADES TEN HEARTS JACK,0.3682,0.0144,0.6174
SPADES QUEEN DIAMONDS TEN,0.3732,0.0132,0.6136
SPADES KING DIAMONDS TEN,0.3728,0.0088,0.6184
SPADES NINE DIAMONDS SEVEN,0.3658,0.0408,0.5934
SPADES EIGHT DIAMONDS SEVEN,0.3432,0.0598,0.597
SPADES SEVEN DIAMONDS SEVEN,0.1688,0.1148,0.7164
SPADES SIX DIAMONDS SEVEN,0.3506,0.0966,0.5528
DIAMONDS KING DIAMONDS SEVEN,0.3612,0.0074,0.6314
HEARTS THREE DIAMONDS SEVEN,0.3882,0.1024,0.5094
HEARTS KING DIAMONDS FIVE,0.3846,0.0076,0.6078
DIAMONDS QUEEN DIAMONDS SEVEN,0.3562,0.0104,0.6334
HEARTS TWO DIAMONDS SEVEN,0.2956,0.182,0.5224
HEARTS QUEEN DIAMONDS FIVE,0.3894,0.0136,0.597
HEARTS FIVE DIAMONDS SEVEN,0.366,0.097,0.537
DIAMONDS ACE DIAMONDS SEVEN,0.371,0.006,0.623
HEARTS FOUR DIAMONDS SEVEN,0.2782,0.1938,0.528
HEARTS ACE DIAMONDS FIVE,0.3642,0.005,0.6308
HEARTS SEVEN DIAMONDS SEVEN,0.1898,0.119,0.6912
HEARTS SIX DIAMONDS SEVEN,0.3664,0.0898,0.5438
HEARTS NINE DIAMONDS SEVEN,0.3798,0.0384,0.5818
DIAMONDS SEVEN HEARTS EIGHT,0.3756,0.0548,0.5696
DIAMONDS JACK DIAMONDS SEVEN,0.3574,0.0174,0.6252
HEARTS JACK DIAMONDS FIVE,0.3926,0.0174,0.59
DIAMONDS TEN DIAMONDS SEVEN,0.3646,0.0238,0.6116
DIAMONDS FIVE HEARTS TEN,0.3948,0.0324,0.5728
SPADES KING CLUBS TWO,0.2926,0.0284,0.679
HEARTS KING CLUBS KING,0.1908,0.0152,0.794
CLUBS EIGHT DIAMONDS SEVEN,0.363,0.0612,0.5758
SPADES QUEEN CLUBS TWO,0.2844,0.0398,0.6758
HEARTS KING CLUBS QUEEN,0.3822,0.0058,0.612
CLUBS NINE DIAMONDS SEVEN,0.3736,0.0442,0.5822
SPADES ACE CLUBS TWO,0.2702,0.0174,0.7124
HEARTS KING CLUBS ACE,0.3916,0.0058,0.6026
CLUBS SIX CLUBS SEVEN,0.3316,0.0858,0.5826
CLUBS EIGHT CLUBS SIX,0.361,0.0584,0.5806
SPADES THREE DIAMONDS SEVEN,0.4022,0.0894,0.5084
CLUBS NINE CLUBS SIX,0.3656,0.0396,0.5948
HEARTS KING CLUBS JACK,0.3858,0.0094,0.6048
SPADES FIVE DIAMONDS SEVEN,0.3452,0.0894,0.5654
HEARTS KING CLUBS TEN,0.388,0.0088,0.6032
CLUBS SIX SPADES THREE,0.3792,0.1572,0.4636
CLUBS TWO DIAMONDS SEVEN,0.307,0.1768,0.5162
CLUBS THREE DIAMONDS SEVEN,0.403,0.0932,0.5038
CLUBS SIX SPADES FIVE,0.331,0.1512,0.5178
CLUBS FOUR DIAMONDS SEVEN,0.2862,0.2032,0.5106
CLUBS SIX SPADES SIX,0.1652,0.1314,0.7034
CLUBS FIVE DIAMONDS SEVEN,0.3596,0.0996,0.5408
CLUBS SIX SPADES SEVEN,0.3502,0.0854,0.5644
CLUBS SIX DIAMONDS SEVEN,0.3666,0.091,0.5424
CLUBS SIX SPADES EIGHT,0.3596,0.0658,0.5746
SPADES JACK CLUBS TWO,0.284,0.0552,0.6608
CLUBS SIX SPADES NINE,0.3704,0.0414,0.5882
SPADES TEN CLUBS TWO,0.2976,0.073,0.6294
CLUBS SEVEN DIAMONDS SEVEN,0.1872,0.1066,0.7062
CLUBS TWO CLUBS QUEEN,0.2928,0.0354,0.6718
CLUBS TWO CLUBS KING,0.2892,0.0248,0.686
CLUBS THREE DIAMONDS EIGHT,0.4142,0.0664,0.5194
CLUBS TWO CLUBS ACE,0.2806,0.015,0.7044
CLUBS TWO DIAMONDS EIGHT,0.2964,0.1352,0.5684
DIAMONDS EIGHT HEARTS SEVEN,0.3586,0.0594,0.582
HEARTS SIX DIAMONDS EIGHT,0.3734,0.0664,0.5602
DIAMONDS EIGHT HEARTS NINE,0.3702,0.0374,0.5924
CLUBS TWO CLUBS TEN,0.2896,0.0702,0.6402
DIAMONDS EIGHT HEARTS EIGHT,0.187,0.093,0.72
CLUBS TWO CLUBS JACK,0.2844,0.0484,0.6672
CLUBS NINE DIAMONDS EIGHT,0.3806,0.0344,0.585
CLUBS EIGHT DIAMONDS EIGHT,0.1872,0.0934,0.7194
CLUBS FIVE DIAMONDS EIGHT,0.3724,0.0678,0.5598
SPADES ACE SPADES THREE,0.3402,0.0082,0.6516
CLUBS FOUR DIAMONDS EIGHT,0.297,0.1482,0.5548
SPADES QUEEN SPADES THREE,0.3586,0.0156,0.6258
CLUBS SEVEN DIAMONDS EIGHT,0.3684,0.0574,0.5742
CLUBS SIX DIAMONDS EIGHT,0.376,0.0634,0.5606
SPADES KING SPADES THREE,0.3534,0.0104,0.6362
DIAMONDS QUEEN DIAMONDS EIGHT,0.3686,0.0138,0.6176
HEARTS TWO DIAMONDS EIGHT,0.3038,0.1308,0.5654
DIAMONDS KING DIAMONDS EIGHT,0.358,0.0084,0.6336
HEARTS THREE DIAMONDS EIGHT,0.4094,0.0654,0.5252
DIAMONDS ACE DIAMONDS EIGHT,0.3544,0.006,0.6396
HEARTS FOUR DIAMONDS EIGHT,0.2866,0.1418,0.5716
HEARTS FIVE DIAMONDS EIGHT,0.3848,0.0618,0.5534
DIAMONDS EIGHT DIAMONDS TEN,0.3528,0.0246,0.6226
DIAMONDS EIGHT DIAMONDS JACK,0.3636,0.0152,0.6212
SPADES JACK SPADES THREE,0.3596,0.0246,0.6158
SPADES TEN SPADES THREE,0.3714,0.0306,0.598
CLUBS FOUR HEARTS ACE,0.276,0.0208,0.7032
CLUBS FOUR HEARTS QUEEN,0.295,0.0436,0.6614
CLUBS FOUR HEARTS KING,0.2928,0.0364,0.6708
CLUBS SIX HEARTS TEN,0.3782,0.0266,0.5952
CLUBS SIX HEARTS JACK,0.3952,0.0214,0.5834
SPADES FIVE DIAMONDS EIGHT,0.354,0.0724,0.5736
DIAMONDS EIGHT SPADES THREE,0.3956,0.0704,0.534
CLUBS FOUR HEARTS JACK,0.2962,0.0584,0.6454
SPADES EIGHT DIAMONDS EIGHT,0.1774,0.0974,0.7252
SPADES TEN DIAMONDS QUEEN,0.3658,0.0136,0.6206
SPADES TEN HEARTS TWO,0.29,0.0782,0.6318
SPADES JACK HEARTS EIGHT,0.3656,0.0146,0.6198
CLUBS FOUR HEARTS TEN,0.3122,0.081,0.6068
SPADES NINE DIAMONDS EIGHT,0.368,0.0384,0.5936
SPADES TEN HEARTS EIGHT,0.372,0.0242,0.6038
SPADES JACK HEARTS TWO,0.2852,0.0468,0.668
SPADES JACK DIAMONDS QUEEN,0.3578,0.0132,0.629
SPADES SIX DIAMONDS EIGHT,0.349,0.066,0.585
SPADES SEVEN DIAMONDS EIGHT,0.3444,0.0612,0.5944
SPADES ACE HEARTS TWO,0.283,0.0168,0.7002
SPADES ACE DIAMONDS QUEEN,0.372,0.0076,0.6204
SPADES ACE HEARTS EIGHT,0.385,0.0048,0.6102
SPADES KING HEARTS EIGHT,0.3756,0.0098,0.6146
SPADES QUEEN HEARTS TWO,0.2824,0.0406,0.677
SPADES QUEEN DIAMONDS QUEEN,0.1714,0.0354,0.7932
SPADES KING DIAMONDS QUEEN,0.3832,0.0076,0.6092
SPADES KING HEARTS TWO,0.282,0.0276,0.6904
SPADES QUEEN HEARTS EIGHT,0.3672,0.013,0.6198
CLUBS TWO HEARTS TEN,0.3176,0.0636,0.6188
CLUBS TWO HEARTS JACK,0.3078,0.0586,0.6336
SPADES SEVEN DIAMONDS NINE,0.3612,0.0388,0.6
SPADES SIX DIAMONDS NINE,0.3692,0.0408,0.59
SPADES NINE DIAMONDS NINE,0.1772,0.0804,0.7424
SPADES EIGHT DIAMONDS NINE,0.369,0.0388,0.5922
SPADES TEN CLUBS KING,0.367,0.0088,0.6242
DIAMONDS NINE SPADES THREE,0.4054,0.0418,0.5528
SPADES JACK CLUBS KING,0.3742,0.0104,0.6154
DIAMONDS NINE SPADES FIVE,0.359,0.0468,0.5942
CLUBS NINE DIAMONDS NINE,0.189,0.0892,0.7218
CLUBS EIGHT DIAMONDS NINE,0.3678,0.0372,0.595
CLUBS SIX DIAMONDS NINE,0.3682,0.0428,0.589
SPADES JACK CLUBS FOUR,0.2892,0.0658,0.645
SPADES TEN CLUBS FOUR,0.293,0.0754,0.6316
CLUBS SEVEN DIAMONDS NINE,0.3832,0.0432,0.5736
CLUBS FOUR DIAMONDS NINE,0.299,0.108,0.593
CLUBS FIVE DIAMONDS NINE,0.3894,0.0402,0.5704
CLUBS TWO DIAMONDS NINE,0.3068,0.0922,0.601
CLUBS THREE DIAMONDS NINE,0.4242,0.044,0.5318
DIAMONDS NINE HEARTS EIGHT,0.3724,0.0366,0.591
DIAMONDS NINE HEARTS NINE,0.1992,0.0752,0.7256
HEARTS SIX DIAMONDS NINE,0.3776,0.045,0.5774
DIAMONDS NINE HEARTS SEVEN,0.371,0.0394,0.5896
CLUBS EIGHT CLUBS NINE,0.3488,0.0338,0.6174
DIAMONDS ACE DIAMONDS NINE,0.3544,0.0066,0.639
HEARTS FOUR DIAMONDS NINE,0.294,0.1128,0.5932
HEARTS FIVE DIAMONDS NINE,0.3812,0.0428,0.576
CLUBS TWO HEARTS ACE,0.2952,0.0166,0.6882
SPADES ACE CLUBS FOUR,0.2568,0.0248,0.7184
DIAMONDS QUEEN DIAMONDS NINE,0.3726,0.0102,0.6172
HEARTS TWO DIAMONDS NINE,0.3094,0.0996,0.591
CLUBS TWO HEARTS KING,0.3062,0.0258,0.668
SPADES KING CLUBS FOUR,0.2754,0.0356,0.689
DIAMONDS KING DIAMONDS NINE,0.3744,0.008,0.6176
HEARTS THREE DIAMONDS NINE,0.4096,0.0434,0.547
CLUBS TWO HEARTS QUEEN,0.311,0.0356,0.6534
SPADES QUEEN CLUBS FOUR,0.2822,0.0422,0.6756
DIAMONDS NINE DIAMONDS JACK,0.3564,0.018,0.6256
CLUBS EIGHT SPADES NINE,0.36,0.036,0.604
DIAMONDS NINE DIAMONDS TEN,0.3438,0.0246,0.6316
CLUBS EIGHT SPADES EIGHT,0.1676,0.102,0.7304
CLUBS EIGHT SPADES SEVEN,0.3512,0.0654,0.5834
CLUBS EIGHT SPADES SIX,0.3672,0.0638,0.569
CLUBS EIGHT SPADES FIVE,0.3458,0.0654,0.5888
CLUBS EIGHT SPADES THREE,0.408,0.066,0.526
HEARTS SIX DIAMONDS TEN,0.3888,0.0296,0.5816
DIAMONDS TEN HEARTS SEVEN,0.3822,0.023,0.5948
DIAMONDS TEN HEARTS EIGHT,0.3944,0.0238,0.5818
CLUBS FOUR CLUBS JACK,0.2788,0.06,0.6612
DIAMONDS TEN HEARTS NINE,0.3738,0.0198,0.6064
CLUBS FOUR CLUBS TEN,0.2848,0.0736,0.6416
CLUBS FOUR CLUBS KING,0.2828,0.0316,0.6856
CLUBS FOUR CLUBS QUEEN,0.2814,0.0464,0.6722
CLUBS TWO DIAMONDS TEN,0.315,0.0796,0.6054
CLUBS THREE DIAMONDS TEN,0.4192,0.029,0.5518
CLUBS FOUR CLUBS ACE,0.2632,0.0228,0.714
DIAMONDS JACK DIAMONDS TEN,0.353,0.0188,0.6282
DIAMONDS QUEEN DIAMONDS TEN,0.3482,0.0108,0.641
HEARTS TWO DIAMONDS TEN,0.299,0.0684,0.6326
DIAMONDS KING DIAMONDS TEN,0.36,0.0068,0.6332
HEARTS THREE DIAMONDS TEN,0.4038,0.038,0.5582
DIAMONDS ACE DIAMONDS TEN,0.3496,0.005,0.6454
HEARTS FOUR DIAMONDS TEN,0.31,0.0738,0.6162
CLUBS EIGHT HEARTS JACK,0.391,0.0176,0.5914
HEARTS FIVE DIAMONDS TEN,0.3852,0.026,0.5888
CLUBS EIGHT HEARTS TEN,0.3728,0.0282,0.599
CLUBS EIGHT HEARTS QUEEN,0.3946,0.0108,0.5946
CLUBS EIGHT HEARTS KING,0.3982,0.0056,0.5962
CLUBS EIGHT HEARTS ACE,0.3864,0.0054,0.6082
CLUBS NINE SPADES THREE,0.4034,0.0508,0.5458
CLUBS NINE SPADES FIVE,0.3602,0.0442,0.5956
CLUBS NINE SPADES SEVEN,0.3642,0.039,0.5968
CLUBS NINE SPADES SIX,0.3736,0.0434,0.583
CLUBS NINE SPADES NINE,0.1728,0.0848,0.7424
CLUBS TEN HEARTS EIGHT,0.3756,0.0254,0.599
CLUBS NINE SPADES EIGHT,0.3442,0.0356,0.6202
CLUBS JACK HEARTS EIGHT,0.3896,0.0174,0.593
CLUBS QUEEN HEARTS EIGHT,0.3874,0.0112,0.6014
CLUBS KING HEARTS EIGHT,0.377,0.0074,0.6156
CLUBS ACE HEARTS EIGHT,0.3852,0.005,0.6098
SPADES KING CLUBS KING,0.1714,0.0192,0.8094
SPADES QUEEN CLUBS KING,0.358,0.0104,0.6316
SPADES ACE CLUBS KING,0.373,0.0064,0.6206
DIAMONDS ACE HEARTS TEN,0.3868,0.0038,0.6094
HEARTS FOUR HEARTS TEN,0.2682,0.0776,0.6542
DIAMONDS ACE HEARTS JACK,0.3666,0.0046,0.6288
HEARTS FOUR HEARTS JACK,0.2748,0.0612,0.664
SPADES KING CLUBS FIVE,0.3734,0.0104,0.6162
SPADES QUEEN CLUBS FIVE,0.362,0.014,0.624
SPADES ACE CLUBS FIVE,0.349,0.006,0.645
DIAMONDS JACK HEARTS SEVEN,0.3794,0.0174,0.6032
HEARTS SIX DIAMONDS JACK,0.3936,0.0208,0.5856
DIAMONDS JACK HEARTS NINE,0.3798,0.0154,0.6048
DIAMONDS JACK HEARTS EIGHT,0.3778,0.0162,0.606
DIAMONDS KING DIAMONDS JACK,0.3716,0.0082,0.6202
HEARTS THREE DIAMONDS JACK,0.4062,0.021,0.5728
SPADES ACE SPADES SIX,0.3212,0.006,0.6728
DIAMONDS QUEEN DIAMONDS JACK,0.3652,0.0138,0.621
HEARTS TWO DIAMONDS JACK,0.301,0.0464,0.6526
HEARTS FIVE DIAMONDS JACK,0.3886,0.0222,0.5892
SPADES QUEEN SPADES SIX,0.3384,0.017,0.6446
DIAMONDS ACE DIAMONDS JACK,0.371,0.0038,0.6252
HEARTS FOUR DIAMONDS JACK,0.302,0.0544,0.6436
SPADES KING SPADES SIX,0.332,0.0104,0.6576
SPADES TEN SPADES SIX,0.3362,0.0288,0.635
SPADES JACK SPADES SIX,0.3376,0.024,0.6384
SPADES FIVE DIAMONDS JACK,0.38,0.021,0.599
SPADES THREE DIAMONDS JACK,0.4026,0.0224,0.575
SPADES ACE DIAMONDS THREE,0.3822,0.0066,0.6112
SPADES QUEEN DIAMONDS THREE,0.3836,0.0168,0.5996
CLUBS EIGHT DIAMONDS JACK,0.3874,0.0192,0.5934
SPADES KING DIAMONDS THREE,0.3892,0.01,0.6008
CLUBS NINE DIAMONDS JACK,0.3926,0.0134,0.594
CLUBS SIX DIAMONDS JACK,0.3936,0.0174,0.589
CLUBS SEVEN DIAMONDS JACK,0.3934,0.0154,0.5912
CLUBS FOUR DIAMONDS JACK,0.2902,0.0608,0.649
CLUBS FIVE DIAMONDS JACK,0.3834,0.0162,0.6004
CLUBS TWO DIAMONDS JACK,0.327,0.0514,0.6216
CLUBS THREE DIAMONDS JACK,0.413,0.021,0.566
SPADES TEN CLUBS FIVE,0.3764,0.029,0.5946
HEARTS SIX SPADES JACK,0.3766,0.0168,0.6066
HEARTS SIX SPADES TEN,0.3686,0.0312,0.6002
SPADES JACK CLUBS FIVE,0.3686,0.0222,0.6092
SPADES JACK DIAMONDS THREE,0.406,0.022,0.572
CLUBS SEVEN CLUBS ACE,0.3568,0.0064,0.6368
DIAMONDS THREE SPADES TEN,0.3996,0.0264,0.574
CLUBS SEVEN CLUBS QUEEN,0.3578,0.0122,0.63
CLUBS SEVEN CLUBS KING,0.3748,0.0092,0.616
SPADES NINE DIAMONDS JACK,0.3574,0.0176,0.625
CLUBS SEVEN CLUBS TEN,0.3678,0.0274,0.6048
DIAMONDS ACE HEARTS ACE,0.1732,0.0062,0.8206
HEARTS FOUR HEARTS ACE,0.2634,0.0234,0.7132
SPADES EIGHT DIAMONDS JACK,0.3682,0.0174,0.6144
SPADES ACE HEARTS SIX,0.3766,0.0054,0.618
CLUBS SEVEN CLUBS JACK,0.3718,0.018,0.6102
DIAMONDS ACE HEARTS KING,0.3874,0.0038,0.6088
HEARTS FOUR HEARTS KING,0.2732,0.0342,0.6926
SPADES SEVEN DIAMONDS JACK,0.3698,0.0186,0.6116
SPADES KING HEARTS SIX,0.3824,0.0072,0.6104
DIAMONDS ACE HEARTS QUEEN,0.389,0.004,0.607
HEARTS FOUR HEARTS QUEEN,0.278,0.0434,0.6786
SPADES QUEEN HEARTS SIX,0.374,0.0122,0.6138
SPADES SIX DIAMONDS JACK,0.3684,0.0216,0.61
SPADES THREE DIAMONDS TEN,0.4092,0.0334,0.5574
SPADES FIVE DIAMONDS TEN,0.3778,0.0306,0.5916
SPADES SIX DIAMONDS TEN,0.3698,0.0272,0.603
SPADES SEVEN DIAMONDS TEN,0.379,0.0266,0.5944
SPADES EIGHT DIAMONDS TEN,0.365,0.0268,0.6082
SPADES NINE DIAMONDS TEN,0.3516,0.0288,0.6196
CLUBS FOUR DIAMONDS TEN,0.2942,0.0846,0.6212
CLUBS FIVE DIAMONDS TEN,0.4022,0.03,0.5678
CLUBS SIX DIAMONDS TEN,0.389,0.0238,0.5872
CLUBS SEVEN DIAMONDS TEN,0.383,0.0248,0.5922
CLUBS EIGHT DIAMONDS TEN,0.39,0.0244,0.5856
CLUBS NINE DIAMONDS TEN,0.3688,0.023,0.6082
DIAMONDS THREE CLUBS JACK,0.4162,0.0204,0.5634
DIAMONDS THREE CLUBS TEN,0.4218,0.0338,0.5444
DIAMONDS THREE CLUBS KING,0.4122,0.0094,0.5784
DIAMONDS THREE CLUBS QUEEN,0.4042,0.0134,0.5824
DIAMONDS THREE CLUBS ACE,0.401,0.0048,0.5942
DIAMONDS QUEEN CLUBS THREE,0.4012,0.0174,0.5814
HEARTS TWO CLUBS THREE,0.3058,0.4772,0.217
DIAMONDS QUEEN CLUBS TWO,0.3004,0.0392,0.6604
CLUBS TWO HEARTS TWO,0.2886,0.122,0.5894
DIAMONDS QUEEN HEARTS SEVEN,0.4002,0.0104,0.5894
HEARTS TWO HEARTS SEVEN,0.297,0.1722,0.5308
HEARTS SIX DIAMONDS QUEEN,0.3914,0.0118,0.5968
HEARTS SIX HEARTS TWO,0.2782,0.2352,0.4866
DIAMONDS QUEEN HEARTS NINE,0.3714,0.011,0.6176
HEARTS TWO HEARTS NINE,0.2954,0.1026,0.602
DIAMONDS QUEEN HEARTS EIGHT,0.4082,0.0118,0.58
HEARTS TWO HEARTS EIGHT,0.2794,0.1326,0.588
CLUBS NINE HEARTS TWO,0.3004,0.1016,0.598
CLUBS NINE DIAMONDS QUEEN,0.3584,0.0144,0.6272
CLUBS EIGHT HEARTS TWO,0.3066,0.1318,0.5616
CLUBS EIGHT DIAMONDS QUEEN,0.3858,0.0122,0.602
CLUBS FIVE DIAMONDS QUEEN,0.3804,0.0138,0.6058
CLUBS FIVE HEARTS TWO,0.2764,0.349,0.3746
SPADES EIGHT HEARTS ACE,0.3744,0.005,0.6206
CLUBS FOUR DIAMONDS QUEEN,0.3022,0.0508,0.647
CLUBS FOUR HEARTS TWO,0.0742,0.906,0.0198
SPADES EIGHT HEARTS QUEEN,0.3712,0.0142,0.6146
CLUBS SEVEN HEARTS TWO,0.3078,0.1792,0.513
CLUBS SEVEN DIAMONDS QUEEN,0.3852,0.0134,0.6014
CLUBS SIX DIAMONDS QUEEN,0.3806,0.0126,0.6068
CLUBS SIX HEARTS TWO,0.2974,0.2648,0.4378
SPADES EIGHT HEARTS KING,0.3792,0.008,0.6128
HEARTS TWO SPADES SIX,0.2802,0.2696,0.4502
DIAMONDS QUEEN SPADES SIX,0.372,0.0134,0.6146
HEARTS FOUR CLUBS QUEEN,0.2996,0.0442,0.6562
DIAMONDS ACE CLUBS QUEEN,0.3824,0.0042,0.6134
DIAMONDS QUEEN SPADES SEVEN,0.3606,0.0158,0.6236
HEARTS TWO SPADES SEVEN,0.2788,0.1954,0.5258
HEARTS FOUR CLUBS KING,0.2942,0.0372,0.6686
DIAMONDS ACE CLUBS KING,0.3808,0.0054,0.6138
DIAMONDS QUEEN SPADES EIGHT,0.3628,0.0164,0.6208
SPADES EIGHT HEARTS TWO,0.2938,0.1432,0.563
HEARTS FOUR CLUBS ACE,0.2822,0.0202,0.6976
DIAMONDS ACE CLUBS ACE,0.1776,0.0054,0.817
SPADES NINE DIAMONDS QUEEN,0.3682,0.0106,0.6212
SPADES NINE HEARTS TWO,0.2914,0.1014,0.6072
HEARTS TWO SPADES THREE,0.3122,0.4726,0.2152
DIAMONDS QUEEN SPADES THREE,0.4018,0.0124,0.5858
HEARTS FOUR CLUBS TEN,0.2964,0.0782,0.6254
DIAMONDS ACE CLUBS TEN,0.3804,0.0054,0.6142
HEARTS TWO SPADES FIVE,0.2596,0.3562,0.3842
DIAMONDS QUEEN SPADES FIVE,0.3766,0.0154,0.608
HEARTS FOUR CLUBS JACK,0.2878,0.0648,0.6474
DIAMONDS ACE CLUBS JACK,0.3988,0.005,0.5962
CLUBS FIVE CLUBS KING,0.3544,0.01,0.6356
CLUBS FIVE CLUBS QUEEN,0.3444,0.016,0.6396
CLUBS FIVE CLUBS ACE,0.3472,0.0052,0.6476
CLUBS FIVE CLUBS JACK,0.367,0.022,0.611
CLUBS FIVE CLUBS TEN,0.3674,0.0254,0.6072
SPADES KING CLUBS JACK,0.3638,0.0102,0.626
SPADES QUEEN CLUBS JACK,0.3744,0.0122,0.6134
SPADES ACE CLUBS JACK,0.37,0.0072,0.6228
SPADES SIX CLUBS KING,0.3664,0.0112,0.6224
SPADES SIX CLUBS QUEEN,0.3652,0.0126,0.6222
SPADES EIGHT HEARTS JACK,0.3626,0.019,0.6184
SPADES SIX CLUBS ACE,0.3656,0.0058,0.6286
SPADES EIGHT HEARTS TEN,0.356,0.0274,0.6166
SPADES SIX CLUBS JACK,0.3748,0.0186,0.6066
SPADES SIX CLUBS TEN,0.3852,0.0284,0.5864
SPADES TEN CLUBS JACK,0.3658,0.0156,0.6186
SPADES JACK CLUBS JACK,0.1904,0.0488,0.7608
SPADES QUEEN CLUBS SEVEN,0.3724,0.0118,0.6158
SPADES KING CLUBS SEVEN,0.3688,0.0076,0.6236
SPADES ACE CLUBS SEVEN,0.373,0.0054,0.6216
SPADES SIX HEARTS TEN,0.3676,0.0274,0.605
SPADES SIX HEARTS JACK,0.377,0.0216,0.6014
SPADES SIX HEARTS ACE,0.377,0.0052,0.6178
SPADES SIX HEARTS KING,0.3858,0.0104,0.6038
SPADES SIX HEARTS QUEEN,0.3764,0.0132,0.6104
SPADES JACK CLUBS SEVEN,0.38,0.0162,0.6038
CLUBS SEVEN SPADES TEN,0.3652,0.025,0.6098
HEARTS SIX CLUBS TEN,0.3864,0.0234,0.5902
HEARTS SIX CLUBS JACK,0.4074,0.0204,0.5722
CLUBS ACE CLUBS JACK,0.3538,0.0036,0.6426
HEARTS SIX CLUBS QUEEN,0.3846,0.013,0.6024
HEARTS SIX CLUBS KING,0.396,0.008,0.596
HEARTS SIX CLUBS ACE,0.3836,0.0068,0.6096
CLUBS QUEEN CLUBS JACK,0.3584,0.0088,0.6328
CLUBS KING CLUBS JACK,0.3596,0.0062,0.6342
DIAMONDS THREE HEARTS ACE,0.3934,0.0064,0.6002
DIAMONDS THREE HEARTS QUEEN,0.4,0.0154,0.5846
DIAMONDS THREE HEARTS KING,0.4136,0.0126,0.5738
CLUBS FIVE HEARTS JACK,0.3894,0.0192,0.5914
SPADES TEN DIAMONDS ACE,0.3614,0.0066,0.632
HEARTS FOUR SPADES TEN,0.2842,0.0828,0.633
CLUBS FIVE HEARTS TEN,0.3816,0.0316,0.5868
HEARTS FOUR SPADES JACK,0.2896,0.0612,0.6492
SPADES JACK DIAMONDS ACE,0.3628,0.0028,0.6344
SPADES ACE HEARTS FOUR,0.2672,0.0242,0.7086
SPADES ACE DIAMONDS ACE,0.172,0.0056,0.8224
CLUBS FIVE HEARTS ACE,0.3838,0.006,0.6102
CLUBS FIVE HEARTS KING,0.3864,0.0098,0.6038
HEARTS FOUR SPADES QUEEN,0.2894,0.0476,0.663
SPADES QUEEN DIAMONDS ACE,0.379,0.0074,0.6136
CLUBS FIVE HEARTS QUEEN,0.3844,0.0104,0.6052
SPADES KING DIAMONDS ACE,0.375,0.0056,0.6194
HEARTS FOUR SPADES KING,0.2826,0.0348,0.6826
DIAMONDS QUEEN DIAMONDS ACE,0.3576,0.0044,0.638
HEARTS TWO DIAMONDS ACE,0.2806,0.0146,0.7048
HEARTS FOUR DIAMONDS QUEEN,0.3036,0.0426,0.6538
HEARTS FOUR HEARTS TWO,0.067,0.8556,0.0774
DIAMONDS THREE HEARTS TEN,0.4068,0.0292,0.564
HEARTS FIVE DIAMONDS QUEEN,0.382,0.0122,0.6058
HEARTS FIVE HEARTS TWO,0.2482,0.3216,0.4302
DIAMONDS THREE HEARTS JACK,0.4046,0.0208,0.5746
DIAMONDS QUEEN HEARTS TWO,0.3036,0.0426,0.6538
DIAMONDS KING DIAMONDS QUEEN,0.3536,0.0086,0.6378
DIAMONDS KING HEARTS TWO,0.3096,0.0316,0.6588
HEARTS THREE DIAMONDS QUEEN,0.4184,0.0152,0.5664
HEARTS THREE HEARTS TWO,0.3008,0.4432,0.256
HEARTS TWO CLUBS ACE,0.2956,0.0146,0.6898
DIAMONDS QUEEN CLUBS ACE,0.3892,0.005,0.6058
HEARTS TWO CLUBS QUEEN,0.325,0.0412,0.6338
DIAMONDS QUEEN CLUBS QUEEN,0.1956,0.0356,0.7688
HEARTS TWO CLUBS KING,0.3114,0.0284,0.6602
DIAMONDS QUEEN CLUBS KING,0.3712,0.0064,0.6224
SPADES EIGHT SPADES FIVE,0.326,0.0696,0.6044
HEARTS TWO CLUBS TEN,0.3124,0.0656,0.622
DIAMONDS QUEEN CLUBS TEN,0.393,0.0102,0.5968
SPADES NINE SPADES FIVE,0.336,0.049,0.615
HEARTS TWO CLUBS JACK,0.3116,0.0456,0.6428
DIAMONDS QUEEN CLUBS JACK,0.3866,0.01,0.6034
SPADES SIX SPADES FIVE,0.2978,0.1546,0.5476
SPADES SEVEN SPADES FIVE,0.3144,0.0946,0.591
DIAMONDS FIVE CLUBS QUEEN,0.3928,0.015,0.5922
SPADES EIGHT CLUBS ACE,0.3832,0.0056,0.6112
CLUBS KING DIAMONDS FIVE,0.3806,0.0098,0.6096
SPADES EIGHT CLUBS KING,0.3684,0.0096,0.622
CLUBS ACE DIAMONDS FIVE,0.3694,0.0056,0.625
SPADES EIGHT CLUBS QUEEN,0.3758,0.0118,0.6124
SPADES EIGHT CLUBS JACK,0.3662,0.0174,0.6164
SPADES EIGHT CLUBS TEN,0.3728,0.0272,0.6
DIAMONDS FIVE CLUBS TEN,0.388,0.0334,0.5786
DIAMONDS FIVE CLUBS JACK,0.3872,0.0206,0.5922
HEARTS JACK DIAMONDS TEN,0.377,0.0126,0.6104
DIAMONDS TEN HEARTS TEN,0.1874,0.0662,0.7464
SPADES ACE CLUBS NINE,0.368,0.0052,0.6268
CLUBS NINE SPADES QUEEN,0.3658,0.0104,0.6238
SPADES KING CLUBS NINE,0.3724,0.0068,0.6208
HEARTS SIX HEARTS KING,0.3668,0.0086,0.6246
DIAMONDS KING SPADES SEVEN,0.3786,0.009,0.6124
HEARTS THREE SPADES SEVEN,0.3968,0.1046,0.4986
SPADES KING DIAMONDS SEVEN,0.3758,0.0088,0.6154
HEARTS SIX HEARTS QUEEN,0.3582,0.0118,0.63
SPADES QUEEN DIAMONDS SEVEN,0.3832,0.0138,0.603
HEARTS THREE SPADES SIX,0.3844,0.163,0.4526
DIAMONDS KING SPADES SIX,0.3706,0.0094,0.62
DIAMONDS KING SPADES NINE,0.3604,0.0084,0.6312
HEARTS THREE SPADES NINE,0.4002,0.0488,0.551
HEARTS SIX HEARTS ACE,0.3654,0.006,0.6286
DIAMONDS KING SPADES EIGHT,0.369,0.0096,0.6214
HEARTS THREE SPADES EIGHT,0.404,0.0638,0.5322
SPADES ACE DIAMONDS SEVEN,0.374,0.004,0.622
CLUBS NINE HEARTS THREE,0.4284,0.0462,0.5254
