opposingHand,winningChance,drawChance,lostChance
SPADES ACE SPADES TWO
SPADES TEN HEARTS FIVE,0.6174,0.0066,0.376
SPADES JACK HEARTS FIVE,0.627,0.0052,0.3678
SPADES FIVE CLUBS JACK,0.6294,0.006,0.3646
SPADES FIVE CLUBS TEN,0.6364,0.0046,0.359
CLUBS EIGHT CLUBS JACK,0.562,0.0062,0.4318
CLUBS EIGHT CLUBS TEN,0.5594,0.0042,0.4364
CLUBS EIGHT CLUBS KING,0.579,0.0044,0.4166
SPADES FIVE CLUBS ACE,0.2622,0.4406,0.2972
CLUBS EIGHT CLUBS QUEEN,0.5742,0.0048,0.421
SPADES FIVE CLUBS KING,0.6264,0.007,0.3666
SPADES FIVE CLUBS QUEEN,0.6244,0.0036,0.372
CLUBS EIGHT CLUBS ACE,0.2638,0.2124,0.5238
DIAMONDS TWO DIAMONDS THREE,0.7054,0.0174,0.2772
DIAMONDS TWO DIAMONDS FIVE,0.7072,0.012,0.2808
SPADES KING HEARTS FIVE,0.6254,0.0044,0.3702
DIAMONDS TWO DIAMONDS FOUR,0.7162,0.017,0.2668
SPADES QUEEN HEARTS FIVE,0.63,0.0064,0.3636
DIAMONDS TWO DIAMONDS SEVEN,0.7236,0.0112,0.2652
DIAMONDS TWO DIAMONDS SIX,0.7208,0.0108,0.2684
DIAMONDS TWO DIAMONDS NINE,0.7172,0.0164,0.2664
DIAMONDS TWO DIAMONDS EIGHT,0.704,0.0152,0.2808
DIAMONDS THREE DIAMONDS FOUR,0.602,0.0072,0.3908
CLUBS TWO SPADES FOUR,0.7462,0.0158,0.238
DIAMONDS THREE DIAMONDS FIVE,0.5852,0.0054,0.4094
CLUBS TWO SPADES FIVE,0.7404,0.019,0.2406
CLUBS TWO SPADES THREE,0.754,0.0178,0.2282
DIAMONDS THREE DIAMONDS EIGHT,0.5936,0.005,0.4014
SPADES EIGHT CLUBS TWO,0.7458,0.019,0.2352
DIAMONDS THREE DIAMONDS NINE,0.6024,0.0046,0.393
SPADES NINE CLUBS TWO,0.747,0.0214,0.2316
DIAMONDS THREE DIAMONDS SIX,0.6072,0.0052,0.3876
CLUBS TWO SPADES SIX,0.762,0.0116,0.2264
DIAMONDS THREE DIAMONDS SEVEN,0.5908,0.0052,0.404
SPADES SEVEN CLUBS TWO,0.7674,0.0092,0.2234
CLUBS SIX CLUBS TWO,0.7108,0.0116,0.2776
CLUBS SEVEN CLUBS TWO,0.7264,0.013,0.2606
CLUBS FOUR CLUBS TWO,0.7098,0.0146,0.2756
CLUBS FIVE CLUBS TWO,0.6974,0.0142,0.2884
CLUBS JACK CLUBS TEN,0.5476,0.0032,0.4492
DIAMONDS FOUR DIAMONDS SIX,0.5776,0.0052,0.4172
CLUBS QUEEN CLUBS TEN,0.5436,0.0054,0.451
DIAMONDS FOUR DIAMONDS SEVEN,0.5756,0.0078,0.4166
CLUBS KING CLUBS TEN,0.5628,0.0048,0.4324
CLUBS ACE CLUBS TEN,0.2756,0.1112,0.6132
CLUBS EIGHT CLUBS TWO,0.7096,0.0152,0.2752
DIAMONDS FIVE DIAMONDS FOUR,0.571,0.0076,0.4214
CLUBS NINE CLUBS TWO,0.713,0.0168,0.2702
DIAMONDS NINE DIAMONDS FOUR,0.6014,0.0054,0.3932
DIAMONDS EIGHT DIAMONDS FOUR,0.5892,0.0044,0.4064
CLUBS TWO CLUBS THREE,0.7174,0.0176,0.265
DIAMONDS NINE DIAMONDS FIVE,0.5942,0.0048,0.401
DIAMONDS TWO CLUBS JACK,0.7526,0.0142,0.2332
DIAMONDS EIGHT DIAMONDS FIVE,0.583,0.0072,0.4098
DIAMONDS TWO CLUBS TEN,0.76,0.0154,0.2246
DIAMONDS FIVE DIAMONDS SEVEN,0.5682,0.0048,0.427
DIAMONDS FIVE DIAMONDS SIX,0.5674,0.0044,0.4282
DIAMONDS TWO CLUBS ACE,0.0702,0.908,0.0218
DIAMONDS TWO CLUBS KING,0.773,0.0168,0.2102
DIAMONDS TWO CLUBS QUEEN,0.7642,0.0128,0.223
DIAMONDS EIGHT DIAMONDS SIX,0.5604,0.0052,0.4344
DIAMONDS NINE DIAMONDS SIX,0.5726,0.0054,0.422
HEARTS ACE SPADES THREE,0.2554,0.491,0.2536
HEARTS KING SPADES THREE,0.6592,0.0062,0.3346
DIAMONDS SEVEN DIAMONDS SIX,0.5718,0.0044,0.4238
SPADES THREE HEARTS QUEEN,0.63,0.0056,0.3644
SPADES THREE HEARTS JACK,0.6364,0.0052,0.3584
SPADES THREE HEARTS TEN,0.6384,0.0044,0.3572
DIAMONDS EIGHT DIAMONDS SEVEN,0.5512,0.0044,0.4444
DIAMONDS NINE DIAMONDS SEVEN,0.5622,0.0054,0.4324
DIAMONDS NINE DIAMONDS EIGHT,0.561,0.0042,0.4348
DIAMONDS KING HEARTS TEN,0.6132,0.004,0.3828
HEARTS THREE HEARTS TEN,0.604,0.0044,0.3916
SPADES JACK CLUBS SIX,0.6186,0.0062,0.3752
DIAMONDS KING HEARTS JACK,0.6008,0.0036,0.3956
HEARTS THREE HEARTS JACK,0.5946,0.0054,0.4
CLUBS SIX SPADES TEN,0.6006,0.0046,0.3948
SPADES JACK SPADES FIVE,0.6204,0.005,0.3746
SPADES TEN SPADES FIVE,0.6262,0.007,0.3668
DIAMONDS KING HEARTS ACE,0.2986,0.0422,0.6592
HEARTS THREE HEARTS ACE,0.2608,0.4404,0.2988
DIAMONDS KING HEARTS QUEEN,0.5994,0.0052,0.3954
HEARTS THREE HEARTS QUEEN,0.5976,0.0046,0.3978
SPADES KING CLUBS SIX,0.6198,0.0042,0.376
DIAMONDS KING HEARTS KING,0.3264,0.0042,0.6694
HEARTS THREE HEARTS KING,0.604,0.0038,0.3922
SPADES QUEEN CLUBS SIX,0.6198,0.0058,0.3744
SPADES NINE HEARTS TEN,0.5796,0.0044,0.416
SPADES NINE HEARTS JACK,0.5912,0.004,0.4048
SPADES QUEEN SPADES FIVE,0.619,0.0062,0.3748
SPADES KING SPADES FIVE,0.634,0.0044,0.3616
SPADES NINE HEARTS QUEEN,0.5868,0.0046,0.4086
SPADES NINE HEARTS KING,0.607,0.0078,0.3852
SPADES NINE HEARTS ACE,0.2834,0.1604,0.5562
SPADES JACK CLUBS TEN,0.555,0.0068,0.4382
SPADES TEN CLUBS TEN,0.3696,0.005,0.6254
SPADES KING CLUBS TEN,0.5926,0.005,0.4024
SPADES QUEEN CLUBS TEN,0.5696,0.0082,0.4222
SPADES FIVE HEARTS QUEEN,0.6286,0.0056,0.3658
SPADES FIVE HEARTS KING,0.627,0.004,0.369
SPADES FIVE HEARTS ACE,0.2502,0.4366,0.3132
HEARTS THREE SPADES JACK,0.6294,0.0052,0.3654
SPADES JACK DIAMONDS KING,0.594,0.0056,0.4004
CLUBS EIGHT SPADES TEN,0.584,0.0054,0.4106
CLUBS EIGHT SPADES JACK,0.6096,0.0054,0.385
HEARTS THREE SPADES TEN,0.621,0.0068,0.3722
SPADES TEN DIAMONDS KING,0.5926,0.005,0.4024
HEARTS FIVE CLUBS JACK,0.6356,0.0046,0.3598
CLUBS SIX HEARTS ACE,0.2862,0.352,0.3618
HEARTS FIVE CLUBS TEN,0.624,0.007,0.369
CLUBS EIGHT SPADES QUEEN,0.6016,0.0054,0.393
SPADES THREE CLUBS TEN,0.622,0.004,0.374
CLUBS SIX HEARTS QUEEN,0.6298,0.0038,0.3664
SPADES KING CLUBS EIGHT,0.6166,0.0054,0.378
SPADES THREE CLUBS JACK,0.6364,0.0064,0.3572
CLUBS SIX HEARTS KING,0.6316,0.0032,0.3652
DIAMONDS TWO HEARTS JACK,0.7624,0.0152,0.2224
SPADES THREE CLUBS QUEEN,0.6318,0.0042,0.364
DIAMONDS TWO HEARTS TEN,0.7536,0.018,0.2284
SPADES THREE CLUBS KING,0.6492,0.0062,0.3446
HEARTS FIVE CLUBS ACE,0.274,0.4392,0.2868
SPADES FIVE HEARTS TEN,0.6292,0.0048,0.366
SPADES THREE CLUBS ACE,0.2522,0.4948,0.253
HEARTS FIVE CLUBS KING,0.6516,0.0054,0.343
SPADES FIVE HEARTS JACK,0.625,0.0068,0.3682
HEARTS FIVE CLUBS QUEEN,0.6306,0.0076,0.3618
HEARTS THREE CLUBS KING,0.6472,0.0048,0.348
DIAMONDS KING CLUBS KING,0.3214,0.0056,0.673
HEARTS THREE CLUBS QUEEN,0.6312,0.0064,0.3624
DIAMONDS KING CLUBS QUEEN,0.6006,0.0052,0.3942
HEARTS FIVE HEARTS JACK,0.5804,0.0038,0.4158
HEARTS FIVE HEARTS TEN,0.596,0.0062,0.3978
HEARTS THREE CLUBS ACE,0.2554,0.4912,0.2534
DIAMONDS KING CLUBS ACE,0.2864,0.0504,0.6632
SPADES KING CLUBS QUEEN,0.5816,0.0054,0.413
HEARTS THREE CLUBS JACK,0.6534,0.0056,0.341
DIAMONDS KING CLUBS JACK,0.5916,0.0034,0.405
SPADES QUEEN CLUBS QUEEN,0.311,0.0072,0.6818
HEARTS THREE CLUBS TEN,0.6416,0.0048,0.3536
DIAMONDS KING CLUBS TEN,0.5912,0.0064,0.4024
SPADES JACK CLUBS QUEEN,0.587,0.006,0.407
CLUBS SIX CLUBS QUEEN,0.5828,0.0054,0.4118
SPADES TEN CLUBS QUEEN,0.5808,0.0058,0.4134
CLUBS SIX CLUBS KING,0.5832,0.0056,0.4112
CLUBS SIX CLUBS ACE,0.2782,0.3268,0.395
HEARTS FIVE HEARTS KING,0.5986,0.005,0.3964
HEARTS FIVE HEARTS QUEEN,0.5914,0.0024,0.4062
CLUBS SIX CLUBS TEN,0.5856,0.004,0.4104
HEARTS FIVE HEARTS ACE,0.2484,0.403,0.3486
CLUBS SIX CLUBS JACK,0.5946,0.007,0.3984
SPADES SEVEN HEARTS JACK,0.6008,0.0058,0.3934
SPADES SEVEN HEARTS TEN,0.594,0.0048,0.4012
DIAMONDS TWO CLUBS TWO,0.3808,0.0136,0.6056
DIAMONDS TWO CLUBS THREE,0.762,0.0182,0.2198
HEARTS SIX DIAMONDS TWO,0.7752,0.012,0.2128
DIAMONDS TWO HEARTS QUEEN,0.765,0.0182,0.2168
DIAMONDS TWO HEARTS SEVEN,0.765,0.0112,0.2238
DIAMONDS TWO HEARTS KING,0.7586,0.0158,0.2256
DIAMONDS TWO HEARTS EIGHT,0.7676,0.014,0.2184
DIAMONDS TWO HEARTS ACE,0.0684,0.9128,0.0188
DIAMONDS TWO HEARTS NINE,0.7612,0.0152,0.2236
DIAMONDS TWO DIAMONDS QUEEN,0.7194,0.0186,0.262
DIAMONDS TWO HEARTS TWO,0.3736,0.0196,0.6068
DIAMONDS TWO DIAMONDS KING,0.7218,0.0164,0.2618
HEARTS THREE DIAMONDS TWO,0.761,0.0142,0.2248
DIAMONDS TWO DIAMONDS ACE,0.0696,0.8586,0.0718
HEARTS FOUR DIAMONDS TWO,0.7504,0.0182,0.2314
DIAMONDS TWO HEARTS FIVE,0.7612,0.0142,0.2246
SPADES SEVEN HEARTS ACE,0.2702,0.2846,0.4452
DIAMONDS TWO DIAMONDS TEN,0.7072,0.0148,0.278
SPADES SEVEN HEARTS KING,0.614,0.0048,0.3812
DIAMONDS TWO DIAMONDS JACK,0.7262,0.0168,0.257
SPADES SEVEN HEARTS QUEEN,0.6162,0.0042,0.3796
DIAMONDS TWO SPADES NINE,0.7596,0.017,0.2234
DIAMONDS TWO SPADES EIGHT,0.7482,0.0182,0.2336
DIAMONDS TWO SPADES SEVEN,0.7592,0.0134,0.2274
DIAMONDS TWO SPADES SIX,0.7748,0.0136,0.2116
DIAMONDS TWO SPADES FIVE,0.7446,0.0178,0.2376
DIAMONDS TWO SPADES FOUR,0.744,0.0186,0.2374
DIAMONDS TWO SPADES THREE,0.7516,0.0156,0.2328
CLUBS NINE DIAMONDS TWO,0.76,0.0162,0.2238
CLUBS EIGHT DIAMONDS TWO,0.7594,0.0192,0.2214
DIAMONDS TWO CLUBS SEVEN,0.7646,0.014,0.2214
CLUBS SIX DIAMONDS TWO,0.7612,0.012,0.2268
DIAMONDS TWO CLUBS FIVE,0.7576,0.0126,0.2298
DIAMONDS TWO CLUBS FOUR,0.752,0.0164,0.2316
CLUBS FOUR SPADES FIVE,0.6032,0.005,0.3918
CLUBS FOUR SPADES FOUR,0.3948,0.008,0.5972
CLUBS FOUR SPADES THREE,0.6174,0.006,0.3766
SPADES NINE CLUBS FOUR,0.6394,0.005,0.3556
CLUBS FOUR SPADES EIGHT,0.6296,0.004,0.3664
CLUBS FOUR SPADES SEVEN,0.6072,0.0058,0.387
CLUBS FOUR SPADES SIX,0.6138,0.0042,0.382
SPADES QUEEN DIAMONDS SIX,0.6078,0.004,0.3882
SPADES KING DIAMONDS SIX,0.6144,0.0048,0.3808
SPADES TEN DIAMONDS SIX,0.6174,0.0054,0.3772
SPADES JACK DIAMONDS SIX,0.6064,0.0058,0.3878
DIAMONDS JACK CLUBS JACK,0.3584,0.0052,0.6364
DIAMONDS JACK CLUBS TEN,0.579,0.005,0.416
DIAMONDS JACK CLUBS KING,0.6008,0.0056,0.3936
DIAMONDS JACK CLUBS QUEEN,0.5926,0.0038,0.4036
DIAMONDS THREE DIAMONDS JACK,0.594,0.0032,0.4028
DIAMONDS THREE DIAMONDS TEN,0.5936,0.0048,0.4016
DIAMONDS JACK CLUBS ACE,0.298,0.0818,0.6202
DIAMONDS THREE DIAMONDS KING,0.5984,0.0054,0.3962
HEARTS THREE DIAMONDS THREE,0.3994,0.005,0.5956
DIAMONDS THREE DIAMONDS QUEEN,0.5984,0.0038,0.3978
DIAMONDS THREE HEARTS TWO,0.7608,0.017,0.2222
HEARTS FIVE DIAMONDS THREE,0.6156,0.0054,0.379
DIAMONDS THREE DIAMONDS ACE,0.2614,0.4646,0.274
HEARTS FOUR DIAMONDS THREE,0.6352,0.0068,0.358
DIAMONDS THREE HEARTS SEVEN,0.6268,0.0048,0.3684
SPADES TEN SPADES NINE,0.5662,0.0052,0.4286
HEARTS SIX DIAMONDS THREE,0.6402,0.003,0.3568
SPADES JACK SPADES NINE,0.5752,0.0056,0.4192
DIAMONDS THREE HEARTS NINE,0.6372,0.0036,0.3592
HEARTS JACK DIAMONDS FOUR,0.6366,0.003,0.3604
HEARTS KING HEARTS ACE,0.2814,0.0436,0.675
DIAMONDS THREE HEARTS EIGHT,0.6438,0.0062,0.35
HEARTS TEN DIAMONDS FOUR,0.6404,0.0048,0.3548
HEARTS QUEEN DIAMONDS FOUR,0.637,0.0062,0.3568
HEARTS KING DIAMONDS FOUR,0.6352,0.0048,0.36
HEARTS ACE DIAMONDS FOUR,0.2646,0.4796,0.2558
SPADES KING SPADES NINE,0.6042,0.0066,0.3892
SPADES QUEEN SPADES NINE,0.5752,0.0062,0.4186
DIAMONDS THREE SPADES NINE,0.6356,0.0042,0.3602
DIAMONDS THREE SPADES EIGHT,0.637,0.0046,0.3584
DIAMONDS THREE SPADES SEVEN,0.6274,0.0058,0.3668
DIAMONDS THREE SPADES SIX,0.6176,0.006,0.3764
CLUBS SIX DIAMONDS THREE,0.623,0.0064,0.3706
CLUBS ACE DIAMONDS FOUR,0.2632,0.4838,0.253
CLUBS SIX CLUBS FIVE,0.5664,0.005,0.4286
CLUBS SEVEN CLUBS FIVE,0.572,0.0054,0.4226
CLUBS SEVEN DIAMONDS THREE,0.6448,0.005,0.3502
DIAMONDS THREE CLUBS FOUR,0.622,0.0064,0.3716
CLUBS QUEEN DIAMONDS FOUR,0.628,0.0048,0.3672
DIAMONDS THREE CLUBS FIVE,0.6228,0.0038,0.3734
CLUBS KING DIAMONDS FOUR,0.6366,0.0038,0.3596
DIAMONDS THREE CLUBS TWO,0.766,0.014,0.22
DIAMONDS FOUR CLUBS TEN,0.6304,0.0042,0.3654
DIAMONDS THREE CLUBS THREE,0.405,0.0072,0.5878
DIAMONDS FOUR CLUBS JACK,0.6328,0.0066,0.3606
DIAMONDS THREE SPADES FOUR,0.618,0.0054,0.3766
DIAMONDS THREE SPADES FIVE,0.607,0.0082,0.3848
DIAMONDS THREE SPADES THREE,0.3976,0.007,0.5954
CLUBS EIGHT DIAMONDS THREE,0.6394,0.0044,0.3562
CLUBS NINE DIAMONDS THREE,0.6368,0.0066,0.3566
SPADES SEVEN CLUBS ACE,0.2688,0.2974,0.4338
SPADES SEVEN CLUBS QUEEN,0.6234,0.0058,0.3708
SPADES SEVEN CLUBS KING,0.6286,0.0042,0.3672
CLUBS FIVE SPADES SEVEN,0.5944,0.006,0.3996
SPADES SEVEN CLUBS TEN,0.5854,0.004,0.4106
CLUBS FIVE SPADES SIX,0.6054,0.005,0.3896
SPADES SEVEN CLUBS JACK,0.6206,0.0052,0.3742
SPADES NINE CLUBS FIVE,0.6198,0.0042,0.376
SPADES EIGHT CLUBS FIVE,0.6146,0.004,0.3814
CLUBS FIVE SPADES THREE,0.6128,0.0052,0.382
CLUBS FIVE SPADES FIVE,0.3844,0.0056,0.61
CLUBS FIVE SPADES FOUR,0.5922,0.0072,0.4006
CLUBS NINE CLUBS FIVE,0.5944,0.0036,0.402
CLUBS EIGHT CLUBS FIVE,0.5726,0.0054,0.422
CLUBS ACE CLUBS QUEEN,0.2666,0.0586,0.6748
CLUBS KING CLUBS QUEEN,0.5638,0.0046,0.4316
DIAMONDS TEN DIAMONDS FOUR,0.5972,0.0048,0.398
DIAMONDS NINE CLUBS TEN,0.5844,0.0052,0.4104
DIAMONDS JACK DIAMONDS FOUR,0.5988,0.0042,0.397
DIAMONDS NINE CLUBS JACK,0.5882,0.0034,0.4084
SPADES NINE CLUBS JACK,0.6038,0.006,0.3902
SPADES NINE CLUBS TEN,0.5728,0.0064,0.4208
DIAMONDS ACE DIAMONDS FOUR,0.261,0.455,0.284
HEARTS FOUR DIAMONDS FOUR,0.3984,0.005,0.5966
DIAMONDS JACK HEARTS TEN,0.571,0.0044,0.4246
SPADES NINE CLUBS KING,0.6118,0.006,0.3822
DIAMONDS TWO SPADES TEN,0.7446,0.0164,0.239
DIAMONDS NINE CLUBS ACE,0.2918,0.1638,0.5444
HEARTS FIVE DIAMONDS FOUR,0.604,0.0062,0.3898
HEARTS JACK DIAMONDS JACK,0.3522,0.005,0.6428
SPADES NINE CLUBS QUEEN,0.5932,0.0052,0.4016
SPADES JACK DIAMONDS TWO,0.7506,0.0192,0.2302
DIAMONDS QUEEN DIAMONDS FOUR,0.5964,0.004,0.3996
HEARTS TWO DIAMONDS FOUR,0.754,0.012,0.234
DIAMONDS NINE CLUBS QUEEN,0.6012,0.0042,0.3946
DIAMONDS KING DIAMONDS FOUR,0.5972,0.004,0.3988
HEARTS THREE DIAMONDS FOUR,0.6178,0.0056,0.3766
SPADES NINE CLUBS ACE,0.2768,0.1652,0.558
DIAMONDS NINE CLUBS KING,0.6172,0.0044,0.3784
HEARTS ACE DIAMONDS JACK,0.2856,0.0818,0.6326
DIAMONDS JACK HEARTS QUEEN,0.6028,0.0064,0.3908
SPADES QUEEN DIAMONDS TWO,0.7636,0.0186,0.2178
HEARTS KING DIAMONDS JACK,0.6008,0.0034,0.3958
SPADES KING DIAMONDS TWO,0.7656,0.017,0.2174
SPADES JACK SPADES SEVEN,0.5942,0.0042,0.4016
SPADES TEN SPADES SEVEN,0.5792,0.007,0.4138
CLUBS SEVEN CLUBS THREE,0.5978,0.0054,0.3968
CLUBS SIX CLUBS THREE,0.59,0.0048,0.4052
CLUBS FIVE CLUBS THREE,0.5744,0.0038,0.4218
CLUBS FOUR CLUBS THREE,0.577,0.0046,0.4184
CLUBS NINE CLUBS THREE,0.5932,0.0038,0.403
CLUBS EIGHT CLUBS THREE,0.5946,0.0072,0.3982
CLUBS THREE SPADES FIVE,0.6254,0.0066,0.368
CLUBS THREE SPADES FOUR,0.621,0.0056,0.3734
CLUBS THREE SPADES THREE,0.3928,0.0076,0.5996
SPADES SIX CLUBS THREE,0.6232,0.0044,0.3724
SPADES SEVEN CLUBS THREE,0.6318,0.0044,0.3638
SPADES EIGHT CLUBS THREE,0.627,0.0052,0.3678
SPADES NINE CLUBS THREE,0.6266,0.0056,0.3678
SPADES THREE DIAMONDS FOUR,0.609,0.0074,0.3836
SPADES FOUR DIAMONDS FOUR,0.3882,0.0068,0.605
SPADES FIVE DIAMONDS FOUR,0.5806,0.0054,0.414
SPADES SIX DIAMONDS FOUR,0.6064,0.0074,0.3862
SPADES SEVEN DIAMONDS FOUR,0.6004,0.007,0.3926
SPADES EIGHT DIAMONDS FOUR,0.6258,0.0034,0.3708
SPADES NINE DIAMONDS FOUR,0.6314,0.0064,0.3622
CLUBS FIVE DIAMONDS FOUR,0.613,0.0038,0.3832
CLUBS FOUR DIAMONDS FOUR,0.3866,0.0044,0.609
CLUBS SEVEN DIAMONDS FOUR,0.6192,0.0036,0.3772
CLUBS SIX DIAMONDS FOUR,0.6206,0.0074,0.372
CLUBS NINE DIAMONDS FOUR,0.6304,0.004,0.3656
CLUBS EIGHT DIAMONDS FOUR,0.6278,0.0054,0.3668
DIAMONDS FOUR HEARTS SEVEN,0.6188,0.0068,0.3744
HEARTS SIX DIAMONDS FOUR,0.6156,0.0032,0.3812
HEARTS NINE DIAMONDS FOUR,0.6328,0.005,0.3622
DIAMONDS FOUR HEARTS EIGHT,0.6316,0.0028,0.3656
CLUBS THREE DIAMONDS FOUR,0.6164,0.007,0.3766
CLUBS TWO DIAMONDS FOUR,0.7486,0.0152,0.2362
DIAMONDS TEN DIAMONDS FIVE,0.6036,0.0056,0.3908
DIAMONDS JACK DIAMONDS FIVE,0.5998,0.0064,0.3938
DIAMONDS NINE HEARTS QUEEN,0.6084,0.0042,0.3874
HEARTS KING DIAMONDS NINE,0.6096,0.0028,0.3876
DIAMONDS NINE HEARTS ACE,0.2864,0.1686,0.545
DIAMONDS NINE HEARTS TEN,0.58,0.0066,0.4134
DIAMONDS NINE HEARTS JACK,0.5826,0.0042,0.4132
CLUBS KING DIAMONDS SIX,0.623,0.0044,0.3726
CLUBS QUEEN DIAMONDS SIX,0.6338,0.0038,0.3624
CLUBS ACE DIAMONDS SIX,0.285,0.362,0.353
SPADES KING DIAMONDS FOUR,0.6264,0.0048,0.3688
SPADES QUEEN DIAMONDS FOUR,0.6232,0.0094,0.3674
SPADES QUEEN SPADES SEVEN,0.6138,0.0042,0.382
CLUBS JACK DIAMONDS SIX,0.6354,0.0052,0.3594
SPADES KING SPADES SEVEN,0.6202,0.0034,0.3764
CLUBS TEN DIAMONDS SIX,0.6262,0.004,0.3698
CLUBS NINE CLUBS FOUR,0.604,0.0064,0.3896
CLUBS EIGHT CLUBS FOUR,0.6038,0.0054,0.3908
SPADES JACK DIAMONDS FOUR,0.6172,0.0052,0.3776
SPADES TEN DIAMONDS FOUR,0.6204,0.0052,0.3744
CLUBS FOUR CLUBS FIVE,0.5588,0.0062,0.435
CLUBS SEVEN CLUBS FOUR,0.5904,0.0058,0.4038
CLUBS SIX CLUBS FOUR,0.5824,0.0056,0.412
CLUBS SEVEN SPADES EIGHT,0.5778,0.0042,0.418
CLUBS SEVEN SPADES NINE,0.591,0.0044,0.4046
CLUBS SEVEN SPADES SIX,0.5918,0.0054,0.4028
CLUBS SEVEN SPADES SEVEN,0.3824,0.0034,0.6142
CLUBS SEVEN SPADES FIVE,0.6022,0.004,0.3938
CLUBS SEVEN SPADES FOUR,0.6192,0.0076,0.3732
CLUBS SEVEN SPADES THREE,0.6342,0.0054,0.3604
CLUBS NINE CLUBS SEVEN,0.559,0.006,0.435
CLUBS EIGHT CLUBS SEVEN,0.5508,0.0036,0.4456
HEARTS SIX DIAMONDS FIVE,0.595,0.0058,0.3992
DIAMONDS FIVE HEARTS SEVEN,0.6018,0.004,0.3942
DIAMONDS FIVE HEARTS EIGHT,0.6264,0.0052,0.3684
HEARTS NINE DIAMONDS FIVE,0.63,0.0062,0.3638
DIAMONDS QUEEN DIAMONDS FIVE,0.5974,0.0036,0.399
HEARTS TWO DIAMONDS FIVE,0.7628,0.0144,0.2228
HEARTS KING HEARTS EIGHT,0.5852,0.004,0.4108
DIAMONDS KING DIAMONDS FIVE,0.5812,0.0052,0.4136
HEARTS THREE DIAMONDS FIVE,0.5988,0.0052,0.396
HEARTS QUEEN HEARTS EIGHT,0.5822,0.0046,0.4132
DIAMONDS ACE DIAMONDS FIVE,0.2478,0.3958,0.3564
HEARTS FOUR DIAMONDS FIVE,0.594,0.0058,0.4002
HEARTS FIVE DIAMONDS FIVE,0.389,0.007,0.604
HEARTS ACE HEARTS EIGHT,0.2708,0.1958,0.5334
CLUBS FOUR DIAMONDS FIVE,0.6028,0.0068,0.3904
CLUBS FIVE DIAMONDS FIVE,0.4002,0.0044,0.5954
CLUBS SIX DIAMONDS FIVE,0.5986,0.0062,0.3952
CLUBS SEVEN DIAMONDS FIVE,0.6066,0.004,0.3894
CLUBS TWO DIAMONDS FIVE,0.7528,0.013,0.2342
CLUBS THREE DIAMONDS FIVE,0.6246,0.0054,0.37
SPADES THREE DIAMONDS FIVE,0.6088,0.0072,0.384
SPADES JACK DIAMONDS EIGHT,0.5956,0.0054,0.399
SPADES FIVE DIAMONDS FIVE,0.3778,0.0064,0.6158
HEARTS JACK CLUBS TEN,0.579,0.0046,0.4164
SPADES TEN DIAMONDS EIGHT,0.588,0.0052,0.4068
SPADES FOUR DIAMONDS FIVE,0.6026,0.006,0.3914
HEARTS JACK CLUBS JACK,0.3528,0.0038,0.6434
HEARTS JACK CLUBS QUEEN,0.5888,0.0046,0.4066
CLUBS NINE DIAMONDS FIVE,0.6246,0.0034,0.372
HEARTS JACK CLUBS KING,0.5952,0.0058,0.399
CLUBS EIGHT DIAMONDS FIVE,0.6128,0.0052,0.382
HEARTS JACK CLUBS ACE,0.2988,0.081,0.6202
SPADES SEVEN DIAMONDS FIVE,0.597,0.0066,0.3964
SPADES KING DIAMONDS EIGHT,0.6052,0.0042,0.3906
SPADES SIX DIAMONDS FIVE,0.597,0.0072,0.3958
SPADES QUEEN DIAMONDS EIGHT,0.5962,0.0074,0.3964
SPADES NINE DIAMONDS FIVE,0.6288,0.0074,0.3638
SPADES EIGHT DIAMONDS FIVE,0.6158,0.0048,0.3794
DIAMONDS TEN DIAMONDS SIX,0.5784,0.0046,0.417
HEARTS ACE DIAMONDS SEVEN,0.2858,0.291,0.4232
DIAMONDS JACK DIAMONDS SIX,0.585,0.0044,0.4106
HEARTS QUEEN DIAMONDS SEVEN,0.6262,0.0058,0.368
HEARTS KING DIAMONDS SEVEN,0.6088,0.0048,0.3864
DIAMONDS ACE DIAMONDS SIX,0.2628,0.3444,0.3928
HEARTS FOUR DIAMONDS SIX,0.6154,0.0054,0.3792
HEARTS FIVE DIAMONDS SIX,0.5958,0.0054,0.3988
DIAMONDS QUEEN DIAMONDS SIX,0.5948,0.0042,0.401
HEARTS TWO DIAMONDS SIX,0.7714,0.01,0.2186
DIAMONDS KING DIAMONDS SIX,0.6088,0.0048,0.3864
HEARTS THREE DIAMONDS SIX,0.621,0.0046,0.3744
HEARTS EIGHT DIAMONDS SIX,0.6124,0.003,0.3846
HEARTS NINE DIAMONDS SIX,0.6136,0.0046,0.3818
HEARTS SIX DIAMONDS SIX,0.39,0.0036,0.6064
HEARTS SEVEN DIAMONDS SIX,0.6006,0.0046,0.3948
HEARTS TEN DIAMONDS SEVEN,0.61,0.003,0.387
CLUBS TWO DIAMONDS SIX,0.7714,0.0112,0.2174
HEARTS JACK DIAMONDS SEVEN,0.617,0.0034,0.3796
CLUBS THREE DIAMONDS SIX,0.6302,0.0056,0.3642
DIAMONDS EIGHT CLUBS JACK,0.5998,0.0044,0.3958
CLUBS SEVEN DIAMONDS SIX,0.5916,0.0048,0.4036
CLUBS SIX DIAMONDS SIX,0.4024,0.0042,0.5934
DIAMONDS EIGHT CLUBS TEN,0.5952,0.005,0.3998
CLUBS FIVE DIAMONDS SIX,0.6056,0.0058,0.3886
CLUBS FOUR DIAMONDS SIX,0.6158,0.0062,0.378
HEARTS ACE HEARTS JACK,0.2882,0.074,0.6378
DIAMONDS EIGHT CLUBS ACE,0.2876,0.2146,0.4978
HEARTS JACK HEARTS QUEEN,0.5492,0.006,0.4448
DIAMONDS EIGHT CLUBS KING,0.6242,0.003,0.3728
CLUBS NINE DIAMONDS SIX,0.6328,0.006,0.3612
HEARTS KING HEARTS JACK,0.554,0.0058,0.4402
DIAMONDS EIGHT CLUBS QUEEN,0.623,0.0032,0.3738
CLUBS EIGHT DIAMONDS SIX,0.6096,0.0044,0.386
SPADES TEN HEARTS KING,0.5874,0.0058,0.4068
SPADES FIVE DIAMONDS SIX,0.5904,0.006,0.4036
SPADES JACK HEARTS KING,0.588,0.006,0.406
SPADES FOUR DIAMONDS SIX,0.6166,0.0046,0.3788
SPADES THREE DIAMONDS SIX,0.63,0.0042,0.3658
HEARTS TEN HEARTS EIGHT,0.5592,0.0056,0.4352
SPADES NINE DIAMONDS SIX,0.6092,0.0046,0.3862
HEARTS JACK HEARTS EIGHT,0.5642,0.0034,0.4324
SPADES EIGHT DIAMONDS SIX,0.5958,0.0042,0.4
SPADES SEVEN DIAMONDS SIX,0.6006,0.0052,0.3942
SPADES SIX DIAMONDS SIX,0.3952,0.004,0.6008
SPADES KING HEARTS KING,0.309,0.0028,0.6882
SPADES QUEEN HEARTS KING,0.5908,0.006,0.4032
CLUBS ACE CLUBS KING,0.2838,0.045,0.6712
SPADES QUEEN HEARTS JACK,0.5688,0.0074,0.4238
SPADES KING HEARTS JACK,0.6046,0.005,0.3904
SPADES TEN DIAMONDS TEN,0.3438,0.0038,0.6524
SPADES JACK DIAMONDS TEN,0.5728,0.0038,0.4234
SPADES JACK HEARTS JACK,0.3326,0.005,0.6624
SPADES TEN HEARTS JACK,0.568,0.0052,0.4268
SPADES QUEEN DIAMONDS TEN,0.573,0.0068,0.4202
SPADES KING DIAMONDS TEN,0.5784,0.0048,0.4168
SPADES NINE DIAMONDS SEVEN,0.5882,0.0038,0.408
SPADES EIGHT DIAMONDS SEVEN,0.582,0.0048,0.4132
SPADES SEVEN DIAMONDS SEVEN,0.3776,0.0054,0.617
SPADES SIX DIAMONDS SEVEN,0.5918,0.0054,0.4028
DIAMONDS KING DIAMONDS SEVEN,0.5822,0.0056,0.4122
HEARTS THREE DIAMONDS SEVEN,0.6346,0.0058,0.3596
HEARTS KING DIAMONDS FIVE,0.6276,0.0044,0.368
DIAMONDS QUEEN DIAMONDS SEVEN,0.5882,0.006,0.4058
HEARTS TWO DIAMONDS SEVEN,0.76,0.0138,0.2262
HEARTS QUEEN DIAMONDS FIVE,0.632,0.0054,0.3626
HEARTS FIVE DIAMONDS SEVEN,0.6116,0.0056,0.3828
DIAMONDS ACE DIAMONDS SEVEN,0.2758,0.2578,0.4664
HEARTS FOUR DIAMONDS SEVEN,0.6204,0.0042,0.3754
HEARTS ACE DIAMONDS FIVE,0.2572,0.443,0.2998
HEARTS SEVEN DIAMONDS SEVEN,0.382,0.0042,0.6138
HEARTS SIX DIAMONDS SEVEN,0.5928,0.0046,0.4026
HEARTS NINE DIAMONDS SEVEN,0.5856,0.0046,0.4098
DIAMONDS SEVEN HEARTS EIGHT,0.5802,0.0044,0.4154
DIAMONDS JACK DIAMONDS SEVEN,0.5706,0.005,0.4244
HEARTS JACK DIAMONDS FIVE,0.6306,0.0064,0.363
DIAMONDS TEN DIAMONDS SEVEN,0.5544,0.0046,0.441
DIAMONDS FIVE HEARTS TEN,0.6414,0.0048,0.3538
SPADES KING CLUBS TWO,0.7638,0.0174,0.2188
HEARTS KING CLUBS KING,0.3236,0.0044,0.672
CLUBS EIGHT DIAMONDS SEVEN,0.5836,0.0032,0.4132
SPADES QUEEN CLUBS TWO,0.7516,0.0158,0.2326
HEARTS KING CLUBS QUEEN,0.5858,0.0056,0.4086
CLUBS NINE DIAMONDS SEVEN,0.587,0.0022,0.4108
HEARTS KING CLUBS ACE,0.304,0.0538,0.6422
CLUBS SIX CLUBS SEVEN,0.5672,0.0042,0.4286
CLUBS EIGHT CLUBS SIX,0.5554,0.0048,0.4398
SPADES THREE DIAMONDS SEVEN,0.6164,0.0062,0.3774
CLUBS NINE CLUBS SIX,0.5696,0.0058,0.4246
SPADES FOUR DIAMONDS SEVEN,0.6002,0.0052,0.3946
HEARTS KING CLUBS JACK,0.5976,0.0052,0.3972
SPADES FIVE DIAMONDS SEVEN,0.587,0.0064,0.4066
HEARTS KING CLUBS TEN,0.595,0.003,0.402
CLUBS SIX SPADES THREE,0.6366,0.0062,0.3572
CLUBS TWO DIAMONDS SEVEN,0.761,0.0122,0.2268
CLUBS SIX SPADES FOUR,0.611,0.0048,0.3842
CLUBS THREE DIAMONDS SEVEN,0.6226,0.0036,0.3738
CLUBS SIX SPADES FIVE,0.6008,0.005,0.3942
CLUBS FOUR DIAMONDS SEVEN,0.6028,0.0048,0.3924
CLUBS SIX SPADES SIX,0.3978,0.005,0.5972
CLUBS FIVE DIAMONDS SEVEN,0.5974,0.0038,0.3988
CLUBS SIX SPADES SEVEN,0.597,0.0056,0.3974
CLUBS SIX DIAMONDS SEVEN,0.5918,0.0036,0.4046
CLUBS SIX SPADES EIGHT,0.59,0.0036,0.4064
SPADES JACK CLUBS TWO,0.7464,0.0186,0.235
CLUBS SIX SPADES NINE,0.6014,0.0056,0.393
SPADES TEN CLUBS TWO,0.7446,0.018,0.2374
CLUBS SEVEN DIAMONDS SEVEN,0.3842,0.004,0.6118
CLUBS TWO CLUBS QUEEN,0.717,0.0132,0.2698
CLUBS TWO CLUBS KING,0.7294,0.0166,0.254
CLUBS THREE DIAMONDS EIGHT,0.6466,0.0064,0.347
CLUBS TWO CLUBS ACE,0.0618,0.8666,0.0716
CLUBS TWO DIAMONDS EIGHT,0.7544,0.014,0.2316
DIAMONDS EIGHT HEARTS SEVEN,0.6038,0.0048,0.3914
HEARTS SIX DIAMONDS EIGHT,0.596,0.0052,0.3988
DIAMONDS EIGHT HEARTS NINE,0.5752,0.0042,0.4206
CLUBS TWO CLUBS TEN,0.7058,0.0182,0.276
DIAMONDS EIGHT HEARTS EIGHT,0.3806,0.003,0.6164
CLUBS TWO CLUBS JACK,0.7176,0.0166,0.2658
CLUBS NINE DIAMONDS EIGHT,0.5928,0.0044,0.4028
CLUBS EIGHT DIAMONDS EIGHT,0.3702,0.003,0.6268
CLUBS FIVE DIAMONDS EIGHT,0.612,0.0046,0.3834
CLUBS FOUR DIAMONDS EIGHT,0.625,0.0068,0.3682
SPADES QUEEN SPADES THREE,0.6266,0.0064,0.367
CLUBS SEVEN DIAMONDS EIGHT,0.5902,0.0038,0.406
CLUBS SIX DIAMONDS EIGHT,0.5946,0.004,0.4014
SPADES KING SPADES THREE,0.6374,0.0072,0.3554
DIAMONDS QUEEN DIAMONDS EIGHT,0.5746,0.0054,0.42
HEARTS TWO DIAMONDS EIGHT,0.7456,0.0172,0.2372
DIAMONDS KING DIAMONDS EIGHT,0.5772,0.0046,0.4182
HEARTS THREE DIAMONDS EIGHT,0.6346,0.0064,0.359
DIAMONDS ACE DIAMONDS EIGHT,0.2606,0.2134,0.526
HEARTS FOUR DIAMONDS EIGHT,0.6334,0.0026,0.364
HEARTS FIVE DIAMONDS EIGHT,0.6146,0.0036,0.3818
DIAMONDS EIGHT DIAMONDS TEN,0.5602,0.0042,0.4356
DIAMONDS EIGHT DIAMONDS JACK,0.5794,0.0044,0.4162
SPADES JACK SPADES THREE,0.6308,0.0042,0.365
SPADES TEN SPADES THREE,0.6308,0.0096,0.3596
CLUBS FOUR HEARTS ACE,0.276,0.4746,0.2494
CLUBS FOUR HEARTS QUEEN,0.6404,0.0034,0.3562
CLUBS FOUR HEARTS KING,0.6334,0.005,0.3616
CLUBS SIX HEARTS TEN,0.6212,0.004,0.3748
CLUBS SIX HEARTS JACK,0.6276,0.0044,0.368
SPADES FOUR DIAMONDS EIGHT,0.6226,0.0046,0.3728
SPADES FIVE DIAMONDS EIGHT,0.6082,0.0052,0.3866
DIAMONDS EIGHT SPADES THREE,0.6348,0.0046,0.3606
CLUBS FOUR HEARTS JACK,0.6406,0.0042,0.3552
SPADES EIGHT DIAMONDS EIGHT,0.3626,0.0062,0.6312
SPADES JACK HEARTS EIGHT,0.594,0.006,0.4
SPADES TEN HEARTS TWO,0.762,0.0168,0.2212
SPADES TEN DIAMONDS QUEEN,0.5736,0.005,0.4214
CLUBS FOUR HEARTS TEN,0.627,0.0056,0.3674
SPADES NINE DIAMONDS EIGHT,0.5766,0.0044,0.419
SPADES JACK HEARTS TWO,0.7516,0.018,0.2304
SPADES JACK DIAMONDS QUEEN,0.5918,0.006,0.4022
SPADES TEN HEARTS EIGHT,0.5828,0.0038,0.4134
SPADES SIX DIAMONDS EIGHT,0.5872,0.0054,0.4074
SPADES SEVEN DIAMONDS EIGHT,0.5746,0.0042,0.4212
SPADES QUEEN DIAMONDS QUEEN,0.3222,0.004,0.6738
SPADES QUEEN HEARTS TWO,0.7612,0.0158,0.223
SPADES KING HEARTS EIGHT,0.6212,0.004,0.3748
SPADES QUEEN HEARTS EIGHT,0.6064,0.0058,0.3878
SPADES KING HEARTS TWO,0.7418,0.0192,0.239
SPADES KING DIAMONDS QUEEN,0.5828,0.005,0.4122
CLUBS TWO HEARTS TEN,0.7628,0.0142,0.223
CLUBS TWO HEARTS JACK,0.753,0.0184,0.2286
SPADES SEVEN DIAMONDS NINE,0.592,0.0042,0.4038
SPADES SIX DIAMONDS NINE,0.6,0.0046,0.3954
SPADES NINE DIAMONDS NINE,0.3714,0.0036,0.625
SPADES EIGHT DIAMONDS NINE,0.5748,0.0028,0.4224
SPADES TEN CLUBS KING,0.5916,0.0046,0.4038
DIAMONDS NINE SPADES THREE,0.6396,0.005,0.3554
SPADES JACK CLUBS KING,0.6012,0.0046,0.3942
SPADES FIVE DIAMONDS NINE,0.615,0.0084,0.3766
DIAMONDS NINE SPADES FOUR,0.6224,0.0042,0.3734
CLUBS NINE DIAMONDS NINE,0.377,0.0024,0.6206
CLUBS EIGHT DIAMONDS NINE,0.5766,0.0048,0.4186
CLUBS SIX DIAMONDS NINE,0.613,0.0046,0.3824
SPADES JACK CLUBS FOUR,0.6276,0.0052,0.3672
SPADES TEN CLUBS FOUR,0.6258,0.0074,0.3668
CLUBS SEVEN DIAMONDS NINE,0.6052,0.0042,0.3906
CLUBS FOUR DIAMONDS NINE,0.6354,0.0048,0.3598
CLUBS FIVE DIAMONDS NINE,0.6302,0.005,0.3648
CLUBS TWO DIAMONDS NINE,0.7642,0.0144,0.2214
CLUBS THREE DIAMONDS NINE,0.643,0.0036,0.3534
DIAMONDS NINE HEARTS EIGHT,0.592,0.003,0.405
DIAMONDS NINE HEARTS NINE,0.3722,0.004,0.6238
HEARTS SIX DIAMONDS NINE,0.6116,0.003,0.3854
DIAMONDS NINE HEARTS SEVEN,0.602,0.0036,0.3944
CLUBS EIGHT CLUBS NINE,0.5498,0.005,0.4452
DIAMONDS ACE DIAMONDS NINE,0.2818,0.1512,0.567
HEARTS FOUR DIAMONDS NINE,0.6548,0.0048,0.3404
HEARTS FIVE DIAMONDS NINE,0.6286,0.0042,0.3672
CLUBS TWO HEARTS ACE,0.0664,0.9126,0.021
DIAMONDS QUEEN DIAMONDS NINE,0.5556,0.0062,0.4382
HEARTS TWO DIAMONDS NINE,0.757,0.0136,0.2294
CLUBS TWO HEARTS KING,0.7666,0.0134,0.22
SPADES KING CLUBS FOUR,0.6312,0.0046,0.3642
DIAMONDS KING DIAMONDS NINE,0.5706,0.007,0.4224
HEARTS THREE DIAMONDS NINE,0.6482,0.0062,0.3456
CLUBS TWO HEARTS QUEEN,0.7704,0.0142,0.2154
SPADES QUEEN CLUBS FOUR,0.6266,0.0058,0.3676
DIAMONDS NINE DIAMONDS JACK,0.5558,0.0046,0.4396
CLUBS EIGHT SPADES NINE,0.5822,0.0036,0.4142
DIAMONDS NINE DIAMONDS TEN,0.529,0.007,0.464
CLUBS EIGHT SPADES EIGHT,0.3746,0.0046,0.6208
CLUBS EIGHT SPADES SEVEN,0.5736,0.0052,0.4212
CLUBS EIGHT SPADES SIX,0.5904,0.0042,0.4054
CLUBS EIGHT SPADES FIVE,0.5962,0.006,0.3978
CLUBS EIGHT SPADES FOUR,0.6196,0.0042,0.3762
CLUBS EIGHT SPADES THREE,0.628,0.0074,0.3646
HEARTS SIX DIAMONDS TEN,0.61,0.0038,0.3862
DIAMONDS TEN HEARTS SEVEN,0.6042,0.0038,0.392
DIAMONDS TEN HEARTS EIGHT,0.5866,0.0032,0.4102
CLUBS FOUR CLUBS JACK,0.5932,0.0058,0.401
DIAMONDS TEN HEARTS NINE,0.581,0.0046,0.4144
CLUBS FOUR CLUBS TEN,0.592,0.0058,0.4022
CLUBS FOUR CLUBS KING,0.6036,0.005,0.3914
CLUBS FOUR CLUBS QUEEN,0.598,0.0048,0.3972
CLUBS TWO DIAMONDS TEN,0.7594,0.018,0.2226
CLUBS THREE DIAMONDS TEN,0.638,0.0058,0.3562
CLUBS FOUR CLUBS ACE,0.2472,0.4672,0.2856
DIAMONDS JACK DIAMONDS TEN,0.5438,0.0038,0.4524
DIAMONDS QUEEN DIAMONDS TEN,0.5506,0.0054,0.444
HEARTS TWO DIAMONDS TEN,0.7592,0.0136,0.2272
DIAMONDS KING DIAMONDS TEN,0.5482,0.0052,0.4466
HEARTS THREE DIAMONDS TEN,0.638,0.0054,0.3566
DIAMONDS ACE DIAMONDS TEN,0.2518,0.1202,0.628
HEARTS FOUR DIAMONDS TEN,0.6284,0.0042,0.3674
CLUBS EIGHT HEARTS JACK,0.6072,0.0046,0.3882
HEARTS FIVE DIAMONDS TEN,0.6366,0.005,0.3584
CLUBS EIGHT HEARTS TEN,0.5892,0.0028,0.408
CLUBS EIGHT HEARTS QUEEN,0.618,0.0036,0.3784
CLUBS EIGHT HEARTS KING,0.6286,0.0042,0.3672
CLUBS EIGHT HEARTS ACE,0.2906,0.209,0.5004
CLUBS NINE SPADES THREE,0.6324,0.0066,0.361
CLUBS NINE SPADES FIVE,0.6292,0.005,0.3658
CLUBS NINE SPADES FOUR,0.6348,0.0066,0.3586
CLUBS NINE SPADES SEVEN,0.5854,0.006,0.4086
CLUBS NINE SPADES SIX,0.6074,0.0056,0.387
CLUBS NINE SPADES NINE,0.371,0.0054,0.6236
CLUBS TEN HEARTS EIGHT,0.5938,0.003,0.4032
CLUBS NINE SPADES EIGHT,0.5886,0.0042,0.4072
CLUBS JACK HEARTS EIGHT,0.5946,0.0042,0.4012
CLUBS QUEEN HEARTS EIGHT,0.6052,0.0056,0.3892
CLUBS KING HEARTS EIGHT,0.6132,0.0042,0.3826
CLUBS ACE HEARTS EIGHT,0.2886,0.2224,0.489
SPADES KING CLUBS KING,0.322,0.005,0.673
SPADES QUEEN CLUBS KING,0.5866,0.0052,0.4082
DIAMONDS ACE HEARTS TEN,0.2874,0.111,0.6016
HEARTS FOUR HEARTS TEN,0.6036,0.0042,0.3922
DIAMONDS ACE HEARTS JACK,0.2852,0.0928,0.622
HEARTS FOUR HEARTS JACK,0.5876,0.0054,0.407
SPADES KING CLUBS FIVE,0.6278,0.0048,0.3674
SPADES QUEEN CLUBS FIVE,0.6222,0.0068,0.371
DIAMONDS JACK HEARTS SEVEN,0.5988,0.0044,0.3968
HEARTS SIX DIAMONDS JACK,0.6228,0.0042,0.373
DIAMONDS JACK HEARTS NINE,0.5898,0.005,0.4052
DIAMONDS JACK HEARTS EIGHT,0.6012,0.0048,0.394
DIAMONDS KING DIAMONDS JACK,0.5646,0.0058,0.4296
HEARTS THREE DIAMONDS JACK,0.6372,0.0066,0.3562
SPADES FOUR HEARTS ACE,0.2556,0.4892,0.2552
DIAMONDS QUEEN DIAMONDS JACK,0.5576,0.0044,0.438
HEARTS TWO DIAMONDS JACK,0.7564,0.0198,0.2238
HEARTS FIVE DIAMONDS JACK,0.627,0.0066,0.3664
SPADES QUEEN SPADES SIX,0.6212,0.0056,0.3732
SPADES FOUR HEARTS QUEEN,0.6318,0.005,0.3632
DIAMONDS ACE DIAMONDS JACK,0.2716,0.083,0.6454
HEARTS FOUR DIAMONDS JACK,0.6398,0.0026,0.3576
SPADES KING SPADES SIX,0.6166,0.0048,0.3786
HEARTS KING SPADES FOUR,0.633,0.006,0.361
SPADES TEN SPADES SIX,0.6048,0.0044,0.3908
SPADES JACK SPADES SIX,0.6196,0.0052,0.3752
SPADES FOUR DIAMONDS JACK,0.6242,0.0062,0.3696
SPADES FIVE DIAMONDS JACK,0.6316,0.0058,0.3626
SPADES THREE DIAMONDS JACK,0.638,0.0064,0.3556
SPADES QUEEN DIAMONDS THREE,0.6304,0.0054,0.3642
CLUBS EIGHT DIAMONDS JACK,0.6022,0.0048,0.393
SPADES KING DIAMONDS THREE,0.6404,0.0066,0.353
CLUBS NINE DIAMONDS JACK,0.5968,0.005,0.3982
CLUBS SIX DIAMONDS JACK,0.6322,0.0024,0.3654
CLUBS SEVEN DIAMONDS JACK,0.6098,0.004,0.3862
CLUBS FOUR DIAMONDS JACK,0.6388,0.0046,0.3566
CLUBS FIVE DIAMONDS JACK,0.6216,0.0054,0.373
CLUBS TWO DIAMONDS JACK,0.7668,0.0152,0.218
CLUBS THREE DIAMONDS JACK,0.6416,0.0042,0.3542
SPADES JACK HEARTS SIX,0.6234,0.0056,0.371
SPADES TEN CLUBS FIVE,0.627,0.0054,0.3676
SPADES JACK CLUBS FIVE,0.6318,0.0038,0.3644
HEARTS SIX SPADES TEN,0.6132,0.006,0.3808
SPADES JACK DIAMONDS THREE,0.635,0.006,0.359
CLUBS SEVEN CLUBS ACE,0.2646,0.2632,0.4722
SPADES TEN DIAMONDS THREE,0.6476,0.0062,0.3462
CLUBS SEVEN CLUBS QUEEN,0.5868,0.005,0.4082
CLUBS SEVEN CLUBS KING,0.5798,0.0062,0.414
SPADES NINE DIAMONDS JACK,0.592,0.0058,0.4022
CLUBS SEVEN CLUBS TEN,0.5612,0.004,0.4348
DIAMONDS ACE HEARTS ACE,0.1242,0.0104,0.8654
HEARTS FOUR HEARTS ACE,0.2566,0.4496,0.2938
SPADES EIGHT DIAMONDS JACK,0.598,0.0054,0.3966
CLUBS SEVEN CLUBS JACK,0.5758,0.0042,0.42
DIAMONDS ACE HEARTS KING,0.306,0.047,0.647
HEARTS FOUR HEARTS KING,0.6058,0.005,0.3892
SPADES SEVEN DIAMONDS JACK,0.6192,0.0052,0.3756
SPADES KING HEARTS SIX,0.6164,0.0036,0.38
DIAMONDS ACE HEARTS QUEEN,0.2872,0.062,0.6508
HEARTS FOUR HEARTS QUEEN,0.6006,0.0048,0.3946
SPADES SIX DIAMONDS JACK,0.6208,0.0062,0.373
SPADES QUEEN HEARTS SIX,0.6192,0.0036,0.3772
SPADES THREE DIAMONDS TEN,0.6338,0.0034,0.3628
SPADES FOUR DIAMONDS TEN,0.6168,0.0058,0.3774
SPADES FIVE DIAMONDS TEN,0.637,0.0048,0.3582
SPADES SIX DIAMONDS TEN,0.612,0.0046,0.3834
SPADES SEVEN DIAMONDS TEN,0.5882,0.0054,0.4064
SPADES EIGHT DIAMONDS TEN,0.581,0.0046,0.4144
SPADES NINE DIAMONDS TEN,0.5664,0.0062,0.4274
CLUBS FOUR DIAMONDS TEN,0.6322,0.0056,0.3622
CLUBS FIVE DIAMONDS TEN,0.6422,0.0048,0.353
CLUBS SIX DIAMONDS TEN,0.6176,0.0044,0.378
CLUBS SEVEN DIAMONDS TEN,0.598,0.0056,0.3964
CLUBS EIGHT DIAMONDS TEN,0.5944,0.0028,0.4028
CLUBS NINE DIAMONDS TEN,0.5674,0.0042,0.4284
DIAMONDS THREE CLUBS JACK,0.6226,0.006,0.3714
DIAMONDS THREE CLUBS TEN,0.6442,0.005,0.3508
DIAMONDS THREE CLUBS KING,0.6458,0.0048,0.3494
DIAMONDS THREE CLUBS QUEEN,0.6438,0.005,0.3512
DIAMONDS THREE CLUBS ACE,0.2882,0.466,0.2458
SPADES FOUR HEARTS JACK,0.6136,0.004,0.3824
SPADES FOUR HEARTS TEN,0.624,0.0052,0.3708
DIAMONDS QUEEN CLUBS THREE,0.6428,0.007,0.3502
HEARTS TWO CLUBS THREE,0.7538,0.0154,0.2308
DIAMONDS QUEEN CLUBS TWO,0.7776,0.0148,0.2076
CLUBS TWO HEARTS TWO,0.3716,0.0174,0.611
DIAMONDS QUEEN HEARTS SEVEN,0.624,0.0042,0.3718
HEARTS TWO HEARTS SEVEN,0.7198,0.0088,0.2714
HEARTS SIX DIAMONDS QUEEN,0.6322,0.0046,0.3632
HEARTS SIX HEARTS TWO,0.7252,0.0108,0.264
DIAMONDS QUEEN HEARTS NINE,0.6044,0.005,0.3906
HEARTS TWO HEARTS NINE,0.723,0.0164,0.2606
DIAMONDS QUEEN HEARTS EIGHT,0.6086,0.0042,0.3872
HEARTS TWO HEARTS EIGHT,0.7102,0.0152,0.2746
CLUBS NINE HEARTS TWO,0.7562,0.0168,0.227
CLUBS NINE DIAMONDS QUEEN,0.612,0.005,0.383
CLUBS EIGHT HEARTS TWO,0.755,0.0148,0.2302
CLUBS EIGHT DIAMONDS QUEEN,0.6202,0.0048,0.375
CLUBS FIVE DIAMONDS QUEEN,0.6342,0.003,0.3628
CLUBS FIVE HEARTS TWO,0.7504,0.0148,0.2348
SPADES EIGHT HEARTS ACE,0.276,0.2294,0.4946
CLUBS FOUR DIAMONDS QUEEN,0.6376,0.0064,0.356
CLUBS FOUR HEARTS TWO,0.7524,0.0148,0.2328
SPADES EIGHT HEARTS QUEEN,0.6014,0.0044,0.3942
CLUBS SEVEN HEARTS TWO,0.7698,0.0124,0.2178
CLUBS SEVEN DIAMONDS QUEEN,0.623,0.0042,0.3728
CLUBS SIX DIAMONDS QUEEN,0.6306,0.003,0.3664
CLUBS SIX HEARTS TWO,0.7718,0.009,0.2192
SPADES EIGHT HEARTS KING,0.6164,0.0048,0.3788
DIAMONDS QUEEN SPADES SIX,0.618,0.006,0.376
HEARTS TWO SPADES SIX,0.7694,0.0126,0.218
HEARTS FOUR CLUBS QUEEN,0.6506,0.0066,0.3428
DIAMONDS ACE CLUBS QUEEN,0.301,0.0562,0.6428
DIAMONDS QUEEN SPADES SEVEN,0.6184,0.0038,0.3778
SPADES SEVEN HEARTS TWO,0.7556,0.013,0.2314
HEARTS FOUR CLUBS KING,0.6378,0.0046,0.3576
DIAMONDS ACE CLUBS KING,0.3018,0.0486,0.6496
SPADES EIGHT DIAMONDS QUEEN,0.6,0.0034,0.3966
SPADES EIGHT HEARTS TWO,0.752,0.015,0.233
HEARTS FOUR CLUBS ACE,0.2688,0.4862,0.245
DIAMONDS ACE CLUBS ACE,0.11,0.0162,0.8738
SPADES NINE DIAMONDS QUEEN,0.594,0.0058,0.4002
SPADES NINE HEARTS TWO,0.753,0.0192,0.2278
HEARTS TWO SPADES THREE,0.758,0.0154,0.2266
DIAMONDS QUEEN SPADES THREE,0.6438,0.0048,0.3514
HEARTS TWO SPADES FOUR,0.7548,0.0174,0.2278
DIAMONDS QUEEN SPADES FOUR,0.6448,0.006,0.3492
HEARTS FOUR CLUBS TEN,0.6294,0.0046,0.366
DIAMONDS ACE CLUBS TEN,0.2948,0.1108,0.5944
HEARTS TWO SPADES FIVE,0.7446,0.0164,0.239
DIAMONDS QUEEN SPADES FIVE,0.6302,0.0054,0.3644
HEARTS FOUR CLUBS JACK,0.6322,0.0056,0.3622
DIAMONDS ACE CLUBS JACK,0.2892,0.08,0.6308
CLUBS FIVE CLUBS KING,0.5884,0.006,0.4056
CLUBS FIVE CLUBS QUEEN,0.586,0.0062,0.4078
CLUBS FIVE CLUBS ACE,0.2502,0.3932,0.3566
CLUBS FIVE CLUBS JACK,0.5998,0.0062,0.394
CLUBS FIVE CLUBS TEN,0.5904,0.005,0.4046
SPADES KING CLUBS JACK,0.5848,0.0048,0.4104
SPADES QUEEN CLUBS JACK,0.5912,0.0038,0.405
SPADES SIX CLUBS KING,0.6316,0.0074,0.361
SPADES SIX CLUBS QUEEN,0.625,0.0046,0.3704
SPADES EIGHT HEARTS JACK,0.5914,0.006,0.4026
SPADES SIX CLUBS ACE,0.278,0.3664,0.3556
SPADES EIGHT HEARTS TEN,0.5744,0.006,0.4196
SPADES SIX CLUBS JACK,0.6192,0.0054,0.3754
SPADES SIX CLUBS TEN,0.6142,0.0046,0.3812
SPADES TEN CLUBS JACK,0.574,0.0054,0.4206
SPADES JACK CLUBS JACK,0.3376,0.0048,0.6576
SPADES QUEEN CLUBS SEVEN,0.617,0.005,0.378
SPADES KING CLUBS SEVEN,0.612,0.0044,0.3836
SPADES SIX HEARTS TEN,0.62,0.005,0.375
SPADES SIX HEARTS JACK,0.618,0.0038,0.3782
SPADES SIX HEARTS ACE,0.2686,0.3496,0.3818
SPADES SIX HEARTS KING,0.6294,0.0048,0.3658
SPADES SIX HEARTS QUEEN,0.6224,0.005,0.3726
SPADES JACK CLUBS SEVEN,0.605,0.0062,0.3888
SPADES TEN CLUBS SEVEN,0.5916,0.0062,0.4022
HEARTS SIX CLUBS TEN,0.6084,0.0048,0.3868
HEARTS SIX CLUBS JACK,0.6152,0.005,0.3798
CLUBS ACE CLUBS JACK,0.2756,0.0786,0.6458
HEARTS SIX CLUBS QUEEN,0.6292,0.003,0.3678
HEARTS SIX CLUBS KING,0.623,0.0064,0.3706
HEARTS SIX CLUBS ACE,0.2864,0.3638,0.3498
CLUBS QUEEN CLUBS JACK,0.546,0.0074,0.4466
CLUBS KING CLUBS JACK,0.5664,0.005,0.4286
DIAMONDS THREE HEARTS ACE,0.2668,0.4874,0.2458
DIAMONDS THREE HEARTS QUEEN,0.636,0.0046,0.3594
DIAMONDS THREE HEARTS KING,0.6462,0.0054,0.3484
CLUBS FIVE HEARTS JACK,0.6238,0.0048,0.3714
HEARTS FOUR SPADES TEN,0.6284,0.0076,0.364
SPADES TEN DIAMONDS ACE,0.2716,0.1158,0.6126
CLUBS FIVE HEARTS TEN,0.645,0.0048,0.3502
HEARTS FOUR SPADES JACK,0.622,0.0054,0.3726
SPADES JACK DIAMONDS ACE,0.276,0.0892,0.6348
CLUBS FIVE HEARTS ACE,0.2592,0.43,0.3108
CLUBS FIVE HEARTS KING,0.6288,0.004,0.3672
SPADES QUEEN DIAMONDS ACE,0.2874,0.0606,0.652
HEARTS FOUR SPADES QUEEN,0.6296,0.0076,0.3628
SPADES FOUR CLUBS JACK,0.6322,0.0054,0.3624
CLUBS FIVE HEARTS QUEEN,0.6308,0.0052,0.364
SPADES KING HEARTS FOUR,0.6286,0.0052,0.3662
SPADES KING DIAMONDS ACE,0.2792,0.0476,0.6732
SPADES FOUR CLUBS TEN,0.6266,0.0066,0.3668
DIAMONDS QUEEN DIAMONDS ACE,0.2728,0.0576,0.6696
HEARTS TWO DIAMONDS ACE,0.0708,0.9128,0.0164
HEARTS FOUR DIAMONDS QUEEN,0.6362,0.0044,0.3594
HEARTS FOUR HEARTS TWO,0.7082,0.0134,0.2784
DIAMONDS THREE HEARTS TEN,0.6298,0.0036,0.3666
SPADES FOUR CLUBS KING,0.6234,0.0052,0.3714
HEARTS FIVE DIAMONDS QUEEN,0.6372,0.0034,0.3594
HEARTS FIVE HEARTS TWO,0.6826,0.0148,0.3026
DIAMONDS THREE HEARTS JACK,0.6444,0.0058,0.3498
SPADES FOUR CLUBS QUEEN,0.6304,0.0058,0.3638
DIAMONDS QUEEN HEARTS TWO,0.7776,0.0152,0.2072
DIAMONDS KING DIAMONDS QUEEN,0.5528,0.006,0.4412
DIAMONDS KING HEARTS TWO,0.7662,0.0182,0.2156
HEARTS THREE DIAMONDS QUEEN,0.6326,0.0044,0.363
HEARTS THREE HEARTS TWO,0.7116,0.0114,0.277
SPADES FOUR CLUBS ACE,0.2576,0.477,0.2654
HEARTS TWO CLUBS ACE,0.0736,0.9036,0.0228
DIAMONDS QUEEN CLUBS ACE,0.2998,0.0592,0.641
HEARTS TWO CLUBS QUEEN,0.7638,0.016,0.2202
DIAMONDS QUEEN CLUBS QUEEN,0.346,0.004,0.65
HEARTS TWO CLUBS KING,0.7668,0.014,0.2192
DIAMONDS QUEEN CLUBS KING,0.5948,0.0066,0.3986
SPADES EIGHT SPADES FIVE,0.5934,0.0058,0.4008
HEARTS TWO CLUBS TEN,0.7608,0.016,0.2232
DIAMONDS QUEEN CLUBS TEN,0.5868,0.0044,0.4088
SPADES NINE SPADES FIVE,0.6296,0.0104,0.36
HEARTS TWO CLUBS JACK,0.769,0.0156,0.2154
DIAMONDS QUEEN CLUBS JACK,0.5942,0.0056,0.4002
SPADES SIX SPADES FIVE,0.5966,0.0052,0.3982
SPADES SEVEN SPADES FIVE,0.5942,0.0076,0.3982
DIAMONDS FIVE CLUBS QUEEN,0.632,0.0058,0.3622
SPADES EIGHT CLUBS ACE,0.2696,0.2208,0.5096
CLUBS KING DIAMONDS FIVE,0.6502,0.0042,0.3456
SPADES EIGHT CLUBS KING,0.6172,0.0062,0.3766
CLUBS ACE DIAMONDS FIVE,0.2626,0.4346,0.3028
SPADES EIGHT CLUBS QUEEN,0.5998,0.0048,0.3954
SPADES EIGHT CLUBS JACK,0.5912,0.0046,0.4042
SPADES EIGHT CLUBS TEN,0.6038,0.0054,0.3908
DIAMONDS FIVE CLUBS TEN,0.6286,0.005,0.3664
DIAMONDS FIVE CLUBS JACK,0.63,0.0044,0.3656
HEARTS JACK DIAMONDS TEN,0.571,0.0056,0.4234
DIAMONDS TEN HEARTS TEN,0.3612,0.0046,0.6342
SPADES QUEEN CLUBS NINE,0.5994,0.0044,0.3962
SPADES KING CLUBS NINE,0.6204,0.0054,0.3742
HEARTS SIX HEARTS KING,0.5972,0.0046,0.3982
DIAMONDS KING SPADES SEVEN,0.6118,0.0042,0.384
HEARTS THREE SPADES SEVEN,0.6202,0.0058,0.374
SPADES KING DIAMONDS SEVEN,0.6132,0.0066,0.3802
HEARTS SIX HEARTS QUEEN,0.597,0.0046,0.3984
DIAMONDS KING SPADES SIX,0.6152,0.0046,0.3802
HEARTS THREE SPADES SIX,0.6292,0.0092,0.3616
SPADES QUEEN DIAMONDS SEVEN,0.627,0.0074,0.3656
SPADES NINE DIAMONDS KING,0.5934,0.004,0.4026
HEARTS THREE SPADES NINE,0.6392,0.0054,0.3554
HEARTS SIX HEARTS ACE,0.2828,0.3332,0.384
DIAMONDS KING SPADES EIGHT,0.627,0.006,0.367
HEARTS THREE SPADES EIGHT,0.636,0.0032,0.3608
CLUBS NINE HEARTS THREE,0.6302,0.0062,0.3636
CLUBS NINE DIAMONDS KING,0.609,0.0062,0.3848
CLUBS EIGHT HEARTS THREE,0.6474,0.005,0.3476
