opposingHand,winningChance,drawChance,lostChance
SPADES JACK DIAMONDS SIX
HEARTS FIVE SPADES TEN,0.6294,0.0168,0.3538
SPADES FIVE CLUBS JACK,0.3746,0.4078,0.2176
CLUBS TEN SPADES FIVE,0.6212,0.0178,0.361
CLUBS EIGHT CLUBS JACK,0.2106,0.2148,0.5746
CLUBS TEN CLUBS EIGHT,0.53,0.012,0.458
CLUBS EIGHT CLUBS KING,0.343,0.0078,0.6492
SPADES FIVE CLUBS ACE,0.393,0.006,0.601
CLUBS EIGHT CLUBS QUEEN,0.3406,0.0116,0.6478
SPADES FIVE CLUBS KING,0.3928,0.0056,0.6016
SPADES FIVE CLUBS QUEEN,0.3962,0.0108,0.593
CLUBS EIGHT CLUBS ACE,0.3246,0.0024,0.673
DIAMONDS TWO DIAMONDS THREE,0.6122,0.0178,0.37
DIAMONDS TWO DIAMONDS FIVE,0.5982,0.0186,0.3832
HEARTS FIVE SPADES KING,0.3686,0.0062,0.6252
DIAMONDS TWO DIAMONDS FOUR,0.5968,0.0208,0.3824
HEARTS FIVE SPADES QUEEN,0.383,0.0108,0.6062
DIAMONDS TWO DIAMONDS SEVEN,0.5916,0.0184,0.39
SPADES ACE HEARTS FIVE,0.3896,0.0044,0.606
DIAMONDS TWO DIAMONDS NINE,0.585,0.0212,0.3938
DIAMONDS TWO DIAMONDS EIGHT,0.595,0.0144,0.3906
DIAMONDS THREE DIAMONDS FOUR,0.5966,0.0192,0.3842
SPADES FOUR CLUBS TWO,0.6408,0.0186,0.3406
DIAMONDS THREE DIAMONDS FIVE,0.5912,0.0172,0.3916
SPADES FIVE CLUBS TWO,0.6182,0.0204,0.3614
CLUBS TWO SPADES TWO,0.426,0.0456,0.5284
CLUBS TWO SPADES THREE,0.6356,0.0206,0.3438
DIAMONDS THREE DIAMONDS EIGHT,0.5884,0.0198,0.3918
SPADES EIGHT CLUBS TWO,0.6244,0.0168,0.3588
DIAMONDS THREE DIAMONDS NINE,0.5854,0.018,0.3966
SPADES NINE CLUBS TWO,0.6188,0.0202,0.361
SPADES SIX CLUBS TWO,0.7016,0.0652,0.2332
DIAMONDS THREE DIAMONDS SEVEN,0.5804,0.0188,0.4008
SPADES SEVEN CLUBS TWO,0.6268,0.0206,0.3526
CLUBS SIX CLUBS TWO,0.652,0.064,0.284
CLUBS SEVEN CLUBS TWO,0.5932,0.0178,0.389
CLUBS FOUR CLUBS TWO,0.5934,0.0204,0.3862
CLUBS FIVE CLUBS TWO,0.5996,0.0204,0.38
CLUBS TEN CLUBS JACK,0.2186,0.1144,0.667
CLUBS TEN CLUBS QUEEN,0.31,0.0078,0.6822
DIAMONDS FOUR DIAMONDS SEVEN,0.5616,0.018,0.4204
CLUBS TEN CLUBS KING,0.3268,0.0058,0.6674
CLUBS TEN CLUBS ACE,0.314,0.0056,0.6804
CLUBS EIGHT CLUBS TWO,0.58,0.0174,0.4026
DIAMONDS FIVE DIAMONDS FOUR,0.5834,0.0228,0.3938
CLUBS NINE CLUBS TWO,0.5854,0.016,0.3986
DIAMONDS NINE DIAMONDS FOUR,0.5828,0.0224,0.3948
DIAMONDS FOUR DIAMONDS EIGHT,0.5798,0.0196,0.4006
CLUBS THREE CLUBS TWO,0.5996,0.0204,0.38
DIAMONDS NINE DIAMONDS FIVE,0.5792,0.0186,0.4022
DIAMONDS TWO CLUBS JACK,0.4034,0.3806,0.216
DIAMONDS FIVE DIAMONDS EIGHT,0.5634,0.0208,0.4158
CLUBS TEN DIAMONDS TWO,0.6144,0.0168,0.3688
DIAMONDS FIVE DIAMONDS SEVEN,0.5638,0.015,0.4212
DIAMONDS TWO CLUBS ACE,0.3938,0.0062,0.6
DIAMONDS TWO CLUBS KING,0.4098,0.007,0.5832
DIAMONDS TWO CLUBS QUEEN,0.389,0.0102,0.6008
HEARTS ACE SPADES THREE,0.3872,0.0042,0.6086
SPADES THREE HEARTS KING,0.3918,0.0088,0.5994
SPADES THREE HEARTS QUEEN,0.405,0.0122,0.5828
SPADES THREE HEARTS JACK,0.3918,0.3924,0.2158
SPADES THREE HEARTS TEN,0.6148,0.018,0.3672
DIAMONDS EIGHT DIAMONDS SEVEN,0.5126,0.014,0.4734
DIAMONDS NINE DIAMONDS SEVEN,0.53,0.0178,0.4522
DIAMONDS NINE DIAMONDS EIGHT,0.5138,0.0202,0.466
DIAMONDS KING HEARTS TEN,0.3514,0.0072,0.6414
HEARTS THREE HEARTS TEN,0.5798,0.0196,0.4006
DIAMONDS KING HEARTS JACK,0.2306,0.0304,0.739
HEARTS THREE HEARTS JACK,0.3782,0.3608,0.261
SPADES TEN CLUBS SIX,0.695,0.0646,0.2404
SPADES TEN SPADES FIVE,0.5884,0.0162,0.3954
DIAMONDS KING HEARTS ACE,0.3226,0.0042,0.6732
HEARTS THREE HEARTS ACE,0.3688,0.0038,0.6274
SPADES ACE CLUBS SIX,0.232,0.0284,0.7396
DIAMONDS KING HEARTS QUEEN,0.3236,0.0074,0.669
HEARTS THREE HEARTS QUEEN,0.3658,0.0088,0.6254
SPADES KING CLUBS SIX,0.2424,0.0322,0.7254
DIAMONDS KING HEARTS KING,0.1298,0.0042,0.866
HEARTS THREE HEARTS KING,0.3654,0.0068,0.6278
SPADES QUEEN CLUBS SIX,0.2258,0.0498,0.7244
SPADES NINE HEARTS TEN,0.5494,0.0152,0.4354
SPADES NINE HEARTS JACK,0.2274,0.166,0.6066
SPADES QUEEN SPADES FIVE,0.3692,0.0132,0.6176
SPADES KING SPADES FIVE,0.3688,0.0062,0.625
SPADES ACE SPADES FIVE,0.371,0.0048,0.6242
SPADES NINE HEARTS QUEEN,0.34,0.0086,0.6514
SPADES NINE HEARTS KING,0.343,0.0054,0.6516
SPADES NINE HEARTS ACE,0.3606,0.0046,0.6348
CLUBS TEN SPADES TEN,0.2774,0.0228,0.6998
SPADES ACE CLUBS TEN,0.354,0.0034,0.6426
SPADES KING CLUBS TEN,0.3384,0.0056,0.656
CLUBS TEN SPADES QUEEN,0.3224,0.0074,0.6702
SPADES FIVE HEARTS QUEEN,0.4,0.0114,0.5886
SPADES FIVE HEARTS KING,0.3928,0.0066,0.6006
SPADES FIVE HEARTS ACE,0.3874,0.0026,0.61
SPADES TEN CLUBS EIGHT,0.5472,0.0182,0.4346
SPADES TEN HEARTS THREE,0.6228,0.0176,0.3596
SPADES TEN DIAMONDS KING,0.329,0.0068,0.6642
CLUBS SIX HEARTS ACE,0.2424,0.0256,0.732
SPADES ACE CLUBS EIGHT,0.3542,0.004,0.6418
HEARTS FIVE CLUBS JACK,0.386,0.3882,0.2258
HEARTS FIVE CLUBS TEN,0.6176,0.0152,0.3672
CLUBS SIX HEARTS QUEEN,0.2394,0.0474,0.7132
SPADES QUEEN CLUBS EIGHT,0.353,0.0116,0.6354
CLUBS TEN SPADES THREE,0.6234,0.0172,0.3594
CLUBS SIX HEARTS KING,0.2362,0.036,0.7278
SPADES KING CLUBS EIGHT,0.355,0.0066,0.6384
SPADES THREE CLUBS JACK,0.3978,0.3832,0.219
DIAMONDS TWO HEARTS JACK,0.404,0.3796,0.2164
SPADES THREE CLUBS QUEEN,0.3928,0.0076,0.5996
DIAMONDS TWO HEARTS TEN,0.629,0.0174,0.3536
SPADES THREE CLUBS KING,0.3948,0.0074,0.5978
HEARTS FIVE CLUBS ACE,0.3882,0.0028,0.609
SPADES FIVE HEARTS TEN,0.6294,0.0178,0.3528
SPADES THREE CLUBS ACE,0.3912,0.0036,0.6052
HEARTS FIVE CLUBS KING,0.3948,0.0058,0.5994
SPADES FIVE HEARTS JACK,0.3974,0.3736,0.229
HEARTS FIVE CLUBS QUEEN,0.3856,0.009,0.6054
HEARTS THREE CLUBS KING,0.3912,0.0078,0.601
DIAMONDS KING CLUBS KING,0.1296,0.0072,0.8632
HEARTS THREE CLUBS QUEEN,0.3948,0.0104,0.5948
DIAMONDS KING CLUBS QUEEN,0.3112,0.0044,0.6844
HEARTS FIVE HEARTS JACK,0.371,0.3618,0.2672
HEARTS FIVE HEARTS TEN,0.5854,0.018,0.3966
HEARTS THREE CLUBS ACE,0.3922,0.0028,0.605
DIAMONDS KING CLUBS ACE,0.3176,0.0042,0.6782
SPADES ACE CLUBS QUEEN,0.3018,0.0036,0.6946
SPADES KING CLUBS QUEEN,0.329,0.0088,0.6622
HEARTS THREE CLUBS JACK,0.3782,0.3976,0.2242
DIAMONDS KING CLUBS JACK,0.2336,0.0344,0.732
SPADES QUEEN CLUBS QUEEN,0.1446,0.0078,0.8476
CLUBS TEN HEARTS THREE,0.6076,0.016,0.3764
CLUBS TEN DIAMONDS KING,0.3306,0.009,0.6604
CLUBS SIX CLUBS QUEEN,0.2216,0.0348,0.7436
SPADES TEN CLUBS QUEEN,0.3318,0.0102,0.658
CLUBS SIX CLUBS KING,0.22,0.0318,0.7482
CLUBS SIX CLUBS ACE,0.2336,0.0212,0.7452
HEARTS FIVE HEARTS KING,0.3576,0.007,0.6354
HEARTS FIVE HEARTS QUEEN,0.3602,0.01,0.6298
CLUBS TEN CLUBS SIX,0.6348,0.0554,0.3098
HEARTS FIVE HEARTS ACE,0.3572,0.0034,0.6394
CLUBS SIX CLUBS JACK,0.0226,0.904,0.0734
SPADES SEVEN HEARTS JACK,0.2336,0.2898,0.4766
SPADES SEVEN HEARTS TEN,0.5822,0.0158,0.402
DIAMONDS TWO CLUBS TWO,0.4276,0.0474,0.525
DIAMONDS TWO CLUBS THREE,0.6436,0.021,0.3354
DIAMONDS TWO HEARTS SIX,0.7046,0.067,0.2284
DIAMONDS TWO HEARTS QUEEN,0.4066,0.0146,0.5788
HEARTS SEVEN DIAMONDS TWO,0.625,0.0196,0.3554
DIAMONDS TWO HEARTS KING,0.4012,0.007,0.5918
DIAMONDS TWO HEARTS EIGHT,0.6178,0.0204,0.3618
DIAMONDS TWO HEARTS ACE,0.3944,0.0034,0.6022
DIAMONDS TWO HEARTS NINE,0.6348,0.0164,0.3488
DIAMONDS TWO DIAMONDS QUEEN,0.3716,0.0116,0.6168
DIAMONDS TWO HEARTS TWO,0.424,0.0464,0.5296
DIAMONDS TWO DIAMONDS KING,0.3872,0.0074,0.6054
DIAMONDS TWO HEARTS THREE,0.6372,0.0198,0.343
DIAMONDS TWO DIAMONDS ACE,0.3646,0.0064,0.629
HEARTS FOUR DIAMONDS TWO,0.6222,0.0178,0.36
HEARTS FIVE DIAMONDS TWO,0.6364,0.0198,0.3438
SPADES SEVEN HEARTS ACE,0.355,0.0026,0.6424
DIAMONDS TWO DIAMONDS TEN,0.5788,0.0178,0.4034
SPADES SEVEN HEARTS KING,0.361,0.0074,0.6316
DIAMONDS TWO DIAMONDS JACK,0.383,0.3728,0.2442
SPADES SEVEN HEARTS QUEEN,0.3694,0.0106,0.62
DIAMONDS TWO SPADES NINE,0.632,0.0194,0.3486
DIAMONDS TWO SPADES EIGHT,0.6262,0.0172,0.3566
DIAMONDS TWO SPADES SEVEN,0.6346,0.0212,0.3442
DIAMONDS TWO SPADES SIX,0.7132,0.0638,0.223
DIAMONDS TWO SPADES FIVE,0.6406,0.0222,0.3372
DIAMONDS TWO SPADES FOUR,0.6544,0.022,0.3236
DIAMONDS TWO SPADES THREE,0.6384,0.0208,0.3408
DIAMONDS TWO SPADES TWO,0.4222,0.0482,0.5296
CLUBS NINE DIAMONDS TWO,0.6376,0.0156,0.3468
DIAMONDS TWO CLUBS EIGHT,0.629,0.0166,0.3544
CLUBS SEVEN DIAMONDS TWO,0.6348,0.0212,0.344
DIAMONDS TWO CLUBS SIX,0.6978,0.0632,0.239
DIAMONDS TWO CLUBS FIVE,0.6324,0.0222,0.3454
DIAMONDS TWO CLUBS FOUR,0.6412,0.0184,0.3404
CLUBS FOUR SPADES FIVE,0.5966,0.0186,0.3848
CLUBS FOUR SPADES FOUR,0.4088,0.045,0.5462
CLUBS FOUR SPADES THREE,0.6128,0.0234,0.3638
CLUBS FOUR SPADES TWO,0.6388,0.0186,0.3426
SPADES NINE CLUBS FOUR,0.621,0.0192,0.3598
SPADES EIGHT CLUBS FOUR,0.6214,0.0164,0.3622
SPADES SEVEN CLUBS FOUR,0.6034,0.0208,0.3758
SPADES SIX CLUBS FOUR,0.6618,0.0634,0.2748
SPADES QUEEN SPADES TWO,0.3834,0.0124,0.6042
SPADES KING SPADES TWO,0.3866,0.0084,0.605
SPADES ACE SPADES TWO,0.3726,0.0056,0.6218
DIAMONDS JACK CLUBS JACK,0.0724,0.0362,0.8914
CLUBS TEN DIAMONDS JACK,0.2118,0.1238,0.6644
DIAMONDS JACK CLUBS KING,0.2284,0.035,0.7366
DIAMONDS JACK CLUBS QUEEN,0.2312,0.0414,0.7274
DIAMONDS THREE DIAMONDS JACK,0.3732,0.3676,0.2592
DIAMONDS THREE DIAMONDS TEN,0.5772,0.0172,0.4056
DIAMONDS JACK CLUBS ACE,0.2308,0.0192,0.75
DIAMONDS THREE DIAMONDS KING,0.3772,0.0088,0.614
DIAMONDS THREE HEARTS THREE,0.4244,0.038,0.5376
DIAMONDS THREE DIAMONDS QUEEN,0.3818,0.0126,0.6056
DIAMONDS THREE HEARTS TWO,0.6338,0.0174,0.3488
HEARTS FIVE DIAMONDS THREE,0.6216,0.0202,0.3582
DIAMONDS THREE DIAMONDS ACE,0.3632,0.005,0.6318
HEARTS FOUR DIAMONDS THREE,0.6092,0.0212,0.3696
HEARTS SEVEN DIAMONDS THREE,0.6176,0.0206,0.3618
SPADES TEN SPADES NINE,0.5164,0.0146,0.469
HEARTS SIX DIAMONDS THREE,0.6968,0.0608,0.2424
DIAMONDS THREE HEARTS NINE,0.6144,0.0172,0.3684
HEARTS JACK DIAMONDS FOUR,0.3862,0.395,0.2188
HEARTS ACE HEARTS KING,0.3002,0.0046,0.6952
SPADES TEN SPADES TWO,0.59,0.0184,0.3916
DIAMONDS THREE HEARTS EIGHT,0.6322,0.0196,0.3482
HEARTS TEN DIAMONDS FOUR,0.6188,0.0206,0.3606
HEARTS QUEEN DIAMONDS FOUR,0.3782,0.0096,0.6122
HEARTS KING DIAMONDS FOUR,0.4028,0.008,0.5892
SPADES ACE SPADES NINE,0.34,0.0052,0.6548
HEARTS ACE DIAMONDS FOUR,0.3822,0.005,0.6128
SPADES KING SPADES NINE,0.3304,0.0068,0.6628
SPADES QUEEN SPADES NINE,0.3244,0.0096,0.666
DIAMONDS THREE SPADES NINE,0.628,0.02,0.352
DIAMONDS THREE SPADES EIGHT,0.637,0.0186,0.3444
DIAMONDS THREE SPADES SEVEN,0.634,0.0192,0.3468
DIAMONDS THREE SPADES SIX,0.686,0.0668,0.2472
DIAMONDS THREE CLUBS SIX,0.6902,0.0594,0.2504
CLUBS FIVE CLUBS SIX,0.61,0.0554,0.3346
CLUBS ACE DIAMONDS FOUR,0.3858,0.005,0.6092
CLUBS SEVEN DIAMONDS THREE,0.6216,0.021,0.3574
CLUBS SEVEN CLUBS FIVE,0.5552,0.0164,0.4284
DIAMONDS THREE CLUBS FOUR,0.5982,0.0228,0.379
DIAMONDS FOUR CLUBS QUEEN,0.3912,0.0102,0.5986
DIAMONDS THREE CLUBS FIVE,0.6302,0.0198,0.35
CLUBS KING DIAMONDS FOUR,0.3832,0.007,0.6098
DIAMONDS THREE CLUBS TWO,0.6344,0.0196,0.346
CLUBS TEN DIAMONDS FOUR,0.6222,0.0156,0.3622
DIAMONDS THREE CLUBS THREE,0.4228,0.046,0.5312
DIAMONDS FOUR CLUBS JACK,0.4064,0.3784,0.2152
DIAMONDS THREE SPADES FOUR,0.6238,0.022,0.3542
DIAMONDS THREE SPADES FIVE,0.6202,0.0184,0.3614
DIAMONDS THREE SPADES TWO,0.6436,0.02,0.3364
DIAMONDS THREE SPADES THREE,0.4234,0.0446,0.532
CLUBS EIGHT DIAMONDS THREE,0.6178,0.0178,0.3644
CLUBS NINE DIAMONDS THREE,0.6268,0.0166,0.3566
SPADES SEVEN CLUBS ACE,0.3496,0.0052,0.6452
SPADES SEVEN CLUBS QUEEN,0.3654,0.0118,0.6228
SPADES SEVEN CLUBS KING,0.3704,0.0056,0.624
CLUBS FIVE SPADES SEVEN,0.589,0.0214,0.3896
CLUBS TEN SPADES SEVEN,0.5712,0.0168,0.412
CLUBS FIVE SPADES SIX,0.6636,0.0596,0.2768
SPADES SEVEN CLUBS JACK,0.225,0.2982,0.4768
SPADES NINE CLUBS FIVE,0.6152,0.018,0.3668
CLUBS FIVE SPADES EIGHT,0.6052,0.0174,0.3774
CLUBS FIVE SPADES THREE,0.6198,0.0184,0.3618
CLUBS FIVE SPADES TWO,0.6328,0.0166,0.3506
CLUBS FIVE SPADES FIVE,0.4044,0.0432,0.5524
CLUBS FIVE SPADES FOUR,0.603,0.0186,0.3784
CLUBS NINE CLUBS FIVE,0.5676,0.0174,0.415
CLUBS EIGHT CLUBS FIVE,0.5542,0.0196,0.4262
CLUBS ACE CLUBS QUEEN,0.2952,0.005,0.6998
CLUBS KING CLUBS QUEEN,0.3016,0.007,0.6914
DIAMONDS TEN DIAMONDS FOUR,0.5976,0.0198,0.3826
CLUBS TEN DIAMONDS NINE,0.5426,0.018,0.4394
DIAMONDS JACK DIAMONDS FOUR,0.3738,0.3574,0.2688
DIAMONDS NINE CLUBS JACK,0.2162,0.1648,0.619
SPADES NINE CLUBS JACK,0.2308,0.1744,0.5948
CLUBS TEN SPADES NINE,0.5564,0.0156,0.428
DIAMONDS ACE DIAMONDS FOUR,0.3678,0.0058,0.6264
HEARTS FOUR DIAMONDS FOUR,0.4188,0.0446,0.5366
DIAMONDS JACK HEARTS TEN,0.212,0.1206,0.6674
SPADES NINE CLUBS KING,0.3602,0.007,0.6328
DIAMONDS TWO SPADES TEN,0.6386,0.015,0.3464
DIAMONDS NINE CLUBS ACE,0.3388,0.0054,0.6558
HEARTS FIVE DIAMONDS FOUR,0.6076,0.0196,0.3728
DIAMONDS JACK HEARTS JACK,0.0766,0.0386,0.8848
SPADES NINE CLUBS QUEEN,0.3404,0.011,0.6486
DIAMONDS QUEEN DIAMONDS FOUR,0.3808,0.0126,0.6066
HEARTS TWO DIAMONDS FOUR,0.6386,0.0192,0.3422
DIAMONDS NINE CLUBS QUEEN,0.3234,0.0098,0.6668
DIAMONDS KING DIAMONDS FOUR,0.3742,0.0074,0.6184
HEARTS THREE DIAMONDS FOUR,0.6238,0.0178,0.3584
SPADES NINE CLUBS ACE,0.3542,0.0034,0.6424
DIAMONDS NINE CLUBS KING,0.3382,0.0062,0.6556
HEARTS ACE DIAMONDS JACK,0.214,0.0206,0.7654
SPADES ACE DIAMONDS TWO,0.3948,0.0042,0.601
HEARTS QUEEN DIAMONDS JACK,0.2168,0.0348,0.7484
SPADES QUEEN DIAMONDS TWO,0.4044,0.0116,0.584
HEARTS KING DIAMONDS JACK,0.2294,0.0288,0.7418
SPADES KING DIAMONDS TWO,0.41,0.006,0.584
SPADES TEN SPADES SEVEN,0.5494,0.0158,0.4348
CLUBS SEVEN CLUBS THREE,0.5652,0.0194,0.4154
CLUBS SIX CLUBS THREE,0.6422,0.0626,0.2952
CLUBS FIVE CLUBS THREE,0.5784,0.0208,0.4008
CLUBS THREE CLUBS FOUR,0.5798,0.0218,0.3984
CLUBS NINE CLUBS THREE,0.5982,0.019,0.3828
CLUBS EIGHT CLUBS THREE,0.5954,0.018,0.3866
CLUBS THREE SPADES FIVE,0.6282,0.0208,0.351
CLUBS THREE SPADES FOUR,0.6202,0.0242,0.3556
CLUBS THREE SPADES THREE,0.4156,0.0466,0.5378
CLUBS THREE SPADES TWO,0.633,0.0178,0.3492
CLUBS THREE SPADES SIX,0.6754,0.0682,0.2564
SPADES SEVEN CLUBS THREE,0.6264,0.0188,0.3548
SPADES EIGHT CLUBS THREE,0.6378,0.0168,0.3454
SPADES NINE CLUBS THREE,0.628,0.0172,0.3548
SPADES TWO DIAMONDS FOUR,0.6346,0.0234,0.342
SPADES THREE DIAMONDS FOUR,0.611,0.02,0.369
SPADES FOUR DIAMONDS FOUR,0.411,0.0416,0.5474
SPADES FIVE DIAMONDS FOUR,0.6066,0.0212,0.3722
SPADES SIX DIAMONDS FOUR,0.674,0.0636,0.2624
SPADES SEVEN DIAMONDS FOUR,0.615,0.0182,0.3668
SPADES EIGHT DIAMONDS FOUR,0.624,0.0194,0.3566
SPADES NINE DIAMONDS FOUR,0.6368,0.019,0.3442
CLUBS FIVE DIAMONDS FOUR,0.6108,0.0166,0.3726
CLUBS FOUR DIAMONDS FOUR,0.41,0.0426,0.5474
CLUBS SEVEN DIAMONDS FOUR,0.6098,0.02,0.3702
CLUBS SIX DIAMONDS FOUR,0.6796,0.0542,0.2662
CLUBS NINE DIAMONDS FOUR,0.6248,0.02,0.3552
CLUBS EIGHT DIAMONDS FOUR,0.6144,0.0218,0.3638
HEARTS SEVEN DIAMONDS FOUR,0.6196,0.0212,0.3592
HEARTS SIX DIAMONDS FOUR,0.6786,0.0616,0.2598
DIAMONDS FOUR HEARTS NINE,0.6242,0.0174,0.3584
DIAMONDS FOUR HEARTS EIGHT,0.623,0.0198,0.3572
CLUBS THREE DIAMONDS FOUR,0.6078,0.0198,0.3724
CLUBS TWO DIAMONDS FOUR,0.6312,0.0172,0.3516
DIAMONDS TEN DIAMONDS FIVE,0.6058,0.0156,0.3786
DIAMONDS JACK DIAMONDS FIVE,0.3784,0.373,0.2486
DIAMONDS NINE HEARTS QUEEN,0.3284,0.0098,0.6618
DIAMONDS NINE HEARTS KING,0.35,0.0058,0.6442
HEARTS ACE DIAMONDS NINE,0.346,0.0032,0.6508
DIAMONDS NINE HEARTS TEN,0.5494,0.0154,0.4352
DIAMONDS NINE HEARTS JACK,0.2174,0.1682,0.6144
SPADES KING DIAMONDS FOUR,0.3906,0.0066,0.6028
SPADES ACE SPADES SEVEN,0.3312,0.005,0.6638
SPADES QUEEN DIAMONDS FOUR,0.3844,0.0132,0.6024
SPADES QUEEN SPADES SEVEN,0.3476,0.0092,0.6432
SPADES KING SPADES SEVEN,0.3524,0.0074,0.6402
SPADES ACE DIAMONDS FOUR,0.3886,0.0062,0.6052
CLUBS NINE CLUBS FOUR,0.5806,0.0188,0.4006
CLUBS EIGHT CLUBS FOUR,0.5764,0.0156,0.408
SPADES TEN DIAMONDS FOUR,0.6296,0.0158,0.3546
CLUBS FIVE CLUBS FOUR,0.562,0.018,0.42
CLUBS SEVEN CLUBS FOUR,0.5758,0.0152,0.409
CLUBS SIX CLUBS FOUR,0.6332,0.0626,0.3042
CLUBS SEVEN SPADES EIGHT,0.5638,0.0192,0.417
CLUBS SEVEN SPADES NINE,0.5924,0.0146,0.393
CLUBS SEVEN SPADES SIX,0.6534,0.0628,0.2838
CLUBS SEVEN SPADES SEVEN,0.3048,0.038,0.6572
CLUBS SEVEN SPADES FIVE,0.593,0.0166,0.3904
CLUBS SEVEN SPADES FOUR,0.5954,0.0188,0.3858
CLUBS SEVEN SPADES THREE,0.6166,0.0182,0.3652
CLUBS SEVEN SPADES TWO,0.637,0.0152,0.3478
CLUBS NINE CLUBS SEVEN,0.5204,0.0168,0.4628
CLUBS SEVEN CLUBS EIGHT,0.5218,0.0136,0.4646
HEARTS SIX DIAMONDS FIVE,0.6496,0.0622,0.2882
HEARTS SEVEN DIAMONDS FIVE,0.6012,0.0188,0.38
DIAMONDS FIVE HEARTS EIGHT,0.5962,0.0192,0.3846
DIAMONDS FIVE HEARTS NINE,0.6284,0.0156,0.356
DIAMONDS QUEEN DIAMONDS FIVE,0.3744,0.0102,0.6154
HEARTS TWO DIAMONDS FIVE,0.6224,0.0216,0.356
HEARTS KING HEARTS EIGHT,0.3298,0.0064,0.6638
DIAMONDS KING DIAMONDS FIVE,0.3634,0.006,0.6306
HEARTS THREE DIAMONDS FIVE,0.631,0.0184,0.3506
HEARTS QUEEN HEARTS EIGHT,0.3132,0.0098,0.677
DIAMONDS ACE DIAMONDS FIVE,0.3756,0.0064,0.618
HEARTS FOUR DIAMONDS FIVE,0.6144,0.0194,0.3662
HEARTS FIVE DIAMONDS FIVE,0.3964,0.0444,0.5592
HEARTS ACE HEARTS EIGHT,0.3312,0.0038,0.665
CLUBS FOUR DIAMONDS FIVE,0.6064,0.0178,0.3758
CLUBS FIVE DIAMONDS FIVE,0.413,0.042,0.545
CLUBS SIX DIAMONDS FIVE,0.6482,0.064,0.2878
CLUBS SEVEN DIAMONDS FIVE,0.588,0.0178,0.3942
CLUBS TWO DIAMONDS FIVE,0.6298,0.0226,0.3476
CLUBS THREE DIAMONDS FIVE,0.6186,0.0222,0.3592
SPADES THREE DIAMONDS FIVE,0.6316,0.0192,0.3492
SPADES TWO DIAMONDS FIVE,0.6384,0.0192,0.3424
SPADES FIVE DIAMONDS FIVE,0.4082,0.041,0.5508
CLUBS TEN HEARTS JACK,0.2188,0.1264,0.6548
SPADES TEN DIAMONDS EIGHT,0.5516,0.0196,0.4288
SPADES FOUR DIAMONDS FIVE,0.6106,0.0198,0.3696
HEARTS JACK CLUBS JACK,0.0888,0.0404,0.8708
HEARTS JACK CLUBS QUEEN,0.2238,0.0436,0.7326
CLUBS NINE DIAMONDS FIVE,0.6154,0.017,0.3676
CLUBS KING HEARTS JACK,0.2306,0.031,0.7384
CLUBS EIGHT DIAMONDS FIVE,0.6148,0.0216,0.3636
CLUBS ACE HEARTS JACK,0.2248,0.019,0.7562
SPADES SEVEN DIAMONDS FIVE,0.6056,0.0184,0.376
SPADES KING DIAMONDS EIGHT,0.3576,0.0078,0.6346
SPADES SIX DIAMONDS FIVE,0.6608,0.0684,0.2708
SPADES QUEEN DIAMONDS EIGHT,0.3498,0.0118,0.6384
SPADES NINE DIAMONDS FIVE,0.6364,0.019,0.3446
SPADES EIGHT DIAMONDS FIVE,0.6006,0.0198,0.3796
SPADES ACE DIAMONDS EIGHT,0.3352,0.0072,0.6576
HEARTS ACE DIAMONDS SEVEN,0.3422,0.0032,0.6546
HEARTS QUEEN DIAMONDS SEVEN,0.3658,0.0124,0.6218
HEARTS KING DIAMONDS SEVEN,0.355,0.0064,0.6386
SPADES TWO HEARTS JACK,0.384,0.3928,0.2232
SPADES TWO HEARTS TEN,0.6348,0.018,0.3472
HEARTS TEN DIAMONDS SEVEN,0.556,0.0158,0.4282
HEARTS JACK DIAMONDS SEVEN,0.215,0.2976,0.4874
DIAMONDS EIGHT CLUBS JACK,0.214,0.2186,0.5674
CLUBS TEN DIAMONDS EIGHT,0.5522,0.0194,0.4284
HEARTS ACE HEARTS JACK,0.2148,0.0184,0.7668
CLUBS ACE DIAMONDS EIGHT,0.3518,0.004,0.6442
HEARTS QUEEN HEARTS JACK,0.2068,0.0358,0.7574
CLUBS KING DIAMONDS EIGHT,0.3636,0.0074,0.629
HEARTS KING HEARTS JACK,0.2168,0.0298,0.7534
CLUBS QUEEN DIAMONDS EIGHT,0.353,0.0082,0.6388
SPADES TEN HEARTS KING,0.3348,0.0054,0.6598
HEARTS ACE SPADES TWO,0.3838,0.0048,0.6114
HEARTS QUEEN SPADES TWO,0.4022,0.0118,0.586
SPADES ACE SPADES KING,0.3136,0.0064,0.68
SPADES TWO HEARTS KING,0.41,0.0084,0.5816
HEARTS TEN HEARTS EIGHT,0.5132,0.0168,0.47
HEARTS JACK HEARTS EIGHT,0.2122,0.2066,0.5812
SPADES KING HEARTS KING,0.132,0.0058,0.8622
SPADES QUEEN HEARTS KING,0.308,0.0046,0.6874
CLUBS ACE CLUBS KING,0.2982,0.0058,0.696
SPADES ACE HEARTS KING,0.3238,0.0044,0.6718
SPADES ACE HEARTS JACK,0.2144,0.0184,0.7672
SPADES QUEEN HEARTS JACK,0.2316,0.0366,0.7318
SPADES KING HEARTS JACK,0.238,0.0326,0.7294
SPADES TEN DIAMONDS TEN,0.2758,0.0226,0.7016
SPADES ACE DIAMONDS TEN,0.3512,0.0036,0.6452
SPADES TEN HEARTS JACK,0.2384,0.1246,0.637
SPADES QUEEN DIAMONDS TEN,0.3242,0.0068,0.669
SPADES KING DIAMONDS TEN,0.3326,0.0078,0.6596
SPADES NINE DIAMONDS SEVEN,0.5552,0.0202,0.4246
SPADES EIGHT DIAMONDS SEVEN,0.5522,0.0184,0.4294
SPADES SEVEN DIAMONDS SEVEN,0.2926,0.0396,0.6678
SPADES SIX DIAMONDS SEVEN,0.6488,0.0562,0.295
DIAMONDS KING DIAMONDS SEVEN,0.347,0.0064,0.6466
HEARTS THREE DIAMONDS SEVEN,0.6218,0.0228,0.3554
HEARTS KING DIAMONDS FIVE,0.387,0.0076,0.6054
DIAMONDS QUEEN DIAMONDS SEVEN,0.3446,0.0132,0.6422
HEARTS TWO DIAMONDS SEVEN,0.6268,0.0196,0.3536
HEARTS QUEEN DIAMONDS FIVE,0.3876,0.0118,0.6006
HEARTS FIVE DIAMONDS SEVEN,0.591,0.0196,0.3894
DIAMONDS ACE DIAMONDS SEVEN,0.333,0.0036,0.6634
HEARTS FOUR DIAMONDS SEVEN,0.6074,0.021,0.3716
HEARTS ACE DIAMONDS FIVE,0.3846,0.0062,0.6092
HEARTS SEVEN DIAMONDS SEVEN,0.294,0.04,0.666
HEARTS SIX DIAMONDS SEVEN,0.6516,0.0574,0.291
HEARTS NINE DIAMONDS SEVEN,0.5642,0.013,0.4228
HEARTS EIGHT DIAMONDS SEVEN,0.5322,0.0174,0.4504
DIAMONDS JACK DIAMONDS SEVEN,0.2108,0.287,0.5022
DIAMONDS FIVE HEARTS JACK,0.3922,0.389,0.2188
DIAMONDS TEN DIAMONDS SEVEN,0.5416,0.0156,0.4428
HEARTS TEN DIAMONDS FIVE,0.6264,0.017,0.3566
SPADES KING CLUBS TWO,0.3952,0.0058,0.599
HEARTS KING CLUBS KING,0.1374,0.0056,0.857
CLUBS EIGHT DIAMONDS SEVEN,0.5432,0.0176,0.4392
SPADES QUEEN CLUBS TWO,0.3926,0.0106,0.5968
HEARTS KING CLUBS QUEEN,0.3214,0.0074,0.6712
CLUBS NINE DIAMONDS SEVEN,0.5602,0.0168,0.423
SPADES TWO CLUBS JACK,0.3974,0.3914,0.2112
SPADES ACE CLUBS TWO,0.391,0.0046,0.6044
CLUBS TEN SPADES TWO,0.6238,0.0168,0.3594
HEARTS KING CLUBS ACE,0.319,0.0034,0.6776
CLUBS SEVEN CLUBS SIX,0.6124,0.0488,0.3388
SPADES TWO CLUBS KING,0.3958,0.006,0.5982
SPADES TWO DIAMONDS SEVEN,0.627,0.021,0.352
CLUBS EIGHT CLUBS SIX,0.6126,0.0614,0.326
SPADES THREE DIAMONDS SEVEN,0.6104,0.0202,0.3694
SPADES TWO CLUBS QUEEN,0.408,0.0134,0.5786
CLUBS NINE CLUBS SIX,0.6278,0.056,0.3162
SPADES FOUR DIAMONDS SEVEN,0.6078,0.0184,0.3738
HEARTS KING CLUBS JACK,0.2346,0.0274,0.738
SPADES FIVE DIAMONDS SEVEN,0.591,0.0172,0.3918
SPADES TWO CLUBS ACE,0.3984,0.0052,0.5964
CLUBS TEN HEARTS KING,0.3274,0.0056,0.667
CLUBS SIX SPADES TWO,0.7044,0.0598,0.2358
CLUBS SIX SPADES THREE,0.6756,0.062,0.2624
CLUBS TWO DIAMONDS SEVEN,0.6222,0.0222,0.3556
CLUBS SIX SPADES FOUR,0.662,0.0606,0.2774
CLUBS THREE DIAMONDS SEVEN,0.6062,0.0258,0.368
CLUBS SIX SPADES FIVE,0.6456,0.0626,0.2918
CLUBS FOUR DIAMONDS SEVEN,0.603,0.0222,0.3748
CLUBS SIX SPADES SIX,0.2968,0.0398,0.6634
CLUBS FIVE DIAMONDS SEVEN,0.5846,0.0214,0.394
CLUBS SIX SPADES SEVEN,0.6486,0.0608,0.2906
CLUBS SIX DIAMONDS SEVEN,0.648,0.0502,0.3018
SPADES EIGHT CLUBS SIX,0.6718,0.0508,0.2774
CLUBS SEVEN DIAMONDS SEVEN,0.291,0.0376,0.6714
SPADES NINE CLUBS SIX,0.6836,0.0564,0.26
SPADES TEN CLUBS TWO,0.6336,0.0142,0.3522
CLUBS TWO CLUBS QUEEN,0.3816,0.0108,0.6076
CLUBS TWO CLUBS KING,0.3788,0.0078,0.6134
CLUBS THREE DIAMONDS EIGHT,0.6204,0.017,0.3626
CLUBS TWO CLUBS ACE,0.3642,0.0046,0.6312
CLUBS TWO DIAMONDS EIGHT,0.6146,0.0192,0.3662
HEARTS SEVEN DIAMONDS EIGHT,0.5676,0.0152,0.4172
HEARTS SIX DIAMONDS EIGHT,0.6616,0.0572,0.2812
DIAMONDS EIGHT HEARTS NINE,0.5438,0.0178,0.4384
CLUBS TEN CLUBS TWO,0.5834,0.0172,0.3994
HEARTS EIGHT DIAMONDS EIGHT,0.2852,0.0316,0.6832
CLUBS TWO CLUBS JACK,0.3682,0.3778,0.254
CLUBS NINE DIAMONDS EIGHT,0.5336,0.0192,0.4472
CLUBS EIGHT DIAMONDS EIGHT,0.282,0.0372,0.6808
CLUBS FIVE DIAMONDS EIGHT,0.5958,0.0196,0.3846
SPADES ACE SPADES THREE,0.3684,0.0034,0.6282
CLUBS FOUR DIAMONDS EIGHT,0.6198,0.0188,0.3614
CLUBS SEVEN DIAMONDS EIGHT,0.5494,0.0192,0.4314
SPADES QUEEN SPADES THREE,0.3726,0.0112,0.6162
CLUBS SIX DIAMONDS EIGHT,0.6524,0.062,0.2856
SPADES KING SPADES THREE,0.3918,0.0094,0.5988
DIAMONDS QUEEN DIAMONDS EIGHT,0.3384,0.013,0.6486
HEARTS TWO DIAMONDS EIGHT,0.6188,0.0196,0.3616
DIAMONDS KING DIAMONDS EIGHT,0.343,0.0076,0.6494
HEARTS THREE DIAMONDS EIGHT,0.6154,0.0228,0.3618
DIAMONDS ACE DIAMONDS EIGHT,0.3454,0.0038,0.6508
HEARTS FOUR DIAMONDS EIGHT,0.621,0.0154,0.3636
HEARTS FIVE DIAMONDS EIGHT,0.6076,0.021,0.3714
DIAMONDS TEN DIAMONDS EIGHT,0.5256,0.016,0.4584
DIAMONDS JACK DIAMONDS EIGHT,0.2062,0.2192,0.5746
SPADES TEN SPADES THREE,0.5986,0.0196,0.3818
CLUBS FOUR HEARTS ACE,0.4024,0.0036,0.594
CLUBS FOUR HEARTS QUEEN,0.391,0.009,0.6
CLUBS FOUR HEARTS KING,0.398,0.005,0.597
CLUBS SIX HEARTS TEN,0.6734,0.06,0.2666
CLUBS SIX HEARTS JACK,0.019,0.9586,0.0224
SPADES FOUR DIAMONDS EIGHT,0.6214,0.017,0.3616
SPADES FIVE DIAMONDS EIGHT,0.6088,0.0184,0.3728
SPADES TWO DIAMONDS EIGHT,0.6342,0.0238,0.342
SPADES THREE DIAMONDS EIGHT,0.633,0.0176,0.3494
CLUBS FOUR HEARTS JACK,0.3974,0.3836,0.219
SPADES EIGHT DIAMONDS EIGHT,0.2952,0.034,0.6708
SPADES TEN HEARTS TWO,0.6236,0.0176,0.3588
SPADES TEN DIAMONDS QUEEN,0.3196,0.009,0.6714
CLUBS FOUR HEARTS TEN,0.6176,0.0194,0.363
SPADES NINE DIAMONDS EIGHT,0.5472,0.0188,0.434
SPADES TEN HEARTS EIGHT,0.5468,0.0156,0.4376
SPADES SIX DIAMONDS EIGHT,0.6742,0.0566,0.2692
SPADES SEVEN DIAMONDS EIGHT,0.5632,0.0168,0.42
SPADES ACE HEARTS TWO,0.3918,0.0056,0.6026
SPADES ACE DIAMONDS QUEEN,0.303,0.0048,0.6922
SPADES ACE HEARTS EIGHT,0.3594,0.004,0.6366
SPADES KING HEARTS EIGHT,0.3566,0.0076,0.6358
SPADES QUEEN HEARTS TWO,0.3952,0.0102,0.5946
SPADES QUEEN DIAMONDS QUEEN,0.1334,0.0072,0.8594
SPADES KING DIAMONDS QUEEN,0.3002,0.0058,0.694
SPADES KING HEARTS TWO,0.4016,0.0066,0.5918
SPADES QUEEN HEARTS EIGHT,0.3344,0.0144,0.6512
CLUBS TWO HEARTS TEN,0.622,0.0172,0.3608
CLUBS TWO HEARTS JACK,0.391,0.3856,0.2234
SPADES SEVEN DIAMONDS NINE,0.5634,0.017,0.4196
SPADES SIX DIAMONDS NINE,0.6824,0.0616,0.256
SPADES NINE DIAMONDS NINE,0.2856,0.027,0.6874
SPADES EIGHT DIAMONDS NINE,0.548,0.0174,0.4346
SPADES TEN CLUBS KING,0.3426,0.0062,0.6512
DIAMONDS NINE SPADES THREE,0.6366,0.0184,0.345
DIAMONDS NINE SPADES TWO,0.6154,0.0186,0.366
SPADES FIVE DIAMONDS NINE,0.615,0.0176,0.3674
SPADES FOUR DIAMONDS NINE,0.6196,0.0198,0.3606
CLUBS NINE DIAMONDS NINE,0.2752,0.0318,0.693
CLUBS EIGHT DIAMONDS NINE,0.5584,0.017,0.4246
CLUBS SIX DIAMONDS NINE,0.6764,0.0562,0.2674
CLUBS SEVEN DIAMONDS NINE,0.5488,0.019,0.4322
SPADES TEN CLUBS FOUR,0.6206,0.0172,0.3622
CLUBS FOUR DIAMONDS NINE,0.62,0.0202,0.3598
CLUBS FIVE DIAMONDS NINE,0.6144,0.0168,0.3688
CLUBS TWO DIAMONDS NINE,0.629,0.0174,0.3536
CLUBS THREE DIAMONDS NINE,0.6056,0.0192,0.3752
DIAMONDS NINE HEARTS EIGHT,0.5488,0.014,0.4372
DIAMONDS NINE HEARTS NINE,0.283,0.0264,0.6906
HEARTS SIX DIAMONDS NINE,0.672,0.0564,0.2716
HEARTS SEVEN DIAMONDS NINE,0.5552,0.0156,0.4292
CLUBS NINE CLUBS EIGHT,0.522,0.0128,0.4652
DIAMONDS ACE DIAMONDS NINE,0.3468,0.0036,0.6496
HEARTS FOUR DIAMONDS NINE,0.614,0.0176,0.3684
HEARTS FIVE DIAMONDS NINE,0.6104,0.0196,0.37
HEARTS ACE CLUBS TWO,0.3792,0.0032,0.6176
SPADES ACE CLUBS FOUR,0.3882,0.0036,0.6082
DIAMONDS NINE DIAMONDS QUEEN,0.325,0.0108,0.6642
HEARTS TWO DIAMONDS NINE,0.621,0.0198,0.3592
CLUBS TWO HEARTS KING,0.3968,0.006,0.5972
SPADES KING CLUBS FOUR,0.3846,0.0078,0.6076
DIAMONDS KING DIAMONDS NINE,0.3286,0.007,0.6644
HEARTS THREE DIAMONDS NINE,0.6132,0.0158,0.371
CLUBS TWO HEARTS QUEEN,0.4038,0.01,0.5862
SPADES QUEEN CLUBS FOUR,0.3814,0.0118,0.6068
DIAMONDS NINE DIAMONDS JACK,0.2168,0.1578,0.6254
CLUBS EIGHT SPADES NINE,0.5532,0.0172,0.4296
DIAMONDS TEN DIAMONDS NINE,0.5032,0.014,0.4828
CLUBS EIGHT SPADES EIGHT,0.2964,0.0324,0.6712
CLUBS EIGHT SPADES SEVEN,0.5558,0.0172,0.427
CLUBS EIGHT SPADES SIX,0.676,0.0556,0.2684
CLUBS EIGHT SPADES FIVE,0.6,0.016,0.384
CLUBS EIGHT SPADES FOUR,0.6188,0.0184,0.3628
CLUBS EIGHT SPADES THREE,0.629,0.0144,0.3566
CLUBS EIGHT SPADES TWO,0.628,0.0158,0.3562
HEARTS SIX DIAMONDS TEN,0.6802,0.0648,0.255
HEARTS SEVEN DIAMONDS TEN,0.5696,0.0168,0.4136
DIAMONDS TEN HEARTS EIGHT,0.5506,0.0168,0.4326
CLUBS FOUR CLUBS JACK,0.3804,0.3652,0.2544
DIAMONDS TEN HEARTS NINE,0.5346,0.0168,0.4486
CLUBS TEN CLUBS FOUR,0.5732,0.0146,0.4122
CLUBS FOUR CLUBS KING,0.3636,0.0066,0.6298
CLUBS FOUR CLUBS QUEEN,0.3684,0.0072,0.6244
DIAMONDS TEN CLUBS TWO,0.6204,0.0166,0.363
CLUBS THREE DIAMONDS TEN,0.6132,0.0186,0.3682
CLUBS FOUR CLUBS ACE,0.3574,0.005,0.6376
DIAMONDS TEN DIAMONDS JACK,0.2162,0.1194,0.6644
DIAMONDS TEN DIAMONDS QUEEN,0.3088,0.0088,0.6824
HEARTS TWO DIAMONDS TEN,0.6216,0.019,0.3594
DIAMONDS KING DIAMONDS TEN,0.3214,0.0058,0.6728
HEARTS THREE DIAMONDS TEN,0.6154,0.0194,0.3652
DIAMONDS ACE DIAMONDS TEN,0.3272,0.0046,0.6682
HEARTS FOUR DIAMONDS TEN,0.6144,0.0188,0.3668
CLUBS EIGHT HEARTS JACK,0.2232,0.2244,0.5524
HEARTS FIVE DIAMONDS TEN,0.6152,0.0208,0.364
CLUBS EIGHT HEARTS TEN,0.562,0.0138,0.4242
CLUBS EIGHT HEARTS QUEEN,0.3624,0.0092,0.6284
CLUBS EIGHT HEARTS KING,0.3546,0.007,0.6384
CLUBS EIGHT HEARTS ACE,0.361,0.0034,0.6356
CLUBS NINE SPADES THREE,0.6296,0.0164,0.354
CLUBS NINE SPADES TWO,0.6204,0.016,0.3636
CLUBS NINE SPADES FIVE,0.6188,0.0182,0.363
CLUBS NINE SPADES FOUR,0.6256,0.0196,0.3548
CLUBS NINE SPADES SEVEN,0.58,0.0152,0.4048
CLUBS NINE SPADES SIX,0.6816,0.0566,0.2618
CLUBS NINE SPADES NINE,0.2806,0.0306,0.6888
CLUBS TEN HEARTS EIGHT,0.5578,0.0154,0.4268
CLUBS NINE SPADES EIGHT,0.5496,0.0158,0.4346
HEARTS EIGHT CLUBS JACK,0.231,0.23,0.539
CLUBS QUEEN HEARTS EIGHT,0.3548,0.0094,0.6358
CLUBS KING HEARTS EIGHT,0.3714,0.0072,0.6214
CLUBS ACE HEARTS EIGHT,0.3528,0.0028,0.6444
SPADES KING CLUBS KING,0.1244,0.0068,0.8688
SPADES QUEEN CLUBS KING,0.3026,0.0064,0.691
SPADES ACE CLUBS KING,0.3168,0.0042,0.679
DIAMONDS ACE HEARTS TEN,0.343,0.0034,0.6536
HEARTS FOUR HEARTS TEN,0.5846,0.016,0.3994
DIAMONDS ACE HEARTS JACK,0.2236,0.0208,0.7556
HEARTS FOUR HEARTS JACK,0.3694,0.3592,0.2714
SPADES KING CLUBS FIVE,0.3804,0.008,0.6116
SPADES QUEEN CLUBS FIVE,0.3814,0.0098,0.6088
SPADES ACE CLUBS FIVE,0.3796,0.005,0.6154
HEARTS SEVEN DIAMONDS JACK,0.2154,0.2934,0.4912
HEARTS SIX DIAMONDS JACK,0.012,0.9704,0.0176
DIAMONDS JACK HEARTS NINE,0.218,0.1638,0.6182
DIAMONDS JACK HEARTS EIGHT,0.2178,0.2224,0.5598
DIAMONDS KING DIAMONDS JACK,0.2302,0.0318,0.738
HEARTS THREE DIAMONDS JACK,0.3764,0.3972,0.2264
SPADES ACE SPADES SIX,0.2226,0.025,0.7524
HEARTS ACE SPADES FOUR,0.385,0.0034,0.6116
DIAMONDS QUEEN DIAMONDS JACK,0.2242,0.0416,0.7342
HEARTS TWO DIAMONDS JACK,0.3908,0.3844,0.2248
HEARTS FIVE DIAMONDS JACK,0.3854,0.3836,0.231
SPADES QUEEN SPADES SIX,0.2154,0.0492,0.7354
SPADES FOUR HEARTS QUEEN,0.4038,0.009,0.5872
DIAMONDS ACE DIAMONDS JACK,0.218,0.0222,0.7598
HEARTS FOUR DIAMONDS JACK,0.3922,0.3814,0.2264
SPADES KING SPADES SIX,0.2308,0.0386,0.7306
SPADES FOUR HEARTS KING,0.374,0.008,0.618
SPADES TEN SPADES SIX,0.6628,0.0572,0.28
SPADES FOUR DIAMONDS JACK,0.3984,0.3864,0.2152
SPADES FIVE DIAMONDS JACK,0.3762,0.4014,0.2224
SPADES TWO DIAMONDS JACK,0.3936,0.3904,0.216
SPADES THREE DIAMONDS JACK,0.3858,0.3996,0.2146
SPADES ACE DIAMONDS THREE,0.3866,0.0064,0.607
SPADES QUEEN DIAMONDS THREE,0.3964,0.0108,0.5928
CLUBS EIGHT DIAMONDS JACK,0.2166,0.229,0.5544
SPADES KING DIAMONDS THREE,0.3984,0.009,0.5926
CLUBS NINE DIAMONDS JACK,0.218,0.1694,0.6126
CLUBS SIX DIAMONDS JACK,0.01,0.9704,0.0196
CLUBS SEVEN DIAMONDS JACK,0.2196,0.3046,0.4758
CLUBS FOUR DIAMONDS JACK,0.3922,0.37,0.2378
CLUBS FIVE DIAMONDS JACK,0.3884,0.386,0.2256
CLUBS TWO DIAMONDS JACK,0.3868,0.3964,0.2168
CLUBS THREE DIAMONDS JACK,0.3952,0.376,0.2288
SPADES TEN CLUBS FIVE,0.6206,0.0182,0.3612
SPADES TEN HEARTS SIX,0.7014,0.059,0.2396
CLUBS SEVEN CLUBS ACE,0.3398,0.002,0.6582
SPADES TEN DIAMONDS THREE,0.6256,0.02,0.3544
CLUBS SEVEN CLUBS QUEEN,0.34,0.0102,0.6498
CLUBS SEVEN CLUBS KING,0.3442,0.0038,0.652
SPADES NINE DIAMONDS JACK,0.2224,0.166,0.6116
CLUBS TEN CLUBS SEVEN,0.533,0.015,0.452
DIAMONDS ACE HEARTS ACE,0.1182,0.0028,0.879
HEARTS FOUR HEARTS ACE,0.3694,0.004,0.6266
SPADES EIGHT DIAMONDS JACK,0.216,0.225,0.559
SPADES ACE HEARTS SIX,0.2396,0.0234,0.737
CLUBS SEVEN CLUBS JACK,0.2064,0.2804,0.5132
DIAMONDS ACE HEARTS KING,0.3074,0.0042,0.6884
HEARTS FOUR HEARTS KING,0.366,0.0102,0.6238
SPADES SEVEN DIAMONDS JACK,0.2208,0.2906,0.4886
SPADES KING HEARTS SIX,0.231,0.034,0.735
DIAMONDS ACE HEARTS QUEEN,0.3142,0.0036,0.6822
HEARTS FOUR HEARTS QUEEN,0.3682,0.01,0.6218
SPADES SIX DIAMONDS JACK,0.0074,0.9868,0.0058
SPADES QUEEN HEARTS SIX,0.2176,0.054,0.7284
DIAMONDS TEN SPADES TWO,0.6276,0.0238,0.3486
DIAMONDS TEN SPADES THREE,0.612,0.0204,0.3676
DIAMONDS TEN SPADES FOUR,0.6134,0.02,0.3666
SPADES FIVE DIAMONDS TEN,0.6244,0.0188,0.3568
SPADES SIX DIAMONDS TEN,0.6962,0.0594,0.2444
SPADES SEVEN DIAMONDS TEN,0.5794,0.0158,0.4048
SPADES EIGHT DIAMONDS TEN,0.5612,0.0176,0.4212
SPADES NINE DIAMONDS TEN,0.5384,0.0164,0.4452
CLUBS FOUR DIAMONDS TEN,0.6066,0.021,0.3724
CLUBS FIVE DIAMONDS TEN,0.6198,0.0194,0.3608
CLUBS SIX DIAMONDS TEN,0.681,0.062,0.257
CLUBS SEVEN DIAMONDS TEN,0.5682,0.0126,0.4192
CLUBS EIGHT DIAMONDS TEN,0.5506,0.0168,0.4326
CLUBS NINE DIAMONDS TEN,0.5436,0.0134,0.443
DIAMONDS THREE CLUBS JACK,0.396,0.39,0.214
CLUBS TEN DIAMONDS THREE,0.6204,0.0172,0.3624
DIAMONDS THREE CLUBS KING,0.4008,0.0078,0.5914
DIAMONDS THREE CLUBS QUEEN,0.3916,0.01,0.5984
DIAMONDS THREE CLUBS ACE,0.3968,0.005,0.5982
SPADES FOUR HEARTS JACK,0.3848,0.3898,0.2254
SPADES FOUR HEARTS TEN,0.6176,0.0166,0.3658
SPADES FIVE SPADES TWO,0.599,0.0204,0.3806
SPADES FOUR SPADES TWO,0.6046,0.0202,0.3752
SPADES THREE SPADES TWO,0.5886,0.025,0.3864
SPADES NINE SPADES TWO,0.5986,0.0182,0.3832
SPADES EIGHT SPADES TWO,0.6086,0.0148,0.3766
SPADES SEVEN SPADES TWO,0.6002,0.0174,0.3824
SPADES SIX SPADES TWO,0.6878,0.0616,0.2506
CLUBS THREE DIAMONDS QUEEN,0.3832,0.012,0.6048
CLUBS THREE HEARTS TWO,0.6204,0.0218,0.3578
CLUBS TWO DIAMONDS QUEEN,0.3902,0.0098,0.6
HEARTS TWO CLUBS TWO,0.4104,0.043,0.5466
HEARTS SEVEN DIAMONDS QUEEN,0.3614,0.0104,0.6282
HEARTS SEVEN HEARTS TWO,0.5768,0.0194,0.4038
HEARTS SIX DIAMONDS QUEEN,0.2298,0.0454,0.7248
HEARTS SIX HEARTS TWO,0.6522,0.0574,0.2904
DIAMONDS QUEEN HEARTS NINE,0.3328,0.0102,0.657
HEARTS TWO HEARTS NINE,0.5818,0.0172,0.401
DIAMONDS QUEEN HEARTS EIGHT,0.341,0.0104,0.6486
HEARTS TWO HEARTS EIGHT,0.5932,0.0156,0.3912
CLUBS NINE HEARTS TWO,0.6086,0.0192,0.3722
CLUBS NINE DIAMONDS QUEEN,0.3366,0.0106,0.6528
CLUBS EIGHT HEARTS TWO,0.6246,0.0178,0.3576
CLUBS EIGHT DIAMONDS QUEEN,0.3498,0.0114,0.6388
CLUBS FIVE DIAMONDS QUEEN,0.3922,0.0112,0.5966
CLUBS FIVE HEARTS TWO,0.626,0.016,0.358
SPADES EIGHT HEARTS ACE,0.3564,0.0046,0.639
CLUBS FOUR DIAMONDS QUEEN,0.3854,0.0126,0.602
CLUBS FOUR HEARTS TWO,0.6282,0.018,0.3538
CLUBS SEVEN DIAMONDS QUEEN,0.3474,0.0104,0.6422
CLUBS SEVEN HEARTS TWO,0.631,0.0182,0.3508
SPADES EIGHT HEARTS QUEEN,0.3538,0.01,0.6362
CLUBS SIX DIAMONDS QUEEN,0.2294,0.0498,0.7208
CLUBS SIX HEARTS TWO,0.6928,0.064,0.2432
SPADES EIGHT HEARTS KING,0.358,0.0072,0.6348
SPADES SIX DIAMONDS QUEEN,0.2374,0.0472,0.7154
SPADES SIX HEARTS TWO,0.7028,0.0608,0.2364
HEARTS FOUR CLUBS QUEEN,0.3942,0.011,0.5948
DIAMONDS ACE CLUBS QUEEN,0.3112,0.005,0.6838
SPADES SEVEN DIAMONDS QUEEN,0.3568,0.0108,0.6324
SPADES SEVEN HEARTS TWO,0.6348,0.0198,0.3454
HEARTS FOUR CLUBS KING,0.4008,0.008,0.5912
DIAMONDS ACE CLUBS KING,0.309,0.0032,0.6878
SPADES EIGHT DIAMONDS QUEEN,0.3502,0.0116,0.6382
SPADES EIGHT HEARTS TWO,0.6336,0.0206,0.3458
HEARTS FOUR CLUBS ACE,0.39,0.0018,0.6082
DIAMONDS ACE CLUBS ACE,0.12,0.0026,0.8774
SPADES NINE DIAMONDS QUEEN,0.343,0.0102,0.6468
SPADES NINE HEARTS TWO,0.624,0.0178,0.3582
HEARTS TWO SPADES TWO,0.4264,0.0484,0.5252
DIAMONDS QUEEN SPADES TWO,0.4058,0.0104,0.5838
HEARTS TWO SPADES THREE,0.6416,0.0204,0.338
SPADES THREE DIAMONDS QUEEN,0.4016,0.0136,0.5848
HEARTS TWO SPADES FOUR,0.6328,0.023,0.3442
SPADES FOUR DIAMONDS QUEEN,0.3708,0.0134,0.6158
CLUBS TEN HEARTS FOUR,0.6144,0.02,0.3656
CLUBS TEN DIAMONDS ACE,0.3254,0.0032,0.6714
HEARTS TWO SPADES FIVE,0.6382,0.0226,0.3392
SPADES FIVE DIAMONDS QUEEN,0.394,0.0096,0.5964
HEARTS FOUR CLUBS JACK,0.3868,0.3826,0.2306
DIAMONDS ACE CLUBS JACK,0.2176,0.0192,0.7632
CLUBS FIVE CLUBS KING,0.3558,0.0076,0.6366
CLUBS FIVE CLUBS QUEEN,0.366,0.0118,0.6222
CLUBS FIVE CLUBS ACE,0.3708,0.0034,0.6258
CLUBS FIVE CLUBS JACK,0.3728,0.3592,0.268
CLUBS TEN CLUBS FIVE,0.5872,0.0142,0.3986
SPADES KING CLUBS JACK,0.223,0.0338,0.7432
SPADES QUEEN CLUBS JACK,0.2254,0.041,0.7336
SPADES ACE CLUBS JACK,0.2144,0.0208,0.7648
SPADES SIX CLUBS KING,0.2346,0.0402,0.7252
SPADES SIX CLUBS QUEEN,0.239,0.0484,0.7126
SPADES EIGHT HEARTS JACK,0.2296,0.2072,0.5632
SPADES SIX CLUBS ACE,0.2462,0.0212,0.7326
SPADES EIGHT HEARTS TEN,0.561,0.0184,0.4206
SPADES SIX CLUBS JACK,0.0176,0.9704,0.012
CLUBS TEN SPADES SIX,0.6898,0.0628,0.2474
SPADES TEN CLUBS JACK,0.2306,0.1186,0.6508
SPADES QUEEN CLUBS SEVEN,0.3476,0.0102,0.6422
SPADES KING CLUBS SEVEN,0.351,0.0066,0.6424
SPADES ACE CLUBS SEVEN,0.339,0.0026,0.6584
SPADES SIX HEARTS TEN,0.6882,0.0542,0.2576
SPADES SIX HEARTS JACK,0.0192,0.9708,0.01
SPADES SIX HEARTS ACE,0.2544,0.025,0.7206
SPADES SIX HEARTS KING,0.2284,0.0326,0.739
SPADES SIX HEARTS QUEEN,0.2384,0.0458,0.7158
CLUBS SEVEN SPADES TEN,0.573,0.0198,0.4072
CLUBS TEN HEARTS SIX,0.6852,0.0586,0.2562
HEARTS SIX CLUBS JACK,0.0222,0.9564,0.0214
CLUBS ACE CLUBS JACK,0.199,0.0198,0.7812
HEARTS SIX CLUBS QUEEN,0.2412,0.0474,0.7114
HEARTS SIX CLUBS KING,0.2426,0.0302,0.7272
HEARTS SIX CLUBS ACE,0.2434,0.0238,0.7328
CLUBS QUEEN CLUBS JACK,0.2132,0.0492,0.7376
CLUBS KING CLUBS JACK,0.2282,0.0254,0.7464
DIAMONDS THREE HEARTS ACE,0.3858,0.0038,0.6104
DIAMONDS THREE HEARTS QUEEN,0.4038,0.0098,0.5864
DIAMONDS THREE HEARTS KING,0.3966,0.0068,0.5966
CLUBS FIVE HEARTS JACK,0.4032,0.3696,0.2272
HEARTS FOUR SPADES TEN,0.6252,0.018,0.3568
SPADES TEN DIAMONDS ACE,0.347,0.0042,0.6488
CLUBS FIVE HEARTS TEN,0.6324,0.0182,0.3494
SPADES ACE HEARTS FOUR,0.3802,0.0044,0.6154
SPADES ACE DIAMONDS ACE,0.11,0.0044,0.8856
CLUBS FIVE HEARTS ACE,0.3982,0.005,0.5968
CLUBS FIVE HEARTS KING,0.398,0.0054,0.5966
HEARTS FOUR SPADES QUEEN,0.3948,0.0102,0.595
SPADES QUEEN DIAMONDS ACE,0.3018,0.006,0.6922
SPADES FOUR CLUBS JACK,0.4014,0.38,0.2186
CLUBS FIVE HEARTS QUEEN,0.391,0.0116,0.5974
SPADES KING DIAMONDS ACE,0.3154,0.0032,0.6814
SPADES KING HEARTS FOUR,0.397,0.0068,0.5962
CLUBS TEN SPADES FOUR,0.6358,0.02,0.3442
DIAMONDS ACE DIAMONDS QUEEN,0.3024,0.0042,0.6934
DIAMONDS ACE HEARTS TWO,0.3894,0.0048,0.6058
HEARTS FOUR DIAMONDS QUEEN,0.3894,0.0108,0.5998
HEARTS FOUR HEARTS TWO,0.588,0.0184,0.3936
DIAMONDS THREE HEARTS TEN,0.6232,0.0198,0.357
SPADES FOUR CLUBS KING,0.398,0.0058,0.5962
HEARTS FIVE DIAMONDS QUEEN,0.3712,0.0122,0.6166
HEARTS FIVE HEARTS TWO,0.5794,0.0166,0.404
DIAMONDS THREE HEARTS JACK,0.3896,0.39,0.2204
SPADES FOUR CLUBS QUEEN,0.3976,0.0094,0.593
HEARTS TWO DIAMONDS QUEEN,0.3962,0.0114,0.5924
DIAMONDS KING DIAMONDS QUEEN,0.2888,0.007,0.7042
DIAMONDS KING HEARTS TWO,0.4024,0.0072,0.5904
HEARTS THREE DIAMONDS QUEEN,0.3822,0.0134,0.6044
HEARTS THREE HEARTS TWO,0.6052,0.021,0.3738
SPADES FOUR CLUBS ACE,0.3868,0.0054,0.6078
HEARTS TWO CLUBS ACE,0.3942,0.0026,0.6032
DIAMONDS QUEEN CLUBS ACE,0.3042,0.0026,0.6932
HEARTS TWO CLUBS QUEEN,0.4096,0.0118,0.5786
DIAMONDS QUEEN CLUBS QUEEN,0.1312,0.0082,0.8606
HEARTS TWO CLUBS KING,0.397,0.005,0.598
DIAMONDS QUEEN CLUBS KING,0.31,0.006,0.684
SPADES EIGHT SPADES FIVE,0.572,0.0196,0.4084
CLUBS TEN HEARTS TWO,0.6294,0.0174,0.3532
CLUBS TEN DIAMONDS QUEEN,0.3326,0.01,0.6574
SPADES NINE SPADES FIVE,0.597,0.014,0.389
HEARTS TWO CLUBS JACK,0.4022,0.3736,0.2242
DIAMONDS QUEEN CLUBS JACK,0.2306,0.0376,0.7318
SPADES SIX SPADES FIVE,0.6084,0.0572,0.3344
SPADES SEVEN SPADES FIVE,0.5544,0.02,0.4256
DIAMONDS FIVE CLUBS QUEEN,0.3964,0.0142,0.5894
SPADES EIGHT CLUBS ACE,0.3622,0.004,0.6338
DIAMONDS FIVE CLUBS KING,0.3854,0.0072,0.6074
SPADES EIGHT CLUBS KING,0.3536,0.0066,0.6398
CLUBS ACE DIAMONDS FIVE,0.392,0.0046,0.6034
SPADES EIGHT CLUBS QUEEN,0.3578,0.009,0.6332
SPADES EIGHT CLUBS JACK,0.2256,0.2144,0.56
CLUBS TEN SPADES EIGHT,0.5714,0.015,0.4136
CLUBS TEN DIAMONDS FIVE,0.6304,0.0158,0.3538
DIAMONDS FIVE CLUBS JACK,0.387,0.392,0.221
DIAMONDS TEN HEARTS JACK,0.2196,0.129,0.6514
DIAMONDS TEN HEARTS TEN,0.2822,0.0218,0.696
SPADES ACE CLUBS NINE,0.36,0.0038,0.6362
CLUBS NINE SPADES QUEEN,0.3384,0.0112,0.6504
CLUBS NINE SPADES KING,0.3616,0.007,0.6314
HEARTS SIX HEARTS KING,0.2216,0.0342,0.7442
DIAMONDS KING SPADES SEVEN,0.3496,0.0078,0.6426
SPADES SEVEN HEARTS THREE,0.6262,0.0176,0.3562
SPADES KING DIAMONDS SEVEN,0.3396,0.007,0.6534
HEARTS SIX HEARTS QUEEN,0.2298,0.045,0.7252
DIAMONDS KING SPADES SIX,0.2258,0.0392,0.735
HEARTS THREE SPADES SIX,0.6916,0.066,0.2424
SPADES QUEEN DIAMONDS SEVEN,0.3544,0.0104,0.6352
SPADES NINE DIAMONDS KING,0.3554,0.0072,0.6374
SPADES NINE HEARTS THREE,0.6314,0.0192,0.3494
HEARTS SIX HEARTS ACE,0.2242,0.0252,0.7506
SPADES EIGHT DIAMONDS KING,0.3634,0.0084,0.6282
SPADES EIGHT HEARTS THREE,0.6394,0.0156,0.345
SPADES ACE DIAMONDS SEVEN,0.3406,0.003,0.6564
CLUBS NINE HEARTS THREE,0.6214,0.0178,0.3608
CLUBS NINE DIAMONDS KING,0.3358,0.008,0.6562
CLUBS EIGHT HEARTS THREE,0.6294,0.0134,0.3572
CLUBS EIGHT DIAMONDS KING,0.3642,0.0066,0.6292
HEARTS THREE SPADES THREE,0.4216,0.0414,0.537
DIAMONDS KING SPADES THREE,0.3924,0.0094,0.5982
HEARTS THREE SPADES TWO,0.63,0.0178,0.3522
DIAMONDS KING SPADES TWO,0.4044,0.008,0.5876
