opposingHand,winningChance,drawChance,lostChance
SPADES KING SPADES TEN
SPADES JACK HEARTS FIVE,0.6668,0.0056,0.3276
SPADES FIVE CLUBS JACK,0.6718,0.008,0.3202
SPADES FIVE CLUBS TEN,0.7388,0.034,0.2272
CLUBS EIGHT CLUBS JACK,0.613,0.0098,0.3772
CLUBS EIGHT CLUBS TEN,0.6798,0.0324,0.2878
CLUBS EIGHT CLUBS KING,0.6402,0.1028,0.257
SPADES FIVE CLUBS ACE,0.4388,0.0052,0.556
CLUBS EIGHT CLUBS QUEEN,0.6188,0.0068,0.3744
SPADES FIVE CLUBS KING,0.6604,0.109,0.2306
SPADES FIVE CLUBS QUEEN,0.6788,0.0096,0.3116
CLUBS EIGHT CLUBS ACE,0.4312,0.0046,0.5642
DIAMONDS TWO DIAMONDS THREE,0.6288,0.0094,0.3618
DIAMONDS TWO DIAMONDS FIVE,0.6244,0.0088,0.3668
DIAMONDS TWO DIAMONDS FOUR,0.622,0.009,0.369
SPADES QUEEN HEARTS FIVE,0.6634,0.0088,0.3278
DIAMONDS TWO DIAMONDS SEVEN,0.6514,0.009,0.3396
DIAMONDS TWO DIAMONDS SIX,0.6474,0.0086,0.344
SPADES ACE HEARTS FIVE,0.4418,0.005,0.5532
DIAMONDS TWO DIAMONDS NINE,0.6642,0.0076,0.3282
DIAMONDS TWO DIAMONDS EIGHT,0.647,0.0078,0.3452
DIAMONDS THREE DIAMONDS FOUR,0.614,0.007,0.379
CLUBS TWO SPADES FOUR,0.6724,0.0088,0.3188
DIAMONDS THREE DIAMONDS FIVE,0.6084,0.008,0.3836
CLUBS TWO SPADES FIVE,0.6704,0.0096,0.32
CLUBS TWO SPADES TWO,0.529,0.0098,0.4612
CLUBS TWO SPADES THREE,0.667,0.0076,0.3254
DIAMONDS THREE DIAMONDS EIGHT,0.6478,0.0068,0.3454
SPADES EIGHT CLUBS TWO,0.6836,0.0096,0.3068
DIAMONDS THREE DIAMONDS NINE,0.6434,0.007,0.3496
SPADES NINE CLUBS TWO,0.695,0.0078,0.2972
DIAMONDS THREE DIAMONDS SIX,0.6418,0.0078,0.3504
SPADES SIX CLUBS TWO,0.6882,0.0082,0.3036
DIAMONDS THREE DIAMONDS SEVEN,0.6474,0.0076,0.345
SPADES SEVEN CLUBS TWO,0.6964,0.0084,0.2952
CLUBS SIX CLUBS TWO,0.6462,0.0064,0.3474
CLUBS SEVEN CLUBS TWO,0.6506,0.0062,0.3432
CLUBS FOUR CLUBS TWO,0.627,0.009,0.364
CLUBS FIVE CLUBS TWO,0.6348,0.0094,0.3558
CLUBS JACK CLUBS TEN,0.68,0.0272,0.2928
DIAMONDS FOUR DIAMONDS SIX,0.6118,0.0062,0.382
CLUBS QUEEN CLUBS TEN,0.6952,0.0236,0.2812
DIAMONDS FOUR DIAMONDS SEVEN,0.6318,0.0102,0.358
CLUBS KING CLUBS TEN,0.0682,0.8614,0.0704
CLUBS ACE CLUBS TEN,0.2812,0.019,0.6998
CLUBS EIGHT CLUBS TWO,0.6376,0.0074,0.355
DIAMONDS FIVE DIAMONDS FOUR,0.613,0.0076,0.3794
CLUBS NINE CLUBS TWO,0.6586,0.0068,0.3346
DIAMONDS NINE DIAMONDS FOUR,0.6642,0.0058,0.33
DIAMONDS EIGHT DIAMONDS FOUR,0.6596,0.0074,0.333
CLUBS TWO CLUBS THREE,0.6254,0.007,0.3676
DIAMONDS NINE DIAMONDS FIVE,0.6398,0.0056,0.3546
DIAMONDS TWO CLUBS JACK,0.6782,0.0074,0.3144
DIAMONDS EIGHT DIAMONDS FIVE,0.6304,0.0064,0.3632
DIAMONDS TWO CLUBS TEN,0.7692,0.0352,0.1956
DIAMONDS FIVE DIAMONDS SEVEN,0.621,0.0056,0.3734
DIAMONDS FIVE DIAMONDS SIX,0.6076,0.0084,0.384
DIAMONDS TWO CLUBS ACE,0.4604,0.0042,0.5354
DIAMONDS TWO CLUBS KING,0.679,0.1058,0.2152
DIAMONDS TWO CLUBS QUEEN,0.685,0.0084,0.3066
DIAMONDS EIGHT DIAMONDS SIX,0.6266,0.0074,0.366
DIAMONDS NINE DIAMONDS SIX,0.626,0.0082,0.3658
SPADES THREE HEARTS ACE,0.4504,0.0076,0.542
HEARTS KING SPADES THREE,0.6646,0.1184,0.217
DIAMONDS SEVEN DIAMONDS SIX,0.6074,0.0078,0.3848
SPADES THREE HEARTS QUEEN,0.6654,0.007,0.3276
SPADES THREE HEARTS JACK,0.6674,0.008,0.3246
SPADES THREE HEARTS TEN,0.7512,0.0334,0.2154
DIAMONDS EIGHT DIAMONDS SEVEN,0.613,0.0052,0.3818
DIAMONDS NINE DIAMONDS SEVEN,0.6402,0.0066,0.3532
DIAMONDS NINE DIAMONDS EIGHT,0.6204,0.0068,0.3728
DIAMONDS KING HEARTS TEN,0.0682,0.9106,0.0212
HEARTS THREE HEARTS TEN,0.7086,0.0282,0.2632
SPADES JACK CLUBS SIX,0.6638,0.0092,0.327
DIAMONDS KING HEARTS JACK,0.2894,0.08,0.6306
HEARTS THREE HEARTS JACK,0.6312,0.0068,0.362
SPADES JACK SPADES FIVE,0.6686,0.008,0.3234
DIAMONDS KING HEARTS ACE,0.2968,0.009,0.6942
HEARTS THREE HEARTS ACE,0.4374,0.0048,0.5578
SPADES ACE CLUBS SIX,0.4494,0.006,0.5446
DIAMONDS KING HEARTS QUEEN,0.2824,0.0586,0.659
HEARTS THREE HEARTS QUEEN,0.6276,0.0078,0.3646
DIAMONDS KING HEARTS KING,0.1568,0.0096,0.8336
HEARTS THREE HEARTS KING,0.6278,0.1042,0.268
SPADES QUEEN CLUBS SIX,0.6802,0.0096,0.3102
SPADES NINE HEARTS TEN,0.708,0.0292,0.2628
SPADES NINE HEARTS JACK,0.6468,0.0092,0.344
SPADES QUEEN SPADES FIVE,0.671,0.006,0.323
SPADES ACE SPADES FIVE,0.4024,0.006,0.5916
SPADES NINE HEARTS QUEEN,0.6554,0.0068,0.3378
SPADES NINE HEARTS KING,0.6824,0.11,0.2076
SPADES NINE HEARTS ACE,0.4506,0.0034,0.546
SPADES JACK CLUBS TEN,0.716,0.0284,0.2556
SPADES ACE CLUBS TEN,0.2782,0.0168,0.705
SPADES QUEEN CLUBS TEN,0.7256,0.0304,0.244
SPADES FIVE HEARTS QUEEN,0.6726,0.0098,0.3176
SPADES FIVE HEARTS KING,0.6542,0.114,0.2318
SPADES FIVE HEARTS ACE,0.4582,0.0038,0.538
HEARTS THREE SPADES JACK,0.6714,0.0068,0.3218
SPADES JACK DIAMONDS KING,0.268,0.0862,0.6458
CLUBS EIGHT SPADES JACK,0.6498,0.0088,0.3414
SPADES ACE CLUBS EIGHT,0.4388,0.0042,0.557
HEARTS FIVE CLUBS JACK,0.6706,0.0068,0.3226
CLUBS SIX HEARTS ACE,0.4634,0.0034,0.5332
HEARTS FIVE CLUBS TEN,0.755,0.0344,0.2106
CLUBS EIGHT SPADES QUEEN,0.6606,0.0078,0.3316
SPADES THREE CLUBS TEN,0.7472,0.0318,0.221
CLUBS SIX HEARTS QUEEN,0.675,0.0066,0.3184
SPADES THREE CLUBS JACK,0.6798,0.0082,0.312
CLUBS SIX HEARTS KING,0.667,0.109,0.224
DIAMONDS TWO HEARTS JACK,0.6776,0.0082,0.3142
SPADES THREE CLUBS QUEEN,0.6716,0.0096,0.3188
DIAMONDS TWO HEARTS TEN,0.7568,0.034,0.2092
SPADES THREE CLUBS KING,0.669,0.1132,0.2178
HEARTS FIVE CLUBS ACE,0.459,0.004,0.537
SPADES FIVE HEARTS TEN,0.7468,0.0324,0.2208
SPADES THREE CLUBS ACE,0.4426,0.0064,0.551
HEARTS FIVE CLUBS KING,0.6606,0.1094,0.23
SPADES FIVE HEARTS JACK,0.6708,0.0054,0.3238
HEARTS FIVE CLUBS QUEEN,0.676,0.0062,0.3178
HEARTS THREE CLUBS KING,0.6768,0.1078,0.2154
DIAMONDS KING CLUBS KING,0.157,0.0098,0.8332
HEARTS THREE CLUBS QUEEN,0.675,0.0068,0.3182
DIAMONDS KING CLUBS QUEEN,0.2924,0.058,0.6496
HEARTS FIVE HEARTS JACK,0.6248,0.008,0.3672
HEARTS FIVE HEARTS TEN,0.7108,0.0292,0.26
HEARTS THREE CLUBS ACE,0.4614,0.0036,0.535
DIAMONDS KING CLUBS ACE,0.2998,0.0124,0.6878
SPADES ACE CLUBS QUEEN,0.4104,0.0062,0.5834
HEARTS THREE CLUBS JACK,0.6672,0.0074,0.3254
DIAMONDS KING CLUBS JACK,0.2766,0.0896,0.6338
SPADES QUEEN CLUBS QUEEN,0.3198,0.005,0.6752
HEARTS THREE CLUBS TEN,0.7432,0.036,0.2208
DIAMONDS KING CLUBS TEN,0.0728,0.9026,0.0246
SPADES JACK CLUBS QUEEN,0.602,0.0084,0.3896
CLUBS SIX CLUBS QUEEN,0.6492,0.007,0.3438
CLUBS SIX CLUBS KING,0.6358,0.1032,0.261
CLUBS SIX CLUBS ACE,0.4276,0.0032,0.5692
HEARTS FIVE HEARTS KING,0.6324,0.1068,0.2608
HEARTS FIVE HEARTS QUEEN,0.6282,0.0062,0.3656
CLUBS SIX CLUBS TEN,0.687,0.034,0.279
HEARTS FIVE HEARTS ACE,0.4268,0.0034,0.5698
CLUBS SIX CLUBS JACK,0.6468,0.0056,0.3476
SPADES SEVEN HEARTS JACK,0.6582,0.0076,0.3342
SPADES SEVEN HEARTS TEN,0.7144,0.036,0.2496
DIAMONDS TWO CLUBS TWO,0.5064,0.0114,0.4822
DIAMONDS TWO CLUBS THREE,0.669,0.0086,0.3224
HEARTS SIX DIAMONDS TWO,0.6706,0.008,0.3214
DIAMONDS TWO HEARTS QUEEN,0.684,0.0086,0.3074
DIAMONDS TWO HEARTS SEVEN,0.693,0.0064,0.3006
DIAMONDS TWO HEARTS KING,0.674,0.1134,0.2126
DIAMONDS TWO HEARTS EIGHT,0.6868,0.007,0.3062
DIAMONDS TWO HEARTS ACE,0.4586,0.0048,0.5366
DIAMONDS TWO HEARTS NINE,0.699,0.0074,0.2936
DIAMONDS TWO DIAMONDS QUEEN,0.6388,0.0062,0.355
DIAMONDS TWO HEARTS TWO,0.5164,0.0098,0.4738
DIAMONDS TWO DIAMONDS KING,0.6318,0.0966,0.2716
HEARTS THREE DIAMONDS TWO,0.6744,0.0068,0.3188
DIAMONDS TWO DIAMONDS ACE,0.4274,0.0048,0.5678
HEARTS FOUR DIAMONDS TWO,0.6712,0.0074,0.3214
DIAMONDS TWO HEARTS FIVE,0.6774,0.009,0.3136
SPADES SEVEN HEARTS ACE,0.4668,0.0026,0.5306
DIAMONDS TWO DIAMONDS TEN,0.708,0.0356,0.2564
SPADES SEVEN HEARTS KING,0.6682,0.1156,0.2162
DIAMONDS TWO DIAMONDS JACK,0.6352,0.006,0.3588
SPADES SEVEN HEARTS QUEEN,0.6658,0.0076,0.3266
DIAMONDS TWO SPADES NINE,0.6958,0.0076,0.2966
DIAMONDS TWO SPADES EIGHT,0.6968,0.0058,0.2974
DIAMONDS TWO SPADES SEVEN,0.7092,0.0098,0.281
DIAMONDS TWO SPADES SIX,0.679,0.0072,0.3138
DIAMONDS TWO SPADES FIVE,0.663,0.0112,0.3258
DIAMONDS TWO SPADES FOUR,0.6668,0.0086,0.3246
DIAMONDS TWO SPADES THREE,0.67,0.0082,0.3218
DIAMONDS TWO SPADES TWO,0.5238,0.0108,0.4654
CLUBS NINE DIAMONDS TWO,0.7012,0.0078,0.291
CLUBS EIGHT DIAMONDS TWO,0.6948,0.007,0.2982
DIAMONDS TWO CLUBS SEVEN,0.6974,0.006,0.2966
CLUBS SIX DIAMONDS TWO,0.6888,0.0062,0.305
DIAMONDS TWO CLUBS FIVE,0.6666,0.0078,0.3256
DIAMONDS TWO CLUBS FOUR,0.6714,0.008,0.3206
CLUBS FOUR SPADES FIVE,0.6366,0.0086,0.3548
CLUBS FOUR SPADES FOUR,0.5022,0.0112,0.4866
CLUBS FOUR SPADES THREE,0.6512,0.01,0.3388
CLUBS FOUR SPADES TWO,0.6528,0.0094,0.3378
SPADES NINE CLUBS FOUR,0.6948,0.0086,0.2966
SPADES EIGHT CLUBS FOUR,0.679,0.01,0.311
CLUBS FOUR SPADES SEVEN,0.668,0.0096,0.3224
CLUBS FOUR SPADES SIX,0.6546,0.0084,0.337
SPADES ACE DIAMONDS SIX,0.4608,0.0056,0.5336
SPADES QUEEN DIAMONDS SIX,0.6718,0.0054,0.3228
SPADES JACK DIAMONDS SIX,0.6874,0.0058,0.3068
SPADES QUEEN SPADES TWO,0.673,0.0068,0.3202
SPADES ACE SPADES TWO,0.4172,0.0052,0.5776
DIAMONDS JACK CLUBS JACK,0.3404,0.0066,0.653
DIAMONDS JACK CLUBS TEN,0.7222,0.021,0.2568
DIAMONDS JACK CLUBS KING,0.2878,0.0846,0.6276
DIAMONDS JACK CLUBS QUEEN,0.6214,0.0092,0.3694
DIAMONDS THREE DIAMONDS JACK,0.6306,0.0068,0.3626
DIAMONDS THREE DIAMONDS TEN,0.7112,0.033,0.2558
DIAMONDS JACK CLUBS ACE,0.4174,0.0046,0.578
DIAMONDS THREE DIAMONDS KING,0.628,0.104,0.268
HEARTS THREE DIAMONDS THREE,0.5028,0.0108,0.4864
DIAMONDS THREE DIAMONDS QUEEN,0.6432,0.009,0.3478
DIAMONDS THREE HEARTS TWO,0.6718,0.0086,0.3196
HEARTS FIVE DIAMONDS THREE,0.6528,0.008,0.3392
DIAMONDS THREE DIAMONDS ACE,0.4392,0.0058,0.555
HEARTS FOUR DIAMONDS THREE,0.6614,0.0076,0.331
DIAMONDS THREE HEARTS SEVEN,0.6938,0.0072,0.299
HEARTS SIX DIAMONDS THREE,0.6798,0.0058,0.3144
SPADES JACK SPADES NINE,0.634,0.0084,0.3576
DIAMONDS THREE HEARTS NINE,0.6906,0.0082,0.3012
HEARTS JACK DIAMONDS FOUR,0.6764,0.0054,0.3182
HEARTS KING HEARTS ACE,0.2748,0.0102,0.715
DIAMONDS THREE HEARTS EIGHT,0.6944,0.007,0.2986
HEARTS TEN DIAMONDS FOUR,0.7462,0.0334,0.2204
SPADES JACK SPADES TWO,0.6782,0.0098,0.312
HEARTS QUEEN DIAMONDS FOUR,0.6692,0.0084,0.3224
HEARTS KING DIAMONDS FOUR,0.686,0.0994,0.2146
SPADES ACE SPADES NINE,0.393,0.0052,0.6018
HEARTS ACE DIAMONDS FOUR,0.4688,0.0022,0.529
SPADES QUEEN SPADES NINE,0.6402,0.0092,0.3506
SPADES NINE DIAMONDS THREE,0.6856,0.0088,0.3056
DIAMONDS THREE SPADES EIGHT,0.6956,0.0088,0.2956
DIAMONDS THREE SPADES SEVEN,0.679,0.0068,0.3142
DIAMONDS THREE SPADES SIX,0.6626,0.0078,0.3296
CLUBS SIX DIAMONDS THREE,0.668,0.0054,0.3266
CLUBS ACE DIAMONDS FOUR,0.4668,0.0052,0.528
CLUBS SIX CLUBS FIVE,0.6082,0.0076,0.3842
CLUBS SEVEN CLUBS FIVE,0.6058,0.005,0.3892
CLUBS SEVEN DIAMONDS THREE,0.6962,0.007,0.2968
DIAMONDS THREE CLUBS FOUR,0.6464,0.0076,0.346
CLUBS QUEEN DIAMONDS FOUR,0.6736,0.0068,0.3196
DIAMONDS THREE CLUBS FIVE,0.6464,0.0102,0.3434
CLUBS KING DIAMONDS FOUR,0.6716,0.1132,0.2152
DIAMONDS THREE CLUBS TWO,0.6822,0.0104,0.3074
DIAMONDS FOUR CLUBS TEN,0.7484,0.0388,0.2128
DIAMONDS THREE CLUBS THREE,0.515,0.0104,0.4746
DIAMONDS FOUR CLUBS JACK,0.6784,0.006,0.3156
DIAMONDS THREE SPADES FOUR,0.6616,0.0074,0.331
DIAMONDS THREE SPADES FIVE,0.6644,0.0114,0.3242
DIAMONDS THREE SPADES TWO,0.6692,0.009,0.3218
DIAMONDS THREE SPADES THREE,0.5064,0.01,0.4836
CLUBS EIGHT DIAMONDS THREE,0.695,0.0068,0.2982
CLUBS NINE DIAMONDS THREE,0.7004,0.0072,0.2924
SPADES SEVEN CLUBS ACE,0.4478,0.0036,0.5486
SPADES SEVEN CLUBS QUEEN,0.6706,0.0074,0.322
SPADES SEVEN CLUBS KING,0.6726,0.1128,0.2146
SPADES SEVEN CLUBS FIVE,0.6434,0.0068,0.3498
SPADES SEVEN CLUBS TEN,0.7136,0.0312,0.2552
CLUBS FIVE SPADES SIX,0.648,0.0054,0.3466
SPADES SEVEN CLUBS JACK,0.6668,0.0062,0.327
SPADES NINE CLUBS FIVE,0.6822,0.0086,0.3092
SPADES EIGHT CLUBS FIVE,0.6644,0.006,0.3296
CLUBS FIVE SPADES THREE,0.6474,0.0074,0.3452
CLUBS FIVE SPADES TWO,0.6756,0.009,0.3154
CLUBS FIVE SPADES FIVE,0.4886,0.0102,0.5012
CLUBS FIVE SPADES FOUR,0.6438,0.008,0.3482
CLUBS NINE CLUBS FIVE,0.6502,0.0072,0.3426
CLUBS EIGHT CLUBS FIVE,0.635,0.0068,0.3582
CLUBS ACE CLUBS QUEEN,0.395,0.006,0.599
CLUBS KING CLUBS QUEEN,0.28,0.0544,0.6656
DIAMONDS TEN DIAMONDS FOUR,0.7084,0.033,0.2586
DIAMONDS NINE CLUBS TEN,0.7256,0.03,0.2444
DIAMONDS JACK DIAMONDS FOUR,0.643,0.0078,0.3492
DIAMONDS NINE CLUBS JACK,0.6406,0.0048,0.3546
SPADES NINE CLUBS JACK,0.6406,0.0076,0.3518
SPADES NINE CLUBS TEN,0.6976,0.0282,0.2742
DIAMONDS ACE DIAMONDS FOUR,0.4346,0.0068,0.5586
HEARTS FOUR DIAMONDS FOUR,0.517,0.0088,0.4742
DIAMONDS JACK HEARTS TEN,0.7154,0.0272,0.2574
SPADES NINE CLUBS KING,0.6652,0.1132,0.2216
DIAMONDS NINE CLUBS ACE,0.4492,0.005,0.5458
HEARTS FIVE DIAMONDS FOUR,0.6358,0.0076,0.3566
HEARTS JACK DIAMONDS JACK,0.3384,0.0066,0.655
SPADES JACK DIAMONDS TWO,0.6776,0.0066,0.3158
SPADES NINE CLUBS QUEEN,0.6594,0.0064,0.3342
DIAMONDS QUEEN DIAMONDS FOUR,0.629,0.007,0.364
HEARTS TWO DIAMONDS FOUR,0.6598,0.0072,0.333
DIAMONDS NINE CLUBS QUEEN,0.6628,0.006,0.3312
DIAMONDS KING DIAMONDS FOUR,0.6222,0.1088,0.269
HEARTS THREE DIAMONDS FOUR,0.6632,0.0062,0.3306
SPADES NINE CLUBS ACE,0.4432,0.0056,0.5512
DIAMONDS NINE CLUBS KING,0.6678,0.1118,0.2204
HEARTS ACE DIAMONDS JACK,0.4032,0.0042,0.5926
SPADES ACE DIAMONDS TWO,0.4446,0.0056,0.5498
DIAMONDS JACK HEARTS QUEEN,0.6134,0.0076,0.379
SPADES QUEEN DIAMONDS TWO,0.6752,0.0084,0.3164
HEARTS KING DIAMONDS JACK,0.2776,0.0806,0.6418
SPADES JACK SPADES SEVEN,0.6692,0.0068,0.324
CLUBS SEVEN CLUBS THREE,0.6354,0.0062,0.3584
CLUBS SIX CLUBS THREE,0.6274,0.007,0.3656
CLUBS FIVE CLUBS THREE,0.6218,0.0062,0.372
CLUBS FOUR CLUBS THREE,0.6032,0.009,0.3878
CLUBS NINE CLUBS THREE,0.65,0.0092,0.3408
CLUBS EIGHT CLUBS THREE,0.6616,0.0062,0.3322
SPADES FIVE CLUBS THREE,0.656,0.01,0.334
CLUBS THREE SPADES FOUR,0.6486,0.0092,0.3422
CLUBS THREE SPADES THREE,0.5066,0.0114,0.482
CLUBS THREE SPADES TWO,0.6768,0.0102,0.313
SPADES SIX CLUBS THREE,0.668,0.0098,0.3222
SPADES SEVEN CLUBS THREE,0.6736,0.0084,0.318
SPADES EIGHT CLUBS THREE,0.6812,0.007,0.3118
SPADES NINE CLUBS THREE,0.693,0.0064,0.3006
SPADES TWO DIAMONDS FOUR,0.6878,0.0076,0.3046
SPADES THREE DIAMONDS FOUR,0.6514,0.0084,0.3402
SPADES FOUR DIAMONDS FOUR,0.5078,0.0104,0.4818
SPADES FIVE DIAMONDS FOUR,0.6406,0.0086,0.3508
SPADES SIX DIAMONDS FOUR,0.6484,0.0082,0.3434
SPADES SEVEN DIAMONDS FOUR,0.6428,0.008,0.3492
SPADES EIGHT DIAMONDS FOUR,0.6794,0.007,0.3136
SPADES NINE DIAMONDS FOUR,0.69,0.0072,0.3028
CLUBS FIVE DIAMONDS FOUR,0.6544,0.006,0.3396
CLUBS FOUR DIAMONDS FOUR,0.506,0.0098,0.4842
CLUBS SEVEN DIAMONDS FOUR,0.6682,0.0068,0.325
CLUBS SIX DIAMONDS FOUR,0.6618,0.0072,0.331
CLUBS NINE DIAMONDS FOUR,0.7032,0.0042,0.2926
CLUBS EIGHT DIAMONDS FOUR,0.6744,0.006,0.3196
DIAMONDS FOUR HEARTS SEVEN,0.659,0.007,0.334
HEARTS SIX DIAMONDS FOUR,0.6638,0.0068,0.3294
HEARTS NINE DIAMONDS FOUR,0.6852,0.0048,0.31
DIAMONDS FOUR HEARTS EIGHT,0.6756,0.006,0.3184
CLUBS THREE DIAMONDS FOUR,0.6644,0.0078,0.3278
CLUBS TWO DIAMONDS FOUR,0.6748,0.0098,0.3154
DIAMONDS TEN DIAMONDS FIVE,0.703,0.032,0.265
DIAMONDS JACK DIAMONDS FIVE,0.6374,0.0064,0.3562
DIAMONDS NINE HEARTS QUEEN,0.6684,0.0052,0.3264
HEARTS KING DIAMONDS NINE,0.6652,0.1156,0.2192
DIAMONDS NINE HEARTS ACE,0.449,0.0054,0.5456
DIAMONDS NINE HEARTS TEN,0.722,0.031,0.247
DIAMONDS NINE HEARTS JACK,0.6458,0.005,0.3492
CLUBS KING DIAMONDS SIX,0.6674,0.1116,0.221
CLUBS QUEEN DIAMONDS SIX,0.6734,0.0052,0.3214
CLUBS ACE DIAMONDS SIX,0.4606,0.0048,0.5346
SPADES ACE SPADES SEVEN,0.4014,0.005,0.5936
SPADES QUEEN DIAMONDS FOUR,0.6612,0.0074,0.3314
SPADES QUEEN SPADES SEVEN,0.6602,0.0092,0.3306
CLUBS JACK DIAMONDS SIX,0.6784,0.0046,0.317
SPADES ACE DIAMONDS FOUR,0.4418,0.0038,0.5544
CLUBS TEN DIAMONDS SIX,0.7196,0.0296,0.2508
CLUBS NINE CLUBS FOUR,0.6542,0.007,0.3388
CLUBS EIGHT CLUBS FOUR,0.648,0.0064,0.3456
SPADES JACK DIAMONDS FOUR,0.6714,0.0058,0.3228
CLUBS FOUR CLUBS FIVE,0.5992,0.0084,0.3924
CLUBS SEVEN CLUBS FOUR,0.635,0.0062,0.3588
CLUBS SIX CLUBS FOUR,0.6284,0.0064,0.3652
CLUBS SEVEN SPADES EIGHT,0.6436,0.0062,0.3502
SPADES NINE CLUBS SEVEN,0.6536,0.0052,0.3412
CLUBS SEVEN SPADES SIX,0.6418,0.006,0.3522
CLUBS SEVEN SPADES SEVEN,0.4964,0.007,0.4966
CLUBS SEVEN SPADES FIVE,0.6572,0.0062,0.3366
CLUBS SEVEN SPADES FOUR,0.6614,0.008,0.3306
CLUBS SEVEN SPADES THREE,0.6736,0.0066,0.3198
CLUBS SEVEN SPADES TWO,0.683,0.0076,0.3094
CLUBS NINE CLUBS SEVEN,0.6328,0.0076,0.3596
CLUBS EIGHT CLUBS SEVEN,0.6118,0.0088,0.3794
HEARTS SIX DIAMONDS FIVE,0.6424,0.0076,0.35
DIAMONDS FIVE HEARTS SEVEN,0.6626,0.006,0.3314
DIAMONDS FIVE HEARTS EIGHT,0.6674,0.0042,0.3284
HEARTS NINE DIAMONDS FIVE,0.687,0.0072,0.3058
DIAMONDS QUEEN DIAMONDS FIVE,0.6372,0.0078,0.355
HEARTS TWO DIAMONDS FIVE,0.6704,0.0082,0.3214
HEARTS KING HEARTS EIGHT,0.6416,0.1026,0.2558
DIAMONDS KING DIAMONDS FIVE,0.6354,0.1062,0.2584
HEARTS THREE DIAMONDS FIVE,0.6466,0.0098,0.3436
HEARTS QUEEN HEARTS EIGHT,0.625,0.0072,0.3678
DIAMONDS ACE DIAMONDS FIVE,0.438,0.005,0.557
HEARTS FOUR DIAMONDS FIVE,0.6506,0.0078,0.3416
HEARTS FIVE DIAMONDS FIVE,0.5058,0.01,0.4842
HEARTS ACE HEARTS EIGHT,0.4334,0.005,0.5616
CLUBS FOUR DIAMONDS FIVE,0.6498,0.0074,0.3428
CLUBS FIVE DIAMONDS FIVE,0.4896,0.0076,0.5028
CLUBS SIX DIAMONDS FIVE,0.6424,0.0082,0.3494
CLUBS SEVEN DIAMONDS FIVE,0.6634,0.006,0.3306
CLUBS TWO DIAMONDS FIVE,0.6752,0.0068,0.318
CLUBS THREE DIAMONDS FIVE,0.6596,0.0094,0.331
SPADES THREE DIAMONDS FIVE,0.649,0.0084,0.3426
SPADES TWO DIAMONDS FIVE,0.6624,0.0068,0.3308
SPADES FIVE DIAMONDS FIVE,0.5062,0.0092,0.4846
SPADES JACK DIAMONDS EIGHT,0.6444,0.0072,0.3484
HEARTS JACK CLUBS TEN,0.7154,0.0288,0.2558
SPADES FOUR DIAMONDS FIVE,0.6328,0.0078,0.3594
HEARTS JACK CLUBS JACK,0.3418,0.0054,0.6528
HEARTS JACK CLUBS QUEEN,0.6138,0.0082,0.378
CLUBS NINE DIAMONDS FIVE,0.6948,0.0066,0.2986
HEARTS JACK CLUBS KING,0.2784,0.0766,0.645
CLUBS EIGHT DIAMONDS FIVE,0.678,0.007,0.315
HEARTS JACK CLUBS ACE,0.4096,0.0044,0.586
SPADES SEVEN DIAMONDS FIVE,0.6544,0.0074,0.3382
SPADES SIX DIAMONDS FIVE,0.6326,0.0086,0.3588
SPADES QUEEN DIAMONDS EIGHT,0.6684,0.0068,0.3248
SPADES NINE DIAMONDS FIVE,0.6696,0.0088,0.3216
SPADES EIGHT DIAMONDS FIVE,0.6616,0.0062,0.3322
SPADES ACE DIAMONDS EIGHT,0.4566,0.0032,0.5402
DIAMONDS TEN DIAMONDS SIX,0.6972,0.0276,0.2752
HEARTS ACE DIAMONDS SEVEN,0.46,0.0038,0.5362
DIAMONDS JACK DIAMONDS SIX,0.6432,0.006,0.3508
HEARTS QUEEN DIAMONDS SEVEN,0.6718,0.0066,0.3216
HEARTS KING DIAMONDS SEVEN,0.6594,0.1134,0.2272
DIAMONDS ACE DIAMONDS SIX,0.4444,0.0044,0.5512
HEARTS FOUR DIAMONDS SIX,0.6476,0.007,0.3454
SPADES TWO HEARTS JACK,0.6698,0.0066,0.3236
HEARTS FIVE DIAMONDS SIX,0.646,0.006,0.348
SPADES TWO HEARTS TEN,0.752,0.0386,0.2094
DIAMONDS QUEEN DIAMONDS SIX,0.6382,0.0052,0.3566
HEARTS TWO DIAMONDS SIX,0.6908,0.005,0.3042
DIAMONDS KING DIAMONDS SIX,0.612,0.1118,0.2762
HEARTS THREE DIAMONDS SIX,0.6684,0.0062,0.3254
HEARTS EIGHT DIAMONDS SIX,0.6598,0.0058,0.3344
HEARTS NINE DIAMONDS SIX,0.6724,0.0072,0.3204
HEARTS SIX DIAMONDS SIX,0.4922,0.0088,0.499
HEARTS SEVEN DIAMONDS SIX,0.6316,0.0046,0.3638
HEARTS TEN DIAMONDS SEVEN,0.7342,0.0304,0.2354
CLUBS TWO DIAMONDS SIX,0.6822,0.0054,0.3124
HEARTS JACK DIAMONDS SEVEN,0.6626,0.0048,0.3326
CLUBS THREE DIAMONDS SIX,0.6734,0.0066,0.32
DIAMONDS EIGHT CLUBS JACK,0.6572,0.0054,0.3374
CLUBS SEVEN DIAMONDS SIX,0.642,0.0078,0.3502
CLUBS SIX DIAMONDS SIX,0.492,0.0072,0.5008
DIAMONDS EIGHT CLUBS TEN,0.7286,0.0292,0.2422
CLUBS FIVE DIAMONDS SIX,0.648,0.007,0.345
CLUBS FOUR DIAMONDS SIX,0.6618,0.0084,0.3298
HEARTS ACE HEARTS JACK,0.397,0.006,0.597
DIAMONDS EIGHT CLUBS ACE,0.463,0.0052,0.5318
HEARTS JACK HEARTS QUEEN,0.577,0.006,0.417
DIAMONDS EIGHT CLUBS KING,0.6758,0.1072,0.217
CLUBS NINE DIAMONDS SIX,0.6764,0.0072,0.3164
HEARTS KING HEARTS JACK,0.2678,0.077,0.6552
DIAMONDS EIGHT CLUBS QUEEN,0.6692,0.0064,0.3244
CLUBS EIGHT DIAMONDS SIX,0.6692,0.0056,0.3252
SPADES FIVE DIAMONDS SIX,0.6426,0.007,0.3504
HEARTS ACE SPADES TWO,0.4592,0.0044,0.5364
SPADES JACK HEARTS KING,0.2764,0.0738,0.6498
SPADES FOUR DIAMONDS SIX,0.6562,0.0084,0.3354
SPADES THREE DIAMONDS SIX,0.6772,0.0066,0.3162
SPADES TWO HEARTS QUEEN,0.6806,0.0098,0.3096
HEARTS KING SPADES TWO,0.6696,0.1134,0.217
SPADES TWO DIAMONDS SIX,0.6854,0.0078,0.3068
HEARTS TEN HEARTS EIGHT,0.69,0.0298,0.2802
SPADES NINE DIAMONDS SIX,0.6744,0.0076,0.318
HEARTS JACK HEARTS EIGHT,0.6234,0.0076,0.369
SPADES EIGHT DIAMONDS SIX,0.6608,0.0068,0.3324
SPADES SEVEN DIAMONDS SIX,0.6516,0.0056,0.3428
SPADES SIX DIAMONDS SIX,0.499,0.0108,0.4902
SPADES QUEEN HEARTS KING,0.2778,0.0608,0.6614
CLUBS ACE CLUBS KING,0.282,0.014,0.704
SPADES ACE HEARTS KING,0.2754,0.0134,0.7112
SPADES ACE HEARTS JACK,0.3864,0.0054,0.6082
SPADES QUEEN HEARTS JACK,0.619,0.0062,0.3748
SPADES JACK DIAMONDS TEN,0.711,0.0286,0.2604
SPADES ACE DIAMONDS TEN,0.2842,0.0202,0.6956
SPADES JACK HEARTS JACK,0.3342,0.0058,0.66
SPADES QUEEN DIAMONDS TEN,0.733,0.0294,0.2376
SPADES NINE DIAMONDS SEVEN,0.6476,0.0072,0.3452
SPADES EIGHT DIAMONDS SEVEN,0.654,0.0074,0.3386
SPADES SEVEN DIAMONDS SEVEN,0.4974,0.0104,0.4922
SPADES SIX DIAMONDS SEVEN,0.6382,0.0078,0.354
DIAMONDS KING DIAMONDS SEVEN,0.631,0.1058,0.2632
HEARTS THREE DIAMONDS SEVEN,0.6788,0.005,0.3162
HEARTS KING DIAMONDS FIVE,0.6762,0.1048,0.219
DIAMONDS QUEEN DIAMONDS SEVEN,0.6466,0.0074,0.346
HEARTS TWO DIAMONDS SEVEN,0.6994,0.0084,0.2922
HEARTS QUEEN DIAMONDS FIVE,0.665,0.0074,0.3276
HEARTS FIVE DIAMONDS SEVEN,0.6648,0.0056,0.3296
DIAMONDS ACE DIAMONDS SEVEN,0.4382,0.0036,0.5582
HEARTS FOUR DIAMONDS SEVEN,0.6696,0.0054,0.325
HEARTS ACE DIAMONDS FIVE,0.4624,0.0042,0.5334
HEARTS SEVEN DIAMONDS SEVEN,0.4928,0.0064,0.5008
HEARTS SIX DIAMONDS SEVEN,0.6608,0.0054,0.3338
HEARTS NINE DIAMONDS SEVEN,0.6498,0.0066,0.3436
DIAMONDS SEVEN HEARTS EIGHT,0.6512,0.0068,0.342
DIAMONDS JACK DIAMONDS SEVEN,0.6318,0.007,0.3612
HEARTS JACK DIAMONDS FIVE,0.6712,0.0066,0.3222
DIAMONDS TEN DIAMONDS SEVEN,0.6734,0.0324,0.2942
DIAMONDS FIVE HEARTS TEN,0.7426,0.031,0.2264
HEARTS KING CLUBS KING,0.158,0.0116,0.8304
CLUBS EIGHT DIAMONDS SEVEN,0.6362,0.0076,0.3562
SPADES QUEEN CLUBS TWO,0.6904,0.0092,0.3004
HEARTS KING CLUBS QUEEN,0.2866,0.0552,0.6582
CLUBS NINE DIAMONDS SEVEN,0.6564,0.0056,0.338
SPADES TWO CLUBS JACK,0.6712,0.0084,0.3204
SPADES ACE CLUBS TWO,0.4466,0.0046,0.5488
SPADES TWO CLUBS TEN,0.7532,0.0354,0.2114
HEARTS KING CLUBS ACE,0.2902,0.012,0.6978
CLUBS SIX CLUBS SEVEN,0.6106,0.006,0.3834
SPADES TWO CLUBS KING,0.665,0.115,0.22
SPADES TWO DIAMONDS SEVEN,0.6838,0.0074,0.3088
CLUBS EIGHT CLUBS SIX,0.6276,0.0054,0.367
SPADES THREE DIAMONDS SEVEN,0.679,0.007,0.314
SPADES TWO CLUBS QUEEN,0.6692,0.0082,0.3226
CLUBS NINE CLUBS SIX,0.6296,0.0076,0.3628
SPADES FOUR DIAMONDS SEVEN,0.66,0.0074,0.3326
HEARTS KING CLUBS JACK,0.296,0.0876,0.6164
SPADES FIVE DIAMONDS SEVEN,0.65,0.0066,0.3434
SPADES TWO CLUBS ACE,0.4576,0.0042,0.5382
HEARTS KING CLUBS TEN,0.0714,0.9032,0.0254
CLUBS SIX SPADES TWO,0.6852,0.0086,0.3062
CLUBS SIX SPADES THREE,0.6614,0.0082,0.3304
CLUBS TWO DIAMONDS SEVEN,0.6778,0.0066,0.3156
CLUBS SIX SPADES FOUR,0.6498,0.0088,0.3414
CLUBS THREE DIAMONDS SEVEN,0.666,0.009,0.325
CLUBS SIX SPADES FIVE,0.6362,0.0054,0.3584
CLUBS FOUR DIAMONDS SEVEN,0.6618,0.0078,0.3304
CLUBS SIX SPADES SIX,0.4994,0.0106,0.49
CLUBS FIVE DIAMONDS SEVEN,0.6622,0.0056,0.3322
CLUBS SIX SPADES SEVEN,0.6402,0.0064,0.3534
CLUBS SIX DIAMONDS SEVEN,0.647,0.0036,0.3494
CLUBS SIX SPADES EIGHT,0.6638,0.0064,0.3298
SPADES JACK CLUBS TWO,0.6714,0.0078,0.3208
CLUBS SIX SPADES NINE,0.6694,0.0092,0.3214
CLUBS SEVEN DIAMONDS SEVEN,0.4926,0.0086,0.4988
CLUBS TWO CLUBS QUEEN,0.6486,0.0088,0.3426
CLUBS TWO CLUBS KING,0.6336,0.1024,0.264
CLUBS THREE DIAMONDS EIGHT,0.7012,0.0082,0.2906
CLUBS TWO CLUBS ACE,0.4318,0.004,0.5642
CLUBS TWO DIAMONDS EIGHT,0.6854,0.0084,0.3062
DIAMONDS EIGHT HEARTS SEVEN,0.642,0.006,0.352
HEARTS SIX DIAMONDS EIGHT,0.657,0.0072,0.3358
DIAMONDS EIGHT HEARTS NINE,0.6614,0.0062,0.3324
CLUBS TWO CLUBS TEN,0.7056,0.0304,0.264
DIAMONDS EIGHT HEARTS EIGHT,0.4962,0.0066,0.4972
CLUBS TWO CLUBS JACK,0.635,0.007,0.358
CLUBS NINE DIAMONDS EIGHT,0.6604,0.0072,0.3324
CLUBS EIGHT DIAMONDS EIGHT,0.491,0.0066,0.5024
CLUBS FIVE DIAMONDS EIGHT,0.672,0.006,0.322
SPADES ACE SPADES THREE,0.4074,0.0058,0.5868
CLUBS FOUR DIAMONDS EIGHT,0.6956,0.0056,0.2988
SPADES QUEEN SPADES THREE,0.67,0.008,0.322
CLUBS SEVEN DIAMONDS EIGHT,0.646,0.0068,0.3472
CLUBS SIX DIAMONDS EIGHT,0.6622,0.0064,0.3314
DIAMONDS QUEEN DIAMONDS EIGHT,0.621,0.0064,0.3726
HEARTS TWO DIAMONDS EIGHT,0.6862,0.0066,0.3072
DIAMONDS KING DIAMONDS EIGHT,0.6292,0.1052,0.2656
HEARTS THREE DIAMONDS EIGHT,0.6952,0.0056,0.2992
DIAMONDS ACE DIAMONDS EIGHT,0.4254,0.0052,0.5694
HEARTS FOUR DIAMONDS EIGHT,0.6822,0.0068,0.311
HEARTS FIVE DIAMONDS EIGHT,0.6716,0.0068,0.3216
DIAMONDS EIGHT DIAMONDS TEN,0.7024,0.0276,0.27
DIAMONDS EIGHT DIAMONDS JACK,0.6212,0.0086,0.3702
SPADES JACK SPADES THREE,0.6704,0.0068,0.3228
CLUBS FOUR HEARTS ACE,0.447,0.0038,0.5492
CLUBS FOUR HEARTS QUEEN,0.6766,0.0074,0.316
CLUBS FOUR HEARTS KING,0.674,0.1042,0.2218
CLUBS SIX HEARTS TEN,0.7364,0.0336,0.23
CLUBS SIX HEARTS JACK,0.6834,0.0064,0.3102
SPADES FOUR DIAMONDS EIGHT,0.6708,0.0082,0.321
SPADES FIVE DIAMONDS EIGHT,0.6546,0.0078,0.3376
DIAMONDS EIGHT SPADES TWO,0.7034,0.007,0.2896
SPADES THREE DIAMONDS EIGHT,0.6908,0.0076,0.3016
CLUBS FOUR HEARTS JACK,0.675,0.0064,0.3186
SPADES EIGHT DIAMONDS EIGHT,0.49,0.0064,0.5036
SPADES JACK HEARTS EIGHT,0.6508,0.007,0.3422
CLUBS FOUR HEARTS TEN,0.7458,0.034,0.2202
SPADES JACK HEARTS TWO,0.6712,0.0072,0.3216
SPADES JACK DIAMONDS QUEEN,0.605,0.0066,0.3884
SPADES NINE DIAMONDS EIGHT,0.6642,0.0078,0.328
SPADES SIX DIAMONDS EIGHT,0.6668,0.0052,0.328
SPADES SEVEN DIAMONDS EIGHT,0.6466,0.0096,0.3438
SPADES ACE HEARTS TWO,0.4452,0.0052,0.5496
SPADES ACE DIAMONDS QUEEN,0.4042,0.0068,0.589
SPADES ACE HEARTS EIGHT,0.4396,0.0052,0.5552
SPADES QUEEN DIAMONDS QUEEN,0.3234,0.0044,0.6722
SPADES QUEEN HEARTS TWO,0.6774,0.01,0.3126
SPADES QUEEN HEARTS EIGHT,0.6592,0.0062,0.3346
CLUBS TWO HEARTS TEN,0.764,0.033,0.203
CLUBS TWO HEARTS JACK,0.6764,0.0064,0.3172
SPADES SEVEN DIAMONDS NINE,0.6668,0.0082,0.325
SPADES SIX DIAMONDS NINE,0.6752,0.0094,0.3154
SPADES NINE DIAMONDS NINE,0.4698,0.0098,0.5204
SPADES EIGHT DIAMONDS NINE,0.6506,0.0054,0.344
DIAMONDS NINE SPADES THREE,0.6858,0.0084,0.3058
SPADES JACK CLUBS KING,0.2776,0.08,0.6424
DIAMONDS NINE SPADES TWO,0.6984,0.0088,0.2928
SPADES FIVE DIAMONDS NINE,0.6798,0.006,0.3142
SPADES FOUR DIAMONDS NINE,0.6868,0.0074,0.3058
CLUBS NINE DIAMONDS NINE,0.488,0.0064,0.5056
CLUBS EIGHT DIAMONDS NINE,0.6534,0.009,0.3376
CLUBS SIX DIAMONDS NINE,0.6694,0.0044,0.3262
SPADES JACK CLUBS FOUR,0.668,0.0068,0.3252
CLUBS SEVEN DIAMONDS NINE,0.6496,0.0064,0.344
CLUBS FOUR DIAMONDS NINE,0.7076,0.0082,0.2842
CLUBS FIVE DIAMONDS NINE,0.6878,0.0078,0.3044
CLUBS TWO DIAMONDS NINE,0.6996,0.0048,0.2956
CLUBS THREE DIAMONDS NINE,0.6942,0.0058,0.3
DIAMONDS NINE HEARTS EIGHT,0.6536,0.0058,0.3406
DIAMONDS NINE HEARTS NINE,0.485,0.0044,0.5106
HEARTS SIX DIAMONDS NINE,0.6748,0.0064,0.3188
DIAMONDS NINE HEARTS SEVEN,0.6606,0.0058,0.3336
CLUBS EIGHT CLUBS NINE,0.6202,0.007,0.3728
DIAMONDS ACE DIAMONDS NINE,0.42,0.004,0.576
HEARTS FOUR DIAMONDS NINE,0.7004,0.0052,0.2944
HEARTS FIVE DIAMONDS NINE,0.6766,0.0054,0.318
CLUBS TWO HEARTS ACE,0.4584,0.0058,0.5358
SPADES ACE CLUBS FOUR,0.4502,0.0036,0.5462
DIAMONDS QUEEN DIAMONDS NINE,0.6262,0.0058,0.368
HEARTS TWO DIAMONDS NINE,0.6922,0.006,0.3018
CLUBS TWO HEARTS KING,0.6784,0.1118,0.2098
DIAMONDS KING DIAMONDS NINE,0.6242,0.1092,0.2666
HEARTS THREE DIAMONDS NINE,0.6906,0.0066,0.3028
CLUBS TWO HEARTS QUEEN,0.6764,0.0068,0.3168
SPADES QUEEN CLUBS FOUR,0.6702,0.0064,0.3234
DIAMONDS NINE DIAMONDS JACK,0.615,0.0078,0.3772
CLUBS EIGHT SPADES NINE,0.6476,0.0064,0.346
DIAMONDS NINE DIAMONDS TEN,0.665,0.028,0.307
CLUBS EIGHT SPADES EIGHT,0.4884,0.007,0.5046
CLUBS EIGHT SPADES SEVEN,0.644,0.0074,0.3486
CLUBS EIGHT SPADES SIX,0.6646,0.0058,0.3296
CLUBS EIGHT SPADES FIVE,0.6708,0.0072,0.322
CLUBS EIGHT SPADES FOUR,0.6704,0.008,0.3216
CLUBS EIGHT SPADES THREE,0.7024,0.0062,0.2914
CLUBS EIGHT SPADES TWO,0.692,0.0068,0.3012
HEARTS SIX DIAMONDS TEN,0.7346,0.034,0.2314
DIAMONDS TEN HEARTS SEVEN,0.7458,0.0268,0.2274
DIAMONDS TEN HEARTS EIGHT,0.728,0.0308,0.2412
CLUBS FOUR CLUBS JACK,0.6314,0.0084,0.3602
DIAMONDS TEN HEARTS NINE,0.7114,0.0326,0.256
CLUBS FOUR CLUBS TEN,0.7122,0.0292,0.2586
CLUBS FOUR CLUBS KING,0.6146,0.1124,0.273
CLUBS FOUR CLUBS QUEEN,0.6226,0.011,0.3664
CLUBS TWO DIAMONDS TEN,0.7626,0.0322,0.2052
CLUBS THREE DIAMONDS TEN,0.7586,0.0334,0.208
CLUBS FOUR CLUBS ACE,0.4424,0.0048,0.5528
DIAMONDS JACK DIAMONDS TEN,0.6766,0.029,0.2944
DIAMONDS QUEEN DIAMONDS TEN,0.6898,0.0292,0.281
HEARTS TWO DIAMONDS TEN,0.755,0.0356,0.2094
DIAMONDS KING DIAMONDS TEN,0.0754,0.8532,0.0714
HEARTS THREE DIAMONDS TEN,0.762,0.0294,0.2086
DIAMONDS ACE DIAMONDS TEN,0.2816,0.0174,0.701
HEARTS FOUR DIAMONDS TEN,0.7402,0.0352,0.2246
CLUBS EIGHT HEARTS JACK,0.6606,0.0046,0.3348
HEARTS FIVE DIAMONDS TEN,0.7424,0.0352,0.2224
CLUBS EIGHT HEARTS TEN,0.7252,0.0316,0.2432
CLUBS EIGHT HEARTS QUEEN,0.674,0.0072,0.3188
CLUBS EIGHT HEARTS KING,0.6836,0.1044,0.212
CLUBS EIGHT HEARTS ACE,0.4544,0.0058,0.5398
CLUBS NINE SPADES THREE,0.701,0.0078,0.2912
CLUBS NINE SPADES TWO,0.6806,0.0086,0.3108
CLUBS NINE SPADES FIVE,0.6692,0.0074,0.3234
CLUBS NINE SPADES FOUR,0.6918,0.008,0.3002
CLUBS NINE SPADES SEVEN,0.65,0.0074,0.3426
CLUBS NINE SPADES SIX,0.67,0.0074,0.3226
CLUBS NINE SPADES NINE,0.4758,0.0088,0.5154
CLUBS TEN HEARTS EIGHT,0.7314,0.0328,0.2358
CLUBS NINE SPADES EIGHT,0.6498,0.0058,0.3444
CLUBS JACK HEARTS EIGHT,0.6638,0.006,0.3302
CLUBS QUEEN HEARTS EIGHT,0.6774,0.006,0.3166
CLUBS KING HEARTS EIGHT,0.6778,0.108,0.2142
CLUBS ACE HEARTS EIGHT,0.4682,0.0036,0.5282
SPADES QUEEN CLUBS KING,0.2778,0.0636,0.6586
SPADES ACE CLUBS KING,0.2772,0.0124,0.7104
DIAMONDS ACE HEARTS TEN,0.2926,0.0202,0.6872
HEARTS FOUR HEARTS TEN,0.7082,0.0342,0.2576
DIAMONDS ACE HEARTS JACK,0.4218,0.0036,0.5746
HEARTS FOUR HEARTS JACK,0.6446,0.0072,0.3482
SPADES QUEEN CLUBS FIVE,0.6688,0.0064,0.3248
SPADES ACE CLUBS FIVE,0.449,0.0056,0.5454
DIAMONDS JACK HEARTS SEVEN,0.6672,0.0068,0.326
HEARTS SIX DIAMONDS JACK,0.6766,0.0046,0.3188
DIAMONDS JACK HEARTS NINE,0.646,0.0054,0.3486
DIAMONDS JACK HEARTS EIGHT,0.663,0.0062,0.3308
DIAMONDS KING DIAMONDS JACK,0.2706,0.08,0.6494
HEARTS THREE DIAMONDS JACK,0.6786,0.0056,0.3158
SPADES FOUR HEARTS ACE,0.4514,0.0054,0.5432
SPADES ACE SPADES SIX,0.4076,0.0062,0.5862
DIAMONDS QUEEN DIAMONDS JACK,0.5792,0.0102,0.4106
HEARTS TWO DIAMONDS JACK,0.678,0.0082,0.3138
HEARTS FIVE DIAMONDS JACK,0.6778,0.0062,0.316
SPADES FOUR HEARTS QUEEN,0.672,0.0058,0.3222
SPADES QUEEN SPADES SIX,0.6602,0.0084,0.3314
DIAMONDS ACE DIAMONDS JACK,0.3874,0.0072,0.6054
HEARTS FOUR DIAMONDS JACK,0.6678,0.0074,0.3248
SPADES FOUR HEARTS KING,0.6616,0.099,0.2394
SPADES JACK SPADES SIX,0.6794,0.0088,0.3118
SPADES FOUR DIAMONDS JACK,0.673,0.0074,0.3196
SPADES FIVE DIAMONDS JACK,0.6798,0.008,0.3122
SPADES TWO DIAMONDS JACK,0.6664,0.0094,0.3242
SPADES THREE DIAMONDS JACK,0.6656,0.0072,0.3272
SPADES ACE DIAMONDS THREE,0.4476,0.0042,0.5482
SPADES QUEEN DIAMONDS THREE,0.6766,0.0062,0.3172
CLUBS EIGHT DIAMONDS JACK,0.6566,0.005,0.3384
CLUBS NINE DIAMONDS JACK,0.6556,0.0064,0.338
CLUBS SIX DIAMONDS JACK,0.6788,0.0056,0.3156
CLUBS SEVEN DIAMONDS JACK,0.6622,0.0074,0.3304
CLUBS FOUR DIAMONDS JACK,0.669,0.0054,0.3256
CLUBS FIVE DIAMONDS JACK,0.6816,0.0048,0.3136
CLUBS TWO DIAMONDS JACK,0.696,0.0066,0.2974
CLUBS THREE DIAMONDS JACK,0.6736,0.0066,0.3198
SPADES JACK HEARTS SIX,0.6692,0.005,0.3258
SPADES JACK CLUBS FIVE,0.6738,0.0056,0.3206
SPADES JACK DIAMONDS THREE,0.6662,0.0084,0.3254
CLUBS SEVEN CLUBS ACE,0.4388,0.0056,0.5556
CLUBS SEVEN CLUBS QUEEN,0.6276,0.0062,0.3662
CLUBS SEVEN CLUBS KING,0.6302,0.106,0.2638
SPADES NINE DIAMONDS JACK,0.6316,0.0072,0.3612
CLUBS SEVEN CLUBS TEN,0.6872,0.0286,0.2842
DIAMONDS ACE HEARTS ACE,0.1912,0.0032,0.8056
HEARTS FOUR HEARTS ACE,0.4278,0.0048,0.5674
SPADES EIGHT DIAMONDS JACK,0.6508,0.0094,0.3398
SPADES ACE HEARTS SIX,0.4366,0.006,0.5574
CLUBS SEVEN CLUBS JACK,0.6296,0.0084,0.362
DIAMONDS ACE HEARTS KING,0.2926,0.012,0.6954
HEARTS FOUR HEARTS KING,0.6298,0.105,0.2652
SPADES SEVEN DIAMONDS JACK,0.661,0.0058,0.3332
DIAMONDS ACE HEARTS QUEEN,0.4132,0.0042,0.5826
HEARTS FOUR HEARTS QUEEN,0.6278,0.0094,0.3628
SPADES SIX DIAMONDS JACK,0.6636,0.008,0.3284
SPADES QUEEN HEARTS SIX,0.676,0.006,0.318
SPADES TWO DIAMONDS TEN,0.744,0.037,0.219
SPADES THREE DIAMONDS TEN,0.7446,0.037,0.2184
SPADES FOUR DIAMONDS TEN,0.7506,0.0356,0.2138
SPADES FIVE DIAMONDS TEN,0.732,0.0358,0.2322
SPADES SIX DIAMONDS TEN,0.7182,0.0364,0.2454
SPADES SEVEN DIAMONDS TEN,0.7236,0.032,0.2444
SPADES EIGHT DIAMONDS TEN,0.7224,0.0348,0.2428
SPADES NINE DIAMONDS TEN,0.702,0.035,0.263
CLUBS FOUR DIAMONDS TEN,0.7494,0.034,0.2166
CLUBS FIVE DIAMONDS TEN,0.7428,0.0366,0.2206
CLUBS SIX DIAMONDS TEN,0.7404,0.0308,0.2288
CLUBS SEVEN DIAMONDS TEN,0.7216,0.028,0.2504
CLUBS EIGHT DIAMONDS TEN,0.7288,0.0338,0.2374
CLUBS NINE DIAMONDS TEN,0.7166,0.0336,0.2498
DIAMONDS THREE CLUBS JACK,0.6694,0.007,0.3236
DIAMONDS THREE CLUBS TEN,0.7508,0.036,0.2132
DIAMONDS THREE CLUBS KING,0.663,0.1202,0.2168
DIAMONDS THREE CLUBS QUEEN,0.6826,0.0048,0.3126
DIAMONDS THREE CLUBS ACE,0.4608,0.005,0.5342
SPADES FOUR HEARTS JACK,0.6716,0.008,0.3204
SPADES FOUR HEARTS TEN,0.7342,0.0362,0.2296
SPADES FIVE SPADES TWO,0.6576,0.009,0.3334
SPADES FOUR SPADES TWO,0.6722,0.01,0.3178
SPADES THREE SPADES TWO,0.6728,0.008,0.3192
SPADES NINE SPADES TWO,0.712,0.0068,0.2812
SPADES EIGHT SPADES TWO,0.6842,0.0084,0.3074
SPADES SEVEN SPADES TWO,0.681,0.0084,0.3106
SPADES SIX SPADES TWO,0.6718,0.0082,0.32
DIAMONDS QUEEN CLUBS THREE,0.6756,0.0068,0.3176
HEARTS TWO CLUBS THREE,0.6754,0.012,0.3126
DIAMONDS QUEEN CLUBS TWO,0.6716,0.0074,0.321
CLUBS TWO HEARTS TWO,0.5148,0.0098,0.4754
DIAMONDS QUEEN HEARTS SEVEN,0.678,0.0048,0.3172
HEARTS TWO HEARTS SEVEN,0.653,0.0052,0.3418
HEARTS SIX DIAMONDS QUEEN,0.6856,0.0044,0.31
HEARTS SIX HEARTS TWO,0.644,0.0092,0.3468
DIAMONDS QUEEN HEARTS NINE,0.6512,0.0068,0.342
HEARTS TWO HEARTS NINE,0.6634,0.0046,0.332
DIAMONDS QUEEN HEARTS EIGHT,0.6712,0.0076,0.3212
HEARTS TWO HEARTS EIGHT,0.6448,0.0074,0.3478
CLUBS NINE HEARTS TWO,0.6926,0.0076,0.2998
CLUBS NINE DIAMONDS QUEEN,0.6586,0.0078,0.3336
CLUBS EIGHT HEARTS TWO,0.6842,0.0108,0.305
CLUBS EIGHT DIAMONDS QUEEN,0.6592,0.0064,0.3344
CLUBS FIVE DIAMONDS QUEEN,0.6724,0.0056,0.322
CLUBS FIVE HEARTS TWO,0.6802,0.0096,0.3102
SPADES EIGHT HEARTS ACE,0.444,0.005,0.551
CLUBS FOUR DIAMONDS QUEEN,0.6706,0.0068,0.3226
CLUBS FOUR HEARTS TWO,0.6628,0.0092,0.328
SPADES EIGHT HEARTS QUEEN,0.6618,0.0052,0.333
CLUBS SEVEN HEARTS TWO,0.6988,0.007,0.2942
CLUBS SEVEN DIAMONDS QUEEN,0.6852,0.0038,0.311
CLUBS SIX DIAMONDS QUEEN,0.6916,0.005,0.3034
CLUBS SIX HEARTS TWO,0.677,0.0074,0.3156
SPADES EIGHT HEARTS KING,0.6758,0.1076,0.2166
DIAMONDS QUEEN SPADES SIX,0.6646,0.0076,0.3278
SPADES SIX HEARTS TWO,0.688,0.0076,0.3044
HEARTS FOUR CLUBS QUEEN,0.6768,0.0048,0.3184
DIAMONDS ACE CLUBS QUEEN,0.4258,0.0032,0.571
SPADES SEVEN DIAMONDS QUEEN,0.6674,0.0066,0.326
SPADES SEVEN HEARTS TWO,0.6898,0.0074,0.3028
HEARTS FOUR CLUBS KING,0.6584,0.1114,0.2302
DIAMONDS ACE CLUBS KING,0.2938,0.0104,0.6958
SPADES EIGHT DIAMONDS QUEEN,0.6622,0.0054,0.3324
SPADES EIGHT HEARTS TWO,0.6732,0.0076,0.3192
HEARTS FOUR CLUBS ACE,0.461,0.0058,0.5332
DIAMONDS ACE CLUBS ACE,0.1856,0.0034,0.811
SPADES NINE HEARTS TWO,0.6922,0.0092,0.2986
SPADES NINE DIAMONDS QUEEN,0.6472,0.0086,0.3442
HEARTS TWO SPADES TWO,0.5048,0.0136,0.4816
DIAMONDS QUEEN SPADES TWO,0.6754,0.0066,0.318
HEARTS TWO SPADES THREE,0.6684,0.0118,0.3198
DIAMONDS QUEEN SPADES THREE,0.6704,0.008,0.3216
HEARTS TWO SPADES FOUR,0.6658,0.0078,0.3264
DIAMONDS QUEEN SPADES FOUR,0.674,0.0062,0.3198
HEARTS FOUR CLUBS TEN,0.7476,0.0356,0.2168
DIAMONDS ACE CLUBS TEN,0.2822,0.022,0.6958
DIAMONDS QUEEN SPADES FIVE,0.6768,0.0082,0.315
HEARTS TWO SPADES FIVE,0.6696,0.0092,0.3212
HEARTS FOUR CLUBS JACK,0.668,0.0066,0.3254
DIAMONDS ACE CLUBS JACK,0.404,0.0042,0.5918
CLUBS FIVE CLUBS KING,0.6384,0.1012,0.2604
CLUBS FIVE CLUBS QUEEN,0.6252,0.0064,0.3684
CLUBS FIVE CLUBS ACE,0.4332,0.0052,0.5616
CLUBS FIVE CLUBS JACK,0.6276,0.0086,0.3638
CLUBS FIVE CLUBS TEN,0.7056,0.0346,0.2598
SPADES QUEEN CLUBS JACK,0.6146,0.007,0.3784
SPADES ACE CLUBS JACK,0.3842,0.0046,0.6112
SPADES SIX CLUBS KING,0.664,0.1116,0.2244
SPADES SIX CLUBS QUEEN,0.6728,0.0064,0.3208
SPADES EIGHT HEARTS JACK,0.6488,0.0072,0.344
SPADES SIX CLUBS ACE,0.4516,0.0038,0.5446
SPADES EIGHT HEARTS TEN,0.7238,0.0342,0.242
SPADES SIX CLUBS JACK,0.6712,0.005,0.3238
SPADES SIX CLUBS TEN,0.7376,0.04,0.2224
SPADES JACK CLUBS JACK,0.3228,0.0066,0.6706
SPADES QUEEN CLUBS SEVEN,0.664,0.0074,0.3286
SPADES ACE CLUBS SEVEN,0.4512,0.004,0.5448
SPADES SIX HEARTS TEN,0.7278,0.035,0.2372
SPADES SIX HEARTS JACK,0.6736,0.0064,0.32
SPADES SIX HEARTS ACE,0.4426,0.0052,0.5522
SPADES SIX HEARTS KING,0.6576,0.1168,0.2256
SPADES SIX HEARTS QUEEN,0.661,0.0056,0.3334
SPADES JACK CLUBS SEVEN,0.6726,0.0056,0.3218
HEARTS SIX CLUBS TEN,0.737,0.0358,0.2272
HEARTS SIX CLUBS JACK,0.677,0.0072,0.3158
CLUBS ACE CLUBS JACK,0.3876,0.0054,0.607
HEARTS SIX CLUBS QUEEN,0.6766,0.0062,0.3172
HEARTS SIX CLUBS KING,0.6616,0.1156,0.2228
HEARTS SIX CLUBS ACE,0.4588,0.0038,0.5374
CLUBS QUEEN CLUBS JACK,0.569,0.008,0.423
CLUBS KING CLUBS JACK,0.2664,0.0824,0.6512
DIAMONDS THREE HEARTS ACE,0.4702,0.0054,0.5244
DIAMONDS THREE HEARTS QUEEN,0.66,0.0058,0.3342
DIAMONDS THREE HEARTS KING,0.6642,0.1076,0.2282
CLUBS FIVE HEARTS JACK,0.6706,0.0062,0.3232
CLUBS FIVE HEARTS TEN,0.7348,0.0404,0.2248
HEARTS FOUR SPADES JACK,0.6654,0.007,0.3276
SPADES JACK DIAMONDS ACE,0.403,0.0058,0.5912
SPADES ACE HEARTS FOUR,0.4432,0.0066,0.5502
SPADES ACE DIAMONDS ACE,0.1762,0.004,0.8198
CLUBS FIVE HEARTS ACE,0.4606,0.0044,0.535
CLUBS FIVE HEARTS KING,0.6712,0.106,0.2228
SPADES FOUR CLUBS JACK,0.6756,0.0062,0.3182
SPADES QUEEN DIAMONDS ACE,0.4134,0.0046,0.582
HEARTS FOUR SPADES QUEEN,0.6632,0.0066,0.3302
CLUBS FIVE HEARTS QUEEN,0.6794,0.0074,0.3132
SPADES FOUR CLUBS TEN,0.737,0.036,0.227
DIAMONDS QUEEN DIAMONDS ACE,0.3962,0.0024,0.6014
HEARTS TWO DIAMONDS ACE,0.4582,0.0062,0.5356
HEARTS FOUR DIAMONDS QUEEN,0.6778,0.0062,0.316
HEARTS FOUR HEARTS TWO,0.63,0.0068,0.3632
DIAMONDS THREE HEARTS TEN,0.7598,0.0346,0.2056
SPADES FOUR CLUBS KING,0.6644,0.1096,0.226
HEARTS FIVE DIAMONDS QUEEN,0.6726,0.0096,0.3178
HEARTS FIVE HEARTS TWO,0.6258,0.009,0.3652
DIAMONDS THREE HEARTS JACK,0.6842,0.0076,0.3082
SPADES FOUR CLUBS QUEEN,0.6676,0.0096,0.3228
DIAMONDS QUEEN HEARTS TWO,0.6768,0.0074,0.3158
DIAMONDS KING DIAMONDS QUEEN,0.2782,0.0546,0.6672
DIAMONDS KING HEARTS TWO,0.675,0.1114,0.2136
HEARTS THREE DIAMONDS QUEEN,0.6758,0.0082,0.316
HEARTS THREE HEARTS TWO,0.625,0.009,0.366
SPADES FOUR CLUBS ACE,0.458,0.0044,0.5376
HEARTS TWO CLUBS ACE,0.4524,0.0052,0.5424
DIAMONDS QUEEN CLUBS ACE,0.42,0.0042,0.5758
HEARTS TWO CLUBS QUEEN,0.6796,0.0072,0.3132
DIAMONDS QUEEN CLUBS QUEEN,0.3234,0.0056,0.671
HEARTS TWO CLUBS KING,0.6766,0.1102,0.2132
DIAMONDS QUEEN CLUBS KING,0.2884,0.0588,0.6528
SPADES EIGHT SPADES FIVE,0.6632,0.0098,0.327
HEARTS TWO CLUBS TEN,0.7556,0.0372,0.2072
DIAMONDS QUEEN CLUBS TEN,0.7398,0.0262,0.234
SPADES NINE SPADES FIVE,0.6904,0.0064,0.3032
HEARTS TWO CLUBS JACK,0.683,0.0066,0.3104
DIAMONDS QUEEN CLUBS JACK,0.6138,0.0076,0.3786
SPADES SIX SPADES FIVE,0.6356,0.009,0.3554
SPADES SEVEN SPADES FIVE,0.6476,0.007,0.3454
DIAMONDS FIVE CLUBS QUEEN,0.678,0.008,0.314
SPADES EIGHT CLUBS ACE,0.4558,0.006,0.5382
CLUBS KING DIAMONDS FIVE,0.6588,0.1138,0.2274
SPADES EIGHT CLUBS KING,0.6742,0.1166,0.2092
CLUBS ACE DIAMONDS FIVE,0.4624,0.0048,0.5328
SPADES EIGHT CLUBS QUEEN,0.6686,0.0064,0.325
SPADES EIGHT CLUBS JACK,0.6472,0.0076,0.3452
SPADES EIGHT CLUBS TEN,0.7286,0.0362,0.2352
DIAMONDS FIVE CLUBS TEN,0.749,0.037,0.214
DIAMONDS FIVE CLUBS JACK,0.6718,0.0082,0.32
HEARTS JACK DIAMONDS TEN,0.7196,0.0238,0.2566
DIAMONDS TEN HEARTS TEN,0.355,0.0226,0.6224
SPADES ACE CLUBS NINE,0.4436,0.0058,0.5506
SPADES QUEEN CLUBS NINE,0.655,0.008,0.337
HEARTS SIX HEARTS KING,0.629,0.103,0.268
DIAMONDS KING SPADES SEVEN,0.6658,0.1178,0.2164
HEARTS THREE SPADES SEVEN,0.675,0.009,0.316
HEARTS SIX HEARTS QUEEN,0.6242,0.0062,0.3696
DIAMONDS KING SPADES SIX,0.6736,0.1118,0.2146
HEARTS THREE SPADES SIX,0.664,0.0082,0.3278
SPADES QUEEN DIAMONDS SEVEN,0.6724,0.0066,0.321
HEARTS THREE SPADES NINE,0.6914,0.0088,0.2998
SPADES NINE DIAMONDS KING,0.6586,0.1118,0.2296
