opposingHand,winningChance,drawChance,lostChance
SPADES ACE DIAMONDS SEVEN
HEARTS FIVE SPADES TEN,0.6346,0.0054,0.36
HEARTS FIVE SPADES JACK,0.634,0.0048,0.3612
SPADES FIVE CLUBS JACK,0.6344,0.0042,0.3614
CLUBS TEN SPADES FIVE,0.652,0.003,0.345
CLUBS EIGHT CLUBS JACK,0.5464,0.004,0.4496
CLUBS TEN CLUBS EIGHT,0.5344,0.0038,0.4618
CLUBS EIGHT CLUBS KING,0.569,0.0026,0.4284
SPADES FIVE CLUBS ACE,0.4526,0.2988,0.2486
CLUBS EIGHT CLUBS QUEEN,0.5554,0.0032,0.4414
SPADES FIVE CLUBS KING,0.6452,0.0044,0.3504
SPADES FIVE CLUBS QUEEN,0.6392,0.0048,0.356
CLUBS EIGHT CLUBS ACE,0.2174,0.2218,0.5608
DIAMONDS TWO DIAMONDS THREE,0.6372,0.0052,0.3576
DIAMONDS TWO DIAMONDS FIVE,0.6258,0.0048,0.3694
SPADES KING HEARTS FIVE,0.6366,0.0038,0.3596
DIAMONDS TWO DIAMONDS FOUR,0.614,0.0072,0.3788
HEARTS FIVE SPADES QUEEN,0.6328,0.0034,0.3638
DIAMONDS TWO DIAMONDS SIX,0.6366,0.0056,0.3578
DIAMONDS TWO DIAMONDS NINE,0.6006,0.0044,0.395
DIAMONDS TWO DIAMONDS EIGHT,0.6196,0.0042,0.3762
DIAMONDS THREE DIAMONDS FOUR,0.6192,0.0032,0.3776
SPADES FOUR CLUBS TWO,0.6608,0.0066,0.3326
DIAMONDS THREE DIAMONDS FIVE,0.6086,0.0048,0.3866
SPADES FIVE CLUBS TWO,0.6594,0.0058,0.3348
CLUBS TWO SPADES TWO,0.4766,0.005,0.5184
CLUBS TWO SPADES THREE,0.655,0.0054,0.3396
DIAMONDS THREE DIAMONDS EIGHT,0.6086,0.0052,0.3862
SPADES EIGHT CLUBS TWO,0.6568,0.0052,0.338
DIAMONDS THREE DIAMONDS NINE,0.6066,0.0048,0.3886
SPADES NINE CLUBS TWO,0.6528,0.004,0.3432
DIAMONDS THREE DIAMONDS SIX,0.6268,0.0066,0.3666
SPADES SIX CLUBS TWO,0.6706,0.0044,0.325
SPADES SEVEN CLUBS TWO,0.751,0.0336,0.2154
CLUBS SIX CLUBS TWO,0.6208,0.0042,0.375
CLUBS SEVEN CLUBS TWO,0.7132,0.025,0.2618
CLUBS FOUR CLUBS TWO,0.6146,0.006,0.3794
CLUBS FIVE CLUBS TWO,0.609,0.0036,0.3874
CLUBS TEN CLUBS JACK,0.5212,0.0048,0.474
DIAMONDS FOUR DIAMONDS SIX,0.6038,0.0038,0.3924
CLUBS TEN CLUBS QUEEN,0.5174,0.0046,0.478
CLUBS TEN CLUBS KING,0.526,0.0022,0.4718
CLUBS TEN CLUBS ACE,0.23,0.1124,0.6576
CLUBS EIGHT CLUBS TWO,0.604,0.0046,0.3914
DIAMONDS FIVE DIAMONDS FOUR,0.5992,0.0034,0.3974
CLUBS NINE CLUBS TWO,0.6042,0.004,0.3918
DIAMONDS NINE DIAMONDS FOUR,0.61,0.0046,0.3854
DIAMONDS FOUR DIAMONDS EIGHT,0.596,0.0068,0.3972
CLUBS THREE CLUBS TWO,0.6208,0.0056,0.3736
DIAMONDS NINE DIAMONDS FIVE,0.6052,0.0046,0.3902
DIAMONDS TWO CLUBS JACK,0.6582,0.0046,0.3372
DIAMONDS FIVE DIAMONDS EIGHT,0.5824,0.0052,0.4124
CLUBS TEN DIAMONDS TWO,0.6456,0.0052,0.3492
DIAMONDS FIVE DIAMONDS SIX,0.5936,0.0048,0.4016
DIAMONDS TWO CLUBS ACE,0.4636,0.3068,0.2296
DIAMONDS TWO CLUBS KING,0.6444,0.005,0.3506
DIAMONDS TWO CLUBS QUEEN,0.6406,0.0054,0.354
DIAMONDS EIGHT DIAMONDS SIX,0.5768,0.0052,0.418
DIAMONDS NINE DIAMONDS SIX,0.5938,0.005,0.4012
HEARTS ACE SPADES THREE,0.4648,0.3044,0.2308
SPADES THREE HEARTS KING,0.644,0.004,0.352
SPADES THREE HEARTS QUEEN,0.6446,0.0046,0.3508
SPADES THREE HEARTS JACK,0.639,0.004,0.357
SPADES THREE HEARTS TEN,0.6474,0.0028,0.3498
DIAMONDS NINE DIAMONDS EIGHT,0.5326,0.0052,0.4622
DIAMONDS KING HEARTS TEN,0.578,0.0026,0.4194
HEARTS THREE HEARTS TEN,0.5964,0.0044,0.3992
SPADES JACK CLUBS SIX,0.6422,0.0036,0.3542
DIAMONDS KING HEARTS JACK,0.5626,0.0026,0.4348
HEARTS THREE HEARTS JACK,0.601,0.0038,0.3952
SPADES TEN CLUBS SIX,0.6468,0.004,0.3492
SPADES JACK SPADES FIVE,0.6076,0.0038,0.3886
SPADES TEN SPADES FIVE,0.6086,0.0058,0.3856
DIAMONDS KING HEARTS ACE,0.259,0.0464,0.6946
HEARTS THREE HEARTS ACE,0.4358,0.287,0.2772
DIAMONDS KING HEARTS QUEEN,0.5686,0.0048,0.4266
HEARTS THREE HEARTS QUEEN,0.5892,0.004,0.4068
SPADES KING CLUBS SIX,0.6614,0.003,0.3356
DIAMONDS KING HEARTS KING,0.2812,0.0042,0.7146
HEARTS THREE HEARTS KING,0.5904,0.0046,0.405
SPADES QUEEN CLUBS SIX,0.6462,0.002,0.3518
SPADES NINE HEARTS TEN,0.565,0.0062,0.4288
SPADES NINE HEARTS JACK,0.5812,0.0042,0.4146
SPADES QUEEN SPADES FIVE,0.604,0.0052,0.3908
SPADES KING SPADES FIVE,0.612,0.006,0.382
SPADES NINE HEARTS QUEEN,0.5864,0.0026,0.411
SPADES NINE HEARTS KING,0.6056,0.0028,0.3916
SPADES NINE HEARTS ACE,0.2352,0.1692,0.5956
CLUBS TEN SPADES JACK,0.5554,0.0048,0.4398
CLUBS TEN SPADES TEN,0.3268,0.0028,0.6704
SPADES KING CLUBS TEN,0.5834,0.0034,0.4132
SPADES QUEEN CLUBS TEN,0.5568,0.0028,0.4404
SPADES FIVE HEARTS QUEEN,0.6396,0.0034,0.357
SPADES FIVE HEARTS KING,0.6348,0.0058,0.3594
SPADES FIVE HEARTS ACE,0.4664,0.3076,0.226
SPADES JACK HEARTS THREE,0.6476,0.003,0.3494
SPADES JACK DIAMONDS KING,0.5766,0.0058,0.4176
SPADES TEN CLUBS EIGHT,0.5802,0.0024,0.4174
SPADES JACK CLUBS EIGHT,0.5776,0.0046,0.4178
SPADES TEN HEARTS THREE,0.635,0.004,0.361
SPADES TEN DIAMONDS KING,0.5628,0.0052,0.432
CLUBS SIX HEARTS ACE,0.4744,0.2924,0.2332
HEARTS FIVE CLUBS JACK,0.6336,0.004,0.3624
HEARTS FIVE CLUBS TEN,0.6418,0.0036,0.3546
CLUBS SIX HEARTS QUEEN,0.6532,0.0024,0.3444
SPADES QUEEN CLUBS EIGHT,0.5974,0.004,0.3986
CLUBS TEN SPADES THREE,0.6548,0.0044,0.3408
CLUBS SIX HEARTS KING,0.6512,0.0034,0.3454
SPADES KING CLUBS EIGHT,0.6032,0.0026,0.3942
SPADES THREE CLUBS JACK,0.6328,0.0042,0.363
DIAMONDS TWO HEARTS JACK,0.6458,0.006,0.3482
SPADES THREE CLUBS QUEEN,0.6452,0.0044,0.3504
DIAMONDS TWO HEARTS TEN,0.6468,0.004,0.3492
SPADES THREE CLUBS KING,0.6386,0.005,0.3564
HEARTS FIVE CLUBS ACE,0.4484,0.295,0.2566
SPADES FIVE HEARTS TEN,0.6452,0.0044,0.3504
SPADES THREE CLUBS ACE,0.4616,0.2986,0.2398
HEARTS FIVE CLUBS KING,0.6366,0.0038,0.3596
SPADES FIVE HEARTS JACK,0.6382,0.005,0.3568
HEARTS FIVE CLUBS QUEEN,0.6204,0.0034,0.3762
HEARTS THREE CLUBS KING,0.6348,0.0038,0.3614
DIAMONDS KING CLUBS KING,0.2828,0.004,0.7132
HEARTS THREE CLUBS QUEEN,0.6392,0.0044,0.3564
DIAMONDS KING CLUBS QUEEN,0.5668,0.004,0.4292
HEARTS FIVE HEARTS JACK,0.5894,0.0036,0.407
HEARTS FIVE HEARTS TEN,0.6114,0.0036,0.385
HEARTS THREE CLUBS ACE,0.4736,0.2928,0.2336
DIAMONDS KING CLUBS ACE,0.2456,0.049,0.7054
SPADES KING CLUBS QUEEN,0.5646,0.0034,0.432
HEARTS THREE CLUBS JACK,0.6424,0.0042,0.3534
DIAMONDS KING CLUBS JACK,0.5712,0.0024,0.4264
SPADES QUEEN CLUBS QUEEN,0.3002,0.0028,0.697
CLUBS TEN HEARTS THREE,0.6334,0.0028,0.3638
CLUBS TEN DIAMONDS KING,0.5736,0.0052,0.4212
SPADES JACK CLUBS QUEEN,0.5584,0.0028,0.4388
CLUBS SIX CLUBS QUEEN,0.5942,0.0028,0.403
SPADES TEN CLUBS QUEEN,0.5632,0.0042,0.4326
CLUBS SIX CLUBS KING,0.5986,0.0026,0.3988
CLUBS SIX CLUBS ACE,0.4546,0.2806,0.2648
HEARTS FIVE HEARTS KING,0.5796,0.004,0.4164
HEARTS FIVE HEARTS QUEEN,0.5992,0.0028,0.398
CLUBS TEN CLUBS SIX,0.5896,0.0024,0.408
HEARTS FIVE HEARTS ACE,0.4226,0.29,0.2874
CLUBS SIX CLUBS JACK,0.6118,0.004,0.3842
SPADES SEVEN HEARTS JACK,0.7246,0.0274,0.248
SPADES SEVEN HEARTS TEN,0.6974,0.0244,0.2782
DIAMONDS TWO CLUBS TWO,0.4724,0.005,0.5226
DIAMONDS TWO CLUBS THREE,0.6582,0.0034,0.3384
DIAMONDS TWO HEARTS SIX,0.68,0.0042,0.3158
DIAMONDS TWO HEARTS QUEEN,0.6364,0.0068,0.3568
HEARTS SEVEN DIAMONDS TWO,0.756,0.0304,0.2136
DIAMONDS TWO HEARTS KING,0.6322,0.0054,0.3624
DIAMONDS TWO HEARTS EIGHT,0.6404,0.0056,0.354
DIAMONDS TWO HEARTS ACE,0.4552,0.3002,0.2446
DIAMONDS TWO HEARTS NINE,0.6398,0.0046,0.3556
DIAMONDS TWO DIAMONDS QUEEN,0.6002,0.0052,0.3946
DIAMONDS TWO HEARTS TWO,0.4664,0.0038,0.5298
DIAMONDS TWO DIAMONDS KING,0.615,0.0038,0.3812
DIAMONDS TWO HEARTS THREE,0.6682,0.0046,0.3272
DIAMONDS TWO DIAMONDS ACE,0.4462,0.277,0.2768
HEARTS FOUR DIAMONDS TWO,0.6498,0.005,0.3452
HEARTS FIVE DIAMONDS TWO,0.6534,0.0052,0.3414
SPADES SEVEN HEARTS ACE,0.0146,0.9732,0.0122
DIAMONDS TWO DIAMONDS TEN,0.6088,0.0044,0.3868
SPADES SEVEN HEARTS KING,0.7326,0.0274,0.24
DIAMONDS TWO DIAMONDS JACK,0.6154,0.005,0.3796
SPADES SEVEN HEARTS QUEEN,0.736,0.026,0.238
DIAMONDS TWO SPADES NINE,0.658,0.0044,0.3376
DIAMONDS TWO SPADES EIGHT,0.664,0.0068,0.3292
DIAMONDS TWO SPADES SEVEN,0.7656,0.0332,0.2012
DIAMONDS TWO SPADES SIX,0.6794,0.0058,0.3148
DIAMONDS TWO SPADES FIVE,0.6524,0.0066,0.341
DIAMONDS TWO SPADES FOUR,0.6558,0.0066,0.3376
DIAMONDS TWO SPADES THREE,0.6532,0.0072,0.3396
DIAMONDS TWO SPADES TWO,0.4748,0.0074,0.5178
CLUBS NINE DIAMONDS TWO,0.658,0.0048,0.3372
DIAMONDS TWO CLUBS EIGHT,0.6582,0.0044,0.3374
CLUBS SEVEN DIAMONDS TWO,0.7576,0.0316,0.2108
DIAMONDS TWO CLUBS SIX,0.6682,0.0042,0.3276
DIAMONDS TWO CLUBS FIVE,0.6452,0.0058,0.349
DIAMONDS TWO CLUBS FOUR,0.6416,0.0054,0.353
CLUBS FOUR SPADES FIVE,0.6288,0.0058,0.3654
CLUBS FOUR SPADES FOUR,0.4728,0.0046,0.5226
CLUBS FOUR SPADES THREE,0.6514,0.006,0.3426
CLUBS FOUR SPADES TWO,0.665,0.0054,0.3296
SPADES NINE CLUBS FOUR,0.6436,0.0036,0.3528
SPADES EIGHT CLUBS FOUR,0.6294,0.0042,0.3664
SPADES SEVEN CLUBS FOUR,0.7326,0.033,0.2344
SPADES SIX CLUBS FOUR,0.6402,0.0042,0.3556
SPADES QUEEN DIAMONDS SIX,0.6384,0.0044,0.3572
SPADES KING DIAMONDS SIX,0.6526,0.0034,0.344
SPADES TEN DIAMONDS SIX,0.6308,0.0042,0.365
SPADES JACK DIAMONDS SIX,0.6372,0.0048,0.358
SPADES QUEEN SPADES TWO,0.605,0.0062,0.3888
SPADES KING SPADES TWO,0.6054,0.0052,0.3894
DIAMONDS JACK CLUBS JACK,0.3062,0.0066,0.6872
CLUBS TEN DIAMONDS JACK,0.5512,0.0046,0.4442
DIAMONDS JACK CLUBS KING,0.572,0.0032,0.4248
DIAMONDS JACK CLUBS QUEEN,0.553,0.0044,0.4426
DIAMONDS THREE DIAMONDS JACK,0.606,0.0046,0.3894
DIAMONDS THREE DIAMONDS TEN,0.5954,0.0062,0.3984
DIAMONDS JACK CLUBS ACE,0.2316,0.0902,0.6782
DIAMONDS THREE DIAMONDS KING,0.6198,0.0056,0.3746
DIAMONDS THREE HEARTS THREE,0.4748,0.004,0.5212
DIAMONDS THREE DIAMONDS QUEEN,0.6044,0.0046,0.391
DIAMONDS THREE HEARTS TWO,0.664,0.0056,0.3304
HEARTS FIVE DIAMONDS THREE,0.6412,0.0052,0.3536
DIAMONDS THREE DIAMONDS ACE,0.4324,0.289,0.2786
HEARTS FOUR DIAMONDS THREE,0.6538,0.0048,0.3414
HEARTS SEVEN DIAMONDS THREE,0.74,0.0272,0.2328
SPADES TEN SPADES NINE,0.5476,0.0044,0.448
HEARTS SIX DIAMONDS THREE,0.6678,0.0062,0.326
SPADES JACK SPADES NINE,0.5434,0.0048,0.4518
DIAMONDS THREE HEARTS NINE,0.6516,0.004,0.3444
HEARTS JACK DIAMONDS FOUR,0.6434,0.0032,0.3534
HEARTS ACE HEARTS KING,0.2368,0.0476,0.7156
SPADES TEN SPADES TWO,0.6246,0.0046,0.3708
DIAMONDS THREE HEARTS EIGHT,0.6566,0.0048,0.3386
HEARTS TEN DIAMONDS FOUR,0.6366,0.0036,0.3598
SPADES JACK SPADES TWO,0.5936,0.0048,0.4016
HEARTS QUEEN DIAMONDS FOUR,0.642,0.003,0.355
HEARTS KING DIAMONDS FOUR,0.6328,0.0042,0.363
HEARTS ACE DIAMONDS FOUR,0.444,0.3206,0.2354
SPADES KING SPADES NINE,0.567,0.005,0.428
SPADES QUEEN SPADES NINE,0.5572,0.0042,0.4386
DIAMONDS THREE SPADES NINE,0.6626,0.0046,0.3328
DIAMONDS THREE SPADES EIGHT,0.65,0.0054,0.3446
DIAMONDS THREE SPADES SEVEN,0.7496,0.0318,0.2186
DIAMONDS THREE SPADES SIX,0.6472,0.0058,0.347
DIAMONDS THREE CLUBS SIX,0.6524,0.0056,0.342
CLUBS FIVE CLUBS SIX,0.5982,0.0046,0.3972
CLUBS ACE DIAMONDS FOUR,0.4682,0.2994,0.2324
CLUBS SEVEN DIAMONDS THREE,0.7378,0.0318,0.2304
CLUBS SEVEN CLUBS FIVE,0.6644,0.0252,0.3104
DIAMONDS THREE CLUBS FOUR,0.6444,0.0066,0.349
DIAMONDS FOUR CLUBS QUEEN,0.632,0.0048,0.3632
DIAMONDS THREE CLUBS FIVE,0.6386,0.004,0.3574
CLUBS KING DIAMONDS FOUR,0.6434,0.004,0.3526
DIAMONDS THREE CLUBS TWO,0.658,0.0054,0.3366
CLUBS TEN DIAMONDS FOUR,0.6496,0.0044,0.346
DIAMONDS THREE CLUBS THREE,0.4812,0.0054,0.5134
DIAMONDS FOUR CLUBS JACK,0.6402,0.0054,0.3544
DIAMONDS THREE SPADES FOUR,0.647,0.0064,0.3466
DIAMONDS THREE SPADES FIVE,0.6596,0.0046,0.3358
DIAMONDS THREE SPADES TWO,0.6626,0.004,0.3334
DIAMONDS THREE SPADES THREE,0.4824,0.005,0.5126
CLUBS EIGHT DIAMONDS THREE,0.6348,0.004,0.3612
CLUBS NINE DIAMONDS THREE,0.644,0.004,0.352
SPADES SEVEN CLUBS ACE,0.019,0.9696,0.0114
SPADES SEVEN CLUBS QUEEN,0.7432,0.0288,0.228
SPADES SEVEN CLUBS KING,0.7412,0.0306,0.2282
CLUBS FIVE SPADES SEVEN,0.7212,0.0242,0.2546
CLUBS TEN SPADES SEVEN,0.717,0.025,0.258
CLUBS FIVE SPADES SIX,0.6234,0.0042,0.3724
SPADES SEVEN CLUBS JACK,0.717,0.0248,0.2582
SPADES NINE CLUBS FIVE,0.6344,0.007,0.3586
CLUBS FIVE SPADES EIGHT,0.6208,0.0028,0.3764
CLUBS FIVE SPADES THREE,0.6398,0.0058,0.3544
CLUBS FIVE SPADES TWO,0.6526,0.0042,0.3432
CLUBS FIVE SPADES FIVE,0.46,0.0032,0.5368
CLUBS FIVE SPADES FOUR,0.6296,0.004,0.3664
CLUBS NINE CLUBS FIVE,0.6004,0.0036,0.396
CLUBS EIGHT CLUBS FIVE,0.5812,0.0032,0.4156
CLUBS ACE CLUBS QUEEN,0.2256,0.0598,0.7146
CLUBS KING CLUBS QUEEN,0.5248,0.004,0.4712
DIAMONDS TEN DIAMONDS FOUR,0.603,0.0038,0.3932
CLUBS TEN DIAMONDS NINE,0.5612,0.0046,0.4342
DIAMONDS JACK DIAMONDS FOUR,0.5998,0.005,0.3952
DIAMONDS NINE CLUBS JACK,0.5712,0.0044,0.4244
SPADES NINE CLUBS JACK,0.584,0.005,0.411
CLUBS TEN SPADES NINE,0.5664,0.004,0.4296
DIAMONDS ACE DIAMONDS FOUR,0.4336,0.291,0.2754
HEARTS FOUR DIAMONDS FOUR,0.473,0.0056,0.5214
DIAMONDS JACK HEARTS TEN,0.536,0.0058,0.4582
SPADES NINE CLUBS KING,0.5974,0.0036,0.399
DIAMONDS TWO SPADES TEN,0.6594,0.0036,0.337
DIAMONDS NINE CLUBS ACE,0.2256,0.1686,0.6058
HEARTS FIVE DIAMONDS FOUR,0.6176,0.0054,0.377
DIAMONDS JACK HEARTS JACK,0.305,0.0044,0.6906
SPADES NINE CLUBS QUEEN,0.589,0.0044,0.4066
SPADES JACK DIAMONDS TWO,0.6618,0.006,0.3322
DIAMONDS QUEEN DIAMONDS FOUR,0.5952,0.0044,0.4004
HEARTS TWO DIAMONDS FOUR,0.649,0.007,0.344
DIAMONDS NINE CLUBS QUEEN,0.5744,0.0034,0.4222
DIAMONDS KING DIAMONDS FOUR,0.594,0.0048,0.4012
HEARTS THREE DIAMONDS FOUR,0.631,0.0038,0.3652
SPADES NINE CLUBS ACE,0.2382,0.1722,0.5896
DIAMONDS NINE CLUBS KING,0.58,0.0054,0.4146
HEARTS ACE DIAMONDS JACK,0.2424,0.0876,0.67
HEARTS QUEEN DIAMONDS JACK,0.5556,0.004,0.4404
SPADES QUEEN DIAMONDS TWO,0.6358,0.0074,0.3568
HEARTS KING DIAMONDS JACK,0.5812,0.0036,0.4152
SPADES KING DIAMONDS TWO,0.659,0.0056,0.3354
SPADES JACK SPADES SEVEN,0.6968,0.0244,0.2788
SPADES TEN SPADES SEVEN,0.679,0.0212,0.2998
CLUBS SEVEN CLUBS THREE,0.688,0.0272,0.2848
CLUBS SIX CLUBS THREE,0.6052,0.006,0.3888
CLUBS FIVE CLUBS THREE,0.592,0.0036,0.4044
CLUBS THREE CLUBS FOUR,0.6098,0.004,0.3862
CLUBS NINE CLUBS THREE,0.6018,0.0044,0.3938
CLUBS EIGHT CLUBS THREE,0.6096,0.0046,0.3858
CLUBS THREE SPADES FIVE,0.6426,0.0042,0.3532
CLUBS THREE SPADES FOUR,0.6466,0.0046,0.3488
CLUBS THREE SPADES THREE,0.4768,0.0044,0.5188
CLUBS THREE SPADES TWO,0.6578,0.0038,0.3384
CLUBS THREE SPADES SIX,0.658,0.0052,0.3368
SPADES SEVEN CLUBS THREE,0.7378,0.0318,0.2304
SPADES EIGHT CLUBS THREE,0.6572,0.0048,0.338
SPADES NINE CLUBS THREE,0.6456,0.0056,0.3488
SPADES TWO DIAMONDS FOUR,0.668,0.0052,0.3268
SPADES THREE DIAMONDS FOUR,0.6482,0.0052,0.3466
SPADES FOUR DIAMONDS FOUR,0.4688,0.0046,0.5266
SPADES FIVE DIAMONDS FOUR,0.6276,0.0058,0.3666
SPADES SIX DIAMONDS FOUR,0.6464,0.0052,0.3484
SPADES SEVEN DIAMONDS FOUR,0.7366,0.0302,0.2332
SPADES EIGHT DIAMONDS FOUR,0.6312,0.0058,0.363
SPADES NINE DIAMONDS FOUR,0.6554,0.0048,0.3398
CLUBS FIVE DIAMONDS FOUR,0.6244,0.005,0.3706
CLUBS FOUR DIAMONDS FOUR,0.4646,0.0046,0.5308
CLUBS SEVEN DIAMONDS FOUR,0.722,0.0296,0.2484
CLUBS SIX DIAMONDS FOUR,0.6528,0.0056,0.3416
CLUBS NINE DIAMONDS FOUR,0.6566,0.0042,0.3392
CLUBS EIGHT DIAMONDS FOUR,0.6268,0.005,0.3682
HEARTS SEVEN DIAMONDS FOUR,0.7358,0.031,0.2332
HEARTS SIX DIAMONDS FOUR,0.638,0.0034,0.3586
DIAMONDS FOUR HEARTS NINE,0.6416,0.0046,0.3538
DIAMONDS FOUR HEARTS EIGHT,0.6328,0.0042,0.363
CLUBS THREE DIAMONDS FOUR,0.6488,0.0048,0.3464
CLUBS TWO DIAMONDS FOUR,0.6662,0.0044,0.3294
DIAMONDS TEN DIAMONDS FIVE,0.607,0.0038,0.3892
DIAMONDS JACK DIAMONDS FIVE,0.6106,0.004,0.3854
DIAMONDS NINE HEARTS QUEEN,0.5848,0.0038,0.4114
DIAMONDS NINE HEARTS KING,0.5982,0.0034,0.3984
HEARTS ACE DIAMONDS NINE,0.2316,0.177,0.5914
DIAMONDS NINE HEARTS TEN,0.5524,0.004,0.4436
DIAMONDS NINE HEARTS JACK,0.563,0.0042,0.4328
CLUBS KING DIAMONDS SIX,0.6528,0.0028,0.3444
CLUBS QUEEN DIAMONDS SIX,0.638,0.0034,0.3586
CLUBS ACE DIAMONDS SIX,0.4836,0.3044,0.212
SPADES KING DIAMONDS FOUR,0.635,0.0066,0.3584
SPADES QUEEN DIAMONDS FOUR,0.6416,0.0038,0.3546
SPADES QUEEN SPADES SEVEN,0.6956,0.0234,0.281
CLUBS JACK DIAMONDS SIX,0.6412,0.005,0.3538
SPADES KING SPADES SEVEN,0.7168,0.0292,0.254
CLUBS TEN DIAMONDS SIX,0.6406,0.0038,0.3556
CLUBS NINE CLUBS FOUR,0.6022,0.005,0.3928
CLUBS EIGHT CLUBS FOUR,0.5894,0.0042,0.4064
SPADES JACK DIAMONDS FOUR,0.6394,0.0052,0.3554
SPADES TEN DIAMONDS FOUR,0.6492,0.0036,0.3472
CLUBS FIVE CLUBS FOUR,0.585,0.0042,0.4108
CLUBS SEVEN CLUBS FOUR,0.661,0.0204,0.3186
CLUBS SIX CLUBS FOUR,0.6002,0.0054,0.3944
CLUBS SEVEN SPADES EIGHT,0.696,0.0198,0.2842
CLUBS SEVEN SPADES NINE,0.7118,0.0182,0.27
CLUBS SEVEN SPADES SIX,0.6956,0.024,0.2804
CLUBS SEVEN SPADES SEVEN,0.321,0.0284,0.6506
CLUBS SEVEN SPADES FIVE,0.7078,0.0296,0.2626
CLUBS SEVEN SPADES FOUR,0.7264,0.0296,0.244
CLUBS SEVEN SPADES THREE,0.7384,0.0294,0.2322
CLUBS SEVEN SPADES TWO,0.7474,0.0354,0.2172
CLUBS NINE CLUBS SEVEN,0.655,0.0218,0.3232
CLUBS SEVEN CLUBS EIGHT,0.6436,0.021,0.3354
HEARTS SIX DIAMONDS FIVE,0.626,0.004,0.37
HEARTS SEVEN DIAMONDS FIVE,0.707,0.0288,0.2642
DIAMONDS FIVE HEARTS EIGHT,0.6256,0.004,0.3704
DIAMONDS FIVE HEARTS NINE,0.6312,0.0046,0.3642
DIAMONDS QUEEN DIAMONDS FIVE,0.5996,0.0068,0.3936
HEARTS TWO DIAMONDS FIVE,0.6716,0.0072,0.3212
HEARTS KING HEARTS EIGHT,0.581,0.003,0.416
DIAMONDS KING DIAMONDS FIVE,0.6136,0.0052,0.3812
HEARTS THREE DIAMONDS FIVE,0.6408,0.0056,0.3536
HEARTS QUEEN HEARTS EIGHT,0.549,0.003,0.448
DIAMONDS ACE DIAMONDS FIVE,0.433,0.2922,0.2748
HEARTS FOUR DIAMONDS FIVE,0.6302,0.0042,0.3656
HEARTS FIVE DIAMONDS FIVE,0.4524,0.0024,0.5452
HEARTS ACE HEARTS EIGHT,0.212,0.2192,0.5688
CLUBS FOUR DIAMONDS FIVE,0.619,0.005,0.376
CLUBS FIVE DIAMONDS FIVE,0.4602,0.0054,0.5344
CLUBS SIX DIAMONDS FIVE,0.6262,0.005,0.3688
CLUBS SEVEN DIAMONDS FIVE,0.721,0.0266,0.2524
CLUBS TWO DIAMONDS FIVE,0.6572,0.006,0.3368
CLUBS THREE DIAMONDS FIVE,0.635,0.0044,0.3606
SPADES THREE DIAMONDS FIVE,0.6536,0.005,0.3414
SPADES TWO DIAMONDS FIVE,0.6756,0.006,0.3184
SPADES JACK DIAMONDS EIGHT,0.598,0.0056,0.3964
SPADES FIVE DIAMONDS FIVE,0.4574,0.0062,0.5364
CLUBS TEN HEARTS JACK,0.5554,0.004,0.4406
SPADES TEN DIAMONDS EIGHT,0.5936,0.0048,0.4016
SPADES FOUR DIAMONDS FIVE,0.6292,0.0056,0.3652
HEARTS JACK CLUBS JACK,0.3056,0.0024,0.692
HEARTS JACK CLUBS QUEEN,0.5568,0.0014,0.4418
CLUBS NINE DIAMONDS FIVE,0.6256,0.004,0.3704
CLUBS KING HEARTS JACK,0.5586,0.0018,0.4396
CLUBS EIGHT DIAMONDS FIVE,0.619,0.0032,0.3778
CLUBS ACE HEARTS JACK,0.2478,0.0878,0.6644
SPADES SEVEN DIAMONDS FIVE,0.7176,0.027,0.2554
SPADES KING DIAMONDS EIGHT,0.6086,0.0056,0.3858
SPADES SIX DIAMONDS FIVE,0.635,0.0046,0.3604
SPADES QUEEN DIAMONDS EIGHT,0.5988,0.0042,0.397
SPADES NINE DIAMONDS FIVE,0.6526,0.0056,0.3418
SPADES EIGHT DIAMONDS FIVE,0.625,0.0048,0.3702
DIAMONDS TEN DIAMONDS SIX,0.5972,0.005,0.3978
DIAMONDS JACK DIAMONDS SIX,0.6016,0.0038,0.3946
DIAMONDS ACE DIAMONDS SIX,0.4614,0.2834,0.2552
HEARTS FOUR DIAMONDS SIX,0.6368,0.0046,0.3586
SPADES TWO HEARTS JACK,0.6412,0.005,0.3538
HEARTS FIVE DIAMONDS SIX,0.6318,0.0046,0.3636
SPADES TWO HEARTS TEN,0.6396,0.0028,0.3576
DIAMONDS QUEEN DIAMONDS SIX,0.5984,0.0044,0.3972
HEARTS TWO DIAMONDS SIX,0.6782,0.006,0.3158
DIAMONDS KING DIAMONDS SIX,0.6096,0.0026,0.3878
HEARTS THREE DIAMONDS SIX,0.666,0.0042,0.3298
HEARTS EIGHT DIAMONDS SIX,0.6232,0.0036,0.3732
HEARTS NINE DIAMONDS SIX,0.63,0.0028,0.3672
HEARTS SIX DIAMONDS SIX,0.45,0.0034,0.5466
HEARTS SEVEN DIAMONDS SIX,0.6998,0.0224,0.2778
CLUBS TWO DIAMONDS SIX,0.6762,0.0052,0.3186
CLUBS THREE DIAMONDS SIX,0.658,0.006,0.336
CLUBS SEVEN DIAMONDS SIX,0.7066,0.0268,0.2666
DIAMONDS EIGHT CLUBS JACK,0.5872,0.005,0.4078
CLUBS SIX DIAMONDS SIX,0.4602,0.0032,0.5366
CLUBS TEN DIAMONDS EIGHT,0.5692,0.0038,0.427
CLUBS FIVE DIAMONDS SIX,0.6276,0.0044,0.368
CLUBS FOUR DIAMONDS SIX,0.6476,0.003,0.3494
HEARTS ACE HEARTS JACK,0.2398,0.086,0.6742
CLUBS ACE DIAMONDS EIGHT,0.2266,0.2352,0.5382
HEARTS QUEEN HEARTS JACK,0.5326,0.0036,0.4638
CLUBS KING DIAMONDS EIGHT,0.605,0.005,0.39
CLUBS NINE DIAMONDS SIX,0.6312,0.004,0.3648
HEARTS KING HEARTS JACK,0.528,0.004,0.468
CLUBS QUEEN DIAMONDS EIGHT,0.595,0.0036,0.4014
CLUBS EIGHT DIAMONDS SIX,0.618,0.0044,0.3776
SPADES TEN HEARTS KING,0.5742,0.005,0.4208
SPADES FIVE DIAMONDS SIX,0.6244,0.0064,0.3692
HEARTS ACE SPADES TWO,0.4718,0.3,0.2282
SPADES JACK HEARTS KING,0.5872,0.0046,0.4082
SPADES FOUR DIAMONDS SIX,0.6456,0.0056,0.3488
SPADES THREE DIAMONDS SIX,0.6624,0.0062,0.3314
HEARTS QUEEN SPADES TWO,0.6444,0.005,0.3506
SPADES TWO HEARTS KING,0.6564,0.0052,0.3384
SPADES TWO DIAMONDS SIX,0.6822,0.0058,0.312
HEARTS TEN HEARTS EIGHT,0.536,0.0028,0.4612
SPADES NINE DIAMONDS SIX,0.6364,0.0054,0.3582
HEARTS JACK HEARTS EIGHT,0.5488,0.004,0.4472
SPADES EIGHT DIAMONDS SIX,0.6186,0.0038,0.3776
SPADES SEVEN DIAMONDS SIX,0.7046,0.0244,0.271
SPADES SIX DIAMONDS SIX,0.4572,0.0052,0.5376
SPADES KING HEARTS KING,0.2826,0.0036,0.7138
SPADES QUEEN HEARTS KING,0.5762,0.0044,0.4194
CLUBS ACE CLUBS KING,0.2354,0.0496,0.715
SPADES QUEEN HEARTS JACK,0.5672,0.005,0.4278
SPADES KING HEARTS JACK,0.5682,0.0044,0.4274
SPADES TEN DIAMONDS TEN,0.3128,0.0048,0.6824
SPADES JACK DIAMONDS TEN,0.5622,0.004,0.4338
SPADES JACK HEARTS JACK,0.3094,0.0044,0.6862
SPADES TEN HEARTS JACK,0.5548,0.0046,0.4406
SPADES QUEEN DIAMONDS TEN,0.5628,0.0058,0.4314
SPADES KING DIAMONDS TEN,0.569,0.0044,0.4266
HEARTS KING DIAMONDS FIVE,0.6378,0.0036,0.3586
HEARTS QUEEN DIAMONDS FIVE,0.6558,0.0026,0.3416
HEARTS ACE DIAMONDS FIVE,0.4474,0.3086,0.244
DIAMONDS FIVE HEARTS JACK,0.6492,0.004,0.3468
HEARTS TEN DIAMONDS FIVE,0.6384,0.0032,0.3584
SPADES KING CLUBS TWO,0.6524,0.0072,0.3404
HEARTS KING CLUBS KING,0.3018,0.004,0.6942
SPADES QUEEN CLUBS TWO,0.6458,0.0048,0.3494
HEARTS KING CLUBS QUEEN,0.5678,0.0028,0.4294
SPADES TWO CLUBS JACK,0.6456,0.0048,0.3496
CLUBS TEN SPADES TWO,0.6394,0.0046,0.356
HEARTS KING CLUBS ACE,0.2546,0.0426,0.7028
CLUBS SEVEN CLUBS SIX,0.634,0.0272,0.3388
SPADES TWO CLUBS KING,0.6472,0.005,0.3478
CLUBS EIGHT CLUBS SIX,0.5722,0.0042,0.4236
SPADES TWO CLUBS QUEEN,0.651,0.0052,0.3438
CLUBS NINE CLUBS SIX,0.5834,0.004,0.4126
HEARTS KING CLUBS JACK,0.572,0.002,0.426
SPADES TWO CLUBS ACE,0.468,0.295,0.237
CLUBS TEN HEARTS KING,0.565,0.0032,0.4318
CLUBS SIX SPADES TWO,0.6672,0.0038,0.329
CLUBS SIX SPADES THREE,0.6566,0.0036,0.3398
CLUBS SIX SPADES FOUR,0.6514,0.0044,0.3442
CLUBS SIX SPADES FIVE,0.639,0.0044,0.3566
CLUBS SIX SPADES SIX,0.4552,0.0032,0.5416
CLUBS SIX SPADES SEVEN,0.7074,0.026,0.2666
SPADES EIGHT CLUBS SIX,0.6244,0.004,0.3716
SPADES JACK CLUBS TWO,0.636,0.0046,0.3594
SPADES NINE CLUBS SIX,0.6276,0.0048,0.3676
SPADES TEN CLUBS TWO,0.655,0.0032,0.3418
CLUBS TWO CLUBS QUEEN,0.6018,0.0042,0.394
CLUBS TWO CLUBS KING,0.6008,0.006,0.3932
CLUBS THREE DIAMONDS EIGHT,0.6362,0.0042,0.3596
CLUBS TWO CLUBS ACE,0.4358,0.2832,0.281
CLUBS TWO DIAMONDS EIGHT,0.6468,0.0044,0.3488
HEARTS SEVEN DIAMONDS EIGHT,0.6816,0.0178,0.3006
HEARTS SIX DIAMONDS EIGHT,0.6156,0.0042,0.3802
DIAMONDS EIGHT HEARTS NINE,0.5722,0.0038,0.424
CLUBS TEN CLUBS TWO,0.5972,0.004,0.3988
HEARTS EIGHT DIAMONDS EIGHT,0.3292,0.0032,0.6676
CLUBS TWO CLUBS JACK,0.6002,0.005,0.3948
CLUBS NINE DIAMONDS EIGHT,0.5564,0.0032,0.4404
CLUBS EIGHT DIAMONDS EIGHT,0.33,0.0046,0.6654
CLUBS FIVE DIAMONDS EIGHT,0.6158,0.005,0.3792
CLUBS FOUR DIAMONDS EIGHT,0.6276,0.0032,0.3692
CLUBS SEVEN DIAMONDS EIGHT,0.6776,0.0216,0.3008
SPADES QUEEN SPADES THREE,0.611,0.007,0.382
CLUBS SIX DIAMONDS EIGHT,0.62,0.004,0.376
SPADES KING SPADES THREE,0.6166,0.0066,0.3768
DIAMONDS QUEEN DIAMONDS EIGHT,0.5612,0.0068,0.432
HEARTS TWO DIAMONDS EIGHT,0.6406,0.0068,0.3526
DIAMONDS KING DIAMONDS EIGHT,0.5806,0.0032,0.4162
HEARTS THREE DIAMONDS EIGHT,0.6412,0.0048,0.354
DIAMONDS ACE DIAMONDS EIGHT,0.223,0.218,0.559
HEARTS FOUR DIAMONDS EIGHT,0.6264,0.0036,0.37
HEARTS FIVE DIAMONDS EIGHT,0.6216,0.0026,0.3758
DIAMONDS TEN DIAMONDS EIGHT,0.5512,0.0028,0.446
DIAMONDS JACK DIAMONDS EIGHT,0.5612,0.0028,0.436
SPADES JACK SPADES THREE,0.606,0.0036,0.3904
SPADES TEN SPADES THREE,0.6172,0.0064,0.3764
CLUBS FOUR HEARTS ACE,0.4598,0.3024,0.2378
CLUBS FOUR HEARTS QUEEN,0.6336,0.003,0.3634
CLUBS FOUR HEARTS KING,0.6298,0.0044,0.3658
CLUBS SIX HEARTS TEN,0.627,0.002,0.371
CLUBS SIX HEARTS JACK,0.6376,0.0034,0.359
SPADES FOUR DIAMONDS EIGHT,0.6294,0.0038,0.3668
SPADES FIVE DIAMONDS EIGHT,0.6268,0.0042,0.369
SPADES TWO DIAMONDS EIGHT,0.6482,0.006,0.3458
SPADES THREE DIAMONDS EIGHT,0.642,0.0046,0.3534
CLUBS FOUR HEARTS JACK,0.6442,0.0032,0.3526
SPADES EIGHT DIAMONDS EIGHT,0.3304,0.0056,0.664
SPADES JACK HEARTS EIGHT,0.593,0.003,0.404
SPADES TEN HEARTS TWO,0.6532,0.005,0.3418
SPADES TEN DIAMONDS QUEEN,0.5644,0.0046,0.431
CLUBS FOUR HEARTS TEN,0.6262,0.0046,0.3692
SPADES NINE DIAMONDS EIGHT,0.5786,0.005,0.4164
SPADES JACK HEARTS TWO,0.641,0.0048,0.3542
SPADES JACK DIAMONDS QUEEN,0.552,0.0034,0.4446
SPADES TEN HEARTS EIGHT,0.5816,0.0044,0.414
SPADES SIX DIAMONDS EIGHT,0.631,0.0034,0.3656
SPADES SEVEN DIAMONDS EIGHT,0.686,0.02,0.294
SPADES QUEEN DIAMONDS QUEEN,0.2924,0.0032,0.7044
SPADES QUEEN HEARTS TWO,0.6502,0.0062,0.3436
SPADES KING HEARTS EIGHT,0.6056,0.0044,0.39
SPADES QUEEN HEARTS EIGHT,0.6066,0.005,0.3884
SPADES KING HEARTS TWO,0.6396,0.004,0.3564
SPADES KING DIAMONDS QUEEN,0.5764,0.006,0.4176
CLUBS TWO HEARTS TEN,0.6428,0.0032,0.354
CLUBS TWO HEARTS JACK,0.6402,0.0052,0.3546
SPADES SEVEN DIAMONDS NINE,0.6966,0.0204,0.283
SPADES SIX DIAMONDS NINE,0.6404,0.0032,0.3564
SPADES NINE DIAMONDS NINE,0.3202,0.0034,0.6764
SPADES EIGHT DIAMONDS NINE,0.5744,0.0042,0.4214
SPADES TEN CLUBS KING,0.572,0.0036,0.4244
DIAMONDS NINE SPADES THREE,0.653,0.0062,0.3408
SPADES JACK CLUBS KING,0.5804,0.0054,0.4142
DIAMONDS NINE SPADES TWO,0.6482,0.0038,0.348
SPADES FIVE DIAMONDS NINE,0.6368,0.0042,0.359
SPADES FOUR DIAMONDS NINE,0.6528,0.0042,0.343
CLUBS NINE DIAMONDS NINE,0.3218,0.0034,0.6748
CLUBS EIGHT DIAMONDS NINE,0.5774,0.0024,0.4202
CLUBS SIX DIAMONDS NINE,0.6292,0.0032,0.3676
SPADES JACK CLUBS FOUR,0.6516,0.0056,0.3428
CLUBS SEVEN DIAMONDS NINE,0.7038,0.0238,0.2724
SPADES TEN CLUBS FOUR,0.6374,0.0046,0.358
CLUBS FOUR DIAMONDS NINE,0.6406,0.0026,0.3568
CLUBS FIVE DIAMONDS NINE,0.6318,0.0044,0.3638
CLUBS TWO DIAMONDS NINE,0.6452,0.005,0.3498
CLUBS THREE DIAMONDS NINE,0.6366,0.0054,0.358
DIAMONDS NINE HEARTS EIGHT,0.5856,0.003,0.4114
DIAMONDS NINE HEARTS NINE,0.3218,0.0044,0.6738
HEARTS SIX DIAMONDS NINE,0.6106,0.0034,0.386
HEARTS SEVEN DIAMONDS NINE,0.7038,0.0234,0.2728
CLUBS NINE CLUBS EIGHT,0.5328,0.0026,0.4646
DIAMONDS ACE DIAMONDS NINE,0.223,0.1638,0.6132
HEARTS FOUR DIAMONDS NINE,0.6402,0.0042,0.3556
HEARTS FIVE DIAMONDS NINE,0.6314,0.0034,0.3652
HEARTS ACE CLUBS TWO,0.4682,0.2972,0.2346
DIAMONDS NINE DIAMONDS QUEEN,0.5384,0.0046,0.457
HEARTS TWO DIAMONDS NINE,0.6506,0.0048,0.3446
CLUBS TWO HEARTS KING,0.6392,0.0046,0.3562
SPADES KING CLUBS FOUR,0.6366,0.0048,0.3586
DIAMONDS KING DIAMONDS NINE,0.562,0.0046,0.4334
HEARTS THREE DIAMONDS NINE,0.6332,0.0052,0.3616
CLUBS TWO HEARTS QUEEN,0.6358,0.0038,0.3604
SPADES QUEEN CLUBS FOUR,0.6248,0.005,0.3702
DIAMONDS NINE DIAMONDS JACK,0.5452,0.0044,0.4504
CLUBS EIGHT SPADES NINE,0.5684,0.0036,0.428
DIAMONDS TEN DIAMONDS NINE,0.5308,0.006,0.4632
CLUBS EIGHT SPADES EIGHT,0.341,0.0034,0.6556
CLUBS EIGHT SPADES SEVEN,0.6916,0.0194,0.289
CLUBS EIGHT SPADES SIX,0.6178,0.0026,0.3796
CLUBS EIGHT SPADES FIVE,0.6374,0.0046,0.358
CLUBS EIGHT SPADES FOUR,0.632,0.0056,0.3624
CLUBS EIGHT SPADES THREE,0.6426,0.0042,0.3532
CLUBS EIGHT SPADES TWO,0.6468,0.0024,0.3508
HEARTS SIX DIAMONDS TEN,0.6174,0.0028,0.3798
HEARTS SEVEN DIAMONDS TEN,0.7092,0.0238,0.267
DIAMONDS TEN HEARTS EIGHT,0.5756,0.0036,0.4208
CLUBS FOUR CLUBS JACK,0.5776,0.0034,0.419
DIAMONDS TEN HEARTS NINE,0.5632,0.0034,0.4334
CLUBS TEN CLUBS FOUR,0.5854,0.0036,0.411
CLUBS FOUR CLUBS KING,0.5984,0.0046,0.397
CLUBS FOUR CLUBS QUEEN,0.6096,0.0044,0.386
DIAMONDS TEN CLUBS TWO,0.6422,0.0052,0.3526
CLUBS THREE DIAMONDS TEN,0.6266,0.0042,0.3692
CLUBS FOUR CLUBS ACE,0.4346,0.2856,0.2798
DIAMONDS TEN DIAMONDS JACK,0.5348,0.0058,0.4594
DIAMONDS TEN DIAMONDS QUEEN,0.5206,0.0054,0.474
HEARTS TWO DIAMONDS TEN,0.6298,0.0046,0.3656
DIAMONDS KING DIAMONDS TEN,0.5428,0.0068,0.4504
HEARTS THREE DIAMONDS TEN,0.635,0.004,0.361
DIAMONDS ACE DIAMONDS TEN,0.223,0.1208,0.6562
HEARTS FOUR DIAMONDS TEN,0.6314,0.0036,0.365
CLUBS EIGHT HEARTS JACK,0.596,0.0028,0.4012
HEARTS FIVE DIAMONDS TEN,0.6324,0.0046,0.363
CLUBS EIGHT HEARTS TEN,0.5822,0.0028,0.415
CLUBS EIGHT HEARTS QUEEN,0.5852,0.0048,0.41
CLUBS EIGHT HEARTS KING,0.603,0.0024,0.3946
CLUBS EIGHT HEARTS ACE,0.242,0.2232,0.5348
CLUBS NINE SPADES THREE,0.6522,0.0046,0.3432
CLUBS NINE SPADES TWO,0.6498,0.0026,0.3476
CLUBS NINE SPADES FIVE,0.6398,0.003,0.3572
CLUBS NINE SPADES FOUR,0.6506,0.0046,0.3448
CLUBS NINE SPADES SEVEN,0.692,0.0236,0.2844
CLUBS NINE SPADES SIX,0.6516,0.0036,0.3448
CLUBS NINE SPADES NINE,0.338,0.0018,0.6602
CLUBS TEN HEARTS EIGHT,0.5792,0.0024,0.4184
CLUBS NINE SPADES EIGHT,0.5602,0.0054,0.4344
HEARTS EIGHT CLUBS JACK,0.586,0.002,0.412
CLUBS QUEEN HEARTS EIGHT,0.5962,0.0024,0.4014
CLUBS KING HEARTS EIGHT,0.6236,0.0016,0.3748
CLUBS ACE HEARTS EIGHT,0.2288,0.2272,0.544
SPADES KING CLUBS KING,0.3,0.0036,0.6964
SPADES QUEEN CLUBS KING,0.5752,0.0046,0.4202
DIAMONDS ACE HEARTS TEN,0.2266,0.1184,0.655
HEARTS FOUR HEARTS TEN,0.5898,0.0038,0.4064
DIAMONDS ACE HEARTS JACK,0.2416,0.087,0.6714
HEARTS FOUR HEARTS JACK,0.5976,0.004,0.3984
SPADES KING CLUBS FIVE,0.6436,0.0046,0.3518
SPADES QUEEN CLUBS FIVE,0.6468,0.0056,0.3476
HEARTS SEVEN DIAMONDS JACK,0.7212,0.0242,0.2546
HEARTS SIX DIAMONDS JACK,0.6384,0.004,0.3576
DIAMONDS JACK HEARTS NINE,0.5762,0.0046,0.4192
DIAMONDS JACK HEARTS EIGHT,0.5804,0.0032,0.4164
DIAMONDS KING DIAMONDS JACK,0.5424,0.0056,0.452
HEARTS THREE DIAMONDS JACK,0.623,0.0048,0.3722
HEARTS ACE SPADES FOUR,0.455,0.3088,0.2362
DIAMONDS QUEEN DIAMONDS JACK,0.535,0.006,0.459
HEARTS TWO DIAMONDS JACK,0.644,0.0044,0.3516
HEARTS FIVE DIAMONDS JACK,0.638,0.0026,0.3594
SPADES QUEEN SPADES SIX,0.6058,0.0034,0.3908
SPADES FOUR HEARTS QUEEN,0.6442,0.0036,0.3522
DIAMONDS ACE DIAMONDS JACK,0.2214,0.0902,0.6884
HEARTS FOUR DIAMONDS JACK,0.6308,0.0048,0.3644
SPADES KING SPADES SIX,0.613,0.0046,0.3824
SPADES FOUR HEARTS KING,0.6448,0.0062,0.349
SPADES TEN SPADES SIX,0.6104,0.005,0.3846
SPADES JACK SPADES SIX,0.6084,0.005,0.3866
SPADES FOUR DIAMONDS JACK,0.6366,0.0054,0.358
SPADES FIVE DIAMONDS JACK,0.6252,0.0048,0.37
SPADES TWO DIAMONDS JACK,0.648,0.005,0.347
SPADES THREE DIAMONDS JACK,0.6366,0.0064,0.357
SPADES QUEEN DIAMONDS THREE,0.6486,0.0042,0.3472
CLUBS EIGHT DIAMONDS JACK,0.5856,0.0048,0.4096
SPADES KING DIAMONDS THREE,0.654,0.006,0.34
CLUBS NINE DIAMONDS JACK,0.578,0.0034,0.4186
CLUBS SIX DIAMONDS JACK,0.6474,0.0034,0.3492
CLUBS SEVEN DIAMONDS JACK,0.7186,0.0232,0.2582
CLUBS FOUR DIAMONDS JACK,0.621,0.0044,0.3746
CLUBS FIVE DIAMONDS JACK,0.6442,0.0042,0.3516
CLUBS TWO DIAMONDS JACK,0.634,0.0046,0.3614
CLUBS THREE DIAMONDS JACK,0.6302,0.004,0.3658
SPADES JACK HEARTS SIX,0.6434,0.0044,0.3522
SPADES TEN CLUBS FIVE,0.6374,0.005,0.3576
SPADES JACK CLUBS FIVE,0.6396,0.004,0.3564
SPADES TEN HEARTS SIX,0.6404,0.0032,0.3564
SPADES JACK DIAMONDS THREE,0.6462,0.0046,0.3492
CLUBS SEVEN CLUBS ACE,0.024,0.9046,0.0714
SPADES TEN DIAMONDS THREE,0.6334,0.006,0.3606
CLUBS SEVEN CLUBS QUEEN,0.7016,0.0262,0.2722
CLUBS SEVEN CLUBS KING,0.7032,0.026,0.2708
SPADES NINE DIAMONDS JACK,0.5674,0.0048,0.4278
CLUBS TEN CLUBS SEVEN,0.6798,0.0222,0.298
DIAMONDS ACE HEARTS ACE,0.056,0.0118,0.9322
HEARTS FOUR HEARTS ACE,0.423,0.2914,0.2856
SPADES EIGHT DIAMONDS JACK,0.5822,0.0052,0.4126
CLUBS SEVEN CLUBS JACK,0.6796,0.0208,0.2996
DIAMONDS ACE HEARTS KING,0.24,0.0462,0.7138
HEARTS FOUR HEARTS KING,0.5802,0.0044,0.4154
SPADES SEVEN DIAMONDS JACK,0.7286,0.0238,0.2476
SPADES KING HEARTS SIX,0.658,0.0028,0.3392
DIAMONDS ACE HEARTS QUEEN,0.2392,0.0674,0.6934
HEARTS FOUR HEARTS QUEEN,0.5912,0.0046,0.4042
SPADES SIX DIAMONDS JACK,0.6456,0.0058,0.3486
SPADES QUEEN HEARTS SIX,0.6466,0.0038,0.3496
DIAMONDS TEN SPADES TWO,0.6412,0.005,0.3538
DIAMONDS TEN SPADES THREE,0.6472,0.004,0.3488
DIAMONDS TEN SPADES FOUR,0.6354,0.005,0.3596
SPADES FIVE DIAMONDS TEN,0.6564,0.004,0.3396
SPADES SIX DIAMONDS TEN,0.6232,0.004,0.3728
SPADES SEVEN DIAMONDS TEN,0.7124,0.0268,0.2608
SPADES EIGHT DIAMONDS TEN,0.5782,0.0052,0.4166
SPADES NINE DIAMONDS TEN,0.5586,0.0036,0.4378
CLUBS FOUR DIAMONDS TEN,0.6248,0.0048,0.3704
CLUBS FIVE DIAMONDS TEN,0.6448,0.0034,0.3518
CLUBS SIX DIAMONDS TEN,0.6206,0.003,0.3764
CLUBS SEVEN DIAMONDS TEN,0.713,0.0232,0.2638
CLUBS EIGHT DIAMONDS TEN,0.575,0.0036,0.4214
CLUBS NINE DIAMONDS TEN,0.5582,0.0034,0.4384
DIAMONDS THREE CLUBS JACK,0.6436,0.0038,0.3526
CLUBS TEN DIAMONDS THREE,0.6454,0.0048,0.3498
DIAMONDS THREE CLUBS KING,0.6374,0.004,0.3586
DIAMONDS THREE CLUBS QUEEN,0.6322,0.0048,0.363
DIAMONDS THREE CLUBS ACE,0.4668,0.2978,0.2354
SPADES FOUR HEARTS JACK,0.6414,0.0044,0.3542
SPADES FOUR HEARTS TEN,0.6538,0.0028,0.3434
SPADES FIVE SPADES TWO,0.6322,0.0042,0.3636
SPADES FOUR SPADES TWO,0.6196,0.0062,0.3742
SPADES THREE SPADES TWO,0.6186,0.0034,0.378
SPADES NINE SPADES TWO,0.6222,0.004,0.3738
SPADES EIGHT SPADES TWO,0.622,0.0048,0.3732
SPADES SEVEN SPADES TWO,0.7268,0.0274,0.2458
SPADES SIX SPADES TWO,0.635,0.004,0.361
CLUBS THREE DIAMONDS QUEEN,0.625,0.0044,0.3706
CLUBS THREE HEARTS TWO,0.6534,0.005,0.3416
CLUBS TWO DIAMONDS QUEEN,0.6408,0.0062,0.353
HEARTS TWO CLUBS TWO,0.471,0.0058,0.5232
HEARTS SEVEN DIAMONDS QUEEN,0.7374,0.0254,0.2372
HEARTS SEVEN HEARTS TWO,0.6978,0.0352,0.267
HEARTS SIX DIAMONDS QUEEN,0.6326,0.0032,0.3642
HEARTS SIX HEARTS TWO,0.6244,0.0042,0.3714
DIAMONDS QUEEN HEARTS NINE,0.5692,0.0036,0.4272
HEARTS TWO HEARTS NINE,0.596,0.0036,0.4004
DIAMONDS QUEEN HEARTS EIGHT,0.5906,0.0024,0.407
HEARTS TWO HEARTS EIGHT,0.616,0.0026,0.3814
CLUBS NINE HEARTS TWO,0.6396,0.0024,0.358
CLUBS NINE DIAMONDS QUEEN,0.582,0.0056,0.4124
CLUBS EIGHT HEARTS TWO,0.6416,0.0052,0.3532
CLUBS EIGHT DIAMONDS QUEEN,0.5876,0.0026,0.4098
CLUBS FIVE DIAMONDS QUEEN,0.6364,0.004,0.3596
CLUBS FIVE HEARTS TWO,0.6448,0.0056,0.3496
SPADES EIGHT HEARTS ACE,0.2314,0.2274,0.5412
CLUBS FOUR DIAMONDS QUEEN,0.6286,0.0042,0.3672
CLUBS FOUR HEARTS TWO,0.6484,0.0056,0.346
CLUBS SEVEN DIAMONDS QUEEN,0.7446,0.0244,0.231
CLUBS SEVEN HEARTS TWO,0.7478,0.0358,0.2164
SPADES EIGHT HEARTS QUEEN,0.5934,0.004,0.4026
CLUBS SIX DIAMONDS QUEEN,0.641,0.0044,0.3546
CLUBS SIX HEARTS TWO,0.661,0.0044,0.3346
SPADES EIGHT HEARTS KING,0.6202,0.005,0.3748
SPADES SIX DIAMONDS QUEEN,0.6338,0.0044,0.3618
SPADES SIX HEARTS TWO,0.6778,0.0044,0.3178
HEARTS FOUR CLUBS QUEEN,0.641,0.0038,0.3552
DIAMONDS ACE CLUBS QUEEN,0.2386,0.066,0.6954
SPADES SEVEN DIAMONDS QUEEN,0.7464,0.0284,0.2252
SPADES SEVEN HEARTS TWO,0.7594,0.0358,0.2048
HEARTS FOUR CLUBS KING,0.6386,0.0038,0.3576
DIAMONDS ACE CLUBS KING,0.2482,0.0492,0.7026
SPADES EIGHT DIAMONDS QUEEN,0.5914,0.0054,0.4032
SPADES EIGHT HEARTS TWO,0.641,0.006,0.353
HEARTS FOUR CLUBS ACE,0.459,0.2968,0.2442
DIAMONDS ACE CLUBS ACE,0.0568,0.015,0.9282
SPADES NINE DIAMONDS QUEEN,0.5784,0.0048,0.4168
SPADES NINE HEARTS TWO,0.6628,0.0048,0.3324
HEARTS TWO SPADES TWO,0.485,0.006,0.509
DIAMONDS QUEEN SPADES TWO,0.6222,0.0048,0.373
HEARTS TWO SPADES THREE,0.6616,0.0038,0.3346
SPADES THREE DIAMONDS QUEEN,0.6382,0.0048,0.357
HEARTS TWO SPADES FOUR,0.6552,0.0052,0.3396
SPADES FOUR DIAMONDS QUEEN,0.6352,0.005,0.3598
CLUBS TEN HEARTS FOUR,0.621,0.0032,0.3758
CLUBS TEN DIAMONDS ACE,0.2302,0.1276,0.6422
HEARTS TWO SPADES FIVE,0.6588,0.0036,0.3376
SPADES FIVE DIAMONDS QUEEN,0.6316,0.0066,0.3618
HEARTS FOUR CLUBS JACK,0.6462,0.004,0.3498
DIAMONDS ACE CLUBS JACK,0.2368,0.0946,0.6686
CLUBS FIVE CLUBS KING,0.5984,0.0044,0.3972
CLUBS FIVE CLUBS QUEEN,0.5998,0.0026,0.3976
CLUBS FIVE CLUBS ACE,0.4328,0.275,0.2922
CLUBS FIVE CLUBS JACK,0.5806,0.003,0.4164
CLUBS TEN CLUBS FIVE,0.6022,0.0052,0.3926
SPADES KING CLUBS JACK,0.5868,0.005,0.4082
SPADES QUEEN CLUBS JACK,0.555,0.0036,0.4414
SPADES SIX CLUBS KING,0.6454,0.0046,0.35
SPADES SIX CLUBS QUEEN,0.6434,0.0044,0.3522
SPADES EIGHT HEARTS JACK,0.5788,0.0046,0.4166
SPADES SIX CLUBS ACE,0.4874,0.299,0.2136
SPADES EIGHT HEARTS TEN,0.5788,0.0052,0.416
SPADES SIX CLUBS JACK,0.6442,0.003,0.3528
CLUBS TEN SPADES SIX,0.6464,0.005,0.3486
SPADES TEN CLUBS JACK,0.5544,0.0026,0.443
SPADES JACK CLUBS JACK,0.3108,0.0024,0.6868
SPADES QUEEN CLUBS SEVEN,0.7546,0.023,0.2224
SPADES KING CLUBS SEVEN,0.7484,0.0284,0.2232
SPADES SIX HEARTS TEN,0.6532,0.002,0.3448
SPADES SIX HEARTS JACK,0.6456,0.0044,0.35
SPADES SIX HEARTS ACE,0.4788,0.2992,0.222
SPADES SIX HEARTS KING,0.643,0.0028,0.3542
SPADES SIX HEARTS QUEEN,0.6448,0.0034,0.3518
SPADES JACK CLUBS SEVEN,0.7204,0.023,0.2566
CLUBS SEVEN SPADES TEN,0.717,0.0238,0.2592
CLUBS TEN HEARTS SIX,0.6476,0.0024,0.35
HEARTS SIX CLUBS JACK,0.6412,0.0046,0.3542
CLUBS ACE CLUBS JACK,0.218,0.0884,0.6936
HEARTS SIX CLUBS QUEEN,0.633,0.0046,0.3624
HEARTS SIX CLUBS KING,0.6372,0.0018,0.361
HEARTS SIX CLUBS ACE,0.4768,0.2984,0.2248
CLUBS QUEEN CLUBS JACK,0.5188,0.004,0.4772
CLUBS KING CLUBS JACK,0.5376,0.0052,0.4572
DIAMONDS THREE HEARTS ACE,0.4518,0.3128,0.2354
DIAMONDS THREE HEARTS QUEEN,0.637,0.0048,0.3582
DIAMONDS THREE HEARTS KING,0.6334,0.0042,0.3624
CLUBS FIVE HEARTS JACK,0.641,0.0036,0.3554
HEARTS FOUR SPADES TEN,0.6326,0.0044,0.363
SPADES TEN DIAMONDS ACE,0.2226,0.1146,0.6628
CLUBS FIVE HEARTS TEN,0.6502,0.0034,0.3464
HEARTS FOUR SPADES JACK,0.6452,0.0028,0.352
SPADES JACK DIAMONDS ACE,0.2502,0.0914,0.6584
CLUBS FIVE HEARTS ACE,0.4574,0.299,0.2436
CLUBS FIVE HEARTS KING,0.643,0.0042,0.3528
SPADES QUEEN DIAMONDS ACE,0.2382,0.0688,0.693
SPADES QUEEN HEARTS FOUR,0.6334,0.0036,0.363
SPADES FOUR CLUBS JACK,0.646,0.0046,0.3494
CLUBS FIVE HEARTS QUEEN,0.633,0.0032,0.3638
SPADES KING HEARTS FOUR,0.6458,0.0056,0.3486
SPADES KING DIAMONDS ACE,0.2604,0.0446,0.695
CLUBS TEN SPADES FOUR,0.6356,0.0042,0.3602
DIAMONDS ACE DIAMONDS QUEEN,0.2278,0.0634,0.7088
DIAMONDS ACE HEARTS TWO,0.449,0.3214,0.2296
HEARTS FOUR DIAMONDS QUEEN,0.627,0.0048,0.3682
HEARTS FOUR HEARTS TWO,0.615,0.0054,0.3796
DIAMONDS THREE HEARTS TEN,0.6402,0.004,0.3558
SPADES FOUR CLUBS KING,0.6402,0.0032,0.3566
HEARTS FIVE DIAMONDS QUEEN,0.6286,0.0054,0.366
HEARTS FIVE HEARTS TWO,0.609,0.0046,0.3864
DIAMONDS THREE HEARTS JACK,0.6438,0.0042,0.352
SPADES FOUR CLUBS QUEEN,0.6518,0.0046,0.3436
HEARTS TWO DIAMONDS QUEEN,0.6378,0.0054,0.3568
DIAMONDS KING DIAMONDS QUEEN,0.546,0.0028,0.4512
DIAMONDS KING HEARTS TWO,0.6404,0.0046,0.355
HEARTS THREE DIAMONDS QUEEN,0.6338,0.0036,0.3626
HEARTS THREE HEARTS TWO,0.6224,0.004,0.3736
SPADES FOUR CLUBS ACE,0.4524,0.3152,0.2324
HEARTS TWO CLUBS ACE,0.4594,0.3018,0.2388
DIAMONDS QUEEN CLUBS ACE,0.2482,0.0602,0.6916
HEARTS TWO CLUBS QUEEN,0.6354,0.0018,0.3628
DIAMONDS QUEEN CLUBS QUEEN,0.284,0.003,0.713
HEARTS TWO CLUBS KING,0.6418,0.0058,0.3524
DIAMONDS QUEEN CLUBS KING,0.5718,0.005,0.4232
SPADES EIGHT SPADES FIVE,0.6008,0.005,0.3942
CLUBS TEN HEARTS TWO,0.6378,0.0044,0.3578
CLUBS TEN DIAMONDS QUEEN,0.5516,0.0056,0.4428
SPADES NINE SPADES FIVE,0.6044,0.0044,0.3912
HEARTS TWO CLUBS JACK,0.6324,0.0032,0.3644
DIAMONDS QUEEN CLUBS JACK,0.5474,0.0062,0.4464
SPADES SIX SPADES FIVE,0.5926,0.004,0.4034
SPADES SEVEN SPADES FIVE,0.6792,0.0294,0.2914
DIAMONDS FIVE CLUBS QUEEN,0.6394,0.0046,0.356
SPADES EIGHT CLUBS ACE,0.2362,0.2266,0.5372
DIAMONDS FIVE CLUBS KING,0.6366,0.003,0.3604
SPADES EIGHT CLUBS KING,0.6164,0.004,0.3796
CLUBS ACE DIAMONDS FIVE,0.462,0.2994,0.2386
SPADES EIGHT CLUBS QUEEN,0.6036,0.0032,0.3932
SPADES EIGHT CLUBS JACK,0.5864,0.003,0.4106
CLUBS TEN SPADES EIGHT,0.59,0.0032,0.4068
CLUBS TEN DIAMONDS FIVE,0.6436,0.0034,0.353
DIAMONDS FIVE CLUBS JACK,0.637,0.0026,0.3604
DIAMONDS TEN HEARTS JACK,0.5518,0.0042,0.444
DIAMONDS TEN HEARTS TEN,0.3072,0.0032,0.6896
CLUBS NINE SPADES QUEEN,0.5924,0.0048,0.4028
SPADES KING CLUBS NINE,0.6094,0.0034,0.3872
HEARTS SIX HEARTS KING,0.5936,0.0026,0.4038
DIAMONDS KING SPADES SEVEN,0.7464,0.0304,0.2232
SPADES SEVEN HEARTS THREE,0.7406,0.0322,0.2272
HEARTS SIX HEARTS QUEEN,0.5972,0.003,0.3998
DIAMONDS KING SPADES SIX,0.639,0.0048,0.3562
HEARTS THREE SPADES SIX,0.6584,0.0046,0.337
SPADES NINE DIAMONDS KING,0.5922,0.0064,0.4014
SPADES NINE HEARTS THREE,0.6424,0.0044,0.3532
HEARTS SIX HEARTS ACE,0.4484,0.288,0.2636
SPADES EIGHT DIAMONDS KING,0.6124,0.003,0.3846
SPADES EIGHT HEARTS THREE,0.6394,0.0064,0.3542
CLUBS NINE HEARTS THREE,0.6546,0.0038,0.3416
CLUBS NINE DIAMONDS KING,0.5878,0.0026,0.4096
CLUBS EIGHT HEARTS THREE,0.6532,0.0022,0.3446
CLUBS EIGHT DIAMONDS KING,0.6018,0.0032,0.395
HEARTS THREE SPADES THREE,0.4626,0.0068,0.5306
DIAMONDS KING SPADES THREE,0.637,0.0054,0.3576
HEARTS THREE SPADES TWO,0.6572,0.0048,0.338
DIAMONDS KING SPADES TWO,0.631,0.0056,0.3634
HEARTS THREE SPADES FIVE,0.6412,0.0054,0.3534
