opposingHand,winningChance,drawChance,lostChance
SPADES KING HEARTS NINE
SPADES TEN HEARTS FIVE,0.645,0.009,0.346
SPADES JACK HEARTS FIVE,0.6282,0.0076,0.3642
SPADES FIVE CLUBS JACK,0.6442,0.0066,0.3492
CLUBS TEN SPADES FIVE,0.638,0.0094,0.3526
CLUBS EIGHT CLUBS JACK,0.5822,0.0066,0.4112
CLUBS TEN CLUBS EIGHT,0.5722,0.0082,0.4196
CLUBS EIGHT CLUBS KING,0.5714,0.1646,0.264
SPADES FIVE CLUBS ACE,0.4132,0.005,0.5818
CLUBS EIGHT CLUBS QUEEN,0.5848,0.0048,0.4104
SPADES FIVE CLUBS KING,0.5924,0.1688,0.2388
SPADES FIVE CLUBS QUEEN,0.6414,0.0086,0.35
CLUBS EIGHT CLUBS ACE,0.3726,0.0028,0.6246
DIAMONDS TWO DIAMONDS THREE,0.6106,0.0082,0.3812
DIAMONDS TWO DIAMONDS FIVE,0.6094,0.0098,0.3808
DIAMONDS TWO DIAMONDS FOUR,0.5998,0.0074,0.3928
SPADES QUEEN HEARTS FIVE,0.6418,0.0092,0.349
DIAMONDS TWO DIAMONDS SEVEN,0.6248,0.008,0.3672
DIAMONDS TWO DIAMONDS SIX,0.6148,0.006,0.3792
SPADES ACE HEARTS FIVE,0.395,0.0034,0.6016
DIAMONDS TWO DIAMONDS NINE,0.6918,0.0344,0.2738
DIAMONDS TWO DIAMONDS EIGHT,0.6256,0.0068,0.3676
DIAMONDS THREE DIAMONDS FOUR,0.598,0.0052,0.3968
SPADES FOUR CLUBS TWO,0.651,0.0088,0.3402
DIAMONDS THREE DIAMONDS FIVE,0.592,0.0088,0.3992
SPADES FIVE CLUBS TWO,0.6558,0.006,0.3382
CLUBS TWO SPADES TWO,0.4698,0.013,0.5172
CLUBS TWO SPADES THREE,0.6482,0.0092,0.3426
DIAMONDS THREE DIAMONDS EIGHT,0.6262,0.0072,0.3666
SPADES EIGHT CLUBS TWO,0.6772,0.0088,0.314
DIAMONDS THREE DIAMONDS NINE,0.6898,0.0378,0.2724
SPADES NINE CLUBS TWO,0.7394,0.0388,0.2218
DIAMONDS THREE DIAMONDS SIX,0.6074,0.0078,0.3848
SPADES SIX CLUBS TWO,0.6524,0.0074,0.3402
DIAMONDS THREE DIAMONDS SEVEN,0.6176,0.0078,0.3746
SPADES SEVEN CLUBS TWO,0.669,0.0086,0.3224
CLUBS SIX CLUBS TWO,0.6086,0.0072,0.3842
CLUBS SEVEN CLUBS TWO,0.6324,0.0078,0.3598
CLUBS FOUR CLUBS TWO,0.6024,0.0058,0.3918
CLUBS FIVE CLUBS TWO,0.604,0.0082,0.3878
CLUBS TEN CLUBS JACK,0.5222,0.007,0.4708
DIAMONDS FOUR DIAMONDS SIX,0.5822,0.0068,0.411
CLUBS TEN CLUBS QUEEN,0.5508,0.0072,0.442
DIAMONDS FOUR DIAMONDS SEVEN,0.5892,0.0064,0.4044
CLUBS TEN CLUBS KING,0.215,0.104,0.681
CLUBS TEN CLUBS ACE,0.3278,0.0036,0.6686
CLUBS EIGHT CLUBS TWO,0.6244,0.0064,0.3692
DIAMONDS FIVE DIAMONDS FOUR,0.585,0.0082,0.4068
CLUBS NINE CLUBS TWO,0.6892,0.0328,0.278
DIAMONDS NINE DIAMONDS FOUR,0.6876,0.0404,0.272
DIAMONDS EIGHT DIAMONDS FOUR,0.6164,0.0078,0.3758
CLUBS THREE CLUBS TWO,0.5914,0.0068,0.4018
DIAMONDS NINE DIAMONDS FIVE,0.666,0.0346,0.2994
DIAMONDS TWO CLUBS JACK,0.6418,0.008,0.3502
DIAMONDS EIGHT DIAMONDS FIVE,0.5932,0.0084,0.3984
CLUBS TEN DIAMONDS TWO,0.6528,0.007,0.3402
DIAMONDS FIVE DIAMONDS SEVEN,0.5852,0.0062,0.4086
DIAMONDS FIVE DIAMONDS SIX,0.5714,0.0062,0.4224
DIAMONDS TWO CLUBS ACE,0.4102,0.0042,0.5856
DIAMONDS TWO CLUBS KING,0.6024,0.1682,0.2294
DIAMONDS TWO CLUBS QUEEN,0.6374,0.0078,0.3548
DIAMONDS EIGHT DIAMONDS SIX,0.592,0.0102,0.3978
DIAMONDS NINE DIAMONDS SIX,0.6604,0.033,0.3066
HEARTS ACE SPADES THREE,0.4058,0.0064,0.5878
SPADES THREE HEARTS KING,0.5906,0.1712,0.2382
DIAMONDS SEVEN DIAMONDS SIX,0.584,0.0078,0.4082
SPADES THREE HEARTS QUEEN,0.6416,0.0078,0.3506
SPADES THREE HEARTS JACK,0.645,0.0062,0.3488
SPADES THREE HEARTS TEN,0.646,0.0072,0.3468
DIAMONDS EIGHT DIAMONDS SEVEN,0.5598,0.0066,0.4336
DIAMONDS NINE DIAMONDS SEVEN,0.6388,0.031,0.3302
DIAMONDS NINE DIAMONDS EIGHT,0.6446,0.032,0.3234
DIAMONDS KING HEARTS TEN,0.2254,0.1192,0.6554
HEARTS THREE HEARTS TEN,0.6024,0.0084,0.3892
SPADES JACK CLUBS SIX,0.6428,0.0064,0.3508
DIAMONDS KING HEARTS JACK,0.2248,0.0852,0.69
HEARTS THREE HEARTS JACK,0.6134,0.0064,0.3802
SPADES TEN CLUBS SIX,0.6438,0.006,0.3502
SPADES JACK SPADES FIVE,0.6116,0.008,0.3804
SPADES TEN SPADES FIVE,0.622,0.008,0.37
DIAMONDS KING HEARTS ACE,0.2288,0.0118,0.7594
HEARTS THREE HEARTS ACE,0.3932,0.0074,0.5994
SPADES ACE CLUBS SIX,0.4036,0.0042,0.5922
DIAMONDS KING HEARTS QUEEN,0.2356,0.071,0.6934
HEARTS THREE HEARTS QUEEN,0.6096,0.0082,0.3822
DIAMONDS KING HEARTS KING,0.0836,0.0144,0.902
HEARTS THREE HEARTS KING,0.5674,0.163,0.2696
SPADES QUEEN CLUBS SIX,0.651,0.0076,0.3414
SPADES NINE HEARTS TEN,0.691,0.0298,0.2792
SPADES NINE HEARTS JACK,0.7072,0.0296,0.2632
SPADES QUEEN SPADES FIVE,0.6116,0.0054,0.383
SPADES ACE SPADES FIVE,0.3882,0.0054,0.6064
SPADES NINE HEARTS QUEEN,0.7196,0.0338,0.2466
SPADES NINE HEARTS KING,0.0078,0.985,0.0072
SPADES NINE HEARTS ACE,0.24,0.023,0.737
CLUBS TEN SPADES JACK,0.565,0.0058,0.4292
CLUBS TEN SPADES TEN,0.3092,0.0074,0.6834
SPADES ACE CLUBS TEN,0.3356,0.0048,0.6596
SPADES QUEEN CLUBS TEN,0.595,0.0058,0.3992
SPADES FIVE HEARTS QUEEN,0.636,0.0064,0.3576
SPADES FIVE HEARTS KING,0.6036,0.1664,0.23
SPADES FIVE HEARTS ACE,0.3918,0.0072,0.601
HEARTS THREE SPADES JACK,0.6444,0.0096,0.346
SPADES JACK DIAMONDS KING,0.243,0.0828,0.6742
SPADES TEN CLUBS EIGHT,0.6076,0.0092,0.3832
SPADES JACK CLUBS EIGHT,0.6406,0.0084,0.351
HEARTS THREE SPADES TEN,0.6584,0.0076,0.334
SPADES TEN DIAMONDS KING,0.2374,0.1136,0.649
CLUBS SIX HEARTS ACE,0.398,0.0042,0.5978
SPADES ACE CLUBS EIGHT,0.4002,0.0034,0.5964
HEARTS FIVE CLUBS JACK,0.641,0.0062,0.3528
CLUBS TEN HEARTS FIVE,0.6408,0.009,0.3502
CLUBS SIX HEARTS QUEEN,0.6324,0.0072,0.3604
SPADES QUEEN CLUBS EIGHT,0.6396,0.0054,0.355
CLUBS TEN SPADES THREE,0.6414,0.0086,0.35
CLUBS SIX HEARTS KING,0.6004,0.1648,0.2348
SPADES THREE CLUBS JACK,0.65,0.0066,0.3434
DIAMONDS TWO HEARTS JACK,0.635,0.0074,0.3576
SPADES THREE CLUBS QUEEN,0.6452,0.0058,0.349
DIAMONDS TWO HEARTS TEN,0.6292,0.0086,0.3622
SPADES THREE CLUBS KING,0.6042,0.167,0.2288
HEARTS FIVE CLUBS ACE,0.3942,0.004,0.6018
SPADES FIVE HEARTS TEN,0.6424,0.0062,0.3514
SPADES THREE CLUBS ACE,0.417,0.0034,0.5796
HEARTS FIVE CLUBS KING,0.6062,0.1698,0.224
SPADES FIVE HEARTS JACK,0.6368,0.008,0.3552
HEARTS FIVE CLUBS QUEEN,0.6434,0.0078,0.3488
HEARTS THREE CLUBS KING,0.6086,0.167,0.2244
DIAMONDS KING CLUBS KING,0.0942,0.0116,0.8942
HEARTS THREE CLUBS QUEEN,0.6332,0.0058,0.361
DIAMONDS KING CLUBS QUEEN,0.2396,0.0564,0.704
HEARTS FIVE HEARTS JACK,0.5954,0.0094,0.3952
HEARTS FIVE HEARTS TEN,0.6002,0.0068,0.393
HEARTS THREE CLUBS ACE,0.4106,0.0036,0.5858
DIAMONDS KING CLUBS ACE,0.2424,0.0112,0.7464
SPADES ACE CLUBS QUEEN,0.3708,0.004,0.6252
HEARTS THREE CLUBS JACK,0.6462,0.0074,0.3464
DIAMONDS KING CLUBS JACK,0.239,0.0842,0.6768
SPADES QUEEN CLUBS QUEEN,0.2862,0.0052,0.7086
CLUBS TEN HEARTS THREE,0.6432,0.0062,0.3506
CLUBS TEN DIAMONDS KING,0.232,0.1162,0.6518
SPADES JACK CLUBS QUEEN,0.5788,0.0064,0.4148
CLUBS SIX CLUBS QUEEN,0.6042,0.0054,0.3904
SPADES TEN CLUBS QUEEN,0.5838,0.005,0.4112
CLUBS SIX CLUBS KING,0.564,0.1558,0.2802
CLUBS SIX CLUBS ACE,0.383,0.0052,0.6118
HEARTS FIVE HEARTS KING,0.5766,0.1578,0.2656
HEARTS FIVE HEARTS QUEEN,0.6024,0.0072,0.3904
CLUBS TEN CLUBS SIX,0.5862,0.0066,0.4072
HEARTS FIVE HEARTS ACE,0.3822,0.0046,0.6132
CLUBS SIX CLUBS JACK,0.5964,0.0074,0.3962
SPADES SEVEN HEARTS JACK,0.6372,0.0058,0.357
SPADES SEVEN HEARTS TEN,0.6236,0.0066,0.3698
DIAMONDS TWO CLUBS TWO,0.4648,0.0128,0.5224
DIAMONDS TWO CLUBS THREE,0.6492,0.0076,0.3432
HEARTS SIX DIAMONDS TWO,0.6584,0.0088,0.3328
DIAMONDS TWO HEARTS QUEEN,0.6298,0.0092,0.361
DIAMONDS TWO HEARTS SEVEN,0.6626,0.006,0.3314
DIAMONDS TWO HEARTS KING,0.6024,0.1696,0.228
DIAMONDS TWO HEARTS EIGHT,0.6824,0.0084,0.3092
DIAMONDS TWO HEARTS ACE,0.4038,0.0046,0.5916
DIAMONDS TWO DIAMONDS QUEEN,0.6062,0.0062,0.3876
DIAMONDS TWO HEARTS TWO,0.4618,0.013,0.5252
DIAMONDS TWO DIAMONDS KING,0.5534,0.162,0.2846
HEARTS THREE DIAMONDS TWO,0.666,0.0064,0.3276
DIAMONDS TWO DIAMONDS ACE,0.3944,0.0056,0.6
HEARTS FOUR DIAMONDS TWO,0.6624,0.0126,0.325
DIAMONDS TWO HEARTS FIVE,0.6544,0.0072,0.3384
SPADES SEVEN HEARTS ACE,0.404,0.0042,0.5918
DIAMONDS TWO DIAMONDS TEN,0.6112,0.008,0.3808
SPADES SEVEN HEARTS KING,0.6064,0.1736,0.22
DIAMONDS TWO DIAMONDS JACK,0.6124,0.0064,0.3812
SPADES SEVEN HEARTS QUEEN,0.6494,0.0078,0.3428
DIAMONDS TWO SPADES NINE,0.7354,0.0382,0.2264
DIAMONDS TWO SPADES EIGHT,0.674,0.008,0.318
DIAMONDS TWO SPADES SEVEN,0.672,0.0074,0.3206
DIAMONDS TWO SPADES SIX,0.6692,0.0064,0.3244
DIAMONDS TWO SPADES FIVE,0.6472,0.0092,0.3436
DIAMONDS TWO SPADES FOUR,0.6428,0.0076,0.3496
DIAMONDS TWO SPADES THREE,0.658,0.0094,0.3326
DIAMONDS TWO SPADES TWO,0.4614,0.0148,0.5238
CLUBS NINE DIAMONDS TWO,0.738,0.0346,0.2274
DIAMONDS TWO CLUBS EIGHT,0.6764,0.0056,0.318
CLUBS SEVEN DIAMONDS TWO,0.6712,0.0068,0.322
DIAMONDS TWO CLUBS SIX,0.6524,0.008,0.3396
DIAMONDS TWO CLUBS FIVE,0.6418,0.0086,0.3496
DIAMONDS TWO CLUBS FOUR,0.6442,0.0088,0.347
CLUBS FOUR SPADES FIVE,0.6182,0.0058,0.376
CLUBS FOUR SPADES FOUR,0.4636,0.0124,0.524
CLUBS FOUR SPADES THREE,0.6312,0.0074,0.3614
CLUBS FOUR SPADES TWO,0.6476,0.0082,0.3442
SPADES NINE CLUBS FOUR,0.74,0.0356,0.2244
SPADES EIGHT CLUBS FOUR,0.6548,0.0056,0.3396
SPADES SEVEN CLUBS FOUR,0.6474,0.0068,0.3458
SPADES SIX CLUBS FOUR,0.6356,0.0072,0.3572
SPADES ACE DIAMONDS SIX,0.3992,0.0034,0.5974
SPADES QUEEN DIAMONDS SIX,0.6464,0.0076,0.346
SPADES TEN DIAMONDS SIX,0.6256,0.007,0.3674
SPADES JACK DIAMONDS SIX,0.6524,0.0086,0.339
SPADES QUEEN SPADES TWO,0.6128,0.008,0.3792
SPADES ACE SPADES TWO,0.3734,0.004,0.6226
DIAMONDS JACK CLUBS JACK,0.294,0.0048,0.7012
CLUBS TEN DIAMONDS JACK,0.5738,0.0076,0.4186
DIAMONDS JACK CLUBS KING,0.2412,0.0878,0.671
DIAMONDS JACK CLUBS QUEEN,0.5552,0.0058,0.439
DIAMONDS THREE DIAMONDS JACK,0.6008,0.007,0.3922
DIAMONDS THREE DIAMONDS TEN,0.5984,0.008,0.3936
DIAMONDS JACK CLUBS ACE,0.3482,0.004,0.6478
DIAMONDS THREE DIAMONDS KING,0.5526,0.159,0.2884
HEARTS THREE DIAMONDS THREE,0.465,0.0146,0.5204
DIAMONDS THREE DIAMONDS QUEEN,0.5964,0.0058,0.3978
DIAMONDS THREE HEARTS TWO,0.6456,0.0088,0.3456
HEARTS FIVE DIAMONDS THREE,0.6308,0.0092,0.36
DIAMONDS THREE DIAMONDS ACE,0.3908,0.0046,0.6046
HEARTS FOUR DIAMONDS THREE,0.6434,0.0052,0.3514
DIAMONDS THREE HEARTS SEVEN,0.662,0.0076,0.3304
SPADES TEN SPADES NINE,0.655,0.031,0.314
HEARTS SIX DIAMONDS THREE,0.6518,0.0078,0.3404
SPADES JACK SPADES NINE,0.6772,0.0292,0.2936
HEARTS JACK DIAMONDS FOUR,0.6268,0.0058,0.3674
HEARTS ACE HEARTS KING,0.218,0.0138,0.7682
SPADES TEN SPADES TWO,0.622,0.007,0.371
DIAMONDS THREE HEARTS EIGHT,0.6718,0.0062,0.322
HEARTS TEN DIAMONDS FOUR,0.6494,0.0086,0.342
SPADES JACK SPADES TWO,0.6196,0.008,0.3724
HEARTS QUEEN DIAMONDS FOUR,0.645,0.0054,0.3496
HEARTS KING DIAMONDS FOUR,0.5992,0.1638,0.237
SPADES ACE SPADES NINE,0.2396,0.0182,0.7422
HEARTS ACE DIAMONDS FOUR,0.4068,0.0042,0.589
SPADES QUEEN SPADES NINE,0.686,0.031,0.283
DIAMONDS THREE SPADES NINE,0.7216,0.041,0.2374
DIAMONDS THREE SPADES EIGHT,0.6606,0.0066,0.3328
DIAMONDS THREE SPADES SEVEN,0.666,0.0064,0.3276
DIAMONDS THREE SPADES SIX,0.6518,0.0078,0.3404
DIAMONDS THREE CLUBS SIX,0.6382,0.0076,0.3542
CLUBS FIVE CLUBS SIX,0.5718,0.0062,0.422
CLUBS ACE DIAMONDS FOUR,0.4154,0.0048,0.5798
CLUBS SEVEN DIAMONDS THREE,0.6558,0.0084,0.3358
CLUBS SEVEN CLUBS FIVE,0.5996,0.006,0.3944
DIAMONDS THREE CLUBS FOUR,0.6342,0.0084,0.3574
DIAMONDS FOUR CLUBS QUEEN,0.646,0.0056,0.3484
DIAMONDS THREE CLUBS FIVE,0.6348,0.008,0.3572
CLUBS KING DIAMONDS FOUR,0.5904,0.174,0.2356
DIAMONDS THREE CLUBS TWO,0.6462,0.0092,0.3446
CLUBS TEN DIAMONDS FOUR,0.6352,0.006,0.3588
DIAMONDS THREE CLUBS THREE,0.4624,0.012,0.5256
DIAMONDS FOUR CLUBS JACK,0.634,0.0066,0.3594
DIAMONDS THREE SPADES FOUR,0.6372,0.0074,0.3554
DIAMONDS THREE SPADES FIVE,0.6296,0.0074,0.363
DIAMONDS THREE SPADES TWO,0.647,0.0066,0.3464
DIAMONDS THREE SPADES THREE,0.4584,0.0132,0.5284
CLUBS EIGHT DIAMONDS THREE,0.6706,0.0082,0.3212
CLUBS NINE DIAMONDS THREE,0.7282,0.0384,0.2334
SPADES SEVEN CLUBS ACE,0.3964,0.0028,0.6008
SPADES SEVEN CLUBS QUEEN,0.6418,0.007,0.3512
SPADES SEVEN CLUBS KING,0.6048,0.1632,0.232
CLUBS FIVE SPADES SEVEN,0.6238,0.008,0.3682
CLUBS TEN SPADES SEVEN,0.6284,0.0058,0.3658
CLUBS FIVE SPADES SIX,0.6226,0.008,0.3694
SPADES SEVEN CLUBS JACK,0.6324,0.0076,0.36
SPADES NINE CLUBS FIVE,0.7222,0.0316,0.2462
CLUBS FIVE SPADES EIGHT,0.6462,0.0064,0.3474
CLUBS FIVE SPADES THREE,0.6274,0.0098,0.3628
CLUBS FIVE SPADES TWO,0.642,0.008,0.35
CLUBS FIVE SPADES FIVE,0.4508,0.0148,0.5344
CLUBS FIVE SPADES FOUR,0.6186,0.0068,0.3746
CLUBS NINE CLUBS FIVE,0.6724,0.0354,0.2922
CLUBS EIGHT CLUBS FIVE,0.5992,0.0086,0.3922
CLUBS ACE CLUBS QUEEN,0.3352,0.0054,0.6594
CLUBS KING CLUBS QUEEN,0.2334,0.06,0.7066
DIAMONDS TEN DIAMONDS FOUR,0.6028,0.007,0.3902
CLUBS TEN DIAMONDS NINE,0.6864,0.0252,0.2884
DIAMONDS JACK DIAMONDS FOUR,0.6066,0.0064,0.387
DIAMONDS NINE CLUBS JACK,0.7002,0.0256,0.2742
SPADES NINE CLUBS JACK,0.7058,0.0294,0.2648
CLUBS TEN SPADES NINE,0.6856,0.0294,0.285
DIAMONDS ACE DIAMONDS FOUR,0.3778,0.005,0.6172
HEARTS FOUR DIAMONDS FOUR,0.469,0.01,0.521
DIAMONDS JACK HEARTS TEN,0.5738,0.0068,0.4194
SPADES NINE CLUBS KING,0.0204,0.9694,0.0102
DIAMONDS TWO SPADES TEN,0.6454,0.0072,0.3474
DIAMONDS NINE CLUBS ACE,0.2508,0.0216,0.7276
HEARTS FIVE DIAMONDS FOUR,0.6338,0.007,0.3592
DIAMONDS JACK HEARTS JACK,0.2668,0.006,0.7272
SPADES NINE CLUBS QUEEN,0.736,0.029,0.235
SPADES JACK DIAMONDS TWO,0.6498,0.0078,0.3424
DIAMONDS QUEEN DIAMONDS FOUR,0.5902,0.006,0.4038
HEARTS TWO DIAMONDS FOUR,0.6428,0.0082,0.349
DIAMONDS NINE CLUBS QUEEN,0.7204,0.0328,0.2468
DIAMONDS KING DIAMONDS FOUR,0.5638,0.151,0.2852
HEARTS THREE DIAMONDS FOUR,0.6346,0.009,0.3564
SPADES NINE CLUBS ACE,0.2558,0.0202,0.724
DIAMONDS NINE CLUBS KING,0.0206,0.959,0.0204
HEARTS ACE DIAMONDS JACK,0.3518,0.0058,0.6424
SPADES ACE DIAMONDS TWO,0.3988,0.004,0.5972
HEARTS QUEEN DIAMONDS JACK,0.571,0.0074,0.4216
SPADES QUEEN DIAMONDS TWO,0.6506,0.0078,0.3416
DIAMONDS JACK HEARTS KING,0.2276,0.0928,0.6796
SPADES JACK SPADES SEVEN,0.6088,0.0074,0.3838
SPADES TEN SPADES SEVEN,0.5908,0.0094,0.3998
CLUBS SEVEN CLUBS THREE,0.6126,0.007,0.3804
CLUBS SIX CLUBS THREE,0.6066,0.0054,0.388
CLUBS FIVE CLUBS THREE,0.5932,0.0094,0.3974
CLUBS THREE CLUBS FOUR,0.587,0.0072,0.4058
CLUBS NINE CLUBS THREE,0.6942,0.0328,0.273
CLUBS EIGHT CLUBS THREE,0.6182,0.0044,0.3774
CLUBS THREE SPADES FIVE,0.6346,0.0098,0.3556
CLUBS THREE SPADES FOUR,0.631,0.0102,0.3588
CLUBS THREE SPADES THREE,0.4608,0.0114,0.5278
CLUBS THREE SPADES TWO,0.644,0.009,0.347
CLUBS THREE SPADES SIX,0.6486,0.005,0.3464
SPADES SEVEN CLUBS THREE,0.6674,0.0108,0.3218
SPADES EIGHT CLUBS THREE,0.6764,0.0072,0.3164
SPADES NINE CLUBS THREE,0.7358,0.0418,0.2224
SPADES TWO DIAMONDS FOUR,0.656,0.0084,0.3356
SPADES THREE DIAMONDS FOUR,0.6316,0.008,0.3604
SPADES FOUR DIAMONDS FOUR,0.4564,0.0106,0.533
SPADES FIVE DIAMONDS FOUR,0.6218,0.008,0.3702
SPADES SIX DIAMONDS FOUR,0.6434,0.007,0.3496
SPADES SEVEN DIAMONDS FOUR,0.6552,0.0098,0.335
SPADES EIGHT DIAMONDS FOUR,0.6672,0.006,0.3268
SPADES NINE DIAMONDS FOUR,0.7382,0.0364,0.2254
CLUBS FIVE DIAMONDS FOUR,0.6238,0.0078,0.3684
CLUBS FOUR DIAMONDS FOUR,0.462,0.009,0.529
CLUBS SEVEN DIAMONDS FOUR,0.6408,0.005,0.3542
CLUBS SIX DIAMONDS FOUR,0.628,0.0062,0.3658
CLUBS NINE DIAMONDS FOUR,0.7336,0.0384,0.228
CLUBS EIGHT DIAMONDS FOUR,0.6664,0.0064,0.3272
DIAMONDS FOUR HEARTS SEVEN,0.654,0.0072,0.3388
HEARTS SIX DIAMONDS FOUR,0.6346,0.0052,0.3602
DIAMONDS FOUR HEARTS EIGHT,0.6778,0.0042,0.318
CLUBS THREE DIAMONDS FOUR,0.6334,0.0082,0.3584
CLUBS TWO DIAMONDS FOUR,0.6438,0.0086,0.3476
DIAMONDS TEN DIAMONDS FIVE,0.611,0.0054,0.3836
DIAMONDS JACK DIAMONDS FIVE,0.5906,0.006,0.4034
DIAMONDS NINE HEARTS QUEEN,0.7138,0.032,0.2542
DIAMONDS NINE HEARTS KING,0.0102,0.972,0.0178
HEARTS ACE DIAMONDS NINE,0.2474,0.0236,0.729
DIAMONDS NINE HEARTS TEN,0.6844,0.0226,0.293
DIAMONDS NINE HEARTS JACK,0.703,0.0314,0.2656
CLUBS KING DIAMONDS SIX,0.5966,0.1548,0.2486
CLUBS QUEEN DIAMONDS SIX,0.6286,0.0044,0.367
CLUBS ACE DIAMONDS SIX,0.414,0.003,0.583
SPADES ACE SPADES SEVEN,0.391,0.0056,0.6034
SPADES QUEEN DIAMONDS FOUR,0.6426,0.007,0.3504
SPADES QUEEN SPADES SEVEN,0.606,0.007,0.387
CLUBS JACK DIAMONDS SIX,0.6362,0.007,0.3568
SPADES ACE DIAMONDS FOUR,0.407,0.0046,0.5884
CLUBS TEN DIAMONDS SIX,0.632,0.0034,0.3646
CLUBS NINE CLUBS FOUR,0.6798,0.0346,0.2856
CLUBS EIGHT CLUBS FOUR,0.6208,0.0078,0.3714
SPADES JACK DIAMONDS FOUR,0.6448,0.0088,0.3464
SPADES TEN DIAMONDS FOUR,0.6424,0.0086,0.349
CLUBS FIVE CLUBS FOUR,0.568,0.009,0.423
CLUBS SEVEN CLUBS FOUR,0.6094,0.006,0.3846
CLUBS SIX CLUBS FOUR,0.5956,0.0054,0.399
CLUBS SEVEN SPADES EIGHT,0.6312,0.0074,0.3614
CLUBS SEVEN SPADES NINE,0.704,0.0322,0.2638
CLUBS SEVEN SPADES SIX,0.615,0.0078,0.3772
CLUBS SEVEN SPADES SEVEN,0.4408,0.012,0.5472
CLUBS SEVEN SPADES FIVE,0.6228,0.008,0.3692
CLUBS SEVEN SPADES FOUR,0.6484,0.0062,0.3454
CLUBS SEVEN SPADES THREE,0.6656,0.0074,0.327
CLUBS SEVEN SPADES TWO,0.674,0.01,0.316
CLUBS NINE CLUBS SEVEN,0.6578,0.0348,0.3074
CLUBS SEVEN CLUBS EIGHT,0.5922,0.0062,0.4016
HEARTS SIX DIAMONDS FIVE,0.6182,0.0068,0.375
DIAMONDS FIVE HEARTS SEVEN,0.6496,0.0058,0.3446
DIAMONDS FIVE HEARTS EIGHT,0.6388,0.0062,0.355
DIAMONDS QUEEN DIAMONDS FIVE,0.5842,0.008,0.4078
HEARTS TWO DIAMONDS FIVE,0.654,0.0082,0.3378
HEARTS KING HEARTS EIGHT,0.5882,0.1504,0.2614
DIAMONDS KING DIAMONDS FIVE,0.5674,0.142,0.2906
HEARTS THREE DIAMONDS FIVE,0.6476,0.0088,0.3436
HEARTS QUEEN HEARTS EIGHT,0.5998,0.0088,0.3914
DIAMONDS ACE DIAMONDS FIVE,0.3838,0.0046,0.6116
HEARTS FOUR DIAMONDS FIVE,0.6432,0.0078,0.349
HEARTS FIVE DIAMONDS FIVE,0.459,0.0114,0.5296
HEARTS ACE HEARTS EIGHT,0.3786,0.0036,0.6178
CLUBS FOUR DIAMONDS FIVE,0.6282,0.0064,0.3654
CLUBS FIVE DIAMONDS FIVE,0.4656,0.0114,0.523
CLUBS SIX DIAMONDS FIVE,0.6038,0.0044,0.3918
CLUBS SEVEN DIAMONDS FIVE,0.6238,0.0072,0.369
CLUBS TWO DIAMONDS FIVE,0.6388,0.0072,0.354
CLUBS THREE DIAMONDS FIVE,0.6266,0.0068,0.3666
SPADES THREE DIAMONDS FIVE,0.6328,0.0074,0.3598
SPADES TWO DIAMONDS FIVE,0.6476,0.0084,0.344
SPADES JACK DIAMONDS EIGHT,0.6256,0.0076,0.3668
SPADES FIVE DIAMONDS FIVE,0.4536,0.0132,0.5332
CLUBS TEN HEARTS JACK,0.5774,0.0066,0.416
SPADES TEN DIAMONDS EIGHT,0.618,0.008,0.374
SPADES FOUR DIAMONDS FIVE,0.6232,0.0098,0.367
HEARTS JACK CLUBS JACK,0.2906,0.006,0.7034
HEARTS JACK CLUBS QUEEN,0.5758,0.0066,0.4176
CLUBS NINE DIAMONDS FIVE,0.7034,0.0384,0.2582
CLUBS KING HEARTS JACK,0.2292,0.0826,0.6882
CLUBS EIGHT DIAMONDS FIVE,0.6318,0.0084,0.3598
CLUBS ACE HEARTS JACK,0.3652,0.003,0.6318
SPADES SEVEN DIAMONDS FIVE,0.637,0.0074,0.3556
SPADES SIX DIAMONDS FIVE,0.632,0.0058,0.3622
SPADES QUEEN DIAMONDS EIGHT,0.6428,0.008,0.3492
SPADES NINE DIAMONDS FIVE,0.7252,0.0342,0.2406
SPADES EIGHT DIAMONDS FIVE,0.6448,0.0062,0.349
SPADES ACE DIAMONDS EIGHT,0.4004,0.004,0.5956
DIAMONDS TEN DIAMONDS SIX,0.5912,0.0062,0.4026
HEARTS ACE DIAMONDS SEVEN,0.3816,0.0036,0.6148
DIAMONDS JACK DIAMONDS SIX,0.6018,0.0054,0.3928
HEARTS QUEEN DIAMONDS SEVEN,0.6454,0.0046,0.35
HEARTS KING DIAMONDS SEVEN,0.6,0.155,0.245
DIAMONDS ACE DIAMONDS SIX,0.376,0.0028,0.6212
HEARTS FOUR DIAMONDS SIX,0.6314,0.0082,0.3604
SPADES TWO HEARTS JACK,0.6464,0.0056,0.348
HEARTS FIVE DIAMONDS SIX,0.6094,0.0106,0.38
SPADES TWO HEARTS TEN,0.6448,0.0064,0.3488
DIAMONDS QUEEN DIAMONDS SIX,0.587,0.0066,0.4064
HEARTS TWO DIAMONDS SIX,0.6568,0.0104,0.3328
DIAMONDS KING DIAMONDS SIX,0.5646,0.1572,0.2782
HEARTS THREE DIAMONDS SIX,0.6464,0.0066,0.347
HEARTS EIGHT DIAMONDS SIX,0.6386,0.0058,0.3556
HEARTS SIX DIAMONDS SIX,0.4602,0.0066,0.5332
HEARTS SEVEN DIAMONDS SIX,0.625,0.0068,0.3682
HEARTS TEN DIAMONDS SEVEN,0.619,0.0056,0.3754
CLUBS TWO DIAMONDS SIX,0.6558,0.006,0.3382
HEARTS JACK DIAMONDS SEVEN,0.6318,0.0054,0.3628
CLUBS THREE DIAMONDS SIX,0.6424,0.008,0.3496
CLUBS SEVEN DIAMONDS SIX,0.6098,0.0074,0.3828
DIAMONDS EIGHT CLUBS JACK,0.6132,0.0068,0.38
CLUBS SIX DIAMONDS SIX,0.4454,0.0104,0.5442
CLUBS TEN DIAMONDS EIGHT,0.6138,0.0042,0.382
CLUBS FIVE DIAMONDS SIX,0.6106,0.0092,0.3802
CLUBS FOUR DIAMONDS SIX,0.6338,0.0078,0.3584
HEARTS ACE HEARTS JACK,0.3332,0.0056,0.6612
DIAMONDS EIGHT CLUBS ACE,0.4022,0.0024,0.5954
HEARTS QUEEN HEARTS JACK,0.5556,0.0074,0.437
DIAMONDS EIGHT CLUBS KING,0.599,0.174,0.227
CLUBS NINE DIAMONDS SIX,0.7022,0.0318,0.266
HEARTS KING HEARTS JACK,0.2216,0.0816,0.6968
DIAMONDS EIGHT CLUBS QUEEN,0.6374,0.0078,0.3548
CLUBS EIGHT DIAMONDS SIX,0.6338,0.007,0.3592
SPADES TEN HEARTS KING,0.2232,0.116,0.6608
SPADES FIVE DIAMONDS SIX,0.625,0.007,0.368
HEARTS ACE SPADES TWO,0.411,0.0062,0.5828
SPADES JACK HEARTS KING,0.2274,0.0948,0.6778
SPADES FOUR DIAMONDS SIX,0.6364,0.0066,0.357
SPADES THREE DIAMONDS SIX,0.6554,0.006,0.3386
HEARTS QUEEN SPADES TWO,0.6504,0.0054,0.3442
SPADES TWO HEARTS KING,0.6122,0.1746,0.2132
SPADES TWO DIAMONDS SIX,0.6646,0.0056,0.3298
HEARTS TEN HEARTS EIGHT,0.5758,0.0064,0.4178
SPADES NINE DIAMONDS SIX,0.7152,0.034,0.2508
HEARTS JACK HEARTS EIGHT,0.5864,0.009,0.4046
SPADES EIGHT DIAMONDS SIX,0.6388,0.0072,0.354
SPADES SEVEN DIAMONDS SIX,0.6142,0.0058,0.38
SPADES SIX DIAMONDS SIX,0.45,0.0106,0.5394
SPADES QUEEN HEARTS KING,0.2404,0.0674,0.6922
CLUBS ACE CLUBS KING,0.2248,0.0134,0.7618
SPADES ACE HEARTS KING,0.2154,0.011,0.7736
SPADES ACE HEARTS JACK,0.3486,0.0044,0.647
SPADES QUEEN HEARTS JACK,0.5754,0.0086,0.416
SPADES TEN DIAMONDS TEN,0.2996,0.007,0.6934
SPADES JACK DIAMONDS TEN,0.571,0.0068,0.4222
SPADES ACE DIAMONDS TEN,0.3478,0.0046,0.6476
SPADES JACK HEARTS JACK,0.293,0.0062,0.7008
SPADES TEN HEARTS JACK,0.5588,0.0058,0.4354
SPADES QUEEN DIAMONDS TEN,0.5736,0.0066,0.4198
SPADES NINE DIAMONDS SEVEN,0.6948,0.0364,0.2688
SPADES EIGHT DIAMONDS SEVEN,0.6168,0.0062,0.377
SPADES SEVEN DIAMONDS SEVEN,0.445,0.0116,0.5434
SPADES SIX DIAMONDS SEVEN,0.6456,0.0062,0.3482
DIAMONDS KING DIAMONDS SEVEN,0.5566,0.1584,0.285
HEARTS THREE DIAMONDS SEVEN,0.6666,0.0064,0.327
HEARTS KING DIAMONDS FIVE,0.5888,0.173,0.2382
DIAMONDS QUEEN DIAMONDS SEVEN,0.6038,0.0072,0.389
HEARTS TWO DIAMONDS SEVEN,0.6822,0.0068,0.311
HEARTS QUEEN DIAMONDS FIVE,0.6392,0.0062,0.3546
HEARTS FIVE DIAMONDS SEVEN,0.6386,0.0072,0.3542
DIAMONDS ACE DIAMONDS SEVEN,0.3868,0.0028,0.6104
HEARTS FOUR DIAMONDS SEVEN,0.6538,0.0078,0.3384
HEARTS ACE DIAMONDS FIVE,0.4012,0.0036,0.5952
HEARTS SEVEN DIAMONDS SEVEN,0.4504,0.0082,0.5414
HEARTS SIX DIAMONDS SEVEN,0.6208,0.006,0.3732
DIAMONDS SEVEN HEARTS EIGHT,0.6234,0.0058,0.3708
DIAMONDS JACK DIAMONDS SEVEN,0.608,0.0052,0.3868
DIAMONDS FIVE HEARTS JACK,0.6388,0.007,0.3542
DIAMONDS TEN DIAMONDS SEVEN,0.5836,0.0054,0.411
HEARTS TEN DIAMONDS FIVE,0.6418,0.0062,0.352
HEARTS KING CLUBS KING,0.081,0.0146,0.9044
CLUBS EIGHT DIAMONDS SEVEN,0.608,0.0066,0.3854
SPADES QUEEN CLUBS TWO,0.654,0.008,0.338
HEARTS KING CLUBS QUEEN,0.2368,0.0584,0.7048
CLUBS NINE DIAMONDS SEVEN,0.688,0.0338,0.2782
SPADES TWO CLUBS JACK,0.65,0.0084,0.3416
SPADES ACE CLUBS TWO,0.4096,0.005,0.5854
CLUBS TEN SPADES TWO,0.632,0.0058,0.3622
HEARTS KING CLUBS ACE,0.2232,0.0118,0.765
CLUBS SEVEN CLUBS SIX,0.5784,0.006,0.4156
SPADES TWO CLUBS KING,0.6132,0.167,0.2198
SPADES TWO DIAMONDS SEVEN,0.659,0.0068,0.3342
CLUBS EIGHT CLUBS SIX,0.583,0.0074,0.4096
SPADES THREE DIAMONDS SEVEN,0.6632,0.0044,0.3324
SPADES TWO CLUBS QUEEN,0.6486,0.0066,0.3448
CLUBS NINE CLUBS SIX,0.6644,0.0396,0.296
SPADES FOUR DIAMONDS SEVEN,0.6458,0.0052,0.349
HEARTS KING CLUBS JACK,0.235,0.087,0.678
SPADES FIVE DIAMONDS SEVEN,0.6336,0.0072,0.3592
SPADES TWO CLUBS ACE,0.4096,0.0048,0.5856
CLUBS TEN HEARTS KING,0.219,0.1174,0.6636
CLUBS SIX SPADES TWO,0.6612,0.0076,0.3312
CLUBS SIX SPADES THREE,0.6326,0.0082,0.3592
CLUBS TWO DIAMONDS SEVEN,0.6716,0.0078,0.3206
CLUBS SIX SPADES FOUR,0.6312,0.0078,0.361
CLUBS THREE DIAMONDS SEVEN,0.6502,0.0066,0.3432
CLUBS SIX SPADES FIVE,0.623,0.0084,0.3686
CLUBS FOUR DIAMONDS SEVEN,0.6394,0.0056,0.355
CLUBS SIX SPADES SIX,0.4528,0.0094,0.5378
CLUBS FIVE DIAMONDS SEVEN,0.6292,0.0052,0.3656
CLUBS SIX SPADES SEVEN,0.617,0.0084,0.3746
CLUBS SIX DIAMONDS SEVEN,0.6148,0.0064,0.3788
SPADES EIGHT CLUBS SIX,0.6356,0.0066,0.3578
SPADES JACK CLUBS TWO,0.6396,0.0078,0.3526
CLUBS SEVEN DIAMONDS SEVEN,0.444,0.0096,0.5464
SPADES NINE CLUBS SIX,0.7202,0.03,0.2498
SPADES TEN CLUBS TWO,0.629,0.007,0.364
CLUBS TWO CLUBS QUEEN,0.61,0.0052,0.3848
CLUBS TWO CLUBS KING,0.5694,0.1518,0.2788
CLUBS THREE DIAMONDS EIGHT,0.6696,0.0058,0.3246
CLUBS TWO CLUBS ACE,0.395,0.0038,0.6012
CLUBS TWO DIAMONDS EIGHT,0.6724,0.0064,0.3212
DIAMONDS EIGHT HEARTS SEVEN,0.6276,0.0066,0.3658
HEARTS SIX DIAMONDS EIGHT,0.6358,0.007,0.3572
CLUBS TEN CLUBS TWO,0.5998,0.0064,0.3938
DIAMONDS EIGHT HEARTS EIGHT,0.4498,0.0066,0.5436
CLUBS TWO CLUBS JACK,0.6018,0.0062,0.392
CLUBS NINE DIAMONDS EIGHT,0.6938,0.035,0.2712
CLUBS EIGHT DIAMONDS EIGHT,0.4466,0.0104,0.543
CLUBS FIVE DIAMONDS EIGHT,0.6336,0.0072,0.3592
SPADES ACE SPADES THREE,0.3826,0.0044,0.613
CLUBS FOUR DIAMONDS EIGHT,0.646,0.0058,0.3482
CLUBS SEVEN DIAMONDS EIGHT,0.629,0.0066,0.3644
SPADES QUEEN SPADES THREE,0.6036,0.0066,0.3898
CLUBS SIX DIAMONDS EIGHT,0.6304,0.007,0.3626
DIAMONDS QUEEN DIAMONDS EIGHT,0.591,0.0068,0.4022
HEARTS TWO DIAMONDS EIGHT,0.6668,0.0062,0.327
DIAMONDS KING DIAMONDS EIGHT,0.5738,0.1538,0.2724
HEARTS THREE DIAMONDS EIGHT,0.674,0.0068,0.3192
DIAMONDS ACE DIAMONDS EIGHT,0.3716,0.005,0.6234
HEARTS FOUR DIAMONDS EIGHT,0.6686,0.0076,0.3238
HEARTS FIVE DIAMONDS EIGHT,0.6558,0.008,0.3362
DIAMONDS EIGHT DIAMONDS TEN,0.5846,0.0068,0.4086
DIAMONDS EIGHT DIAMONDS JACK,0.5852,0.0062,0.4086
SPADES JACK SPADES THREE,0.6094,0.0088,0.3818
SPADES TEN SPADES THREE,0.61,0.0062,0.3838
CLUBS FOUR HEARTS ACE,0.4054,0.0054,0.5892
CLUBS FOUR HEARTS QUEEN,0.6422,0.0088,0.349
CLUBS FOUR HEARTS KING,0.6088,0.1654,0.2258
CLUBS SIX HEARTS TEN,0.6132,0.0066,0.3802
CLUBS SIX HEARTS JACK,0.627,0.006,0.367
SPADES FOUR DIAMONDS EIGHT,0.6686,0.006,0.3254
SPADES FIVE DIAMONDS EIGHT,0.6426,0.0082,0.3492
DIAMONDS EIGHT SPADES TWO,0.6734,0.0062,0.3204
DIAMONDS EIGHT SPADES THREE,0.67,0.0076,0.3224
CLUBS FOUR HEARTS JACK,0.6334,0.0054,0.3612
SPADES EIGHT DIAMONDS EIGHT,0.4494,0.009,0.5416
SPADES JACK HEARTS EIGHT,0.6398,0.0078,0.3524
SPADES TEN HEARTS TWO,0.6578,0.0076,0.3346
SPADES TEN DIAMONDS QUEEN,0.578,0.0066,0.4154
CLUBS FOUR HEARTS TEN,0.641,0.006,0.353
SPADES NINE DIAMONDS EIGHT,0.7088,0.036,0.2552
SPADES JACK HEARTS TWO,0.652,0.009,0.339
SPADES JACK DIAMONDS QUEEN,0.5726,0.0064,0.421
SPADES TEN HEARTS EIGHT,0.6156,0.0086,0.3758
SPADES SIX DIAMONDS EIGHT,0.6438,0.008,0.3482
SPADES SEVEN DIAMONDS EIGHT,0.6234,0.0086,0.368
SPADES ACE HEARTS TWO,0.4088,0.0066,0.5846
SPADES ACE DIAMONDS QUEEN,0.37,0.0044,0.6256
SPADES ACE HEARTS EIGHT,0.3984,0.0032,0.5984
SPADES QUEEN DIAMONDS QUEEN,0.2924,0.0038,0.7038
SPADES QUEEN HEARTS TWO,0.6482,0.008,0.3438
SPADES QUEEN HEARTS EIGHT,0.6464,0.0064,0.3472
CLUBS TWO HEARTS TEN,0.6446,0.0076,0.3478
CLUBS TWO HEARTS JACK,0.6344,0.008,0.3576
SPADES SEVEN DIAMONDS NINE,0.701,0.0314,0.2676
SPADES SIX DIAMONDS NINE,0.7182,0.0328,0.249
SPADES NINE DIAMONDS NINE,0.3066,0.0232,0.6702
SPADES EIGHT DIAMONDS NINE,0.7054,0.035,0.2596
SPADES TEN CLUBS KING,0.2354,0.1184,0.6462
DIAMONDS NINE SPADES THREE,0.7358,0.0382,0.226
SPADES JACK CLUBS KING,0.2318,0.0888,0.6794
DIAMONDS NINE SPADES TWO,0.7352,0.0382,0.2266
SPADES FIVE DIAMONDS NINE,0.7244,0.032,0.2436
DIAMONDS NINE SPADES FOUR,0.7436,0.0358,0.2206
CLUBS NINE DIAMONDS NINE,0.3132,0.0234,0.6634
CLUBS EIGHT DIAMONDS NINE,0.695,0.03,0.275
CLUBS SIX DIAMONDS NINE,0.7098,0.0358,0.2544
SPADES JACK CLUBS FOUR,0.65,0.0072,0.3428
CLUBS SEVEN DIAMONDS NINE,0.6956,0.0312,0.2732
SPADES TEN CLUBS FOUR,0.6486,0.0068,0.3446
CLUBS FOUR DIAMONDS NINE,0.731,0.032,0.237
CLUBS FIVE DIAMONDS NINE,0.7242,0.0364,0.2394
DIAMONDS NINE CLUBS TWO,0.7366,0.0386,0.2248
CLUBS THREE DIAMONDS NINE,0.7414,0.0288,0.2298
DIAMONDS NINE HEARTS EIGHT,0.711,0.0312,0.2578
HEARTS SIX DIAMONDS NINE,0.715,0.0336,0.2514
DIAMONDS NINE HEARTS SEVEN,0.696,0.0338,0.2702
CLUBS NINE CLUBS EIGHT,0.6548,0.033,0.3122
DIAMONDS ACE DIAMONDS NINE,0.2352,0.019,0.7458
HEARTS FOUR DIAMONDS NINE,0.7414,0.0334,0.2252
HEARTS FIVE DIAMONDS NINE,0.7244,0.0388,0.2368
HEARTS ACE CLUBS TWO,0.4038,0.0062,0.59
SPADES ACE CLUBS FOUR,0.4076,0.005,0.5874
DIAMONDS QUEEN DIAMONDS NINE,0.666,0.0262,0.3078
HEARTS TWO DIAMONDS NINE,0.7498,0.0384,0.2118
CLUBS TWO HEARTS KING,0.6036,0.1682,0.2282
DIAMONDS KING DIAMONDS NINE,0.024,0.9026,0.0734
HEARTS THREE DIAMONDS NINE,0.7376,0.036,0.2264
CLUBS TWO HEARTS QUEEN,0.6288,0.0074,0.3638
SPADES QUEEN CLUBS FOUR,0.6324,0.0084,0.3592
DIAMONDS NINE DIAMONDS JACK,0.6524,0.0288,0.3188
CLUBS EIGHT SPADES NINE,0.6904,0.0364,0.2732
DIAMONDS NINE DIAMONDS TEN,0.635,0.0302,0.3348
CLUBS EIGHT SPADES EIGHT,0.4466,0.0114,0.542
CLUBS EIGHT SPADES SEVEN,0.634,0.0062,0.3598
CLUBS EIGHT SPADES SIX,0.6382,0.0082,0.3536
CLUBS EIGHT SPADES FIVE,0.6462,0.008,0.3458
CLUBS EIGHT SPADES FOUR,0.6654,0.0082,0.3264
CLUBS EIGHT SPADES THREE,0.6808,0.0062,0.313
CLUBS EIGHT SPADES TWO,0.6808,0.0072,0.312
HEARTS SIX DIAMONDS TEN,0.6388,0.0078,0.3534
DIAMONDS TEN HEARTS SEVEN,0.62,0.006,0.374
DIAMONDS TEN HEARTS EIGHT,0.6252,0.0046,0.3702
CLUBS FOUR CLUBS JACK,0.5868,0.006,0.4072
CLUBS TEN CLUBS FOUR,0.5936,0.007,0.3994
CLUBS FOUR CLUBS KING,0.5606,0.1526,0.2868
CLUBS FOUR CLUBS QUEEN,0.6076,0.0064,0.386
CLUBS TWO DIAMONDS TEN,0.645,0.0078,0.3472
CLUBS THREE DIAMONDS TEN,0.642,0.0056,0.3524
CLUBS FOUR CLUBS ACE,0.377,0.0052,0.6178
DIAMONDS JACK DIAMONDS TEN,0.5398,0.0068,0.4534
DIAMONDS QUEEN DIAMONDS TEN,0.5462,0.0066,0.4472
HEARTS TWO DIAMONDS TEN,0.6424,0.0078,0.3498
DIAMONDS KING DIAMONDS TEN,0.2186,0.1158,0.6656
HEARTS THREE DIAMONDS TEN,0.6444,0.0056,0.35
DIAMONDS ACE DIAMONDS TEN,0.3394,0.0034,0.6572
HEARTS FOUR DIAMONDS TEN,0.6428,0.0076,0.3496
CLUBS EIGHT HEARTS JACK,0.6206,0.0074,0.372
HEARTS FIVE DIAMONDS TEN,0.6444,0.0052,0.3504
CLUBS EIGHT HEARTS TEN,0.6076,0.0062,0.3862
CLUBS EIGHT HEARTS QUEEN,0.6244,0.0072,0.3684
CLUBS EIGHT HEARTS KING,0.611,0.1644,0.2246
CLUBS EIGHT HEARTS ACE,0.4076,0.0036,0.5888
CLUBS NINE SPADES THREE,0.7316,0.0328,0.2356
CLUBS NINE SPADES TWO,0.7444,0.0392,0.2164
CLUBS NINE SPADES FIVE,0.7244,0.0338,0.2418
CLUBS NINE SPADES FOUR,0.7336,0.0362,0.2302
CLUBS NINE SPADES SEVEN,0.6954,0.0316,0.273
CLUBS NINE SPADES SIX,0.7016,0.0348,0.2636
CLUBS NINE SPADES NINE,0.3136,0.0216,0.6648
CLUBS TEN HEARTS EIGHT,0.5974,0.008,0.3946
CLUBS NINE SPADES EIGHT,0.686,0.0374,0.2766
CLUBS JACK HEARTS EIGHT,0.6218,0.0066,0.3716
CLUBS QUEEN HEARTS EIGHT,0.6454,0.005,0.3496
CLUBS KING HEARTS EIGHT,0.6226,0.1594,0.218
CLUBS ACE HEARTS EIGHT,0.4052,0.0048,0.59
SPADES QUEEN CLUBS KING,0.2464,0.0582,0.6954
SPADES ACE CLUBS KING,0.226,0.0136,0.7604
DIAMONDS ACE HEARTS TEN,0.3502,0.0044,0.6454
HEARTS FOUR HEARTS TEN,0.6092,0.0088,0.382
DIAMONDS ACE HEARTS JACK,0.3602,0.0034,0.6364
HEARTS FOUR HEARTS JACK,0.6116,0.007,0.3814
SPADES QUEEN CLUBS FIVE,0.6274,0.0084,0.3642
SPADES ACE CLUBS FIVE,0.4032,0.0058,0.591
DIAMONDS JACK HEARTS SEVEN,0.6386,0.0064,0.355
HEARTS SIX DIAMONDS JACK,0.6404,0.006,0.3536
DIAMONDS JACK HEARTS EIGHT,0.6386,0.008,0.3534
DIAMONDS KING DIAMONDS JACK,0.2314,0.086,0.6826
HEARTS THREE DIAMONDS JACK,0.6514,0.007,0.3416
SPADES ACE SPADES SIX,0.3894,0.0054,0.6052
HEARTS ACE SPADES FOUR,0.4142,0.0052,0.5806
DIAMONDS QUEEN DIAMONDS JACK,0.5418,0.0054,0.4528
HEARTS TWO DIAMONDS JACK,0.646,0.0072,0.3468
HEARTS FIVE DIAMONDS JACK,0.6172,0.0088,0.374
SPADES QUEEN SPADES SIX,0.6126,0.0088,0.3786
SPADES FOUR HEARTS QUEEN,0.6466,0.0078,0.3456
DIAMONDS ACE DIAMONDS JACK,0.3332,0.004,0.6628
HEARTS FOUR DIAMONDS JACK,0.6414,0.007,0.3516
SPADES FOUR HEARTS KING,0.5994,0.171,0.2296
SPADES TEN SPADES SIX,0.6052,0.0076,0.3872
SPADES JACK SPADES SIX,0.612,0.0082,0.3798
SPADES FOUR DIAMONDS JACK,0.6408,0.0086,0.3506
SPADES FIVE DIAMONDS JACK,0.6424,0.0054,0.3522
DIAMONDS JACK SPADES TWO,0.633,0.0062,0.3608
SPADES THREE DIAMONDS JACK,0.6584,0.0058,0.3358
SPADES ACE DIAMONDS THREE,0.4022,0.0048,0.593
SPADES QUEEN DIAMONDS THREE,0.6482,0.0068,0.345
CLUBS EIGHT DIAMONDS JACK,0.623,0.0048,0.3722
CLUBS NINE DIAMONDS JACK,0.7044,0.025,0.2706
CLUBS SIX DIAMONDS JACK,0.6386,0.005,0.3564
CLUBS SEVEN DIAMONDS JACK,0.635,0.0072,0.3578
CLUBS FOUR DIAMONDS JACK,0.6382,0.0056,0.3562
CLUBS FIVE DIAMONDS JACK,0.6332,0.007,0.3598
CLUBS TWO DIAMONDS JACK,0.6414,0.0054,0.3532
CLUBS THREE DIAMONDS JACK,0.6374,0.0056,0.357
SPADES JACK HEARTS SIX,0.6462,0.0064,0.3474
SPADES TEN CLUBS FIVE,0.6452,0.0068,0.348
SPADES JACK CLUBS FIVE,0.6468,0.0056,0.3476
HEARTS SIX SPADES TEN,0.6414,0.0058,0.3528
SPADES JACK DIAMONDS THREE,0.6496,0.008,0.3424
CLUBS SEVEN CLUBS ACE,0.3662,0.0018,0.632
SPADES TEN DIAMONDS THREE,0.6396,0.0066,0.3538
CLUBS SEVEN CLUBS QUEEN,0.5984,0.0058,0.3958
CLUBS SEVEN CLUBS KING,0.5738,0.1598,0.2664
SPADES NINE DIAMONDS JACK,0.7062,0.0276,0.2662
CLUBS TEN CLUBS SEVEN,0.583,0.0062,0.4108
DIAMONDS ACE HEARTS ACE,0.1334,0.0028,0.8638
HEARTS FOUR HEARTS ACE,0.3924,0.0064,0.6012
SPADES EIGHT DIAMONDS JACK,0.628,0.0056,0.3664
SPADES ACE HEARTS SIX,0.394,0.0046,0.6014
CLUBS SEVEN CLUBS JACK,0.5922,0.0072,0.4006
DIAMONDS ACE HEARTS KING,0.2242,0.0114,0.7644
HEARTS FOUR HEARTS KING,0.5792,0.1528,0.268
SPADES SEVEN DIAMONDS JACK,0.6456,0.0064,0.348
DIAMONDS ACE HEARTS QUEEN,0.351,0.004,0.645
HEARTS FOUR HEARTS QUEEN,0.5998,0.0088,0.3914
SPADES SIX DIAMONDS JACK,0.6568,0.0058,0.3374
SPADES QUEEN HEARTS SIX,0.6514,0.0086,0.34
SPADES TWO DIAMONDS TEN,0.6554,0.0078,0.3368
SPADES THREE DIAMONDS TEN,0.6254,0.0066,0.368
SPADES FOUR DIAMONDS TEN,0.6428,0.0072,0.35
SPADES FIVE DIAMONDS TEN,0.6394,0.0066,0.354
SPADES SIX DIAMONDS TEN,0.64,0.0062,0.3538
SPADES SEVEN DIAMONDS TEN,0.6224,0.0056,0.372
SPADES EIGHT DIAMONDS TEN,0.6234,0.0042,0.3724
SPADES NINE DIAMONDS TEN,0.6946,0.0322,0.2732
CLUBS FOUR DIAMONDS TEN,0.6356,0.0094,0.355
CLUBS FIVE DIAMONDS TEN,0.6352,0.0064,0.3584
CLUBS SIX DIAMONDS TEN,0.6324,0.0064,0.3612
CLUBS SEVEN DIAMONDS TEN,0.6206,0.0078,0.3716
CLUBS EIGHT DIAMONDS TEN,0.6112,0.007,0.3818
CLUBS NINE DIAMONDS TEN,0.6834,0.0276,0.289
DIAMONDS THREE CLUBS JACK,0.6404,0.006,0.3536
CLUBS TEN DIAMONDS THREE,0.6336,0.006,0.3604
DIAMONDS THREE CLUBS KING,0.6004,0.1612,0.2384
DIAMONDS THREE CLUBS QUEEN,0.6522,0.0074,0.3404
DIAMONDS THREE CLUBS ACE,0.41,0.0048,0.5852
SPADES FOUR HEARTS JACK,0.6388,0.0088,0.3524
SPADES FOUR HEARTS TEN,0.6432,0.0068,0.35
SPADES FIVE SPADES TWO,0.6222,0.007,0.3708
SPADES FOUR SPADES TWO,0.6112,0.0064,0.3824
SPADES THREE SPADES TWO,0.6164,0.0098,0.3738
SPADES NINE SPADES TWO,0.7158,0.04,0.2442
SPADES EIGHT SPADES TWO,0.6474,0.007,0.3456
SPADES SEVEN SPADES TWO,0.648,0.008,0.344
SPADES SIX SPADES TWO,0.6362,0.0068,0.357
DIAMONDS QUEEN CLUBS THREE,0.6384,0.007,0.3546
CLUBS THREE HEARTS TWO,0.653,0.0094,0.3376
DIAMONDS QUEEN CLUBS TWO,0.639,0.0084,0.3526
HEARTS TWO CLUBS TWO,0.4702,0.0124,0.5174
DIAMONDS QUEEN HEARTS SEVEN,0.644,0.0086,0.3474
HEARTS TWO HEARTS SEVEN,0.6508,0.0076,0.3416
HEARTS SIX DIAMONDS QUEEN,0.6408,0.008,0.3512
HEARTS SIX HEARTS TWO,0.6238,0.008,0.3682
DIAMONDS QUEEN HEARTS EIGHT,0.6432,0.0054,0.3514
HEARTS TWO HEARTS EIGHT,0.6474,0.0066,0.346
CLUBS NINE HEARTS TWO,0.7434,0.0414,0.2152
CLUBS NINE DIAMONDS QUEEN,0.7192,0.0252,0.2556
CLUBS EIGHT HEARTS TWO,0.6766,0.008,0.3154
CLUBS EIGHT DIAMONDS QUEEN,0.6388,0.005,0.3562
CLUBS FIVE DIAMONDS QUEEN,0.6372,0.0058,0.357
CLUBS FIVE HEARTS TWO,0.6508,0.0078,0.3414
SPADES EIGHT HEARTS ACE,0.3946,0.0048,0.6006
DIAMONDS QUEEN CLUBS FOUR,0.6372,0.004,0.3588
HEARTS TWO CLUBS FOUR,0.6506,0.0078,0.3416
CLUBS SEVEN DIAMONDS QUEEN,0.64,0.007,0.353
CLUBS SEVEN HEARTS TWO,0.6626,0.0064,0.331
SPADES EIGHT HEARTS QUEEN,0.6378,0.007,0.3552
CLUBS SIX DIAMONDS QUEEN,0.633,0.0048,0.3622
CLUBS SIX HEARTS TWO,0.6644,0.0062,0.3294
SPADES EIGHT HEARTS KING,0.619,0.1748,0.2062
DIAMONDS QUEEN SPADES SIX,0.6422,0.0068,0.351
HEARTS TWO SPADES SIX,0.6628,0.0072,0.33
HEARTS FOUR CLUBS QUEEN,0.6352,0.0076,0.3572
DIAMONDS ACE CLUBS QUEEN,0.361,0.003,0.636
DIAMONDS QUEEN SPADES SEVEN,0.6486,0.0074,0.344
SPADES SEVEN HEARTS TWO,0.6738,0.0072,0.319
HEARTS FOUR CLUBS KING,0.6112,0.169,0.2198
DIAMONDS ACE CLUBS KING,0.2252,0.0108,0.764
SPADES EIGHT DIAMONDS QUEEN,0.6212,0.0086,0.3702
SPADES EIGHT HEARTS TWO,0.6882,0.009,0.3028
HEARTS FOUR CLUBS ACE,0.4152,0.0034,0.5814
DIAMONDS ACE CLUBS ACE,0.1396,0.002,0.8584
SPADES NINE DIAMONDS QUEEN,0.719,0.033,0.248
SPADES NINE HEARTS TWO,0.7462,0.0352,0.2186
HEARTS TWO SPADES TWO,0.4764,0.0132,0.5104
DIAMONDS QUEEN SPADES TWO,0.6478,0.007,0.3452
HEARTS TWO SPADES THREE,0.6552,0.009,0.3358
DIAMONDS QUEEN SPADES THREE,0.6464,0.0058,0.3478
HEARTS TWO SPADES FOUR,0.6548,0.0086,0.3366
DIAMONDS QUEEN SPADES FOUR,0.6372,0.0076,0.3552
HEARTS FOUR CLUBS TEN,0.6474,0.0068,0.3458
CLUBS TEN DIAMONDS ACE,0.358,0.004,0.638
HEARTS TWO SPADES FIVE,0.655,0.0084,0.3366
DIAMONDS QUEEN SPADES FIVE,0.6382,0.0078,0.354
HEARTS FOUR CLUBS JACK,0.6352,0.0072,0.3576
DIAMONDS ACE CLUBS JACK,0.3616,0.0044,0.634
CLUBS FIVE CLUBS KING,0.579,0.1458,0.2752
CLUBS FIVE CLUBS QUEEN,0.6062,0.005,0.3888
CLUBS FIVE CLUBS ACE,0.396,0.0038,0.6002
CLUBS FIVE CLUBS JACK,0.59,0.0062,0.4038
CLUBS TEN CLUBS FIVE,0.5988,0.006,0.3952
SPADES QUEEN CLUBS JACK,0.57,0.006,0.424
SPADES ACE CLUBS JACK,0.3562,0.005,0.6388
SPADES SIX CLUBS KING,0.5994,0.1588,0.2418
SPADES SIX CLUBS QUEEN,0.641,0.0074,0.3516
SPADES EIGHT HEARTS JACK,0.626,0.0084,0.3656
SPADES SIX CLUBS ACE,0.4112,0.0038,0.585
SPADES EIGHT HEARTS TEN,0.6124,0.0074,0.3802
SPADES SIX CLUBS JACK,0.6472,0.0064,0.3464
CLUBS TEN SPADES SIX,0.6344,0.0054,0.3602
SPADES TEN CLUBS JACK,0.5728,0.0062,0.421
SPADES JACK CLUBS JACK,0.297,0.0056,0.6974
SPADES QUEEN CLUBS SEVEN,0.6446,0.0076,0.3478
SPADES ACE CLUBS SEVEN,0.4076,0.0042,0.5882
SPADES SIX HEARTS TEN,0.6426,0.0066,0.3508
SPADES SIX HEARTS JACK,0.644,0.0062,0.3498
SPADES SIX HEARTS ACE,0.3982,0.005,0.5968
SPADES SIX HEARTS KING,0.6044,0.1682,0.2274
SPADES SIX HEARTS QUEEN,0.6406,0.0062,0.3532
SPADES JACK CLUBS SEVEN,0.6198,0.008,0.3722
CLUBS SEVEN SPADES TEN,0.6232,0.0072,0.3696
CLUBS TEN HEARTS SIX,0.6342,0.0074,0.3584
HEARTS SIX CLUBS JACK,0.6514,0.007,0.3416
CLUBS ACE CLUBS JACK,0.3312,0.0052,0.6636
HEARTS SIX CLUBS QUEEN,0.634,0.0052,0.3608
HEARTS SIX CLUBS KING,0.5958,0.1736,0.2306
HEARTS SIX CLUBS ACE,0.408,0.0046,0.5874
CLUBS QUEEN CLUBS JACK,0.5432,0.0052,0.4516
CLUBS KING CLUBS JACK,0.2274,0.0824,0.6902
DIAMONDS THREE HEARTS ACE,0.3878,0.0062,0.606
DIAMONDS THREE HEARTS QUEEN,0.6414,0.0086,0.35
DIAMONDS THREE HEARTS KING,0.5978,0.1624,0.2398
CLUBS FIVE HEARTS JACK,0.6296,0.0062,0.3642
HEARTS FOUR SPADES TEN,0.6524,0.0096,0.338
SPADES TEN DIAMONDS ACE,0.3458,0.0042,0.65
CLUBS FIVE HEARTS TEN,0.6308,0.0092,0.36
HEARTS FOUR SPADES JACK,0.6544,0.0074,0.3382
SPADES JACK DIAMONDS ACE,0.3538,0.0032,0.643
SPADES ACE HEARTS FOUR,0.3986,0.0052,0.5962
SPADES ACE DIAMONDS ACE,0.129,0.0024,0.8686
CLUBS FIVE HEARTS ACE,0.4006,0.0046,0.5948
CLUBS FIVE HEARTS KING,0.5996,0.1602,0.2402
SPADES QUEEN DIAMONDS ACE,0.3718,0.0036,0.6246
HEARTS FOUR SPADES QUEEN,0.6522,0.0088,0.339
SPADES FOUR CLUBS JACK,0.637,0.007,0.356
CLUBS FIVE HEARTS QUEEN,0.6272,0.008,0.3648
CLUBS TEN SPADES FOUR,0.6484,0.0082,0.3434
DIAMONDS QUEEN DIAMONDS ACE,0.3278,0.0054,0.6668
HEARTS TWO DIAMONDS ACE,0.4228,0.0056,0.5716
HEARTS FOUR DIAMONDS QUEEN,0.6486,0.0078,0.3436
HEARTS FOUR HEARTS TWO,0.6192,0.0082,0.3726
DIAMONDS THREE HEARTS TEN,0.6466,0.0072,0.3462
SPADES FOUR CLUBS KING,0.5968,0.1722,0.231
HEARTS FIVE DIAMONDS QUEEN,0.642,0.0076,0.3504
HEARTS FIVE HEARTS TWO,0.6106,0.0086,0.3808
DIAMONDS THREE HEARTS JACK,0.632,0.0062,0.3618
SPADES FOUR CLUBS QUEEN,0.6462,0.0074,0.3464
DIAMONDS QUEEN HEARTS TWO,0.6416,0.0082,0.3502
DIAMONDS KING DIAMONDS QUEEN,0.237,0.0562,0.7068
DIAMONDS KING HEARTS TWO,0.6022,0.1648,0.233
HEARTS THREE DIAMONDS QUEEN,0.652,0.0074,0.3406
HEARTS THREE HEARTS TWO,0.6054,0.0068,0.3878
SPADES FOUR CLUBS ACE,0.4152,0.0034,0.5814
HEARTS TWO CLUBS ACE,0.4176,0.0032,0.5792
DIAMONDS QUEEN CLUBS ACE,0.3664,0.0028,0.6308
HEARTS TWO CLUBS QUEEN,0.6536,0.0066,0.3398
DIAMONDS QUEEN CLUBS QUEEN,0.2918,0.0032,0.705
HEARTS TWO CLUBS KING,0.6172,0.1604,0.2224
DIAMONDS QUEEN CLUBS KING,0.2402,0.0586,0.7012
SPADES EIGHT SPADES FIVE,0.607,0.0096,0.3834
CLUBS TEN HEARTS TWO,0.643,0.0072,0.3498
CLUBS TEN DIAMONDS QUEEN,0.5786,0.004,0.4174
SPADES NINE SPADES FIVE,0.6946,0.0354,0.27
HEARTS TWO CLUBS JACK,0.6454,0.0044,0.3502
DIAMONDS QUEEN CLUBS JACK,0.5754,0.0058,0.4188
SPADES SIX SPADES FIVE,0.5906,0.008,0.4014
SPADES SEVEN SPADES FIVE,0.5956,0.0078,0.3966
DIAMONDS FIVE CLUBS QUEEN,0.6336,0.0064,0.36
SPADES EIGHT CLUBS ACE,0.404,0.0036,0.5924
DIAMONDS FIVE CLUBS KING,0.585,0.1692,0.2458
SPADES EIGHT CLUBS KING,0.6232,0.1606,0.2162
