opposingHand,winningChance,drawChance,lostChance
SPADES KING SPADES SIX
SPADES TEN HEARTS FIVE,0.6454,0.0074,0.3472
SPADES JACK HEARTS FIVE,0.648,0.009,0.343
SPADES FIVE CLUBS JACK,0.6454,0.0094,0.3452
SPADES FIVE CLUBS TEN,0.644,0.0078,0.3482
CLUBS EIGHT CLUBS JACK,0.573,0.0072,0.4198
CLUBS EIGHT CLUBS TEN,0.5572,0.0052,0.4376
CLUBS EIGHT CLUBS KING,0.2728,0.2082,0.519
SPADES FIVE CLUBS ACE,0.4102,0.0054,0.5844
CLUBS EIGHT CLUBS QUEEN,0.5774,0.0086,0.414
SPADES FIVE CLUBS KING,0.427,0.3552,0.2178
SPADES FIVE CLUBS QUEEN,0.643,0.0064,0.3506
CLUBS EIGHT CLUBS ACE,0.3758,0.0032,0.621
DIAMONDS TWO DIAMONDS THREE,0.6194,0.0106,0.37
DIAMONDS TWO DIAMONDS FIVE,0.6304,0.006,0.3636
DIAMONDS TWO DIAMONDS FOUR,0.627,0.01,0.363
SPADES QUEEN HEARTS FIVE,0.6544,0.0072,0.3384
DIAMONDS TWO DIAMONDS SEVEN,0.6232,0.0108,0.366
DIAMONDS TWO DIAMONDS SIX,0.6906,0.0366,0.2728
SPADES ACE HEARTS FIVE,0.4028,0.0048,0.5924
DIAMONDS TWO DIAMONDS NINE,0.6172,0.0094,0.3734
DIAMONDS TWO DIAMONDS EIGHT,0.6244,0.008,0.3676
DIAMONDS THREE DIAMONDS FOUR,0.5972,0.0088,0.394
CLUBS TWO SPADES FOUR,0.6708,0.0098,0.3194
DIAMONDS THREE DIAMONDS FIVE,0.6114,0.009,0.3796
CLUBS TWO SPADES FIVE,0.6684,0.0136,0.318
CLUBS TWO SPADES TWO,0.4806,0.0164,0.503
CLUBS TWO SPADES THREE,0.6596,0.008,0.3324
DIAMONDS THREE DIAMONDS EIGHT,0.6052,0.0074,0.3874
SPADES EIGHT CLUBS TWO,0.6594,0.0078,0.3328
DIAMONDS THREE DIAMONDS NINE,0.6232,0.0074,0.3694
SPADES NINE CLUBS TWO,0.6418,0.0116,0.3466
DIAMONDS THREE DIAMONDS SIX,0.674,0.0338,0.2922
DIAMONDS THREE DIAMONDS SEVEN,0.6096,0.0074,0.383
SPADES SEVEN CLUBS TWO,0.6608,0.0094,0.3298
CLUBS SIX CLUBS TWO,0.6972,0.036,0.2668
CLUBS SEVEN CLUBS TWO,0.6152,0.0066,0.3782
CLUBS FOUR CLUBS TWO,0.6252,0.0102,0.3646
CLUBS FIVE CLUBS TWO,0.6166,0.0088,0.3746
CLUBS JACK CLUBS TEN,0.54,0.0092,0.4508
DIAMONDS FOUR DIAMONDS SIX,0.6742,0.0318,0.294
CLUBS QUEEN CLUBS TEN,0.5358,0.0062,0.458
DIAMONDS FOUR DIAMONDS SEVEN,0.5888,0.0086,0.4026
CLUBS KING CLUBS TEN,0.2526,0.1084,0.639
CLUBS ACE CLUBS TEN,0.3728,0.0038,0.6234
CLUBS EIGHT CLUBS TWO,0.623,0.0076,0.3694
DIAMONDS FIVE DIAMONDS FOUR,0.6144,0.0076,0.378
CLUBS NINE CLUBS TWO,0.6156,0.0078,0.3766
DIAMONDS NINE DIAMONDS FOUR,0.6118,0.0094,0.3788
DIAMONDS EIGHT DIAMONDS FOUR,0.6128,0.006,0.3812
CLUBS TWO CLUBS THREE,0.6272,0.0094,0.3634
DIAMONDS NINE DIAMONDS FIVE,0.614,0.0068,0.3792
DIAMONDS TWO CLUBS JACK,0.6476,0.0084,0.344
DIAMONDS EIGHT DIAMONDS FIVE,0.5982,0.006,0.3958
DIAMONDS TWO CLUBS TEN,0.6614,0.0074,0.3312
DIAMONDS FIVE DIAMONDS SEVEN,0.6028,0.0082,0.389
DIAMONDS FIVE DIAMONDS SIX,0.656,0.0348,0.3092
DIAMONDS TWO CLUBS ACE,0.4438,0.004,0.5522
DIAMONDS TWO CLUBS KING,0.4306,0.36,0.2094
DIAMONDS TWO CLUBS QUEEN,0.6448,0.0098,0.3454
DIAMONDS EIGHT DIAMONDS SIX,0.6582,0.0318,0.31
DIAMONDS NINE DIAMONDS SIX,0.6668,0.0344,0.2988
SPADES THREE HEARTS ACE,0.4184,0.0072,0.5744
HEARTS KING SPADES THREE,0.4224,0.3706,0.207
DIAMONDS SEVEN DIAMONDS SIX,0.6604,0.029,0.3106
SPADES THREE HEARTS QUEEN,0.6502,0.0084,0.3414
SPADES THREE HEARTS JACK,0.646,0.0086,0.3454
SPADES THREE HEARTS TEN,0.6516,0.0076,0.3408
DIAMONDS EIGHT DIAMONDS SEVEN,0.5618,0.0088,0.4294
DIAMONDS NINE DIAMONDS SEVEN,0.569,0.006,0.425
DIAMONDS NINE DIAMONDS EIGHT,0.5524,0.0084,0.4392
DIAMONDS KING HEARTS TEN,0.2784,0.11,0.6116
HEARTS THREE HEARTS TEN,0.6154,0.0086,0.376
SPADES JACK CLUBS SIX,0.7398,0.037,0.2232
DIAMONDS KING HEARTS JACK,0.2844,0.077,0.6386
HEARTS THREE HEARTS JACK,0.6098,0.0076,0.3826
CLUBS SIX SPADES TEN,0.7316,0.0332,0.2352
SPADES JACK SPADES FIVE,0.6312,0.0092,0.3596
SPADES TEN SPADES FIVE,0.6404,0.0098,0.3498
DIAMONDS KING HEARTS ACE,0.2828,0.0118,0.7054
HEARTS THREE HEARTS ACE,0.4102,0.005,0.5848
SPADES ACE CLUBS SIX,0.2588,0.0276,0.7136
DIAMONDS KING HEARTS QUEEN,0.2888,0.0652,0.646
HEARTS THREE HEARTS QUEEN,0.6042,0.0076,0.3882
DIAMONDS KING HEARTS KING,0.1292,0.0144,0.8564
HEARTS THREE HEARTS KING,0.4234,0.3304,0.2462
SPADES QUEEN CLUBS SIX,0.736,0.0372,0.2268
SPADES NINE HEARTS TEN,0.563,0.0098,0.4272
SPADES NINE HEARTS JACK,0.587,0.0086,0.4044
SPADES QUEEN SPADES FIVE,0.6522,0.0084,0.3394
SPADES ACE SPADES FIVE,0.3648,0.0044,0.6308
SPADES NINE HEARTS QUEEN,0.601,0.0058,0.3932
SPADES NINE HEARTS KING,0.2806,0.1516,0.5678
SPADES NINE HEARTS ACE,0.3898,0.0048,0.6054
SPADES JACK CLUBS TEN,0.5568,0.006,0.4372
SPADES TEN CLUBS TEN,0.3426,0.0086,0.6488
SPADES ACE CLUBS TEN,0.3706,0.0052,0.6242
SPADES QUEEN CLUBS TEN,0.5822,0.007,0.4108
SPADES FIVE HEARTS QUEEN,0.6384,0.0076,0.354
SPADES FIVE HEARTS KING,0.4314,0.3634,0.2052
SPADES FIVE HEARTS ACE,0.4126,0.0068,0.5806
HEARTS THREE SPADES JACK,0.6498,0.0088,0.3414
SPADES JACK DIAMONDS KING,0.2708,0.088,0.6412
CLUBS EIGHT SPADES TEN,0.5916,0.0066,0.4018
CLUBS EIGHT SPADES JACK,0.607,0.0054,0.3876
HEARTS THREE SPADES TEN,0.642,0.0088,0.3492
SPADES TEN DIAMONDS KING,0.2654,0.1176,0.617
SPADES ACE CLUBS EIGHT,0.38,0.005,0.615
HEARTS FIVE CLUBS JACK,0.658,0.0084,0.3336
CLUBS SIX HEARTS ACE,0.269,0.028,0.703
HEARTS FIVE CLUBS TEN,0.6388,0.009,0.3522
CLUBS EIGHT SPADES QUEEN,0.6156,0.007,0.3774
SPADES THREE CLUBS TEN,0.6444,0.0098,0.3458
CLUBS SIX HEARTS QUEEN,0.7408,0.0352,0.224
SPADES THREE CLUBS JACK,0.663,0.01,0.327
CLUBS SIX HEARTS KING,0.0744,0.9044,0.0212
DIAMONDS TWO HEARTS JACK,0.653,0.007,0.34
SPADES THREE CLUBS QUEEN,0.655,0.0084,0.3366
DIAMONDS TWO HEARTS TEN,0.659,0.005,0.336
SPADES THREE CLUBS KING,0.4146,0.368,0.2174
HEARTS FIVE CLUBS ACE,0.431,0.0032,0.5658
SPADES FIVE HEARTS TEN,0.6506,0.0088,0.3406
SPADES THREE CLUBS ACE,0.4274,0.0048,0.5678
HEARTS FIVE CLUBS KING,0.4278,0.3664,0.2058
SPADES FIVE HEARTS JACK,0.6544,0.007,0.3386
HEARTS FIVE CLUBS QUEEN,0.6566,0.006,0.3374
HEARTS THREE CLUBS KING,0.4322,0.3618,0.206
DIAMONDS KING CLUBS KING,0.138,0.0152,0.8468
HEARTS THREE CLUBS QUEEN,0.65,0.0094,0.3406
DIAMONDS KING CLUBS QUEEN,0.2926,0.0654,0.642
HEARTS FIVE HEARTS JACK,0.6142,0.0056,0.3802
HEARTS FIVE HEARTS TEN,0.6134,0.0068,0.3798
HEARTS THREE CLUBS ACE,0.4376,0.0046,0.5578
DIAMONDS KING CLUBS ACE,0.2838,0.0104,0.7058
SPADES ACE CLUBS QUEEN,0.383,0.003,0.614
HEARTS THREE CLUBS JACK,0.658,0.0068,0.3352
DIAMONDS KING CLUBS JACK,0.2792,0.0828,0.638
SPADES QUEEN CLUBS QUEEN,0.3226,0.0042,0.6732
HEARTS THREE CLUBS TEN,0.6604,0.007,0.3326
DIAMONDS KING CLUBS TEN,0.2764,0.1078,0.6158
SPADES JACK CLUBS QUEEN,0.5828,0.006,0.4112
CLUBS SIX CLUBS QUEEN,0.6978,0.0366,0.2656
SPADES TEN CLUBS QUEEN,0.5646,0.0076,0.4278
CLUBS SIX CLUBS KING,0.074,0.8518,0.0742
CLUBS SIX CLUBS ACE,0.2504,0.0312,0.7184
HEARTS FIVE HEARTS KING,0.4142,0.3438,0.242
HEARTS FIVE HEARTS QUEEN,0.612,0.009,0.379
CLUBS SIX CLUBS TEN,0.6816,0.0292,0.2892
HEARTS FIVE HEARTS ACE,0.4126,0.0052,0.5822
CLUBS SIX CLUBS JACK,0.6972,0.0386,0.2642
SPADES SEVEN HEARTS JACK,0.6064,0.0074,0.3862
SPADES SEVEN HEARTS TEN,0.6088,0.0062,0.385
DIAMONDS TWO CLUBS TWO,0.4828,0.0154,0.5018
DIAMONDS TWO CLUBS THREE,0.666,0.009,0.325
HEARTS SIX DIAMONDS TWO,0.736,0.0386,0.2254
DIAMONDS TWO HEARTS QUEEN,0.6712,0.0086,0.3202
DIAMONDS TWO HEARTS SEVEN,0.6652,0.0064,0.3284
DIAMONDS TWO HEARTS KING,0.4302,0.3572,0.2126
DIAMONDS TWO HEARTS EIGHT,0.65,0.0076,0.3424
DIAMONDS TWO HEARTS ACE,0.4254,0.0052,0.5694
DIAMONDS TWO HEARTS NINE,0.662,0.0052,0.3328
DIAMONDS TWO DIAMONDS QUEEN,0.6202,0.0076,0.3722
DIAMONDS TWO HEARTS TWO,0.4712,0.016,0.5128
DIAMONDS TWO DIAMONDS KING,0.4106,0.3336,0.2558
HEARTS THREE DIAMONDS TWO,0.6672,0.0086,0.3242
DIAMONDS TWO DIAMONDS ACE,0.4094,0.0056,0.585
HEARTS FOUR DIAMONDS TWO,0.6682,0.0086,0.3232
DIAMONDS TWO HEARTS FIVE,0.6724,0.0094,0.3182
SPADES SEVEN HEARTS ACE,0.3736,0.0042,0.6222
DIAMONDS TWO DIAMONDS TEN,0.6016,0.006,0.3924
SPADES SEVEN HEARTS KING,0.2524,0.293,0.4546
DIAMONDS TWO DIAMONDS JACK,0.6202,0.0056,0.3742
SPADES SEVEN HEARTS QUEEN,0.6354,0.0082,0.3564
DIAMONDS TWO SPADES NINE,0.6526,0.009,0.3384
DIAMONDS TWO SPADES EIGHT,0.6558,0.009,0.3352
DIAMONDS TWO SPADES SEVEN,0.6654,0.0084,0.3262
DIAMONDS TWO SPADES FIVE,0.6626,0.0104,0.327
DIAMONDS TWO SPADES FOUR,0.667,0.0086,0.3244
DIAMONDS TWO SPADES THREE,0.6604,0.0096,0.33
DIAMONDS TWO SPADES TWO,0.4856,0.0174,0.497
CLUBS NINE DIAMONDS TWO,0.6574,0.0078,0.3348
CLUBS EIGHT DIAMONDS TWO,0.6482,0.0078,0.344
DIAMONDS TWO CLUBS SEVEN,0.6536,0.006,0.3404
CLUBS SIX DIAMONDS TWO,0.7348,0.036,0.2292
DIAMONDS TWO CLUBS FIVE,0.6628,0.0088,0.3284
DIAMONDS TWO CLUBS FOUR,0.6786,0.007,0.3144
CLUBS FOUR SPADES FIVE,0.6284,0.0074,0.3642
CLUBS FOUR SPADES FOUR,0.4662,0.0132,0.5206
CLUBS FOUR SPADES THREE,0.65,0.0074,0.3426
CLUBS FOUR SPADES TWO,0.6744,0.0072,0.3184
SPADES NINE CLUBS FOUR,0.6482,0.006,0.3458
CLUBS FOUR SPADES EIGHT,0.6386,0.0086,0.3528
CLUBS FOUR SPADES SEVEN,0.6362,0.0086,0.3552
SPADES ACE DIAMONDS SIX,0.2644,0.031,0.7046
SPADES QUEEN DIAMONDS SIX,0.7444,0.0394,0.2162
SPADES TEN DIAMONDS SIX,0.727,0.0392,0.2338
SPADES JACK DIAMONDS SIX,0.7292,0.0384,0.2324
SPADES QUEEN SPADES TWO,0.6328,0.01,0.3572
SPADES ACE SPADES TWO,0.3774,0.0062,0.6164
DIAMONDS JACK CLUBS JACK,0.3306,0.0036,0.6658
DIAMONDS JACK CLUBS TEN,0.5726,0.0068,0.4206
DIAMONDS JACK CLUBS KING,0.285,0.0794,0.6356
DIAMONDS JACK CLUBS QUEEN,0.5906,0.0062,0.4032
DIAMONDS THREE DIAMONDS JACK,0.6138,0.0046,0.3816
DIAMONDS THREE DIAMONDS TEN,0.6276,0.0058,0.3666
DIAMONDS JACK CLUBS ACE,0.3946,0.0038,0.6016
DIAMONDS THREE DIAMONDS KING,0.4064,0.333,0.2606
HEARTS THREE DIAMONDS THREE,0.48,0.0172,0.5028
DIAMONDS THREE DIAMONDS QUEEN,0.6074,0.0078,0.3848
DIAMONDS THREE HEARTS TWO,0.6724,0.007,0.3206
HEARTS FIVE DIAMONDS THREE,0.6488,0.0086,0.3426
DIAMONDS THREE DIAMONDS ACE,0.4114,0.0052,0.5834
HEARTS FOUR DIAMONDS THREE,0.66,0.0088,0.3312
DIAMONDS THREE HEARTS SEVEN,0.6534,0.0084,0.3382
SPADES TEN SPADES NINE,0.5676,0.0066,0.4258
HEARTS SIX DIAMONDS THREE,0.7256,0.035,0.2394
SPADES JACK SPADES NINE,0.5796,0.0092,0.4112
DIAMONDS THREE HEARTS NINE,0.6568,0.0072,0.336
HEARTS JACK DIAMONDS FOUR,0.6582,0.0066,0.3352
HEARTS KING HEARTS ACE,0.2584,0.0104,0.7312
SPADES TEN SPADES TWO,0.652,0.0096,0.3384
DIAMONDS THREE HEARTS EIGHT,0.6724,0.0048,0.3228
HEARTS TEN DIAMONDS FOUR,0.6568,0.0064,0.3368
SPADES JACK SPADES TWO,0.6508,0.01,0.3392
HEARTS QUEEN DIAMONDS FOUR,0.6476,0.0078,0.3446
HEARTS KING DIAMONDS FOUR,0.4378,0.3514,0.2108
SPADES ACE SPADES NINE,0.339,0.0068,0.6542
HEARTS ACE DIAMONDS FOUR,0.418,0.005,0.577
SPADES QUEEN SPADES NINE,0.599,0.0074,0.3936
DIAMONDS THREE SPADES NINE,0.6522,0.008,0.3398
DIAMONDS THREE SPADES EIGHT,0.654,0.011,0.335
DIAMONDS THREE SPADES SEVEN,0.6542,0.0106,0.3352
CLUBS SIX DIAMONDS THREE,0.7382,0.0368,0.225
CLUBS ACE DIAMONDS FOUR,0.417,0.005,0.578
CLUBS SIX CLUBS FIVE,0.6504,0.0344,0.3152
CLUBS SEVEN CLUBS FIVE,0.5898,0.0068,0.4034
CLUBS SEVEN DIAMONDS THREE,0.6544,0.0084,0.3372
DIAMONDS THREE CLUBS FOUR,0.6556,0.0106,0.3338
CLUBS QUEEN DIAMONDS FOUR,0.6488,0.0056,0.3456
DIAMONDS THREE CLUBS FIVE,0.6604,0.01,0.3296
CLUBS KING DIAMONDS FOUR,0.4266,0.3554,0.218
DIAMONDS THREE CLUBS TWO,0.6648,0.013,0.3222
DIAMONDS FOUR CLUBS TEN,0.6572,0.006,0.3368
DIAMONDS THREE CLUBS THREE,0.4888,0.0138,0.4974
DIAMONDS FOUR CLUBS JACK,0.6584,0.0068,0.3348
DIAMONDS THREE SPADES FOUR,0.657,0.0114,0.3316
DIAMONDS THREE SPADES FIVE,0.6476,0.0086,0.3438
DIAMONDS THREE SPADES TWO,0.681,0.0088,0.3102
DIAMONDS THREE SPADES THREE,0.4714,0.0198,0.5088
CLUBS EIGHT DIAMONDS THREE,0.6638,0.008,0.3282
CLUBS NINE DIAMONDS THREE,0.6584,0.0062,0.3354
SPADES SEVEN CLUBS ACE,0.3848,0.004,0.6112
SPADES SEVEN CLUBS QUEEN,0.6274,0.0066,0.366
SPADES SEVEN CLUBS KING,0.2676,0.2802,0.4522
CLUBS FIVE SPADES SEVEN,0.62,0.0072,0.3728
SPADES SEVEN CLUBS TEN,0.6064,0.007,0.3866
SPADES SEVEN CLUBS JACK,0.6086,0.0068,0.3846
SPADES NINE CLUBS FIVE,0.6402,0.0066,0.3532
SPADES EIGHT CLUBS FIVE,0.6206,0.0052,0.3742
CLUBS FIVE SPADES THREE,0.6508,0.011,0.3382
CLUBS FIVE SPADES TWO,0.6624,0.0096,0.328
CLUBS FIVE SPADES FIVE,0.4668,0.012,0.5212
CLUBS FIVE SPADES FOUR,0.6224,0.0082,0.3694
CLUBS NINE CLUBS FIVE,0.605,0.008,0.387
CLUBS EIGHT CLUBS FIVE,0.5968,0.0088,0.3944
CLUBS ACE CLUBS QUEEN,0.3868,0.0056,0.6076
CLUBS KING CLUBS QUEEN,0.286,0.0584,0.6556
DIAMONDS TEN DIAMONDS FOUR,0.6216,0.009,0.3694
DIAMONDS NINE CLUBS TEN,0.5884,0.0048,0.4068
DIAMONDS JACK DIAMONDS FOUR,0.6132,0.0082,0.3786
DIAMONDS NINE CLUBS JACK,0.5798,0.0074,0.4128
SPADES NINE CLUBS JACK,0.5916,0.0066,0.4018
SPADES NINE CLUBS TEN,0.5716,0.0078,0.4206
DIAMONDS ACE DIAMONDS FOUR,0.4138,0.005,0.5812
HEARTS FOUR DIAMONDS FOUR,0.4568,0.0176,0.5256
DIAMONDS JACK HEARTS TEN,0.559,0.0072,0.4338
SPADES NINE CLUBS KING,0.2668,0.1606,0.5726
DIAMONDS TWO SPADES TEN,0.6404,0.01,0.3496
DIAMONDS NINE CLUBS ACE,0.4,0.003,0.597
HEARTS FIVE DIAMONDS FOUR,0.627,0.0084,0.3646
HEARTS JACK DIAMONDS JACK,0.3258,0.005,0.6692
SPADES NINE CLUBS QUEEN,0.5948,0.0078,0.3974
SPADES JACK DIAMONDS TWO,0.6422,0.0092,0.3486
DIAMONDS QUEEN DIAMONDS FOUR,0.611,0.0062,0.3828
HEARTS TWO DIAMONDS FOUR,0.6712,0.0092,0.3196
DIAMONDS NINE CLUBS QUEEN,0.607,0.0062,0.3868
DIAMONDS KING DIAMONDS FOUR,0.403,0.3396,0.2574
HEARTS THREE DIAMONDS FOUR,0.6444,0.008,0.3476
SPADES NINE CLUBS ACE,0.394,0.0034,0.6026
DIAMONDS NINE CLUBS KING,0.2798,0.1562,0.564
HEARTS ACE DIAMONDS JACK,0.386,0.0046,0.6094
SPADES ACE DIAMONDS TWO,0.4166,0.0052,0.5782
DIAMONDS JACK HEARTS QUEEN,0.5906,0.0062,0.4032
SPADES QUEEN DIAMONDS TWO,0.6392,0.0094,0.3514
HEARTS KING DIAMONDS JACK,0.2838,0.0804,0.6358
SPADES JACK SPADES SEVEN,0.6082,0.0088,0.383
SPADES TEN SPADES SEVEN,0.5944,0.0068,0.3988
CLUBS SEVEN CLUBS THREE,0.6126,0.0072,0.3802
CLUBS SIX CLUBS THREE,0.695,0.0376,0.2674
CLUBS FIVE CLUBS THREE,0.6086,0.007,0.3844
CLUBS FOUR CLUBS THREE,0.6112,0.0084,0.3804
CLUBS NINE CLUBS THREE,0.6324,0.0082,0.3594
CLUBS EIGHT CLUBS THREE,0.6282,0.0064,0.3654
SPADES FIVE CLUBS THREE,0.645,0.0096,0.3454
CLUBS THREE SPADES FOUR,0.6456,0.0104,0.344
CLUBS THREE SPADES THREE,0.4756,0.012,0.5124
CLUBS THREE SPADES TWO,0.6666,0.0102,0.3232
SPADES SEVEN CLUBS THREE,0.6416,0.009,0.3494
SPADES EIGHT CLUBS THREE,0.661,0.0092,0.3298
SPADES NINE CLUBS THREE,0.6454,0.008,0.3466
SPADES TWO DIAMONDS FOUR,0.6776,0.0076,0.3148
SPADES THREE DIAMONDS FOUR,0.642,0.009,0.349
SPADES FOUR DIAMONDS FOUR,0.465,0.0174,0.5176
SPADES FIVE DIAMONDS FOUR,0.6328,0.0072,0.36
SPADES SEVEN DIAMONDS FOUR,0.6428,0.0088,0.3484
SPADES EIGHT DIAMONDS FOUR,0.647,0.0082,0.3448
SPADES NINE DIAMONDS FOUR,0.6482,0.0088,0.343
CLUBS FIVE DIAMONDS FOUR,0.6378,0.0074,0.3548
CLUBS FOUR DIAMONDS FOUR,0.4656,0.0136,0.5208
CLUBS SEVEN DIAMONDS FOUR,0.6352,0.0082,0.3566
CLUBS SIX DIAMONDS FOUR,0.7126,0.0356,0.2518
CLUBS NINE DIAMONDS FOUR,0.6658,0.0062,0.328
CLUBS EIGHT DIAMONDS FOUR,0.6552,0.0086,0.3362
DIAMONDS FOUR HEARTS SEVEN,0.6342,0.0062,0.3596
HEARTS SIX DIAMONDS FOUR,0.7042,0.0358,0.26
HEARTS NINE DIAMONDS FOUR,0.6658,0.0068,0.3274
DIAMONDS FOUR HEARTS EIGHT,0.65,0.0076,0.3424
CLUBS THREE DIAMONDS FOUR,0.651,0.0078,0.3412
CLUBS TWO DIAMONDS FOUR,0.6826,0.0086,0.3088
DIAMONDS TEN DIAMONDS FIVE,0.6246,0.0084,0.367
DIAMONDS JACK DIAMONDS FIVE,0.6096,0.0072,0.3832
DIAMONDS NINE HEARTS QUEEN,0.6042,0.0066,0.3892
HEARTS KING DIAMONDS NINE,0.2738,0.1586,0.5676
DIAMONDS NINE HEARTS ACE,0.4096,0.0034,0.587
DIAMONDS NINE HEARTS TEN,0.5748,0.0056,0.4196
DIAMONDS NINE HEARTS JACK,0.5864,0.0048,0.4088
CLUBS KING DIAMONDS SIX,0.0742,0.902,0.0238
CLUBS QUEEN DIAMONDS SIX,0.7362,0.0352,0.2286
CLUBS ACE DIAMONDS SIX,0.2844,0.0244,0.6912
SPADES ACE SPADES SEVEN,0.3374,0.005,0.6576
SPADES QUEEN DIAMONDS FOUR,0.6498,0.0076,0.3426
SPADES QUEEN SPADES SEVEN,0.6308,0.0088,0.3604
CLUBS JACK DIAMONDS SIX,0.7424,0.0342,0.2234
SPADES ACE DIAMONDS FOUR,0.4048,0.005,0.5902
CLUBS TEN DIAMONDS SIX,0.7288,0.0328,0.2384
CLUBS NINE CLUBS FOUR,0.6098,0.0088,0.3814
CLUBS EIGHT CLUBS FOUR,0.6114,0.0082,0.3804
SPADES JACK DIAMONDS FOUR,0.642,0.0088,0.3492
SPADES TEN DIAMONDS FOUR,0.6348,0.0082,0.357
CLUBS FOUR CLUBS FIVE,0.6,0.0102,0.3898
CLUBS SEVEN CLUBS FOUR,0.6066,0.0076,0.3858
CLUBS SIX CLUBS FOUR,0.671,0.0336,0.2954
CLUBS SEVEN SPADES EIGHT,0.578,0.0082,0.4138
CLUBS SEVEN SPADES NINE,0.599,0.0056,0.3954
CLUBS SEVEN SPADES SEVEN,0.355,0.0146,0.6304
CLUBS SEVEN SPADES FIVE,0.6142,0.0068,0.379
CLUBS SEVEN SPADES FOUR,0.6378,0.0086,0.3536
CLUBS SEVEN SPADES THREE,0.6524,0.009,0.3386
CLUBS SEVEN SPADES TWO,0.6534,0.007,0.3396
CLUBS NINE CLUBS SEVEN,0.5542,0.0064,0.4394
CLUBS EIGHT CLUBS SEVEN,0.5598,0.0078,0.4324
HEARTS SIX DIAMONDS FIVE,0.684,0.04,0.276
DIAMONDS FIVE HEARTS SEVEN,0.6266,0.0056,0.3678
DIAMONDS FIVE HEARTS EIGHT,0.6442,0.0058,0.35
HEARTS NINE DIAMONDS FIVE,0.6466,0.0076,0.3458
DIAMONDS QUEEN DIAMONDS FIVE,0.6092,0.005,0.3858
HEARTS TWO DIAMONDS FIVE,0.665,0.0074,0.3276
HEARTS KING HEARTS EIGHT,0.2586,0.2102,0.5312
DIAMONDS KING DIAMONDS FIVE,0.3984,0.3366,0.265
HEARTS THREE DIAMONDS FIVE,0.645,0.0076,0.3474
HEARTS QUEEN HEARTS EIGHT,0.5748,0.0076,0.4176
DIAMONDS ACE DIAMONDS FIVE,0.394,0.0054,0.6006
HEARTS FOUR DIAMONDS FIVE,0.6406,0.0082,0.3512
HEARTS FIVE DIAMONDS FIVE,0.471,0.0156,0.5134
HEARTS ACE HEARTS EIGHT,0.3644,0.0052,0.6304
CLUBS FOUR DIAMONDS FIVE,0.636,0.009,0.355
CLUBS FIVE DIAMONDS FIVE,0.4732,0.0154,0.5114
CLUBS SIX DIAMONDS FIVE,0.6962,0.0362,0.2676
CLUBS SEVEN DIAMONDS FIVE,0.625,0.008,0.367
CLUBS TWO DIAMONDS FIVE,0.6776,0.007,0.3154
CLUBS THREE DIAMONDS FIVE,0.6414,0.0102,0.3484
SPADES THREE DIAMONDS FIVE,0.6472,0.008,0.3448
SPADES TWO DIAMONDS FIVE,0.6552,0.0082,0.3366
SPADES FIVE DIAMONDS FIVE,0.4732,0.0164,0.5104
SPADES JACK DIAMONDS EIGHT,0.5956,0.0066,0.3978
HEARTS JACK CLUBS TEN,0.5738,0.0062,0.42
SPADES TEN DIAMONDS EIGHT,0.5902,0.0054,0.4044
SPADES FOUR DIAMONDS FIVE,0.6318,0.0074,0.3608
HEARTS JACK CLUBS JACK,0.3348,0.0042,0.661
HEARTS JACK CLUBS QUEEN,0.5852,0.0058,0.409
CLUBS NINE DIAMONDS FIVE,0.6504,0.0076,0.342
HEARTS JACK CLUBS KING,0.2906,0.0862,0.6232
CLUBS EIGHT DIAMONDS FIVE,0.6446,0.0082,0.3472
HEARTS JACK CLUBS ACE,0.4072,0.003,0.5898
SPADES SEVEN DIAMONDS FIVE,0.6188,0.009,0.3722
SPADES QUEEN DIAMONDS EIGHT,0.6084,0.0088,0.3828
SPADES NINE DIAMONDS FIVE,0.635,0.007,0.358
SPADES EIGHT DIAMONDS FIVE,0.6226,0.0086,0.3688
SPADES ACE DIAMONDS EIGHT,0.3904,0.006,0.6036
DIAMONDS TEN DIAMONDS SIX,0.6798,0.0338,0.2864
HEARTS ACE DIAMONDS SEVEN,0.3958,0.004,0.6002
DIAMONDS JACK DIAMONDS SIX,0.6906,0.0372,0.2722
HEARTS QUEEN DIAMONDS SEVEN,0.63,0.0068,0.3632
HEARTS KING DIAMONDS SEVEN,0.272,0.2806,0.4474
DIAMONDS ACE DIAMONDS SIX,0.257,0.025,0.718
HEARTS FOUR DIAMONDS SIX,0.7098,0.0374,0.2528
SPADES TWO HEARTS JACK,0.6544,0.0082,0.3374
HEARTS FIVE DIAMONDS SIX,0.6912,0.0418,0.267
SPADES TWO HEARTS TEN,0.6352,0.0092,0.3556
DIAMONDS QUEEN DIAMONDS SIX,0.6962,0.0416,0.2622
HEARTS TWO DIAMONDS SIX,0.7336,0.0334,0.233
DIAMONDS KING DIAMONDS SIX,0.07,0.859,0.071
HEARTS THREE DIAMONDS SIX,0.729,0.0328,0.2382
HEARTS EIGHT DIAMONDS SIX,0.698,0.0312,0.2708
HEARTS NINE DIAMONDS SIX,0.7228,0.03,0.2472
HEARTS SIX DIAMONDS SIX,0.336,0.0314,0.6326
HEARTS SEVEN DIAMONDS SIX,0.686,0.0354,0.2786
HEARTS TEN DIAMONDS SEVEN,0.6138,0.0066,0.3796
CLUBS TWO DIAMONDS SIX,0.7468,0.0378,0.2154
HEARTS JACK DIAMONDS SEVEN,0.6224,0.0066,0.371
CLUBS THREE DIAMONDS SIX,0.7228,0.036,0.2412
DIAMONDS EIGHT CLUBS JACK,0.5854,0.0066,0.408
CLUBS SEVEN DIAMONDS SIX,0.6906,0.0332,0.2762
CLUBS SIX DIAMONDS SIX,0.353,0.0252,0.6218
DIAMONDS EIGHT CLUBS TEN,0.5936,0.0082,0.3982
CLUBS FIVE DIAMONDS SIX,0.694,0.033,0.273
CLUBS FOUR DIAMONDS SIX,0.7066,0.0344,0.259
HEARTS ACE HEARTS JACK,0.3612,0.0044,0.6344
DIAMONDS EIGHT CLUBS ACE,0.4006,0.0026,0.5968
HEARTS JACK HEARTS QUEEN,0.5496,0.0072,0.4432
DIAMONDS EIGHT CLUBS KING,0.2752,0.2124,0.5124
CLUBS NINE DIAMONDS SIX,0.73,0.03,0.24
HEARTS KING HEARTS JACK,0.2562,0.0828,0.661
DIAMONDS EIGHT CLUBS QUEEN,0.6158,0.0046,0.3796
CLUBS EIGHT DIAMONDS SIX,0.7112,0.0348,0.254
SPADES FIVE DIAMONDS SIX,0.7026,0.039,0.2584
SPADES TEN HEARTS KING,0.259,0.114,0.627
HEARTS ACE SPADES TWO,0.4212,0.0048,0.574
SPADES JACK HEARTS KING,0.262,0.0842,0.6538
SPADES FOUR DIAMONDS SIX,0.705,0.0414,0.2536
SPADES THREE DIAMONDS SIX,0.7202,0.04,0.2398
SPADES TWO HEARTS QUEEN,0.6582,0.0082,0.3336
HEARTS KING SPADES TWO,0.4202,0.363,0.2168
SPADES TWO DIAMONDS SIX,0.7392,0.0414,0.2194
HEARTS TEN HEARTS EIGHT,0.555,0.0062,0.4388
SPADES NINE DIAMONDS SIX,0.7052,0.0382,0.2566
HEARTS JACK HEARTS EIGHT,0.566,0.0058,0.4282
SPADES EIGHT DIAMONDS SIX,0.703,0.032,0.265
SPADES SEVEN DIAMONDS SIX,0.683,0.03,0.287
SPADES QUEEN HEARTS KING,0.2772,0.0658,0.657
CLUBS ACE CLUBS KING,0.2562,0.013,0.7308
SPADES ACE HEARTS KING,0.2512,0.0114,0.7374
SPADES ACE HEARTS JACK,0.3778,0.0046,0.6176
SPADES QUEEN HEARTS JACK,0.5788,0.008,0.4132
SPADES TEN DIAMONDS TEN,0.3304,0.0062,0.6634
SPADES JACK DIAMONDS TEN,0.5496,0.007,0.4434
SPADES ACE DIAMONDS TEN,0.3794,0.0042,0.6164
SPADES JACK HEARTS JACK,0.3226,0.004,0.6734
SPADES TEN HEARTS JACK,0.5522,0.006,0.4418
SPADES QUEEN DIAMONDS TEN,0.5794,0.0072,0.4134
SPADES NINE DIAMONDS SEVEN,0.5958,0.006,0.3982
SPADES EIGHT DIAMONDS SEVEN,0.59,0.0052,0.4048
SPADES SEVEN DIAMONDS SEVEN,0.3622,0.0108,0.627
DIAMONDS KING DIAMONDS SEVEN,0.262,0.256,0.482
HEARTS THREE DIAMONDS SEVEN,0.6492,0.0074,0.3434
HEARTS KING DIAMONDS FIVE,0.4452,0.346,0.2088
DIAMONDS QUEEN DIAMONDS SEVEN,0.5968,0.0084,0.3948
HEARTS TWO DIAMONDS SEVEN,0.6618,0.008,0.3302
HEARTS QUEEN DIAMONDS FIVE,0.6442,0.0068,0.349
HEARTS FIVE DIAMONDS SEVEN,0.628,0.0072,0.3648
DIAMONDS ACE DIAMONDS SEVEN,0.3678,0.002,0.6302
HEARTS FOUR DIAMONDS SEVEN,0.6396,0.0076,0.3528
HEARTS ACE DIAMONDS FIVE,0.4218,0.004,0.5742
HEARTS SEVEN DIAMONDS SEVEN,0.3598,0.0116,0.6286
HEARTS SIX DIAMONDS SEVEN,0.6928,0.0316,0.2756
HEARTS NINE DIAMONDS SEVEN,0.5988,0.006,0.3952
DIAMONDS SEVEN HEARTS EIGHT,0.5998,0.007,0.3932
DIAMONDS JACK DIAMONDS SEVEN,0.5838,0.0062,0.41
HEARTS JACK DIAMONDS FIVE,0.6496,0.0074,0.343
DIAMONDS TEN DIAMONDS SEVEN,0.5666,0.0064,0.427
DIAMONDS FIVE HEARTS TEN,0.6588,0.0076,0.3336
HEARTS KING CLUBS KING,0.1334,0.0134,0.8532
CLUBS EIGHT DIAMONDS SEVEN,0.5994,0.007,0.3936
SPADES QUEEN CLUBS TWO,0.6634,0.008,0.3286
HEARTS KING CLUBS QUEEN,0.2948,0.0638,0.6414
CLUBS NINE DIAMONDS SEVEN,0.6084,0.0072,0.3844
SPADES TWO CLUBS JACK,0.6478,0.0078,0.3444
SPADES ACE CLUBS TWO,0.4178,0.0062,0.576
SPADES TWO CLUBS TEN,0.6452,0.0096,0.3452
HEARTS KING CLUBS ACE,0.28,0.0106,0.7094
CLUBS SIX CLUBS SEVEN,0.6518,0.0324,0.3158
SPADES TWO CLUBS KING,0.4258,0.3622,0.212
SPADES TWO DIAMONDS SEVEN,0.662,0.0098,0.3282
CLUBS EIGHT CLUBS SIX,0.6622,0.0284,0.3094
SPADES THREE DIAMONDS SEVEN,0.65,0.0078,0.3422
SPADES TWO CLUBS QUEEN,0.6586,0.008,0.3334
CLUBS NINE CLUBS SIX,0.6678,0.0302,0.302
SPADES FOUR DIAMONDS SEVEN,0.6312,0.0092,0.3596
HEARTS KING CLUBS JACK,0.2782,0.0836,0.6382
SPADES FIVE DIAMONDS SEVEN,0.6232,0.0068,0.37
SPADES TWO CLUBS ACE,0.4298,0.0056,0.5646
HEARTS KING CLUBS TEN,0.2702,0.1114,0.6184
CLUBS SIX SPADES TWO,0.7166,0.0424,0.241
CLUBS SIX SPADES THREE,0.726,0.0402,0.2338
CLUBS TWO DIAMONDS SEVEN,0.6544,0.0074,0.3382
CLUBS SIX SPADES FOUR,0.7026,0.037,0.2604
CLUBS THREE DIAMONDS SEVEN,0.658,0.0076,0.3344
CLUBS SIX SPADES FIVE,0.6856,0.0362,0.2782
CLUBS FOUR DIAMONDS SEVEN,0.6458,0.0064,0.3478
CLUBS FIVE DIAMONDS SEVEN,0.63,0.0062,0.3638
CLUBS SIX SPADES SEVEN,0.6928,0.0292,0.278
CLUBS SIX DIAMONDS SEVEN,0.6966,0.0266,0.2768
CLUBS SIX SPADES EIGHT,0.7062,0.0336,0.2602
SPADES JACK CLUBS TWO,0.6454,0.0088,0.3458
CLUBS SIX SPADES NINE,0.7018,0.0328,0.2654
SPADES TEN CLUBS TWO,0.656,0.0078,0.3362
CLUBS SEVEN DIAMONDS SEVEN,0.3658,0.0114,0.6228
CLUBS TWO CLUBS QUEEN,0.6102,0.0082,0.3816
CLUBS TWO CLUBS KING,0.4056,0.3344,0.26
CLUBS THREE DIAMONDS EIGHT,0.676,0.0078,0.3162
CLUBS TWO CLUBS ACE,0.409,0.0082,0.5828
CLUBS TWO DIAMONDS EIGHT,0.6616,0.0082,0.3302
DIAMONDS EIGHT HEARTS SEVEN,0.6,0.0076,0.3924
HEARTS SIX DIAMONDS EIGHT,0.7112,0.0284,0.2604
DIAMONDS EIGHT HEARTS NINE,0.5866,0.0068,0.4066
CLUBS TWO CLUBS TEN,0.6182,0.006,0.3758
DIAMONDS EIGHT HEARTS EIGHT,0.37,0.0106,0.6194
CLUBS TWO CLUBS JACK,0.6242,0.008,0.3678
CLUBS NINE DIAMONDS EIGHT,0.5832,0.0064,0.4104
CLUBS EIGHT DIAMONDS EIGHT,0.362,0.0114,0.6266
CLUBS FIVE DIAMONDS EIGHT,0.6336,0.0096,0.3568
SPADES ACE SPADES THREE,0.3746,0.007,0.6184
CLUBS FOUR DIAMONDS EIGHT,0.655,0.0084,0.3366
SPADES QUEEN SPADES THREE,0.6494,0.0088,0.3418
CLUBS SEVEN DIAMONDS EIGHT,0.5932,0.0062,0.4006
CLUBS SIX DIAMONDS EIGHT,0.7166,0.0358,0.2476
DIAMONDS QUEEN DIAMONDS EIGHT,0.5732,0.0078,0.419
HEARTS TWO DIAMONDS EIGHT,0.6632,0.0054,0.3314
DIAMONDS KING DIAMONDS EIGHT,0.2582,0.2104,0.5314
HEARTS THREE DIAMONDS EIGHT,0.651,0.008,0.341
DIAMONDS ACE DIAMONDS EIGHT,0.3828,0.004,0.6132
HEARTS FOUR DIAMONDS EIGHT,0.6512,0.008,0.3408
HEARTS FIVE DIAMONDS EIGHT,0.6388,0.0074,0.3538
DIAMONDS EIGHT DIAMONDS TEN,0.5448,0.0062,0.449
DIAMONDS EIGHT DIAMONDS JACK,0.566,0.0072,0.4268
SPADES JACK SPADES THREE,0.6558,0.0104,0.3338
SPADES TEN SPADES THREE,0.6578,0.0086,0.3336
CLUBS FOUR HEARTS ACE,0.42,0.0058,0.5742
CLUBS FOUR HEARTS QUEEN,0.6464,0.0072,0.3464
CLUBS FOUR HEARTS KING,0.4272,0.3554,0.2174
CLUBS SIX HEARTS TEN,0.725,0.0332,0.2418
CLUBS SIX HEARTS JACK,0.7448,0.0326,0.2226
SPADES FOUR DIAMONDS EIGHT,0.6552,0.0076,0.3372
SPADES FIVE DIAMONDS EIGHT,0.6252,0.0108,0.364
DIAMONDS EIGHT SPADES TWO,0.6638,0.0068,0.3294
SPADES THREE DIAMONDS EIGHT,0.6596,0.0054,0.335
CLUBS FOUR HEARTS JACK,0.6504,0.0078,0.3418
SPADES EIGHT DIAMONDS EIGHT,0.3658,0.0106,0.6236
SPADES JACK HEARTS EIGHT,0.5846,0.007,0.4084
SPADES TEN HEARTS TWO,0.656,0.0092,0.3348
SPADES TEN DIAMONDS QUEEN,0.5824,0.007,0.4106
CLUBS FOUR HEARTS TEN,0.6404,0.0054,0.3542
SPADES NINE DIAMONDS EIGHT,0.5894,0.0088,0.4018
SPADES JACK HEARTS TWO,0.6436,0.0096,0.3468
SPADES JACK DIAMONDS QUEEN,0.5664,0.0072,0.4264
SPADES TEN HEARTS EIGHT,0.5872,0.0068,0.406
SPADES SEVEN DIAMONDS EIGHT,0.5918,0.009,0.3992
SPADES ACE HEARTS TWO,0.414,0.0056,0.5804
SPADES ACE DIAMONDS QUEEN,0.3892,0.006,0.6048
SPADES ACE HEARTS EIGHT,0.3806,0.0052,0.6142
SPADES QUEEN DIAMONDS QUEEN,0.3162,0.0032,0.6806
SPADES QUEEN HEARTS TWO,0.6408,0.0114,0.3478
SPADES QUEEN HEARTS EIGHT,0.6162,0.0066,0.3772
CLUBS TWO HEARTS TEN,0.6562,0.009,0.3348
CLUBS TWO HEARTS JACK,0.6518,0.007,0.3412
SPADES SEVEN DIAMONDS NINE,0.5798,0.0072,0.413
SPADES NINE DIAMONDS NINE,0.3474,0.0108,0.6418
SPADES EIGHT DIAMONDS NINE,0.5776,0.0086,0.4138
SPADES TEN CLUBS KING,0.2784,0.1038,0.6178
DIAMONDS NINE SPADES THREE,0.6584,0.0068,0.3348
SPADES JACK CLUBS KING,0.2776,0.0896,0.6328
DIAMONDS NINE SPADES TWO,0.6428,0.0068,0.3504
SPADES FIVE DIAMONDS NINE,0.6452,0.0098,0.345
SPADES FOUR DIAMONDS NINE,0.657,0.007,0.336
CLUBS NINE DIAMONDS NINE,0.3596,0.0086,0.6318
CLUBS EIGHT DIAMONDS NINE,0.592,0.0074,0.4006
CLUBS SIX DIAMONDS NINE,0.7182,0.0358,0.246
SPADES JACK CLUBS FOUR,0.6418,0.0082,0.35
SPADES TEN CLUBS FOUR,0.6434,0.0096,0.347
CLUBS SEVEN DIAMONDS NINE,0.6096,0.0076,0.3828
CLUBS FOUR DIAMONDS NINE,0.6674,0.0072,0.3254
CLUBS FIVE DIAMONDS NINE,0.6424,0.0076,0.35
CLUBS TWO DIAMONDS NINE,0.6554,0.0098,0.3348
CLUBS THREE DIAMONDS NINE,0.6618,0.007,0.3312
DIAMONDS NINE HEARTS EIGHT,0.5856,0.006,0.4084
DIAMONDS NINE HEARTS NINE,0.359,0.0094,0.6316
HEARTS SIX DIAMONDS NINE,0.717,0.0318,0.2512
DIAMONDS NINE HEARTS SEVEN,0.6058,0.0042,0.39
CLUBS EIGHT CLUBS NINE,0.5586,0.0068,0.4346
DIAMONDS ACE DIAMONDS NINE,0.3676,0.0048,0.6276
HEARTS FOUR DIAMONDS NINE,0.6642,0.0068,0.329
HEARTS FIVE DIAMONDS NINE,0.6404,0.0046,0.355
CLUBS TWO HEARTS ACE,0.4238,0.0048,0.5714
SPADES ACE CLUBS FOUR,0.4084,0.0048,0.5868
DIAMONDS QUEEN DIAMONDS NINE,0.564,0.0058,0.4302
HEARTS TWO DIAMONDS NINE,0.6506,0.0076,0.3418
CLUBS TWO HEARTS KING,0.4222,0.3624,0.2154
DIAMONDS KING DIAMONDS NINE,0.2612,0.158,0.5808
HEARTS THREE DIAMONDS NINE,0.645,0.0072,0.3478
CLUBS TWO HEARTS QUEEN,0.6562,0.0078,0.336
SPADES QUEEN CLUBS FOUR,0.6468,0.0054,0.3478
DIAMONDS NINE DIAMONDS JACK,0.5442,0.0064,0.4494
CLUBS EIGHT SPADES NINE,0.5856,0.0074,0.407
DIAMONDS NINE DIAMONDS TEN,0.5408,0.0084,0.4508
CLUBS EIGHT SPADES EIGHT,0.3556,0.011,0.6334
CLUBS EIGHT SPADES SEVEN,0.5898,0.0102,0.4
CLUBS EIGHT SPADES FIVE,0.6428,0.0086,0.3486
CLUBS EIGHT SPADES FOUR,0.6466,0.0082,0.3452
CLUBS EIGHT SPADES THREE,0.6484,0.013,0.3386
CLUBS EIGHT SPADES TWO,0.6612,0.007,0.3318
HEARTS SIX DIAMONDS TEN,0.7276,0.0284,0.244
DIAMONDS TEN HEARTS SEVEN,0.6022,0.0064,0.3914
DIAMONDS TEN HEARTS EIGHT,0.591,0.0058,0.4032
CLUBS FOUR CLUBS JACK,0.6162,0.0092,0.3746
DIAMONDS TEN HEARTS NINE,0.5744,0.0052,0.4204
CLUBS FOUR CLUBS TEN,0.6192,0.0066,0.3742
CLUBS FOUR CLUBS KING,0.4106,0.3376,0.2518
CLUBS FOUR CLUBS QUEEN,0.5988,0.0088,0.3924
CLUBS TWO DIAMONDS TEN,0.6574,0.0074,0.3352
CLUBS THREE DIAMONDS TEN,0.6604,0.0092,0.3304
CLUBS FOUR CLUBS ACE,0.4148,0.005,0.5802
DIAMONDS JACK DIAMONDS TEN,0.5364,0.0064,0.4572
DIAMONDS QUEEN DIAMONDS TEN,0.549,0.0044,0.4466
HEARTS TWO DIAMONDS TEN,0.6626,0.0074,0.33
DIAMONDS KING DIAMONDS TEN,0.2622,0.1122,0.6256
HEARTS THREE DIAMONDS TEN,0.6436,0.0088,0.3476
DIAMONDS ACE DIAMONDS TEN,0.375,0.004,0.621
HEARTS FOUR DIAMONDS TEN,0.6622,0.0066,0.3312
CLUBS EIGHT HEARTS JACK,0.6014,0.006,0.3926
HEARTS FIVE DIAMONDS TEN,0.6508,0.0068,0.3424
CLUBS EIGHT HEARTS TEN,0.593,0.0076,0.3994
CLUBS EIGHT HEARTS QUEEN,0.6078,0.006,0.3862
CLUBS EIGHT HEARTS KING,0.2788,0.211,0.5102
CLUBS EIGHT HEARTS ACE,0.3836,0.0026,0.6138
CLUBS NINE SPADES THREE,0.65,0.0082,0.3418
CLUBS NINE SPADES TWO,0.6618,0.0082,0.33
CLUBS NINE SPADES FIVE,0.6354,0.007,0.3576
CLUBS NINE SPADES FOUR,0.6404,0.0082,0.3514
CLUBS NINE SPADES SEVEN,0.5956,0.0076,0.3968
CLUBS NINE SPADES NINE,0.343,0.0098,0.6472
CLUBS TEN HEARTS EIGHT,0.5854,0.0056,0.409
CLUBS NINE SPADES EIGHT,0.5826,0.0084,0.409
CLUBS JACK HEARTS EIGHT,0.5976,0.0072,0.3952
CLUBS QUEEN HEARTS EIGHT,0.6128,0.0054,0.3818
CLUBS KING HEARTS EIGHT,0.2716,0.2176,0.5108
CLUBS ACE HEARTS EIGHT,0.394,0.0024,0.6036
SPADES QUEEN CLUBS KING,0.271,0.0592,0.6698
SPADES ACE CLUBS KING,0.2598,0.0136,0.7266
DIAMONDS ACE HEARTS TEN,0.389,0.005,0.606
HEARTS FOUR HEARTS TEN,0.6146,0.0074,0.378
DIAMONDS ACE HEARTS JACK,0.3962,0.0024,0.6014
HEARTS FOUR HEARTS JACK,0.6276,0.008,0.3644
SPADES QUEEN CLUBS FIVE,0.6552,0.0056,0.3392
SPADES ACE CLUBS FIVE,0.4008,0.0066,0.5926
DIAMONDS JACK HEARTS SEVEN,0.6096,0.0072,0.3832
HEARTS SIX DIAMONDS JACK,0.7382,0.0296,0.2322
DIAMONDS JACK HEARTS NINE,0.5896,0.0066,0.4038
DIAMONDS JACK HEARTS EIGHT,0.603,0.0064,0.3906
DIAMONDS KING DIAMONDS JACK,0.2722,0.0786,0.6492
HEARTS THREE DIAMONDS JACK,0.6522,0.007,0.3408
SPADES FOUR HEARTS ACE,0.4078,0.0044,0.5878
DIAMONDS QUEEN DIAMONDS JACK,0.5476,0.0046,0.4478
HEARTS TWO DIAMONDS JACK,0.666,0.0056,0.3284
HEARTS FIVE DIAMONDS JACK,0.6548,0.006,0.3392
SPADES FOUR HEARTS QUEEN,0.6382,0.0088,0.353
DIAMONDS ACE DIAMONDS JACK,0.3642,0.0056,0.6302
HEARTS FOUR DIAMONDS JACK,0.6374,0.0094,0.3532
SPADES FOUR HEARTS KING,0.425,0.3558,0.2192
SPADES FOUR DIAMONDS JACK,0.6426,0.0096,0.3478
SPADES FIVE DIAMONDS JACK,0.6512,0.0086,0.3402
SPADES TWO DIAMONDS JACK,0.6542,0.0074,0.3384
SPADES THREE DIAMONDS JACK,0.6464,0.0086,0.345
SPADES ACE DIAMONDS THREE,0.4226,0.0036,0.5738
SPADES QUEEN DIAMONDS THREE,0.6526,0.0088,0.3386
CLUBS EIGHT DIAMONDS JACK,0.607,0.0074,0.3856
CLUBS NINE DIAMONDS JACK,0.589,0.008,0.403
CLUBS SIX DIAMONDS JACK,0.7476,0.0354,0.217
CLUBS SEVEN DIAMONDS JACK,0.6056,0.0054,0.389
CLUBS FOUR DIAMONDS JACK,0.6514,0.008,0.3406
CLUBS FIVE DIAMONDS JACK,0.66,0.0076,0.3324
CLUBS TWO DIAMONDS JACK,0.6624,0.0084,0.3292
CLUBS THREE DIAMONDS JACK,0.6436,0.007,0.3494
SPADES JACK HEARTS SIX,0.7354,0.0366,0.228
SPADES TEN CLUBS FIVE,0.6458,0.008,0.3462
SPADES JACK CLUBS FIVE,0.6398,0.0082,0.352
HEARTS SIX SPADES TEN,0.7214,0.0314,0.2472
SPADES JACK DIAMONDS THREE,0.6418,0.0062,0.352
CLUBS SEVEN CLUBS ACE,0.3794,0.0038,0.6168
SPADES TEN DIAMONDS THREE,0.6542,0.0062,0.3396
CLUBS SEVEN CLUBS QUEEN,0.588,0.0092,0.4028
CLUBS SEVEN CLUBS KING,0.264,0.2612,0.4748
SPADES NINE DIAMONDS JACK,0.5834,0.005,0.4116
CLUBS SEVEN CLUBS TEN,0.5796,0.0068,0.4136
DIAMONDS ACE HEARTS ACE,0.1656,0.0034,0.831
HEARTS FOUR HEARTS ACE,0.39,0.004,0.606
SPADES EIGHT DIAMONDS JACK,0.5968,0.0072,0.396
SPADES ACE HEARTS SIX,0.27,0.0304,0.6996
CLUBS SEVEN CLUBS JACK,0.5644,0.009,0.4266
DIAMONDS ACE HEARTS KING,0.2734,0.011,0.7156
HEARTS FOUR HEARTS KING,0.4066,0.3378,0.2556
SPADES SEVEN DIAMONDS JACK,0.6112,0.0074,0.3814
DIAMONDS ACE HEARTS QUEEN,0.3958,0.0044,0.5998
HEARTS FOUR HEARTS QUEEN,0.6146,0.008,0.3774
SPADES QUEEN HEARTS SIX,0.7444,0.039,0.2166
SPADES TWO DIAMONDS TEN,0.6452,0.0088,0.346
SPADES THREE DIAMONDS TEN,0.645,0.0082,0.3468
SPADES FOUR DIAMONDS TEN,0.65,0.0084,0.3416
SPADES FIVE DIAMONDS TEN,0.6406,0.007,0.3524
SPADES SEVEN DIAMONDS TEN,0.5978,0.007,0.3952
SPADES EIGHT DIAMONDS TEN,0.5898,0.009,0.4012
SPADES NINE DIAMONDS TEN,0.5826,0.0052,0.4122
CLUBS FOUR DIAMONDS TEN,0.6566,0.0064,0.337
CLUBS FIVE DIAMONDS TEN,0.6524,0.0072,0.3404
CLUBS SIX DIAMONDS TEN,0.729,0.0324,0.2386
CLUBS SEVEN DIAMONDS TEN,0.6064,0.006,0.3876
CLUBS EIGHT DIAMONDS TEN,0.6012,0.0072,0.3916
CLUBS NINE DIAMONDS TEN,0.5764,0.0044,0.4192
DIAMONDS THREE CLUBS JACK,0.6466,0.0058,0.3476
DIAMONDS THREE CLUBS TEN,0.6504,0.0072,0.3424
DIAMONDS THREE CLUBS KING,0.4278,0.3628,0.2094
DIAMONDS THREE CLUBS QUEEN,0.6518,0.0096,0.3386
DIAMONDS THREE CLUBS ACE,0.419,0.0034,0.5776
SPADES FOUR HEARTS JACK,0.667,0.007,0.326
SPADES FOUR HEARTS TEN,0.6506,0.0088,0.3406
SPADES FIVE SPADES TWO,0.6598,0.011,0.3292
SPADES FOUR SPADES TWO,0.6602,0.0106,0.3292
SPADES THREE SPADES TWO,0.6656,0.0108,0.3236
SPADES NINE SPADES TWO,0.6522,0.0074,0.3404
SPADES EIGHT SPADES TWO,0.6514,0.0096,0.339
SPADES SEVEN SPADES TWO,0.6548,0.0086,0.3366
DIAMONDS QUEEN CLUBS THREE,0.662,0.0066,0.3314
HEARTS TWO CLUBS THREE,0.6628,0.0082,0.329
DIAMONDS QUEEN CLUBS TWO,0.6636,0.007,0.3294
CLUBS TWO HEARTS TWO,0.4928,0.018,0.4892
DIAMONDS QUEEN HEARTS SEVEN,0.6228,0.0068,0.3704
HEARTS TWO HEARTS SEVEN,0.613,0.0064,0.3806
HEARTS SIX DIAMONDS QUEEN,0.7474,0.0418,0.2108
HEARTS SIX HEARTS TWO,0.6894,0.0392,0.2714
DIAMONDS QUEEN HEARTS NINE,0.5942,0.0076,0.3982
HEARTS TWO HEARTS NINE,0.6312,0.0064,0.3624
DIAMONDS QUEEN HEARTS EIGHT,0.6074,0.0078,0.3848
HEARTS TWO HEARTS EIGHT,0.6094,0.0088,0.3818
CLUBS NINE HEARTS TWO,0.6544,0.0068,0.3388
CLUBS NINE DIAMONDS QUEEN,0.6054,0.0068,0.3878
CLUBS EIGHT HEARTS TWO,0.6578,0.0084,0.3338
CLUBS EIGHT DIAMONDS QUEEN,0.6284,0.0072,0.3644
CLUBS FIVE DIAMONDS QUEEN,0.6564,0.0058,0.3378
CLUBS FIVE HEARTS TWO,0.661,0.011,0.328
SPADES EIGHT HEARTS ACE,0.3916,0.0042,0.6042
CLUBS FOUR DIAMONDS QUEEN,0.639,0.0056,0.3554
CLUBS FOUR HEARTS TWO,0.6624,0.008,0.3296
SPADES EIGHT HEARTS QUEEN,0.6148,0.008,0.3772
CLUBS SEVEN HEARTS TWO,0.6694,0.0104,0.3202
CLUBS SEVEN DIAMONDS QUEEN,0.6312,0.0052,0.3636
CLUBS SIX DIAMONDS QUEEN,0.7392,0.0372,0.2236
CLUBS SIX HEARTS TWO,0.7434,0.0448,0.2118
SPADES EIGHT HEARTS KING,0.2614,0.2226,0.516
HEARTS FOUR CLUBS QUEEN,0.6558,0.0076,0.3366
DIAMONDS ACE CLUBS QUEEN,0.4044,0.0038,0.5918
DIAMONDS QUEEN SPADES SEVEN,0.6354,0.008,0.3566
SPADES SEVEN HEARTS TWO,0.6602,0.0094,0.3304
HEARTS FOUR CLUBS KING,0.4368,0.3548,0.2084
DIAMONDS ACE CLUBS KING,0.277,0.0134,0.7096
SPADES EIGHT DIAMONDS QUEEN,0.606,0.008,0.386
SPADES EIGHT HEARTS TWO,0.6448,0.0076,0.3476
HEARTS FOUR CLUBS ACE,0.4212,0.0044,0.5744
DIAMONDS ACE CLUBS ACE,0.1694,0.003,0.8276
SPADES NINE DIAMONDS QUEEN,0.6048,0.0074,0.3878
SPADES NINE HEARTS TWO,0.6428,0.0106,0.3466
HEARTS TWO SPADES TWO,0.4802,0.0164,0.5034
DIAMONDS QUEEN SPADES TWO,0.6538,0.0066,0.3396
HEARTS TWO SPADES THREE,0.656,0.0098,0.3342
DIAMONDS QUEEN SPADES THREE,0.66,0.0066,0.3334
HEARTS TWO SPADES FOUR,0.651,0.0098,0.3392
DIAMONDS QUEEN SPADES FOUR,0.6424,0.0094,0.3482
HEARTS FOUR CLUBS TEN,0.6608,0.0064,0.3328
DIAMONDS ACE CLUBS TEN,0.3954,0.004,0.6006
DIAMONDS QUEEN SPADES FIVE,0.6458,0.008,0.3462
HEARTS TWO SPADES FIVE,0.6624,0.0088,0.3288
HEARTS FOUR CLUBS JACK,0.6502,0.0054,0.3444
DIAMONDS ACE CLUBS JACK,0.3988,0.0032,0.598
CLUBS FIVE CLUBS KING,0.4154,0.3308,0.2538
CLUBS FIVE CLUBS QUEEN,0.6078,0.0084,0.3838
CLUBS FIVE CLUBS ACE,0.3944,0.0048,0.6008
CLUBS FIVE CLUBS JACK,0.6118,0.0092,0.379
CLUBS FIVE CLUBS TEN,0.6104,0.0064,0.3832
SPADES QUEEN CLUBS JACK,0.5808,0.0054,0.4138
SPADES ACE CLUBS JACK,0.373,0.004,0.623
SPADES EIGHT HEARTS JACK,0.5914,0.0064,0.4022
SPADES EIGHT HEARTS TEN,0.584,0.0076,0.4084
SPADES TEN CLUBS JACK,0.5598,0.0052,0.435
SPADES JACK CLUBS JACK,0.3192,0.0054,0.6754
SPADES QUEEN CLUBS SEVEN,0.616,0.0084,0.3756
SPADES ACE CLUBS SEVEN,0.3922,0.0048,0.603
SPADES JACK CLUBS SEVEN,0.5982,0.0056,0.3962
SPADES TEN CLUBS SEVEN,0.598,0.0062,0.3958
HEARTS SIX CLUBS TEN,0.7228,0.0366,0.2406
HEARTS SIX CLUBS JACK,0.7426,0.0354,0.222
CLUBS ACE CLUBS JACK,0.368,0.0052,0.6268
HEARTS SIX CLUBS QUEEN,0.7432,0.0372,0.2196
HEARTS SIX CLUBS KING,0.0694,0.909,0.0216
HEARTS SIX CLUBS ACE,0.2682,0.0324,0.6994
CLUBS QUEEN CLUBS JACK,0.5504,0.0068,0.4428
CLUBS KING CLUBS JACK,0.2592,0.0764,0.6644
DIAMONDS THREE HEARTS ACE,0.44,0.0022,0.5578
DIAMONDS THREE HEARTS QUEEN,0.6626,0.0066,0.3308
DIAMONDS THREE HEARTS KING,0.4362,0.3538,0.21
CLUBS FIVE HEARTS JACK,0.6494,0.0076,0.343
HEARTS FOUR SPADES TEN,0.6496,0.0076,0.3428
SPADES TEN DIAMONDS ACE,0.3766,0.005,0.6184
CLUBS FIVE HEARTS TEN,0.6642,0.0078,0.328
HEARTS FOUR SPADES JACK,0.6548,0.0068,0.3384
SPADES JACK DIAMONDS ACE,0.3908,0.0052,0.604
SPADES ACE HEARTS FOUR,0.407,0.0048,0.5882
SPADES ACE DIAMONDS ACE,0.1454,0.0038,0.8508
CLUBS FIVE HEARTS ACE,0.4274,0.0034,0.5692
CLUBS FIVE HEARTS KING,0.4374,0.3534,0.2092
SPADES FOUR CLUBS JACK,0.6312,0.0074,0.3614
SPADES QUEEN DIAMONDS ACE,0.3796,0.0064,0.614
HEARTS FOUR SPADES QUEEN,0.6448,0.0078,0.3474
CLUBS FIVE HEARTS QUEEN,0.6546,0.0066,0.3388
SPADES FOUR CLUBS TEN,0.6566,0.0084,0.335
DIAMONDS QUEEN DIAMONDS ACE,0.3746,0.0054,0.62
HEARTS TWO DIAMONDS ACE,0.4312,0.0042,0.5646
HEARTS FOUR DIAMONDS QUEEN,0.6668,0.0058,0.3274
HEARTS FOUR HEARTS TWO,0.6264,0.0084,0.3652
DIAMONDS THREE HEARTS TEN,0.6484,0.007,0.3446
SPADES FOUR CLUBS KING,0.4158,0.3608,0.2234
HEARTS FIVE DIAMONDS QUEEN,0.6622,0.0064,0.3314
HEARTS FIVE HEARTS TWO,0.624,0.009,0.367
DIAMONDS THREE HEARTS JACK,0.652,0.0084,0.3396
SPADES FOUR CLUBS QUEEN,0.6492,0.008,0.3428
DIAMONDS QUEEN HEARTS TWO,0.6566,0.0074,0.336
DIAMONDS KING DIAMONDS QUEEN,0.2764,0.0624,0.6612
DIAMONDS KING HEARTS TWO,0.4262,0.3652,0.2086
HEARTS THREE DIAMONDS QUEEN,0.6586,0.0062,0.3352
HEARTS THREE HEARTS TWO,0.6264,0.0086,0.365
SPADES FOUR CLUBS ACE,0.4168,0.006,0.5772
HEARTS TWO CLUBS ACE,0.4362,0.0042,0.5596
DIAMONDS QUEEN CLUBS ACE,0.4032,0.0046,0.5922
HEARTS TWO CLUBS QUEEN,0.6516,0.0072,0.3412
DIAMONDS QUEEN CLUBS QUEEN,0.3224,0.0024,0.6752
HEARTS TWO CLUBS KING,0.4306,0.3644,0.205
DIAMONDS QUEEN CLUBS KING,0.2982,0.0586,0.6432
SPADES EIGHT SPADES FIVE,0.6318,0.0102,0.358
HEARTS TWO CLUBS TEN,0.6482,0.0062,0.3456
DIAMONDS QUEEN CLUBS TEN,0.5826,0.0074,0.41
SPADES NINE SPADES FIVE,0.6362,0.0086,0.3552
HEARTS TWO CLUBS JACK,0.655,0.0082,0.3368
DIAMONDS QUEEN CLUBS JACK,0.5844,0.0046,0.411
SPADES SEVEN SPADES FIVE,0.6212,0.0088,0.37
DIAMONDS FIVE CLUBS QUEEN,0.644,0.0082,0.3478
SPADES EIGHT CLUBS ACE,0.3994,0.0042,0.5964
CLUBS KING DIAMONDS FIVE,0.425,0.3662,0.2088
SPADES EIGHT CLUBS KING,0.2656,0.2132,0.5212
CLUBS ACE DIAMONDS FIVE,0.4306,0.0046,0.5648
SPADES EIGHT CLUBS QUEEN,0.606,0.0082,0.3858
SPADES EIGHT CLUBS JACK,0.6108,0.0064,0.3828
SPADES EIGHT CLUBS TEN,0.581,0.0066,0.4124
DIAMONDS FIVE CLUBS TEN,0.6644,0.0062,0.3294
DIAMONDS FIVE CLUBS JACK,0.651,0.0062,0.3428
HEARTS JACK DIAMONDS TEN,0.5698,0.0066,0.4236
DIAMONDS TEN HEARTS TEN,0.346,0.0072,0.6468
SPADES ACE CLUBS NINE,0.3868,0.0028,0.6104
SPADES QUEEN CLUBS NINE,0.5962,0.007,0.3968
HEARTS SIX HEARTS KING,0.067,0.8586,0.0744
DIAMONDS KING SPADES SEVEN,0.2694,0.2898,0.4408
HEARTS THREE SPADES SEVEN,0.6372,0.007,0.3558
HEARTS SIX HEARTS QUEEN,0.6866,0.0368,0.2766
SPADES QUEEN DIAMONDS SEVEN,0.6244,0.006,0.3696
SPADES NINE DIAMONDS KING,0.2754,0.1596,0.565
HEARTS THREE SPADES NINE,0.659,0.008,0.333
HEARTS SIX HEARTS ACE,0.2654,0.027,0.7076
DIAMONDS KING SPADES EIGHT,0.2682,0.2098,0.522
HEARTS THREE SPADES EIGHT,0.65,0.0074,0.3426
SPADES ACE DIAMONDS SEVEN,0.3714,0.0056,0.623
CLUBS NINE HEARTS THREE,0.6576,0.008,0.3344
CLUBS NINE DIAMONDS KING,0.271,0.158,0.571
