opposingHand,winningChance,drawChance,lostChance
SPADES JACK CLUBS SEVEN
SPADES TEN HEARTS FIVE,0.6308,0.0176,0.3516
SPADES FIVE CLUBS JACK,0.4746,0.2968,0.2286
CLUBS TEN SPADES FIVE,0.6342,0.0182,0.3476
CLUBS EIGHT CLUBS JACK,0.2162,0.2066,0.5772
CLUBS TEN CLUBS EIGHT,0.546,0.0168,0.4372
CLUBS EIGHT CLUBS KING,0.3576,0.005,0.6374
SPADES FIVE CLUBS ACE,0.4026,0.0046,0.5928
CLUBS EIGHT CLUBS QUEEN,0.3418,0.0094,0.6488
SPADES FIVE CLUBS KING,0.4012,0.007,0.5918
SPADES FIVE CLUBS QUEEN,0.3924,0.011,0.5966
CLUBS EIGHT CLUBS ACE,0.3408,0.005,0.6542
DIAMONDS TWO DIAMONDS THREE,0.5962,0.0158,0.388
DIAMONDS TWO DIAMONDS FIVE,0.6036,0.0154,0.381
SPADES KING HEARTS FIVE,0.4054,0.0058,0.5888
DIAMONDS TWO DIAMONDS FOUR,0.5964,0.0186,0.385
SPADES QUEEN HEARTS FIVE,0.3922,0.0094,0.5984
DIAMONDS TWO DIAMONDS SEVEN,0.6636,0.0666,0.2698
DIAMONDS TWO DIAMONDS SIX,0.6276,0.0182,0.3542
SPADES ACE HEARTS FIVE,0.39,0.005,0.605
DIAMONDS TWO DIAMONDS NINE,0.601,0.0168,0.3822
DIAMONDS TWO DIAMONDS EIGHT,0.609,0.0166,0.3744
DIAMONDS THREE DIAMONDS FOUR,0.5822,0.0168,0.401
CLUBS TWO SPADES FOUR,0.6426,0.0206,0.3368
DIAMONDS THREE DIAMONDS FIVE,0.5768,0.0232,0.4
CLUBS TWO SPADES FIVE,0.641,0.0234,0.3356
CLUBS TWO SPADES TWO,0.4436,0.0406,0.5158
CLUBS TWO SPADES THREE,0.6506,0.019,0.3304
DIAMONDS THREE DIAMONDS EIGHT,0.5928,0.0186,0.3886
SPADES EIGHT CLUBS TWO,0.6432,0.0162,0.3406
DIAMONDS THREE DIAMONDS NINE,0.583,0.0184,0.3986
SPADES NINE CLUBS TWO,0.654,0.02,0.326
DIAMONDS THREE DIAMONDS SIX,0.5966,0.0178,0.3856
CLUBS TWO SPADES SIX,0.6548,0.0238,0.3214
DIAMONDS THREE DIAMONDS SEVEN,0.6556,0.0598,0.2846
SPADES SEVEN CLUBS TWO,0.7248,0.072,0.2032
CLUBS SIX CLUBS TWO,0.6416,0.0182,0.3402
CLUBS FOUR CLUBS TWO,0.6088,0.0196,0.3716
CLUBS FIVE CLUBS TWO,0.6132,0.019,0.3678
CLUBS TEN CLUBS JACK,0.2224,0.116,0.6616
DIAMONDS FOUR DIAMONDS SIX,0.576,0.0172,0.4068
CLUBS TEN CLUBS QUEEN,0.3098,0.0114,0.6788
DIAMONDS FOUR DIAMONDS SEVEN,0.6508,0.062,0.2872
CLUBS TEN CLUBS KING,0.3346,0.008,0.6574
CLUBS TEN CLUBS ACE,0.3408,0.004,0.6552
CLUBS EIGHT CLUBS TWO,0.6054,0.0196,0.375
DIAMONDS FIVE DIAMONDS FOUR,0.559,0.0208,0.4202
CLUBS NINE CLUBS TWO,0.6088,0.0186,0.3726
DIAMONDS NINE DIAMONDS FOUR,0.5936,0.0152,0.3912
DIAMONDS EIGHT DIAMONDS FOUR,0.5894,0.0146,0.396
CLUBS TWO CLUBS THREE,0.614,0.0188,0.3672
DIAMONDS NINE DIAMONDS FIVE,0.578,0.0176,0.4044
DIAMONDS TWO CLUBS JACK,0.4768,0.2978,0.2254
DIAMONDS EIGHT DIAMONDS FIVE,0.5712,0.016,0.4128
CLUBS TEN DIAMONDS TWO,0.6324,0.0186,0.349
DIAMONDS FIVE DIAMONDS SEVEN,0.6312,0.061,0.3078
DIAMONDS FIVE DIAMONDS SIX,0.5694,0.0182,0.4124
DIAMONDS TWO CLUBS ACE,0.3996,0.006,0.5944
DIAMONDS TWO CLUBS KING,0.4076,0.0076,0.5848
DIAMONDS TWO CLUBS QUEEN,0.4012,0.012,0.5868
DIAMONDS EIGHT DIAMONDS SIX,0.5758,0.0154,0.4088
DIAMONDS NINE DIAMONDS SIX,0.5716,0.0166,0.4118
HEARTS ACE SPADES THREE,0.4218,0.004,0.5742
HEARTS KING SPADES THREE,0.419,0.01,0.571
DIAMONDS SEVEN DIAMONDS SIX,0.63,0.0596,0.3104
SPADES THREE HEARTS QUEEN,0.4196,0.0096,0.5708
SPADES THREE HEARTS JACK,0.492,0.2876,0.2204
SPADES THREE HEARTS TEN,0.627,0.0198,0.3532
DIAMONDS EIGHT DIAMONDS SEVEN,0.6274,0.0558,0.3168
DIAMONDS NINE DIAMONDS SEVEN,0.6212,0.0572,0.3216
DIAMONDS NINE DIAMONDS EIGHT,0.5422,0.017,0.4408
DIAMONDS KING HEARTS TEN,0.3604,0.0054,0.6342
HEARTS THREE HEARTS TEN,0.5888,0.015,0.3962
DIAMONDS KING HEARTS JACK,0.2394,0.0304,0.7302
HEARTS THREE HEARTS JACK,0.4492,0.2848,0.266
CLUBS SIX SPADES TEN,0.6364,0.0174,0.3462
SPADES TEN SPADES FIVE,0.6046,0.0176,0.3778
DIAMONDS KING HEARTS ACE,0.336,0.0038,0.6602
HEARTS THREE HEARTS ACE,0.383,0.0028,0.6142
SPADES ACE CLUBS SIX,0.3896,0.0048,0.6056
DIAMONDS KING HEARTS QUEEN,0.3296,0.0054,0.665
HEARTS THREE HEARTS QUEEN,0.3722,0.0118,0.616
SPADES KING CLUBS SIX,0.3996,0.0078,0.5926
DIAMONDS KING HEARTS KING,0.1606,0.0054,0.834
HEARTS THREE HEARTS KING,0.3938,0.0066,0.5996
SPADES QUEEN CLUBS SIX,0.4066,0.0096,0.5838
SPADES NINE HEARTS TEN,0.5674,0.0128,0.4198
SPADES NINE HEARTS JACK,0.2388,0.1652,0.596
SPADES QUEEN SPADES FIVE,0.3812,0.0104,0.6084
SPADES KING SPADES FIVE,0.3828,0.0068,0.6104
SPADES ACE SPADES FIVE,0.375,0.0054,0.6196
SPADES NINE HEARTS QUEEN,0.3524,0.0094,0.6382
SPADES NINE HEARTS KING,0.361,0.0068,0.6322
SPADES NINE HEARTS ACE,0.3814,0.0044,0.6142
CLUBS TEN SPADES TEN,0.2766,0.0218,0.7016
SPADES ACE CLUBS TEN,0.3514,0.0058,0.6428
SPADES KING CLUBS TEN,0.3338,0.009,0.6572
CLUBS TEN SPADES QUEEN,0.3304,0.011,0.6586
SPADES FIVE HEARTS QUEEN,0.4098,0.0076,0.5826
SPADES FIVE HEARTS KING,0.4066,0.008,0.5854
SPADES FIVE HEARTS ACE,0.3994,0.0046,0.596
SPADES TEN CLUBS EIGHT,0.5676,0.0162,0.4162
HEARTS THREE SPADES TEN,0.6422,0.017,0.3408
SPADES TEN DIAMONDS KING,0.341,0.0068,0.6522
SPADES ACE CLUBS EIGHT,0.3648,0.0048,0.6304
HEARTS FIVE CLUBS JACK,0.4832,0.2978,0.219
CLUBS SIX HEARTS ACE,0.3974,0.0032,0.5994
CLUBS TEN HEARTS FIVE,0.6254,0.0186,0.356
SPADES QUEEN CLUBS EIGHT,0.3448,0.0112,0.644
CLUBS TEN SPADES THREE,0.6378,0.0184,0.3438
CLUBS SIX HEARTS QUEEN,0.3994,0.012,0.5886
SPADES KING CLUBS EIGHT,0.3652,0.0068,0.628
SPADES THREE CLUBS JACK,0.4874,0.2914,0.2212
CLUBS SIX HEARTS KING,0.4106,0.0064,0.583
DIAMONDS TWO HEARTS JACK,0.479,0.2944,0.2266
SPADES THREE CLUBS QUEEN,0.408,0.0128,0.5792
DIAMONDS TWO HEARTS TEN,0.6228,0.0178,0.3594
SPADES THREE CLUBS KING,0.4118,0.0106,0.5776
HEARTS FIVE CLUBS ACE,0.3978,0.0038,0.5984
SPADES FIVE HEARTS TEN,0.6352,0.017,0.3478
SPADES THREE CLUBS ACE,0.402,0.0058,0.5922
HEARTS FIVE CLUBS KING,0.402,0.0084,0.5896
SPADES FIVE HEARTS JACK,0.4868,0.295,0.2182
HEARTS FIVE CLUBS QUEEN,0.394,0.0108,0.5952
HEARTS THREE CLUBS KING,0.412,0.0054,0.5826
DIAMONDS KING CLUBS KING,0.1536,0.007,0.8394
HEARTS THREE CLUBS QUEEN,0.4082,0.013,0.5788
DIAMONDS KING CLUBS QUEEN,0.3162,0.0068,0.677
HEARTS FIVE HEARTS JACK,0.4614,0.2672,0.2714
HEARTS FIVE HEARTS TEN,0.5848,0.0174,0.3978
HEARTS THREE CLUBS ACE,0.409,0.0064,0.5846
DIAMONDS KING CLUBS ACE,0.334,0.0044,0.6616
SPADES ACE CLUBS QUEEN,0.328,0.004,0.668
SPADES KING CLUBS QUEEN,0.3108,0.0082,0.681
HEARTS THREE CLUBS JACK,0.4906,0.2898,0.2196
DIAMONDS KING CLUBS JACK,0.2326,0.0306,0.7368
SPADES QUEEN CLUBS QUEEN,0.1396,0.0114,0.849
CLUBS TEN HEARTS THREE,0.6366,0.0164,0.347
CLUBS TEN DIAMONDS KING,0.3474,0.0052,0.6474
CLUBS SIX CLUBS QUEEN,0.3762,0.01,0.6138
SPADES TEN CLUBS QUEEN,0.3326,0.0102,0.6572
CLUBS SIX CLUBS KING,0.385,0.0102,0.6048
CLUBS SIX CLUBS ACE,0.3824,0.005,0.6126
HEARTS FIVE HEARTS KING,0.3884,0.0062,0.6054
HEARTS FIVE HEARTS QUEEN,0.3736,0.0084,0.618
CLUBS TEN CLUBS SIX,0.591,0.0164,0.3926
HEARTS FIVE HEARTS ACE,0.3762,0.0038,0.62
CLUBS SIX CLUBS JACK,0.4622,0.2848,0.253
SPADES SEVEN HEARTS JACK,0.02,0.9692,0.0108
SPADES SEVEN HEARTS TEN,0.7044,0.0548,0.2408
DIAMONDS TWO CLUBS TWO,0.4234,0.04,0.5366
DIAMONDS TWO CLUBS THREE,0.65,0.0214,0.3286
HEARTS SIX DIAMONDS TWO,0.6494,0.0194,0.3312
DIAMONDS TWO HEARTS QUEEN,0.4212,0.0088,0.57
DIAMONDS TWO HEARTS SEVEN,0.7132,0.0682,0.2186
DIAMONDS TWO HEARTS KING,0.4116,0.0062,0.5822
DIAMONDS TWO HEARTS EIGHT,0.6234,0.0176,0.359
DIAMONDS TWO HEARTS ACE,0.4158,0.004,0.5802
DIAMONDS TWO HEARTS NINE,0.6448,0.0176,0.3376
DIAMONDS TWO DIAMONDS QUEEN,0.3786,0.012,0.6094
DIAMONDS TWO HEARTS TWO,0.4444,0.0362,0.5194
DIAMONDS TWO DIAMONDS KING,0.3858,0.0064,0.6078
HEARTS THREE DIAMONDS TWO,0.6312,0.0194,0.3494
DIAMONDS TWO DIAMONDS ACE,0.3768,0.0034,0.6198
HEARTS FOUR DIAMONDS TWO,0.6326,0.0166,0.3508
DIAMONDS TWO HEARTS FIVE,0.638,0.0186,0.3434
SPADES SEVEN HEARTS ACE,0.2686,0.0234,0.708
DIAMONDS TWO DIAMONDS TEN,0.5998,0.0168,0.3834
SPADES SEVEN HEARTS KING,0.2506,0.031,0.7184
DIAMONDS TWO DIAMONDS JACK,0.448,0.2854,0.2666
SPADES SEVEN HEARTS QUEEN,0.2532,0.0402,0.7066
DIAMONDS TWO SPADES NINE,0.6376,0.0184,0.344
DIAMONDS TWO SPADES EIGHT,0.6398,0.0186,0.3416
DIAMONDS TWO SPADES SEVEN,0.7114,0.0662,0.2224
DIAMONDS TWO SPADES SIX,0.6598,0.0196,0.3206
DIAMONDS TWO SPADES FIVE,0.6362,0.0168,0.347
DIAMONDS TWO SPADES FOUR,0.6442,0.0204,0.3354
DIAMONDS TWO SPADES THREE,0.6552,0.0172,0.3276
DIAMONDS TWO SPADES TWO,0.44,0.0418,0.5182
CLUBS NINE DIAMONDS TWO,0.6246,0.0204,0.355
DIAMONDS TWO CLUBS EIGHT,0.643,0.0186,0.3384
CLUBS SIX DIAMONDS TWO,0.6522,0.019,0.3288
DIAMONDS TWO CLUBS FIVE,0.6302,0.0206,0.3492
DIAMONDS TWO CLUBS FOUR,0.6344,0.0162,0.3494
CLUBS FOUR SPADES FIVE,0.6008,0.02,0.3792
CLUBS FOUR SPADES FOUR,0.424,0.0426,0.5334
CLUBS FOUR SPADES THREE,0.6198,0.0236,0.3566
CLUBS FOUR SPADES TWO,0.6274,0.0242,0.3484
SPADES NINE CLUBS FOUR,0.6356,0.0176,0.3468
CLUBS FOUR SPADES EIGHT,0.6408,0.0188,0.3404
CLUBS FOUR SPADES SEVEN,0.6932,0.0622,0.2446
CLUBS FOUR SPADES SIX,0.6378,0.0182,0.344
SPADES ACE DIAMONDS SIX,0.3972,0.0038,0.599
SPADES QUEEN DIAMONDS SIX,0.3936,0.012,0.5944
SPADES KING DIAMONDS SIX,0.4036,0.0068,0.5896
SPADES TEN DIAMONDS SIX,0.627,0.0174,0.3556
SPADES QUEEN SPADES TWO,0.4036,0.012,0.5844
SPADES KING SPADES TWO,0.3868,0.0084,0.6048
SPADES ACE SPADES TWO,0.3948,0.0052,0.6
DIAMONDS JACK CLUBS JACK,0.0944,0.0346,0.871
CLUBS TEN DIAMONDS JACK,0.2296,0.1234,0.647
DIAMONDS JACK CLUBS KING,0.2442,0.0302,0.7256
DIAMONDS JACK CLUBS QUEEN,0.2242,0.0436,0.7322
DIAMONDS THREE DIAMONDS JACK,0.4574,0.2798,0.2628
DIAMONDS THREE DIAMONDS TEN,0.5894,0.016,0.3946
DIAMONDS JACK CLUBS ACE,0.2392,0.0196,0.7412
DIAMONDS THREE DIAMONDS KING,0.3956,0.0066,0.5978
HEARTS THREE DIAMONDS THREE,0.429,0.041,0.53
DIAMONDS THREE DIAMONDS QUEEN,0.3926,0.012,0.5954
DIAMONDS THREE HEARTS TWO,0.635,0.0206,0.3444
HEARTS FIVE DIAMONDS THREE,0.62,0.0186,0.3614
DIAMONDS THREE DIAMONDS ACE,0.3756,0.0048,0.6196
HEARTS FOUR DIAMONDS THREE,0.6154,0.019,0.3656
DIAMONDS THREE HEARTS SEVEN,0.6932,0.068,0.2388
SPADES TEN SPADES NINE,0.5336,0.0174,0.449
HEARTS SIX DIAMONDS THREE,0.6282,0.0178,0.354
DIAMONDS THREE HEARTS NINE,0.6298,0.0178,0.3524
HEARTS JACK DIAMONDS FOUR,0.473,0.2938,0.2332
HEARTS KING HEARTS ACE,0.3154,0.002,0.6826
SPADES TEN SPADES TWO,0.6102,0.0162,0.3736
DIAMONDS THREE HEARTS EIGHT,0.6306,0.0214,0.348
HEARTS TEN DIAMONDS FOUR,0.6244,0.0154,0.3602
HEARTS QUEEN DIAMONDS FOUR,0.408,0.0086,0.5834
HEARTS KING DIAMONDS FOUR,0.4048,0.0078,0.5874
SPADES ACE SPADES NINE,0.3536,0.0044,0.642
HEARTS ACE DIAMONDS FOUR,0.3982,0.003,0.5988
SPADES KING SPADES NINE,0.3454,0.0078,0.6468
SPADES QUEEN SPADES NINE,0.3258,0.0092,0.665
DIAMONDS THREE SPADES NINE,0.6392,0.0172,0.3436
DIAMONDS THREE SPADES EIGHT,0.6418,0.0176,0.3406
DIAMONDS THREE SPADES SEVEN,0.6962,0.069,0.2348
DIAMONDS THREE SPADES SIX,0.6212,0.0224,0.3564
CLUBS SIX DIAMONDS THREE,0.6412,0.0174,0.3414
CLUBS ACE DIAMONDS FOUR,0.3982,0.0048,0.597
CLUBS SIX CLUBS FIVE,0.5888,0.019,0.3922
DIAMONDS THREE CLUBS FOUR,0.6306,0.0192,0.3502
DIAMONDS FOUR CLUBS QUEEN,0.4016,0.013,0.5854
DIAMONDS THREE CLUBS FIVE,0.6218,0.0192,0.359
CLUBS KING DIAMONDS FOUR,0.4066,0.0056,0.5878
DIAMONDS THREE CLUBS TWO,0.6538,0.0178,0.3284
CLUBS TEN DIAMONDS FOUR,0.623,0.0176,0.3594
DIAMONDS THREE CLUBS THREE,0.4262,0.0394,0.5344
DIAMONDS FOUR CLUBS JACK,0.4736,0.3054,0.221
DIAMONDS THREE SPADES FOUR,0.6298,0.0182,0.352
DIAMONDS THREE SPADES FIVE,0.6122,0.0202,0.3676
DIAMONDS THREE SPADES TWO,0.6582,0.0178,0.324
DIAMONDS THREE SPADES THREE,0.441,0.0396,0.5194
CLUBS EIGHT DIAMONDS THREE,0.64,0.0208,0.3392
CLUBS NINE DIAMONDS THREE,0.6364,0.0164,0.3472
SPADES SEVEN CLUBS ACE,0.2552,0.0262,0.7186
SPADES SEVEN CLUBS QUEEN,0.2424,0.044,0.7136
SPADES SEVEN CLUBS KING,0.245,0.039,0.716
CLUBS FIVE SPADES SEVEN,0.681,0.0602,0.2588
CLUBS TEN SPADES SEVEN,0.6938,0.0528,0.2534
CLUBS FIVE SPADES SIX,0.6098,0.0212,0.369
SPADES SEVEN CLUBS JACK,0.0066,0.9856,0.0078
SPADES NINE CLUBS FIVE,0.636,0.0172,0.3468
SPADES EIGHT CLUBS FIVE,0.6228,0.019,0.3582
CLUBS FIVE SPADES THREE,0.6298,0.018,0.3522
CLUBS FIVE SPADES TWO,0.648,0.0204,0.3316
CLUBS FIVE SPADES FIVE,0.424,0.0412,0.5348
CLUBS FIVE SPADES FOUR,0.6006,0.0186,0.3808
CLUBS NINE CLUBS FIVE,0.5808,0.0196,0.3996
CLUBS EIGHT CLUBS FIVE,0.5708,0.0208,0.4084
CLUBS ACE CLUBS QUEEN,0.3186,0.004,0.6774
CLUBS KING CLUBS QUEEN,0.3026,0.009,0.6884
DIAMONDS TEN DIAMONDS FOUR,0.5808,0.0186,0.4006
CLUBS TEN DIAMONDS NINE,0.5394,0.0154,0.4452
DIAMONDS JACK DIAMONDS FOUR,0.4534,0.2784,0.2682
DIAMONDS NINE CLUBS JACK,0.2152,0.1748,0.61
SPADES NINE CLUBS JACK,0.2188,0.1742,0.607
CLUBS TEN SPADES NINE,0.5534,0.0182,0.4284
DIAMONDS ACE DIAMONDS FOUR,0.3758,0.0048,0.6194
HEARTS FOUR DIAMONDS FOUR,0.4312,0.0388,0.53
DIAMONDS JACK HEARTS TEN,0.2302,0.1152,0.6546
SPADES NINE CLUBS KING,0.3558,0.0074,0.6368
DIAMONDS TWO SPADES TEN,0.645,0.0156,0.3394
DIAMONDS NINE CLUBS ACE,0.3662,0.0052,0.6286
HEARTS FIVE DIAMONDS FOUR,0.6126,0.0178,0.3696
HEARTS JACK DIAMONDS JACK,0.1032,0.0372,0.8596
SPADES NINE CLUBS QUEEN,0.3598,0.011,0.6292
DIAMONDS QUEEN DIAMONDS FOUR,0.3794,0.0116,0.609
HEARTS TWO DIAMONDS FOUR,0.6364,0.0186,0.345
DIAMONDS NINE CLUBS QUEEN,0.3486,0.0094,0.642
DIAMONDS KING DIAMONDS FOUR,0.381,0.0068,0.6122
HEARTS THREE DIAMONDS FOUR,0.6116,0.0186,0.3698
SPADES NINE CLUBS ACE,0.3658,0.0042,0.63
DIAMONDS NINE CLUBS KING,0.3518,0.0076,0.6406
HEARTS ACE DIAMONDS JACK,0.2624,0.0164,0.7212
SPADES ACE DIAMONDS TWO,0.4098,0.0048,0.5854
DIAMONDS JACK HEARTS QUEEN,0.2246,0.0426,0.7328
SPADES QUEEN DIAMONDS TWO,0.4116,0.0108,0.5776
HEARTS KING DIAMONDS JACK,0.248,0.0286,0.7234
SPADES KING DIAMONDS TWO,0.415,0.008,0.577
SPADES TEN SPADES SEVEN,0.6592,0.0546,0.2862
CLUBS SIX CLUBS THREE,0.6136,0.0186,0.3678
CLUBS FIVE CLUBS THREE,0.6018,0.0208,0.3774
CLUBS FOUR CLUBS THREE,0.5952,0.016,0.3888
CLUBS NINE CLUBS THREE,0.6114,0.0172,0.3714
CLUBS EIGHT CLUBS THREE,0.6094,0.0202,0.3704
CLUBS THREE SPADES FIVE,0.63,0.0182,0.3518
CLUBS THREE SPADES FOUR,0.6238,0.0232,0.353
CLUBS THREE SPADES THREE,0.4242,0.0406,0.5352
CLUBS THREE SPADES TWO,0.6454,0.0204,0.3342
SPADES SIX CLUBS THREE,0.6492,0.0204,0.3304
SPADES SEVEN CLUBS THREE,0.7098,0.0646,0.2256
SPADES EIGHT CLUBS THREE,0.637,0.0242,0.3388
SPADES NINE CLUBS THREE,0.6474,0.0146,0.338
SPADES TWO DIAMONDS FOUR,0.6366,0.019,0.3444
SPADES THREE DIAMONDS FOUR,0.6268,0.0216,0.3516
SPADES FOUR DIAMONDS FOUR,0.4156,0.039,0.5454
SPADES FIVE DIAMONDS FOUR,0.6162,0.0192,0.3646
SPADES SIX DIAMONDS FOUR,0.633,0.016,0.351
SPADES SEVEN DIAMONDS FOUR,0.682,0.0656,0.2524
SPADES EIGHT DIAMONDS FOUR,0.628,0.0212,0.3508
SPADES NINE DIAMONDS FOUR,0.6382,0.0172,0.3446
CLUBS FIVE DIAMONDS FOUR,0.6018,0.0248,0.3734
CLUBS FOUR DIAMONDS FOUR,0.4384,0.0414,0.5202
CLUBS SIX DIAMONDS FOUR,0.6372,0.0174,0.3454
CLUBS NINE DIAMONDS FOUR,0.6252,0.0172,0.3576
CLUBS EIGHT DIAMONDS FOUR,0.6324,0.0162,0.3514
DIAMONDS FOUR HEARTS SEVEN,0.679,0.057,0.264
HEARTS SIX DIAMONDS FOUR,0.6108,0.0208,0.3684
HEARTS NINE DIAMONDS FOUR,0.6376,0.0158,0.3466
DIAMONDS FOUR HEARTS EIGHT,0.6244,0.015,0.3606
CLUBS THREE DIAMONDS FOUR,0.6268,0.0168,0.3564
CLUBS TWO DIAMONDS FOUR,0.6396,0.02,0.3404
DIAMONDS TEN DIAMONDS FIVE,0.5906,0.0158,0.3936
DIAMONDS JACK DIAMONDS FIVE,0.4464,0.2882,0.2654
DIAMONDS NINE HEARTS QUEEN,0.344,0.0086,0.6474
HEARTS KING DIAMONDS NINE,0.3568,0.0056,0.6376
DIAMONDS NINE HEARTS ACE,0.374,0.0032,0.6228
DIAMONDS NINE HEARTS TEN,0.5592,0.0142,0.4266
DIAMONDS NINE HEARTS JACK,0.2358,0.1614,0.6028
CLUBS KING DIAMONDS SIX,0.394,0.006,0.6
CLUBS QUEEN DIAMONDS SIX,0.3962,0.0094,0.5944
CLUBS ACE DIAMONDS SIX,0.3976,0.0026,0.5998
SPADES KING DIAMONDS FOUR,0.414,0.0056,0.5804
SPADES ACE SPADES SEVEN,0.232,0.0236,0.7444
SPADES QUEEN DIAMONDS FOUR,0.4148,0.0098,0.5754
SPADES QUEEN SPADES SEVEN,0.2354,0.0404,0.7242
CLUBS JACK DIAMONDS SIX,0.4806,0.2924,0.227
SPADES KING SPADES SEVEN,0.2314,0.033,0.7356
SPADES ACE DIAMONDS FOUR,0.4014,0.0036,0.595
CLUBS TEN DIAMONDS SIX,0.6292,0.0194,0.3514
CLUBS NINE CLUBS FOUR,0.5918,0.017,0.3912
CLUBS EIGHT CLUBS FOUR,0.5948,0.018,0.3872
SPADES TEN DIAMONDS FOUR,0.6394,0.0178,0.3428
CLUBS FOUR CLUBS FIVE,0.5802,0.0202,0.3996
CLUBS SIX CLUBS FOUR,0.5896,0.0186,0.3918
HEARTS SIX DIAMONDS FIVE,0.6094,0.0168,0.3738
DIAMONDS FIVE HEARTS SEVEN,0.6652,0.06,0.2748
DIAMONDS FIVE HEARTS EIGHT,0.6078,0.015,0.3772
HEARTS NINE DIAMONDS FIVE,0.6174,0.0168,0.3658
DIAMONDS QUEEN DIAMONDS FIVE,0.379,0.0088,0.6122
HEARTS TWO DIAMONDS FIVE,0.6312,0.0164,0.3524
HEARTS KING HEARTS EIGHT,0.3548,0.007,0.6382
DIAMONDS KING DIAMONDS FIVE,0.379,0.0054,0.6156
HEARTS THREE DIAMONDS FIVE,0.615,0.0202,0.3648
HEARTS QUEEN HEARTS EIGHT,0.335,0.01,0.655
DIAMONDS ACE DIAMONDS FIVE,0.3652,0.0034,0.6314
HEARTS FOUR DIAMONDS FIVE,0.607,0.0166,0.3764
HEARTS FIVE DIAMONDS FIVE,0.4172,0.0412,0.5416
HEARTS ACE HEARTS EIGHT,0.339,0.005,0.656
CLUBS FOUR DIAMONDS FIVE,0.6166,0.018,0.3654
CLUBS FIVE DIAMONDS FIVE,0.4104,0.0354,0.5542
CLUBS SIX DIAMONDS FIVE,0.601,0.0172,0.3818
CLUBS TWO DIAMONDS FIVE,0.6462,0.0188,0.335
CLUBS THREE DIAMONDS FIVE,0.6252,0.0188,0.356
SPADES THREE DIAMONDS FIVE,0.6014,0.0182,0.3804
SPADES TWO DIAMONDS FIVE,0.644,0.0148,0.3412
SPADES FIVE DIAMONDS FIVE,0.421,0.041,0.538
CLUBS TEN HEARTS JACK,0.22,0.1236,0.6564
SPADES TEN DIAMONDS EIGHT,0.5792,0.0136,0.4072
SPADES FOUR DIAMONDS FIVE,0.6132,0.0182,0.3686
HEARTS JACK CLUBS JACK,0.0946,0.035,0.8704
HEARTS JACK CLUBS QUEEN,0.221,0.0368,0.7422
CLUBS NINE DIAMONDS FIVE,0.6232,0.0188,0.358
HEARTS JACK CLUBS KING,0.2436,0.028,0.7284
CLUBS EIGHT DIAMONDS FIVE,0.605,0.017,0.378
HEARTS JACK CLUBS ACE,0.256,0.0196,0.7244
SPADES SEVEN DIAMONDS FIVE,0.6674,0.0624,0.2702
SPADES KING DIAMONDS EIGHT,0.3516,0.007,0.6414
SPADES SIX DIAMONDS FIVE,0.6224,0.018,0.3596
SPADES QUEEN DIAMONDS EIGHT,0.3572,0.0122,0.6306
SPADES NINE DIAMONDS FIVE,0.6178,0.0186,0.3636
SPADES EIGHT DIAMONDS FIVE,0.6216,0.0186,0.3598
SPADES ACE DIAMONDS EIGHT,0.3586,0.0032,0.6382
DIAMONDS TEN DIAMONDS SIX,0.581,0.0158,0.4032
HEARTS ACE DIAMONDS SEVEN,0.2478,0.0256,0.7266
DIAMONDS JACK DIAMONDS SIX,0.4512,0.2788,0.27
HEARTS QUEEN DIAMONDS SEVEN,0.2646,0.0416,0.6938
HEARTS KING DIAMONDS SEVEN,0.2508,0.0406,0.7086
DIAMONDS ACE DIAMONDS SIX,0.3912,0.0016,0.6072
HEARTS FOUR DIAMONDS SIX,0.6248,0.0158,0.3594
HEARTS JACK SPADES TWO,0.4792,0.3078,0.213
HEARTS FIVE DIAMONDS SIX,0.6086,0.0206,0.3708
SPADES TWO HEARTS TEN,0.6418,0.0148,0.3434
DIAMONDS QUEEN DIAMONDS SIX,0.3804,0.0112,0.6084
HEARTS TWO DIAMONDS SIX,0.6378,0.0194,0.3428
DIAMONDS KING DIAMONDS SIX,0.3762,0.0064,0.6174
HEARTS THREE DIAMONDS SIX,0.6398,0.0212,0.339
HEARTS EIGHT DIAMONDS SIX,0.6152,0.017,0.3678
HEARTS NINE DIAMONDS SIX,0.618,0.0168,0.3652
HEARTS SIX DIAMONDS SIX,0.4176,0.0354,0.547
HEARTS SEVEN DIAMONDS SIX,0.6702,0.0536,0.2762
HEARTS TEN DIAMONDS SEVEN,0.6954,0.0592,0.2454
CLUBS TWO DIAMONDS SIX,0.651,0.0192,0.3298
HEARTS JACK DIAMONDS SEVEN,0.023,0.954,0.023
CLUBS THREE DIAMONDS SIX,0.64,0.0196,0.3404
DIAMONDS EIGHT CLUBS JACK,0.2192,0.2184,0.5624
CLUBS SIX DIAMONDS SIX,0.4252,0.0376,0.5372
CLUBS TEN DIAMONDS EIGHT,0.5734,0.0168,0.4098
CLUBS FIVE DIAMONDS SIX,0.6152,0.0194,0.3654
CLUBS FOUR DIAMONDS SIX,0.6286,0.0188,0.3526
HEARTS ACE HEARTS JACK,0.2222,0.0176,0.7602
DIAMONDS EIGHT CLUBS ACE,0.3632,0.0034,0.6334
HEARTS JACK HEARTS QUEEN,0.2308,0.0446,0.7246
DIAMONDS EIGHT CLUBS KING,0.3556,0.0068,0.6376
CLUBS NINE DIAMONDS SIX,0.611,0.0174,0.3716
HEARTS KING HEARTS JACK,0.2292,0.0258,0.745
DIAMONDS EIGHT CLUBS QUEEN,0.3538,0.011,0.6352
CLUBS EIGHT DIAMONDS SIX,0.5972,0.0166,0.3862
SPADES TEN HEARTS KING,0.352,0.006,0.642
SPADES FIVE DIAMONDS SIX,0.6274,0.0166,0.356
HEARTS ACE SPADES TWO,0.407,0.0048,0.5882
SPADES FOUR DIAMONDS SIX,0.6274,0.0174,0.3552
SPADES THREE DIAMONDS SIX,0.647,0.0168,0.3362
SPADES TWO HEARTS QUEEN,0.419,0.0126,0.5684
SPADES ACE SPADES KING,0.3362,0.0054,0.6584
HEARTS KING SPADES TWO,0.4154,0.007,0.5776
SPADES TWO DIAMONDS SIX,0.6552,0.0204,0.3244
HEARTS TEN HEARTS EIGHT,0.5352,0.0192,0.4456
SPADES NINE DIAMONDS SIX,0.608,0.0152,0.3768
HEARTS JACK HEARTS EIGHT,0.2126,0.213,0.5744
SPADES EIGHT DIAMONDS SIX,0.6158,0.0236,0.3606
SPADES SEVEN DIAMONDS SIX,0.6768,0.057,0.2662
SPADES SIX DIAMONDS SIX,0.413,0.0358,0.5512
SPADES KING HEARTS KING,0.1508,0.0072,0.842
SPADES QUEEN HEARTS KING,0.3108,0.0064,0.6828
CLUBS ACE CLUBS KING,0.3244,0.0048,0.6708
SPADES ACE HEARTS KING,0.3432,0.0038,0.653
SPADES ACE HEARTS JACK,0.243,0.018,0.739
SPADES QUEEN HEARTS JACK,0.2228,0.0416,0.7356
SPADES KING HEARTS JACK,0.2384,0.0268,0.7348
SPADES TEN DIAMONDS TEN,0.2824,0.0224,0.6952
SPADES ACE DIAMONDS TEN,0.343,0.0052,0.6518
SPADES TEN HEARTS JACK,0.2306,0.119,0.6504
SPADES QUEEN DIAMONDS TEN,0.3252,0.0102,0.6646
SPADES KING DIAMONDS TEN,0.3344,0.008,0.6576
SPADES NINE DIAMONDS SEVEN,0.681,0.0522,0.2668
SPADES EIGHT DIAMONDS SEVEN,0.6642,0.0518,0.284
SPADES SEVEN DIAMONDS SEVEN,0.3108,0.038,0.6512
SPADES SIX DIAMONDS SEVEN,0.6728,0.0624,0.2648
DIAMONDS KING DIAMONDS SEVEN,0.2464,0.035,0.7186
HEARTS THREE DIAMONDS SEVEN,0.6988,0.0616,0.2396
HEARTS KING DIAMONDS FIVE,0.409,0.0082,0.5828
DIAMONDS QUEEN DIAMONDS SEVEN,0.2456,0.0348,0.7196
HEARTS TWO DIAMONDS SEVEN,0.6994,0.0638,0.2368
HEARTS QUEEN DIAMONDS FIVE,0.4136,0.01,0.5764
HEARTS FIVE DIAMONDS SEVEN,0.6664,0.0592,0.2744
DIAMONDS ACE DIAMONDS SEVEN,0.2262,0.0254,0.7484
HEARTS FOUR DIAMONDS SEVEN,0.6904,0.057,0.2526
HEARTS ACE DIAMONDS FIVE,0.4012,0.0034,0.5954
HEARTS SEVEN DIAMONDS SEVEN,0.306,0.039,0.655
HEARTS SIX DIAMONDS SEVEN,0.6678,0.0576,0.2746
HEARTS NINE DIAMONDS SEVEN,0.6782,0.05,0.2718
DIAMONDS SEVEN HEARTS EIGHT,0.6682,0.0546,0.2772
DIAMONDS JACK DIAMONDS SEVEN,0.0262,0.8982,0.0756
HEARTS JACK DIAMONDS FIVE,0.4966,0.2808,0.2226
DIAMONDS TEN DIAMONDS SEVEN,0.6514,0.0536,0.295
DIAMONDS FIVE HEARTS TEN,0.6352,0.0144,0.3504
SPADES KING CLUBS TWO,0.4238,0.0058,0.5704
HEARTS KING CLUBS KING,0.1428,0.005,0.8522
CLUBS EIGHT DIAMONDS SEVEN,0.6644,0.0546,0.281
SPADES QUEEN CLUBS TWO,0.422,0.0132,0.5648
HEARTS KING CLUBS QUEEN,0.3186,0.0066,0.6748
CLUBS NINE DIAMONDS SEVEN,0.6724,0.0576,0.27
SPADES TWO CLUBS JACK,0.493,0.3086,0.1984
SPADES ACE CLUBS TWO,0.4154,0.0054,0.5792
CLUBS TEN SPADES TWO,0.6354,0.0176,0.347
HEARTS KING CLUBS ACE,0.3272,0.0048,0.668
SPADES TWO CLUBS KING,0.4084,0.011,0.5806
SPADES TWO DIAMONDS SEVEN,0.7184,0.065,0.2166
CLUBS SIX CLUBS EIGHT,0.5626,0.0184,0.419
SPADES THREE DIAMONDS SEVEN,0.693,0.0702,0.2368
SPADES TWO CLUBS QUEEN,0.4064,0.0106,0.583
CLUBS NINE CLUBS SIX,0.5924,0.0172,0.3904
SPADES FOUR DIAMONDS SEVEN,0.695,0.0562,0.2488
HEARTS KING CLUBS JACK,0.2404,0.032,0.7276
SPADES FIVE DIAMONDS SEVEN,0.6678,0.0572,0.275
SPADES TWO CLUBS ACE,0.4104,0.0052,0.5844
CLUBS TEN HEARTS KING,0.35,0.0078,0.6422
CLUBS SIX SPADES TWO,0.663,0.02,0.317
CLUBS SIX SPADES THREE,0.6578,0.0208,0.3214
CLUBS TWO DIAMONDS SEVEN,0.7188,0.0614,0.2198
CLUBS SIX SPADES FOUR,0.6406,0.0184,0.341
CLUBS THREE DIAMONDS SEVEN,0.7044,0.0632,0.2324
CLUBS SIX SPADES FIVE,0.6274,0.018,0.3546
CLUBS FOUR DIAMONDS SEVEN,0.686,0.0632,0.2508
CLUBS SIX SPADES SIX,0.4352,0.0352,0.5296
CLUBS FIVE DIAMONDS SEVEN,0.6622,0.0626,0.2752
CLUBS SIX SPADES SEVEN,0.685,0.0638,0.2512
CLUBS SIX DIAMONDS SEVEN,0.6706,0.0636,0.2658
CLUBS SIX SPADES EIGHT,0.6104,0.0182,0.3714
CLUBS SIX SPADES NINE,0.6318,0.018,0.3502
SPADES TEN CLUBS TWO,0.6462,0.0192,0.3346
CLUBS TWO CLUBS QUEEN,0.3894,0.0138,0.5968
CLUBS TWO CLUBS KING,0.3884,0.0088,0.6028
CLUBS THREE DIAMONDS EIGHT,0.6448,0.0166,0.3386
CLUBS TWO CLUBS ACE,0.4038,0.005,0.5912
CLUBS TWO DIAMONDS EIGHT,0.6334,0.0186,0.348
DIAMONDS EIGHT HEARTS SEVEN,0.6524,0.0584,0.2892
HEARTS SIX DIAMONDS EIGHT,0.613,0.0128,0.3742
DIAMONDS EIGHT HEARTS NINE,0.5656,0.0162,0.4182
CLUBS TEN CLUBS TWO,0.5992,0.019,0.3818
DIAMONDS EIGHT HEARTS EIGHT,0.3026,0.0302,0.6672
CLUBS TWO CLUBS JACK,0.4614,0.2848,0.2538
CLUBS NINE DIAMONDS EIGHT,0.5452,0.014,0.4408
CLUBS EIGHT DIAMONDS EIGHT,0.2938,0.035,0.6712
CLUBS FIVE DIAMONDS EIGHT,0.5952,0.0182,0.3866
SPADES ACE SPADES THREE,0.3788,0.005,0.6162
CLUBS FOUR DIAMONDS EIGHT,0.6136,0.0174,0.369
SPADES QUEEN SPADES THREE,0.3882,0.0112,0.6006
CLUBS SIX DIAMONDS EIGHT,0.6168,0.0156,0.3676
SPADES KING SPADES THREE,0.3914,0.0076,0.601
DIAMONDS QUEEN DIAMONDS EIGHT,0.344,0.0086,0.6474
HEARTS TWO DIAMONDS EIGHT,0.6382,0.0146,0.3472
DIAMONDS KING DIAMONDS EIGHT,0.346,0.0078,0.6462
HEARTS THREE DIAMONDS EIGHT,0.642,0.0162,0.3418
DIAMONDS ACE DIAMONDS EIGHT,0.332,0.0034,0.6646
HEARTS FOUR DIAMONDS EIGHT,0.623,0.0192,0.3578
HEARTS FIVE DIAMONDS EIGHT,0.6166,0.0142,0.3692
DIAMONDS EIGHT DIAMONDS TEN,0.5336,0.0176,0.4488
DIAMONDS EIGHT DIAMONDS JACK,0.22,0.2162,0.5638
SPADES TEN SPADES THREE,0.6104,0.0216,0.368
CLUBS FOUR HEARTS ACE,0.4166,0.0038,0.5796
CLUBS FOUR HEARTS QUEEN,0.4166,0.0114,0.572
CLUBS FOUR HEARTS KING,0.4028,0.009,0.5882
CLUBS SIX HEARTS TEN,0.6244,0.0138,0.3618
CLUBS SIX HEARTS JACK,0.4746,0.2976,0.2278
SPADES FOUR DIAMONDS EIGHT,0.625,0.0168,0.3582
SPADES FIVE DIAMONDS EIGHT,0.626,0.0162,0.3578
DIAMONDS EIGHT SPADES TWO,0.634,0.02,0.346
DIAMONDS EIGHT SPADES THREE,0.6392,0.0166,0.3442
CLUBS FOUR HEARTS JACK,0.474,0.3082,0.2178
SPADES EIGHT DIAMONDS EIGHT,0.3008,0.037,0.6622
SPADES TEN HEARTS TWO,0.6246,0.0186,0.3568
SPADES TEN DIAMONDS QUEEN,0.3364,0.0098,0.6538
CLUBS FOUR HEARTS TEN,0.632,0.0206,0.3474
SPADES NINE DIAMONDS EIGHT,0.5896,0.0172,0.3932
SPADES TEN HEARTS EIGHT,0.5744,0.0154,0.4102
SPADES SIX DIAMONDS EIGHT,0.6024,0.0168,0.3808
SPADES SEVEN DIAMONDS EIGHT,0.6752,0.0556,0.2692
SPADES ACE HEARTS TWO,0.409,0.0044,0.5866
SPADES ACE DIAMONDS QUEEN,0.3188,0.0038,0.6774
SPADES ACE HEARTS EIGHT,0.373,0.0034,0.6236
SPADES KING HEARTS EIGHT,0.3672,0.008,0.6248
SPADES QUEEN HEARTS TWO,0.4116,0.0114,0.577
SPADES QUEEN DIAMONDS QUEEN,0.1496,0.0134,0.837
SPADES KING DIAMONDS QUEEN,0.313,0.0062,0.6808
SPADES KING HEARTS TWO,0.4064,0.0088,0.5848
SPADES QUEEN HEARTS EIGHT,0.3458,0.0114,0.6428
CLUBS TWO HEARTS TEN,0.643,0.0188,0.3382
CLUBS TWO HEARTS JACK,0.4836,0.3032,0.2132
SPADES SEVEN DIAMONDS NINE,0.6768,0.0518,0.2714
SPADES SIX DIAMONDS NINE,0.6234,0.0174,0.3592
SPADES NINE DIAMONDS NINE,0.2942,0.0224,0.6834
SPADES EIGHT DIAMONDS NINE,0.5608,0.016,0.4232
SPADES TEN CLUBS KING,0.346,0.0094,0.6446
DIAMONDS NINE SPADES THREE,0.6358,0.0202,0.344
DIAMONDS NINE SPADES TWO,0.6412,0.0192,0.3396
SPADES FIVE DIAMONDS NINE,0.6204,0.0178,0.3618
DIAMONDS NINE SPADES FOUR,0.617,0.0156,0.3674
CLUBS NINE DIAMONDS NINE,0.2806,0.0246,0.6948
CLUBS EIGHT DIAMONDS NINE,0.5588,0.015,0.4262
CLUBS SIX DIAMONDS NINE,0.6188,0.0172,0.364
SPADES TEN CLUBS FOUR,0.6362,0.0182,0.3456
CLUBS FOUR DIAMONDS NINE,0.6356,0.015,0.3494
CLUBS FIVE DIAMONDS NINE,0.624,0.0182,0.3578
CLUBS TWO DIAMONDS NINE,0.6482,0.0158,0.336
CLUBS THREE DIAMONDS NINE,0.6396,0.0182,0.3422
DIAMONDS NINE HEARTS EIGHT,0.5704,0.0154,0.4142
DIAMONDS NINE HEARTS NINE,0.2854,0.023,0.6916
HEARTS SIX DIAMONDS NINE,0.6066,0.0166,0.3768
DIAMONDS NINE HEARTS SEVEN,0.6786,0.0556,0.2658
CLUBS NINE CLUBS EIGHT,0.5282,0.019,0.4528
DIAMONDS ACE DIAMONDS NINE,0.3498,0.0036,0.6466
HEARTS FOUR DIAMONDS NINE,0.6402,0.0178,0.342
HEARTS FIVE DIAMONDS NINE,0.6138,0.0194,0.3668
CLUBS TWO HEARTS ACE,0.4186,0.0048,0.5766
SPADES ACE CLUBS FOUR,0.392,0.0054,0.6026
DIAMONDS QUEEN DIAMONDS NINE,0.3348,0.0104,0.6548
HEARTS TWO DIAMONDS NINE,0.6372,0.019,0.3438
CLUBS TWO HEARTS KING,0.4186,0.0064,0.575
SPADES KING CLUBS FOUR,0.397,0.0068,0.5962
DIAMONDS KING DIAMONDS NINE,0.3472,0.0052,0.6476
HEARTS THREE DIAMONDS NINE,0.639,0.0194,0.3416
CLUBS TWO HEARTS QUEEN,0.4148,0.0088,0.5764
SPADES QUEEN CLUBS FOUR,0.3834,0.0138,0.6028
DIAMONDS NINE DIAMONDS JACK,0.2138,0.148,0.6382
CLUBS EIGHT SPADES NINE,0.5544,0.0192,0.4264
DIAMONDS NINE DIAMONDS TEN,0.524,0.0142,0.4618
CLUBS EIGHT SPADES EIGHT,0.289,0.0372,0.6738
CLUBS EIGHT SPADES SEVEN,0.6722,0.0562,0.2716
CLUBS EIGHT SPADES SIX,0.6,0.0186,0.3814
CLUBS EIGHT SPADES FIVE,0.6016,0.02,0.3784
CLUBS EIGHT SPADES FOUR,0.6024,0.019,0.3786
CLUBS EIGHT SPADES THREE,0.6378,0.0188,0.3434
CLUBS EIGHT SPADES TWO,0.6456,0.0178,0.3366
HEARTS SIX DIAMONDS TEN,0.6204,0.018,0.3616
DIAMONDS TEN HEARTS SEVEN,0.6814,0.0564,0.2622
DIAMONDS TEN HEARTS EIGHT,0.568,0.0172,0.4148
CLUBS FOUR CLUBS JACK,0.4572,0.282,0.2608
DIAMONDS TEN HEARTS NINE,0.565,0.0122,0.4228
CLUBS TEN CLUBS FOUR,0.5892,0.0144,0.3964
CLUBS FOUR CLUBS KING,0.3884,0.0088,0.6028
CLUBS FOUR CLUBS QUEEN,0.3886,0.0116,0.5998
CLUBS TWO DIAMONDS TEN,0.6348,0.02,0.3452
CLUBS THREE DIAMONDS TEN,0.6382,0.019,0.3428
CLUBS FOUR CLUBS ACE,0.386,0.0044,0.6096
DIAMONDS JACK DIAMONDS TEN,0.227,0.114,0.659
DIAMONDS QUEEN DIAMONDS TEN,0.32,0.0092,0.6708
HEARTS TWO DIAMONDS TEN,0.6422,0.0162,0.3416
DIAMONDS KING DIAMONDS TEN,0.3246,0.005,0.6704
HEARTS THREE DIAMONDS TEN,0.627,0.0142,0.3588
DIAMONDS ACE DIAMONDS TEN,0.325,0.0044,0.6706
HEARTS FOUR DIAMONDS TEN,0.6318,0.0174,0.3508
CLUBS EIGHT HEARTS JACK,0.2274,0.2298,0.5428
HEARTS FIVE DIAMONDS TEN,0.6268,0.018,0.3552
CLUBS EIGHT HEARTS TEN,0.5738,0.0168,0.4094
CLUBS EIGHT HEARTS QUEEN,0.3494,0.011,0.6396
CLUBS EIGHT HEARTS KING,0.3622,0.0084,0.6294
CLUBS EIGHT HEARTS ACE,0.3626,0.0036,0.6338
CLUBS NINE SPADES THREE,0.6432,0.0192,0.3376
CLUBS NINE SPADES TWO,0.6386,0.0176,0.3438
CLUBS NINE SPADES FIVE,0.6324,0.0192,0.3484
CLUBS NINE SPADES FOUR,0.637,0.0186,0.3444
CLUBS NINE SPADES SEVEN,0.6758,0.0606,0.2636
CLUBS NINE SPADES SIX,0.6036,0.017,0.3794
CLUBS NINE SPADES NINE,0.2852,0.0282,0.6866
CLUBS TEN HEARTS EIGHT,0.5568,0.02,0.4232
CLUBS NINE SPADES EIGHT,0.569,0.0172,0.4138
CLUBS JACK HEARTS EIGHT,0.2202,0.2308,0.549
CLUBS QUEEN HEARTS EIGHT,0.3624,0.01,0.6276
CLUBS KING HEARTS EIGHT,0.3678,0.0052,0.627
CLUBS ACE HEARTS EIGHT,0.3618,0.0036,0.6346
SPADES KING CLUBS KING,0.139,0.008,0.853
SPADES QUEEN CLUBS KING,0.319,0.0062,0.6748
SPADES ACE CLUBS KING,0.3266,0.0056,0.6678
DIAMONDS ACE HEARTS TEN,0.3702,0.0036,0.6262
HEARTS FOUR HEARTS TEN,0.5938,0.0162,0.39
DIAMONDS ACE HEARTS JACK,0.258,0.0136,0.7284
HEARTS FOUR HEARTS JACK,0.44,0.2842,0.2758
SPADES KING CLUBS FIVE,0.4014,0.0088,0.5898
SPADES QUEEN CLUBS FIVE,0.4086,0.0118,0.5796
SPADES ACE CLUBS FIVE,0.3884,0.006,0.6056
DIAMONDS JACK HEARTS SEVEN,0.0216,0.9578,0.0206
HEARTS SIX DIAMONDS JACK,0.4742,0.3076,0.2182
DIAMONDS JACK HEARTS NINE,0.234,0.1592,0.6068
DIAMONDS JACK HEARTS EIGHT,0.2316,0.2224,0.546
DIAMONDS KING DIAMONDS JACK,0.2392,0.0264,0.7344
HEARTS THREE DIAMONDS JACK,0.4858,0.2856,0.2286
SPADES ACE SPADES SIX,0.3962,0.0026,0.6012
SPADES FOUR HEARTS ACE,0.4082,0.0044,0.5874
DIAMONDS QUEEN DIAMONDS JACK,0.2238,0.0402,0.736
HEARTS TWO DIAMONDS JACK,0.479,0.2848,0.2362
HEARTS FIVE DIAMONDS JACK,0.4824,0.2812,0.2364
SPADES QUEEN SPADES SIX,0.395,0.0096,0.5954
SPADES FOUR HEARTS QUEEN,0.4198,0.0114,0.5688
DIAMONDS ACE DIAMONDS JACK,0.2234,0.0206,0.756
HEARTS FOUR DIAMONDS JACK,0.487,0.286,0.227
SPADES KING SPADES SIX,0.3958,0.0062,0.598
HEARTS KING SPADES FOUR,0.4194,0.0088,0.5718
SPADES TEN SPADES SIX,0.6008,0.018,0.3812
SPADES FOUR DIAMONDS JACK,0.4934,0.2918,0.2148
SPADES FIVE DIAMONDS JACK,0.4906,0.2948,0.2146
DIAMONDS JACK SPADES TWO,0.4968,0.288,0.2152
SPADES THREE DIAMONDS JACK,0.4802,0.2948,0.225
SPADES ACE DIAMONDS THREE,0.3876,0.004,0.6084
SPADES QUEEN DIAMONDS THREE,0.4116,0.0114,0.577
CLUBS EIGHT DIAMONDS JACK,0.2302,0.2254,0.5444
SPADES KING DIAMONDS THREE,0.4004,0.0086,0.591
CLUBS NINE DIAMONDS JACK,0.2252,0.1582,0.6166
CLUBS SIX DIAMONDS JACK,0.4832,0.3022,0.2146
CLUBS FOUR DIAMONDS JACK,0.4788,0.2994,0.2218
CLUBS FIVE DIAMONDS JACK,0.4814,0.3008,0.2178
CLUBS TWO DIAMONDS JACK,0.4852,0.2986,0.2162
CLUBS THREE DIAMONDS JACK,0.4746,0.2986,0.2268
SPADES TEN CLUBS FIVE,0.638,0.0178,0.3442
HEARTS SIX SPADES TEN,0.6294,0.018,0.3526
SPADES TEN DIAMONDS THREE,0.6222,0.0178,0.36
SPADES NINE DIAMONDS JACK,0.229,0.1754,0.5956
DIAMONDS ACE HEARTS ACE,0.158,0.0024,0.8396
HEARTS FOUR HEARTS ACE,0.3748,0.0038,0.6214
SPADES EIGHT DIAMONDS JACK,0.227,0.2244,0.5486
SPADES ACE HEARTS SIX,0.4006,0.0054,0.594
DIAMONDS ACE HEARTS KING,0.3282,0.003,0.6688
HEARTS FOUR HEARTS KING,0.3812,0.0088,0.61
SPADES SEVEN DIAMONDS JACK,0.0176,0.9714,0.011
SPADES KING HEARTS SIX,0.3948,0.0076,0.5976
DIAMONDS ACE HEARTS QUEEN,0.3396,0.0032,0.6572
HEARTS FOUR HEARTS QUEEN,0.3792,0.0102,0.6106
SPADES SIX DIAMONDS JACK,0.4864,0.2962,0.2174
SPADES QUEEN HEARTS SIX,0.404,0.0098,0.5862
SPADES TWO DIAMONDS TEN,0.6378,0.0164,0.3458
SPADES THREE DIAMONDS TEN,0.635,0.0166,0.3484
SPADES FOUR DIAMONDS TEN,0.6376,0.0172,0.3452
SPADES FIVE DIAMONDS TEN,0.6434,0.0198,0.3368
SPADES SIX DIAMONDS TEN,0.6392,0.017,0.3438
SPADES SEVEN DIAMONDS TEN,0.7018,0.052,0.2462
SPADES EIGHT DIAMONDS TEN,0.5828,0.0172,0.4
SPADES NINE DIAMONDS TEN,0.5652,0.0176,0.4172
CLUBS FOUR DIAMONDS TEN,0.6416,0.0164,0.342
CLUBS FIVE DIAMONDS TEN,0.64,0.0192,0.3408
CLUBS SIX DIAMONDS TEN,0.62,0.019,0.361
CLUBS EIGHT DIAMONDS TEN,0.5808,0.0152,0.404
CLUBS NINE DIAMONDS TEN,0.5546,0.0166,0.4288
DIAMONDS THREE CLUBS JACK,0.4726,0.2948,0.2326
CLUBS TEN DIAMONDS THREE,0.6182,0.019,0.3628
DIAMONDS THREE CLUBS KING,0.4058,0.0068,0.5874
DIAMONDS THREE CLUBS QUEEN,0.401,0.0118,0.5872
DIAMONDS THREE CLUBS ACE,0.4044,0.005,0.5906
SPADES FOUR HEARTS JACK,0.4746,0.2948,0.2306
SPADES FOUR HEARTS TEN,0.6334,0.0148,0.3518
SPADES FIVE SPADES TWO,0.6138,0.0166,0.3696
SPADES FOUR SPADES TWO,0.6056,0.0162,0.3782
SPADES THREE SPADES TWO,0.6104,0.0144,0.3752
SPADES NINE SPADES TWO,0.617,0.0186,0.3644
SPADES EIGHT SPADES TWO,0.615,0.0182,0.3668
SPADES SEVEN SPADES TWO,0.6908,0.0608,0.2484
SPADES SIX SPADES TWO,0.6206,0.0192,0.3602
DIAMONDS QUEEN CLUBS THREE,0.4206,0.0118,0.5676
HEARTS TWO CLUBS THREE,0.6388,0.0194,0.3418
DIAMONDS QUEEN CLUBS TWO,0.4126,0.0112,0.5762
CLUBS TWO HEARTS TWO,0.4422,0.0396,0.5182
DIAMONDS QUEEN HEARTS SEVEN,0.2502,0.0416,0.7082
HEARTS TWO HEARTS SEVEN,0.6734,0.0534,0.2732
HEARTS SIX DIAMONDS QUEEN,0.4112,0.0092,0.5796
HEARTS SIX HEARTS TWO,0.5986,0.0206,0.3808
DIAMONDS QUEEN HEARTS NINE,0.3452,0.0114,0.6434
HEARTS TWO HEARTS NINE,0.5908,0.0168,0.3924
DIAMONDS QUEEN HEARTS EIGHT,0.3586,0.0118,0.6296
HEARTS TWO HEARTS EIGHT,0.5954,0.0174,0.3872
CLUBS NINE HEARTS TWO,0.6372,0.0196,0.3432
CLUBS NINE DIAMONDS QUEEN,0.343,0.01,0.647
CLUBS EIGHT HEARTS TWO,0.6328,0.0176,0.3496
CLUBS EIGHT DIAMONDS QUEEN,0.3436,0.0116,0.6448
CLUBS FIVE DIAMONDS QUEEN,0.418,0.01,0.572
CLUBS FIVE HEARTS TWO,0.6464,0.0172,0.3364
SPADES EIGHT HEARTS ACE,0.3732,0.004,0.6228
CLUBS FOUR DIAMONDS QUEEN,0.4168,0.0104,0.5728
CLUBS FOUR HEARTS TWO,0.6344,0.0194,0.3462
SPADES EIGHT HEARTS QUEEN,0.366,0.011,0.623
CLUBS SIX DIAMONDS QUEEN,0.409,0.011,0.58
CLUBS SIX HEARTS TWO,0.652,0.019,0.329
SPADES EIGHT HEARTS KING,0.3704,0.0072,0.6224
DIAMONDS QUEEN SPADES SIX,0.3978,0.0126,0.5896
HEARTS TWO SPADES SIX,0.6606,0.018,0.3214
HEARTS FOUR CLUBS QUEEN,0.4084,0.0116,0.58
DIAMONDS ACE CLUBS QUEEN,0.328,0.0028,0.6692
DIAMONDS QUEEN SPADES SEVEN,0.247,0.044,0.709
SPADES SEVEN HEARTS TWO,0.7126,0.0684,0.219
HEARTS FOUR CLUBS KING,0.406,0.008,0.586
DIAMONDS ACE CLUBS KING,0.3236,0.0036,0.6728
SPADES EIGHT DIAMONDS QUEEN,0.3586,0.0088,0.6326
SPADES EIGHT HEARTS TWO,0.651,0.0182,0.3308
HEARTS FOUR CLUBS ACE,0.4106,0.004,0.5854
DIAMONDS ACE CLUBS ACE,0.1374,0.0036,0.859
SPADES NINE DIAMONDS QUEEN,0.3658,0.0094,0.6248
SPADES NINE HEARTS TWO,0.6536,0.0164,0.33
HEARTS TWO SPADES TWO,0.44,0.0426,0.5174
DIAMONDS QUEEN SPADES TWO,0.4264,0.012,0.5616
HEARTS TWO SPADES THREE,0.6486,0.0182,0.3332
DIAMONDS QUEEN SPADES THREE,0.396,0.0144,0.5896
HEARTS TWO SPADES FOUR,0.6492,0.018,0.3328
DIAMONDS QUEEN SPADES FOUR,0.4006,0.0116,0.5878
HEARTS FOUR CLUBS TEN,0.6328,0.0134,0.3538
CLUBS TEN DIAMONDS ACE,0.349,0.0056,0.6454
HEARTS TWO SPADES FIVE,0.6464,0.0182,0.3354
DIAMONDS QUEEN SPADES FIVE,0.4084,0.0102,0.5814
HEARTS FOUR CLUBS JACK,0.4766,0.3112,0.2122
DIAMONDS ACE CLUBS JACK,0.245,0.0212,0.7338
CLUBS FIVE CLUBS KING,0.3842,0.0092,0.6066
CLUBS FIVE CLUBS QUEEN,0.3826,0.0094,0.608
CLUBS FIVE CLUBS ACE,0.3834,0.0062,0.6104
CLUBS FIVE CLUBS JACK,0.4582,0.2846,0.2572
CLUBS TEN CLUBS FIVE,0.5964,0.0196,0.384
SPADES KING CLUBS JACK,0.2434,0.0316,0.725
SPADES QUEEN CLUBS JACK,0.2134,0.0458,0.7408
SPADES ACE CLUBS JACK,0.2368,0.0178,0.7454
SPADES SIX CLUBS KING,0.3974,0.0076,0.595
SPADES SIX CLUBS QUEEN,0.401,0.0124,0.5866
SPADES EIGHT HEARTS JACK,0.2212,0.229,0.5498
SPADES SIX CLUBS ACE,0.4082,0.0046,0.5872
SPADES EIGHT HEARTS TEN,0.5792,0.015,0.4058
SPADES SIX CLUBS JACK,0.4794,0.3062,0.2144
CLUBS TEN SPADES SIX,0.6274,0.0208,0.3518
SPADES TEN CLUBS JACK,0.2258,0.1262,0.648
SPADES SIX HEARTS TEN,0.6288,0.016,0.3552
SPADES SIX HEARTS JACK,0.4846,0.3032,0.2122
SPADES SIX HEARTS ACE,0.4116,0.0044,0.584
SPADES SIX HEARTS KING,0.4092,0.0056,0.5852
SPADES SIX HEARTS QUEEN,0.4126,0.0088,0.5786
CLUBS TEN HEARTS SIX,0.6236,0.0172,0.3592
HEARTS SIX CLUBS JACK,0.477,0.292,0.231
CLUBS ACE CLUBS JACK,0.2366,0.0224,0.741
HEARTS SIX CLUBS QUEEN,0.4002,0.011,0.5888
HEARTS SIX CLUBS KING,0.3938,0.0074,0.5988
HEARTS SIX CLUBS ACE,0.4,0.0042,0.5958
CLUBS QUEEN CLUBS JACK,0.2044,0.0398,0.7558
CLUBS KING CLUBS JACK,0.2298,0.0342,0.736
DIAMONDS THREE HEARTS ACE,0.4062,0.0054,0.5884
DIAMONDS THREE HEARTS QUEEN,0.4122,0.007,0.5808
DIAMONDS THREE HEARTS KING,0.4132,0.007,0.5798
CLUBS FIVE HEARTS JACK,0.4764,0.2952,0.2284
HEARTS FOUR SPADES TEN,0.639,0.016,0.345
SPADES TEN DIAMONDS ACE,0.362,0.0042,0.6338
CLUBS FIVE HEARTS TEN,0.6452,0.017,0.3378
SPADES ACE HEARTS FOUR,0.4006,0.0052,0.5942
SPADES ACE DIAMONDS ACE,0.1446,0.0028,0.8526
CLUBS FIVE HEARTS ACE,0.394,0.0032,0.6028
CLUBS FIVE HEARTS KING,0.4034,0.0066,0.59
HEARTS FOUR SPADES QUEEN,0.407,0.0118,0.5812
SPADES QUEEN DIAMONDS ACE,0.3238,0.0036,0.6726
SPADES FOUR CLUBS JACK,0.4828,0.3066,0.2106
CLUBS FIVE HEARTS QUEEN,0.3972,0.0124,0.5904
SPADES KING DIAMONDS ACE,0.3254,0.0046,0.67
HEARTS FOUR SPADES KING,0.403,0.0076,0.5894
CLUBS TEN SPADES FOUR,0.6436,0.0166,0.3398
DIAMONDS QUEEN DIAMONDS ACE,0.3038,0.0022,0.694
HEARTS TWO DIAMONDS ACE,0.4016,0.0054,0.593
HEARTS FOUR DIAMONDS QUEEN,0.409,0.0106,0.5804
HEARTS FOUR HEARTS TWO,0.5976,0.0204,0.382
DIAMONDS THREE HEARTS TEN,0.6426,0.0172,0.3402
SPADES FOUR CLUBS KING,0.4024,0.0094,0.5882
HEARTS FIVE DIAMONDS QUEEN,0.3858,0.0114,0.6028
HEARTS FIVE HEARTS TWO,0.591,0.0176,0.3914
DIAMONDS THREE HEARTS JACK,0.4908,0.2894,0.2198
SPADES FOUR CLUBS QUEEN,0.3998,0.0114,0.5888
DIAMONDS QUEEN HEARTS TWO,0.4136,0.0132,0.5732
DIAMONDS KING DIAMONDS QUEEN,0.309,0.0062,0.6848
DIAMONDS KING HEARTS TWO,0.4124,0.0068,0.5808
HEARTS THREE DIAMONDS QUEEN,0.4172,0.0098,0.573
HEARTS THREE HEARTS TWO,0.5912,0.0192,0.3896
SPADES FOUR CLUBS ACE,0.402,0.006,0.592
HEARTS TWO CLUBS ACE,0.4,0.0058,0.5942
DIAMONDS QUEEN CLUBS ACE,0.3336,0.004,0.6624
HEARTS TWO CLUBS QUEEN,0.415,0.0116,0.5734
DIAMONDS QUEEN CLUBS QUEEN,0.1578,0.0106,0.8316
HEARTS TWO CLUBS KING,0.408,0.0068,0.5852
DIAMONDS QUEEN CLUBS KING,0.3298,0.0082,0.662
SPADES EIGHT SPADES FIVE,0.588,0.0188,0.3932
CLUBS TEN HEARTS TWO,0.6392,0.018,0.3428
CLUBS TEN DIAMONDS QUEEN,0.3348,0.0096,0.6556
SPADES NINE SPADES FIVE,0.5936,0.0144,0.392
HEARTS TWO CLUBS JACK,0.4734,0.3008,0.2258
DIAMONDS QUEEN CLUBS JACK,0.2104,0.0448,0.7448
SPADES SIX SPADES FIVE,0.5758,0.0196,0.4046
SPADES SEVEN SPADES FIVE,0.647,0.0584,0.2946
DIAMONDS FIVE CLUBS QUEEN,0.4042,0.0106,0.5852
SPADES EIGHT CLUBS ACE,0.362,0.0038,0.6342
DIAMONDS FIVE CLUBS KING,0.4054,0.0072,0.5874
SPADES EIGHT CLUBS KING,0.3706,0.0082,0.6212
CLUBS ACE DIAMONDS FIVE,0.394,0.005,0.601
SPADES EIGHT CLUBS QUEEN,0.3536,0.0112,0.6352
SPADES EIGHT CLUBS JACK,0.2162,0.2296,0.5542
CLUBS TEN SPADES EIGHT,0.5758,0.0124,0.4118
CLUBS TEN DIAMONDS FIVE,0.6482,0.0162,0.3356
DIAMONDS FIVE CLUBS JACK,0.4778,0.2826,0.2396
HEARTS JACK DIAMONDS TEN,0.2242,0.119,0.6568
DIAMONDS TEN HEARTS TEN,0.2912,0.0172,0.6916
SPADES ACE CLUBS NINE,0.3476,0.003,0.6494
CLUBS NINE SPADES QUEEN,0.339,0.0106,0.6504
CLUBS NINE SPADES KING,0.3506,0.0068,0.6426
HEARTS SIX HEARTS KING,0.3794,0.0062,0.6144
DIAMONDS KING SPADES SEVEN,0.254,0.0374,0.7086
HEARTS THREE SPADES SEVEN,0.701,0.0606,0.2384
SPADES KING DIAMONDS SEVEN,0.2514,0.0398,0.7088
HEARTS SIX HEARTS QUEEN,0.388,0.0114,0.6006
DIAMONDS KING SPADES SIX,0.406,0.008,0.586
HEARTS THREE SPADES SIX,0.638,0.0182,0.3438
SPADES QUEEN DIAMONDS SEVEN,0.2476,0.0442,0.7082
SPADES NINE DIAMONDS KING,0.3578,0.008,0.6342
HEARTS THREE SPADES NINE,0.6436,0.0174,0.339
HEARTS SIX HEARTS ACE,0.3768,0.0034,0.6198
DIAMONDS KING SPADES EIGHT,0.375,0.0056,0.6194
HEARTS THREE SPADES EIGHT,0.6456,0.0182,0.3362
