opposingHand,winningChance,drawChance,lostChance
SPADES SEVEN DIAMONDS SIX
HEARTS FIVE SPADES TEN,0.4168,0.0328,0.5504
HEARTS FIVE SPADES JACK,0.4052,0.0214,0.5734
SPADES FIVE CLUBS JACK,0.4348,0.0158,0.5494
CLUBS TEN SPADES FIVE,0.4198,0.0284,0.5518
CLUBS EIGHT CLUBS JACK,0.3516,0.0154,0.633
CLUBS TEN CLUBS EIGHT,0.3282,0.027,0.6448
CLUBS EIGHT CLUBS KING,0.3474,0.0062,0.6464
SPADES FIVE CLUBS ACE,0.4262,0.0048,0.569
CLUBS EIGHT CLUBS QUEEN,0.3428,0.0122,0.645
SPADES FIVE CLUBS KING,0.4232,0.0086,0.5682
SPADES FIVE CLUBS QUEEN,0.4164,0.0112,0.5724
CLUBS EIGHT CLUBS ACE,0.349,0.0038,0.6472
DIAMONDS TWO DIAMONDS THREE,0.5594,0.0938,0.3468
DIAMONDS TWO DIAMONDS FIVE,0.5734,0.0896,0.337
HEARTS FIVE SPADES KING,0.4294,0.0076,0.563
DIAMONDS TWO DIAMONDS FOUR,0.5536,0.0882,0.3582
HEARTS FIVE SPADES QUEEN,0.4218,0.0108,0.5674
DIAMONDS TWO DIAMONDS SEVEN,0.3818,0.3722,0.246
SPADES ACE HEARTS FIVE,0.4296,0.0028,0.5676
DIAMONDS TWO DIAMONDS NINE,0.4094,0.0422,0.5484
DIAMONDS TWO DIAMONDS EIGHT,0.4244,0.0632,0.5124
DIAMONDS THREE DIAMONDS FOUR,0.5484,0.0984,0.3532
SPADES FOUR CLUBS TWO,0.5816,0.1028,0.3156
DIAMONDS THREE DIAMONDS FIVE,0.5538,0.0968,0.3494
SPADES FIVE CLUBS TWO,0.5816,0.1092,0.3092
CLUBS TWO SPADES TWO,0.4012,0.1164,0.4824
CLUBS TWO SPADES THREE,0.5806,0.0994,0.32
DIAMONDS THREE DIAMONDS EIGHT,0.407,0.0674,0.5256
SPADES EIGHT CLUBS TWO,0.4454,0.0596,0.495
DIAMONDS THREE DIAMONDS NINE,0.4108,0.0424,0.5468
SPADES NINE CLUBS TWO,0.4306,0.0414,0.528
SPADES SIX CLUBS TWO,0.5942,0.203,0.2028
DIAMONDS THREE DIAMONDS SEVEN,0.39,0.3504,0.2596
CLUBS SIX CLUBS TWO,0.5516,0.181,0.2674
CLUBS SEVEN CLUBS TWO,0.3882,0.3492,0.2626
CLUBS FOUR CLUBS TWO,0.544,0.097,0.359
CLUBS FIVE CLUBS TWO,0.5492,0.0912,0.3596
CLUBS TEN CLUBS JACK,0.333,0.013,0.654
CLUBS TEN CLUBS QUEEN,0.3308,0.0108,0.6584
DIAMONDS FOUR DIAMONDS SEVEN,0.3968,0.3542,0.249
CLUBS TEN CLUBS KING,0.347,0.0054,0.6476
CLUBS TEN CLUBS ACE,0.3446,0.0034,0.652
CLUBS EIGHT CLUBS TWO,0.4146,0.0544,0.531
DIAMONDS FIVE DIAMONDS FOUR,0.5418,0.094,0.3642
CLUBS NINE CLUBS TWO,0.4036,0.0368,0.5596
DIAMONDS NINE DIAMONDS FOUR,0.411,0.0452,0.5438
DIAMONDS FOUR DIAMONDS EIGHT,0.399,0.061,0.54
CLUBS THREE CLUBS TWO,0.543,0.0882,0.3688
DIAMONDS NINE DIAMONDS FIVE,0.399,0.0418,0.5592
DIAMONDS TWO CLUBS JACK,0.4416,0.0168,0.5416
DIAMONDS FIVE DIAMONDS EIGHT,0.3786,0.0688,0.5526
CLUBS TEN DIAMONDS TWO,0.4532,0.028,0.5188
DIAMONDS FIVE DIAMONDS SEVEN,0.371,0.3694,0.2596
DIAMONDS TWO CLUBS ACE,0.4114,0.0032,0.5854
DIAMONDS TWO CLUBS KING,0.4374,0.009,0.5536
DIAMONDS TWO CLUBS QUEEN,0.4298,0.0142,0.556
HEARTS ACE SPADES THREE,0.4246,0.0068,0.5686
SPADES THREE HEARTS KING,0.4502,0.0074,0.5424
SPADES THREE HEARTS QUEEN,0.4414,0.012,0.5466
SPADES THREE HEARTS JACK,0.4294,0.0204,0.5502
SPADES THREE HEARTS TEN,0.4288,0.0346,0.5366
DIAMONDS EIGHT DIAMONDS SEVEN,0.2378,0.1426,0.6196
DIAMONDS NINE DIAMONDS SEVEN,0.2522,0.1072,0.6406
DIAMONDS NINE DIAMONDS EIGHT,0.3356,0.0362,0.6282
DIAMONDS KING HEARTS TEN,0.3624,0.0068,0.6308
HEARTS THREE HEARTS TEN,0.4068,0.0282,0.565
SPADES JACK CLUBS SIX,0.2826,0.0568,0.6606
DIAMONDS KING HEARTS JACK,0.3654,0.0074,0.6272
HEARTS THREE HEARTS JACK,0.3996,0.019,0.5814
SPADES TEN CLUBS SIX,0.27,0.0776,0.6524
SPADES JACK SPADES FIVE,0.4042,0.0192,0.5766
SPADES TEN SPADES FIVE,0.4062,0.0264,0.5674
DIAMONDS KING HEARTS ACE,0.3718,0.0042,0.624
HEARTS THREE HEARTS ACE,0.4058,0.0048,0.5894
SPADES ACE CLUBS SIX,0.2832,0.0196,0.6972
DIAMONDS KING HEARTS QUEEN,0.3816,0.0062,0.6122
HEARTS THREE HEARTS QUEEN,0.4014,0.012,0.5866
SPADES KING CLUBS SIX,0.2948,0.0318,0.6734
DIAMONDS KING HEARTS KING,0.1958,0.0182,0.786
HEARTS THREE HEARTS KING,0.4066,0.008,0.5854
SPADES QUEEN CLUBS SIX,0.2844,0.0408,0.6748
SPADES NINE HEARTS TEN,0.3552,0.0236,0.6212
SPADES NINE HEARTS JACK,0.359,0.0134,0.6276
SPADES QUEEN SPADES FIVE,0.4112,0.0124,0.5764
SPADES KING SPADES FIVE,0.3988,0.0062,0.595
SPADES ACE SPADES FIVE,0.3954,0.0048,0.5998
SPADES NINE HEARTS QUEEN,0.3722,0.008,0.6198
SPADES NINE HEARTS KING,0.37,0.0084,0.6216
SPADES NINE HEARTS ACE,0.3652,0.0028,0.632
CLUBS TEN SPADES JACK,0.3404,0.0124,0.6472
CLUBS TEN SPADES TEN,0.1774,0.0574,0.7652
SPADES ACE CLUBS TEN,0.3656,0.0054,0.629
SPADES KING CLUBS TEN,0.3652,0.0084,0.6264
CLUBS TEN SPADES QUEEN,0.3592,0.0062,0.6346
SPADES FIVE HEARTS QUEEN,0.4294,0.013,0.5576
SPADES FIVE HEARTS KING,0.4262,0.0082,0.5656
SPADES FIVE HEARTS ACE,0.42,0.004,0.576
CLUBS EIGHT SPADES TEN,0.3512,0.0244,0.6244
SPADES JACK HEARTS THREE,0.4332,0.0234,0.5434
SPADES JACK DIAMONDS KING,0.3542,0.0058,0.64
SPADES TEN DIAMONDS KING,0.3674,0.0072,0.6254
SPADES TEN HEARTS THREE,0.4356,0.03,0.5344
SPADES JACK CLUBS EIGHT,0.3554,0.0204,0.6242
CLUBS SIX HEARTS ACE,0.3078,0.0226,0.6696
SPADES ACE CLUBS EIGHT,0.36,0.0046,0.6354
HEARTS FIVE CLUBS JACK,0.4118,0.0164,0.5718
HEARTS FIVE CLUBS TEN,0.4242,0.0268,0.549
CLUBS SIX HEARTS QUEEN,0.2942,0.0482,0.6576
SPADES QUEEN CLUBS EIGHT,0.373,0.011,0.616
CLUBS TEN SPADES THREE,0.438,0.0262,0.5358
CLUBS SIX HEARTS KING,0.3048,0.0314,0.6638
SPADES KING CLUBS EIGHT,0.3658,0.0062,0.628
SPADES THREE CLUBS JACK,0.4376,0.0204,0.542
DIAMONDS TWO HEARTS JACK,0.4372,0.021,0.5418
SPADES THREE CLUBS QUEEN,0.432,0.0108,0.5572
DIAMONDS TWO HEARTS TEN,0.4436,0.0284,0.528
SPADES THREE CLUBS KING,0.4448,0.0098,0.5454
HEARTS FIVE CLUBS ACE,0.4202,0.0022,0.5776
SPADES FIVE HEARTS TEN,0.44,0.0298,0.5302
SPADES THREE CLUBS ACE,0.4252,0.0034,0.5714
HEARTS FIVE CLUBS KING,0.4164,0.0058,0.5778
SPADES FIVE HEARTS JACK,0.418,0.0192,0.5628
HEARTS FIVE CLUBS QUEEN,0.4262,0.011,0.5628
HEARTS THREE CLUBS KING,0.4396,0.006,0.5544
DIAMONDS KING CLUBS KING,0.1806,0.0144,0.805
HEARTS THREE CLUBS QUEEN,0.4206,0.0134,0.566
DIAMONDS KING CLUBS QUEEN,0.3714,0.0052,0.6234
HEARTS FIVE HEARTS JACK,0.3888,0.0222,0.589
HEARTS FIVE HEARTS TEN,0.3998,0.0292,0.571
HEARTS THREE CLUBS ACE,0.4366,0.0052,0.5582
DIAMONDS KING CLUBS ACE,0.3728,0.0026,0.6246
SPADES ACE CLUBS QUEEN,0.3702,0.0036,0.6262
SPADES KING CLUBS QUEEN,0.3734,0.0064,0.6202
HEARTS THREE CLUBS JACK,0.4446,0.0138,0.5416
DIAMONDS KING CLUBS JACK,0.37,0.0066,0.6234
SPADES QUEEN CLUBS QUEEN,0.1874,0.031,0.7816
CLUBS TEN HEARTS THREE,0.4262,0.0256,0.5482
CLUBS TEN DIAMONDS KING,0.362,0.0074,0.6306
SPADES JACK CLUBS QUEEN,0.3568,0.0114,0.6318
CLUBS SIX CLUBS QUEEN,0.275,0.0442,0.6808
SPADES TEN CLUBS QUEEN,0.3746,0.0092,0.6162
CLUBS SIX CLUBS KING,0.2658,0.0338,0.7004
CLUBS SIX CLUBS ACE,0.2772,0.0192,0.7036
HEARTS FIVE HEARTS KING,0.4006,0.0112,0.5882
HEARTS FIVE HEARTS QUEEN,0.3806,0.014,0.6054
CLUBS TEN CLUBS SIX,0.2696,0.0728,0.6576
HEARTS FIVE HEARTS ACE,0.387,0.004,0.609
CLUBS SIX CLUBS JACK,0.2726,0.0574,0.67
DIAMONDS TWO CLUBS TWO,0.406,0.1024,0.4916
DIAMONDS TWO CLUBS THREE,0.5854,0.099,0.3156
DIAMONDS TWO HEARTS SIX,0.5972,0.1912,0.2116
DIAMONDS TWO HEARTS QUEEN,0.431,0.0122,0.5568
HEARTS SEVEN DIAMONDS TWO,0.4172,0.3796,0.2032
DIAMONDS TWO HEARTS KING,0.437,0.0088,0.5542
DIAMONDS TWO HEARTS EIGHT,0.434,0.0628,0.5032
DIAMONDS TWO HEARTS ACE,0.415,0.0038,0.5812
DIAMONDS TWO HEARTS NINE,0.4334,0.0444,0.5222
DIAMONDS TWO DIAMONDS QUEEN,0.4036,0.0138,0.5826
DIAMONDS TWO HEARTS TWO,0.4066,0.1056,0.4878
DIAMONDS TWO DIAMONDS KING,0.4196,0.0078,0.5726
DIAMONDS TWO HEARTS THREE,0.593,0.098,0.309
DIAMONDS TWO DIAMONDS ACE,0.3906,0.0048,0.6046
HEARTS FOUR DIAMONDS TWO,0.5754,0.0972,0.3274
HEARTS FIVE DIAMONDS TWO,0.5866,0.0918,0.3216
DIAMONDS TWO DIAMONDS TEN,0.42,0.0266,0.5534
DIAMONDS TWO DIAMONDS JACK,0.4096,0.0188,0.5716
DIAMONDS TWO SPADES NINE,0.4256,0.043,0.5314
DIAMONDS TWO SPADES EIGHT,0.4306,0.063,0.5064
DIAMONDS TWO SPADES SIX,0.5992,0.2064,0.1944
DIAMONDS TWO SPADES FIVE,0.5948,0.1008,0.3044
DIAMONDS TWO SPADES FOUR,0.5884,0.0976,0.314
DIAMONDS TWO SPADES THREE,0.5746,0.1006,0.3248
DIAMONDS TWO SPADES TWO,0.416,0.1068,0.4772
CLUBS NINE DIAMONDS TWO,0.4422,0.0498,0.508
DIAMONDS TWO CLUBS EIGHT,0.4364,0.0606,0.503
CLUBS SEVEN DIAMONDS TWO,0.4156,0.3786,0.2058
DIAMONDS TWO CLUBS SIX,0.5946,0.1964,0.209
DIAMONDS TWO CLUBS FIVE,0.5844,0.1022,0.3134
DIAMONDS TWO CLUBS FOUR,0.586,0.098,0.316
CLUBS FOUR SPADES FIVE,0.5732,0.096,0.3308
CLUBS FOUR SPADES FOUR,0.4084,0.1028,0.4888
CLUBS FOUR SPADES THREE,0.5764,0.1082,0.3154
CLUBS FOUR SPADES TWO,0.572,0.0992,0.3288
SPADES NINE CLUBS FOUR,0.414,0.04,0.546
SPADES EIGHT CLUBS FOUR,0.412,0.0638,0.5242
SPADES SIX CLUBS FOUR,0.5706,0.199,0.2304
SPADES QUEEN SPADES TWO,0.4144,0.0154,0.5702
SPADES KING SPADES TWO,0.4164,0.0096,0.574
SPADES ACE SPADES TWO,0.3984,0.0052,0.5964
DIAMONDS JACK CLUBS JACK,0.1844,0.0422,0.7734
CLUBS TEN DIAMONDS JACK,0.3452,0.014,0.6408
DIAMONDS JACK CLUBS KING,0.364,0.0058,0.6302
DIAMONDS JACK CLUBS QUEEN,0.35,0.01,0.64
DIAMONDS THREE DIAMONDS JACK,0.4168,0.0172,0.566
DIAMONDS THREE DIAMONDS TEN,0.406,0.0334,0.5606
DIAMONDS JACK CLUBS ACE,0.3504,0.0026,0.647
DIAMONDS THREE DIAMONDS KING,0.4118,0.0058,0.5824
DIAMONDS THREE HEARTS THREE,0.4088,0.1032,0.488
DIAMONDS THREE DIAMONDS QUEEN,0.4072,0.0136,0.5792
DIAMONDS THREE HEARTS TWO,0.5872,0.0962,0.3166
HEARTS FIVE DIAMONDS THREE,0.58,0.0956,0.3244
DIAMONDS THREE DIAMONDS ACE,0.391,0.0048,0.6042
HEARTS FOUR DIAMONDS THREE,0.5644,0.1044,0.3312
HEARTS SEVEN DIAMONDS THREE,0.422,0.369,0.209
SPADES TEN SPADES NINE,0.3402,0.024,0.6358
HEARTS SIX DIAMONDS THREE,0.582,0.197,0.221
SPADES JACK SPADES NINE,0.3404,0.0168,0.6428
DIAMONDS THREE HEARTS NINE,0.43,0.043,0.527
HEARTS JACK DIAMONDS FOUR,0.4238,0.0238,0.5524
HEARTS ACE HEARTS KING,0.3588,0.0042,0.637
SPADES TEN SPADES TWO,0.4062,0.029,0.5648
DIAMONDS THREE HEARTS EIGHT,0.4322,0.0684,0.4994
HEARTS TEN DIAMONDS FOUR,0.4292,0.0274,0.5434
SPADES JACK SPADES TWO,0.4076,0.0174,0.575
HEARTS QUEEN DIAMONDS FOUR,0.4292,0.0108,0.56
HEARTS KING DIAMONDS FOUR,0.4336,0.0066,0.5598
SPADES ACE SPADES NINE,0.352,0.0028,0.6452
HEARTS ACE DIAMONDS FOUR,0.4196,0.0042,0.5762
SPADES KING SPADES NINE,0.3544,0.0066,0.639
SPADES QUEEN SPADES NINE,0.3524,0.0112,0.6364
DIAMONDS THREE SPADES NINE,0.4312,0.04,0.5288
DIAMONDS THREE SPADES EIGHT,0.4368,0.0654,0.4978
DIAMONDS THREE SPADES SIX,0.5796,0.1948,0.2256
DIAMONDS THREE CLUBS SIX,0.5806,0.1886,0.2308
CLUBS FIVE CLUBS SIX,0.5442,0.1884,0.2674
CLUBS ACE DIAMONDS FOUR,0.4232,0.004,0.5728
CLUBS SEVEN DIAMONDS THREE,0.4178,0.3684,0.2138
CLUBS SEVEN CLUBS FIVE,0.3734,0.3616,0.265
DIAMONDS THREE CLUBS FOUR,0.5804,0.0922,0.3274
DIAMONDS FOUR CLUBS QUEEN,0.4228,0.0128,0.5644
DIAMONDS THREE CLUBS FIVE,0.5712,0.1002,0.3286
CLUBS KING DIAMONDS FOUR,0.4234,0.0062,0.5704
DIAMONDS THREE CLUBS TWO,0.5792,0.0936,0.3272
CLUBS TEN DIAMONDS FOUR,0.4186,0.0236,0.5578
DIAMONDS THREE CLUBS THREE,0.3982,0.1088,0.493
DIAMONDS FOUR CLUBS JACK,0.425,0.0158,0.5592
DIAMONDS THREE SPADES FOUR,0.5878,0.0874,0.3248
DIAMONDS THREE SPADES FIVE,0.5764,0.1016,0.322
DIAMONDS THREE SPADES TWO,0.5998,0.0998,0.3004
DIAMONDS THREE SPADES THREE,0.4032,0.1034,0.4934
CLUBS EIGHT DIAMONDS THREE,0.4332,0.0634,0.5034
CLUBS NINE DIAMONDS THREE,0.4376,0.0398,0.5226
CLUBS FIVE SPADES SIX,0.5586,0.1984,0.243
CLUBS FIVE SPADES NINE,0.404,0.0452,0.5508
CLUBS FIVE SPADES EIGHT,0.4018,0.0726,0.5256
CLUBS FIVE SPADES THREE,0.5756,0.0972,0.3272
CLUBS FIVE SPADES TWO,0.5858,0.0952,0.319
CLUBS FIVE SPADES FIVE,0.3736,0.1078,0.5186
CLUBS FIVE SPADES FOUR,0.5536,0.099,0.3474
CLUBS NINE CLUBS FIVE,0.3966,0.0408,0.5626
CLUBS EIGHT CLUBS FIVE,0.3838,0.0668,0.5494
CLUBS ACE CLUBS QUEEN,0.3418,0.0038,0.6544
CLUBS KING CLUBS QUEEN,0.3436,0.0068,0.6496
DIAMONDS TEN DIAMONDS FOUR,0.4082,0.0268,0.565
CLUBS TEN DIAMONDS NINE,0.3458,0.0228,0.6314
DIAMONDS JACK DIAMONDS FOUR,0.4066,0.0156,0.5778
DIAMONDS NINE CLUBS JACK,0.3596,0.0162,0.6242
SPADES NINE CLUBS JACK,0.3598,0.0186,0.6216
CLUBS TEN SPADES NINE,0.3482,0.022,0.6298
DIAMONDS ACE DIAMONDS FOUR,0.396,0.0054,0.5986
HEARTS FOUR DIAMONDS FOUR,0.3906,0.102,0.5074
DIAMONDS JACK HEARTS TEN,0.3412,0.0138,0.645
SPADES NINE CLUBS KING,0.3604,0.0076,0.632
DIAMONDS TWO SPADES TEN,0.4426,0.0284,0.529
DIAMONDS NINE CLUBS ACE,0.384,0.004,0.612
HEARTS FIVE DIAMONDS FOUR,0.5652,0.0962,0.3386
DIAMONDS JACK HEARTS JACK,0.1794,0.0424,0.7782
SPADES NINE CLUBS QUEEN,0.3734,0.0094,0.6172
DIAMONDS TWO SPADES JACK,0.4352,0.0186,0.5462
DIAMONDS QUEEN DIAMONDS FOUR,0.4016,0.0126,0.5858
HEARTS TWO DIAMONDS FOUR,0.5776,0.1014,0.321
DIAMONDS NINE CLUBS QUEEN,0.3678,0.0082,0.624
DIAMONDS KING DIAMONDS FOUR,0.428,0.0088,0.5632
HEARTS THREE DIAMONDS FOUR,0.5734,0.106,0.3206
SPADES NINE CLUBS ACE,0.3622,0.0032,0.6346
DIAMONDS NINE CLUBS KING,0.3772,0.005,0.6178
HEARTS ACE DIAMONDS JACK,0.3712,0.0038,0.625
SPADES ACE DIAMONDS TWO,0.4122,0.0054,0.5824
HEARTS QUEEN DIAMONDS JACK,0.3582,0.0104,0.6314
SPADES QUEEN DIAMONDS TWO,0.4324,0.0186,0.549
HEARTS KING DIAMONDS JACK,0.3668,0.0052,0.628
SPADES KING DIAMONDS TWO,0.4448,0.0094,0.5458
CLUBS SEVEN CLUBS THREE,0.3988,0.3526,0.2486
CLUBS SIX CLUBS THREE,0.538,0.1872,0.2748
CLUBS FIVE CLUBS THREE,0.5338,0.091,0.3752
CLUBS THREE CLUBS FOUR,0.5264,0.0898,0.3838
CLUBS NINE CLUBS THREE,0.4128,0.0432,0.544
CLUBS EIGHT CLUBS THREE,0.4204,0.0586,0.521
CLUBS THREE SPADES FIVE,0.5754,0.099,0.3256
CLUBS THREE SPADES FOUR,0.5698,0.099,0.3312
CLUBS THREE SPADES THREE,0.3972,0.109,0.4938
CLUBS THREE SPADES TWO,0.5944,0.0964,0.3092
CLUBS THREE SPADES SIX,0.5724,0.1964,0.2312
SPADES EIGHT CLUBS THREE,0.4324,0.0668,0.5008
SPADES NINE CLUBS THREE,0.4312,0.0438,0.525
SPADES TWO DIAMONDS FOUR,0.5964,0.1012,0.3024
SPADES THREE DIAMONDS FOUR,0.5894,0.096,0.3146
SPADES FOUR DIAMONDS FOUR,0.3894,0.1094,0.5012
SPADES FIVE DIAMONDS FOUR,0.578,0.096,0.326
SPADES SIX DIAMONDS FOUR,0.5672,0.1938,0.239
SPADES EIGHT DIAMONDS FOUR,0.4174,0.0618,0.5208
SPADES NINE DIAMONDS FOUR,0.4308,0.041,0.5282
CLUBS FIVE DIAMONDS FOUR,0.5804,0.0918,0.3278
CLUBS FOUR DIAMONDS FOUR,0.3918,0.106,0.5022
CLUBS SEVEN DIAMONDS FOUR,0.4036,0.3848,0.2116
CLUBS SIX DIAMONDS FOUR,0.5718,0.1988,0.2294
CLUBS NINE DIAMONDS FOUR,0.4318,0.0454,0.5228
CLUBS EIGHT DIAMONDS FOUR,0.427,0.0708,0.5022
HEARTS SEVEN DIAMONDS FOUR,0.4126,0.3716,0.2158
HEARTS SIX DIAMONDS FOUR,0.5734,0.1958,0.2308
DIAMONDS FOUR HEARTS NINE,0.4336,0.0422,0.5242
DIAMONDS FOUR HEARTS EIGHT,0.4152,0.0662,0.5186
CLUBS THREE DIAMONDS FOUR,0.5776,0.1052,0.3172
CLUBS TWO DIAMONDS FOUR,0.5944,0.0976,0.308
DIAMONDS TEN DIAMONDS FIVE,0.4048,0.026,0.5692
DIAMONDS JACK DIAMONDS FIVE,0.4016,0.0182,0.5802
DIAMONDS NINE HEARTS QUEEN,0.3716,0.0084,0.62
DIAMONDS NINE HEARTS KING,0.3762,0.0052,0.6186
HEARTS ACE DIAMONDS NINE,0.377,0.0044,0.6186
DIAMONDS NINE HEARTS TEN,0.3288,0.025,0.6462
DIAMONDS NINE HEARTS JACK,0.3546,0.0158,0.6296
SPADES KING DIAMONDS FOUR,0.4272,0.0074,0.5654
SPADES QUEEN DIAMONDS FOUR,0.4258,0.0136,0.5606
SPADES ACE DIAMONDS FOUR,0.4212,0.0044,0.5744
CLUBS NINE CLUBS FOUR,0.4148,0.0344,0.5508
CLUBS EIGHT CLUBS FOUR,0.3944,0.0554,0.5502
SPADES JACK DIAMONDS FOUR,0.4208,0.0226,0.5566
SPADES TEN DIAMONDS FOUR,0.4238,0.0296,0.5466
CLUBS FIVE CLUBS FOUR,0.5274,0.0874,0.3852
CLUBS SEVEN CLUBS FOUR,0.3828,0.3556,0.2616
CLUBS SIX CLUBS FOUR,0.5352,0.1858,0.279
CLUBS SEVEN SPADES EIGHT,0.2372,0.1336,0.6292
CLUBS SEVEN SPADES NINE,0.2556,0.1122,0.6322
CLUBS SEVEN SPADES SIX,0.0182,0.972,0.0098
CLUBS SEVEN SPADES FIVE,0.4058,0.3804,0.2138
CLUBS SEVEN SPADES FOUR,0.413,0.3758,0.2112
CLUBS SEVEN SPADES THREE,0.4084,0.3772,0.2144
CLUBS SEVEN SPADES TWO,0.4182,0.3718,0.21
CLUBS NINE CLUBS SEVEN,0.2446,0.0996,0.6558
CLUBS SEVEN CLUBS EIGHT,0.2444,0.1416,0.614
HEARTS SIX DIAMONDS FIVE,0.5668,0.197,0.2362
HEARTS SEVEN DIAMONDS FIVE,0.401,0.3802,0.2188
DIAMONDS FIVE HEARTS EIGHT,0.42,0.064,0.516
DIAMONDS FIVE HEARTS NINE,0.4216,0.041,0.5374
DIAMONDS QUEEN DIAMONDS FIVE,0.408,0.0132,0.5788
HEARTS TWO DIAMONDS FIVE,0.5834,0.1032,0.3134
HEARTS KING HEARTS EIGHT,0.3572,0.0072,0.6356
DIAMONDS KING DIAMONDS FIVE,0.3944,0.0096,0.596
HEARTS THREE DIAMONDS FIVE,0.5736,0.0966,0.3298
HEARTS QUEEN HEARTS EIGHT,0.3418,0.0102,0.648
DIAMONDS ACE DIAMONDS FIVE,0.3932,0.006,0.6008
HEARTS FOUR DIAMONDS FIVE,0.5692,0.089,0.3418
HEARTS FIVE DIAMONDS FIVE,0.3752,0.0994,0.5254
HEARTS ACE HEARTS EIGHT,0.3538,0.0046,0.6416
CLUBS FOUR DIAMONDS FIVE,0.5652,0.097,0.3378
CLUBS FIVE DIAMONDS FIVE,0.378,0.1062,0.5158
CLUBS SIX DIAMONDS FIVE,0.5612,0.206,0.2328
CLUBS SEVEN DIAMONDS FIVE,0.4062,0.38,0.2138
CLUBS TWO DIAMONDS FIVE,0.5968,0.0938,0.3094
CLUBS THREE DIAMONDS FIVE,0.5806,0.1028,0.3166
SPADES THREE DIAMONDS FIVE,0.59,0.0966,0.3134
SPADES TWO DIAMONDS FIVE,0.601,0.1006,0.2984
SPADES JACK DIAMONDS EIGHT,0.3582,0.017,0.6248
SPADES FIVE DIAMONDS FIVE,0.3884,0.1066,0.505
CLUBS TEN HEARTS JACK,0.355,0.0142,0.6308
SPADES TEN DIAMONDS EIGHT,0.3398,0.022,0.6382
SPADES FOUR DIAMONDS FIVE,0.5784,0.1004,0.3212
HEARTS JACK CLUBS JACK,0.1948,0.039,0.7662
HEARTS JACK CLUBS QUEEN,0.3582,0.0078,0.634
CLUBS NINE DIAMONDS FIVE,0.4234,0.0436,0.533
CLUBS KING HEARTS JACK,0.3728,0.006,0.6212
CLUBS EIGHT DIAMONDS FIVE,0.3976,0.063,0.5394
CLUBS ACE HEARTS JACK,0.3716,0.0024,0.626
SPADES KING DIAMONDS EIGHT,0.3756,0.0072,0.6172
SPADES SIX DIAMONDS FIVE,0.5656,0.1996,0.2348
SPADES QUEEN DIAMONDS EIGHT,0.3544,0.0132,0.6324
SPADES NINE DIAMONDS FIVE,0.4246,0.047,0.5284
SPADES EIGHT DIAMONDS FIVE,0.4026,0.0664,0.531
SPADES ACE DIAMONDS EIGHT,0.3566,0.0058,0.6376
HEARTS ACE DIAMONDS SEVEN,0.2782,0.0222,0.6996
HEARTS QUEEN DIAMONDS SEVEN,0.2696,0.0486,0.6818
HEARTS KING DIAMONDS SEVEN,0.2842,0.0356,0.6802
SPADES TWO HEARTS JACK,0.4466,0.0174,0.536
SPADES TWO HEARTS TEN,0.448,0.0268,0.5252
HEARTS TEN DIAMONDS SEVEN,0.264,0.0764,0.6596
HEARTS JACK DIAMONDS SEVEN,0.2624,0.0574,0.6802
DIAMONDS EIGHT CLUBS JACK,0.3514,0.0158,0.6328
CLUBS TEN DIAMONDS EIGHT,0.3436,0.0224,0.634
HEARTS ACE HEARTS JACK,0.3354,0.0044,0.6602
CLUBS ACE DIAMONDS EIGHT,0.3652,0.0052,0.6296
HEARTS QUEEN HEARTS JACK,0.327,0.0096,0.6634
CLUBS KING DIAMONDS EIGHT,0.3698,0.0084,0.6218
HEARTS KING HEARTS JACK,0.3564,0.0056,0.638
CLUBS QUEEN DIAMONDS EIGHT,0.3644,0.0116,0.624
SPADES TEN HEARTS KING,0.3704,0.0084,0.6212
HEARTS ACE SPADES TWO,0.4274,0.0054,0.5672
SPADES JACK HEARTS KING,0.3678,0.006,0.6262
HEARTS QUEEN SPADES TWO,0.4394,0.0136,0.547
SPADES ACE SPADES KING,0.3544,0.0068,0.6388
SPADES TWO HEARTS KING,0.4602,0.0076,0.5322
HEARTS TEN HEARTS EIGHT,0.337,0.0198,0.6432
HEARTS JACK HEARTS EIGHT,0.3374,0.0158,0.6468
SPADES KING HEARTS KING,0.1882,0.0198,0.792
SPADES QUEEN HEARTS KING,0.3704,0.0068,0.6228
CLUBS ACE CLUBS KING,0.3548,0.005,0.6402
SPADES ACE HEARTS KING,0.3766,0.005,0.6184
SPADES ACE HEARTS JACK,0.363,0.0036,0.6334
SPADES QUEEN HEARTS JACK,0.3326,0.01,0.6574
SPADES KING HEARTS JACK,0.3668,0.008,0.6252
SPADES TEN DIAMONDS TEN,0.1686,0.055,0.7764
SPADES JACK DIAMONDS TEN,0.3372,0.0168,0.646
SPADES ACE DIAMONDS TEN,0.3488,0.0048,0.6464
SPADES JACK HEARTS JACK,0.173,0.041,0.786
SPADES TEN HEARTS JACK,0.3418,0.0146,0.6436
SPADES QUEEN DIAMONDS TEN,0.345,0.0132,0.6418
SPADES KING DIAMONDS TEN,0.3574,0.0082,0.6344
SPADES NINE DIAMONDS SEVEN,0.2416,0.114,0.6444
SPADES EIGHT DIAMONDS SEVEN,0.2336,0.1528,0.6136
SPADES SIX DIAMONDS SEVEN,0.006,0.9856,0.0084
DIAMONDS KING DIAMONDS SEVEN,0.263,0.0342,0.7028
HEARTS THREE DIAMONDS SEVEN,0.4142,0.3734,0.2124
HEARTS KING DIAMONDS FIVE,0.4346,0.0096,0.5558
DIAMONDS QUEEN DIAMONDS SEVEN,0.2852,0.0464,0.6684
HEARTS TWO DIAMONDS SEVEN,0.4088,0.3736,0.2176
HEARTS QUEEN DIAMONDS FIVE,0.4324,0.014,0.5536
HEARTS FIVE DIAMONDS SEVEN,0.3844,0.3686,0.247
DIAMONDS ACE DIAMONDS SEVEN,0.2552,0.0264,0.7184
HEARTS FOUR DIAMONDS SEVEN,0.4038,0.3872,0.209
HEARTS ACE DIAMONDS FIVE,0.409,0.0026,0.5884
HEARTS SEVEN DIAMONDS SEVEN,0.1182,0.1038,0.778
HEARTS SIX DIAMONDS SEVEN,0.0112,0.9688,0.02
HEARTS NINE DIAMONDS SEVEN,0.263,0.1074,0.6296
HEARTS EIGHT DIAMONDS SEVEN,0.2464,0.142,0.6116
DIAMONDS JACK DIAMONDS SEVEN,0.2612,0.06,0.6788
DIAMONDS FIVE HEARTS JACK,0.4266,0.0214,0.552
DIAMONDS TEN DIAMONDS SEVEN,0.2646,0.0798,0.6556
HEARTS TEN DIAMONDS FIVE,0.4168,0.0294,0.5538
SPADES KING CLUBS TWO,0.429,0.0088,0.5622
HEARTS KING CLUBS KING,0.1998,0.0156,0.7846
CLUBS EIGHT DIAMONDS SEVEN,0.237,0.141,0.622
SPADES QUEEN CLUBS TWO,0.434,0.012,0.554
HEARTS KING CLUBS QUEEN,0.3796,0.0038,0.6166
CLUBS NINE DIAMONDS SEVEN,0.2592,0.1086,0.6322
SPADES TWO CLUBS JACK,0.4378,0.0186,0.5436
SPADES ACE CLUBS TWO,0.4244,0.005,0.5706
CLUBS TEN SPADES TWO,0.4498,0.0246,0.5256
HEARTS KING CLUBS ACE,0.3728,0.0034,0.6238
CLUBS SEVEN CLUBS SIX,0.023,0.9072,0.0698
SPADES TWO CLUBS KING,0.4404,0.0074,0.5522
SPADES TWO DIAMONDS SEVEN,0.4256,0.371,0.2034
CLUBS EIGHT CLUBS SIX,0.2414,0.1338,0.6248
SPADES THREE DIAMONDS SEVEN,0.4098,0.3876,0.2026
SPADES TWO CLUBS QUEEN,0.4508,0.011,0.5382
CLUBS NINE CLUBS SIX,0.259,0.0984,0.6426
SPADES FOUR DIAMONDS SEVEN,0.4046,0.3724,0.223
HEARTS KING CLUBS JACK,0.3598,0.0054,0.6348
SPADES FIVE DIAMONDS SEVEN,0.3808,0.3918,0.2274
SPADES TWO CLUBS ACE,0.4224,0.0036,0.574
CLUBS TEN HEARTS KING,0.3668,0.0062,0.627
CLUBS SIX SPADES TWO,0.59,0.2012,0.2088
CLUBS SIX SPADES THREE,0.5892,0.1886,0.2222
CLUBS TWO DIAMONDS SEVEN,0.4156,0.3804,0.204
CLUBS SIX SPADES FOUR,0.5576,0.1968,0.2456
CLUBS THREE DIAMONDS SEVEN,0.4074,0.381,0.2116
CLUBS SIX SPADES FIVE,0.5666,0.199,0.2344
CLUBS FOUR DIAMONDS SEVEN,0.4036,0.376,0.2204
CLUBS SIX SPADES SIX,0.2982,0.0826,0.6192
CLUBS FIVE DIAMONDS SEVEN,0.3908,0.3782,0.231
CLUBS SIX DIAMONDS SEVEN,0.0098,0.9722,0.018
CLUBS SIX SPADES EIGHT,0.2372,0.1472,0.6156
SPADES JACK CLUBS TWO,0.4354,0.0192,0.5454
CLUBS SEVEN DIAMONDS SEVEN,0.1296,0.1014,0.769
SPADES NINE CLUBS SIX,0.2744,0.1076,0.618
SPADES TEN CLUBS TWO,0.4384,0.0244,0.5372
CLUBS TWO CLUBS QUEEN,0.4034,0.0102,0.5864
CLUBS TWO CLUBS KING,0.4066,0.012,0.5814
CLUBS THREE DIAMONDS EIGHT,0.4384,0.0668,0.4948
CLUBS TWO CLUBS ACE,0.3974,0.0054,0.5972
CLUBS TWO DIAMONDS EIGHT,0.4504,0.0596,0.49
HEARTS SEVEN DIAMONDS EIGHT,0.2312,0.1442,0.6246
HEARTS SIX DIAMONDS EIGHT,0.2496,0.1414,0.609
DIAMONDS EIGHT HEARTS NINE,0.3362,0.046,0.6178
CLUBS TEN CLUBS TWO,0.4098,0.0284,0.5618
HEARTS EIGHT DIAMONDS EIGHT,0.1522,0.0932,0.7546
CLUBS TWO CLUBS JACK,0.4032,0.0194,0.5774
CLUBS NINE DIAMONDS EIGHT,0.3422,0.0362,0.6216
CLUBS EIGHT DIAMONDS EIGHT,0.154,0.0844,0.7616
CLUBS FIVE DIAMONDS EIGHT,0.3864,0.066,0.5476
SPADES ACE SPADES THREE,0.4014,0.006,0.5926
CLUBS FOUR DIAMONDS EIGHT,0.4214,0.0638,0.5148
CLUBS SEVEN DIAMONDS EIGHT,0.2354,0.144,0.6206
SPADES QUEEN SPADES THREE,0.4126,0.01,0.5774
CLUBS SIX DIAMONDS EIGHT,0.2468,0.1488,0.6044
SPADES KING SPADES THREE,0.4218,0.0076,0.5706
DIAMONDS QUEEN DIAMONDS EIGHT,0.3566,0.0092,0.6342
HEARTS TWO DIAMONDS EIGHT,0.436,0.0676,0.4964
DIAMONDS KING DIAMONDS EIGHT,0.3644,0.0066,0.629
HEARTS THREE DIAMONDS EIGHT,0.4178,0.0644,0.5178
DIAMONDS ACE DIAMONDS EIGHT,0.356,0.0042,0.6398
HEARTS FOUR DIAMONDS EIGHT,0.408,0.0706,0.5214
HEARTS FIVE DIAMONDS EIGHT,0.4164,0.059,0.5246
DIAMONDS TEN DIAMONDS EIGHT,0.3512,0.0264,0.6224
DIAMONDS JACK DIAMONDS EIGHT,0.3418,0.0164,0.6418
SPADES JACK SPADES THREE,0.4192,0.0182,0.5626
SPADES TEN SPADES THREE,0.414,0.0278,0.5582
CLUBS FOUR HEARTS ACE,0.4312,0.0036,0.5652
CLUBS FOUR HEARTS QUEEN,0.4452,0.0104,0.5444
CLUBS FOUR HEARTS KING,0.4328,0.007,0.5602
CLUBS SIX HEARTS TEN,0.2854,0.0744,0.6402
CLUBS SIX HEARTS JACK,0.294,0.0484,0.6576
SPADES FOUR DIAMONDS EIGHT,0.4152,0.0646,0.5202
SPADES FIVE DIAMONDS EIGHT,0.3888,0.0692,0.542
SPADES TWO DIAMONDS EIGHT,0.4396,0.0624,0.498
SPADES THREE DIAMONDS EIGHT,0.425,0.0656,0.5094
CLUBS FOUR HEARTS JACK,0.4344,0.0194,0.5462
SPADES EIGHT DIAMONDS EIGHT,0.1382,0.08,0.7818
SPADES TEN DIAMONDS QUEEN,0.3484,0.0108,0.6408
SPADES TEN HEARTS TWO,0.4382,0.0276,0.5342
SPADES JACK HEARTS EIGHT,0.3548,0.0188,0.6264
CLUBS FOUR HEARTS TEN,0.4318,0.0282,0.54
SPADES NINE DIAMONDS EIGHT,0.3164,0.0462,0.6374
SPADES TEN HEARTS EIGHT,0.3476,0.0262,0.6262
SPADES JACK HEARTS TWO,0.4328,0.016,0.5512
SPADES JACK DIAMONDS QUEEN,0.3414,0.0102,0.6484
SPADES SIX DIAMONDS EIGHT,0.246,0.1452,0.6088
SPADES ACE HEARTS TWO,0.412,0.0048,0.5832
SPADES ACE DIAMONDS QUEEN,0.3608,0.004,0.6352
SPADES ACE HEARTS EIGHT,0.3678,0.0024,0.6298
SPADES KING HEARTS EIGHT,0.3768,0.0074,0.6158
SPADES QUEEN HEARTS TWO,0.4242,0.014,0.5618
SPADES QUEEN DIAMONDS QUEEN,0.1742,0.0298,0.796
SPADES KING DIAMONDS QUEEN,0.355,0.0062,0.6388
SPADES KING HEARTS TWO,0.4394,0.0084,0.5522
SPADES QUEEN HEARTS EIGHT,0.3678,0.0082,0.624
CLUBS TWO HEARTS TEN,0.4478,0.027,0.5252
CLUBS TWO HEARTS JACK,0.451,0.0182,0.5308
SPADES SIX DIAMONDS NINE,0.2536,0.1012,0.6452
SPADES NINE DIAMONDS NINE,0.169,0.0696,0.7614
SPADES EIGHT DIAMONDS NINE,0.3394,0.0346,0.626
SPADES TEN CLUBS KING,0.3696,0.0072,0.6232
DIAMONDS NINE SPADES THREE,0.4366,0.042,0.5214
SPADES JACK CLUBS KING,0.3508,0.0072,0.642
DIAMONDS NINE SPADES TWO,0.425,0.0442,0.5308
SPADES FIVE DIAMONDS NINE,0.4054,0.0464,0.5482
SPADES FOUR DIAMONDS NINE,0.4142,0.0436,0.5422
CLUBS NINE DIAMONDS NINE,0.1656,0.0662,0.7682
CLUBS EIGHT DIAMONDS NINE,0.3314,0.0392,0.6294
CLUBS SIX DIAMONDS NINE,0.2596,0.098,0.6424
SPADES JACK CLUBS FOUR,0.4358,0.0172,0.547
CLUBS SEVEN DIAMONDS NINE,0.2598,0.1016,0.6386
SPADES TEN CLUBS FOUR,0.4272,0.0256,0.5472
CLUBS FOUR DIAMONDS NINE,0.4254,0.0424,0.5322
CLUBS FIVE DIAMONDS NINE,0.4208,0.0434,0.5358
CLUBS TWO DIAMONDS NINE,0.4228,0.0418,0.5354
CLUBS THREE DIAMONDS NINE,0.4426,0.0392,0.5182
DIAMONDS NINE HEARTS EIGHT,0.3354,0.0382,0.6264
DIAMONDS NINE HEARTS NINE,0.1574,0.0688,0.7738
HEARTS SIX DIAMONDS NINE,0.2568,0.1052,0.638
HEARTS SEVEN DIAMONDS NINE,0.266,0.1048,0.6292
CLUBS NINE CLUBS EIGHT,0.3216,0.0354,0.643
DIAMONDS ACE DIAMONDS NINE,0.3544,0.0044,0.6412
HEARTS FOUR DIAMONDS NINE,0.43,0.0422,0.5278
HEARTS FIVE DIAMONDS NINE,0.4224,0.041,0.5366
HEARTS ACE CLUBS TWO,0.4284,0.0044,0.5672
SPADES ACE CLUBS FOUR,0.4146,0.0046,0.5808
DIAMONDS NINE DIAMONDS QUEEN,0.3526,0.0102,0.6372
HEARTS TWO DIAMONDS NINE,0.4248,0.0418,0.5334
CLUBS TWO HEARTS KING,0.4322,0.009,0.5588
SPADES KING CLUBS FOUR,0.43,0.0088,0.5612
DIAMONDS KING DIAMONDS NINE,0.3552,0.0076,0.6372
HEARTS THREE DIAMONDS NINE,0.4266,0.0436,0.5298
CLUBS TWO HEARTS QUEEN,0.4476,0.0098,0.5426
SPADES QUEEN CLUBS FOUR,0.424,0.0126,0.5634
DIAMONDS NINE DIAMONDS JACK,0.3336,0.0182,0.6482
CLUBS EIGHT SPADES NINE,0.3274,0.04,0.6326
DIAMONDS TEN DIAMONDS NINE,0.3338,0.0212,0.645
CLUBS EIGHT SPADES EIGHT,0.1644,0.0858,0.7498
CLUBS EIGHT SPADES SIX,0.247,0.1418,0.6112
CLUBS EIGHT SPADES FIVE,0.4064,0.0584,0.5352
CLUBS EIGHT SPADES FOUR,0.4184,0.0644,0.5172
CLUBS EIGHT SPADES THREE,0.4222,0.0718,0.506
CLUBS EIGHT SPADES TWO,0.4366,0.0642,0.4992
HEARTS SIX DIAMONDS TEN,0.2756,0.0696,0.6548
HEARTS SEVEN DIAMONDS TEN,0.2686,0.0824,0.649
DIAMONDS TEN HEARTS EIGHT,0.3506,0.0232,0.6262
CLUBS FOUR CLUBS JACK,0.3966,0.0196,0.5838
DIAMONDS TEN HEARTS NINE,0.3462,0.0222,0.6316
CLUBS TEN CLUBS FOUR,0.4008,0.0262,0.573
CLUBS FOUR CLUBS KING,0.3968,0.0086,0.5946
CLUBS FOUR CLUBS QUEEN,0.4096,0.0096,0.5808
DIAMONDS TEN CLUBS TWO,0.4352,0.0284,0.5364
CLUBS THREE DIAMONDS TEN,0.4224,0.0266,0.551
CLUBS FOUR CLUBS ACE,0.4006,0.0064,0.593
DIAMONDS TEN DIAMONDS JACK,0.3274,0.0146,0.658
DIAMONDS TEN DIAMONDS QUEEN,0.3386,0.0096,0.6518
HEARTS TWO DIAMONDS TEN,0.4284,0.0314,0.5402
DIAMONDS KING DIAMONDS TEN,0.3446,0.0068,0.6486
HEARTS THREE DIAMONDS TEN,0.423,0.025,0.552
DIAMONDS ACE DIAMONDS TEN,0.3458,0.004,0.6502
HEARTS FOUR DIAMONDS TEN,0.4124,0.0276,0.56
CLUBS EIGHT HEARTS JACK,0.3602,0.0174,0.6224
HEARTS FIVE DIAMONDS TEN,0.4288,0.0252,0.546
CLUBS EIGHT HEARTS TEN,0.3484,0.0226,0.629
CLUBS EIGHT HEARTS QUEEN,0.3652,0.012,0.6228
CLUBS EIGHT HEARTS KING,0.3752,0.0096,0.6152
CLUBS EIGHT HEARTS ACE,0.353,0.0042,0.6428
CLUBS NINE SPADES THREE,0.4288,0.0424,0.5288
CLUBS NINE SPADES TWO,0.4496,0.0424,0.508
CLUBS NINE SPADES FIVE,0.4282,0.0416,0.5302
CLUBS NINE SPADES FOUR,0.4328,0.0388,0.5284
CLUBS NINE SPADES SIX,0.2678,0.0938,0.6384
CLUBS NINE SPADES NINE,0.1592,0.0708,0.77
CLUBS TEN HEARTS EIGHT,0.3598,0.023,0.6172
CLUBS NINE SPADES EIGHT,0.33,0.0408,0.6292
HEARTS EIGHT CLUBS JACK,0.3526,0.0142,0.6332
CLUBS QUEEN HEARTS EIGHT,0.3764,0.0096,0.614
CLUBS KING HEARTS EIGHT,0.3764,0.0072,0.6164
CLUBS ACE HEARTS EIGHT,0.3838,0.0016,0.6146
SPADES KING CLUBS KING,0.1902,0.0172,0.7926
SPADES QUEEN CLUBS KING,0.3678,0.0056,0.6266
SPADES ACE CLUBS KING,0.369,0.0038,0.6272
DIAMONDS ACE HEARTS TEN,0.3606,0.0024,0.637
HEARTS FOUR HEARTS TEN,0.4092,0.0252,0.5656
DIAMONDS ACE HEARTS JACK,0.3604,0.003,0.6366
HEARTS FOUR HEARTS JACK,0.3966,0.0202,0.5832
SPADES KING CLUBS FIVE,0.4302,0.008,0.5618
SPADES QUEEN CLUBS FIVE,0.4224,0.0122,0.5654
SPADES ACE CLUBS FIVE,0.4212,0.0038,0.575
HEARTS SEVEN DIAMONDS JACK,0.2602,0.0534,0.6864
HEARTS SIX DIAMONDS JACK,0.2826,0.053,0.6644
DIAMONDS JACK HEARTS NINE,0.359,0.016,0.625
DIAMONDS JACK HEARTS EIGHT,0.3488,0.017,0.6342
DIAMONDS KING DIAMONDS JACK,0.3512,0.0072,0.6416
HEARTS THREE DIAMONDS JACK,0.429,0.0198,0.5512
SPADES ACE SPADES SIX,0.2682,0.0222,0.7096
HEARTS ACE SPADES FOUR,0.4254,0.0052,0.5694
DIAMONDS QUEEN DIAMONDS JACK,0.3424,0.0086,0.649
HEARTS TWO DIAMONDS JACK,0.4316,0.0166,0.5518
HEARTS FIVE DIAMONDS JACK,0.4182,0.0188,0.563
SPADES QUEEN SPADES SIX,0.264,0.0472,0.6888
SPADES FOUR HEARTS QUEEN,0.4252,0.0152,0.5596
DIAMONDS ACE DIAMONDS JACK,0.346,0.005,0.649
HEARTS FOUR DIAMONDS JACK,0.4176,0.0186,0.5638
SPADES KING SPADES SIX,0.2826,0.0324,0.685
SPADES FOUR HEARTS KING,0.4334,0.0084,0.5582
SPADES TEN SPADES SIX,0.263,0.0728,0.6642
SPADES JACK SPADES SIX,0.2794,0.0566,0.664
SPADES FOUR DIAMONDS JACK,0.431,0.0184,0.5506
SPADES FIVE DIAMONDS JACK,0.419,0.0174,0.5636
SPADES TWO DIAMONDS JACK,0.4452,0.018,0.5368
SPADES THREE DIAMONDS JACK,0.4332,0.0198,0.547
SPADES ACE DIAMONDS THREE,0.413,0.0056,0.5814
SPADES QUEEN DIAMONDS THREE,0.4348,0.0156,0.5496
CLUBS EIGHT DIAMONDS JACK,0.348,0.0162,0.6358
SPADES KING DIAMONDS THREE,0.4406,0.0098,0.5496
CLUBS NINE DIAMONDS JACK,0.343,0.0172,0.6398
CLUBS SIX DIAMONDS JACK,0.28,0.0538,0.6662
CLUBS SEVEN DIAMONDS JACK,0.2584,0.065,0.6766
CLUBS FOUR DIAMONDS JACK,0.4018,0.0184,0.5798
CLUBS FIVE DIAMONDS JACK,0.4214,0.0206,0.558
CLUBS TWO DIAMONDS JACK,0.434,0.0186,0.5474
CLUBS THREE DIAMONDS JACK,0.4216,0.0164,0.562
SPADES TEN CLUBS FIVE,0.4234,0.03,0.5466
SPADES JACK HEARTS SIX,0.293,0.0582,0.6488
HEARTS SIX SPADES TEN,0.2762,0.078,0.6458
SPADES JACK CLUBS FIVE,0.4218,0.0214,0.5568
SPADES JACK DIAMONDS THREE,0.4436,0.0214,0.535
CLUBS SEVEN CLUBS ACE,0.2654,0.0212,0.7134
DIAMONDS THREE SPADES TEN,0.4354,0.029,0.5356
CLUBS SEVEN CLUBS QUEEN,0.2702,0.0456,0.6842
CLUBS SEVEN CLUBS KING,0.2696,0.0346,0.6958
SPADES NINE DIAMONDS JACK,0.3432,0.0202,0.6366
CLUBS TEN CLUBS SEVEN,0.249,0.0724,0.6786
DIAMONDS ACE HEARTS ACE,0.1838,0.0042,0.812
HEARTS FOUR HEARTS ACE,0.4078,0.004,0.5882
SPADES EIGHT DIAMONDS JACK,0.349,0.0168,0.6342
SPADES ACE HEARTS SIX,0.2732,0.021,0.7058
CLUBS SEVEN CLUBS JACK,0.252,0.0624,0.6856
DIAMONDS ACE HEARTS KING,0.3696,0.0028,0.6276
HEARTS FOUR HEARTS KING,0.393,0.011,0.596
SPADES KING HEARTS SIX,0.3008,0.0294,0.6698
DIAMONDS ACE HEARTS QUEEN,0.3826,0.003,0.6144
HEARTS FOUR HEARTS QUEEN,0.4096,0.007,0.5834
SPADES SIX DIAMONDS JACK,0.2816,0.0546,0.6638
SPADES QUEEN HEARTS SIX,0.2724,0.0472,0.6804
DIAMONDS TEN SPADES TWO,0.4402,0.0292,0.5306
DIAMONDS TEN SPADES THREE,0.4334,0.0296,0.537
DIAMONDS TEN SPADES FOUR,0.431,0.0314,0.5376
SPADES FIVE DIAMONDS TEN,0.4192,0.0362,0.5446
SPADES SIX DIAMONDS TEN,0.2792,0.0784,0.6424
SPADES EIGHT DIAMONDS TEN,0.358,0.0258,0.6162
SPADES NINE DIAMONDS TEN,0.3432,0.023,0.6338
CLUBS FOUR DIAMONDS TEN,0.4276,0.0268,0.5456
CLUBS FIVE DIAMONDS TEN,0.4248,0.0238,0.5514
CLUBS SIX DIAMONDS TEN,0.2832,0.0756,0.6412
CLUBS SEVEN DIAMONDS TEN,0.267,0.0804,0.6526
CLUBS EIGHT DIAMONDS TEN,0.3566,0.0268,0.6166
CLUBS NINE DIAMONDS TEN,0.3504,0.0242,0.6254
DIAMONDS THREE CLUBS JACK,0.4282,0.018,0.5538
CLUBS TEN DIAMONDS THREE,0.444,0.0266,0.5294
DIAMONDS THREE CLUBS KING,0.4336,0.0052,0.5612
DIAMONDS THREE CLUBS QUEEN,0.4378,0.011,0.5512
DIAMONDS THREE CLUBS ACE,0.4368,0.004,0.5592
SPADES FOUR HEARTS JACK,0.429,0.018,0.553
SPADES FOUR HEARTS TEN,0.4428,0.0254,0.5318
SPADES FIVE SPADES TWO,0.5516,0.1004,0.348
SPADES FOUR SPADES TWO,0.5572,0.1016,0.3412
SPADES THREE SPADES TWO,0.556,0.0924,0.3516
SPADES NINE SPADES TWO,0.4158,0.0394,0.5448
SPADES EIGHT SPADES TWO,0.4222,0.065,0.5128
SPADES SIX SPADES TWO,0.5704,0.1898,0.2398
CLUBS THREE DIAMONDS QUEEN,0.4308,0.0138,0.5554
CLUBS THREE HEARTS TWO,0.5882,0.0956,0.3162
CLUBS TWO DIAMONDS QUEEN,0.4328,0.0126,0.5546
HEARTS TWO CLUBS TWO,0.3944,0.1084,0.4972
HEARTS SEVEN DIAMONDS QUEEN,0.2846,0.042,0.6734
HEARTS SEVEN HEARTS TWO,0.3854,0.3568,0.2578
HEARTS SIX DIAMONDS QUEEN,0.2814,0.042,0.6766
HEARTS SIX HEARTS TWO,0.5428,0.1848,0.2724
DIAMONDS QUEEN HEARTS NINE,0.3668,0.0084,0.6248
HEARTS TWO HEARTS NINE,0.4006,0.0422,0.5572
DIAMONDS QUEEN HEARTS EIGHT,0.3686,0.01,0.6214
HEARTS TWO HEARTS EIGHT,0.4184,0.0602,0.5214
CLUBS NINE HEARTS TWO,0.4368,0.0394,0.5238
CLUBS NINE DIAMONDS QUEEN,0.3666,0.0102,0.6232
CLUBS EIGHT HEARTS TWO,0.4286,0.066,0.5054
CLUBS EIGHT DIAMONDS QUEEN,0.3728,0.0104,0.6168
CLUBS FIVE DIAMONDS QUEEN,0.418,0.0144,0.5676
CLUBS FIVE HEARTS TWO,0.581,0.104,0.315
SPADES EIGHT HEARTS ACE,0.3614,0.0026,0.636
CLUBS FOUR DIAMONDS QUEEN,0.4184,0.0124,0.5692
CLUBS FOUR HEARTS TWO,0.5818,0.0938,0.3244
CLUBS SEVEN DIAMONDS QUEEN,0.287,0.0408,0.6722
CLUBS SEVEN HEARTS TWO,0.4212,0.3624,0.2164
SPADES EIGHT HEARTS QUEEN,0.3612,0.0082,0.6306
CLUBS SIX DIAMONDS QUEEN,0.2794,0.046,0.6746
CLUBS SIX HEARTS TWO,0.5708,0.1952,0.234
SPADES EIGHT HEARTS KING,0.3772,0.0062,0.6166
SPADES SIX DIAMONDS QUEEN,0.2896,0.0464,0.664
SPADES SIX HEARTS TWO,0.5906,0.202,0.2074
HEARTS FOUR CLUBS QUEEN,0.429,0.0114,0.5596
DIAMONDS ACE CLUBS QUEEN,0.37,0.0036,0.6264
HEARTS FOUR CLUBS KING,0.43,0.0098,0.5602
DIAMONDS ACE CLUBS KING,0.3604,0.005,0.6346
SPADES EIGHT DIAMONDS QUEEN,0.3646,0.0088,0.6266
SPADES EIGHT HEARTS TWO,0.4204,0.0688,0.5108
HEARTS FOUR CLUBS ACE,0.411,0.0038,0.5852
DIAMONDS ACE CLUBS ACE,0.1802,0.0024,0.8174
SPADES NINE DIAMONDS QUEEN,0.3548,0.0138,0.6314
SPADES NINE HEARTS TWO,0.4284,0.0428,0.5288
HEARTS TWO SPADES TWO,0.4094,0.1076,0.483
DIAMONDS QUEEN SPADES TWO,0.4452,0.012,0.5428
HEARTS TWO SPADES THREE,0.5876,0.1084,0.304
SPADES THREE DIAMONDS QUEEN,0.4296,0.0168,0.5536
HEARTS TWO SPADES FOUR,0.601,0.0932,0.3058
SPADES FOUR DIAMONDS QUEEN,0.42,0.0122,0.5678
CLUBS TEN HEARTS FOUR,0.4426,0.026,0.5314
CLUBS TEN DIAMONDS ACE,0.3744,0.0046,0.621
HEARTS TWO SPADES FIVE,0.5796,0.096,0.3244
SPADES FIVE DIAMONDS QUEEN,0.4254,0.0116,0.563
HEARTS FOUR CLUBS JACK,0.4236,0.0172,0.5592
DIAMONDS ACE CLUBS JACK,0.368,0.004,0.628
CLUBS FIVE CLUBS KING,0.404,0.0064,0.5896
CLUBS FIVE CLUBS QUEEN,0.3922,0.0142,0.5936
CLUBS FIVE CLUBS ACE,0.3914,0.0048,0.6038
CLUBS FIVE CLUBS JACK,0.3794,0.0206,0.6
CLUBS TEN CLUBS FIVE,0.4114,0.0278,0.5608
SPADES KING CLUBS JACK,0.3604,0.006,0.6336
SPADES QUEEN CLUBS JACK,0.3472,0.01,0.6428
SPADES ACE CLUBS JACK,0.3572,0.0038,0.639
SPADES SIX CLUBS KING,0.304,0.0352,0.6608
SPADES SIX CLUBS QUEEN,0.2994,0.0448,0.6558
SPADES EIGHT HEARTS JACK,0.359,0.016,0.625
SPADES SIX CLUBS ACE,0.2898,0.0186,0.6916
SPADES EIGHT HEARTS TEN,0.3534,0.0248,0.6218
SPADES SIX CLUBS JACK,0.2894,0.0578,0.6528
CLUBS TEN SPADES SIX,0.2862,0.074,0.6398
SPADES TEN CLUBS JACK,0.3528,0.0144,0.6328
SPADES JACK CLUBS JACK,0.1814,0.0422,0.7764
SPADES QUEEN CLUBS SEVEN,0.2752,0.0436,0.6812
SPADES KING CLUBS SEVEN,0.2938,0.0408,0.6654
SPADES ACE CLUBS SEVEN,0.2794,0.025,0.6956
SPADES SIX HEARTS TEN,0.2776,0.073,0.6494
SPADES SIX HEARTS JACK,0.2936,0.0622,0.6442
SPADES SIX HEARTS ACE,0.306,0.0262,0.6678
SPADES SIX HEARTS KING,0.3062,0.0314,0.6624
SPADES SIX HEARTS QUEEN,0.2956,0.0448,0.6596
CLUBS SEVEN SPADES JACK,0.266,0.06,0.674
CLUBS SEVEN SPADES TEN,0.2626,0.0718,0.6656
CLUBS TEN HEARTS SIX,0.2766,0.072,0.6514
HEARTS SIX CLUBS JACK,0.2954,0.0494,0.6552
CLUBS ACE CLUBS JACK,0.333,0.003,0.664
HEARTS SIX CLUBS QUEEN,0.291,0.0418,0.6672
HEARTS SIX CLUBS KING,0.2962,0.0316,0.6722
HEARTS SIX CLUBS ACE,0.2942,0.0222,0.6836
CLUBS QUEEN CLUBS JACK,0.337,0.0108,0.6522
CLUBS KING CLUBS JACK,0.3394,0.0038,0.6568
DIAMONDS THREE HEARTS ACE,0.4214,0.004,0.5746
DIAMONDS THREE HEARTS QUEEN,0.4256,0.0124,0.562
DIAMONDS THREE HEARTS KING,0.452,0.0076,0.5404
CLUBS FIVE HEARTS JACK,0.4124,0.015,0.5726
SPADES TEN DIAMONDS ACE,0.3562,0.0044,0.6394
HEARTS FOUR SPADES TEN,0.4346,0.027,0.5384
CLUBS FIVE HEARTS TEN,0.4226,0.0198,0.5576
HEARTS FOUR SPADES JACK,0.4254,0.0192,0.5554
SPADES JACK DIAMONDS ACE,0.364,0.0052,0.6308
SPADES ACE HEARTS FOUR,0.4252,0.0038,0.571
SPADES ACE DIAMONDS ACE,0.1796,0.0046,0.8158
CLUBS FIVE HEARTS ACE,0.4148,0.0026,0.5826
CLUBS FIVE HEARTS KING,0.429,0.0056,0.5654
HEARTS FOUR SPADES QUEEN,0.434,0.0122,0.5538
SPADES QUEEN DIAMONDS ACE,0.359,0.0052,0.6358
SPADES FOUR CLUBS JACK,0.4324,0.0214,0.5462
CLUBS FIVE HEARTS QUEEN,0.4194,0.011,0.5696
SPADES KING DIAMONDS ACE,0.3596,0.0038,0.6366
SPADES KING HEARTS FOUR,0.4224,0.0086,0.569
CLUBS TEN SPADES FOUR,0.4294,0.0286,0.542
DIAMONDS ACE DIAMONDS QUEEN,0.3446,0.0048,0.6506
DIAMONDS ACE HEARTS TWO,0.4176,0.0044,0.578
HEARTS FOUR DIAMONDS QUEEN,0.4144,0.0148,0.5708
HEARTS FOUR HEARTS TWO,0.5404,0.0878,0.3718
DIAMONDS THREE HEARTS TEN,0.431,0.0272,0.5418
SPADES FOUR CLUBS KING,0.448,0.0074,0.5446
HEARTS FIVE DIAMONDS QUEEN,0.4214,0.0128,0.5658
HEARTS FIVE HEARTS TWO,0.5406,0.0954,0.364
DIAMONDS THREE HEARTS JACK,0.4344,0.0214,0.5442
SPADES FOUR CLUBS QUEEN,0.4298,0.0118,0.5584
HEARTS TWO DIAMONDS QUEEN,0.4382,0.0122,0.5496
DIAMONDS KING DIAMONDS QUEEN,0.361,0.0066,0.6324
DIAMONDS KING HEARTS TWO,0.433,0.0094,0.5576
HEARTS THREE DIAMONDS QUEEN,0.4398,0.0146,0.5456
HEARTS THREE HEARTS TWO,0.5428,0.0948,0.3624
SPADES FOUR CLUBS ACE,0.4304,0.0044,0.5652
HEARTS TWO CLUBS ACE,0.4164,0.0048,0.5788
DIAMONDS QUEEN CLUBS ACE,0.375,0.0038,0.6212
HEARTS TWO CLUBS QUEEN,0.4334,0.013,0.5536
DIAMONDS QUEEN CLUBS QUEEN,0.1838,0.0312,0.785
HEARTS TWO CLUBS KING,0.4394,0.0074,0.5532
DIAMONDS QUEEN CLUBS KING,0.3754,0.004,0.6206
SPADES EIGHT SPADES FIVE,0.3836,0.0654,0.551
CLUBS TEN HEARTS TWO,0.4476,0.0224,0.53
CLUBS TEN DIAMONDS QUEEN,0.3654,0.0106,0.624
SPADES NINE SPADES FIVE,0.3944,0.0456,0.56
HEARTS TWO CLUBS JACK,0.4216,0.0198,0.5586
DIAMONDS QUEEN CLUBS JACK,0.3466,0.0078,0.6456
SPADES SIX SPADES FIVE,0.5374,0.1898,0.2728
DIAMONDS FIVE CLUBS QUEEN,0.449,0.011,0.54
SPADES EIGHT CLUBS ACE,0.3686,0.0042,0.6272
DIAMONDS FIVE CLUBS KING,0.4324,0.007,0.5606
SPADES EIGHT CLUBS KING,0.3656,0.0042,0.6302
CLUBS ACE DIAMONDS FIVE,0.4102,0.0042,0.5856
SPADES EIGHT CLUBS QUEEN,0.3696,0.0096,0.6208
SPADES EIGHT CLUBS JACK,0.347,0.0186,0.6344
CLUBS TEN SPADES EIGHT,0.3598,0.0248,0.6154
CLUBS TEN DIAMONDS FIVE,0.418,0.0292,0.5528
DIAMONDS FIVE CLUBS JACK,0.4356,0.021,0.5434
DIAMONDS TEN HEARTS JACK,0.359,0.0122,0.6288
DIAMONDS TEN HEARTS TEN,0.1844,0.0556,0.76
SPADES ACE CLUBS NINE,0.3628,0.0044,0.6328
CLUBS NINE SPADES QUEEN,0.368,0.0106,0.6214
CLUBS NINE SPADES KING,0.363,0.0068,0.6302
HEARTS SIX HEARTS KING,0.2878,0.03,0.6822
SPADES KING DIAMONDS SEVEN,0.2698,0.0406,0.6896
HEARTS SIX HEARTS QUEEN,0.277,0.0468,0.6762
DIAMONDS KING SPADES SIX,0.2914,0.0316,0.677
HEARTS THREE SPADES SIX,0.581,0.1982,0.2208
SPADES QUEEN DIAMONDS SEVEN,0.27,0.0438,0.6862
SPADES NINE DIAMONDS KING,0.3648,0.0082,0.627
SPADES NINE HEARTS THREE,0.4314,0.0462,0.5224
HEARTS SIX HEARTS ACE,0.2712,0.023,0.7058
DIAMONDS KING SPADES EIGHT,0.3682,0.0076,0.6242
SPADES EIGHT HEARTS THREE,0.4274,0.0742,0.4984
SPADES ACE DIAMONDS SEVEN,0.275,0.025,0.7
CLUBS NINE HEARTS THREE,0.436,0.039,0.525
CLUBS NINE DIAMONDS KING,0.3682,0.0064,0.6254
CLUBS EIGHT HEARTS THREE,0.4426,0.0636,0.4938
CLUBS EIGHT DIAMONDS KING,0.3806,0.008,0.6114
HEARTS THREE SPADES THREE,0.3942,0.1088,0.497
DIAMONDS KING SPADES THREE,0.4342,0.008,0.5578
HEARTS THREE SPADES TWO,0.5816,0.1002,0.3182
DIAMONDS KING SPADES TWO,0.4372,0.009,0.5538
HEARTS THREE SPADES FIVE,0.5678,0.0932,0.339
DIAMONDS KING SPADES FIVE,0.426,0.0072,0.5668
HEARTS THREE SPADES FOUR,0.576,0.098,0.326
DIAMONDS KING SPADES FOUR,0.428,0.0092,0.5628
DIAMONDS KING CLUBS TWO,0.4348,0.0086,0.5566
HEARTS THREE CLUBS TWO,0.5706,0.0964,0.333
DIAMONDS KING CLUBS THREE,0.4264,0.0076,0.566
