opposingHand,winningChance,drawChance,lostChance
SPADES FOUR HEARTS JACK
HEARTS FIVE SPADES TEN,0.5872,0.0204,0.3924
SPADES JACK HEARTS FIVE,0.212,0.47,0.318
SPADES FIVE CLUBS JACK,0.2146,0.4672,0.3182
CLUBS TEN SPADES FIVE,0.5846,0.0176,0.3978
CLUBS EIGHT CLUBS JACK,0.2096,0.2124,0.578
CLUBS TEN CLUBS EIGHT,0.5176,0.0198,0.4626
CLUBS EIGHT CLUBS KING,0.3454,0.0088,0.6458
SPADES FIVE CLUBS ACE,0.3412,0.0048,0.654
CLUBS EIGHT CLUBS QUEEN,0.3294,0.0118,0.6588
SPADES FIVE CLUBS KING,0.3538,0.0082,0.638
SPADES FIVE CLUBS QUEEN,0.3524,0.0128,0.6348
CLUBS EIGHT CLUBS ACE,0.3412,0.0034,0.6554
DIAMONDS TWO DIAMONDS THREE,0.6048,0.0244,0.3708
DIAMONDS TWO DIAMONDS FIVE,0.565,0.0208,0.4142
SPADES KING HEARTS FIVE,0.3598,0.0082,0.632
DIAMONDS TWO DIAMONDS FOUR,0.645,0.0572,0.2978
SPADES QUEEN HEARTS FIVE,0.346,0.014,0.64
DIAMONDS TWO DIAMONDS SEVEN,0.588,0.0208,0.3912
DIAMONDS TWO DIAMONDS SIX,0.5976,0.021,0.3814
SPADES ACE HEARTS FIVE,0.3314,0.006,0.6626
DIAMONDS TWO DIAMONDS NINE,0.579,0.0188,0.4022
DIAMONDS TWO DIAMONDS EIGHT,0.5812,0.0198,0.399
DIAMONDS THREE DIAMONDS FOUR,0.6202,0.06,0.3198
DIAMONDS THREE DIAMONDS FIVE,0.554,0.0206,0.4254
SPADES FIVE CLUBS TWO,0.6056,0.0204,0.374
CLUBS TWO SPADES TWO,0.4144,0.053,0.5326
CLUBS TWO SPADES THREE,0.634,0.0212,0.3448
DIAMONDS THREE DIAMONDS EIGHT,0.5882,0.016,0.3958
SPADES EIGHT CLUBS TWO,0.624,0.0216,0.3544
DIAMONDS THREE DIAMONDS NINE,0.5774,0.0196,0.403
SPADES NINE CLUBS TWO,0.6326,0.0192,0.3482
DIAMONDS THREE DIAMONDS SIX,0.5666,0.0204,0.413
SPADES SIX CLUBS TWO,0.6184,0.0192,0.3624
DIAMONDS THREE DIAMONDS SEVEN,0.5666,0.0198,0.4136
SPADES SEVEN CLUBS TWO,0.6214,0.017,0.3616
CLUBS SIX CLUBS TWO,0.5858,0.021,0.3932
CLUBS SEVEN CLUBS TWO,0.597,0.022,0.381
CLUBS FOUR CLUBS TWO,0.6322,0.0598,0.308
CLUBS FIVE CLUBS TWO,0.5668,0.0182,0.415
CLUBS TEN CLUBS JACK,0.2216,0.1122,0.6662
DIAMONDS FOUR DIAMONDS SIX,0.6302,0.0612,0.3086
CLUBS TEN CLUBS QUEEN,0.3094,0.0096,0.681
DIAMONDS FOUR DIAMONDS SEVEN,0.6268,0.0546,0.3186
CLUBS TEN CLUBS KING,0.3242,0.0056,0.6702
CLUBS TEN CLUBS ACE,0.3284,0.0042,0.6674
CLUBS EIGHT CLUBS TWO,0.5798,0.0214,0.3988
DIAMONDS FIVE DIAMONDS FOUR,0.6062,0.0572,0.3366
CLUBS NINE CLUBS TWO,0.5794,0.0202,0.4004
DIAMONDS NINE DIAMONDS FOUR,0.6602,0.054,0.2858
DIAMONDS EIGHT DIAMONDS FOUR,0.6434,0.0614,0.2952
CLUBS THREE CLUBS TWO,0.5932,0.0186,0.3882
DIAMONDS NINE DIAMONDS FIVE,0.5428,0.0202,0.437
DIAMONDS TWO CLUBS JACK,0.2728,0.5152,0.212
DIAMONDS EIGHT DIAMONDS FIVE,0.5272,0.022,0.4508
CLUBS TEN DIAMONDS TWO,0.6198,0.0188,0.3614
DIAMONDS FIVE DIAMONDS SEVEN,0.5386,0.0198,0.4416
DIAMONDS FIVE DIAMONDS SIX,0.5276,0.0178,0.4546
DIAMONDS TWO CLUBS ACE,0.393,0.0042,0.6028
DIAMONDS TWO CLUBS KING,0.3896,0.0098,0.6006
DIAMONDS TWO CLUBS QUEEN,0.381,0.012,0.607
DIAMONDS EIGHT DIAMONDS SIX,0.5178,0.0182,0.464
DIAMONDS NINE DIAMONDS SIX,0.5254,0.015,0.4596
HEARTS ACE SPADES THREE,0.3864,0.0074,0.6062
SPADES THREE HEARTS KING,0.3888,0.0118,0.5994
DIAMONDS SEVEN DIAMONDS SIX,0.5318,0.017,0.4512
SPADES THREE HEARTS QUEEN,0.3894,0.0132,0.5974
SPADES THREE HEARTS TEN,0.6364,0.0194,0.3442
DIAMONDS EIGHT DIAMONDS SEVEN,0.514,0.0176,0.4684
DIAMONDS NINE DIAMONDS SEVEN,0.5166,0.017,0.4664
DIAMONDS NINE DIAMONDS EIGHT,0.506,0.0154,0.4786
DIAMONDS KING HEARTS TEN,0.3324,0.005,0.6626
HEARTS THREE HEARTS TEN,0.6014,0.0198,0.3788
SPADES JACK CLUBS SIX,0.22,0.3816,0.3984
SPADES TEN CLUBS SIX,0.5768,0.0146,0.4086
SPADES JACK SPADES FIVE,0.2028,0.4434,0.3538
SPADES TEN SPADES FIVE,0.5606,0.0198,0.4196
DIAMONDS KING HEARTS ACE,0.3154,0.0054,0.6792
HEARTS THREE HEARTS ACE,0.3626,0.0066,0.6308
SPADES ACE CLUBS SIX,0.358,0.0044,0.6376
DIAMONDS KING HEARTS QUEEN,0.3084,0.0058,0.6858
HEARTS THREE HEARTS QUEEN,0.3732,0.0122,0.6146
SPADES KING CLUBS SIX,0.3556,0.0098,0.6346
DIAMONDS KING HEARTS KING,0.1304,0.0072,0.8624
HEARTS THREE HEARTS KING,0.3746,0.0086,0.6168
SPADES QUEEN CLUBS SIX,0.3596,0.0112,0.6292
SPADES NINE HEARTS TEN,0.5276,0.0152,0.4572
SPADES QUEEN SPADES FIVE,0.3292,0.0124,0.6584
SPADES KING SPADES FIVE,0.3462,0.0072,0.6466
SPADES ACE SPADES FIVE,0.327,0.0044,0.6686
SPADES NINE HEARTS QUEEN,0.3354,0.0132,0.6514
SPADES NINE HEARTS KING,0.339,0.0056,0.6554
SPADES NINE HEARTS ACE,0.3496,0.0034,0.647
CLUBS TEN SPADES JACK,0.2332,0.1184,0.6484
CLUBS TEN SPADES TEN,0.2678,0.0232,0.709
SPADES ACE CLUBS TEN,0.3548,0.0052,0.64
SPADES KING CLUBS TEN,0.3348,0.007,0.6582
CLUBS TEN SPADES QUEEN,0.3218,0.0104,0.6678
SPADES FIVE HEARTS QUEEN,0.3526,0.0138,0.6336
SPADES FIVE HEARTS KING,0.3508,0.0088,0.6404
HEARTS ACE SPADES FIVE,0.3474,0.0054,0.6472
CLUBS EIGHT SPADES TEN,0.5528,0.0174,0.4298
HEARTS THREE SPADES JACK,0.2626,0.5298,0.2076
SPADES JACK DIAMONDS KING,0.2372,0.0344,0.7284
SPADES TEN DIAMONDS KING,0.3246,0.0056,0.6698
HEARTS THREE SPADES TEN,0.6254,0.0202,0.3544
SPADES JACK CLUBS EIGHT,0.2192,0.2262,0.5546
CLUBS SIX HEARTS ACE,0.358,0.0038,0.6382
SPADES ACE CLUBS EIGHT,0.3572,0.0044,0.6384
HEARTS FIVE CLUBS JACK,0.2186,0.4626,0.3188
CLUBS TEN HEARTS FIVE,0.58,0.0186,0.4014
CLUBS SIX HEARTS QUEEN,0.352,0.01,0.638
SPADES QUEEN CLUBS EIGHT,0.3528,0.0084,0.6388
CLUBS TEN SPADES THREE,0.6162,0.0192,0.3646
CLUBS SIX HEARTS KING,0.3638,0.005,0.6312
SPADES KING CLUBS EIGHT,0.3598,0.0062,0.634
SPADES THREE CLUBS JACK,0.2838,0.5114,0.2048
SPADES THREE CLUBS QUEEN,0.3816,0.0122,0.6062
DIAMONDS TWO HEARTS TEN,0.6168,0.0168,0.3664
SPADES THREE CLUBS KING,0.3956,0.0092,0.5952
HEARTS FIVE CLUBS ACE,0.3442,0.0052,0.6506
SPADES FIVE HEARTS TEN,0.6002,0.0184,0.3814
SPADES THREE CLUBS ACE,0.3738,0.005,0.6212
HEARTS FIVE CLUBS KING,0.3672,0.0078,0.625
HEARTS FIVE CLUBS QUEEN,0.3532,0.0128,0.634
HEARTS THREE CLUBS KING,0.3928,0.0078,0.5994
DIAMONDS KING CLUBS KING,0.1326,0.006,0.8614
HEARTS THREE CLUBS QUEEN,0.389,0.0142,0.5968
DIAMONDS KING CLUBS QUEEN,0.325,0.005,0.67
HEARTS FIVE HEARTS TEN,0.567,0.018,0.415
HEARTS THREE CLUBS ACE,0.3958,0.0048,0.5994
DIAMONDS KING CLUBS ACE,0.3264,0.0042,0.6694
SPADES ACE CLUBS QUEEN,0.3258,0.0032,0.671
SPADES KING CLUBS QUEEN,0.3096,0.0078,0.6826
HEARTS THREE CLUBS JACK,0.2622,0.526,0.2118
DIAMONDS KING CLUBS JACK,0.2388,0.0344,0.7268
SPADES QUEEN CLUBS QUEEN,0.1406,0.0106,0.8488
CLUBS TEN HEARTS THREE,0.6212,0.0196,0.3592
CLUBS TEN DIAMONDS KING,0.346,0.007,0.647
SPADES JACK CLUBS QUEEN,0.2304,0.0442,0.7254
CLUBS SIX CLUBS QUEEN,0.3582,0.0092,0.6326
SPADES TEN CLUBS QUEEN,0.3354,0.0098,0.6548
CLUBS SIX CLUBS KING,0.3444,0.0082,0.6474
CLUBS SIX CLUBS ACE,0.3554,0.0042,0.6404
HEARTS FIVE HEARTS KING,0.3286,0.0114,0.66
HEARTS FIVE HEARTS QUEEN,0.3402,0.0126,0.6472
CLUBS TEN CLUBS SIX,0.558,0.0182,0.4238
HEARTS FIVE HEARTS ACE,0.3346,0.007,0.6584
CLUBS SIX CLUBS JACK,0.2068,0.3652,0.428
SPADES SEVEN HEARTS TEN,0.5636,0.0172,0.4192
DIAMONDS TWO CLUBS TWO,0.4162,0.0534,0.5304
DIAMONDS TWO CLUBS THREE,0.636,0.021,0.343
HEARTS SIX DIAMONDS TWO,0.6234,0.0214,0.3552
DIAMONDS TWO HEARTS QUEEN,0.388,0.012,0.6
DIAMONDS TWO HEARTS SEVEN,0.624,0.0212,0.3548
DIAMONDS TWO HEARTS KING,0.3912,0.0086,0.6002
DIAMONDS TWO HEARTS EIGHT,0.6284,0.0212,0.3504
DIAMONDS TWO HEARTS ACE,0.3822,0.006,0.6118
DIAMONDS TWO HEARTS NINE,0.625,0.0204,0.3546
DIAMONDS TWO DIAMONDS QUEEN,0.378,0.013,0.609
DIAMONDS TWO HEARTS TWO,0.4052,0.052,0.5428
DIAMONDS TWO DIAMONDS KING,0.3826,0.0054,0.612
HEARTS THREE DIAMONDS TWO,0.6436,0.0212,0.3352
DIAMONDS TWO DIAMONDS ACE,0.3706,0.0046,0.6248
HEARTS FOUR DIAMONDS TWO,0.6842,0.072,0.2438
DIAMONDS TWO HEARTS FIVE,0.6098,0.023,0.3672
SPADES SEVEN HEARTS ACE,0.35,0.0056,0.6444
DIAMONDS TWO DIAMONDS TEN,0.585,0.014,0.401
SPADES SEVEN HEARTS KING,0.3714,0.0068,0.6218
DIAMONDS TWO DIAMONDS JACK,0.2556,0.4772,0.2672
SPADES SEVEN HEARTS QUEEN,0.3528,0.0112,0.636
DIAMONDS TWO SPADES NINE,0.6162,0.0186,0.3652
DIAMONDS TWO SPADES EIGHT,0.626,0.0192,0.3548
DIAMONDS TWO SPADES SEVEN,0.627,0.0216,0.3514
DIAMONDS TWO SPADES SIX,0.6368,0.0204,0.3428
DIAMONDS TWO SPADES FIVE,0.6068,0.02,0.3732
DIAMONDS TWO SPADES THREE,0.6476,0.0238,0.3286
DIAMONDS TWO SPADES TWO,0.4126,0.05,0.5374
CLUBS NINE DIAMONDS TWO,0.6136,0.0186,0.3678
DIAMONDS TWO CLUBS EIGHT,0.6246,0.0156,0.3598
CLUBS SEVEN DIAMONDS TWO,0.6192,0.0206,0.3602
DIAMONDS TWO CLUBS SIX,0.6304,0.02,0.3496
DIAMONDS TWO CLUBS FIVE,0.5956,0.0236,0.3808
DIAMONDS TWO CLUBS FOUR,0.6824,0.0626,0.255
CLUBS FOUR SPADES FIVE,0.6372,0.0648,0.298
CLUBS FOUR SPADES THREE,0.663,0.0664,0.2706
CLUBS FOUR SPADES TWO,0.6896,0.0616,0.2488
SPADES NINE CLUBS FOUR,0.6916,0.0586,0.2498
SPADES EIGHT CLUBS FOUR,0.6956,0.0524,0.252
SPADES SEVEN CLUBS FOUR,0.6588,0.059,0.2822
CLUBS FOUR SPADES SIX,0.673,0.0542,0.2728
SPADES ACE DIAMONDS SIX,0.3534,0.003,0.6436
SPADES QUEEN DIAMONDS SIX,0.3662,0.0116,0.6222
SPADES KING DIAMONDS SIX,0.3614,0.009,0.6296
SPADES TEN DIAMONDS SIX,0.5866,0.018,0.3954
SPADES JACK DIAMONDS SIX,0.2198,0.3934,0.3868
SPADES QUEEN SPADES TWO,0.3732,0.0126,0.6142
SPADES KING SPADES TWO,0.3684,0.0094,0.6222
SPADES ACE SPADES TWO,0.3668,0.0054,0.6278
DIAMONDS JACK CLUBS JACK,0.0898,0.0386,0.8716
CLUBS TEN DIAMONDS JACK,0.2434,0.1182,0.6384
DIAMONDS JACK CLUBS KING,0.2336,0.0376,0.7288
DIAMONDS JACK CLUBS QUEEN,0.231,0.0376,0.7314
DIAMONDS THREE DIAMONDS JACK,0.2566,0.4876,0.2558
DIAMONDS THREE DIAMONDS TEN,0.5856,0.018,0.3964
DIAMONDS JACK CLUBS ACE,0.2272,0.0196,0.7532
DIAMONDS THREE DIAMONDS KING,0.3678,0.0086,0.6236
HEARTS THREE DIAMONDS THREE,0.4092,0.0462,0.5446
DIAMONDS THREE DIAMONDS QUEEN,0.3656,0.0114,0.623
DIAMONDS THREE HEARTS TWO,0.6382,0.0194,0.3424
HEARTS FIVE DIAMONDS THREE,0.6106,0.0182,0.3712
DIAMONDS THREE DIAMONDS ACE,0.3574,0.0052,0.6374
HEARTS FOUR DIAMONDS THREE,0.6732,0.0598,0.267
DIAMONDS THREE HEARTS SEVEN,0.626,0.0164,0.3576
SPADES TEN SPADES NINE,0.5072,0.0152,0.4776
HEARTS SIX DIAMONDS THREE,0.6184,0.019,0.3626
SPADES JACK SPADES NINE,0.2252,0.1702,0.6046
DIAMONDS THREE HEARTS NINE,0.6254,0.0218,0.3528
HEARTS ACE HEARTS KING,0.3136,0.004,0.6824
SPADES TEN SPADES TWO,0.5874,0.0184,0.3942
DIAMONDS THREE HEARTS EIGHT,0.6354,0.018,0.3466
HEARTS TEN DIAMONDS FOUR,0.699,0.0658,0.2352
SPADES JACK SPADES TWO,0.2584,0.489,0.2526
HEARTS QUEEN DIAMONDS FOUR,0.224,0.0486,0.7274
HEARTS KING DIAMONDS FOUR,0.2416,0.0374,0.721
SPADES ACE SPADES NINE,0.3306,0.0046,0.6648
HEARTS ACE DIAMONDS FOUR,0.232,0.0252,0.7428
SPADES KING SPADES NINE,0.337,0.008,0.655
SPADES QUEEN SPADES NINE,0.3294,0.008,0.6626
DIAMONDS THREE SPADES NINE,0.6234,0.0178,0.3588
DIAMONDS THREE SPADES EIGHT,0.6272,0.0212,0.3516
DIAMONDS THREE SPADES SEVEN,0.6122,0.0188,0.369
DIAMONDS THREE SPADES SIX,0.6036,0.0226,0.3738
DIAMONDS THREE CLUBS SIX,0.6058,0.0202,0.374
CLUBS FIVE CLUBS SIX,0.5314,0.0198,0.4488
CLUBS ACE DIAMONDS FOUR,0.2422,0.027,0.7308
CLUBS SEVEN DIAMONDS THREE,0.6258,0.0224,0.3518
CLUBS SEVEN CLUBS FIVE,0.541,0.0176,0.4414
DIAMONDS THREE CLUBS FOUR,0.6834,0.0578,0.2588
DIAMONDS FOUR CLUBS QUEEN,0.2374,0.0432,0.7194
DIAMONDS THREE CLUBS FIVE,0.599,0.0202,0.3808
CLUBS KING DIAMONDS FOUR,0.241,0.0342,0.7248
DIAMONDS THREE CLUBS TWO,0.629,0.0228,0.3482
CLUBS TEN DIAMONDS FOUR,0.7028,0.0632,0.234
DIAMONDS THREE CLUBS THREE,0.4024,0.0426,0.555
DIAMONDS FOUR CLUBS JACK,0.0214,0.9602,0.0184
DIAMONDS THREE SPADES FIVE,0.5928,0.0188,0.3884
DIAMONDS THREE SPADES TWO,0.6326,0.02,0.3474
DIAMONDS THREE SPADES THREE,0.403,0.0542,0.5428
CLUBS EIGHT DIAMONDS THREE,0.628,0.0154,0.3566
CLUBS NINE DIAMONDS THREE,0.6154,0.0166,0.368
SPADES SEVEN CLUBS ACE,0.3594,0.007,0.6336
SPADES SEVEN CLUBS QUEEN,0.352,0.012,0.636
SPADES SEVEN CLUBS KING,0.3508,0.008,0.6412
CLUBS FIVE SPADES SEVEN,0.569,0.0184,0.4126
CLUBS TEN SPADES SEVEN,0.5576,0.0166,0.4258
CLUBS FIVE SPADES SIX,0.5542,0.022,0.4238
SPADES SEVEN CLUBS JACK,0.2194,0.3058,0.4748
CLUBS FIVE SPADES NINE,0.5586,0.018,0.4234
CLUBS FIVE SPADES EIGHT,0.5664,0.0164,0.4172
CLUBS FIVE SPADES THREE,0.597,0.0194,0.3836
CLUBS FIVE SPADES TWO,0.6228,0.0186,0.3586
CLUBS FIVE SPADES FIVE,0.3152,0.049,0.6358
CLUBS NINE CLUBS FIVE,0.5406,0.0176,0.4418
CLUBS EIGHT CLUBS FIVE,0.5302,0.0204,0.4494
CLUBS ACE CLUBS QUEEN,0.3032,0.0052,0.6916
CLUBS KING CLUBS QUEEN,0.3012,0.005,0.6938
DIAMONDS TEN DIAMONDS FOUR,0.6476,0.057,0.2954
CLUBS TEN DIAMONDS NINE,0.5318,0.0178,0.4504
DIAMONDS JACK DIAMONDS FOUR,0.0208,0.9094,0.0698
DIAMONDS NINE CLUBS JACK,0.2278,0.1592,0.613
SPADES NINE CLUBS JACK,0.2396,0.1628,0.5976
CLUBS TEN SPADES NINE,0.5316,0.017,0.4514
DIAMONDS ACE DIAMONDS FOUR,0.2284,0.021,0.7506
HEARTS FOUR DIAMONDS FOUR,0.2878,0.0436,0.6686
DIAMONDS JACK HEARTS TEN,0.2322,0.127,0.6408
SPADES NINE CLUBS KING,0.3432,0.005,0.6518
DIAMONDS TWO SPADES TEN,0.6288,0.0186,0.3526
DIAMONDS NINE CLUBS ACE,0.3584,0.004,0.6376
HEARTS FIVE DIAMONDS FOUR,0.6644,0.0578,0.2778
SPADES NINE CLUBS QUEEN,0.3288,0.0118,0.6594
DIAMONDS TWO SPADES JACK,0.262,0.5164,0.2216
DIAMONDS QUEEN DIAMONDS FOUR,0.2156,0.047,0.7374
HEARTS TWO DIAMONDS FOUR,0.6898,0.0638,0.2464
DIAMONDS NINE CLUBS QUEEN,0.3454,0.0096,0.645
DIAMONDS KING DIAMONDS FOUR,0.2296,0.0338,0.7366
HEARTS THREE DIAMONDS FOUR,0.6728,0.0562,0.271
SPADES NINE CLUBS ACE,0.3468,0.0032,0.65
DIAMONDS NINE CLUBS KING,0.3516,0.0062,0.6422
HEARTS ACE DIAMONDS JACK,0.2238,0.021,0.7552
SPADES ACE DIAMONDS TWO,0.3866,0.005,0.6084
HEARTS QUEEN DIAMONDS JACK,0.2252,0.038,0.7368
SPADES QUEEN DIAMONDS TWO,0.4042,0.012,0.5838
DIAMONDS JACK HEARTS KING,0.2376,0.033,0.7294
SPADES KING DIAMONDS TWO,0.3898,0.0098,0.6004
SPADES JACK SPADES SEVEN,0.2232,0.287,0.4898
SPADES TEN SPADES SEVEN,0.5324,0.0156,0.452
CLUBS SEVEN CLUBS THREE,0.5842,0.0184,0.3974
CLUBS SIX CLUBS THREE,0.5646,0.0146,0.4208
CLUBS FIVE CLUBS THREE,0.5656,0.018,0.4164
CLUBS THREE CLUBS FOUR,0.6296,0.0572,0.3132
CLUBS NINE CLUBS THREE,0.581,0.0144,0.4046
CLUBS EIGHT CLUBS THREE,0.5844,0.0152,0.4004
CLUBS THREE SPADES FIVE,0.5934,0.0232,0.3834
CLUBS THREE SPADES THREE,0.4088,0.0468,0.5444
CLUBS THREE SPADES TWO,0.6372,0.0218,0.341
CLUBS THREE SPADES SIX,0.609,0.0232,0.3678
CLUBS THREE SPADES SEVEN,0.6186,0.0176,0.3638
SPADES EIGHT CLUBS THREE,0.6314,0.0218,0.3468
SPADES NINE CLUBS THREE,0.6246,0.0198,0.3556
SPADES TWO DIAMONDS FOUR,0.6888,0.064,0.2472
SPADES THREE DIAMONDS FOUR,0.6706,0.0606,0.2688
SPADES FIVE DIAMONDS FOUR,0.6412,0.06,0.2988
SPADES SIX DIAMONDS FOUR,0.6624,0.0578,0.2798
SPADES SEVEN DIAMONDS FOUR,0.6846,0.0604,0.255
SPADES EIGHT DIAMONDS FOUR,0.6928,0.0576,0.2496
SPADES NINE DIAMONDS FOUR,0.707,0.0574,0.2356
CLUBS FIVE DIAMONDS FOUR,0.6454,0.06,0.2946
CLUBS FOUR DIAMONDS FOUR,0.2946,0.0402,0.6652
CLUBS SEVEN DIAMONDS FOUR,0.68,0.0552,0.2648
CLUBS SIX DIAMONDS FOUR,0.6838,0.049,0.2672
CLUBS NINE DIAMONDS FOUR,0.7042,0.0582,0.2376
CLUBS EIGHT DIAMONDS FOUR,0.6888,0.0534,0.2578
DIAMONDS FOUR HEARTS SEVEN,0.6816,0.0576,0.2608
HEARTS SIX DIAMONDS FOUR,0.6778,0.056,0.2662
HEARTS NINE DIAMONDS FOUR,0.7086,0.0628,0.2286
DIAMONDS FOUR HEARTS EIGHT,0.7004,0.054,0.2456
CLUBS THREE DIAMONDS FOUR,0.6568,0.0636,0.2796
CLUBS TWO DIAMONDS FOUR,0.6804,0.0626,0.257
DIAMONDS TEN DIAMONDS FIVE,0.556,0.0194,0.4246
DIAMONDS JACK DIAMONDS FIVE,0.2046,0.4446,0.3508
DIAMONDS NINE HEARTS QUEEN,0.3448,0.0116,0.6436
DIAMONDS NINE HEARTS KING,0.3402,0.0076,0.6522
HEARTS ACE DIAMONDS NINE,0.349,0.005,0.646
DIAMONDS NINE HEARTS TEN,0.534,0.0208,0.4452
CLUBS KING DIAMONDS SIX,0.376,0.0066,0.6174
CLUBS QUEEN DIAMONDS SIX,0.3674,0.0106,0.622
CLUBS ACE DIAMONDS SIX,0.3556,0.0034,0.641
SPADES KING DIAMONDS FOUR,0.2348,0.0332,0.732
SPADES ACE SPADES SEVEN,0.3444,0.004,0.6516
SPADES QUEEN DIAMONDS FOUR,0.2454,0.0466,0.708
SPADES QUEEN SPADES SEVEN,0.3526,0.0102,0.6372
CLUBS JACK DIAMONDS SIX,0.2336,0.3784,0.388
SPADES KING SPADES SEVEN,0.3388,0.0092,0.652
SPADES ACE DIAMONDS FOUR,0.2352,0.0236,0.7412
CLUBS TEN DIAMONDS SIX,0.5746,0.014,0.4114
CLUBS NINE CLUBS FOUR,0.657,0.0608,0.2822
CLUBS EIGHT CLUBS FOUR,0.6482,0.0598,0.292
SPADES JACK DIAMONDS FOUR,0.0082,0.973,0.0188
SPADES TEN DIAMONDS FOUR,0.6934,0.0662,0.2404
CLUBS FIVE CLUBS FOUR,0.6158,0.0568,0.3274
CLUBS SEVEN CLUBS FOUR,0.6216,0.055,0.3234
CLUBS SIX CLUBS FOUR,0.6172,0.06,0.3228
CLUBS SEVEN SPADES EIGHT,0.5524,0.02,0.4276
CLUBS SEVEN SPADES NINE,0.5452,0.019,0.4358
CLUBS SEVEN SPADES SIX,0.553,0.0226,0.4244
CLUBS SEVEN SPADES SEVEN,0.296,0.0412,0.6628
CLUBS SEVEN SPADES FIVE,0.5492,0.0172,0.4336
CLUBS SEVEN SPADES THREE,0.6192,0.0162,0.3646
CLUBS SEVEN SPADES TWO,0.6388,0.0194,0.3418
CLUBS NINE CLUBS SEVEN,0.5168,0.0182,0.465
CLUBS SEVEN CLUBS EIGHT,0.5218,0.0186,0.4596
HEARTS SIX DIAMONDS FIVE,0.563,0.0202,0.4168
DIAMONDS FIVE HEARTS SEVEN,0.5728,0.0222,0.405
DIAMONDS FIVE HEARTS EIGHT,0.5816,0.0154,0.403
HEARTS NINE DIAMONDS FIVE,0.5898,0.0198,0.3904
DIAMONDS QUEEN DIAMONDS FIVE,0.3342,0.0122,0.6536
HEARTS TWO DIAMONDS FIVE,0.6072,0.0174,0.3754
HEARTS KING HEARTS EIGHT,0.3596,0.0076,0.6328
DIAMONDS KING DIAMONDS FIVE,0.3426,0.0068,0.6506
HEARTS THREE DIAMONDS FIVE,0.5984,0.0238,0.3778
HEARTS QUEEN HEARTS EIGHT,0.3392,0.0108,0.65
DIAMONDS ACE DIAMONDS FIVE,0.3198,0.0054,0.6748
HEARTS FOUR DIAMONDS FIVE,0.6458,0.0648,0.2894
HEARTS FIVE DIAMONDS FIVE,0.3228,0.0438,0.6334
HEARTS ACE HEARTS EIGHT,0.3416,0.0052,0.6532
CLUBS FOUR DIAMONDS FIVE,0.6346,0.0574,0.308
CLUBS FIVE DIAMONDS FIVE,0.3122,0.0458,0.642
CLUBS SIX DIAMONDS FIVE,0.5658,0.0184,0.4158
CLUBS SEVEN DIAMONDS FIVE,0.5674,0.0208,0.4118
CLUBS TWO DIAMONDS FIVE,0.6118,0.0196,0.3686
CLUBS THREE DIAMONDS FIVE,0.6018,0.0232,0.375
SPADES THREE DIAMONDS FIVE,0.5992,0.0184,0.3824
SPADES TWO DIAMONDS FIVE,0.6152,0.0228,0.362
SPADES JACK DIAMONDS EIGHT,0.2262,0.2162,0.5576
SPADES FIVE DIAMONDS FIVE,0.3086,0.0444,0.647
SPADES TEN DIAMONDS EIGHT,0.557,0.0172,0.4258
CLUBS NINE DIAMONDS FIVE,0.5842,0.0142,0.4016
CLUBS EIGHT DIAMONDS FIVE,0.58,0.0196,0.4004
SPADES SEVEN DIAMONDS FIVE,0.5572,0.0196,0.4232
SPADES KING DIAMONDS EIGHT,0.3628,0.0102,0.627
SPADES QUEEN DIAMONDS EIGHT,0.3542,0.0118,0.634
SPADES SIX DIAMONDS FIVE,0.5488,0.0184,0.4328
SPADES NINE DIAMONDS FIVE,0.5866,0.0164,0.397
SPADES EIGHT DIAMONDS FIVE,0.5646,0.0198,0.4156
SPADES ACE DIAMONDS EIGHT,0.3462,0.0044,0.6494
DIAMONDS TEN DIAMONDS SIX,0.5486,0.0168,0.4346
HEARTS ACE DIAMONDS SEVEN,0.3554,0.0042,0.6404
DIAMONDS JACK DIAMONDS SIX,0.2034,0.3668,0.4298
HEARTS QUEEN DIAMONDS SEVEN,0.3628,0.0102,0.627
HEARTS KING DIAMONDS SEVEN,0.3612,0.0082,0.6306
DIAMONDS ACE DIAMONDS SIX,0.3502,0.0046,0.6452
HEARTS FOUR DIAMONDS SIX,0.6776,0.0564,0.266
HEARTS FIVE DIAMONDS SIX,0.5658,0.0208,0.4134
SPADES TWO HEARTS TEN,0.6284,0.0196,0.352
DIAMONDS QUEEN DIAMONDS SIX,0.3408,0.0092,0.65
HEARTS TWO DIAMONDS SIX,0.6162,0.019,0.3648
DIAMONDS KING DIAMONDS SIX,0.3484,0.0058,0.6458
HEARTS THREE DIAMONDS SIX,0.6078,0.022,0.3702
HEARTS EIGHT DIAMONDS SIX,0.5622,0.0182,0.4196
HEARTS NINE DIAMONDS SIX,0.5796,0.02,0.4004
HEARTS SIX DIAMONDS SIX,0.317,0.0424,0.6406
HEARTS SEVEN DIAMONDS SIX,0.5742,0.0204,0.4054
HEARTS TEN DIAMONDS SEVEN,0.563,0.0146,0.4224
CLUBS TWO DIAMONDS SIX,0.64,0.0184,0.3416
CLUBS THREE DIAMONDS SIX,0.6066,0.0184,0.375
CLUBS SEVEN DIAMONDS SIX,0.5592,0.0144,0.4264
DIAMONDS EIGHT CLUBS JACK,0.226,0.222,0.552
CLUBS SIX DIAMONDS SIX,0.3052,0.0388,0.656
CLUBS TEN DIAMONDS EIGHT,0.5552,0.0162,0.4286
CLUBS FIVE DIAMONDS SIX,0.5528,0.0184,0.4288
CLUBS FOUR DIAMONDS SIX,0.6632,0.0554,0.2814
DIAMONDS EIGHT CLUBS ACE,0.3514,0.0032,0.6454
DIAMONDS EIGHT CLUBS KING,0.3728,0.0086,0.6186
CLUBS NINE DIAMONDS SIX,0.5716,0.0146,0.4138
DIAMONDS EIGHT CLUBS QUEEN,0.3584,0.0098,0.6318
CLUBS EIGHT DIAMONDS SIX,0.5576,0.0156,0.4268
SPADES TEN HEARTS KING,0.319,0.0078,0.6732
SPADES FIVE DIAMONDS SIX,0.5576,0.018,0.4244
HEARTS ACE SPADES TWO,0.3788,0.005,0.6162
SPADES JACK HEARTS KING,0.2194,0.0368,0.7438
SPADES THREE DIAMONDS SIX,0.6234,0.0184,0.3582
HEARTS QUEEN SPADES TWO,0.3906,0.0126,0.5968
SPADES ACE SPADES KING,0.2952,0.0048,0.7
SPADES TWO HEARTS KING,0.3984,0.009,0.5926
SPADES TWO DIAMONDS SIX,0.6172,0.0202,0.3626
HEARTS TEN HEARTS EIGHT,0.5412,0.0202,0.4386
SPADES NINE DIAMONDS SIX,0.5656,0.0204,0.414
SPADES EIGHT DIAMONDS SIX,0.5716,0.0166,0.4118
SPADES SEVEN DIAMONDS SIX,0.5508,0.017,0.4322
SPADES SIX DIAMONDS SIX,0.2978,0.041,0.6612
SPADES KING HEARTS KING,0.1208,0.009,0.8702
SPADES QUEEN HEARTS KING,0.3154,0.0078,0.6768
CLUBS ACE CLUBS KING,0.302,0.0046,0.6934
SPADES ACE HEARTS KING,0.3184,0.005,0.6766
SPADES TEN DIAMONDS TEN,0.2764,0.0252,0.6984
SPADES JACK DIAMONDS TEN,0.2206,0.1216,0.6578
SPADES ACE DIAMONDS TEN,0.3394,0.0036,0.657
SPADES QUEEN DIAMONDS TEN,0.33,0.0106,0.6594
SPADES KING DIAMONDS TEN,0.333,0.0054,0.6616
SPADES NINE DIAMONDS SEVEN,0.5506,0.0194,0.43
SPADES EIGHT DIAMONDS SEVEN,0.556,0.0172,0.4268
SPADES SEVEN DIAMONDS SEVEN,0.284,0.0382,0.6778
SPADES SIX DIAMONDS SEVEN,0.5642,0.0168,0.419
DIAMONDS KING DIAMONDS SEVEN,0.3432,0.0072,0.6496
HEARTS THREE DIAMONDS SEVEN,0.6304,0.0216,0.348
HEARTS KING DIAMONDS FIVE,0.3606,0.0088,0.6306
DIAMONDS QUEEN DIAMONDS SEVEN,0.3356,0.01,0.6544
HEARTS TWO DIAMONDS SEVEN,0.6362,0.019,0.3448
HEARTS QUEEN DIAMONDS FIVE,0.3586,0.0106,0.6308
HEARTS FIVE DIAMONDS SEVEN,0.5752,0.018,0.4068
DIAMONDS ACE DIAMONDS SEVEN,0.3376,0.0028,0.6596
HEARTS FOUR DIAMONDS SEVEN,0.6776,0.0482,0.2742
HEARTS ACE DIAMONDS FIVE,0.3414,0.005,0.6536
HEARTS SEVEN DIAMONDS SEVEN,0.3094,0.0394,0.6512
HEARTS SIX DIAMONDS SEVEN,0.5514,0.0184,0.4302
HEARTS NINE DIAMONDS SEVEN,0.5554,0.0174,0.4272
DIAMONDS SEVEN HEARTS EIGHT,0.5516,0.0196,0.4288
DIAMONDS JACK DIAMONDS SEVEN,0.2216,0.2776,0.5008
DIAMONDS TEN DIAMONDS SEVEN,0.5366,0.016,0.4474
DIAMONDS FIVE HEARTS TEN,0.5796,0.0198,0.4006
SPADES KING CLUBS TWO,0.3966,0.0072,0.5962
HEARTS KING CLUBS KING,0.1264,0.0094,0.8642
CLUBS EIGHT DIAMONDS SEVEN,0.54,0.0176,0.4424
SPADES QUEEN CLUBS TWO,0.3894,0.013,0.5976
HEARTS KING CLUBS QUEEN,0.3074,0.0046,0.688
CLUBS NINE DIAMONDS SEVEN,0.5488,0.0214,0.4298
SPADES TWO CLUBS JACK,0.2556,0.5134,0.231
SPADES ACE CLUBS TWO,0.3888,0.0052,0.606
CLUBS TEN SPADES TWO,0.6286,0.0216,0.3498
HEARTS KING CLUBS ACE,0.3318,0.0034,0.6648
CLUBS SEVEN CLUBS SIX,0.52,0.018,0.462
SPADES TWO CLUBS KING,0.3908,0.009,0.6002
SPADES TWO DIAMONDS SEVEN,0.6388,0.0208,0.3404
CLUBS EIGHT CLUBS SIX,0.5192,0.0154,0.4654
SPADES THREE DIAMONDS SEVEN,0.6226,0.0218,0.3556
SPADES TWO CLUBS QUEEN,0.3934,0.0136,0.593
CLUBS NINE CLUBS SIX,0.517,0.0198,0.4632
HEARTS KING CLUBS JACK,0.231,0.0314,0.7376
SPADES FIVE DIAMONDS SEVEN,0.554,0.02,0.426
SPADES TWO CLUBS ACE,0.3798,0.0046,0.6156
CLUBS TEN HEARTS KING,0.3386,0.0074,0.654
CLUBS SIX SPADES TWO,0.6216,0.0206,0.3578
CLUBS SIX SPADES THREE,0.6076,0.0204,0.372
CLUBS TWO DIAMONDS SEVEN,0.6284,0.0186,0.353
CLUBS THREE DIAMONDS SEVEN,0.614,0.0184,0.3676
CLUBS SIX SPADES FIVE,0.537,0.0212,0.4418
CLUBS FOUR DIAMONDS SEVEN,0.668,0.0528,0.2792
CLUBS SIX SPADES SIX,0.3044,0.0442,0.6514
CLUBS FIVE DIAMONDS SEVEN,0.5686,0.019,0.4124
CLUBS SIX SPADES SEVEN,0.559,0.0212,0.4198
CLUBS SIX DIAMONDS SEVEN,0.5552,0.0156,0.4292
CLUBS SIX SPADES EIGHT,0.5574,0.0188,0.4238
SPADES JACK CLUBS TWO,0.2574,0.5224,0.2202
CLUBS SEVEN DIAMONDS SEVEN,0.304,0.0344,0.6616
SPADES NINE CLUBS SIX,0.5574,0.019,0.4236
SPADES TEN CLUBS TWO,0.628,0.0184,0.3536
CLUBS TWO CLUBS QUEEN,0.3588,0.013,0.6282
CLUBS TWO CLUBS KING,0.3748,0.0068,0.6184
CLUBS THREE DIAMONDS EIGHT,0.6188,0.0186,0.3626
CLUBS TWO CLUBS ACE,0.361,0.0052,0.6338
CLUBS TWO DIAMONDS EIGHT,0.6138,0.0194,0.3668
DIAMONDS EIGHT HEARTS SEVEN,0.553,0.0178,0.4292
HEARTS SIX DIAMONDS EIGHT,0.5684,0.0172,0.4144
DIAMONDS EIGHT HEARTS NINE,0.5408,0.0174,0.4418
CLUBS TEN CLUBS TWO,0.572,0.0174,0.4106
DIAMONDS EIGHT HEARTS EIGHT,0.3002,0.034,0.6658
CLUBS TWO CLUBS JACK,0.2512,0.493,0.2558
CLUBS NINE DIAMONDS EIGHT,0.5486,0.0206,0.4308
CLUBS EIGHT DIAMONDS EIGHT,0.3036,0.0314,0.665
CLUBS FIVE DIAMONDS EIGHT,0.565,0.0198,0.4152
SPADES ACE SPADES THREE,0.3688,0.006,0.6252
CLUBS FOUR DIAMONDS EIGHT,0.6902,0.0578,0.252
CLUBS SEVEN DIAMONDS EIGHT,0.5506,0.0158,0.4336
SPADES QUEEN SPADES THREE,0.3682,0.0096,0.6222
CLUBS SIX DIAMONDS EIGHT,0.577,0.019,0.404
SPADES KING SPADES THREE,0.3822,0.0072,0.6106
DIAMONDS QUEEN DIAMONDS EIGHT,0.3258,0.011,0.6632
HEARTS TWO DIAMONDS EIGHT,0.6134,0.0204,0.3662
DIAMONDS KING DIAMONDS EIGHT,0.341,0.0064,0.6526
HEARTS THREE DIAMONDS EIGHT,0.6212,0.0232,0.3556
DIAMONDS ACE DIAMONDS EIGHT,0.3362,0.0022,0.6616
HEARTS FOUR DIAMONDS EIGHT,0.6916,0.0582,0.2502
HEARTS FIVE DIAMONDS EIGHT,0.5818,0.0196,0.3986
DIAMONDS EIGHT DIAMONDS TEN,0.5238,0.0168,0.4594
DIAMONDS EIGHT DIAMONDS JACK,0.204,0.2182,0.5778
SPADES JACK SPADES THREE,0.2606,0.4916,0.2478
SPADES TEN SPADES THREE,0.5898,0.0202,0.39
CLUBS FOUR HEARTS ACE,0.2328,0.024,0.7432
CLUBS FOUR HEARTS QUEEN,0.2312,0.0526,0.7162
CLUBS FOUR HEARTS KING,0.2262,0.0366,0.7372
CLUBS SIX HEARTS TEN,0.5854,0.0192,0.3954
SPADES FIVE DIAMONDS EIGHT,0.576,0.0158,0.4082
DIAMONDS EIGHT SPADES TWO,0.6306,0.0196,0.3498
DIAMONDS EIGHT SPADES THREE,0.629,0.0212,0.3498
SPADES EIGHT DIAMONDS EIGHT,0.2882,0.0348,0.677
SPADES TEN DIAMONDS QUEEN,0.3282,0.009,0.6628
SPADES TEN HEARTS TWO,0.6252,0.0178,0.357
SPADES JACK HEARTS EIGHT,0.213,0.2254,0.5616
CLUBS FOUR HEARTS TEN,0.7056,0.0642,0.2302
SPADES NINE DIAMONDS EIGHT,0.5298,0.0222,0.448
SPADES TEN HEARTS EIGHT,0.5452,0.0152,0.4396
SPADES JACK HEARTS TWO,0.2618,0.5302,0.208
SPADES JACK DIAMONDS QUEEN,0.2214,0.046,0.7326
SPADES SIX DIAMONDS EIGHT,0.5574,0.019,0.4236
SPADES SEVEN DIAMONDS EIGHT,0.533,0.0168,0.4502
SPADES ACE HEARTS TWO,0.3756,0.0044,0.62
SPADES ACE DIAMONDS QUEEN,0.3222,0.0036,0.6742
SPADES ACE HEARTS EIGHT,0.3742,0.0036,0.6222
SPADES KING HEARTS EIGHT,0.3652,0.0058,0.629
SPADES QUEEN HEARTS TWO,0.3906,0.0144,0.595
SPADES QUEEN DIAMONDS QUEEN,0.1376,0.0092,0.8532
SPADES KING DIAMONDS QUEEN,0.3078,0.0076,0.6846
SPADES KING HEARTS TWO,0.3928,0.0106,0.5966
SPADES QUEEN HEARTS EIGHT,0.3566,0.0116,0.6318
CLUBS TWO HEARTS TEN,0.6264,0.0186,0.355
SPADES SEVEN DIAMONDS NINE,0.555,0.0192,0.4258
SPADES SIX DIAMONDS NINE,0.563,0.0178,0.4192
SPADES NINE DIAMONDS NINE,0.2898,0.0274,0.6828
SPADES EIGHT DIAMONDS NINE,0.539,0.0186,0.4424
SPADES TEN CLUBS KING,0.3462,0.0106,0.6432
DIAMONDS NINE SPADES THREE,0.6376,0.0194,0.343
SPADES JACK CLUBS KING,0.2234,0.034,0.7426
DIAMONDS NINE SPADES TWO,0.618,0.019,0.363
DIAMONDS NINE SPADES FIVE,0.5694,0.0196,0.411
CLUBS NINE DIAMONDS NINE,0.3046,0.0262,0.6692
CLUBS EIGHT DIAMONDS NINE,0.5388,0.0146,0.4466
CLUBS SIX DIAMONDS NINE,0.5588,0.018,0.4232
SPADES JACK CLUBS FOUR,0.0124,0.968,0.0196
CLUBS SEVEN DIAMONDS NINE,0.5378,0.0148,0.4474
SPADES TEN CLUBS FOUR,0.698,0.0642,0.2378
CLUBS FOUR DIAMONDS NINE,0.7014,0.0598,0.2388
CLUBS FIVE DIAMONDS NINE,0.587,0.0168,0.3962
DIAMONDS NINE CLUBS TWO,0.6268,0.0174,0.3558
CLUBS THREE DIAMONDS NINE,0.6288,0.0232,0.348
DIAMONDS NINE HEARTS EIGHT,0.535,0.0182,0.4468
DIAMONDS NINE HEARTS NINE,0.2842,0.0258,0.69
HEARTS SIX DIAMONDS NINE,0.5642,0.0194,0.4164
DIAMONDS NINE HEARTS SEVEN,0.5494,0.0174,0.4332
CLUBS NINE CLUBS EIGHT,0.4904,0.0166,0.493
DIAMONDS ACE DIAMONDS NINE,0.3414,0.0052,0.6534
HEARTS FOUR DIAMONDS NINE,0.7142,0.062,0.2238
HEARTS FIVE DIAMONDS NINE,0.5824,0.0172,0.4004
HEARTS ACE CLUBS TWO,0.3954,0.007,0.5976
SPADES ACE CLUBS FOUR,0.2266,0.0234,0.75
DIAMONDS QUEEN DIAMONDS NINE,0.3284,0.0102,0.6614
HEARTS TWO DIAMONDS NINE,0.6332,0.0184,0.3484
CLUBS TWO HEARTS KING,0.4032,0.0088,0.588
SPADES KING CLUBS FOUR,0.2312,0.0354,0.7334
DIAMONDS KING DIAMONDS NINE,0.3268,0.0096,0.6636
HEARTS THREE DIAMONDS NINE,0.6372,0.017,0.3458
CLUBS TWO HEARTS QUEEN,0.3956,0.015,0.5894
SPADES QUEEN CLUBS FOUR,0.2398,0.0444,0.7158
DIAMONDS NINE DIAMONDS JACK,0.2158,0.1526,0.6316
CLUBS EIGHT SPADES NINE,0.5342,0.02,0.4458
DIAMONDS NINE DIAMONDS TEN,0.4972,0.015,0.4878
CLUBS EIGHT SPADES EIGHT,0.2892,0.0354,0.6754
CLUBS EIGHT SPADES SEVEN,0.5432,0.0168,0.44
CLUBS EIGHT SPADES SIX,0.5632,0.0176,0.4192
CLUBS EIGHT SPADES FIVE,0.5658,0.0194,0.4148
CLUBS EIGHT SPADES THREE,0.621,0.0214,0.3576
CLUBS EIGHT SPADES TWO,0.6348,0.016,0.3492
HEARTS SIX DIAMONDS TEN,0.5916,0.0144,0.394
DIAMONDS TEN HEARTS SEVEN,0.5618,0.0152,0.423
DIAMONDS TEN HEARTS EIGHT,0.5674,0.0212,0.4114
CLUBS FOUR CLUBS JACK,0.0236,0.9024,0.074
DIAMONDS TEN HEARTS NINE,0.549,0.0154,0.4356
CLUBS TEN CLUBS FOUR,0.6604,0.0602,0.2794
CLUBS FOUR CLUBS KING,0.223,0.036,0.741
CLUBS FOUR CLUBS QUEEN,0.2238,0.0418,0.7344
CLUBS TWO DIAMONDS TEN,0.629,0.015,0.356
CLUBS THREE DIAMONDS TEN,0.6176,0.0184,0.364
CLUBS FOUR CLUBS ACE,0.2256,0.0284,0.746
DIAMONDS JACK DIAMONDS TEN,0.2096,0.1186,0.6718
DIAMONDS QUEEN DIAMONDS TEN,0.315,0.0096,0.6754
HEARTS TWO DIAMONDS TEN,0.6372,0.0168,0.346
DIAMONDS KING DIAMONDS TEN,0.3214,0.009,0.6696
HEARTS THREE DIAMONDS TEN,0.6244,0.0214,0.3542
DIAMONDS ACE DIAMONDS TEN,0.3238,0.0068,0.6694
HEARTS FOUR DIAMONDS TEN,0.6968,0.0698,0.2334
HEARTS FIVE DIAMONDS TEN,0.5958,0.0212,0.383
CLUBS EIGHT HEARTS TEN,0.5636,0.0152,0.4212
CLUBS EIGHT HEARTS QUEEN,0.3516,0.011,0.6374
CLUBS EIGHT HEARTS KING,0.3548,0.0066,0.6386
CLUBS EIGHT HEARTS ACE,0.3614,0.0036,0.635
CLUBS NINE SPADES THREE,0.6276,0.0242,0.3482
CLUBS NINE SPADES TWO,0.633,0.0192,0.3478
CLUBS NINE SPADES FIVE,0.5698,0.016,0.4142
CLUBS NINE SPADES SEVEN,0.5532,0.0138,0.433
CLUBS NINE SPADES SIX,0.5688,0.019,0.4122
CLUBS NINE SPADES NINE,0.2794,0.028,0.6926
CLUBS TEN HEARTS EIGHT,0.5514,0.0176,0.431
CLUBS NINE SPADES EIGHT,0.5356,0.0164,0.448
CLUBS JACK HEARTS EIGHT,0.2234,0.223,0.5536
CLUBS QUEEN HEARTS EIGHT,0.3526,0.01,0.6374
CLUBS KING HEARTS EIGHT,0.381,0.006,0.613
CLUBS ACE HEARTS EIGHT,0.362,0.0044,0.6336
SPADES KING CLUBS KING,0.1328,0.0088,0.8584
SPADES QUEEN CLUBS KING,0.31,0.0056,0.6844
SPADES ACE CLUBS KING,0.312,0.0062,0.6818
DIAMONDS ACE HEARTS TEN,0.3502,0.0044,0.6454
HEARTS FOUR HEARTS TEN,0.6568,0.0652,0.278
SPADES KING CLUBS FIVE,0.3588,0.007,0.6342
SPADES QUEEN CLUBS FIVE,0.3402,0.0138,0.646
SPADES ACE CLUBS FIVE,0.3472,0.0044,0.6484
DIAMONDS JACK HEARTS SEVEN,0.232,0.3046,0.4634
HEARTS SIX DIAMONDS JACK,0.23,0.3844,0.3856
DIAMONDS JACK HEARTS NINE,0.2258,0.1726,0.6016
DIAMONDS JACK HEARTS EIGHT,0.2212,0.224,0.5548
DIAMONDS KING DIAMONDS JACK,0.2166,0.0338,0.7496
HEARTS THREE DIAMONDS JACK,0.2724,0.5244,0.2032
SPADES ACE SPADES SIX,0.3408,0.0034,0.6558
DIAMONDS QUEEN DIAMONDS JACK,0.225,0.0432,0.7318
HEARTS TWO DIAMONDS JACK,0.2882,0.5034,0.2084
HEARTS FIVE DIAMONDS JACK,0.216,0.475,0.309
SPADES QUEEN SPADES SIX,0.3484,0.009,0.6426
DIAMONDS ACE DIAMONDS JACK,0.2078,0.0212,0.771
HEARTS FOUR DIAMONDS JACK,0.0156,0.9746,0.0098
SPADES KING SPADES SIX,0.3448,0.0084,0.6468
SPADES TEN SPADES SIX,0.5492,0.0152,0.4356
SPADES JACK SPADES SIX,0.203,0.3754,0.4216
SPADES FIVE DIAMONDS JACK,0.2028,0.465,0.3322
DIAMONDS JACK SPADES TWO,0.2718,0.5148,0.2134
SPADES THREE DIAMONDS JACK,0.256,0.5348,0.2092
SPADES ACE DIAMONDS THREE,0.3678,0.0056,0.6266
SPADES QUEEN DIAMONDS THREE,0.3948,0.0112,0.594
CLUBS EIGHT DIAMONDS JACK,0.2296,0.221,0.5494
SPADES KING DIAMONDS THREE,0.3816,0.0092,0.6092
CLUBS NINE DIAMONDS JACK,0.2332,0.1638,0.603
CLUBS SIX DIAMONDS JACK,0.2254,0.3804,0.3942
CLUBS SEVEN DIAMONDS JACK,0.2342,0.2938,0.472
CLUBS FOUR DIAMONDS JACK,0.0218,0.9542,0.024
CLUBS FIVE DIAMONDS JACK,0.2196,0.4664,0.314
CLUBS TWO DIAMONDS JACK,0.2678,0.5068,0.2254
CLUBS THREE DIAMONDS JACK,0.263,0.5104,0.2266
SPADES TEN CLUBS FIVE,0.5938,0.0188,0.3874
HEARTS SIX SPADES JACK,0.219,0.394,0.387
HEARTS SIX SPADES TEN,0.5864,0.0156,0.398
SPADES JACK CLUBS FIVE,0.2184,0.466,0.3156
SPADES JACK DIAMONDS THREE,0.2688,0.5222,0.209
CLUBS SEVEN CLUBS ACE,0.339,0.003,0.658
DIAMONDS THREE SPADES TEN,0.6134,0.0198,0.3668
CLUBS SEVEN CLUBS QUEEN,0.3358,0.0128,0.6514
CLUBS SEVEN CLUBS KING,0.3364,0.0072,0.6564
SPADES NINE DIAMONDS JACK,0.232,0.1696,0.5984
CLUBS TEN CLUBS SEVEN,0.5394,0.0174,0.4432
DIAMONDS ACE HEARTS ACE,0.1234,0.0034,0.8732
HEARTS FOUR HEARTS ACE,0.216,0.024,0.76
SPADES EIGHT DIAMONDS JACK,0.2272,0.2354,0.5374
SPADES ACE HEARTS SIX,0.3682,0.0044,0.6274
CLUBS SEVEN CLUBS JACK,0.2104,0.2628,0.5268
DIAMONDS ACE HEARTS KING,0.323,0.0052,0.6718
HEARTS FOUR HEARTS KING,0.2268,0.0372,0.736
SPADES SEVEN DIAMONDS JACK,0.2222,0.2898,0.488
SPADES KING HEARTS SIX,0.3484,0.0078,0.6438
DIAMONDS ACE HEARTS QUEEN,0.3082,0.0038,0.688
HEARTS FOUR HEARTS QUEEN,0.228,0.0454,0.7266
SPADES QUEEN HEARTS SIX,0.3546,0.0144,0.631
SPADES SIX DIAMONDS JACK,0.2264,0.3866,0.387
SPADES TWO DIAMONDS TEN,0.6176,0.021,0.3614
SPADES THREE DIAMONDS TEN,0.6182,0.022,0.3598
SPADES FIVE DIAMONDS TEN,0.6002,0.0178,0.382
SPADES SIX DIAMONDS TEN,0.59,0.0158,0.3942
SPADES SEVEN DIAMONDS TEN,0.5626,0.0188,0.4186
SPADES EIGHT DIAMONDS TEN,0.5468,0.0184,0.4348
SPADES NINE DIAMONDS TEN,0.5336,0.0158,0.4506
CLUBS FOUR DIAMONDS TEN,0.7044,0.0594,0.2362
CLUBS FIVE DIAMONDS TEN,0.5998,0.0146,0.3856
CLUBS SIX DIAMONDS TEN,0.5834,0.0184,0.3982
CLUBS SEVEN DIAMONDS TEN,0.565,0.0176,0.4174
CLUBS EIGHT DIAMONDS TEN,0.5536,0.0142,0.4322
CLUBS NINE DIAMONDS TEN,0.5332,0.015,0.4518
DIAMONDS THREE CLUBS JACK,0.27,0.5054,0.2246
CLUBS TEN DIAMONDS THREE,0.632,0.0202,0.3478
DIAMONDS THREE CLUBS KING,0.3946,0.0064,0.599
DIAMONDS THREE CLUBS QUEEN,0.3832,0.013,0.6038
DIAMONDS THREE CLUBS ACE,0.3782,0.0058,0.616
SPADES FIVE SPADES TWO,0.5654,0.0204,0.4142
SPADES THREE SPADES TWO,0.597,0.0196,0.3834
SPADES NINE SPADES TWO,0.5968,0.0172,0.386
SPADES EIGHT SPADES TWO,0.5918,0.0194,0.3888
SPADES SEVEN SPADES TWO,0.5916,0.0194,0.389
SPADES SIX SPADES TWO,0.5964,0.023,0.3806
DIAMONDS QUEEN CLUBS THREE,0.3794,0.013,0.6076
CLUBS THREE HEARTS TWO,0.6396,0.0242,0.3362
DIAMONDS QUEEN CLUBS TWO,0.3976,0.0108,0.5916
HEARTS TWO CLUBS TWO,0.401,0.0522,0.5468
DIAMONDS QUEEN HEARTS SEVEN,0.3746,0.0106,0.6148
HEARTS TWO HEARTS SEVEN,0.6022,0.0192,0.3786
HEARTS SIX DIAMONDS QUEEN,0.3494,0.0116,0.639
HEARTS SIX HEARTS TWO,0.592,0.0192,0.3888
DIAMONDS QUEEN HEARTS NINE,0.336,0.0112,0.6528
HEARTS TWO HEARTS NINE,0.5796,0.018,0.4024
DIAMONDS QUEEN HEARTS EIGHT,0.3518,0.0118,0.6364
HEARTS TWO HEARTS EIGHT,0.6054,0.0184,0.3762
CLUBS NINE HEARTS TWO,0.626,0.0208,0.3532
CLUBS NINE DIAMONDS QUEEN,0.337,0.01,0.653
CLUBS EIGHT HEARTS TWO,0.6276,0.023,0.3494
CLUBS EIGHT DIAMONDS QUEEN,0.3642,0.0082,0.6276
CLUBS FIVE DIAMONDS QUEEN,0.3576,0.0136,0.6288
CLUBS FIVE HEARTS TWO,0.6098,0.0224,0.3678
SPADES EIGHT HEARTS ACE,0.3632,0.0034,0.6334
DIAMONDS QUEEN CLUBS FOUR,0.227,0.046,0.727
HEARTS TWO CLUBS FOUR,0.6916,0.0596,0.2488
CLUBS SEVEN DIAMONDS QUEEN,0.3644,0.0088,0.6268
CLUBS SEVEN HEARTS TWO,0.6266,0.0202,0.3532
SPADES EIGHT HEARTS QUEEN,0.3486,0.0126,0.6388
CLUBS SIX DIAMONDS QUEEN,0.361,0.0082,0.6308
CLUBS SIX HEARTS TWO,0.6308,0.0176,0.3516
SPADES EIGHT HEARTS KING,0.3644,0.0092,0.6264
HEARTS TWO SPADES SIX,0.6158,0.021,0.3632
DIAMONDS QUEEN SPADES SIX,0.3558,0.0114,0.6328
HEARTS FOUR CLUBS QUEEN,0.23,0.052,0.718
DIAMONDS ACE CLUBS QUEEN,0.331,0.0026,0.6664
DIAMONDS QUEEN SPADES SEVEN,0.3592,0.0112,0.6296
HEARTS TWO SPADES SEVEN,0.6322,0.0176,0.3502
HEARTS FOUR CLUBS KING,0.2338,0.034,0.7322
DIAMONDS ACE CLUBS KING,0.3324,0.004,0.6636
DIAMONDS QUEEN SPADES EIGHT,0.3558,0.0086,0.6356
SPADES EIGHT HEARTS TWO,0.6266,0.022,0.3514
HEARTS FOUR CLUBS ACE,0.2362,0.027,0.7368
DIAMONDS ACE CLUBS ACE,0.1386,0.0024,0.859
SPADES NINE DIAMONDS QUEEN,0.327,0.0108,0.6622
SPADES NINE HEARTS TWO,0.6194,0.018,0.3626
HEARTS TWO SPADES TWO,0.4114,0.0542,0.5344
DIAMONDS QUEEN SPADES TWO,0.4098,0.0136,0.5766
HEARTS TWO SPADES THREE,0.6478,0.0206,0.3316
DIAMONDS QUEEN SPADES THREE,0.4028,0.0128,0.5844
HEARTS FOUR CLUBS TEN,0.7096,0.0642,0.2262
CLUBS TEN DIAMONDS ACE,0.3534,0.005,0.6416
HEARTS TWO SPADES FIVE,0.6078,0.0238,0.3684
DIAMONDS QUEEN SPADES FIVE,0.3624,0.0104,0.6272
HEARTS FOUR CLUBS JACK,0.0186,0.9698,0.0116
DIAMONDS ACE CLUBS JACK,0.245,0.0212,0.7338
CLUBS FIVE CLUBS KING,0.3418,0.0074,0.6508
CLUBS FIVE CLUBS QUEEN,0.3266,0.0118,0.6616
CLUBS FIVE CLUBS ACE,0.3382,0.004,0.6578
CLUBS FIVE CLUBS JACK,0.2096,0.4364,0.354
CLUBS TEN CLUBS FIVE,0.5504,0.019,0.4306
SPADES KING CLUBS JACK,0.2276,0.0328,0.7396
SPADES QUEEN CLUBS JACK,0.217,0.0442,0.7388
SPADES ACE CLUBS JACK,0.2224,0.0216,0.756
SPADES SIX CLUBS KING,0.3672,0.0054,0.6274
SPADES SIX CLUBS QUEEN,0.3676,0.0112,0.6212
SPADES SIX CLUBS ACE,0.3582,0.004,0.6378
SPADES EIGHT HEARTS TEN,0.559,0.0148,0.4262
SPADES SIX CLUBS JACK,0.2222,0.3764,0.4014
CLUBS TEN SPADES SIX,0.5812,0.0184,0.4004
SPADES TEN CLUBS JACK,0.2292,0.1234,0.6474
SPADES JACK CLUBS JACK,0.0832,0.0398,0.877
SPADES QUEEN CLUBS SEVEN,0.3626,0.0116,0.6258
SPADES KING CLUBS SEVEN,0.36,0.0072,0.6328
SPADES ACE CLUBS SEVEN,0.349,0.0036,0.6474
SPADES SIX HEARTS TEN,0.584,0.0164,0.3996
SPADES SIX HEARTS ACE,0.358,0.0046,0.6374
SPADES SIX HEARTS KING,0.3656,0.0088,0.6256
SPADES SIX HEARTS QUEEN,0.3632,0.0108,0.626
CLUBS SEVEN SPADES JACK,0.2252,0.3086,0.4662
CLUBS SEVEN SPADES TEN,0.547,0.0148,0.4382
CLUBS TEN HEARTS SIX,0.596,0.0168,0.3872
HEARTS SIX CLUBS JACK,0.2314,0.3892,0.3794
CLUBS ACE CLUBS JACK,0.2246,0.0218,0.7536
HEARTS SIX CLUBS QUEEN,0.3554,0.0124,0.6322
HEARTS SIX CLUBS KING,0.3704,0.0082,0.6214
HEARTS SIX CLUBS ACE,0.3626,0.005,0.6324
CLUBS QUEEN CLUBS JACK,0.212,0.0442,0.7438
CLUBS KING CLUBS JACK,0.2164,0.0306,0.753
DIAMONDS THREE HEARTS ACE,0.3804,0.006,0.6136
DIAMONDS THREE HEARTS QUEEN,0.385,0.0134,0.6016
DIAMONDS THREE HEARTS KING,0.3844,0.0098,0.6058
SPADES TEN DIAMONDS ACE,0.3482,0.0048,0.647
HEARTS FOUR SPADES TEN,0.7074,0.0636,0.229
CLUBS FIVE HEARTS TEN,0.5838,0.0168,0.3994
HEARTS FOUR SPADES JACK,0.008,0.985,0.007
SPADES JACK DIAMONDS ACE,0.2204,0.0216,0.758
SPADES ACE HEARTS FOUR,0.226,0.0292,0.7448
SPADES ACE DIAMONDS ACE,0.1208,0.0026,0.8766
CLUBS FIVE HEARTS ACE,0.3542,0.0042,0.6416
CLUBS FIVE HEARTS KING,0.3542,0.0088,0.637
HEARTS FOUR SPADES QUEEN,0.238,0.046,0.716
SPADES QUEEN DIAMONDS ACE,0.3078,0.003,0.6892
CLUBS FIVE HEARTS QUEEN,0.352,0.0106,0.6374
SPADES KING DIAMONDS ACE,0.317,0.0048,0.6782
HEARTS FOUR SPADES KING,0.234,0.0364,0.7296
DIAMONDS QUEEN DIAMONDS ACE,0.305,0.004,0.691
HEARTS TWO DIAMONDS ACE,0.3846,0.0048,0.6106
HEARTS FOUR DIAMONDS QUEEN,0.244,0.0448,0.7112
HEARTS FOUR HEARTS TWO,0.655,0.06,0.285
DIAMONDS THREE HEARTS TEN,0.6308,0.0186,0.3506
HEARTS FIVE DIAMONDS QUEEN,0.353,0.0094,0.6376
HEARTS FIVE HEARTS TWO,0.5864,0.0186,0.395
DIAMONDS QUEEN HEARTS TWO,0.3896,0.0124,0.598
DIAMONDS KING DIAMONDS QUEEN,0.309,0.0068,0.6842
DIAMONDS KING HEARTS TWO,0.406,0.0074,0.5866
HEARTS THREE DIAMONDS QUEEN,0.4064,0.0114,0.5822
HEARTS THREE HEARTS TWO,0.607,0.0224,0.3706
HEARTS TWO CLUBS ACE,0.389,0.0052,0.6058
DIAMONDS QUEEN CLUBS ACE,0.3176,0.0046,0.6778
HEARTS TWO CLUBS QUEEN,0.3916,0.0138,0.5946
DIAMONDS QUEEN CLUBS QUEEN,0.1506,0.012,0.8374
HEARTS TWO CLUBS KING,0.4038,0.006,0.5902
DIAMONDS QUEEN CLUBS KING,0.3188,0.0074,0.6738
SPADES EIGHT SPADES FIVE,0.5342,0.0192,0.4466
CLUBS TEN HEARTS TWO,0.638,0.0194,0.3426
CLUBS TEN DIAMONDS QUEEN,0.3406,0.0112,0.6482
SPADES NINE SPADES FIVE,0.5458,0.0182,0.436
HEARTS TWO CLUBS JACK,0.2684,0.5156,0.216
DIAMONDS QUEEN CLUBS JACK,0.2258,0.0422,0.732
SPADES SIX SPADES FIVE,0.53,0.0198,0.4502
SPADES SEVEN SPADES FIVE,0.5292,0.018,0.4528
DIAMONDS FIVE CLUBS QUEEN,0.3556,0.013,0.6314
SPADES EIGHT CLUBS ACE,0.3562,0.0048,0.639
DIAMONDS FIVE CLUBS KING,0.3606,0.0078,0.6316
SPADES EIGHT CLUBS KING,0.3592,0.007,0.6338
CLUBS ACE DIAMONDS FIVE,0.345,0.0052,0.6498
SPADES EIGHT CLUBS QUEEN,0.3532,0.0076,0.6392
SPADES EIGHT CLUBS JACK,0.2306,0.2234,0.546
CLUBS TEN SPADES EIGHT,0.5542,0.016,0.4298
CLUBS TEN DIAMONDS FIVE,0.5906,0.0182,0.3912
DIAMONDS FIVE CLUBS JACK,0.2158,0.4562,0.328
DIAMONDS TEN HEARTS TEN,0.2768,0.023,0.7002
SPADES ACE CLUBS NINE,0.345,0.0052,0.6498
CLUBS NINE SPADES QUEEN,0.3362,0.011,0.6528
CLUBS NINE SPADES KING,0.347,0.0086,0.6444
HEARTS SIX HEARTS KING,0.3486,0.009,0.6424
DIAMONDS KING SPADES SEVEN,0.3608,0.008,0.6312
HEARTS THREE SPADES SEVEN,0.6086,0.0206,0.3708
SPADES KING DIAMONDS SEVEN,0.3508,0.0092,0.64
HEARTS SIX HEARTS QUEEN,0.3538,0.0118,0.6344
SPADES QUEEN DIAMONDS SEVEN,0.3538,0.0104,0.6358
HEARTS THREE SPADES SIX,0.6088,0.0206,0.3706
DIAMONDS KING SPADES SIX,0.36,0.0088,0.6312
DIAMONDS KING SPADES NINE,0.3516,0.006,0.6424
HEARTS THREE SPADES NINE,0.6214,0.0176,0.361
HEARTS SIX HEARTS ACE,0.3374,0.0054,0.6572
DIAMONDS KING SPADES EIGHT,0.3534,0.0052,0.6414
HEARTS THREE SPADES EIGHT,0.624,0.019,0.357
SPADES ACE DIAMONDS SEVEN,0.3472,0.005,0.6478
