opposingHand,winningChance,drawChance,lostChance
SPADES KING SPADES QUEEN
SPADES TEN HEARTS FIVE,0.702,0.006,0.292
SPADES JACK HEARTS FIVE,0.6882,0.007,0.3048
SPADES FIVE CLUBS JACK,0.6882,0.006,0.3058
SPADES FIVE CLUBS TEN,0.692,0.0076,0.3004
CLUBS EIGHT CLUBS JACK,0.641,0.0054,0.3536
CLUBS EIGHT CLUBS TEN,0.6314,0.0062,0.3624
CLUBS EIGHT CLUBS KING,0.6804,0.0564,0.2632
SPADES FIVE CLUBS ACE,0.455,0.0052,0.5398
CLUBS EIGHT CLUBS QUEEN,0.7124,0.0222,0.2654
SPADES FIVE CLUBS KING,0.7026,0.0634,0.234
SPADES FIVE CLUBS QUEEN,0.7424,0.0256,0.232
CLUBS EIGHT CLUBS ACE,0.4378,0.006,0.5562
DIAMONDS TWO DIAMONDS THREE,0.6226,0.0078,0.3696
DIAMONDS TWO DIAMONDS FIVE,0.6346,0.0074,0.358
DIAMONDS TWO DIAMONDS FOUR,0.6278,0.0078,0.3644
DIAMONDS TWO DIAMONDS SEVEN,0.6558,0.0052,0.339
DIAMONDS TWO DIAMONDS SIX,0.6526,0.0064,0.341
SPADES ACE HEARTS FIVE,0.444,0.0054,0.5506
DIAMONDS TWO DIAMONDS NINE,0.6524,0.0096,0.338
DIAMONDS TWO DIAMONDS EIGHT,0.6512,0.0086,0.3402
DIAMONDS THREE DIAMONDS FOUR,0.6086,0.007,0.3844
CLUBS TWO SPADES FOUR,0.6632,0.0104,0.3264
DIAMONDS THREE DIAMONDS FIVE,0.6168,0.0082,0.375
CLUBS TWO SPADES FIVE,0.6672,0.0078,0.325
CLUBS TWO SPADES TWO,0.5024,0.0114,0.4862
CLUBS TWO SPADES THREE,0.6778,0.0082,0.314
DIAMONDS THREE DIAMONDS EIGHT,0.6538,0.006,0.3402
SPADES EIGHT CLUBS TWO,0.695,0.0078,0.2972
DIAMONDS THREE DIAMONDS NINE,0.6478,0.007,0.3452
SPADES NINE CLUBS TWO,0.6928,0.0074,0.2998
DIAMONDS THREE DIAMONDS SIX,0.6178,0.008,0.3742
SPADES SIX CLUBS TWO,0.6666,0.0104,0.323
DIAMONDS THREE DIAMONDS SEVEN,0.6474,0.0048,0.3478
SPADES SEVEN CLUBS TWO,0.6794,0.011,0.3096
CLUBS SIX CLUBS TWO,0.6302,0.0082,0.3616
CLUBS SEVEN CLUBS TWO,0.651,0.0044,0.3446
CLUBS FOUR CLUBS TWO,0.6208,0.0092,0.37
CLUBS FIVE CLUBS TWO,0.6198,0.008,0.3722
CLUBS JACK CLUBS TEN,0.6144,0.0074,0.3782
DIAMONDS FOUR DIAMONDS SIX,0.608,0.0068,0.3852
CLUBS QUEEN CLUBS TEN,0.703,0.024,0.273
DIAMONDS FOUR DIAMONDS SEVEN,0.6286,0.0078,0.3636
CLUBS KING CLUBS TEN,0.666,0.0576,0.2764
CLUBS ACE CLUBS TEN,0.4124,0.0028,0.5848
CLUBS EIGHT CLUBS TWO,0.6576,0.0074,0.335
DIAMONDS FIVE DIAMONDS FOUR,0.6174,0.0046,0.378
CLUBS NINE CLUBS TWO,0.652,0.0082,0.3398
DIAMONDS NINE DIAMONDS FOUR,0.6502,0.0068,0.343
DIAMONDS EIGHT DIAMONDS FOUR,0.6348,0.0042,0.361
CLUBS TWO CLUBS THREE,0.6194,0.0096,0.371
DIAMONDS NINE DIAMONDS FIVE,0.649,0.007,0.344
DIAMONDS TWO CLUBS JACK,0.7104,0.0066,0.283
DIAMONDS EIGHT DIAMONDS FIVE,0.6436,0.0048,0.3516
DIAMONDS TWO CLUBS TEN,0.7064,0.0072,0.2864
DIAMONDS FIVE DIAMONDS SEVEN,0.628,0.0042,0.3678
DIAMONDS FIVE DIAMONDS SIX,0.6222,0.0072,0.3706
DIAMONDS TWO CLUBS ACE,0.4454,0.0058,0.5488
DIAMONDS TWO CLUBS KING,0.7064,0.0654,0.2282
DIAMONDS TWO CLUBS QUEEN,0.7538,0.0278,0.2184
DIAMONDS EIGHT DIAMONDS SIX,0.6114,0.0074,0.3812
DIAMONDS NINE DIAMONDS SIX,0.6248,0.007,0.3682
SPADES THREE HEARTS ACE,0.4562,0.0026,0.5412
HEARTS KING SPADES THREE,0.7074,0.0674,0.2252
DIAMONDS SEVEN DIAMONDS SIX,0.6004,0.0062,0.3934
SPADES THREE HEARTS QUEEN,0.7614,0.0284,0.2102
SPADES THREE HEARTS JACK,0.6948,0.0096,0.2956
SPADES THREE HEARTS TEN,0.7032,0.0092,0.2876
DIAMONDS EIGHT DIAMONDS SEVEN,0.61,0.0064,0.3836
DIAMONDS NINE DIAMONDS SEVEN,0.6302,0.0062,0.3636
DIAMONDS NINE DIAMONDS EIGHT,0.6188,0.0066,0.3746
DIAMONDS KING HEARTS TEN,0.715,0.058,0.227
HEARTS THREE HEARTS TEN,0.6506,0.0078,0.3416
SPADES JACK CLUBS SIX,0.7006,0.0052,0.2942
DIAMONDS KING HEARTS JACK,0.7086,0.0594,0.232
HEARTS THREE HEARTS JACK,0.6408,0.0078,0.3514
SPADES TEN CLUBS SIX,0.679,0.0072,0.3138
SPADES JACK SPADES FIVE,0.6878,0.0054,0.3068
SPADES TEN SPADES FIVE,0.699,0.009,0.292
DIAMONDS KING HEARTS ACE,0.2884,0.0108,0.7008
HEARTS THREE HEARTS ACE,0.4204,0.0072,0.5724
SPADES ACE CLUBS SIX,0.4408,0.0052,0.554
DIAMONDS KING HEARTS QUEEN,0.065,0.9136,0.0214
HEARTS THREE HEARTS QUEEN,0.7066,0.0266,0.2668
DIAMONDS KING HEARTS KING,0.1498,0.0116,0.8386
HEARTS THREE HEARTS KING,0.6788,0.0602,0.261
SPADES NINE HEARTS TEN,0.6512,0.007,0.3418
SPADES NINE HEARTS JACK,0.6586,0.0082,0.3332
SPADES ACE SPADES FIVE,0.4024,0.0062,0.5914
SPADES NINE HEARTS QUEEN,0.7478,0.0244,0.2278
SPADES NINE HEARTS KING,0.709,0.0554,0.2356
SPADES NINE HEARTS ACE,0.4414,0.0048,0.5538
SPADES JACK CLUBS TEN,0.649,0.0044,0.3466
SPADES TEN CLUBS TEN,0.4604,0.0052,0.5344
SPADES ACE CLUBS TEN,0.43,0.0056,0.5644
SPADES FIVE HEARTS QUEEN,0.7442,0.0264,0.2294
SPADES FIVE HEARTS KING,0.7052,0.0656,0.2292
SPADES FIVE HEARTS ACE,0.4448,0.0032,0.552
SPADES JACK DIAMONDS KING,0.7132,0.0572,0.2296
SPADES JACK HEARTS THREE,0.7016,0.0084,0.29
CLUBS EIGHT SPADES TEN,0.6734,0.0074,0.3192
CLUBS EIGHT SPADES JACK,0.6738,0.0078,0.3184
HEARTS THREE SPADES TEN,0.696,0.0064,0.2976
SPADES TEN DIAMONDS KING,0.7122,0.0534,0.2344
SPADES ACE CLUBS EIGHT,0.4456,0.0054,0.549
HEARTS FIVE CLUBS JACK,0.6922,0.0052,0.3026
CLUBS SIX HEARTS ACE,0.448,0.0034,0.5486
HEARTS FIVE CLUBS TEN,0.6936,0.0048,0.3016
SPADES THREE CLUBS TEN,0.6872,0.0056,0.3072
CLUBS SIX HEARTS QUEEN,0.7514,0.0248,0.2238
SPADES THREE CLUBS JACK,0.703,0.0064,0.2906
CLUBS SIX HEARTS KING,0.7082,0.0626,0.2292
DIAMONDS TWO HEARTS JACK,0.6886,0.0076,0.3038
SPADES THREE CLUBS QUEEN,0.7546,0.0274,0.218
DIAMONDS TWO HEARTS TEN,0.6988,0.0062,0.295
SPADES THREE CLUBS KING,0.7138,0.0596,0.2266
HEARTS FIVE CLUBS ACE,0.4588,0.0038,0.5374
SPADES FIVE HEARTS TEN,0.6776,0.0088,0.3136
SPADES THREE CLUBS ACE,0.4544,0.0052,0.5404
HEARTS FIVE CLUBS KING,0.71,0.063,0.227
SPADES FIVE HEARTS JACK,0.6944,0.008,0.2976
HEARTS FIVE CLUBS QUEEN,0.7444,0.026,0.2296
HEARTS THREE CLUBS KING,0.7156,0.0574,0.227
DIAMONDS KING CLUBS KING,0.1554,0.012,0.8326
HEARTS THREE CLUBS QUEEN,0.7612,0.0282,0.2106
DIAMONDS KING CLUBS QUEEN,0.0646,0.9124,0.023
HEARTS FIVE HEARTS JACK,0.6516,0.0086,0.3398
HEARTS FIVE HEARTS TEN,0.654,0.0078,0.3382
HEARTS THREE CLUBS ACE,0.4688,0.0044,0.5268
DIAMONDS KING CLUBS ACE,0.296,0.0096,0.6944
SPADES ACE CLUBS QUEEN,0.2768,0.0122,0.711
HEARTS THREE CLUBS JACK,0.6894,0.0068,0.3038
DIAMONDS KING CLUBS JACK,0.7168,0.0578,0.2254
HEARTS THREE CLUBS TEN,0.6964,0.0066,0.297
DIAMONDS KING CLUBS TEN,0.7018,0.0546,0.2436
SPADES JACK CLUBS QUEEN,0.7424,0.0202,0.2374
CLUBS SIX CLUBS QUEEN,0.7164,0.024,0.2596
SPADES TEN CLUBS QUEEN,0.7348,0.0248,0.2404
CLUBS SIX CLUBS KING,0.6686,0.0622,0.2692
CLUBS SIX CLUBS ACE,0.431,0.004,0.565
HEARTS FIVE HEARTS KING,0.661,0.0628,0.2762
HEARTS FIVE HEARTS QUEEN,0.7078,0.0288,0.2634
CLUBS SIX CLUBS TEN,0.6468,0.0064,0.3468
HEARTS FIVE HEARTS ACE,0.4372,0.0044,0.5584
CLUBS SIX CLUBS JACK,0.665,0.0068,0.3282
SPADES SEVEN HEARTS JACK,0.696,0.0054,0.2986
SPADES SEVEN HEARTS TEN,0.6744,0.0064,0.3192
DIAMONDS TWO CLUBS TWO,0.5034,0.0078,0.4888
DIAMONDS TWO CLUBS THREE,0.673,0.0094,0.3176
HEARTS SIX DIAMONDS TWO,0.673,0.0072,0.3198
DIAMONDS TWO HEARTS QUEEN,0.7546,0.028,0.2174
DIAMONDS TWO HEARTS SEVEN,0.6856,0.0058,0.3086
DIAMONDS TWO HEARTS KING,0.7238,0.0598,0.2164
DIAMONDS TWO HEARTS EIGHT,0.6996,0.0058,0.2946
DIAMONDS TWO HEARTS ACE,0.4534,0.0072,0.5394
DIAMONDS TWO HEARTS NINE,0.6798,0.0072,0.313
DIAMONDS TWO DIAMONDS QUEEN,0.7234,0.0268,0.2498
DIAMONDS TWO HEARTS TWO,0.5072,0.0096,0.4832
DIAMONDS TWO DIAMONDS KING,0.6678,0.0596,0.2726
HEARTS THREE DIAMONDS TWO,0.6602,0.0052,0.3346
DIAMONDS TWO DIAMONDS ACE,0.4338,0.0034,0.5628
HEARTS FOUR DIAMONDS TWO,0.67,0.0064,0.3236
DIAMONDS TWO HEARTS FIVE,0.6762,0.007,0.3168
SPADES SEVEN HEARTS ACE,0.4488,0.0048,0.5464
DIAMONDS TWO DIAMONDS TEN,0.6534,0.0092,0.3374
SPADES SEVEN HEARTS KING,0.6984,0.0632,0.2384
DIAMONDS TWO DIAMONDS JACK,0.6538,0.0028,0.3434
SPADES SEVEN HEARTS QUEEN,0.7532,0.0256,0.2212
DIAMONDS TWO SPADES NINE,0.6884,0.008,0.3036
DIAMONDS TWO SPADES EIGHT,0.6822,0.0078,0.31
DIAMONDS TWO SPADES SEVEN,0.6942,0.0066,0.2992
DIAMONDS TWO SPADES SIX,0.6714,0.007,0.3216
DIAMONDS TWO SPADES FIVE,0.663,0.0114,0.3256
DIAMONDS TWO SPADES FOUR,0.6766,0.0126,0.3108
DIAMONDS TWO SPADES THREE,0.6714,0.0106,0.318
DIAMONDS TWO SPADES TWO,0.5014,0.009,0.4896
CLUBS NINE DIAMONDS TWO,0.6838,0.0074,0.3088
CLUBS EIGHT DIAMONDS TWO,0.7018,0.0044,0.2938
DIAMONDS TWO CLUBS SEVEN,0.6948,0.0058,0.2994
CLUBS SIX DIAMONDS TWO,0.672,0.0044,0.3236
DIAMONDS TWO CLUBS FIVE,0.668,0.0082,0.3238
DIAMONDS TWO CLUBS FOUR,0.6758,0.0058,0.3184
CLUBS FOUR SPADES FIVE,0.645,0.0068,0.3482
CLUBS FOUR SPADES FOUR,0.4954,0.0084,0.4962
CLUBS FOUR SPADES THREE,0.6576,0.0078,0.3346
CLUBS FOUR SPADES TWO,0.649,0.0082,0.3428
SPADES NINE CLUBS FOUR,0.69,0.0074,0.3026
SPADES EIGHT CLUBS FOUR,0.6746,0.0088,0.3166
CLUBS FOUR SPADES SEVEN,0.6656,0.007,0.3274
CLUBS FOUR SPADES SIX,0.6548,0.0076,0.3376
SPADES ACE DIAMONDS SIX,0.4448,0.0032,0.552
SPADES TEN DIAMONDS SIX,0.6804,0.0084,0.3112
SPADES JACK DIAMONDS SIX,0.6922,0.006,0.3018
SPADES ACE SPADES TWO,0.3898,0.0054,0.6048
DIAMONDS JACK CLUBS JACK,0.4584,0.003,0.5386
DIAMONDS JACK CLUBS TEN,0.656,0.0082,0.3358
DIAMONDS JACK CLUBS KING,0.7068,0.0552,0.238
DIAMONDS JACK CLUBS QUEEN,0.7418,0.0212,0.237
DIAMONDS THREE DIAMONDS JACK,0.6574,0.0038,0.3388
DIAMONDS THREE DIAMONDS TEN,0.6486,0.0074,0.344
DIAMONDS JACK CLUBS ACE,0.4306,0.0032,0.5662
DIAMONDS THREE DIAMONDS KING,0.6642,0.0622,0.2736
HEARTS THREE DIAMONDS THREE,0.497,0.0078,0.4952
DIAMONDS THREE DIAMONDS QUEEN,0.7184,0.0248,0.2568
DIAMONDS THREE HEARTS TWO,0.6638,0.0102,0.326
HEARTS FIVE DIAMONDS THREE,0.6676,0.0084,0.324
DIAMONDS THREE DIAMONDS ACE,0.421,0.0062,0.5728
HEARTS FOUR DIAMONDS THREE,0.6624,0.007,0.3306
DIAMONDS THREE HEARTS SEVEN,0.6786,0.0058,0.3156
SPADES TEN SPADES NINE,0.6472,0.009,0.3438
HEARTS SIX DIAMONDS THREE,0.6578,0.0064,0.3358
SPADES JACK SPADES NINE,0.6656,0.0096,0.3248
DIAMONDS THREE HEARTS NINE,0.6862,0.0062,0.3076
HEARTS JACK DIAMONDS FOUR,0.7068,0.005,0.2882
HEARTS KING HEARTS ACE,0.268,0.0112,0.7208
SPADES TEN SPADES TWO,0.6976,0.007,0.2954
DIAMONDS THREE HEARTS EIGHT,0.6982,0.0076,0.2942
HEARTS TEN DIAMONDS FOUR,0.6934,0.0048,0.3018
SPADES JACK SPADES TWO,0.7028,0.008,0.2892
HEARTS QUEEN DIAMONDS FOUR,0.7586,0.0266,0.2148
HEARTS KING DIAMONDS FOUR,0.7174,0.0622,0.2204
SPADES ACE SPADES NINE,0.4072,0.0078,0.585
HEARTS ACE DIAMONDS FOUR,0.4596,0.005,0.5354
SPADES NINE DIAMONDS THREE,0.679,0.0078,0.3132
DIAMONDS THREE SPADES EIGHT,0.6876,0.0104,0.302
DIAMONDS THREE SPADES SEVEN,0.6696,0.0076,0.3228
DIAMONDS THREE SPADES SIX,0.6746,0.0066,0.3188
CLUBS SIX DIAMONDS THREE,0.6596,0.0066,0.3338
CLUBS ACE DIAMONDS FOUR,0.4526,0.0042,0.5432
CLUBS SIX CLUBS FIVE,0.613,0.0062,0.3808
CLUBS SEVEN CLUBS FIVE,0.6154,0.0052,0.3794
CLUBS SEVEN DIAMONDS THREE,0.671,0.0058,0.3232
DIAMONDS THREE CLUBS FOUR,0.6628,0.008,0.3292
CLUBS QUEEN DIAMONDS FOUR,0.7594,0.0272,0.2134
DIAMONDS THREE CLUBS FIVE,0.659,0.0088,0.3322
CLUBS KING DIAMONDS FOUR,0.7026,0.0602,0.2372
DIAMONDS THREE CLUBS TWO,0.6812,0.0092,0.3096
DIAMONDS FOUR CLUBS TEN,0.6916,0.0066,0.3018
DIAMONDS THREE CLUBS THREE,0.503,0.0082,0.4888
DIAMONDS FOUR CLUBS JACK,0.693,0.0076,0.2994
DIAMONDS THREE SPADES FOUR,0.6516,0.0102,0.3382
DIAMONDS THREE SPADES FIVE,0.6328,0.009,0.3582
DIAMONDS THREE SPADES TWO,0.6682,0.0114,0.3204
DIAMONDS THREE SPADES THREE,0.485,0.0104,0.5046
CLUBS EIGHT DIAMONDS THREE,0.6902,0.0052,0.3046
CLUBS NINE DIAMONDS THREE,0.6776,0.0058,0.3166
SPADES SEVEN CLUBS ACE,0.4588,0.0046,0.5366
SPADES SEVEN CLUBS QUEEN,0.745,0.0282,0.2268
SPADES SEVEN CLUBS KING,0.7102,0.0682,0.2216
SPADES SEVEN CLUBS FIVE,0.6416,0.0056,0.3528
SPADES SEVEN CLUBS TEN,0.6698,0.0068,0.3234
CLUBS FIVE SPADES SIX,0.6498,0.0064,0.3438
SPADES SEVEN CLUBS JACK,0.6904,0.0062,0.3034
SPADES NINE CLUBS FIVE,0.6674,0.007,0.3256
SPADES EIGHT CLUBS FIVE,0.6626,0.0088,0.3286
CLUBS FIVE SPADES THREE,0.658,0.0108,0.3312
CLUBS FIVE SPADES TWO,0.6594,0.0078,0.3328
CLUBS FIVE SPADES FIVE,0.4902,0.0068,0.503
CLUBS FIVE SPADES FOUR,0.6418,0.0078,0.3504
CLUBS NINE CLUBS FIVE,0.6446,0.006,0.3494
CLUBS EIGHT CLUBS FIVE,0.6182,0.0076,0.3742
CLUBS ACE CLUBS QUEEN,0.282,0.0104,0.7076
CLUBS KING CLUBS QUEEN,0.0704,0.8602,0.0694
DIAMONDS TEN DIAMONDS FOUR,0.6464,0.0058,0.3478
DIAMONDS NINE CLUBS TEN,0.644,0.0064,0.3496
DIAMONDS JACK DIAMONDS FOUR,0.6536,0.0076,0.3388
DIAMONDS NINE CLUBS JACK,0.672,0.0022,0.3258
SPADES NINE CLUBS JACK,0.6622,0.008,0.3298
SPADES NINE CLUBS TEN,0.6436,0.0048,0.3516
DIAMONDS ACE DIAMONDS FOUR,0.436,0.004,0.56
HEARTS FOUR DIAMONDS FOUR,0.5106,0.0076,0.4818
DIAMONDS JACK HEARTS TEN,0.6652,0.0066,0.3282
SPADES TEN DIAMONDS TWO,0.6872,0.0074,0.3054
SPADES NINE CLUBS KING,0.7156,0.0644,0.22
DIAMONDS NINE CLUBS ACE,0.459,0.0032,0.5378
HEARTS FIVE DIAMONDS FOUR,0.6336,0.0074,0.359
HEARTS JACK DIAMONDS JACK,0.4662,0.004,0.5298
SPADES JACK DIAMONDS TWO,0.6882,0.0088,0.303
SPADES NINE CLUBS QUEEN,0.7274,0.0244,0.2482
DIAMONDS QUEEN DIAMONDS FOUR,0.7164,0.025,0.2586
HEARTS TWO DIAMONDS FOUR,0.6638,0.0084,0.3278
DIAMONDS NINE CLUBS QUEEN,0.7408,0.0236,0.2356
DIAMONDS KING DIAMONDS FOUR,0.662,0.0602,0.2778
HEARTS THREE DIAMONDS FOUR,0.651,0.0082,0.3408
SPADES NINE CLUBS ACE,0.4434,0.0044,0.5522
DIAMONDS NINE CLUBS KING,0.7122,0.0572,0.2306
HEARTS ACE DIAMONDS JACK,0.4478,0.0044,0.5478
SPADES ACE DIAMONDS TWO,0.4414,0.0048,0.5538
DIAMONDS JACK HEARTS QUEEN,0.7476,0.0258,0.2266
HEARTS KING DIAMONDS JACK,0.7144,0.0582,0.2274
SPADES JACK SPADES SEVEN,0.6924,0.0098,0.2978
SPADES TEN SPADES SEVEN,0.6788,0.0092,0.312
CLUBS SEVEN CLUBS THREE,0.6346,0.0078,0.3576
CLUBS SIX CLUBS THREE,0.6372,0.006,0.3568
CLUBS FIVE CLUBS THREE,0.6184,0.0084,0.3732
CLUBS FOUR CLUBS THREE,0.6222,0.0062,0.3716
CLUBS NINE CLUBS THREE,0.6638,0.0068,0.3294
CLUBS EIGHT CLUBS THREE,0.6494,0.0058,0.3448
SPADES FIVE CLUBS THREE,0.6446,0.0084,0.347
CLUBS THREE SPADES FOUR,0.6578,0.0082,0.334
CLUBS THREE SPADES THREE,0.5048,0.0092,0.486
CLUBS THREE SPADES TWO,0.673,0.008,0.319
SPADES SIX CLUBS THREE,0.6766,0.005,0.3184
SPADES SEVEN CLUBS THREE,0.6722,0.0076,0.3202
SPADES EIGHT CLUBS THREE,0.6824,0.0086,0.309
SPADES NINE CLUBS THREE,0.6748,0.0088,0.3164
SPADES TWO DIAMONDS FOUR,0.6674,0.007,0.3256
SPADES THREE DIAMONDS FOUR,0.6558,0.0096,0.3346
SPADES FOUR DIAMONDS FOUR,0.4996,0.0086,0.4918
SPADES FIVE DIAMONDS FOUR,0.6408,0.0092,0.35
SPADES SIX DIAMONDS FOUR,0.6572,0.0084,0.3344
SPADES SEVEN DIAMONDS FOUR,0.664,0.0064,0.3296
SPADES EIGHT DIAMONDS FOUR,0.671,0.0078,0.3212
SPADES NINE DIAMONDS FOUR,0.678,0.0094,0.3126
CLUBS FIVE DIAMONDS FOUR,0.6414,0.0054,0.3532
CLUBS FOUR DIAMONDS FOUR,0.4934,0.0076,0.499
CLUBS SEVEN DIAMONDS FOUR,0.6666,0.007,0.3264
CLUBS SIX DIAMONDS FOUR,0.6658,0.0058,0.3284
CLUBS NINE DIAMONDS FOUR,0.6922,0.0064,0.3014
CLUBS EIGHT DIAMONDS FOUR,0.6786,0.007,0.3144
DIAMONDS FOUR HEARTS SEVEN,0.6668,0.0064,0.3268
HEARTS SIX DIAMONDS FOUR,0.6586,0.0066,0.3348
HEARTS NINE DIAMONDS FOUR,0.6984,0.0046,0.297
DIAMONDS FOUR HEARTS EIGHT,0.6818,0.0062,0.312
CLUBS THREE DIAMONDS FOUR,0.6512,0.0074,0.3414
CLUBS TWO DIAMONDS FOUR,0.669,0.0082,0.3228
DIAMONDS TEN DIAMONDS FIVE,0.6468,0.0082,0.345
DIAMONDS JACK DIAMONDS FIVE,0.6644,0.0048,0.3308
DIAMONDS NINE HEARTS QUEEN,0.735,0.025,0.24
HEARTS KING DIAMONDS NINE,0.717,0.0568,0.2262
DIAMONDS NINE HEARTS ACE,0.451,0.005,0.544
DIAMONDS NINE HEARTS TEN,0.6646,0.0046,0.3308
DIAMONDS NINE HEARTS JACK,0.6736,0.008,0.3184
CLUBS KING DIAMONDS SIX,0.6992,0.058,0.2428
CLUBS QUEEN DIAMONDS SIX,0.747,0.0264,0.2266
CLUBS ACE DIAMONDS SIX,0.4556,0.0038,0.5406
SPADES ACE SPADES SEVEN,0.4088,0.0044,0.5868
CLUBS JACK DIAMONDS SIX,0.706,0.005,0.289
SPADES ACE DIAMONDS FOUR,0.4376,0.0048,0.5576
CLUBS TEN DIAMONDS SIX,0.6892,0.0058,0.305
CLUBS NINE CLUBS FOUR,0.6434,0.0064,0.3502
CLUBS EIGHT CLUBS FOUR,0.6426,0.0074,0.35
SPADES JACK DIAMONDS FOUR,0.6966,0.0086,0.2948
SPADES TEN DIAMONDS FOUR,0.6864,0.009,0.3046
CLUBS FOUR CLUBS FIVE,0.5904,0.0074,0.4022
CLUBS SEVEN CLUBS FOUR,0.639,0.006,0.355
CLUBS SIX CLUBS FOUR,0.6192,0.0058,0.375
CLUBS SEVEN SPADES EIGHT,0.6522,0.0058,0.342
SPADES NINE CLUBS SEVEN,0.6528,0.006,0.3412
CLUBS SEVEN SPADES SIX,0.6348,0.0066,0.3586
CLUBS SEVEN SPADES SEVEN,0.4808,0.0066,0.5126
CLUBS SEVEN SPADES FIVE,0.6586,0.0062,0.3352
CLUBS SEVEN SPADES FOUR,0.6638,0.0076,0.3286
CLUBS SEVEN SPADES THREE,0.6758,0.0048,0.3194
CLUBS SEVEN SPADES TWO,0.689,0.005,0.306
CLUBS NINE CLUBS SEVEN,0.624,0.006,0.37
CLUBS EIGHT CLUBS SEVEN,0.6178,0.006,0.3762
HEARTS SIX DIAMONDS FIVE,0.6442,0.006,0.3498
DIAMONDS FIVE HEARTS SEVEN,0.6536,0.006,0.3404
DIAMONDS FIVE HEARTS EIGHT,0.6652,0.007,0.3278
HEARTS NINE DIAMONDS FIVE,0.6918,0.0052,0.303
DIAMONDS QUEEN DIAMONDS FIVE,0.7098,0.0264,0.2638
HEARTS TWO DIAMONDS FIVE,0.6736,0.0074,0.319
HEARTS KING HEARTS EIGHT,0.6868,0.0558,0.2574
DIAMONDS KING DIAMONDS FIVE,0.6734,0.0588,0.2678
HEARTS THREE DIAMONDS FIVE,0.6456,0.007,0.3474
HEARTS QUEEN HEARTS EIGHT,0.7264,0.0238,0.2498
DIAMONDS ACE DIAMONDS FIVE,0.422,0.0062,0.5718
HEARTS FOUR DIAMONDS FIVE,0.6434,0.0062,0.3504
HEARTS FIVE DIAMONDS FIVE,0.5016,0.005,0.4934
HEARTS ACE HEARTS EIGHT,0.4386,0.0028,0.5586
CLUBS FOUR DIAMONDS FIVE,0.6434,0.0074,0.3492
CLUBS FIVE DIAMONDS FIVE,0.5014,0.0084,0.4902
CLUBS SIX DIAMONDS FIVE,0.6458,0.006,0.3482
CLUBS SEVEN DIAMONDS FIVE,0.645,0.0072,0.3478
CLUBS TWO DIAMONDS FIVE,0.6578,0.0064,0.3358
CLUBS THREE DIAMONDS FIVE,0.6566,0.0068,0.3366
SPADES THREE DIAMONDS FIVE,0.6548,0.0078,0.3374
SPADES TWO DIAMONDS FIVE,0.6676,0.0074,0.325
SPADES FIVE DIAMONDS FIVE,0.496,0.0086,0.4954
SPADES JACK DIAMONDS EIGHT,0.6772,0.0074,0.3154
HEARTS JACK CLUBS TEN,0.6394,0.0064,0.3542
SPADES TEN DIAMONDS EIGHT,0.666,0.0054,0.3286
SPADES FOUR DIAMONDS FIVE,0.6378,0.009,0.3532
HEARTS JACK CLUBS JACK,0.4596,0.0038,0.5366
HEARTS JACK CLUBS QUEEN,0.7496,0.0244,0.226
CLUBS NINE DIAMONDS FIVE,0.681,0.0068,0.3122
HEARTS JACK CLUBS KING,0.7172,0.058,0.2248
CLUBS EIGHT DIAMONDS FIVE,0.6624,0.0062,0.3314
HEARTS JACK CLUBS ACE,0.4322,0.0038,0.564
SPADES SEVEN DIAMONDS FIVE,0.6474,0.008,0.3446
SPADES SIX DIAMONDS FIVE,0.6348,0.0072,0.358
SPADES NINE DIAMONDS FIVE,0.6724,0.0068,0.3208
SPADES EIGHT DIAMONDS FIVE,0.655,0.0078,0.3372
SPADES ACE DIAMONDS EIGHT,0.4544,0.0054,0.5402
DIAMONDS TEN DIAMONDS SIX,0.652,0.0064,0.3416
HEARTS ACE DIAMONDS SEVEN,0.4468,0.0036,0.5496
DIAMONDS JACK DIAMONDS SIX,0.656,0.0068,0.3372
HEARTS QUEEN DIAMONDS SEVEN,0.7392,0.0256,0.2352
HEARTS KING DIAMONDS SEVEN,0.7032,0.064,0.2328
DIAMONDS ACE DIAMONDS SIX,0.432,0.0042,0.5638
HEARTS FOUR DIAMONDS SIX,0.6506,0.0078,0.3416
SPADES TWO HEARTS JACK,0.6978,0.0092,0.293
HEARTS FIVE DIAMONDS SIX,0.6412,0.0076,0.3512
SPADES TWO HEARTS TEN,0.6858,0.008,0.3062
DIAMONDS QUEEN DIAMONDS SIX,0.7058,0.0238,0.2704
HEARTS TWO DIAMONDS SIX,0.6844,0.0086,0.307
DIAMONDS KING DIAMONDS SIX,0.674,0.0616,0.2644
HEARTS THREE DIAMONDS SIX,0.672,0.0052,0.3228
HEARTS EIGHT DIAMONDS SIX,0.657,0.0054,0.3376
HEARTS NINE DIAMONDS SIX,0.657,0.0066,0.3364
HEARTS SIX DIAMONDS SIX,0.4918,0.0034,0.5048
HEARTS SEVEN DIAMONDS SIX,0.647,0.0072,0.3458
HEARTS TEN DIAMONDS SEVEN,0.676,0.0066,0.3174
CLUBS TWO DIAMONDS SIX,0.6882,0.005,0.3068
HEARTS JACK DIAMONDS SEVEN,0.6862,0.0052,0.3086
CLUBS THREE DIAMONDS SIX,0.6666,0.008,0.3254
DIAMONDS EIGHT CLUBS JACK,0.6874,0.0052,0.3074
CLUBS SEVEN DIAMONDS SIX,0.646,0.0068,0.3472
CLUBS SIX DIAMONDS SIX,0.4954,0.0064,0.4982
DIAMONDS EIGHT CLUBS TEN,0.6676,0.0056,0.3268
CLUBS FIVE DIAMONDS SIX,0.646,0.0044,0.3496
CLUBS FOUR DIAMONDS SIX,0.662,0.0068,0.3312
HEARTS ACE HEARTS JACK,0.4116,0.0058,0.5826
DIAMONDS EIGHT CLUBS ACE,0.4652,0.0042,0.5306
HEARTS JACK HEARTS QUEEN,0.7018,0.0248,0.2734
DIAMONDS EIGHT CLUBS KING,0.7082,0.0662,0.2256
CLUBS NINE DIAMONDS SIX,0.6656,0.0044,0.33
HEARTS KING HEARTS JACK,0.6598,0.0626,0.2776
DIAMONDS EIGHT CLUBS QUEEN,0.7656,0.0258,0.2086
CLUBS EIGHT DIAMONDS SIX,0.647,0.0064,0.3466
SPADES FIVE DIAMONDS SIX,0.637,0.006,0.357
SPADES TEN HEARTS KING,0.706,0.058,0.236
HEARTS ACE SPADES TWO,0.4492,0.005,0.5458
SPADES JACK HEARTS KING,0.695,0.0594,0.2456
SPADES FOUR DIAMONDS SIX,0.6512,0.0058,0.343
SPADES THREE DIAMONDS SIX,0.6782,0.0086,0.3132
SPADES TWO HEARTS QUEEN,0.7686,0.028,0.2034
HEARTS KING SPADES TWO,0.7096,0.063,0.2274
SPADES TWO DIAMONDS SIX,0.675,0.0074,0.3176
HEARTS TEN HEARTS EIGHT,0.6278,0.0052,0.367
SPADES NINE DIAMONDS SIX,0.6628,0.0064,0.3308
HEARTS JACK HEARTS EIGHT,0.6388,0.0076,0.3536
SPADES EIGHT DIAMONDS SIX,0.658,0.0064,0.3356
SPADES SEVEN DIAMONDS SIX,0.6462,0.0048,0.349
SPADES SIX DIAMONDS SIX,0.504,0.0076,0.4884
CLUBS ACE CLUBS KING,0.2634,0.0132,0.7234
SPADES ACE HEARTS KING,0.276,0.0112,0.7128
SPADES ACE HEARTS JACK,0.4312,0.006,0.5628
SPADES TEN DIAMONDS TEN,0.466,0.0056,0.5284
SPADES JACK DIAMONDS TEN,0.6532,0.0076,0.3392
SPADES JACK HEARTS JACK,0.4478,0.0068,0.5454
SPADES ACE DIAMONDS TEN,0.425,0.0042,0.5708
SPADES TEN HEARTS JACK,0.6572,0.0072,0.3356
SPADES NINE DIAMONDS SEVEN,0.6592,0.0064,0.3344
SPADES EIGHT DIAMONDS SEVEN,0.6582,0.0058,0.336
SPADES SEVEN DIAMONDS SEVEN,0.495,0.0088,0.4962
SPADES SIX DIAMONDS SEVEN,0.6406,0.0066,0.3528
DIAMONDS KING DIAMONDS SEVEN,0.6754,0.0562,0.2684
HEARTS THREE DIAMONDS SEVEN,0.6916,0.0062,0.3022
HEARTS KING DIAMONDS FIVE,0.7012,0.0626,0.2362
DIAMONDS QUEEN DIAMONDS SEVEN,0.7214,0.021,0.2576
HEARTS TWO DIAMONDS SEVEN,0.6908,0.0072,0.302
HEARTS QUEEN DIAMONDS FIVE,0.7416,0.026,0.2324
HEARTS FIVE DIAMONDS SEVEN,0.6566,0.0048,0.3386
DIAMONDS ACE DIAMONDS SEVEN,0.4246,0.0048,0.5706
HEARTS FOUR DIAMONDS SEVEN,0.6694,0.0054,0.3252
HEARTS ACE DIAMONDS FIVE,0.448,0.006,0.546
HEARTS SEVEN DIAMONDS SEVEN,0.5008,0.0054,0.4938
HEARTS SIX DIAMONDS SEVEN,0.6552,0.0044,0.3404
HEARTS NINE DIAMONDS SEVEN,0.6586,0.0074,0.334
DIAMONDS SEVEN HEARTS EIGHT,0.6566,0.0058,0.3376
DIAMONDS JACK DIAMONDS SEVEN,0.6444,0.0084,0.3472
HEARTS JACK DIAMONDS FIVE,0.6984,0.0054,0.2962
DIAMONDS TEN DIAMONDS SEVEN,0.6354,0.007,0.3576
DIAMONDS FIVE HEARTS TEN,0.6958,0.008,0.2962
HEARTS KING CLUBS KING,0.1534,0.0084,0.8382
CLUBS EIGHT DIAMONDS SEVEN,0.6646,0.0062,0.3292
HEARTS KING CLUBS QUEEN,0.0744,0.902,0.0236
CLUBS NINE DIAMONDS SEVEN,0.6718,0.0062,0.322
SPADES TWO CLUBS JACK,0.6978,0.0074,0.2948
SPADES ACE CLUBS TWO,0.4352,0.0064,0.5584
SPADES TWO CLUBS TEN,0.6954,0.0066,0.298
HEARTS KING CLUBS ACE,0.2774,0.0114,0.7112
CLUBS SIX CLUBS SEVEN,0.6114,0.0054,0.3832
SPADES TWO CLUBS KING,0.7148,0.0638,0.2214
SPADES TWO DIAMONDS SEVEN,0.6726,0.0072,0.3202
CLUBS EIGHT CLUBS SIX,0.628,0.0056,0.3664
SPADES THREE DIAMONDS SEVEN,0.6716,0.006,0.3224
SPADES TWO CLUBS QUEEN,0.763,0.0264,0.2106
CLUBS NINE CLUBS SIX,0.6286,0.0074,0.364
SPADES FOUR DIAMONDS SEVEN,0.6658,0.0064,0.3278
HEARTS KING CLUBS JACK,0.7126,0.0546,0.2328
SPADES FIVE DIAMONDS SEVEN,0.6412,0.0094,0.3494
SPADES TWO CLUBS ACE,0.4482,0.0062,0.5456
HEARTS KING CLUBS TEN,0.6992,0.061,0.2398
CLUBS SIX SPADES TWO,0.6888,0.007,0.3042
CLUBS SIX SPADES THREE,0.6536,0.0094,0.337
CLUBS TWO DIAMONDS SEVEN,0.6914,0.0098,0.2988
CLUBS SIX SPADES FOUR,0.659,0.0076,0.3334
CLUBS THREE DIAMONDS SEVEN,0.6766,0.0062,0.3172
CLUBS SIX SPADES FIVE,0.6438,0.008,0.3482
CLUBS FOUR DIAMONDS SEVEN,0.6656,0.0076,0.3268
CLUBS SIX SPADES SIX,0.4894,0.008,0.5026
CLUBS FIVE DIAMONDS SEVEN,0.6478,0.0094,0.3428
CLUBS SIX SPADES SEVEN,0.6376,0.0054,0.357
CLUBS SIX DIAMONDS SEVEN,0.6644,0.0046,0.331
CLUBS SIX SPADES EIGHT,0.657,0.0042,0.3388
SPADES JACK CLUBS TWO,0.714,0.0076,0.2784
SPADES TEN CLUBS TWO,0.6952,0.0084,0.2964
CLUBS SIX SPADES NINE,0.6622,0.0056,0.3322
CLUBS SEVEN DIAMONDS SEVEN,0.4916,0.0036,0.5048
CLUBS TWO CLUBS QUEEN,0.712,0.0282,0.2598
CLUBS TWO CLUBS KING,0.6728,0.0572,0.27
CLUBS THREE DIAMONDS EIGHT,0.6886,0.0074,0.304
CLUBS TWO CLUBS ACE,0.432,0.006,0.562
CLUBS TWO DIAMONDS EIGHT,0.694,0.0074,0.2986
DIAMONDS EIGHT HEARTS SEVEN,0.6598,0.0064,0.3338
HEARTS SIX DIAMONDS EIGHT,0.6586,0.0062,0.3352
DIAMONDS EIGHT HEARTS NINE,0.6496,0.0092,0.3412
CLUBS TWO CLUBS TEN,0.6528,0.0078,0.3394
DIAMONDS EIGHT HEARTS EIGHT,0.4906,0.0072,0.5022
CLUBS TWO CLUBS JACK,0.6772,0.0064,0.3164
CLUBS NINE DIAMONDS EIGHT,0.6512,0.0092,0.3396
CLUBS EIGHT DIAMONDS EIGHT,0.4972,0.0046,0.4982
CLUBS FIVE DIAMONDS EIGHT,0.6612,0.0064,0.3324
SPADES ACE SPADES THREE,0.4154,0.0056,0.579
CLUBS FOUR DIAMONDS EIGHT,0.6682,0.0068,0.325
CLUBS SEVEN DIAMONDS EIGHT,0.6656,0.005,0.3294
CLUBS SIX DIAMONDS EIGHT,0.6654,0.0056,0.329
DIAMONDS QUEEN DIAMONDS EIGHT,0.7208,0.0222,0.257
HEARTS TWO DIAMONDS EIGHT,0.6844,0.0058,0.3098
DIAMONDS KING DIAMONDS EIGHT,0.6704,0.0588,0.2708
HEARTS THREE DIAMONDS EIGHT,0.698,0.0068,0.2952
DIAMONDS ACE DIAMONDS EIGHT,0.448,0.0038,0.5482
HEARTS FOUR DIAMONDS EIGHT,0.6912,0.0074,0.3014
HEARTS FIVE DIAMONDS EIGHT,0.6764,0.0074,0.3162
DIAMONDS EIGHT DIAMONDS TEN,0.6184,0.0086,0.373
DIAMONDS EIGHT DIAMONDS JACK,0.6404,0.006,0.3536
SPADES JACK SPADES THREE,0.6966,0.008,0.2954
SPADES TEN SPADES THREE,0.6938,0.007,0.2992
CLUBS FOUR HEARTS ACE,0.4536,0.0052,0.5412
CLUBS FOUR HEARTS QUEEN,0.7506,0.0256,0.2238
CLUBS FOUR HEARTS KING,0.7144,0.058,0.2276
CLUBS SIX HEARTS TEN,0.6756,0.007,0.3174
CLUBS SIX HEARTS JACK,0.6926,0.0052,0.3022
SPADES FOUR DIAMONDS EIGHT,0.6712,0.0068,0.322
SPADES FIVE DIAMONDS EIGHT,0.6576,0.0072,0.3352
DIAMONDS EIGHT SPADES TWO,0.6832,0.0074,0.3094
SPADES THREE DIAMONDS EIGHT,0.6924,0.0064,0.3012
CLUBS FOUR HEARTS JACK,0.7016,0.005,0.2934
SPADES EIGHT DIAMONDS EIGHT,0.492,0.005,0.503
SPADES JACK HEARTS EIGHT,0.6788,0.009,0.3122
SPADES TEN HEARTS TWO,0.7012,0.009,0.2898
SPADES TEN DIAMONDS QUEEN,0.7446,0.0262,0.2292
CLUBS FOUR HEARTS TEN,0.6934,0.0064,0.3002
SPADES JACK DIAMONDS QUEEN,0.7268,0.0258,0.2474
SPADES JACK HEARTS TWO,0.6948,0.0068,0.2984
SPADES TEN HEARTS EIGHT,0.6606,0.0076,0.3318
SPADES NINE DIAMONDS EIGHT,0.6534,0.0074,0.3392
SPADES SIX DIAMONDS EIGHT,0.6524,0.0062,0.3414
SPADES SEVEN DIAMONDS EIGHT,0.6596,0.0058,0.3346
SPADES ACE HEARTS TWO,0.458,0.0068,0.5352
SPADES ACE DIAMONDS QUEEN,0.2854,0.0128,0.7018
SPADES ACE HEARTS EIGHT,0.4618,0.0038,0.5344
CLUBS TWO HEARTS TEN,0.7016,0.0092,0.2892
CLUBS TWO HEARTS JACK,0.708,0.0082,0.2838
SPADES SEVEN DIAMONDS NINE,0.6574,0.0056,0.337
SPADES SIX DIAMONDS NINE,0.657,0.0082,0.3348
SPADES NINE DIAMONDS NINE,0.4812,0.0044,0.5144
SPADES EIGHT DIAMONDS NINE,0.6372,0.0078,0.355
SPADES TEN CLUBS KING,0.7052,0.063,0.2318
DIAMONDS NINE SPADES THREE,0.6748,0.0062,0.319
SPADES JACK CLUBS KING,0.7042,0.0568,0.239
DIAMONDS NINE SPADES TWO,0.6992,0.0068,0.294
SPADES FIVE DIAMONDS NINE,0.6752,0.0044,0.3204
SPADES FOUR DIAMONDS NINE,0.6872,0.006,0.3068
CLUBS NINE DIAMONDS NINE,0.4666,0.0042,0.5292
CLUBS EIGHT DIAMONDS NINE,0.6544,0.0062,0.3394
CLUBS SIX DIAMONDS NINE,0.6626,0.0056,0.3318
SPADES JACK CLUBS FOUR,0.6922,0.0072,0.3006
SPADES TEN CLUBS FOUR,0.701,0.0052,0.2938
CLUBS SEVEN DIAMONDS NINE,0.66,0.0054,0.3346
CLUBS FOUR DIAMONDS NINE,0.6914,0.0072,0.3014
CLUBS FIVE DIAMONDS NINE,0.6814,0.0066,0.312
CLUBS TWO DIAMONDS NINE,0.6852,0.004,0.3108
CLUBS THREE DIAMONDS NINE,0.6866,0.0044,0.309
DIAMONDS NINE HEARTS EIGHT,0.639,0.0048,0.3562
DIAMONDS NINE HEARTS NINE,0.4874,0.003,0.5096
HEARTS SIX DIAMONDS NINE,0.6582,0.0038,0.338
DIAMONDS NINE HEARTS SEVEN,0.6642,0.007,0.3288
CLUBS EIGHT CLUBS NINE,0.6092,0.0052,0.3856
DIAMONDS ACE DIAMONDS NINE,0.4344,0.0048,0.5608
HEARTS FOUR DIAMONDS NINE,0.6844,0.0102,0.3054
HEARTS FIVE DIAMONDS NINE,0.684,0.0064,0.3096
CLUBS TWO HEARTS ACE,0.4592,0.0074,0.5334
SPADES ACE CLUBS FOUR,0.4392,0.0056,0.5552
DIAMONDS QUEEN DIAMONDS NINE,0.7028,0.0272,0.27
HEARTS TWO DIAMONDS NINE,0.6854,0.0066,0.308
CLUBS TWO HEARTS KING,0.6958,0.0694,0.2348
DIAMONDS KING DIAMONDS NINE,0.6778,0.0576,0.2646
HEARTS THREE DIAMONDS NINE,0.69,0.008,0.302
CLUBS TWO HEARTS QUEEN,0.7618,0.028,0.2102
DIAMONDS NINE DIAMONDS JACK,0.6258,0.0072,0.367
CLUBS EIGHT SPADES NINE,0.6378,0.0068,0.3554
DIAMONDS NINE DIAMONDS TEN,0.6132,0.0084,0.3784
CLUBS EIGHT SPADES EIGHT,0.4926,0.006,0.5014
CLUBS EIGHT SPADES SEVEN,0.6588,0.009,0.3322
CLUBS EIGHT SPADES SIX,0.652,0.008,0.34
CLUBS EIGHT SPADES FIVE,0.663,0.009,0.328
CLUBS EIGHT SPADES FOUR,0.6818,0.0064,0.3118
CLUBS EIGHT SPADES THREE,0.6796,0.0066,0.3138
CLUBS EIGHT SPADES TWO,0.6934,0.0076,0.299
HEARTS SIX DIAMONDS TEN,0.6824,0.0056,0.312
DIAMONDS TEN HEARTS SEVEN,0.669,0.005,0.326
DIAMONDS TEN HEARTS EIGHT,0.6754,0.0052,0.3194
CLUBS FOUR CLUBS JACK,0.6502,0.0076,0.3422
DIAMONDS TEN HEARTS NINE,0.6562,0.006,0.3378
CLUBS FOUR CLUBS TEN,0.6614,0.0074,0.3312
CLUBS FOUR CLUBS KING,0.6676,0.0544,0.278
CLUBS FOUR CLUBS QUEEN,0.7134,0.0266,0.26
CLUBS TWO DIAMONDS TEN,0.6992,0.006,0.2948
CLUBS THREE DIAMONDS TEN,0.7024,0.0076,0.29
CLUBS FOUR CLUBS ACE,0.4282,0.0062,0.5656
DIAMONDS JACK DIAMONDS TEN,0.6274,0.0076,0.365
DIAMONDS QUEEN DIAMONDS TEN,0.698,0.0226,0.2794
HEARTS TWO DIAMONDS TEN,0.6974,0.007,0.2956
DIAMONDS KING DIAMONDS TEN,0.664,0.059,0.277
HEARTS THREE DIAMONDS TEN,0.686,0.0076,0.3064
DIAMONDS ACE DIAMONDS TEN,0.4114,0.0054,0.5832
HEARTS FOUR DIAMONDS TEN,0.6968,0.0064,0.2968
CLUBS EIGHT HEARTS JACK,0.68,0.0064,0.3136
HEARTS FIVE DIAMONDS TEN,0.6846,0.0038,0.3116
CLUBS EIGHT HEARTS TEN,0.66,0.0066,0.3334
CLUBS EIGHT HEARTS QUEEN,0.7444,0.0254,0.2302
CLUBS EIGHT HEARTS KING,0.7094,0.0672,0.2234
CLUBS EIGHT HEARTS ACE,0.443,0.0054,0.5516
CLUBS NINE SPADES THREE,0.695,0.0082,0.2968
CLUBS NINE SPADES TWO,0.6868,0.0062,0.307
CLUBS NINE SPADES FIVE,0.6688,0.0078,0.3234
CLUBS NINE SPADES FOUR,0.681,0.0066,0.3124
CLUBS NINE SPADES SEVEN,0.6534,0.008,0.3386
CLUBS NINE SPADES SIX,0.6658,0.007,0.3272
CLUBS NINE SPADES NINE,0.4648,0.0046,0.5306
CLUBS TEN HEARTS EIGHT,0.6672,0.008,0.3248
CLUBS NINE SPADES EIGHT,0.6416,0.0062,0.3522
CLUBS JACK HEARTS EIGHT,0.681,0.0066,0.3124
CLUBS QUEEN HEARTS EIGHT,0.7584,0.0258,0.2158
CLUBS KING HEARTS EIGHT,0.7204,0.0616,0.218
CLUBS ACE HEARTS EIGHT,0.4532,0.0058,0.541
SPADES ACE CLUBS KING,0.273,0.014,0.713
DIAMONDS ACE HEARTS TEN,0.4336,0.0028,0.5636
HEARTS FOUR HEARTS TEN,0.6494,0.0066,0.344
DIAMONDS ACE HEARTS JACK,0.4474,0.0066,0.546
HEARTS FOUR HEARTS JACK,0.675,0.006,0.319
SPADES ACE CLUBS FIVE,0.4608,0.0038,0.5354
DIAMONDS JACK HEARTS SEVEN,0.6796,0.0066,0.3138
HEARTS SIX DIAMONDS JACK,0.6998,0.0052,0.295
DIAMONDS JACK HEARTS NINE,0.6662,0.0058,0.328
DIAMONDS JACK HEARTS EIGHT,0.695,0.0062,0.2988
DIAMONDS KING DIAMONDS JACK,0.6646,0.0596,0.2758
HEARTS THREE DIAMONDS JACK,0.7006,0.0066,0.2928
SPADES FOUR HEARTS ACE,0.4564,0.0054,0.5382
SPADES ACE SPADES SIX,0.4098,0.0064,0.5838
DIAMONDS QUEEN DIAMONDS JACK,0.702,0.0232,0.2748
HEARTS TWO DIAMONDS JACK,0.7008,0.0068,0.2924
HEARTS FIVE DIAMONDS JACK,0.6874,0.0082,0.3044
SPADES FOUR HEARTS QUEEN,0.7496,0.0282,0.2222
DIAMONDS ACE DIAMONDS JACK,0.4216,0.0054,0.573
HEARTS FOUR DIAMONDS JACK,0.6936,0.0062,0.3002
SPADES FOUR HEARTS KING,0.6906,0.065,0.2444
SPADES TEN SPADES SIX,0.6724,0.0066,0.321
SPADES JACK SPADES SIX,0.6978,0.0066,0.2956
SPADES FOUR DIAMONDS JACK,0.6992,0.0066,0.2942
SPADES FIVE DIAMONDS JACK,0.6782,0.0096,0.3122
SPADES TWO DIAMONDS JACK,0.703,0.0084,0.2886
SPADES THREE DIAMONDS JACK,0.6984,0.0074,0.2942
SPADES ACE DIAMONDS THREE,0.4494,0.0064,0.5442
CLUBS EIGHT DIAMONDS JACK,0.6786,0.0066,0.3148
CLUBS NINE DIAMONDS JACK,0.6822,0.0052,0.3126
CLUBS SIX DIAMONDS JACK,0.7008,0.0072,0.292
CLUBS SEVEN DIAMONDS JACK,0.699,0.0054,0.2956
CLUBS FOUR DIAMONDS JACK,0.6992,0.007,0.2938
CLUBS FIVE DIAMONDS JACK,0.688,0.0072,0.3048
CLUBS TWO DIAMONDS JACK,0.7082,0.0056,0.2862
CLUBS THREE DIAMONDS JACK,0.7028,0.0066,0.2906
SPADES JACK HEARTS SIX,0.7066,0.0062,0.2872
SPADES TEN CLUBS FIVE,0.6878,0.0078,0.3044
SPADES JACK CLUBS FIVE,0.7042,0.0088,0.287
SPADES TEN HEARTS SIX,0.6692,0.0062,0.3246
SPADES JACK DIAMONDS THREE,0.7008,0.0104,0.2888
CLUBS SEVEN CLUBS ACE,0.4288,0.0042,0.567
SPADES TEN DIAMONDS THREE,0.6932,0.0072,0.2996
CLUBS SEVEN CLUBS QUEEN,0.714,0.0266,0.2594
CLUBS SEVEN CLUBS KING,0.6738,0.057,0.2692
SPADES NINE DIAMONDS JACK,0.6648,0.0068,0.3284
CLUBS SEVEN CLUBS TEN,0.6362,0.0068,0.357
DIAMONDS ACE HEARTS ACE,0.1816,0.0042,0.8142
HEARTS FOUR HEARTS ACE,0.4282,0.0052,0.5666
SPADES EIGHT DIAMONDS JACK,0.6726,0.0072,0.3202
SPADES ACE HEARTS SIX,0.4528,0.0054,0.5418
CLUBS SEVEN CLUBS JACK,0.6454,0.007,0.3476
DIAMONDS ACE HEARTS KING,0.2948,0.0098,0.6954
HEARTS FOUR HEARTS KING,0.665,0.06,0.275
SPADES SEVEN DIAMONDS JACK,0.6864,0.007,0.3066
DIAMONDS ACE HEARTS QUEEN,0.31,0.0122,0.6778
HEARTS FOUR HEARTS QUEEN,0.7026,0.026,0.2714
SPADES SIX DIAMONDS JACK,0.6856,0.0066,0.3078
SPADES TWO DIAMONDS TEN,0.6982,0.0082,0.2936
SPADES THREE DIAMONDS TEN,0.6836,0.0054,0.311
SPADES FOUR DIAMONDS TEN,0.6906,0.0082,0.3012
SPADES FIVE DIAMONDS TEN,0.6864,0.0072,0.3064
SPADES SIX DIAMONDS TEN,0.6826,0.0082,0.3092
SPADES SEVEN DIAMONDS TEN,0.6692,0.0084,0.3224
SPADES EIGHT DIAMONDS TEN,0.648,0.007,0.345
SPADES NINE DIAMONDS TEN,0.6518,0.0064,0.3418
CLUBS FOUR DIAMONDS TEN,0.6982,0.0058,0.296
CLUBS FIVE DIAMONDS TEN,0.6942,0.0064,0.2994
CLUBS SIX DIAMONDS TEN,0.6802,0.008,0.3118
CLUBS SEVEN DIAMONDS TEN,0.6742,0.007,0.3188
CLUBS EIGHT DIAMONDS TEN,0.6646,0.0064,0.329
CLUBS NINE DIAMONDS TEN,0.6684,0.0068,0.3248
DIAMONDS THREE CLUBS JACK,0.6986,0.007,0.2944
DIAMONDS THREE CLUBS TEN,0.698,0.0078,0.2942
DIAMONDS THREE CLUBS KING,0.719,0.0666,0.2144
DIAMONDS THREE CLUBS QUEEN,0.7532,0.0262,0.2206
DIAMONDS THREE CLUBS ACE,0.449,0.006,0.545
SPADES FOUR HEARTS JACK,0.6732,0.0096,0.3172
SPADES FOUR HEARTS TEN,0.6956,0.0066,0.2978
SPADES FIVE SPADES TWO,0.6592,0.0084,0.3324
SPADES FOUR SPADES TWO,0.6488,0.0086,0.3426
SPADES THREE SPADES TWO,0.662,0.0104,0.3276
SPADES NINE SPADES TWO,0.6796,0.0098,0.3106
SPADES EIGHT SPADES TWO,0.6938,0.0082,0.298
SPADES SEVEN SPADES TWO,0.6916,0.0074,0.301
SPADES SIX SPADES TWO,0.6854,0.0066,0.308
DIAMONDS QUEEN CLUBS THREE,0.764,0.03,0.206
HEARTS TWO CLUBS THREE,0.6824,0.0076,0.31
DIAMONDS QUEEN CLUBS TWO,0.7712,0.0278,0.201
CLUBS TWO HEARTS TWO,0.5062,0.0084,0.4854
DIAMONDS QUEEN HEARTS SEVEN,0.7616,0.0236,0.2148
HEARTS TWO HEARTS SEVEN,0.6654,0.009,0.3256
HEARTS SIX DIAMONDS QUEEN,0.7544,0.0222,0.2234
HEARTS SIX HEARTS TWO,0.6388,0.007,0.3542
DIAMONDS QUEEN HEARTS NINE,0.7462,0.029,0.2248
HEARTS TWO HEARTS NINE,0.6514,0.0084,0.3402
DIAMONDS QUEEN HEARTS EIGHT,0.7522,0.026,0.2218
HEARTS TWO HEARTS EIGHT,0.6504,0.005,0.3446
CLUBS NINE HEARTS TWO,0.7032,0.0046,0.2922
CLUBS NINE DIAMONDS QUEEN,0.738,0.0252,0.2368
CLUBS EIGHT HEARTS TWO,0.6852,0.0068,0.308
CLUBS EIGHT DIAMONDS QUEEN,0.7668,0.0282,0.205
CLUBS FIVE DIAMONDS QUEEN,0.7496,0.0254,0.225
CLUBS FIVE HEARTS TWO,0.6554,0.0084,0.3362
SPADES EIGHT HEARTS ACE,0.4596,0.0062,0.5342
CLUBS FOUR DIAMONDS QUEEN,0.7472,0.0252,0.2276
CLUBS FOUR HEARTS TWO,0.6734,0.0084,0.3182
SPADES EIGHT HEARTS QUEEN,0.7618,0.0256,0.2126
CLUBS SEVEN HEARTS TWO,0.6806,0.0086,0.3108
CLUBS SEVEN DIAMONDS QUEEN,0.7494,0.0254,0.2252
CLUBS SIX DIAMONDS QUEEN,0.7422,0.0256,0.2322
CLUBS SIX HEARTS TWO,0.6724,0.0082,0.3194
SPADES EIGHT HEARTS KING,0.7086,0.0616,0.2298
DIAMONDS QUEEN SPADES SIX,0.7538,0.0274,0.2188
SPADES SIX HEARTS TWO,0.6816,0.0074,0.311
HEARTS FOUR CLUBS QUEEN,0.7578,0.0272,0.215
DIAMONDS ACE CLUBS QUEEN,0.2884,0.0112,0.7004
SPADES SEVEN DIAMONDS QUEEN,0.7424,0.0304,0.2272
SPADES SEVEN HEARTS TWO,0.687,0.006,0.307
HEARTS FOUR CLUBS KING,0.722,0.0566,0.2214
DIAMONDS ACE CLUBS KING,0.2836,0.0112,0.7052
SPADES EIGHT DIAMONDS QUEEN,0.7542,0.0288,0.217
SPADES EIGHT HEARTS TWO,0.6954,0.007,0.2976
HEARTS FOUR CLUBS ACE,0.4658,0.0048,0.5294
DIAMONDS ACE CLUBS ACE,0.1834,0.005,0.8116
SPADES NINE HEARTS TWO,0.6928,0.0078,0.2994
SPADES NINE DIAMONDS QUEEN,0.7422,0.0238,0.234
HEARTS TWO SPADES TWO,0.4988,0.0092,0.492
DIAMONDS QUEEN SPADES TWO,0.7664,0.027,0.2066
HEARTS TWO SPADES THREE,0.6738,0.0094,0.3168
DIAMONDS QUEEN SPADES THREE,0.7632,0.0252,0.2116
HEARTS TWO SPADES FOUR,0.6654,0.0084,0.3262
DIAMONDS QUEEN SPADES FOUR,0.7584,0.031,0.2106
HEARTS FOUR CLUBS TEN,0.7038,0.0062,0.29
DIAMONDS ACE CLUBS TEN,0.4472,0.0038,0.549
DIAMONDS QUEEN SPADES FIVE,0.7418,0.0322,0.226
HEARTS TWO SPADES FIVE,0.6678,0.008,0.3242
HEARTS FOUR CLUBS JACK,0.7022,0.0104,0.2874
DIAMONDS ACE CLUBS JACK,0.433,0.0036,0.5634
CLUBS FIVE CLUBS KING,0.6622,0.0562,0.2816
CLUBS FIVE CLUBS QUEEN,0.7044,0.0256,0.27
CLUBS FIVE CLUBS ACE,0.4206,0.004,0.5754
CLUBS FIVE CLUBS JACK,0.6516,0.0078,0.3406
CLUBS FIVE CLUBS TEN,0.6534,0.0084,0.3382
SPADES ACE CLUBS JACK,0.4228,0.0064,0.5708
SPADES SIX CLUBS KING,0.7044,0.0634,0.2322
SPADES SIX CLUBS QUEEN,0.7416,0.0276,0.2308
SPADES EIGHT HEARTS JACK,0.6776,0.0088,0.3136
SPADES SIX CLUBS ACE,0.454,0.0054,0.5406
SPADES EIGHT HEARTS TEN,0.6594,0.0074,0.3332
SPADES SIX CLUBS JACK,0.6914,0.0092,0.2994
SPADES SIX CLUBS TEN,0.6802,0.0074,0.3124
SPADES TEN CLUBS JACK,0.6438,0.008,0.3482
SPADES JACK CLUBS JACK,0.4648,0.0054,0.5298
SPADES ACE CLUBS SEVEN,0.4672,0.0042,0.5286
SPADES SIX HEARTS TEN,0.6812,0.0062,0.3126
SPADES SIX HEARTS JACK,0.6958,0.0058,0.2984
SPADES SIX HEARTS ACE,0.4538,0.0064,0.5398
SPADES SIX HEARTS KING,0.704,0.064,0.232
SPADES SIX HEARTS QUEEN,0.7462,0.0254,0.2284
SPADES JACK CLUBS SEVEN,0.6914,0.0048,0.3038
SPADES TEN CLUBS SEVEN,0.6704,0.0078,0.3218
HEARTS SIX CLUBS TEN,0.6866,0.0068,0.3066
HEARTS SIX CLUBS JACK,0.7014,0.0076,0.291
CLUBS ACE CLUBS JACK,0.412,0.0054,0.5826
HEARTS SIX CLUBS QUEEN,0.7538,0.0264,0.2198
HEARTS SIX CLUBS KING,0.709,0.0588,0.2322
HEARTS SIX CLUBS ACE,0.4622,0.0044,0.5334
CLUBS QUEEN CLUBS JACK,0.7006,0.0238,0.2756
CLUBS KING CLUBS JACK,0.667,0.0606,0.2724
DIAMONDS THREE HEARTS ACE,0.4554,0.0032,0.5414
DIAMONDS THREE HEARTS QUEEN,0.7582,0.0226,0.2192
DIAMONDS THREE HEARTS KING,0.7094,0.0666,0.224
CLUBS FIVE HEARTS JACK,0.6962,0.0064,0.2974
HEARTS FOUR SPADES TEN,0.676,0.007,0.317
SPADES TEN DIAMONDS ACE,0.4398,0.005,0.5552
CLUBS FIVE HEARTS TEN,0.6894,0.0068,0.3038
SPADES JACK DIAMONDS ACE,0.4338,0.006,0.5602
HEARTS FOUR SPADES JACK,0.6942,0.0068,0.299
SPADES ACE HEARTS FOUR,0.4416,0.0054,0.553
SPADES ACE DIAMONDS ACE,0.1664,0.0044,0.8292
CLUBS FIVE HEARTS ACE,0.4568,0.005,0.5382
CLUBS FIVE HEARTS KING,0.707,0.0618,0.2312
SPADES FOUR CLUBS JACK,0.695,0.0096,0.2954
CLUBS FIVE HEARTS QUEEN,0.7508,0.0262,0.223
SPADES FOUR CLUBS TEN,0.6996,0.0066,0.2938
DIAMONDS QUEEN DIAMONDS ACE,0.2796,0.0114,0.709
HEARTS TWO DIAMONDS ACE,0.4594,0.0054,0.5352
HEARTS FOUR DIAMONDS QUEEN,0.7544,0.0254,0.2202
HEARTS FOUR HEARTS TWO,0.6336,0.0056,0.3608
DIAMONDS THREE HEARTS TEN,0.6956,0.0058,0.2986
SPADES FOUR CLUBS KING,0.7086,0.0616,0.2298
HEARTS FIVE DIAMONDS QUEEN,0.7552,0.0236,0.2212
HEARTS FIVE HEARTS TWO,0.6218,0.007,0.3712
DIAMONDS THREE HEARTS JACK,0.6942,0.006,0.2998
SPADES FOUR CLUBS QUEEN,0.756,0.0272,0.2168
DIAMONDS QUEEN HEARTS TWO,0.7542,0.026,0.2198
DIAMONDS KING DIAMONDS QUEEN,0.075,0.8486,0.0764
DIAMONDS KING HEARTS TWO,0.7294,0.0634,0.2072
HEARTS THREE DIAMONDS QUEEN,0.7624,0.0228,0.2148
HEARTS THREE HEARTS TWO,0.6344,0.006,0.3596
SPADES FOUR CLUBS ACE,0.445,0.0046,0.5504
HEARTS TWO CLUBS ACE,0.4504,0.0044,0.5452
DIAMONDS QUEEN CLUBS ACE,0.2912,0.0128,0.696
HEARTS TWO CLUBS QUEEN,0.7592,0.0296,0.2112
DIAMONDS QUEEN CLUBS QUEEN,0.3524,0.011,0.6366
HEARTS TWO CLUBS KING,0.7158,0.0672,0.217
DIAMONDS QUEEN CLUBS KING,0.062,0.9162,0.0218
SPADES EIGHT SPADES FIVE,0.6504,0.0094,0.3402
HEARTS TWO CLUBS TEN,0.6968,0.0094,0.2938
DIAMONDS QUEEN CLUBS TEN,0.7388,0.0256,0.2356
SPADES NINE SPADES FIVE,0.6714,0.0092,0.3194
HEARTS TWO CLUBS JACK,0.7058,0.0074,0.2868
DIAMONDS QUEEN CLUBS JACK,0.7374,0.0254,0.2372
SPADES SIX SPADES FIVE,0.6364,0.0092,0.3544
SPADES SEVEN SPADES FIVE,0.6362,0.0082,0.3556
DIAMONDS FIVE CLUBS QUEEN,0.7436,0.0248,0.2316
SPADES EIGHT CLUBS ACE,0.4644,0.0052,0.5304
CLUBS KING DIAMONDS FIVE,0.7004,0.0564,0.2432
SPADES EIGHT CLUBS KING,0.7056,0.0556,0.2388
CLUBS ACE DIAMONDS FIVE,0.4464,0.0042,0.5494
SPADES EIGHT CLUBS QUEEN,0.757,0.0284,0.2146
SPADES EIGHT CLUBS JACK,0.675,0.0086,0.3164
SPADES EIGHT CLUBS TEN,0.666,0.0086,0.3254
DIAMONDS FIVE CLUBS TEN,0.6858,0.007,0.3072
DIAMONDS FIVE CLUBS JACK,0.6974,0.0058,0.2968
HEARTS JACK DIAMONDS TEN,0.6476,0.0058,0.3466
DIAMONDS TEN HEARTS TEN,0.482,0.0032,0.5148
SPADES ACE CLUBS NINE,0.4394,0.004,0.5566
HEARTS SIX HEARTS KING,0.6596,0.0618,0.2786
DIAMONDS KING SPADES SEVEN,0.7168,0.0626,0.2206
HEARTS THREE SPADES SEVEN,0.6786,0.0066,0.3148
HEARTS SIX HEARTS QUEEN,0.706,0.0268,0.2672
DIAMONDS KING SPADES SIX,0.7072,0.061,0.2318
HEARTS THREE SPADES SIX,0.6654,0.0088,0.3258
HEARTS THREE SPADES NINE,0.6906,0.0092,0.3002
SPADES NINE DIAMONDS KING,0.7054,0.061,0.2336
HEARTS SIX HEARTS ACE,0.4406,0.003,0.5564
