opposingHand,winningChance,drawChance,lostChance
SPADES QUEEN CLUBS FIVE
SPADES TEN HEARTS FIVE,0.7254,0.0528,0.2218
SPADES JACK HEARTS FIVE,0.7192,0.0496,0.2312
SPADES FIVE CLUBS JACK,0.7186,0.051,0.2304
CLUBS TEN SPADES FIVE,0.7108,0.0488,0.2404
CLUBS EIGHT CLUBS JACK,0.5346,0.013,0.4524
CLUBS TEN CLUBS EIGHT,0.5308,0.0118,0.4574
CLUBS EIGHT CLUBS KING,0.3434,0.007,0.6496
SPADES FIVE CLUBS ACE,0.2298,0.0316,0.7386
CLUBS EIGHT CLUBS QUEEN,0.2214,0.216,0.5626
SPADES FIVE CLUBS KING,0.2218,0.0398,0.7384
SPADES FIVE CLUBS QUEEN,0.007,0.9882,0.0048
CLUBS EIGHT CLUBS ACE,0.342,0.0052,0.6528
DIAMONDS TWO DIAMONDS THREE,0.5834,0.0138,0.4028
DIAMONDS TWO DIAMONDS FIVE,0.6466,0.052,0.3014
SPADES KING HEARTS FIVE,0.216,0.0408,0.7432
DIAMONDS TWO DIAMONDS FOUR,0.5978,0.0128,0.3894
DIAMONDS TWO DIAMONDS SEVEN,0.6012,0.0136,0.3852
DIAMONDS TWO DIAMONDS SIX,0.6042,0.014,0.3818
SPADES ACE HEARTS FIVE,0.2268,0.0314,0.7418
DIAMONDS TWO DIAMONDS NINE,0.589,0.0132,0.3978
DIAMONDS TWO DIAMONDS EIGHT,0.589,0.0126,0.3984
DIAMONDS THREE DIAMONDS FOUR,0.5942,0.0146,0.3912
CLUBS TWO SPADES FOUR,0.645,0.0156,0.3394
DIAMONDS THREE DIAMONDS FIVE,0.643,0.0532,0.3038
CLUBS TWO SPADES FIVE,0.6974,0.058,0.2446
CLUBS TWO SPADES TWO,0.436,0.0322,0.5318
CLUBS TWO SPADES THREE,0.649,0.012,0.339
DIAMONDS THREE DIAMONDS EIGHT,0.6,0.0098,0.3902
SPADES EIGHT CLUBS TWO,0.6352,0.0138,0.351
DIAMONDS THREE DIAMONDS NINE,0.5868,0.0096,0.4036
SPADES NINE CLUBS TWO,0.6348,0.0144,0.3508
DIAMONDS THREE DIAMONDS SIX,0.576,0.0154,0.4086
CLUBS TWO SPADES SIX,0.6194,0.0166,0.364
DIAMONDS THREE DIAMONDS SEVEN,0.6,0.011,0.389
SPADES SEVEN CLUBS TWO,0.6434,0.0144,0.3422
CLUBS SIX CLUBS TWO,0.5944,0.0144,0.3912
CLUBS SEVEN CLUBS TWO,0.6152,0.0164,0.3684
CLUBS FOUR CLUBS TWO,0.6264,0.0118,0.3618
CLUBS TEN CLUBS JACK,0.5036,0.006,0.4904
DIAMONDS FOUR DIAMONDS SIX,0.578,0.0114,0.4106
CLUBS TEN CLUBS QUEEN,0.2194,0.1168,0.6638
DIAMONDS FOUR DIAMONDS SEVEN,0.5782,0.0142,0.4076
CLUBS TEN CLUBS KING,0.3168,0.0076,0.6756
CLUBS TEN CLUBS ACE,0.3328,0.0032,0.664
CLUBS EIGHT CLUBS TWO,0.5878,0.0124,0.3998
DIAMONDS FIVE DIAMONDS FOUR,0.6184,0.0472,0.3344
CLUBS NINE CLUBS TWO,0.5856,0.0158,0.3986
DIAMONDS NINE DIAMONDS FOUR,0.584,0.0144,0.4016
DIAMONDS EIGHT DIAMONDS FOUR,0.5814,0.013,0.4056
CLUBS TWO CLUBS THREE,0.6156,0.012,0.3724
DIAMONDS NINE DIAMONDS FIVE,0.6534,0.0414,0.3052
DIAMONDS TWO CLUBS JACK,0.6248,0.0116,0.3636
DIAMONDS EIGHT DIAMONDS FIVE,0.6368,0.0438,0.3194
CLUBS TEN DIAMONDS TWO,0.631,0.0112,0.3578
DIAMONDS FIVE DIAMONDS SEVEN,0.6254,0.0444,0.3302
DIAMONDS FIVE DIAMONDS SIX,0.6078,0.0442,0.348
DIAMONDS TWO CLUBS ACE,0.3694,0.0056,0.625
DIAMONDS TWO CLUBS KING,0.3952,0.0106,0.5942
DIAMONDS TWO CLUBS QUEEN,0.3098,0.4466,0.2436
DIAMONDS EIGHT DIAMONDS SIX,0.5356,0.0096,0.4548
DIAMONDS NINE DIAMONDS SIX,0.5414,0.011,0.4476
HEARTS ACE SPADES THREE,0.3794,0.0036,0.617
HEARTS KING SPADES THREE,0.4062,0.0072,0.5866
DIAMONDS SEVEN DIAMONDS SIX,0.5312,0.01,0.4588
SPADES THREE HEARTS QUEEN,0.3176,0.4622,0.2202
SPADES THREE HEARTS JACK,0.6238,0.0126,0.3636
SPADES THREE HEARTS TEN,0.6306,0.0108,0.3586
DIAMONDS EIGHT DIAMONDS SEVEN,0.5346,0.0122,0.4532
DIAMONDS NINE DIAMONDS SEVEN,0.5282,0.0106,0.4612
DIAMONDS NINE DIAMONDS EIGHT,0.5198,0.0114,0.4688
DIAMONDS KING HEARTS TEN,0.334,0.0048,0.6612
HEARTS THREE HEARTS TEN,0.5818,0.0116,0.4066
SPADES JACK CLUBS SIX,0.5982,0.0136,0.3882
DIAMONDS KING HEARTS JACK,0.3444,0.005,0.6506
HEARTS THREE HEARTS JACK,0.585,0.0116,0.4034
SPADES TEN CLUBS SIX,0.5764,0.015,0.4086
SPADES JACK SPADES FIVE,0.6772,0.0514,0.2714
SPADES TEN SPADES FIVE,0.6874,0.0504,0.2622
DIAMONDS KING HEARTS ACE,0.3174,0.0038,0.6788
HEARTS THREE HEARTS ACE,0.3542,0.0038,0.642
SPADES ACE CLUBS SIX,0.3502,0.0066,0.6432
DIAMONDS KING HEARTS QUEEN,0.2354,0.026,0.7386
HEARTS THREE HEARTS QUEEN,0.308,0.4348,0.2572
SPADES KING CLUBS SIX,0.354,0.008,0.638
DIAMONDS KING HEARTS KING,0.1346,0.0034,0.862
HEARTS THREE HEARTS KING,0.373,0.0074,0.6196
SPADES NINE HEARTS TEN,0.553,0.011,0.436
SPADES NINE HEARTS JACK,0.5576,0.0108,0.4316
SPADES KING SPADES FIVE,0.2186,0.0406,0.7408
SPADES ACE SPADES FIVE,0.2338,0.0294,0.7368
SPADES NINE HEARTS QUEEN,0.2422,0.166,0.5918
SPADES NINE HEARTS KING,0.3662,0.0054,0.6284
SPADES NINE HEARTS ACE,0.3768,0.0032,0.62
CLUBS TEN SPADES JACK,0.5338,0.0118,0.4544
CLUBS TEN SPADES TEN,0.2808,0.0164,0.7028
SPADES ACE CLUBS TEN,0.3308,0.0048,0.6644
SPADES KING CLUBS TEN,0.335,0.0088,0.6562
SPADES FIVE HEARTS QUEEN,0.0196,0.9694,0.011
SPADES FIVE HEARTS KING,0.241,0.0372,0.7218
SPADES FIVE HEARTS ACE,0.2318,0.0272,0.741
HEARTS THREE SPADES JACK,0.6384,0.0126,0.349
SPADES JACK DIAMONDS KING,0.346,0.007,0.647
SPADES TEN CLUBS EIGHT,0.5566,0.0126,0.4308
SPADES JACK CLUBS EIGHT,0.5718,0.011,0.4172
HEARTS THREE SPADES TEN,0.6362,0.0112,0.3526
SPADES TEN DIAMONDS KING,0.3444,0.0072,0.6484
CLUBS SIX HEARTS ACE,0.3552,0.0036,0.6412
SPADES ACE CLUBS EIGHT,0.3468,0.0054,0.6478
HEARTS FIVE CLUBS JACK,0.702,0.0478,0.2502
CLUBS TEN HEARTS FIVE,0.7096,0.0464,0.244
CLUBS SIX HEARTS QUEEN,0.2254,0.3812,0.3934
CLUBS TEN SPADES THREE,0.6454,0.0134,0.3412
CLUBS SIX HEARTS KING,0.3606,0.0084,0.631
SPADES KING CLUBS EIGHT,0.3614,0.0076,0.631
SPADES THREE CLUBS JACK,0.626,0.0112,0.3628
DIAMONDS TWO HEARTS JACK,0.6336,0.0106,0.3558
SPADES THREE CLUBS QUEEN,0.3228,0.472,0.2052
DIAMONDS TWO HEARTS TEN,0.6348,0.0134,0.3518
SPADES THREE CLUBS KING,0.3918,0.009,0.5992
HEARTS FIVE CLUBS ACE,0.229,0.0306,0.7404
SPADES FIVE HEARTS TEN,0.7202,0.0492,0.2306
SPADES THREE CLUBS ACE,0.3794,0.0064,0.6142
HEARTS FIVE CLUBS KING,0.2338,0.0442,0.722
SPADES FIVE HEARTS JACK,0.7154,0.052,0.2326
HEARTS FIVE CLUBS QUEEN,0.0124,0.9662,0.0214
HEARTS THREE CLUBS KING,0.3844,0.0078,0.6078
DIAMONDS KING CLUBS KING,0.1408,0.0024,0.8568
HEARTS THREE CLUBS QUEEN,0.3322,0.4434,0.2244
DIAMONDS KING CLUBS QUEEN,0.226,0.0274,0.7466
HEARTS FIVE HEARTS JACK,0.6688,0.0468,0.2844
HEARTS FIVE HEARTS TEN,0.67,0.0452,0.2848
HEARTS THREE CLUBS ACE,0.3658,0.006,0.6282
DIAMONDS KING CLUBS ACE,0.3222,0.0036,0.6742
SPADES ACE CLUBS QUEEN,0.227,0.015,0.758
SPADES KING CLUBS QUEEN,0.217,0.0264,0.7566
HEARTS THREE CLUBS JACK,0.6368,0.0122,0.351
DIAMONDS KING CLUBS JACK,0.3422,0.009,0.6488
CLUBS TEN HEARTS THREE,0.6226,0.0118,0.3656
CLUBS TEN DIAMONDS KING,0.3338,0.0072,0.659
SPADES JACK CLUBS QUEEN,0.232,0.086,0.682
CLUBS SIX CLUBS QUEEN,0.2082,0.3612,0.4306
SPADES TEN CLUBS QUEEN,0.2262,0.1206,0.6532
CLUBS SIX CLUBS KING,0.3532,0.006,0.6408
CLUBS SIX CLUBS ACE,0.3444,0.005,0.6506
HEARTS FIVE HEARTS KING,0.2268,0.0428,0.7304
HEARTS FIVE HEARTS QUEEN,0.0226,0.9056,0.0718
CLUBS TEN CLUBS SIX,0.5594,0.0122,0.4284
HEARTS FIVE HEARTS ACE,0.2104,0.0282,0.7614
CLUBS SIX CLUBS JACK,0.5778,0.012,0.4102
SPADES SEVEN HEARTS JACK,0.5932,0.0098,0.397
SPADES SEVEN HEARTS TEN,0.5798,0.0114,0.4088
DIAMONDS TWO CLUBS TWO,0.4342,0.0282,0.5376
DIAMONDS TWO CLUBS THREE,0.6454,0.0126,0.342
HEARTS SIX DIAMONDS TWO,0.61,0.0128,0.3772
DIAMONDS TWO HEARTS QUEEN,0.3104,0.467,0.2226
DIAMONDS TWO HEARTS SEVEN,0.6524,0.0114,0.3362
DIAMONDS TWO HEARTS KING,0.3886,0.0088,0.6026
DIAMONDS TWO HEARTS EIGHT,0.6406,0.0116,0.3478
DIAMONDS TWO HEARTS ACE,0.3832,0.0052,0.6116
DIAMONDS TWO HEARTS NINE,0.6254,0.0132,0.3614
DIAMONDS TWO DIAMONDS QUEEN,0.2878,0.4358,0.2764
DIAMONDS TWO HEARTS TWO,0.4256,0.0348,0.5396
DIAMONDS TWO DIAMONDS KING,0.3822,0.0064,0.6114
HEARTS THREE DIAMONDS TWO,0.6424,0.0136,0.344
DIAMONDS TWO DIAMONDS ACE,0.364,0.0054,0.6306
HEARTS FOUR DIAMONDS TWO,0.651,0.0148,0.3342
DIAMONDS TWO HEARTS FIVE,0.7064,0.0496,0.244
SPADES SEVEN HEARTS ACE,0.3612,0.0034,0.6354
DIAMONDS TWO DIAMONDS TEN,0.599,0.011,0.39
SPADES SEVEN HEARTS KING,0.3598,0.0098,0.6304
DIAMONDS TWO DIAMONDS JACK,0.5938,0.0098,0.3964
SPADES SEVEN HEARTS QUEEN,0.2342,0.3162,0.4496
DIAMONDS TWO SPADES NINE,0.6308,0.014,0.3552
DIAMONDS TWO SPADES EIGHT,0.634,0.0148,0.3512
DIAMONDS TWO SPADES SEVEN,0.6446,0.0138,0.3416
DIAMONDS TWO SPADES SIX,0.6374,0.0126,0.35
DIAMONDS TWO SPADES FIVE,0.7042,0.054,0.2418
DIAMONDS TWO SPADES FOUR,0.6438,0.016,0.3402
DIAMONDS TWO SPADES THREE,0.6598,0.0138,0.3264
DIAMONDS TWO SPADES TWO,0.4382,0.0284,0.5334
CLUBS NINE DIAMONDS TWO,0.6298,0.0104,0.3598
DIAMONDS TWO CLUBS EIGHT,0.6334,0.0116,0.355
CLUBS SEVEN DIAMONDS TWO,0.6296,0.0136,0.3568
DIAMONDS TWO CLUBS SIX,0.6374,0.0168,0.3458
DIAMONDS TWO CLUBS FOUR,0.6426,0.0154,0.342
CLUBS FOUR SPADES FIVE,0.6688,0.0536,0.2776
CLUBS FOUR SPADES FOUR,0.4232,0.0324,0.5444
CLUBS FOUR SPADES THREE,0.6396,0.017,0.3434
CLUBS FOUR SPADES TWO,0.652,0.0144,0.3336
SPADES NINE CLUBS FOUR,0.6392,0.0142,0.3466
CLUBS FOUR SPADES EIGHT,0.6248,0.0148,0.3604
CLUBS FOUR SPADES SEVEN,0.631,0.0136,0.3554
CLUBS FOUR SPADES SIX,0.6106,0.0148,0.3746
SPADES ACE DIAMONDS SIX,0.3518,0.0022,0.646
SPADES KING DIAMONDS SIX,0.3466,0.0078,0.6456
SPADES TEN DIAMONDS SIX,0.6058,0.0116,0.3826
SPADES JACK DIAMONDS SIX,0.593,0.01,0.397
SPADES KING SPADES TWO,0.3756,0.0096,0.6148
SPADES ACE SPADES TWO,0.374,0.006,0.62
DIAMONDS JACK CLUBS JACK,0.2912,0.0122,0.6966
CLUBS TEN DIAMONDS JACK,0.543,0.0098,0.4472
DIAMONDS JACK CLUBS KING,0.3254,0.01,0.6646
DIAMONDS JACK CLUBS QUEEN,0.2306,0.0882,0.6812
DIAMONDS THREE DIAMONDS JACK,0.5928,0.0104,0.3968
DIAMONDS THREE DIAMONDS TEN,0.583,0.0114,0.4056
DIAMONDS JACK CLUBS ACE,0.3574,0.0038,0.6388
DIAMONDS THREE DIAMONDS KING,0.3738,0.0076,0.6186
HEARTS THREE DIAMONDS THREE,0.4398,0.0318,0.5284
DIAMONDS THREE DIAMONDS QUEEN,0.3082,0.4338,0.258
DIAMONDS THREE HEARTS TWO,0.629,0.0142,0.3568
HEARTS FIVE DIAMONDS THREE,0.6762,0.0504,0.2734
DIAMONDS THREE DIAMONDS ACE,0.3574,0.0044,0.6382
HEARTS FOUR DIAMONDS THREE,0.6448,0.0142,0.341
DIAMONDS THREE HEARTS SEVEN,0.6208,0.0132,0.366
SPADES TEN SPADES NINE,0.5122,0.0114,0.4764
HEARTS SIX DIAMONDS THREE,0.6232,0.0132,0.3636
SPADES JACK SPADES NINE,0.5352,0.0108,0.454
DIAMONDS THREE HEARTS NINE,0.624,0.0126,0.3634
HEARTS JACK DIAMONDS FOUR,0.623,0.0118,0.3652
HEARTS KING HEARTS ACE,0.309,0.0034,0.6876
SPADES TEN SPADES TWO,0.6006,0.0112,0.3882
DIAMONDS THREE HEARTS EIGHT,0.6342,0.0118,0.354
HEARTS TEN DIAMONDS FOUR,0.622,0.0122,0.3658
SPADES JACK SPADES TWO,0.6014,0.0098,0.3888
HEARTS QUEEN DIAMONDS FOUR,0.3308,0.4562,0.213
HEARTS KING DIAMONDS FOUR,0.3858,0.0064,0.6078
SPADES ACE SPADES NINE,0.3344,0.0042,0.6614
HEARTS ACE DIAMONDS FOUR,0.384,0.0046,0.6114
SPADES KING SPADES NINE,0.342,0.0076,0.6504
DIAMONDS THREE SPADES NINE,0.6316,0.0144,0.354
DIAMONDS THREE SPADES EIGHT,0.6432,0.0134,0.3434
DIAMONDS THREE SPADES SEVEN,0.6392,0.0156,0.3452
DIAMONDS THREE SPADES SIX,0.621,0.0136,0.3654
DIAMONDS THREE CLUBS SIX,0.6136,0.0132,0.3732
CLUBS ACE DIAMONDS FOUR,0.3746,0.0024,0.623
CLUBS SEVEN DIAMONDS THREE,0.6294,0.0094,0.3612
DIAMONDS THREE CLUBS FOUR,0.619,0.0164,0.3646
DIAMONDS FOUR CLUBS QUEEN,0.3094,0.472,0.2186
CLUBS KING DIAMONDS FOUR,0.3932,0.0082,0.5986
DIAMONDS THREE CLUBS TWO,0.6542,0.016,0.3298
CLUBS TEN DIAMONDS FOUR,0.6266,0.015,0.3584
DIAMONDS THREE CLUBS THREE,0.4254,0.0332,0.5414
DIAMONDS FOUR CLUBS JACK,0.6294,0.0098,0.3608
DIAMONDS THREE SPADES FOUR,0.6256,0.0158,0.3586
DIAMONDS THREE SPADES FIVE,0.6964,0.0496,0.254
DIAMONDS THREE SPADES TWO,0.6388,0.014,0.3472
DIAMONDS THREE SPADES THREE,0.4326,0.0354,0.532
CLUBS EIGHT DIAMONDS THREE,0.6418,0.0128,0.3454
CLUBS NINE DIAMONDS THREE,0.6186,0.0144,0.367
SPADES SEVEN CLUBS ACE,0.3542,0.0044,0.6414
SPADES SEVEN CLUBS QUEEN,0.2212,0.3084,0.4704
SPADES SEVEN CLUBS KING,0.3742,0.0084,0.6174
CLUBS TEN SPADES SEVEN,0.5756,0.0124,0.412
SPADES SEVEN CLUBS JACK,0.6062,0.01,0.3838
CLUBS ACE CLUBS QUEEN,0.2192,0.0178,0.763
CLUBS KING CLUBS QUEEN,0.2362,0.0248,0.739
DIAMONDS TEN DIAMONDS FOUR,0.5962,0.0062,0.3976
CLUBS TEN DIAMONDS NINE,0.534,0.0096,0.4564
DIAMONDS JACK DIAMONDS FOUR,0.5956,0.0104,0.394
DIAMONDS NINE CLUBS JACK,0.546,0.0102,0.4438
SPADES NINE CLUBS JACK,0.5598,0.0124,0.4278
CLUBS TEN SPADES NINE,0.5282,0.0116,0.4602
DIAMONDS ACE DIAMONDS FOUR,0.3514,0.004,0.6446
HEARTS FOUR DIAMONDS FOUR,0.4216,0.034,0.5444
DIAMONDS JACK HEARTS TEN,0.5404,0.009,0.4506
SPADES NINE CLUBS KING,0.3468,0.0124,0.6408
DIAMONDS TWO SPADES TEN,0.6286,0.0138,0.3576
DIAMONDS NINE CLUBS ACE,0.3448,0.0046,0.6506
HEARTS FIVE DIAMONDS FOUR,0.6652,0.0494,0.2854
HEARTS JACK DIAMONDS JACK,0.2764,0.0092,0.7144
SPADES NINE CLUBS QUEEN,0.2304,0.1616,0.608
SPADES JACK DIAMONDS TWO,0.636,0.0128,0.3512
DIAMONDS QUEEN DIAMONDS FOUR,0.2964,0.434,0.2696
HEARTS TWO DIAMONDS FOUR,0.6362,0.0142,0.3496
DIAMONDS NINE CLUBS QUEEN,0.2242,0.1672,0.6086
DIAMONDS KING DIAMONDS FOUR,0.3524,0.0078,0.6398
HEARTS THREE DIAMONDS FOUR,0.624,0.0132,0.3628
SPADES NINE CLUBS ACE,0.3532,0.0054,0.6414
DIAMONDS NINE CLUBS KING,0.3514,0.0058,0.6428
HEARTS ACE DIAMONDS JACK,0.3404,0.0034,0.6562
SPADES ACE DIAMONDS TWO,0.3904,0.004,0.6056
DIAMONDS JACK HEARTS QUEEN,0.2416,0.0916,0.6668
HEARTS KING DIAMONDS JACK,0.3376,0.0058,0.6566
SPADES KING DIAMONDS TWO,0.4014,0.0092,0.5894
SPADES JACK SPADES SEVEN,0.5502,0.0116,0.4382
SPADES TEN SPADES SEVEN,0.5456,0.0122,0.4422
CLUBS SEVEN CLUBS THREE,0.59,0.0136,0.3964
CLUBS SIX CLUBS THREE,0.5842,0.0152,0.4006
CLUBS FOUR CLUBS THREE,0.6028,0.0174,0.3798
CLUBS NINE CLUBS THREE,0.607,0.0122,0.3808
CLUBS EIGHT CLUBS THREE,0.5998,0.0132,0.387
CLUBS THREE SPADES FIVE,0.6956,0.052,0.2524
CLUBS THREE SPADES FOUR,0.626,0.0132,0.3608
CLUBS THREE SPADES THREE,0.4376,0.0318,0.5306
CLUBS THREE SPADES TWO,0.647,0.017,0.336
SPADES SIX CLUBS THREE,0.631,0.0112,0.3578
SPADES SEVEN CLUBS THREE,0.6376,0.0126,0.3498
SPADES EIGHT CLUBS THREE,0.6364,0.011,0.3526
SPADES NINE CLUBS THREE,0.6392,0.015,0.3458
SPADES TWO DIAMONDS FOUR,0.6406,0.0122,0.3472
SPADES THREE DIAMONDS FOUR,0.6384,0.0162,0.3454
SPADES FOUR DIAMONDS FOUR,0.4162,0.0308,0.553
SPADES FIVE DIAMONDS FOUR,0.6674,0.0542,0.2784
SPADES SIX DIAMONDS FOUR,0.6108,0.012,0.3772
SPADES SEVEN DIAMONDS FOUR,0.6108,0.0122,0.377
SPADES EIGHT DIAMONDS FOUR,0.6298,0.0128,0.3574
SPADES NINE DIAMONDS FOUR,0.6264,0.0128,0.3608
CLUBS FOUR DIAMONDS FOUR,0.428,0.0382,0.5338
CLUBS SEVEN DIAMONDS FOUR,0.6206,0.0124,0.367
CLUBS SIX DIAMONDS FOUR,0.5964,0.0132,0.3904
CLUBS NINE DIAMONDS FOUR,0.6356,0.014,0.3504
CLUBS EIGHT DIAMONDS FOUR,0.6212,0.0128,0.366
DIAMONDS FOUR HEARTS SEVEN,0.612,0.0154,0.3726
HEARTS SIX DIAMONDS FOUR,0.6032,0.0136,0.3832
HEARTS NINE DIAMONDS FOUR,0.634,0.014,0.352
DIAMONDS FOUR HEARTS EIGHT,0.6128,0.0138,0.3734
CLUBS THREE DIAMONDS FOUR,0.6298,0.0128,0.3574
CLUBS TWO DIAMONDS FOUR,0.6534,0.0136,0.333
DIAMONDS TEN DIAMONDS FIVE,0.6728,0.043,0.2842
DIAMONDS JACK DIAMONDS FIVE,0.6776,0.0488,0.2736
DIAMONDS NINE HEARTS QUEEN,0.237,0.1602,0.6028
HEARTS KING DIAMONDS NINE,0.3666,0.0068,0.6266
DIAMONDS NINE HEARTS ACE,0.3644,0.0048,0.6308
DIAMONDS NINE HEARTS TEN,0.5466,0.0108,0.4426
DIAMONDS NINE HEARTS JACK,0.5598,0.0086,0.4316
CLUBS KING DIAMONDS SIX,0.3524,0.0088,0.6388
CLUBS QUEEN DIAMONDS SIX,0.2154,0.3838,0.4008
CLUBS ACE DIAMONDS SIX,0.357,0.0056,0.6374
SPADES KING DIAMONDS FOUR,0.3852,0.0084,0.6064
SPADES ACE SPADES SEVEN,0.3526,0.005,0.6424
CLUBS JACK DIAMONDS SIX,0.6008,0.0118,0.3874
SPADES KING SPADES SEVEN,0.3574,0.0086,0.634
SPADES ACE DIAMONDS FOUR,0.3538,0.0048,0.6414
CLUBS TEN DIAMONDS SIX,0.5986,0.01,0.3914
CLUBS NINE CLUBS FOUR,0.5926,0.0136,0.3938
CLUBS EIGHT CLUBS FOUR,0.596,0.0108,0.3932
SPADES JACK DIAMONDS FOUR,0.6258,0.0126,0.3616
SPADES TEN DIAMONDS FOUR,0.6364,0.0134,0.3502
CLUBS SEVEN CLUBS FOUR,0.5896,0.0132,0.3972
CLUBS FOUR CLUBS SIX,0.5814,0.0132,0.4054
CLUBS SEVEN SPADES EIGHT,0.5596,0.0136,0.4268
CLUBS SEVEN SPADES NINE,0.5684,0.012,0.4196
CLUBS SEVEN SPADES SIX,0.5812,0.014,0.4048
CLUBS SEVEN SPADES SEVEN,0.3144,0.0224,0.6632
CLUBS SEVEN SPADES FIVE,0.6796,0.0444,0.276
CLUBS SEVEN SPADES FOUR,0.608,0.0122,0.3798
CLUBS SEVEN SPADES THREE,0.6318,0.0136,0.3546
CLUBS SEVEN SPADES TWO,0.6408,0.0148,0.3444
CLUBS NINE CLUBS SEVEN,0.5384,0.0104,0.4512
CLUBS SEVEN CLUBS EIGHT,0.523,0.0106,0.4664
HEARTS SIX DIAMONDS FIVE,0.6592,0.0448,0.296
DIAMONDS FIVE HEARTS SEVEN,0.6698,0.0518,0.2784
DIAMONDS FIVE HEARTS EIGHT,0.6808,0.0442,0.275
HEARTS NINE DIAMONDS FIVE,0.7078,0.0428,0.2494
DIAMONDS QUEEN DIAMONDS FIVE,0.0218,0.9024,0.0758
HEARTS TWO DIAMONDS FIVE,0.6864,0.054,0.2596
HEARTS KING HEARTS EIGHT,0.3298,0.0072,0.663
DIAMONDS KING DIAMONDS FIVE,0.2128,0.0392,0.748
HEARTS THREE DIAMONDS FIVE,0.6844,0.0446,0.271
HEARTS QUEEN HEARTS EIGHT,0.228,0.2058,0.5662
DIAMONDS ACE DIAMONDS FIVE,0.2232,0.0306,0.7462
HEARTS FOUR DIAMONDS FIVE,0.6626,0.0492,0.2882
HEARTS FIVE DIAMONDS FIVE,0.3128,0.0368,0.6504
HEARTS ACE HEARTS EIGHT,0.3332,0.0036,0.6632
CLUBS FOUR DIAMONDS FIVE,0.672,0.0512,0.2768
CLUBS SIX DIAMONDS FIVE,0.6534,0.0478,0.2988
CLUBS SEVEN DIAMONDS FIVE,0.6696,0.0508,0.2796
CLUBS TWO DIAMONDS FIVE,0.6998,0.053,0.2472
CLUBS THREE DIAMONDS FIVE,0.687,0.0478,0.2652
SPADES THREE DIAMONDS FIVE,0.6862,0.0556,0.2582
SPADES TWO DIAMONDS FIVE,0.7084,0.0536,0.238
SPADES JACK DIAMONDS EIGHT,0.5812,0.0096,0.4092
SPADES FIVE DIAMONDS FIVE,0.3084,0.041,0.6506
CLUBS TEN HEARTS JACK,0.5382,0.0088,0.453
SPADES TEN DIAMONDS EIGHT,0.5622,0.0142,0.4236
SPADES FOUR DIAMONDS FIVE,0.6658,0.0556,0.2786
HEARTS JACK CLUBS JACK,0.278,0.01,0.712
HEARTS JACK CLUBS QUEEN,0.2378,0.0918,0.6704
CLUBS NINE DIAMONDS FIVE,0.7064,0.0458,0.2478
HEARTS JACK CLUBS KING,0.3484,0.0068,0.6448
CLUBS EIGHT DIAMONDS FIVE,0.6846,0.0436,0.2718
HEARTS JACK CLUBS ACE,0.352,0.0054,0.6426
SPADES SEVEN DIAMONDS FIVE,0.6726,0.0498,0.2776
SPADES KING DIAMONDS EIGHT,0.3658,0.0064,0.6278
SPADES SIX DIAMONDS FIVE,0.6706,0.0434,0.286
SPADES NINE DIAMONDS FIVE,0.7086,0.0464,0.245
SPADES EIGHT DIAMONDS FIVE,0.6942,0.0458,0.26
SPADES ACE DIAMONDS EIGHT,0.3598,0.0042,0.636
DIAMONDS TEN DIAMONDS SIX,0.5454,0.0082,0.4464
HEARTS ACE DIAMONDS SEVEN,0.366,0.0032,0.6308
DIAMONDS JACK DIAMONDS SIX,0.5604,0.0092,0.4304
HEARTS QUEEN DIAMONDS SEVEN,0.2338,0.302,0.4642
HEARTS KING DIAMONDS SEVEN,0.3672,0.0052,0.6276
DIAMONDS ACE DIAMONDS SIX,0.3424,0.0048,0.6528
HEARTS FOUR DIAMONDS SIX,0.5984,0.0118,0.3898
HEARTS JACK SPADES TWO,0.6404,0.0108,0.3488
HEARTS FIVE DIAMONDS SIX,0.6664,0.0412,0.2924
SPADES TWO HEARTS TEN,0.6436,0.013,0.3434
DIAMONDS QUEEN DIAMONDS SIX,0.2192,0.36,0.4208
HEARTS TWO DIAMONDS SIX,0.642,0.0124,0.3456
DIAMONDS KING DIAMONDS SIX,0.3474,0.0062,0.6464
HEARTS THREE DIAMONDS SIX,0.6282,0.011,0.3608
HEARTS EIGHT DIAMONDS SIX,0.5838,0.0102,0.406
HEARTS NINE DIAMONDS SIX,0.5822,0.0098,0.408
HEARTS SIX DIAMONDS SIX,0.3316,0.0258,0.6426
HEARTS SEVEN DIAMONDS SIX,0.5776,0.013,0.4094
HEARTS TEN DIAMONDS SEVEN,0.5692,0.0132,0.4176
CLUBS TWO DIAMONDS SIX,0.629,0.0126,0.3584
HEARTS JACK DIAMONDS SEVEN,0.5874,0.0104,0.4022
CLUBS THREE DIAMONDS SIX,0.6122,0.0144,0.3734
CLUBS SEVEN DIAMONDS SIX,0.5642,0.0142,0.4216
DIAMONDS EIGHT CLUBS JACK,0.5674,0.0124,0.4202
CLUBS SIX DIAMONDS SIX,0.3218,0.0302,0.648
CLUBS TEN DIAMONDS EIGHT,0.5486,0.0086,0.4428
CLUBS FOUR DIAMONDS SIX,0.5982,0.0172,0.3846
HEARTS ACE HEARTS JACK,0.331,0.0048,0.6642
DIAMONDS EIGHT CLUBS ACE,0.3642,0.0026,0.6332
HEARTS JACK HEARTS QUEEN,0.2296,0.0856,0.6848
DIAMONDS EIGHT CLUBS KING,0.3682,0.006,0.6258
CLUBS NINE DIAMONDS SIX,0.578,0.0124,0.4096
HEARTS KING HEARTS JACK,0.3256,0.008,0.6664
DIAMONDS EIGHT CLUBS QUEEN,0.225,0.2304,0.5446
CLUBS EIGHT DIAMONDS SIX,0.5602,0.0118,0.428
SPADES TEN HEARTS KING,0.3416,0.0072,0.6512
SPADES FIVE DIAMONDS SIX,0.6798,0.0418,0.2784
HEARTS ACE SPADES TWO,0.3916,0.0054,0.603
SPADES JACK HEARTS KING,0.3496,0.0066,0.6438
SPADES FOUR DIAMONDS SIX,0.6076,0.0132,0.3792
SPADES THREE DIAMONDS SIX,0.6158,0.0134,0.3708
SPADES TWO HEARTS QUEEN,0.32,0.463,0.217
SPADES ACE SPADES KING,0.3088,0.004,0.6872
HEARTS KING SPADES TWO,0.3942,0.0084,0.5974
SPADES TWO DIAMONDS SIX,0.6342,0.016,0.3498
HEARTS TEN HEARTS EIGHT,0.5126,0.011,0.4764
SPADES NINE DIAMONDS SIX,0.5906,0.0142,0.3952
HEARTS JACK HEARTS EIGHT,0.5466,0.008,0.4454
SPADES EIGHT DIAMONDS SIX,0.5776,0.0122,0.4102
SPADES SEVEN DIAMONDS SIX,0.5708,0.0128,0.4164
SPADES SIX DIAMONDS SIX,0.3342,0.029,0.6368
SPADES KING HEARTS KING,0.1372,0.0036,0.8592
CLUBS ACE CLUBS KING,0.2992,0.005,0.6958
SPADES ACE HEARTS KING,0.319,0.005,0.676
SPADES ACE HEARTS JACK,0.3562,0.0048,0.639
SPADES KING HEARTS JACK,0.3414,0.0088,0.6498
SPADES TEN DIAMONDS TEN,0.2782,0.0128,0.709
SPADES JACK DIAMONDS TEN,0.5366,0.0074,0.456
SPADES ACE DIAMONDS TEN,0.3464,0.004,0.6496
SPADES JACK HEARTS JACK,0.2842,0.0102,0.7056
SPADES TEN HEARTS JACK,0.5364,0.0094,0.4542
SPADES KING DIAMONDS TEN,0.337,0.0074,0.6556
SPADES NINE DIAMONDS SEVEN,0.5662,0.0116,0.4222
SPADES EIGHT DIAMONDS SEVEN,0.579,0.0104,0.4106
SPADES SEVEN DIAMONDS SEVEN,0.3206,0.024,0.6554
SPADES SIX DIAMONDS SEVEN,0.5646,0.0114,0.424
DIAMONDS KING DIAMONDS SEVEN,0.3384,0.008,0.6536
HEARTS THREE DIAMONDS SEVEN,0.6252,0.0126,0.3622
HEARTS KING DIAMONDS FIVE,0.2302,0.04,0.7298
DIAMONDS QUEEN DIAMONDS SEVEN,0.2212,0.2954,0.4834
HEARTS TWO DIAMONDS SEVEN,0.6178,0.0156,0.3666
HEARTS QUEEN DIAMONDS FIVE,0.0238,0.9562,0.02
HEARTS FIVE DIAMONDS SEVEN,0.6762,0.0446,0.2792
DIAMONDS ACE DIAMONDS SEVEN,0.3468,0.0042,0.649
HEARTS FOUR DIAMONDS SEVEN,0.6136,0.0134,0.373
HEARTS ACE DIAMONDS FIVE,0.2352,0.0244,0.7404
HEARTS SEVEN DIAMONDS SEVEN,0.3188,0.0244,0.6568
HEARTS SIX DIAMONDS SEVEN,0.5728,0.0108,0.4164
HEARTS NINE DIAMONDS SEVEN,0.577,0.012,0.411
DIAMONDS SEVEN HEARTS EIGHT,0.577,0.0108,0.4122
DIAMONDS JACK DIAMONDS SEVEN,0.5576,0.0098,0.4326
HEARTS JACK DIAMONDS FIVE,0.7022,0.0508,0.247
DIAMONDS TEN DIAMONDS SEVEN,0.5498,0.011,0.4392
DIAMONDS FIVE HEARTS TEN,0.711,0.0448,0.2442
SPADES KING CLUBS TWO,0.3974,0.0084,0.5942
HEARTS KING CLUBS KING,0.1372,0.0056,0.8572
CLUBS EIGHT DIAMONDS SEVEN,0.5444,0.0146,0.441
HEARTS KING CLUBS QUEEN,0.2398,0.0246,0.7356
CLUBS NINE DIAMONDS SEVEN,0.5582,0.0114,0.4304
SPADES TWO CLUBS JACK,0.64,0.013,0.347
SPADES ACE CLUBS TWO,0.387,0.0068,0.6062
CLUBS TEN SPADES TWO,0.613,0.0148,0.3722
HEARTS KING CLUBS ACE,0.3256,0.0044,0.67
CLUBS SEVEN CLUBS SIX,0.5378,0.0142,0.448
SPADES TWO CLUBS KING,0.3868,0.0074,0.6058
SPADES TWO DIAMONDS SEVEN,0.6522,0.0084,0.3394
CLUBS EIGHT CLUBS SIX,0.5396,0.0138,0.4466
SPADES THREE DIAMONDS SEVEN,0.6176,0.0176,0.3648
SPADES TWO CLUBS QUEEN,0.3006,0.4918,0.2076
CLUBS NINE CLUBS SIX,0.5532,0.012,0.4348
SPADES FOUR DIAMONDS SEVEN,0.6094,0.015,0.3756
HEARTS KING CLUBS JACK,0.339,0.0074,0.6536
SPADES FIVE DIAMONDS SEVEN,0.6844,0.0412,0.2744
SPADES TWO CLUBS ACE,0.3736,0.007,0.6194
CLUBS TEN HEARTS KING,0.338,0.0074,0.6546
CLUBS SIX SPADES TWO,0.6192,0.0142,0.3666
CLUBS SIX SPADES THREE,0.6016,0.017,0.3814
CLUBS TWO DIAMONDS SEVEN,0.6228,0.0142,0.363
CLUBS SIX SPADES FOUR,0.6026,0.0136,0.3838
CLUBS THREE DIAMONDS SEVEN,0.6256,0.013,0.3614
CLUBS SIX SPADES FIVE,0.6656,0.0488,0.2856
CLUBS FOUR DIAMONDS SEVEN,0.615,0.0132,0.3718
CLUBS SIX SPADES SIX,0.313,0.0336,0.6534
CLUBS SIX SPADES SEVEN,0.5698,0.0138,0.4164
CLUBS SIX DIAMONDS SEVEN,0.5708,0.013,0.4162
SPADES EIGHT CLUBS SIX,0.5644,0.013,0.4226
SPADES JACK CLUBS TWO,0.6284,0.009,0.3626
CLUBS SEVEN DIAMONDS SEVEN,0.317,0.0238,0.6592
SPADES NINE CLUBS SIX,0.5764,0.012,0.4116
SPADES TEN CLUBS TWO,0.6314,0.0116,0.357
CLUBS TWO CLUBS QUEEN,0.3166,0.428,0.2554
CLUBS TWO CLUBS KING,0.3822,0.0064,0.6114
CLUBS THREE DIAMONDS EIGHT,0.6464,0.0142,0.3394
CLUBS TWO CLUBS ACE,0.3706,0.0056,0.6238
CLUBS TWO DIAMONDS EIGHT,0.6276,0.0132,0.3592
DIAMONDS EIGHT HEARTS SEVEN,0.5656,0.012,0.4224
HEARTS SIX DIAMONDS EIGHT,0.5822,0.0126,0.4052
DIAMONDS EIGHT HEARTS NINE,0.5558,0.0122,0.432
CLUBS TEN CLUBS TWO,0.599,0.012,0.389
DIAMONDS EIGHT HEARTS EIGHT,0.312,0.0194,0.6686
CLUBS TWO CLUBS JACK,0.5998,0.0122,0.388
CLUBS NINE DIAMONDS EIGHT,0.539,0.0106,0.4504
CLUBS EIGHT DIAMONDS EIGHT,0.3056,0.0234,0.671
SPADES ACE SPADES THREE,0.363,0.0066,0.6304
CLUBS FOUR DIAMONDS EIGHT,0.6358,0.0144,0.3498
CLUBS SEVEN DIAMONDS EIGHT,0.5578,0.0136,0.4286
CLUBS SIX DIAMONDS EIGHT,0.5672,0.0122,0.4206
SPADES KING SPADES THREE,0.3768,0.0086,0.6146
DIAMONDS QUEEN DIAMONDS EIGHT,0.2102,0.2098,0.58
HEARTS TWO DIAMONDS EIGHT,0.6316,0.0142,0.3542
DIAMONDS KING DIAMONDS EIGHT,0.3406,0.005,0.6544
HEARTS THREE DIAMONDS EIGHT,0.628,0.012,0.36
DIAMONDS ACE DIAMONDS EIGHT,0.3248,0.004,0.6712
HEARTS FOUR DIAMONDS EIGHT,0.6206,0.0146,0.3648
HEARTS FIVE DIAMONDS EIGHT,0.6894,0.0424,0.2682
DIAMONDS EIGHT DIAMONDS TEN,0.5214,0.0084,0.4702
DIAMONDS EIGHT DIAMONDS JACK,0.5244,0.011,0.4646
SPADES JACK SPADES THREE,0.5864,0.0114,0.4022
SPADES TEN SPADES THREE,0.6052,0.0114,0.3834
CLUBS FOUR HEARTS ACE,0.38,0.0046,0.6154
CLUBS FOUR HEARTS QUEEN,0.327,0.467,0.206
CLUBS FOUR HEARTS KING,0.3978,0.0088,0.5934
CLUBS SIX HEARTS TEN,0.5874,0.0132,0.3994
CLUBS SIX HEARTS JACK,0.5922,0.012,0.3958
SPADES FOUR DIAMONDS EIGHT,0.623,0.013,0.364
SPADES FIVE DIAMONDS EIGHT,0.6864,0.0472,0.2664
DIAMONDS EIGHT SPADES TWO,0.6352,0.0108,0.354
DIAMONDS EIGHT SPADES THREE,0.6358,0.0126,0.3516
CLUBS FOUR HEARTS JACK,0.638,0.0126,0.3494
SPADES EIGHT DIAMONDS EIGHT,0.3194,0.0194,0.6612
SPADES JACK HEARTS EIGHT,0.5762,0.0118,0.412
SPADES TEN HEARTS TWO,0.6426,0.0142,0.3432
SPADES TEN DIAMONDS QUEEN,0.239,0.1224,0.6386
CLUBS FOUR HEARTS TEN,0.6318,0.0118,0.3564
SPADES NINE DIAMONDS EIGHT,0.5606,0.0104,0.429
SPADES JACK HEARTS TWO,0.6394,0.0108,0.3498
SPADES JACK DIAMONDS QUEEN,0.2454,0.084,0.6706
SPADES TEN HEARTS EIGHT,0.5562,0.0124,0.4314
SPADES SIX DIAMONDS EIGHT,0.5918,0.012,0.3962
SPADES SEVEN DIAMONDS EIGHT,0.5624,0.011,0.4266
SPADES ACE HEARTS TWO,0.388,0.006,0.606
SPADES ACE DIAMONDS QUEEN,0.2276,0.019,0.7534
SPADES ACE HEARTS EIGHT,0.3646,0.0052,0.6302
SPADES KING HEARTS EIGHT,0.3622,0.0056,0.6322
SPADES KING DIAMONDS QUEEN,0.227,0.0286,0.7444
SPADES KING HEARTS TWO,0.3932,0.011,0.5958
CLUBS TWO HEARTS TEN,0.635,0.013,0.352
CLUBS TWO HEARTS JACK,0.6356,0.0138,0.3506
SPADES SEVEN DIAMONDS NINE,0.5792,0.0122,0.4086
SPADES SIX DIAMONDS NINE,0.5828,0.0094,0.4078
SPADES NINE DIAMONDS NINE,0.3188,0.0218,0.6594
SPADES EIGHT DIAMONDS NINE,0.5632,0.0096,0.4272
SPADES TEN CLUBS KING,0.3242,0.0084,0.6674
DIAMONDS NINE SPADES THREE,0.627,0.0118,0.3612
SPADES JACK CLUBS KING,0.352,0.0076,0.6404
DIAMONDS NINE SPADES TWO,0.6386,0.0094,0.352
SPADES FIVE DIAMONDS NINE,0.692,0.0478,0.2602
DIAMONDS NINE SPADES FOUR,0.6426,0.0132,0.3442
CLUBS NINE DIAMONDS NINE,0.3064,0.0162,0.6774
CLUBS EIGHT DIAMONDS NINE,0.55,0.0116,0.4384
CLUBS SIX DIAMONDS NINE,0.5834,0.0104,0.4062
SPADES JACK CLUBS FOUR,0.6482,0.0122,0.3396
CLUBS SEVEN DIAMONDS NINE,0.5544,0.0098,0.4358
SPADES TEN CLUBS FOUR,0.6436,0.0104,0.346
CLUBS FOUR DIAMONDS NINE,0.632,0.012,0.356
CLUBS TWO DIAMONDS NINE,0.628,0.0142,0.3578
CLUBS THREE DIAMONDS NINE,0.6262,0.0122,0.3616
DIAMONDS NINE HEARTS EIGHT,0.5538,0.0098,0.4364
DIAMONDS NINE HEARTS NINE,0.3054,0.0138,0.6808
HEARTS SIX DIAMONDS NINE,0.5758,0.013,0.4112
DIAMONDS NINE HEARTS SEVEN,0.5718,0.0102,0.418
CLUBS NINE CLUBS EIGHT,0.5316,0.011,0.4574
DIAMONDS ACE DIAMONDS NINE,0.3348,0.0028,0.6624
HEARTS FOUR DIAMONDS NINE,0.6358,0.0092,0.355
HEARTS FIVE DIAMONDS NINE,0.6902,0.0462,0.2636
CLUBS TWO HEARTS ACE,0.4014,0.0024,0.5962
SPADES ACE CLUBS FOUR,0.3702,0.0064,0.6234
DIAMONDS QUEEN DIAMONDS NINE,0.2086,0.1592,0.6322
HEARTS TWO DIAMONDS NINE,0.6358,0.0122,0.352
CLUBS TWO HEARTS KING,0.3964,0.0076,0.596
SPADES KING CLUBS FOUR,0.3946,0.0082,0.5972
DIAMONDS KING DIAMONDS NINE,0.3368,0.0082,0.655
HEARTS THREE DIAMONDS NINE,0.6378,0.0122,0.35
CLUBS TWO HEARTS QUEEN,0.3268,0.457,0.2162
DIAMONDS NINE DIAMONDS JACK,0.5176,0.0108,0.4716
CLUBS EIGHT SPADES NINE,0.5514,0.0142,0.4344
DIAMONDS NINE DIAMONDS TEN,0.5006,0.008,0.4914
CLUBS EIGHT SPADES EIGHT,0.3098,0.0238,0.6664
CLUBS EIGHT SPADES SEVEN,0.5664,0.0148,0.4188
CLUBS EIGHT SPADES SIX,0.5698,0.0104,0.4198
CLUBS EIGHT SPADES FIVE,0.6858,0.047,0.2672
CLUBS EIGHT SPADES FOUR,0.6192,0.0142,0.3666
CLUBS EIGHT SPADES THREE,0.6374,0.0132,0.3494
CLUBS EIGHT SPADES TWO,0.6296,0.0162,0.3542
HEARTS SIX DIAMONDS TEN,0.5784,0.0096,0.412
DIAMONDS TEN HEARTS SEVEN,0.567,0.01,0.423
DIAMONDS TEN HEARTS EIGHT,0.5498,0.0124,0.4378
CLUBS FOUR CLUBS JACK,0.6024,0.012,0.3856
DIAMONDS TEN HEARTS NINE,0.5464,0.0094,0.4442
CLUBS TEN CLUBS FOUR,0.595,0.0114,0.3936
CLUBS FOUR CLUBS KING,0.3672,0.0094,0.6234
CLUBS FOUR CLUBS QUEEN,0.3058,0.4366,0.2576
CLUBS TWO DIAMONDS TEN,0.6318,0.015,0.3532
CLUBS THREE DIAMONDS TEN,0.6302,0.0128,0.357
CLUBS FOUR CLUBS ACE,0.3516,0.0066,0.6418
DIAMONDS JACK DIAMONDS TEN,0.5134,0.0084,0.4782
DIAMONDS QUEEN DIAMONDS TEN,0.2138,0.11,0.6762
HEARTS TWO DIAMONDS TEN,0.6358,0.0116,0.3526
DIAMONDS KING DIAMONDS TEN,0.332,0.0056,0.6624
HEARTS THREE DIAMONDS TEN,0.6258,0.0134,0.3608
DIAMONDS ACE DIAMONDS TEN,0.3348,0.0048,0.6604
HEARTS FOUR DIAMONDS TEN,0.6294,0.0108,0.3598
CLUBS EIGHT HEARTS JACK,0.577,0.007,0.416
HEARTS FIVE DIAMONDS TEN,0.72,0.0442,0.2358
CLUBS EIGHT HEARTS TEN,0.5452,0.0118,0.443
CLUBS EIGHT HEARTS QUEEN,0.236,0.222,0.542
CLUBS EIGHT HEARTS KING,0.363,0.0078,0.6292
CLUBS EIGHT HEARTS ACE,0.345,0.004,0.651
CLUBS NINE SPADES THREE,0.641,0.0134,0.3456
CLUBS NINE SPADES TWO,0.6324,0.014,0.3536
CLUBS NINE SPADES FIVE,0.7082,0.0482,0.2436
CLUBS NINE SPADES FOUR,0.6312,0.011,0.3578
CLUBS NINE SPADES SEVEN,0.5516,0.017,0.4314
CLUBS NINE SPADES SIX,0.5864,0.014,0.3996
CLUBS NINE SPADES NINE,0.2982,0.0194,0.6824
CLUBS TEN HEARTS EIGHT,0.5576,0.0082,0.4342
CLUBS NINE SPADES EIGHT,0.5448,0.0104,0.4448
CLUBS JACK HEARTS EIGHT,0.5772,0.0098,0.413
CLUBS QUEEN HEARTS EIGHT,0.2276,0.2252,0.5472
CLUBS KING HEARTS EIGHT,0.3646,0.0068,0.6286
CLUBS ACE HEARTS EIGHT,0.363,0.0038,0.6332
SPADES KING CLUBS KING,0.14,0.0052,0.8548
SPADES ACE CLUBS KING,0.316,0.0048,0.6792
DIAMONDS ACE HEARTS TEN,0.3526,0.003,0.6444
HEARTS FOUR HEARTS TEN,0.579,0.0082,0.4128
DIAMONDS ACE HEARTS JACK,0.3464,0.0024,0.6512
HEARTS FOUR HEARTS JACK,0.5844,0.0106,0.405
DIAMONDS JACK HEARTS SEVEN,0.5928,0.0098,0.3974
HEARTS SIX DIAMONDS JACK,0.6136,0.0096,0.3768
DIAMONDS JACK HEARTS NINE,0.5628,0.0112,0.426
DIAMONDS JACK HEARTS EIGHT,0.5722,0.0082,0.4196
DIAMONDS KING DIAMONDS JACK,0.3312,0.0054,0.6634
HEARTS THREE DIAMONDS JACK,0.622,0.0146,0.3634
SPADES ACE SPADES SIX,0.3426,0.0046,0.6528
SPADES FOUR HEARTS ACE,0.3798,0.006,0.6142
DIAMONDS QUEEN DIAMONDS JACK,0.2302,0.0848,0.685
HEARTS TWO DIAMONDS JACK,0.6236,0.0114,0.365
HEARTS FIVE DIAMONDS JACK,0.7182,0.053,0.2288
SPADES FOUR HEARTS QUEEN,0.3144,0.484,0.2016
DIAMONDS ACE DIAMONDS JACK,0.3354,0.0044,0.6602
HEARTS FOUR DIAMONDS JACK,0.6192,0.0112,0.3696
SPADES KING SPADES SIX,0.3506,0.0092,0.6402
HEARTS KING SPADES FOUR,0.406,0.0082,0.5858
SPADES TEN SPADES SIX,0.5712,0.0132,0.4156
SPADES JACK SPADES SIX,0.5768,0.0118,0.4114
SPADES FOUR DIAMONDS JACK,0.6408,0.0128,0.3464
SPADES FIVE DIAMONDS JACK,0.7178,0.0502,0.232
DIAMONDS JACK SPADES TWO,0.6318,0.0102,0.358
SPADES THREE DIAMONDS JACK,0.626,0.0146,0.3594
SPADES ACE DIAMONDS THREE,0.3798,0.005,0.6152
CLUBS EIGHT DIAMONDS JACK,0.567,0.009,0.424
SPADES KING DIAMONDS THREE,0.389,0.0076,0.6034
CLUBS NINE DIAMONDS JACK,0.5612,0.0116,0.4272
CLUBS SIX DIAMONDS JACK,0.6026,0.0076,0.3898
CLUBS SEVEN DIAMONDS JACK,0.5918,0.01,0.3982
CLUBS FOUR DIAMONDS JACK,0.635,0.013,0.352
CLUBS TWO DIAMONDS JACK,0.6352,0.01,0.3548
CLUBS THREE DIAMONDS JACK,0.638,0.0134,0.3486
SPADES JACK HEARTS SIX,0.6024,0.012,0.3856
HEARTS SIX SPADES TEN,0.5812,0.0122,0.4066
SPADES JACK DIAMONDS THREE,0.6192,0.0144,0.3664
CLUBS SEVEN CLUBS ACE,0.3408,0.005,0.6542
SPADES TEN DIAMONDS THREE,0.6358,0.0118,0.3524
CLUBS SEVEN CLUBS QUEEN,0.2236,0.2844,0.492
CLUBS SEVEN CLUBS KING,0.3638,0.0066,0.6296
SPADES NINE DIAMONDS JACK,0.5546,0.012,0.4334
CLUBS TEN CLUBS SEVEN,0.554,0.012,0.434
DIAMONDS ACE HEARTS ACE,0.1294,0.003,0.8676
HEARTS FOUR HEARTS ACE,0.3474,0.0038,0.6488
SPADES EIGHT DIAMONDS JACK,0.5702,0.0112,0.4186
SPADES ACE HEARTS SIX,0.3604,0.0044,0.6352
CLUBS SEVEN CLUBS JACK,0.5574,0.012,0.4306
DIAMONDS ACE HEARTS KING,0.3278,0.005,0.6672
HEARTS FOUR HEARTS KING,0.3592,0.0068,0.634
SPADES SEVEN DIAMONDS JACK,0.586,0.0112,0.4028
SPADES KING HEARTS SIX,0.3572,0.0068,0.636
DIAMONDS ACE HEARTS QUEEN,0.2344,0.0172,0.7484
HEARTS FOUR HEARTS QUEEN,0.301,0.4334,0.2656
SPADES SIX DIAMONDS JACK,0.613,0.0112,0.3758
SPADES TWO DIAMONDS TEN,0.6378,0.0114,0.3508
SPADES THREE DIAMONDS TEN,0.6524,0.012,0.3356
SPADES FOUR DIAMONDS TEN,0.6276,0.0102,0.3622
SPADES FIVE DIAMONDS TEN,0.7202,0.0466,0.2332
SPADES SIX DIAMONDS TEN,0.5916,0.0108,0.3976
SPADES SEVEN DIAMONDS TEN,0.5572,0.009,0.4338
SPADES EIGHT DIAMONDS TEN,0.557,0.0136,0.4294
SPADES NINE DIAMONDS TEN,0.5442,0.009,0.4468
CLUBS FOUR DIAMONDS TEN,0.6356,0.011,0.3534
CLUBS SIX DIAMONDS TEN,0.5996,0.0122,0.3882
CLUBS SEVEN DIAMONDS TEN,0.5682,0.0138,0.418
CLUBS EIGHT DIAMONDS TEN,0.5552,0.008,0.4368
CLUBS NINE DIAMONDS TEN,0.5422,0.011,0.4468
DIAMONDS THREE CLUBS JACK,0.6324,0.0158,0.3518
CLUBS TEN DIAMONDS THREE,0.6292,0.0142,0.3566
DIAMONDS THREE CLUBS KING,0.3968,0.009,0.5942
DIAMONDS THREE CLUBS QUEEN,0.3242,0.451,0.2248
DIAMONDS THREE CLUBS ACE,0.3782,0.0052,0.6166
SPADES FOUR HEARTS JACK,0.6304,0.0114,0.3582
SPADES FOUR HEARTS TEN,0.6386,0.0116,0.3498
SPADES FIVE SPADES TWO,0.6674,0.0542,0.2784
SPADES FOUR SPADES TWO,0.6196,0.013,0.3674
SPADES THREE SPADES TWO,0.6126,0.0134,0.374
SPADES NINE SPADES TWO,0.6072,0.012,0.3808
SPADES EIGHT SPADES TWO,0.6038,0.013,0.3832
SPADES SEVEN SPADES TWO,0.6116,0.0134,0.375
SPADES SIX SPADES TWO,0.5976,0.0138,0.3886
DIAMONDS QUEEN CLUBS THREE,0.33,0.451,0.219
HEARTS TWO CLUBS THREE,0.636,0.015,0.349
DIAMONDS QUEEN CLUBS TWO,0.3226,0.4556,0.2218
CLUBS TWO HEARTS TWO,0.4294,0.0346,0.536
DIAMONDS QUEEN HEARTS SEVEN,0.2342,0.3144,0.4514
HEARTS TWO HEARTS SEVEN,0.5944,0.0112,0.3944
HEARTS SIX DIAMONDS QUEEN,0.2252,0.3776,0.3972
HEARTS SIX HEARTS TWO,0.5924,0.0126,0.395
DIAMONDS QUEEN HEARTS NINE,0.2308,0.174,0.5952
HEARTS TWO HEARTS NINE,0.5822,0.0144,0.4034
DIAMONDS QUEEN HEARTS EIGHT,0.2366,0.2254,0.538
HEARTS TWO HEARTS EIGHT,0.5986,0.01,0.3914
CLUBS NINE HEARTS TWO,0.6268,0.0146,0.3586
CLUBS NINE DIAMONDS QUEEN,0.2116,0.164,0.6244
CLUBS EIGHT HEARTS TWO,0.6226,0.0144,0.363
CLUBS EIGHT DIAMONDS QUEEN,0.227,0.2136,0.5594
SPADES EIGHT HEARTS ACE,0.363,0.0054,0.6316
CLUBS FOUR DIAMONDS QUEEN,0.3292,0.4674,0.2034
CLUBS FOUR HEARTS TWO,0.6396,0.0144,0.346
CLUBS SEVEN DIAMONDS QUEEN,0.2262,0.319,0.4548
CLUBS SEVEN HEARTS TWO,0.6362,0.0126,0.3512
SPADES EIGHT HEARTS QUEEN,0.2252,0.2156,0.5592
CLUBS SIX DIAMONDS QUEEN,0.2202,0.3892,0.3906
CLUBS SIX HEARTS TWO,0.623,0.0136,0.3634
SPADES EIGHT HEARTS KING,0.3696,0.0084,0.622
DIAMONDS QUEEN SPADES SIX,0.227,0.3956,0.3774
HEARTS TWO SPADES SIX,0.633,0.0128,0.3542
HEARTS FOUR CLUBS QUEEN,0.3212,0.4628,0.216
DIAMONDS ACE CLUBS QUEEN,0.2258,0.0184,0.7558
DIAMONDS QUEEN SPADES SEVEN,0.2368,0.2944,0.4688
SPADES SEVEN HEARTS TWO,0.636,0.0132,0.3508
HEARTS FOUR CLUBS KING,0.4012,0.008,0.5908
DIAMONDS ACE CLUBS KING,0.322,0.0052,0.6728
SPADES EIGHT DIAMONDS QUEEN,0.2272,0.2274,0.5454
SPADES EIGHT HEARTS TWO,0.6412,0.0102,0.3486
HEARTS FOUR CLUBS ACE,0.3664,0.0032,0.6304
DIAMONDS ACE CLUBS ACE,0.1158,0.0034,0.8808
SPADES NINE DIAMONDS QUEEN,0.2296,0.1652,0.6052
SPADES NINE HEARTS TWO,0.6348,0.0126,0.3526
HEARTS TWO SPADES TWO,0.4318,0.0314,0.5368
DIAMONDS QUEEN SPADES TWO,0.3358,0.463,0.2012
HEARTS TWO SPADES THREE,0.6474,0.0146,0.338
DIAMONDS QUEEN SPADES THREE,0.3152,0.4668,0.218
HEARTS TWO SPADES FOUR,0.646,0.0134,0.3406
DIAMONDS QUEEN SPADES FOUR,0.3304,0.461,0.2086
HEARTS FOUR CLUBS TEN,0.633,0.0144,0.3526
CLUBS TEN DIAMONDS ACE,0.3334,0.004,0.6626
HEARTS TWO SPADES FIVE,0.7078,0.0576,0.2346
DIAMONDS QUEEN SPADES FIVE,0.02,0.9696,0.0104
HEARTS FOUR CLUBS JACK,0.6204,0.0112,0.3684
DIAMONDS ACE CLUBS JACK,0.3552,0.004,0.6408
SPADES KING CLUBS JACK,0.3366,0.0096,0.6538
SPADES ACE CLUBS JACK,0.3372,0.0056,0.6572
SPADES SIX CLUBS KING,0.3556,0.0114,0.633
SPADES SIX CLUBS QUEEN,0.2198,0.3942,0.386
SPADES EIGHT HEARTS JACK,0.5824,0.0116,0.406
SPADES SIX CLUBS ACE,0.3432,0.0058,0.651
SPADES EIGHT HEARTS TEN,0.575,0.0122,0.4128
SPADES SIX CLUBS JACK,0.602,0.0108,0.3872
CLUBS TEN SPADES SIX,0.5836,0.0124,0.404
SPADES TEN CLUBS JACK,0.5326,0.0106,0.4568
SPADES JACK CLUBS JACK,0.2848,0.0122,0.703
SPADES KING CLUBS SEVEN,0.3534,0.0062,0.6404
SPADES ACE CLUBS SEVEN,0.3608,0.0036,0.6356
SPADES SIX HEARTS TEN,0.5942,0.0118,0.394
SPADES SIX HEARTS JACK,0.5988,0.0136,0.3876
SPADES SIX HEARTS ACE,0.3536,0.0042,0.6422
SPADES SIX HEARTS KING,0.3652,0.0078,0.627
SPADES SIX HEARTS QUEEN,0.2228,0.396,0.3812
SPADES JACK CLUBS SEVEN,0.594,0.012,0.394
CLUBS SEVEN SPADES TEN,0.5644,0.0134,0.4222
CLUBS TEN HEARTS SIX,0.5892,0.0118,0.399
HEARTS SIX CLUBS JACK,0.5966,0.0116,0.3918
CLUBS ACE CLUBS JACK,0.3228,0.0036,0.6736
HEARTS SIX CLUBS QUEEN,0.2214,0.3834,0.3952
HEARTS SIX CLUBS KING,0.363,0.0068,0.6302
HEARTS SIX CLUBS ACE,0.3646,0.0036,0.6318
CLUBS QUEEN CLUBS JACK,0.2342,0.0898,0.676
CLUBS KING CLUBS JACK,0.3274,0.0072,0.6654
DIAMONDS THREE HEARTS ACE,0.3922,0.0052,0.6026
DIAMONDS THREE HEARTS QUEEN,0.3214,0.4554,0.2232
DIAMONDS THREE HEARTS KING,0.3834,0.006,0.6106
HEARTS FOUR SPADES TEN,0.6324,0.015,0.3526
SPADES TEN DIAMONDS ACE,0.3468,0.004,0.6492
HEARTS FOUR SPADES JACK,0.6432,0.0126,0.3442
SPADES JACK DIAMONDS ACE,0.3496,0.0042,0.6462
SPADES ACE HEARTS FOUR,0.3834,0.0044,0.6122
SPADES ACE DIAMONDS ACE,0.1234,0.0046,0.872
SPADES FOUR CLUBS JACK,0.627,0.0142,0.3588
SPADES KING DIAMONDS ACE,0.3294,0.0036,0.667
HEARTS FOUR SPADES KING,0.3986,0.0104,0.591
CLUBS TEN SPADES FOUR,0.6346,0.0136,0.3518
DIAMONDS QUEEN DIAMONDS ACE,0.2098,0.0188,0.7714
HEARTS TWO DIAMONDS ACE,0.3934,0.0066,0.6
HEARTS FOUR DIAMONDS QUEEN,0.3168,0.4552,0.228
HEARTS FOUR HEARTS TWO,0.6012,0.0154,0.3834
DIAMONDS THREE HEARTS TEN,0.6178,0.0122,0.37
SPADES FOUR CLUBS KING,0.393,0.0064,0.6006
HEARTS FIVE DIAMONDS QUEEN,0.0174,0.9594,0.0232
HEARTS FIVE HEARTS TWO,0.6412,0.05,0.3088
DIAMONDS THREE HEARTS JACK,0.64,0.01,0.35
SPADES FOUR CLUBS QUEEN,0.3232,0.4636,0.2132
DIAMONDS QUEEN HEARTS TWO,0.3228,0.4608,0.2164
DIAMONDS KING DIAMONDS QUEEN,0.217,0.0282,0.7548
DIAMONDS KING HEARTS TWO,0.3986,0.0098,0.5916
HEARTS THREE DIAMONDS QUEEN,0.326,0.4602,0.2138
HEARTS THREE HEARTS TWO,0.6052,0.0148,0.38
SPADES FOUR CLUBS ACE,0.3728,0.006,0.6212
HEARTS TWO CLUBS ACE,0.4016,0.0076,0.5908
DIAMONDS QUEEN CLUBS ACE,0.2304,0.017,0.7526
HEARTS TWO CLUBS QUEEN,0.3162,0.4596,0.2242
DIAMONDS QUEEN CLUBS QUEEN,0.08,0.0246,0.8954
HEARTS TWO CLUBS KING,0.391,0.0078,0.6012
DIAMONDS QUEEN CLUBS KING,0.2362,0.0266,0.7372
SPADES EIGHT SPADES FIVE,0.6576,0.052,0.2904
CLUBS TEN HEARTS TWO,0.6196,0.0132,0.3672
CLUBS TEN DIAMONDS QUEEN,0.2256,0.1158,0.6586
SPADES NINE SPADES FIVE,0.6678,0.0466,0.2856
HEARTS TWO CLUBS JACK,0.6356,0.015,0.3494
DIAMONDS QUEEN CLUBS JACK,0.2372,0.094,0.6688
SPADES SIX SPADES FIVE,0.6402,0.0482,0.3116
SPADES SEVEN SPADES FIVE,0.6448,0.0452,0.31
DIAMONDS FIVE CLUBS QUEEN,0.0134,0.9692,0.0174
SPADES EIGHT CLUBS ACE,0.363,0.0046,0.6324
DIAMONDS FIVE CLUBS KING,0.2312,0.0414,0.7274
SPADES EIGHT CLUBS KING,0.3544,0.007,0.6386
CLUBS ACE DIAMONDS FIVE,0.2182,0.0316,0.7502
SPADES EIGHT CLUBS QUEEN,0.2262,0.2266,0.5472
SPADES EIGHT CLUBS JACK,0.5782,0.0146,0.4072
CLUBS TEN SPADES EIGHT,0.5566,0.0136,0.4298
CLUBS TEN DIAMONDS FIVE,0.7072,0.046,0.2468
DIAMONDS FIVE CLUBS JACK,0.7064,0.056,0.2376
HEARTS JACK DIAMONDS TEN,0.536,0.0084,0.4556
DIAMONDS TEN HEARTS TEN,0.2824,0.0144,0.7032
SPADES ACE CLUBS NINE,0.3608,0.0054,0.6338
CLUBS NINE SPADES KING,0.3432,0.0058,0.651
HEARTS SIX HEARTS KING,0.3434,0.0058,0.6508
DIAMONDS KING SPADES SEVEN,0.3518,0.0082,0.64
HEARTS THREE SPADES SEVEN,0.6274,0.0144,0.3582
SPADES KING DIAMONDS SEVEN,0.354,0.0092,0.6368
HEARTS SIX HEARTS QUEEN,0.2088,0.3584,0.4328
DIAMONDS KING SPADES SIX,0.3732,0.0068,0.62
HEARTS THREE SPADES SIX,0.625,0.013,0.362
SPADES NINE DIAMONDS KING,0.3638,0.008,0.6282
HEARTS THREE SPADES NINE,0.6342,0.013,0.3528
HEARTS SIX HEARTS ACE,0.3384,0.0042,0.6574
DIAMONDS KING SPADES EIGHT,0.375,0.0082,0.6168
HEARTS THREE SPADES EIGHT,0.6382,0.0106,0.3512
SPADES ACE DIAMONDS SEVEN,0.3572,0.0062,0.6366
CLUBS NINE HEARTS THREE,0.6358,0.0122,0.352
CLUBS NINE DIAMONDS KING,0.36,0.0054,0.6346
HEARTS THREE CLUBS EIGHT,0.622,0.0142,0.3638
