opposingHand,winningChance,drawChance,lostChance
SPADES EIGHT CLUBS THREE
HEARTS FIVE SPADES TEN,0.3392,0.0292,0.6316
SPADES JACK HEARTS FIVE,0.3436,0.0192,0.6372
SPADES FIVE CLUBS JACK,0.349,0.02,0.631
CLUBS TEN SPADES FIVE,0.3486,0.0312,0.6202
CLUBS EIGHT CLUBS JACK,0.218,0.0594,0.7226
CLUBS TEN CLUBS EIGHT,0.218,0.0784,0.7036
CLUBS EIGHT CLUBS KING,0.2216,0.0368,0.7416
SPADES FIVE CLUBS ACE,0.3288,0.0054,0.6658
CLUBS EIGHT CLUBS QUEEN,0.2222,0.0458,0.732
SPADES FIVE CLUBS KING,0.3352,0.0104,0.6544
SPADES FIVE CLUBS QUEEN,0.351,0.0144,0.6346
CLUBS EIGHT CLUBS ACE,0.2114,0.0294,0.7592
DIAMONDS TWO DIAMONDS THREE,0.556,0.135,0.309
DIAMONDS TWO DIAMONDS FIVE,0.5158,0.067,0.4172
SPADES KING HEARTS FIVE,0.3516,0.0082,0.6402
DIAMONDS TWO DIAMONDS FOUR,0.5146,0.0714,0.414
SPADES QUEEN HEARTS FIVE,0.347,0.0124,0.6406
DIAMONDS TWO DIAMONDS SEVEN,0.5542,0.0604,0.3854
DIAMONDS TWO DIAMONDS SIX,0.5346,0.067,0.3984
SPADES ACE HEARTS FIVE,0.3378,0.0066,0.6556
DIAMONDS TWO DIAMONDS NINE,0.3662,0.0424,0.5914
DIAMONDS TWO DIAMONDS EIGHT,0.2402,0.5042,0.2556
DIAMONDS THREE DIAMONDS FOUR,0.5364,0.1388,0.3248
CLUBS TWO SPADES FOUR,0.5622,0.073,0.3648
DIAMONDS THREE DIAMONDS FIVE,0.5304,0.137,0.3326
CLUBS TWO SPADES FIVE,0.558,0.0732,0.3688
CLUBS TWO SPADES TWO,0.3584,0.1134,0.5282
CLUBS TWO SPADES THREE,0.602,0.1476,0.2504
DIAMONDS THREE DIAMONDS EIGHT,0.0228,0.9076,0.0696
DIAMONDS THREE DIAMONDS NINE,0.2192,0.1006,0.6802
SPADES NINE CLUBS TWO,0.3876,0.0454,0.567
DIAMONDS THREE DIAMONDS SIX,0.5598,0.1382,0.302
CLUBS TWO SPADES SIX,0.5824,0.075,0.3426
DIAMONDS THREE DIAMONDS SEVEN,0.5836,0.1344,0.282
SPADES SEVEN CLUBS TWO,0.58,0.0722,0.3478
CLUBS SIX CLUBS TWO,0.538,0.0696,0.3924
CLUBS SEVEN CLUBS TWO,0.552,0.0594,0.3886
CLUBS TWO CLUBS FOUR,0.5296,0.0684,0.402
CLUBS FIVE CLUBS TWO,0.5262,0.0702,0.4036
CLUBS TEN CLUBS JACK,0.2872,0.0168,0.696
DIAMONDS FOUR DIAMONDS SIX,0.4918,0.0662,0.442
CLUBS TEN CLUBS QUEEN,0.3064,0.0122,0.6814
DIAMONDS FOUR DIAMONDS SEVEN,0.4954,0.0664,0.4382
CLUBS TEN CLUBS KING,0.2974,0.0098,0.6928
CLUBS TEN CLUBS ACE,0.2874,0.0058,0.7068
CLUBS EIGHT CLUBS TWO,0.252,0.494,0.254
DIAMONDS FIVE DIAMONDS FOUR,0.4772,0.0664,0.4564
CLUBS NINE CLUBS TWO,0.3684,0.0382,0.5934
DIAMONDS NINE DIAMONDS FOUR,0.339,0.0434,0.6176
DIAMONDS EIGHT DIAMONDS FOUR,0.1894,0.4874,0.3232
DIAMONDS NINE DIAMONDS FIVE,0.3154,0.0392,0.6454
DIAMONDS TWO CLUBS JACK,0.38,0.0202,0.5998
DIAMONDS EIGHT DIAMONDS FIVE,0.2052,0.415,0.3798
CLUBS TEN DIAMONDS TWO,0.395,0.0316,0.5734
DIAMONDS FIVE DIAMONDS SEVEN,0.4642,0.0584,0.4774
DIAMONDS FIVE DIAMONDS SIX,0.4732,0.0624,0.4644
DIAMONDS TWO CLUBS ACE,0.3888,0.0034,0.6078
DIAMONDS TWO CLUBS KING,0.384,0.0108,0.6052
DIAMONDS TWO CLUBS QUEEN,0.3756,0.0172,0.6072
DIAMONDS EIGHT DIAMONDS SIX,0.2064,0.3534,0.4402
DIAMONDS NINE DIAMONDS SIX,0.3132,0.0374,0.6494
HEARTS ACE SPADES THREE,0.2366,0.0138,0.7496
HEARTS KING SPADES THREE,0.244,0.0302,0.7258
DIAMONDS SEVEN DIAMONDS SIX,0.4688,0.067,0.4642
SPADES THREE HEARTS QUEEN,0.2538,0.0378,0.7084
SPADES THREE HEARTS JACK,0.2416,0.0544,0.704
SPADES THREE HEARTS TEN,0.2452,0.0772,0.6776
DIAMONDS EIGHT DIAMONDS SEVEN,0.2058,0.2728,0.5214
DIAMONDS NINE DIAMONDS SEVEN,0.3136,0.0338,0.6526
DIAMONDS NINE DIAMONDS EIGHT,0.2088,0.0882,0.703
DIAMONDS KING HEARTS TEN,0.3198,0.0074,0.6728
HEARTS THREE HEARTS TEN,0.2284,0.0712,0.7004
SPADES JACK CLUBS SIX,0.3412,0.0144,0.6444
DIAMONDS KING HEARTS JACK,0.3304,0.0072,0.6624
HEARTS THREE HEARTS JACK,0.2308,0.0534,0.7158
SPADES TEN CLUBS SIX,0.3336,0.0308,0.6356
SPADES JACK SPADES FIVE,0.332,0.019,0.649
SPADES TEN SPADES FIVE,0.3282,0.0286,0.6432
DIAMONDS KING HEARTS ACE,0.3148,0.0036,0.6816
HEARTS THREE HEARTS ACE,0.2192,0.0186,0.7622
SPADES ACE CLUBS SIX,0.353,0.005,0.642
DIAMONDS KING HEARTS QUEEN,0.323,0.0074,0.6696
HEARTS THREE HEARTS QUEEN,0.2348,0.0386,0.7266
SPADES KING CLUBS SIX,0.3368,0.0082,0.655
DIAMONDS KING HEARTS KING,0.139,0.011,0.85
HEARTS THREE HEARTS KING,0.2176,0.0316,0.7508
SPADES QUEEN CLUBS SIX,0.3512,0.0122,0.6366
SPADES NINE HEARTS TEN,0.2906,0.0238,0.6856
SPADES NINE HEARTS JACK,0.3018,0.0172,0.681
SPADES QUEEN SPADES FIVE,0.3408,0.0142,0.645
SPADES KING SPADES FIVE,0.3386,0.01,0.6514
SPADES ACE SPADES FIVE,0.3308,0.0074,0.6618
SPADES NINE HEARTS QUEEN,0.3116,0.0118,0.6766
SPADES NINE HEARTS KING,0.314,0.0078,0.6782
SPADES NINE HEARTS ACE,0.32,0.0052,0.6748
CLUBS TEN SPADES JACK,0.2928,0.0132,0.694
CLUBS TEN SPADES TEN,0.121,0.0556,0.8234
SPADES ACE CLUBS TEN,0.307,0.006,0.687
SPADES KING CLUBS TEN,0.3196,0.0086,0.6718
CLUBS TEN SPADES QUEEN,0.299,0.0136,0.6874
SPADES FIVE HEARTS QUEEN,0.3588,0.0084,0.6328
SPADES FIVE HEARTS KING,0.3462,0.0078,0.646
SPADES FIVE HEARTS ACE,0.3444,0.0054,0.6502
CLUBS EIGHT SPADES TEN,0.211,0.0814,0.7076
HEARTS THREE SPADES JACK,0.2446,0.0594,0.696
SPADES JACK DIAMONDS KING,0.3064,0.0068,0.6868
SPADES TEN DIAMONDS KING,0.3236,0.0056,0.6708
HEARTS THREE SPADES TEN,0.2346,0.0774,0.688
SPADES JACK CLUBS EIGHT,0.201,0.065,0.734
CLUBS SIX HEARTS ACE,0.3518,0.0048,0.6434
SPADES ACE CLUBS EIGHT,0.2054,0.0304,0.7642
HEARTS FIVE CLUBS JACK,0.3426,0.0166,0.6408
CLUBS TEN HEARTS FIVE,0.3454,0.0294,0.6252
CLUBS SIX HEARTS QUEEN,0.3366,0.0124,0.651
SPADES QUEEN CLUBS EIGHT,0.2258,0.0474,0.7268
CLUBS TEN SPADES THREE,0.2306,0.0742,0.6952
CLUBS SIX HEARTS KING,0.3482,0.0072,0.6446
SPADES KING CLUBS EIGHT,0.2054,0.0398,0.7548
SPADES THREE CLUBS JACK,0.2318,0.0616,0.7066
DIAMONDS TWO HEARTS JACK,0.3928,0.0176,0.5896
SPADES THREE CLUBS QUEEN,0.239,0.0352,0.7258
DIAMONDS TWO HEARTS TEN,0.3844,0.0252,0.5904
SPADES THREE CLUBS KING,0.2354,0.0346,0.73
HEARTS FIVE CLUBS ACE,0.3438,0.0046,0.6516
SPADES FIVE HEARTS TEN,0.3544,0.0264,0.6192
SPADES THREE CLUBS ACE,0.2314,0.0164,0.7522
HEARTS FIVE CLUBS KING,0.3398,0.009,0.6512
SPADES FIVE HEARTS JACK,0.3578,0.0196,0.6226
HEARTS FIVE CLUBS QUEEN,0.3414,0.015,0.6436
HEARTS THREE CLUBS KING,0.2306,0.0326,0.7368
DIAMONDS KING CLUBS KING,0.127,0.0144,0.8586
HEARTS THREE CLUBS QUEEN,0.246,0.0444,0.7096
DIAMONDS KING CLUBS QUEEN,0.314,0.0054,0.6806
HEARTS FIVE HEARTS JACK,0.3228,0.0184,0.6588
HEARTS FIVE HEARTS TEN,0.3306,0.0288,0.6406
HEARTS THREE CLUBS ACE,0.2348,0.0194,0.7458
DIAMONDS KING CLUBS ACE,0.328,0.004,0.668
SPADES ACE CLUBS QUEEN,0.3228,0.0062,0.671
SPADES KING CLUBS QUEEN,0.3046,0.008,0.6874
HEARTS THREE CLUBS JACK,0.2486,0.0522,0.6992
DIAMONDS KING CLUBS JACK,0.3354,0.0058,0.6588
SPADES QUEEN CLUBS QUEEN,0.114,0.0258,0.8602
CLUBS TEN HEARTS THREE,0.243,0.0734,0.6836
CLUBS TEN DIAMONDS KING,0.3118,0.0058,0.6824
SPADES JACK CLUBS QUEEN,0.3044,0.0116,0.684
CLUBS SIX CLUBS QUEEN,0.3348,0.0114,0.6538
SPADES TEN CLUBS QUEEN,0.3,0.0096,0.6904
CLUBS SIX CLUBS KING,0.3346,0.0092,0.6562
CLUBS SIX CLUBS ACE,0.332,0.0058,0.6622
HEARTS FIVE HEARTS KING,0.327,0.0078,0.6652
HEARTS FIVE HEARTS QUEEN,0.3278,0.012,0.6602
CLUBS TEN CLUBS SIX,0.3248,0.028,0.6472
HEARTS FIVE HEARTS ACE,0.3208,0.0042,0.675
CLUBS SIX CLUBS JACK,0.3388,0.0168,0.6444
SPADES SEVEN HEARTS JACK,0.3554,0.0198,0.6248
SPADES SEVEN HEARTS TEN,0.336,0.0238,0.6402
DIAMONDS TWO CLUBS TWO,0.3518,0.1156,0.5326
HEARTS SIX DIAMONDS TWO,0.5668,0.067,0.3662
DIAMONDS TWO HEARTS QUEEN,0.3832,0.0146,0.6022
DIAMONDS TWO HEARTS SEVEN,0.5818,0.0656,0.3526
DIAMONDS TWO HEARTS KING,0.3792,0.0092,0.6116
DIAMONDS TWO HEARTS EIGHT,0.2558,0.5204,0.2238
DIAMONDS TWO HEARTS ACE,0.3744,0.0056,0.62
DIAMONDS TWO HEARTS NINE,0.3858,0.0434,0.5708
DIAMONDS TWO DIAMONDS QUEEN,0.362,0.0142,0.6238
DIAMONDS TWO HEARTS TWO,0.3562,0.1022,0.5416
DIAMONDS TWO DIAMONDS KING,0.3522,0.0074,0.6404
HEARTS THREE DIAMONDS TWO,0.5876,0.1412,0.2712
DIAMONDS TWO DIAMONDS ACE,0.352,0.005,0.643
HEARTS FOUR DIAMONDS TWO,0.5548,0.0706,0.3746
DIAMONDS TWO HEARTS FIVE,0.5504,0.0694,0.3802
SPADES SEVEN HEARTS ACE,0.3552,0.0036,0.6412
DIAMONDS TWO DIAMONDS TEN,0.3754,0.0338,0.5908
SPADES SEVEN HEARTS KING,0.3556,0.0074,0.637
DIAMONDS TWO DIAMONDS JACK,0.3696,0.0218,0.6086
SPADES SEVEN HEARTS QUEEN,0.3558,0.0106,0.6336
DIAMONDS TWO SPADES NINE,0.375,0.0458,0.5792
DIAMONDS TWO SPADES SEVEN,0.5948,0.069,0.3362
DIAMONDS TWO SPADES SIX,0.5738,0.0736,0.3526
DIAMONDS TWO SPADES FIVE,0.5608,0.0742,0.365
DIAMONDS TWO SPADES FOUR,0.568,0.0686,0.3634
DIAMONDS TWO SPADES THREE,0.6106,0.1426,0.2468
DIAMONDS TWO SPADES TWO,0.3656,0.1022,0.5322
CLUBS NINE DIAMONDS TWO,0.3792,0.0462,0.5746
DIAMONDS TWO CLUBS EIGHT,0.2488,0.5266,0.2246
CLUBS SEVEN DIAMONDS TWO,0.5866,0.0676,0.3458
DIAMONDS TWO CLUBS SIX,0.56,0.0728,0.3672
DIAMONDS TWO CLUBS FIVE,0.5582,0.0686,0.3732
DIAMONDS TWO CLUBS FOUR,0.5474,0.0674,0.3852
CLUBS FOUR SPADES FIVE,0.5126,0.0698,0.4176
CLUBS FOUR SPADES FOUR,0.2492,0.1036,0.6472
CLUBS FOUR SPADES THREE,0.5822,0.145,0.2728
CLUBS FOUR SPADES TWO,0.563,0.07,0.367
SPADES NINE CLUBS FOUR,0.3412,0.046,0.6128
SPADES SEVEN CLUBS FOUR,0.5252,0.0616,0.4132
SPADES SIX CLUBS FOUR,0.5294,0.0656,0.405
SPADES ACE DIAMONDS SIX,0.3444,0.0042,0.6514
SPADES QUEEN DIAMONDS SIX,0.355,0.011,0.634
SPADES KING DIAMONDS SIX,0.3488,0.01,0.6412
SPADES TEN DIAMONDS SIX,0.3396,0.0272,0.6332
SPADES JACK DIAMONDS SIX,0.3466,0.0132,0.6402
SPADES QUEEN SPADES TWO,0.375,0.016,0.609
SPADES KING SPADES TWO,0.369,0.0114,0.6196
SPADES ACE SPADES TWO,0.3678,0.0056,0.6266
DIAMONDS JACK CLUBS JACK,0.1214,0.043,0.8356
CLUBS TEN DIAMONDS JACK,0.3016,0.017,0.6814
DIAMONDS JACK CLUBS KING,0.318,0.0068,0.6752
DIAMONDS JACK CLUBS QUEEN,0.3054,0.0076,0.687
DIAMONDS THREE DIAMONDS JACK,0.2376,0.0496,0.7128
DIAMONDS THREE DIAMONDS TEN,0.2346,0.0702,0.6952
DIAMONDS JACK CLUBS ACE,0.3244,0.004,0.6716
DIAMONDS THREE DIAMONDS KING,0.2252,0.0328,0.742
HEARTS THREE DIAMONDS THREE,0.26,0.0764,0.6636
DIAMONDS THREE DIAMONDS QUEEN,0.2298,0.0378,0.7324
DIAMONDS THREE HEARTS TWO,0.597,0.146,0.257
HEARTS FIVE DIAMONDS THREE,0.5818,0.1364,0.2818
DIAMONDS THREE DIAMONDS ACE,0.226,0.015,0.759
HEARTS FOUR DIAMONDS THREE,0.575,0.1552,0.2698
DIAMONDS THREE HEARTS SEVEN,0.605,0.133,0.262
SPADES TEN SPADES NINE,0.284,0.0232,0.6928
HEARTS SIX DIAMONDS THREE,0.6088,0.1258,0.2654
SPADES JACK SPADES NINE,0.3052,0.017,0.6778
DIAMONDS THREE HEARTS NINE,0.2336,0.1024,0.664
HEARTS JACK DIAMONDS FOUR,0.3644,0.0176,0.618
HEARTS KING HEARTS ACE,0.3092,0.004,0.6868
SPADES TEN SPADES TWO,0.3624,0.0312,0.6064
DIAMONDS THREE HEARTS EIGHT,0.0226,0.9534,0.024
HEARTS TEN DIAMONDS FOUR,0.3566,0.0298,0.6136
SPADES JACK SPADES TWO,0.361,0.0208,0.6182
HEARTS QUEEN DIAMONDS FOUR,0.355,0.0136,0.6314
HEARTS KING DIAMONDS FOUR,0.3534,0.0074,0.6392
SPADES ACE SPADES NINE,0.3028,0.0056,0.6916
HEARTS ACE DIAMONDS FOUR,0.3448,0.0044,0.6508
SPADES KING SPADES NINE,0.3158,0.0096,0.6746
SPADES QUEEN SPADES NINE,0.305,0.0114,0.6836
DIAMONDS THREE SPADES NINE,0.2436,0.0956,0.6608
DIAMONDS THREE SPADES SEVEN,0.6068,0.1384,0.2548
DIAMONDS THREE SPADES SIX,0.595,0.1448,0.2602
DIAMONDS THREE CLUBS SIX,0.5966,0.1392,0.2642
CLUBS FIVE CLUBS SIX,0.479,0.0618,0.4592
CLUBS ACE DIAMONDS FOUR,0.3508,0.0054,0.6438
CLUBS SEVEN DIAMONDS THREE,0.606,0.139,0.255
CLUBS SEVEN CLUBS FIVE,0.4726,0.0664,0.461
DIAMONDS THREE CLUBS FOUR,0.5624,0.1442,0.2934
DIAMONDS FOUR CLUBS QUEEN,0.3506,0.0144,0.635
DIAMONDS THREE CLUBS FIVE,0.5734,0.1492,0.2774
CLUBS KING DIAMONDS FOUR,0.3554,0.0074,0.6372
DIAMONDS THREE CLUBS TWO,0.6038,0.1444,0.2518
CLUBS TEN DIAMONDS FOUR,0.3516,0.0292,0.6192
DIAMONDS FOUR CLUBS JACK,0.3392,0.0218,0.639
DIAMONDS THREE SPADES FOUR,0.579,0.146,0.275
DIAMONDS THREE SPADES FIVE,0.576,0.1446,0.2794
DIAMONDS THREE SPADES TWO,0.6028,0.1374,0.2598
DIAMONDS THREE SPADES THREE,0.264,0.0774,0.6586
CLUBS EIGHT DIAMONDS THREE,0.012,0.9726,0.0154
CLUBS NINE DIAMONDS THREE,0.2368,0.102,0.6612
SPADES SEVEN CLUBS ACE,0.3536,0.005,0.6414
SPADES SEVEN CLUBS QUEEN,0.3452,0.0144,0.6404
SPADES SEVEN CLUBS KING,0.3552,0.0096,0.6352
CLUBS FIVE SPADES SEVEN,0.5106,0.068,0.4214
CLUBS TEN SPADES SEVEN,0.3332,0.0308,0.636
CLUBS FIVE SPADES SIX,0.495,0.07,0.435
SPADES SEVEN CLUBS JACK,0.325,0.0208,0.6542
CLUBS FIVE SPADES NINE,0.3334,0.0448,0.6218
CLUBS FIVE SPADES THREE,0.5682,0.1444,0.2874
CLUBS FIVE SPADES TWO,0.5676,0.0658,0.3666
CLUBS FIVE SPADES FIVE,0.255,0.0966,0.6484
CLUBS FIVE SPADES FOUR,0.4988,0.073,0.4282
CLUBS NINE CLUBS FIVE,0.3294,0.041,0.6296
CLUBS EIGHT CLUBS FIVE,0.2136,0.4176,0.3688
CLUBS ACE CLUBS QUEEN,0.3136,0.0072,0.6792
CLUBS KING CLUBS QUEEN,0.2996,0.0074,0.693
DIAMONDS TEN DIAMONDS FOUR,0.333,0.0238,0.6432
CLUBS TEN DIAMONDS NINE,0.2894,0.0228,0.6878
DIAMONDS JACK DIAMONDS FOUR,0.3306,0.0206,0.6488
DIAMONDS NINE CLUBS JACK,0.2974,0.0172,0.6854
SPADES NINE CLUBS JACK,0.2972,0.0166,0.6862
CLUBS TEN SPADES NINE,0.2708,0.0294,0.6998
DIAMONDS ACE DIAMONDS FOUR,0.322,0.005,0.673
HEARTS FOUR DIAMONDS FOUR,0.2556,0.0976,0.6468
DIAMONDS JACK HEARTS TEN,0.3056,0.013,0.6814
SPADES NINE CLUBS KING,0.3092,0.0082,0.6826
DIAMONDS TWO SPADES TEN,0.3782,0.0326,0.5892
DIAMONDS NINE CLUBS ACE,0.3206,0.0044,0.675
HEARTS FIVE DIAMONDS FOUR,0.5228,0.0652,0.412
HEARTS JACK DIAMONDS JACK,0.138,0.04,0.822
SPADES NINE CLUBS QUEEN,0.314,0.0118,0.6742
DIAMONDS TWO SPADES JACK,0.3876,0.0238,0.5886
DIAMONDS QUEEN DIAMONDS FOUR,0.342,0.011,0.647
HEARTS TWO DIAMONDS FOUR,0.5662,0.0714,0.3624
DIAMONDS NINE CLUBS QUEEN,0.3102,0.0114,0.6784
DIAMONDS KING DIAMONDS FOUR,0.3364,0.0092,0.6544
HEARTS THREE DIAMONDS FOUR,0.5834,0.1396,0.277
SPADES NINE CLUBS ACE,0.3216,0.0048,0.6736
DIAMONDS NINE CLUBS KING,0.3328,0.0076,0.6596
HEARTS ACE DIAMONDS JACK,0.3408,0.0028,0.6564
SPADES ACE DIAMONDS TWO,0.3754,0.004,0.6206
DIAMONDS JACK HEARTS QUEEN,0.3204,0.0092,0.6704
SPADES QUEEN DIAMONDS TWO,0.3842,0.0164,0.5994
HEARTS KING DIAMONDS JACK,0.3166,0.007,0.6764
SPADES KING DIAMONDS TWO,0.3866,0.0108,0.6026
SPADES JACK SPADES SEVEN,0.3248,0.0208,0.6544
SPADES TEN SPADES SEVEN,0.3162,0.0312,0.6526
SPADES TWO DIAMONDS FOUR,0.5512,0.078,0.3708
SPADES THREE DIAMONDS FOUR,0.5802,0.1482,0.2716
SPADES FOUR DIAMONDS FOUR,0.258,0.107,0.635
SPADES FIVE DIAMONDS FOUR,0.5186,0.0728,0.4086
SPADES SIX DIAMONDS FOUR,0.5262,0.0698,0.404
SPADES SEVEN DIAMONDS FOUR,0.5396,0.0698,0.3906
SPADES NINE DIAMONDS FOUR,0.3532,0.0472,0.5996
CLUBS FIVE DIAMONDS FOUR,0.5068,0.0698,0.4234
CLUBS FOUR DIAMONDS FOUR,0.2632,0.1028,0.634
CLUBS SEVEN DIAMONDS FOUR,0.5266,0.0696,0.4038
CLUBS SIX DIAMONDS FOUR,0.511,0.0738,0.4152
CLUBS NINE DIAMONDS FOUR,0.3376,0.0424,0.62
CLUBS EIGHT DIAMONDS FOUR,0.2124,0.4998,0.2878
DIAMONDS FOUR HEARTS SEVEN,0.5226,0.0656,0.4118
HEARTS SIX DIAMONDS FOUR,0.5274,0.0628,0.4098
HEARTS NINE DIAMONDS FOUR,0.352,0.0454,0.6026
DIAMONDS FOUR HEARTS EIGHT,0.2132,0.4964,0.2904
CLUBS TWO DIAMONDS FOUR,0.5896,0.0616,0.3488
DIAMONDS TEN DIAMONDS FIVE,0.3322,0.0236,0.6442
DIAMONDS JACK DIAMONDS FIVE,0.3276,0.0194,0.653
DIAMONDS NINE HEARTS QUEEN,0.3164,0.0114,0.6722
HEARTS KING DIAMONDS NINE,0.3364,0.0074,0.6562
DIAMONDS NINE HEARTS ACE,0.3278,0.0048,0.6674
DIAMONDS NINE HEARTS TEN,0.2962,0.0202,0.6836
DIAMONDS NINE HEARTS JACK,0.3084,0.015,0.6766
CLUBS KING DIAMONDS SIX,0.3476,0.0054,0.647
CLUBS QUEEN DIAMONDS SIX,0.3568,0.01,0.6332
CLUBS ACE DIAMONDS SIX,0.36,0.004,0.636
SPADES KING DIAMONDS FOUR,0.3398,0.0112,0.649
SPADES ACE SPADES SEVEN,0.3228,0.0046,0.6726
SPADES QUEEN DIAMONDS FOUR,0.3488,0.015,0.6362
SPADES QUEEN SPADES SEVEN,0.3396,0.0134,0.647
CLUBS JACK DIAMONDS SIX,0.3488,0.0172,0.634
SPADES KING SPADES SEVEN,0.3414,0.0086,0.65
SPADES ACE DIAMONDS FOUR,0.3498,0.0054,0.6448
CLUBS TEN DIAMONDS SIX,0.339,0.0248,0.6362
CLUBS NINE CLUBS FOUR,0.3262,0.046,0.6278
CLUBS EIGHT CLUBS FOUR,0.2136,0.4758,0.3106
SPADES JACK DIAMONDS FOUR,0.3476,0.0238,0.6286
SPADES TEN DIAMONDS FOUR,0.3474,0.0276,0.625
CLUBS FIVE CLUBS FOUR,0.4856,0.0634,0.451
CLUBS SEVEN CLUBS FOUR,0.4974,0.0676,0.435
CLUBS SIX CLUBS FOUR,0.4782,0.0732,0.4486
CLUBS SEVEN SPADES NINE,0.312,0.0428,0.6452
CLUBS SEVEN SPADES SIX,0.4994,0.0674,0.4332
CLUBS SEVEN SPADES SEVEN,0.2428,0.0814,0.6758
CLUBS SEVEN SPADES FIVE,0.5206,0.0648,0.4146
CLUBS SEVEN SPADES FOUR,0.525,0.0688,0.4062
CLUBS SEVEN SPADES THREE,0.6188,0.1418,0.2394
CLUBS SEVEN SPADES TWO,0.5818,0.0654,0.3528
CLUBS NINE CLUBS SEVEN,0.3024,0.0396,0.658
CLUBS SEVEN CLUBS EIGHT,0.2098,0.2692,0.521
HEARTS SIX DIAMONDS FIVE,0.5122,0.0616,0.4262
DIAMONDS FIVE HEARTS SEVEN,0.5142,0.0624,0.4234
DIAMONDS FIVE HEARTS EIGHT,0.2096,0.4422,0.3482
HEARTS NINE DIAMONDS FIVE,0.3416,0.0464,0.612
DIAMONDS QUEEN DIAMONDS FIVE,0.3268,0.0128,0.6604
HEARTS TWO DIAMONDS FIVE,0.5696,0.0668,0.3636
HEARTS KING HEARTS EIGHT,0.2044,0.0412,0.7544
DIAMONDS KING DIAMONDS FIVE,0.3236,0.0068,0.6696
HEARTS THREE DIAMONDS FIVE,0.5752,0.1438,0.281
HEARTS QUEEN HEARTS EIGHT,0.221,0.0476,0.7314
DIAMONDS ACE DIAMONDS FIVE,0.3186,0.0056,0.6758
HEARTS FOUR DIAMONDS FIVE,0.505,0.0678,0.4272
HEARTS FIVE DIAMONDS FIVE,0.2498,0.0958,0.6544
HEARTS ACE HEARTS EIGHT,0.2122,0.03,0.7578
CLUBS FOUR DIAMONDS FIVE,0.5038,0.0672,0.429
CLUBS FIVE DIAMONDS FIVE,0.2486,0.1036,0.6478
CLUBS SIX DIAMONDS FIVE,0.4954,0.0628,0.4418
CLUBS SEVEN DIAMONDS FIVE,0.5044,0.0624,0.4332
CLUBS TWO DIAMONDS FIVE,0.5688,0.0724,0.3588
SPADES THREE DIAMONDS FIVE,0.5882,0.1428,0.269
SPADES TWO DIAMONDS FIVE,0.5544,0.0714,0.3742
SPADES JACK DIAMONDS EIGHT,0.2178,0.059,0.7232
SPADES FIVE DIAMONDS FIVE,0.253,0.0954,0.6516
CLUBS TEN HEARTS JACK,0.2968,0.0126,0.6906
SPADES TEN DIAMONDS EIGHT,0.2074,0.0868,0.7058
SPADES FOUR DIAMONDS FIVE,0.5078,0.072,0.4202
HEARTS JACK CLUBS JACK,0.128,0.04,0.832
HEARTS JACK CLUBS QUEEN,0.3136,0.01,0.6764
CLUBS NINE DIAMONDS FIVE,0.3304,0.0428,0.6268
HEARTS JACK CLUBS KING,0.3146,0.0064,0.679
CLUBS EIGHT DIAMONDS FIVE,0.2168,0.4446,0.3386
HEARTS JACK CLUBS ACE,0.3148,0.0046,0.6806
SPADES SEVEN DIAMONDS FIVE,0.5072,0.0704,0.4224
SPADES KING DIAMONDS EIGHT,0.2202,0.0368,0.743
SPADES SIX DIAMONDS FIVE,0.5086,0.0692,0.4222
SPADES QUEEN DIAMONDS EIGHT,0.226,0.05,0.724
SPADES NINE DIAMONDS FIVE,0.3358,0.0422,0.622
SPADES ACE DIAMONDS EIGHT,0.2136,0.0268,0.7596
DIAMONDS TEN DIAMONDS SIX,0.3228,0.0216,0.6556
HEARTS ACE DIAMONDS SEVEN,0.3498,0.003,0.6472
DIAMONDS JACK DIAMONDS SIX,0.3348,0.0174,0.6478
HEARTS QUEEN DIAMONDS SEVEN,0.3578,0.0096,0.6326
HEARTS KING DIAMONDS SEVEN,0.3468,0.0066,0.6466
DIAMONDS ACE DIAMONDS SIX,0.3322,0.0046,0.6632
HEARTS FOUR DIAMONDS SIX,0.5186,0.0668,0.4146
HEARTS JACK SPADES TWO,0.3956,0.0204,0.584
HEARTS FIVE DIAMONDS SIX,0.5042,0.064,0.4318
SPADES TWO HEARTS TEN,0.3846,0.031,0.5844
DIAMONDS QUEEN DIAMONDS SIX,0.332,0.0122,0.6558
HEARTS TWO DIAMONDS SIX,0.5676,0.0716,0.3608
DIAMONDS KING DIAMONDS SIX,0.332,0.0076,0.6604
HEARTS THREE DIAMONDS SIX,0.6032,0.1384,0.2584
HEARTS EIGHT DIAMONDS SIX,0.2208,0.36,0.4192
HEARTS NINE DIAMONDS SIX,0.323,0.0388,0.6382
HEARTS SIX DIAMONDS SIX,0.2622,0.0924,0.6454
HEARTS SEVEN DIAMONDS SIX,0.5082,0.054,0.4378
HEARTS TEN DIAMONDS SEVEN,0.3354,0.0228,0.6418
CLUBS TWO DIAMONDS SIX,0.5786,0.0646,0.3568
HEARTS JACK DIAMONDS SEVEN,0.342,0.0166,0.6414
CLUBS SEVEN DIAMONDS SIX,0.4972,0.067,0.4358
DIAMONDS EIGHT CLUBS JACK,0.2154,0.0678,0.7168
CLUBS SIX DIAMONDS SIX,0.2464,0.0954,0.6582
CLUBS TEN DIAMONDS EIGHT,0.2212,0.0782,0.7006
CLUBS FIVE DIAMONDS SIX,0.5086,0.0646,0.4268
CLUBS FOUR DIAMONDS SIX,0.506,0.0698,0.4242
HEARTS ACE HEARTS JACK,0.3006,0.0026,0.6968
DIAMONDS EIGHT CLUBS ACE,0.22,0.0278,0.7522
HEARTS JACK HEARTS QUEEN,0.299,0.0098,0.6912
DIAMONDS EIGHT CLUBS KING,0.2236,0.043,0.7334
CLUBS NINE DIAMONDS SIX,0.3196,0.0398,0.6406
HEARTS KING HEARTS JACK,0.3046,0.007,0.6884
DIAMONDS EIGHT CLUBS QUEEN,0.2146,0.0494,0.736
CLUBS EIGHT DIAMONDS SIX,0.213,0.3796,0.4074
SPADES TEN HEARTS KING,0.3146,0.0068,0.6786
SPADES FIVE DIAMONDS SIX,0.5036,0.0646,0.4318
HEARTS ACE SPADES TWO,0.3734,0.0054,0.6212
SPADES JACK HEARTS KING,0.3082,0.008,0.6838
SPADES FOUR DIAMONDS SIX,0.5218,0.0708,0.4074
SPADES THREE DIAMONDS SIX,0.6068,0.1424,0.2508
SPADES TWO HEARTS QUEEN,0.3894,0.0166,0.594
SPADES ACE SPADES KING,0.3018,0.0054,0.6928
HEARTS KING SPADES TWO,0.3812,0.0088,0.61
SPADES TWO DIAMONDS SIX,0.5676,0.0738,0.3586
HEARTS TEN HEARTS EIGHT,0.2088,0.0762,0.715
SPADES NINE DIAMONDS SIX,0.3208,0.0434,0.6358
HEARTS JACK HEARTS EIGHT,0.2128,0.058,0.7292
SPADES SEVEN DIAMONDS SIX,0.511,0.0628,0.4262
SPADES SIX DIAMONDS SIX,0.2618,0.0854,0.6528
SPADES KING HEARTS KING,0.1212,0.0162,0.8626
SPADES QUEEN HEARTS KING,0.3104,0.0058,0.6838
CLUBS ACE CLUBS KING,0.3062,0.0042,0.6896
SPADES ACE HEARTS KING,0.3242,0.0048,0.671
SPADES ACE HEARTS JACK,0.322,0.003,0.675
SPADES QUEEN HEARTS JACK,0.3112,0.0108,0.678
SPADES KING HEARTS JACK,0.3224,0.007,0.6706
SPADES TEN DIAMONDS TEN,0.1224,0.0522,0.8254
SPADES JACK DIAMONDS TEN,0.3098,0.0136,0.6766
SPADES ACE DIAMONDS TEN,0.3222,0.0052,0.6726
SPADES JACK HEARTS JACK,0.1306,0.0382,0.8312
SPADES TEN HEARTS JACK,0.3008,0.0134,0.6858
SPADES QUEEN DIAMONDS TEN,0.3092,0.0142,0.6766
SPADES KING DIAMONDS TEN,0.303,0.01,0.687
SPADES NINE DIAMONDS SEVEN,0.3126,0.0444,0.643
SPADES SEVEN DIAMONDS SEVEN,0.2472,0.0786,0.6742
SPADES SIX DIAMONDS SEVEN,0.511,0.0672,0.4218
DIAMONDS KING DIAMONDS SEVEN,0.3288,0.0078,0.6634
HEARTS THREE DIAMONDS SEVEN,0.6182,0.132,0.2498
HEARTS KING DIAMONDS FIVE,0.3492,0.0068,0.644
DIAMONDS QUEEN DIAMONDS SEVEN,0.3272,0.0134,0.6594
HEARTS TWO DIAMONDS SEVEN,0.578,0.0734,0.3486
HEARTS QUEEN DIAMONDS FIVE,0.3582,0.0116,0.6302
HEARTS FIVE DIAMONDS SEVEN,0.5174,0.0652,0.4174
DIAMONDS ACE DIAMONDS SEVEN,0.3232,0.0046,0.6722
HEARTS FOUR DIAMONDS SEVEN,0.5312,0.0628,0.406
HEARTS ACE DIAMONDS FIVE,0.342,0.0044,0.6536
HEARTS SEVEN DIAMONDS SEVEN,0.2472,0.0834,0.6694
HEARTS SIX DIAMONDS SEVEN,0.5212,0.0586,0.4202
HEARTS NINE DIAMONDS SEVEN,0.3214,0.043,0.6356
DIAMONDS SEVEN HEARTS EIGHT,0.2112,0.29,0.4988
DIAMONDS JACK DIAMONDS SEVEN,0.3254,0.014,0.6606
HEARTS JACK DIAMONDS FIVE,0.3496,0.0148,0.6356
DIAMONDS TEN DIAMONDS SEVEN,0.3148,0.0252,0.66
DIAMONDS FIVE HEARTS TEN,0.336,0.0308,0.6332
SPADES KING CLUBS TWO,0.392,0.0128,0.5952
HEARTS KING CLUBS KING,0.136,0.0146,0.8494
CLUBS EIGHT DIAMONDS SEVEN,0.2132,0.295,0.4918
SPADES QUEEN CLUBS TWO,0.383,0.0146,0.6024
HEARTS KING CLUBS QUEEN,0.3132,0.0072,0.6796
CLUBS NINE DIAMONDS SEVEN,0.3192,0.0414,0.6394
SPADES TWO CLUBS JACK,0.3854,0.0194,0.5952
SPADES ACE CLUBS TWO,0.3706,0.0072,0.6222
CLUBS TEN SPADES TWO,0.3754,0.0308,0.5938
HEARTS KING CLUBS ACE,0.3306,0.0048,0.6646
CLUBS SEVEN CLUBS SIX,0.4756,0.0644,0.46
SPADES TWO CLUBS KING,0.401,0.01,0.589
SPADES TWO DIAMONDS SEVEN,0.599,0.0672,0.3338
CLUBS EIGHT CLUBS SIX,0.2004,0.3508,0.4488
SPADES THREE DIAMONDS SEVEN,0.6216,0.1352,0.2432
SPADES TWO CLUBS QUEEN,0.3844,0.0172,0.5984
CLUBS NINE CLUBS SIX,0.2984,0.04,0.6616
SPADES FOUR DIAMONDS SEVEN,0.5378,0.0632,0.399
HEARTS KING CLUBS JACK,0.3116,0.0084,0.68
SPADES FIVE DIAMONDS SEVEN,0.5154,0.0692,0.4154
SPADES TWO CLUBS ACE,0.3646,0.0064,0.629
CLUBS TEN HEARTS KING,0.3098,0.0058,0.6844
CLUBS SIX SPADES TWO,0.5716,0.065,0.3634
CLUBS SIX SPADES THREE,0.5992,0.1414,0.2594
CLUBS TWO DIAMONDS SEVEN,0.586,0.0658,0.3482
CLUBS SIX SPADES FOUR,0.5208,0.0684,0.4108
CLUBS SIX SPADES FIVE,0.4974,0.0724,0.4302
CLUBS FOUR DIAMONDS SEVEN,0.5286,0.0678,0.4036
CLUBS SIX SPADES SIX,0.2378,0.087,0.6752
CLUBS FIVE DIAMONDS SEVEN,0.5044,0.0656,0.43
CLUBS SIX SPADES SEVEN,0.5076,0.0634,0.429
CLUBS SIX DIAMONDS SEVEN,0.5042,0.0608,0.435
SPADES JACK CLUBS TWO,0.3936,0.0196,0.5868
CLUBS SEVEN DIAMONDS SEVEN,0.2472,0.0898,0.663
SPADES NINE CLUBS SIX,0.325,0.0436,0.6314
SPADES TEN CLUBS TWO,0.3786,0.0294,0.592
CLUBS TWO CLUBS QUEEN,0.3814,0.0132,0.6054
CLUBS TWO CLUBS KING,0.3632,0.008,0.6288
CLUBS TWO CLUBS ACE,0.3508,0.0044,0.6448
CLUBS TWO DIAMONDS EIGHT,0.2538,0.537,0.2092
DIAMONDS EIGHT HEARTS SEVEN,0.2282,0.2878,0.484
HEARTS SIX DIAMONDS EIGHT,0.215,0.359,0.426
DIAMONDS EIGHT HEARTS NINE,0.2226,0.102,0.6754
CLUBS TEN CLUBS TWO,0.3664,0.0274,0.6062
DIAMONDS EIGHT HEARTS EIGHT,0.0766,0.0804,0.843
CLUBS TWO CLUBS JACK,0.3664,0.0182,0.6154
CLUBS NINE DIAMONDS EIGHT,0.2156,0.1022,0.6822
CLUBS EIGHT DIAMONDS EIGHT,0.0686,0.0858,0.8456
CLUBS FIVE DIAMONDS EIGHT,0.202,0.449,0.349
SPADES ACE SPADES THREE,0.2252,0.0156,0.7592
CLUBS FOUR DIAMONDS EIGHT,0.1996,0.519,0.2814
CLUBS SEVEN DIAMONDS EIGHT,0.2112,0.291,0.4978
SPADES QUEEN SPADES THREE,0.2348,0.0372,0.728
CLUBS SIX DIAMONDS EIGHT,0.2052,0.3806,0.4142
SPADES KING SPADES THREE,0.2318,0.0326,0.7356
DIAMONDS QUEEN DIAMONDS EIGHT,0.2148,0.0456,0.7396
HEARTS TWO DIAMONDS EIGHT,0.2558,0.5218,0.2224
DIAMONDS KING DIAMONDS EIGHT,0.216,0.035,0.749
HEARTS THREE DIAMONDS EIGHT,0.023,0.957,0.02
DIAMONDS ACE DIAMONDS EIGHT,0.2084,0.0294,0.7622
HEARTS FOUR DIAMONDS EIGHT,0.2068,0.5162,0.277
HEARTS FIVE DIAMONDS EIGHT,0.2108,0.4438,0.3454
DIAMONDS EIGHT DIAMONDS TEN,0.2228,0.0782,0.699
DIAMONDS EIGHT DIAMONDS JACK,0.2032,0.0626,0.7342
SPADES JACK SPADES THREE,0.2324,0.0486,0.719
SPADES TEN SPADES THREE,0.2202,0.0758,0.704
CLUBS FOUR HEARTS ACE,0.3466,0.0046,0.6488
CLUBS FOUR HEARTS QUEEN,0.3624,0.0134,0.6242
CLUBS FOUR HEARTS KING,0.3576,0.0086,0.6338
CLUBS SIX HEARTS TEN,0.3344,0.033,0.6326
CLUBS SIX HEARTS JACK,0.3576,0.0152,0.6272
SPADES FOUR DIAMONDS EIGHT,0.2216,0.5098,0.2686
SPADES FIVE DIAMONDS EIGHT,0.2208,0.4536,0.3256
DIAMONDS EIGHT SPADES TWO,0.2578,0.5254,0.2168
DIAMONDS EIGHT SPADES THREE,0.0186,0.9712,0.0102
CLUBS FOUR HEARTS JACK,0.3562,0.0172,0.6266
SPADES TEN DIAMONDS QUEEN,0.3082,0.0128,0.679
SPADES TEN HEARTS TWO,0.38,0.0284,0.5916
SPADES JACK HEARTS EIGHT,0.214,0.0596,0.7264
CLUBS FOUR HEARTS TEN,0.3536,0.026,0.6204
SPADES NINE DIAMONDS EIGHT,0.222,0.1066,0.6714
SPADES TEN HEARTS EIGHT,0.2246,0.0744,0.701
SPADES JACK HEARTS TWO,0.4002,0.0204,0.5794
SPADES JACK DIAMONDS QUEEN,0.3062,0.0088,0.685
SPADES SIX DIAMONDS EIGHT,0.2164,0.3838,0.3998
SPADES SEVEN DIAMONDS EIGHT,0.217,0.2942,0.4888
SPADES ACE HEARTS TWO,0.3734,0.0046,0.622
SPADES ACE DIAMONDS QUEEN,0.3148,0.005,0.6802
SPADES ACE HEARTS EIGHT,0.2092,0.0304,0.7604
SPADES KING HEARTS EIGHT,0.2208,0.0434,0.7358
SPADES QUEEN HEARTS TWO,0.393,0.0144,0.5926
SPADES QUEEN DIAMONDS QUEEN,0.121,0.029,0.85
SPADES KING DIAMONDS QUEEN,0.3208,0.008,0.6712
SPADES KING HEARTS TWO,0.3694,0.0086,0.622
SPADES QUEEN HEARTS EIGHT,0.23,0.0476,0.7224
CLUBS TWO HEARTS TEN,0.3988,0.0294,0.5718
CLUBS TWO HEARTS JACK,0.391,0.0204,0.5886
SPADES SEVEN DIAMONDS NINE,0.318,0.0442,0.6378
SPADES SIX DIAMONDS NINE,0.3296,0.0422,0.6282
SPADES NINE DIAMONDS NINE,0.131,0.0612,0.8078
SPADES TEN CLUBS KING,0.3122,0.0084,0.6794
DIAMONDS NINE SPADES THREE,0.2352,0.1034,0.6614
SPADES JACK CLUBS KING,0.3046,0.007,0.6884
DIAMONDS NINE SPADES TWO,0.3728,0.0484,0.5788
SPADES FIVE DIAMONDS NINE,0.337,0.046,0.617
DIAMONDS NINE SPADES FOUR,0.3522,0.0456,0.6022
CLUBS NINE DIAMONDS NINE,0.1284,0.0576,0.814
CLUBS EIGHT DIAMONDS NINE,0.2172,0.1046,0.6782
CLUBS SIX DIAMONDS NINE,0.3396,0.0384,0.622
SPADES JACK CLUBS FOUR,0.3568,0.022,0.6212
CLUBS SEVEN DIAMONDS NINE,0.3238,0.0404,0.6358
SPADES TEN CLUBS FOUR,0.3454,0.0354,0.6192
CLUBS FOUR DIAMONDS NINE,0.3396,0.0474,0.613
CLUBS FIVE DIAMONDS NINE,0.3328,0.0438,0.6234
CLUBS TWO DIAMONDS NINE,0.3814,0.0398,0.5788
DIAMONDS NINE HEARTS EIGHT,0.219,0.1042,0.6768
DIAMONDS NINE HEARTS NINE,0.1504,0.0568,0.7928
HEARTS SIX DIAMONDS NINE,0.3284,0.0402,0.6314
DIAMONDS NINE HEARTS SEVEN,0.3328,0.039,0.6282
CLUBS NINE CLUBS EIGHT,0.2084,0.1056,0.686
DIAMONDS ACE DIAMONDS NINE,0.3006,0.0046,0.6948
HEARTS FOUR DIAMONDS NINE,0.3592,0.042,0.5988
HEARTS FIVE DIAMONDS NINE,0.3274,0.0476,0.625
CLUBS TWO HEARTS ACE,0.3794,0.0064,0.6142
SPADES ACE CLUBS FOUR,0.3348,0.0056,0.6596
DIAMONDS QUEEN DIAMONDS NINE,0.2952,0.0138,0.691
HEARTS TWO DIAMONDS NINE,0.384,0.0448,0.5712
CLUBS TWO HEARTS KING,0.385,0.01,0.605
SPADES KING CLUBS FOUR,0.3448,0.009,0.6462
DIAMONDS KING DIAMONDS NINE,0.2998,0.0086,0.6916
HEARTS THREE DIAMONDS NINE,0.2364,0.1018,0.6618
CLUBS TWO HEARTS QUEEN,0.3992,0.0122,0.5886
SPADES QUEEN CLUBS FOUR,0.34,0.0146,0.6454
DIAMONDS NINE DIAMONDS JACK,0.2798,0.0156,0.7046
CLUBS EIGHT SPADES NINE,0.1998,0.111,0.6892
DIAMONDS NINE DIAMONDS TEN,0.2676,0.0238,0.7086
CLUBS EIGHT SPADES SEVEN,0.201,0.2964,0.5026
CLUBS EIGHT SPADES SIX,0.2012,0.382,0.4168
CLUBS EIGHT SPADES FIVE,0.214,0.4474,0.3386
CLUBS EIGHT SPADES FOUR,0.2052,0.5234,0.2714
CLUBS EIGHT SPADES THREE,0.0082,0.9826,0.0092
CLUBS EIGHT SPADES TWO,0.2532,0.5324,0.2144
HEARTS SIX DIAMONDS TEN,0.3438,0.027,0.6292
DIAMONDS TEN HEARTS SEVEN,0.3426,0.0242,0.6332
DIAMONDS TEN HEARTS EIGHT,0.2162,0.0788,0.705
CLUBS FOUR CLUBS JACK,0.3296,0.0206,0.6498
DIAMONDS TEN HEARTS NINE,0.2942,0.0224,0.6834
CLUBS TEN CLUBS FOUR,0.3338,0.0334,0.6328
CLUBS FOUR CLUBS KING,0.3402,0.0108,0.649
CLUBS FOUR CLUBS QUEEN,0.3418,0.0088,0.6494
CLUBS TWO DIAMONDS TEN,0.3802,0.0274,0.5924
CLUBS FOUR CLUBS ACE,0.3096,0.0044,0.686
DIAMONDS JACK DIAMONDS TEN,0.2902,0.0136,0.6962
DIAMONDS QUEEN DIAMONDS TEN,0.2918,0.0118,0.6964
HEARTS TWO DIAMONDS TEN,0.3916,0.0314,0.577
DIAMONDS KING DIAMONDS TEN,0.297,0.0064,0.6966
HEARTS THREE DIAMONDS TEN,0.2368,0.0748,0.6884
DIAMONDS ACE DIAMONDS TEN,0.2914,0.004,0.7046
HEARTS FOUR DIAMONDS TEN,0.3682,0.029,0.6028
CLUBS EIGHT HEARTS JACK,0.233,0.0574,0.7096
HEARTS FIVE DIAMONDS TEN,0.34,0.0252,0.6348
CLUBS EIGHT HEARTS TEN,0.2154,0.0746,0.71
CLUBS EIGHT HEARTS QUEEN,0.2266,0.0506,0.7228
CLUBS EIGHT HEARTS KING,0.2226,0.0396,0.7378
CLUBS EIGHT HEARTS ACE,0.218,0.0324,0.7496
CLUBS NINE SPADES THREE,0.2292,0.1088,0.662
CLUBS NINE SPADES TWO,0.3824,0.0482,0.5694
CLUBS NINE SPADES FIVE,0.3434,0.045,0.6116
CLUBS NINE SPADES FOUR,0.3508,0.044,0.6052
CLUBS NINE SPADES SEVEN,0.3162,0.0396,0.6442
CLUBS NINE SPADES SIX,0.323,0.0438,0.6332
CLUBS NINE SPADES NINE,0.1034,0.0598,0.8368
CLUBS TEN HEARTS EIGHT,0.2242,0.0764,0.6994
CLUBS JACK HEARTS EIGHT,0.2296,0.0536,0.7168
CLUBS QUEEN HEARTS EIGHT,0.215,0.0532,0.7318
CLUBS KING HEARTS EIGHT,0.213,0.0428,0.7442
CLUBS ACE HEARTS EIGHT,0.2154,0.0322,0.7524
SPADES KING CLUBS KING,0.1068,0.0198,0.8734
SPADES QUEEN CLUBS KING,0.3282,0.0064,0.6654
SPADES ACE CLUBS KING,0.325,0.007,0.668
DIAMONDS ACE HEARTS TEN,0.3086,0.004,0.6874
HEARTS FOUR HEARTS TEN,0.3318,0.029,0.6392
DIAMONDS ACE HEARTS JACK,0.323,0.0038,0.6732
HEARTS FOUR HEARTS JACK,0.3214,0.0174,0.6612
SPADES KING CLUBS FIVE,0.338,0.0088,0.6532
SPADES QUEEN CLUBS FIVE,0.3452,0.0138,0.641
SPADES ACE CLUBS FIVE,0.3302,0.0054,0.6644
DIAMONDS JACK HEARTS SEVEN,0.3516,0.0188,0.6296
HEARTS SIX DIAMONDS JACK,0.3548,0.0176,0.6276
DIAMONDS JACK HEARTS NINE,0.3064,0.0164,0.6772
DIAMONDS JACK HEARTS EIGHT,0.2212,0.0604,0.7184
DIAMONDS KING DIAMONDS JACK,0.3066,0.007,0.6864
HEARTS THREE DIAMONDS JACK,0.2514,0.0434,0.7052
SPADES ACE SPADES SIX,0.3312,0.006,0.6628
SPADES FOUR HEARTS ACE,0.355,0.0056,0.6394
DIAMONDS QUEEN DIAMONDS JACK,0.2986,0.0118,0.6896
HEARTS TWO DIAMONDS JACK,0.3804,0.0198,0.5998
HEARTS FIVE DIAMONDS JACK,0.3504,0.0162,0.6334
SPADES QUEEN SPADES SIX,0.3382,0.013,0.6488
SPADES FOUR HEARTS QUEEN,0.3572,0.0154,0.6274
DIAMONDS ACE DIAMONDS JACK,0.2912,0.005,0.7038
HEARTS FOUR DIAMONDS JACK,0.354,0.017,0.629
SPADES KING SPADES SIX,0.3362,0.008,0.6558
HEARTS KING SPADES FOUR,0.3488,0.0082,0.643
SPADES TEN SPADES SIX,0.3136,0.0252,0.6612
SPADES JACK SPADES SIX,0.3388,0.0192,0.642
SPADES FOUR DIAMONDS JACK,0.352,0.0208,0.6272
SPADES FIVE DIAMONDS JACK,0.3484,0.0174,0.6342
DIAMONDS JACK SPADES TWO,0.3842,0.0184,0.5974
SPADES THREE DIAMONDS JACK,0.2362,0.0546,0.7092
SPADES ACE DIAMONDS THREE,0.249,0.0168,0.7342
SPADES QUEEN DIAMONDS THREE,0.2454,0.0374,0.7172
CLUBS EIGHT DIAMONDS JACK,0.221,0.0636,0.7154
SPADES KING DIAMONDS THREE,0.2258,0.0276,0.7466
CLUBS NINE DIAMONDS JACK,0.3076,0.0182,0.6742
CLUBS SIX DIAMONDS JACK,0.3438,0.0234,0.6328
CLUBS SEVEN DIAMONDS JACK,0.3578,0.0196,0.6226
CLUBS FOUR DIAMONDS JACK,0.3578,0.0188,0.6234
CLUBS FIVE DIAMONDS JACK,0.3486,0.014,0.6374
CLUBS TWO DIAMONDS JACK,0.399,0.0204,0.5806
SPADES TEN CLUBS FIVE,0.337,0.026,0.637
HEARTS SIX SPADES JACK,0.3442,0.0146,0.6412
HEARTS SIX SPADES TEN,0.3356,0.0266,0.6378
SPADES JACK CLUBS FIVE,0.3398,0.023,0.6372
SPADES JACK DIAMONDS THREE,0.2322,0.0494,0.7184
CLUBS SEVEN CLUBS ACE,0.3278,0.0056,0.6666
DIAMONDS THREE SPADES TEN,0.2378,0.0748,0.6874
CLUBS SEVEN CLUBS QUEEN,0.3414,0.0104,0.6482
CLUBS SEVEN CLUBS KING,0.3246,0.0078,0.6676
SPADES NINE DIAMONDS JACK,0.3072,0.016,0.6768
CLUBS TEN CLUBS SEVEN,0.3052,0.0264,0.6684
DIAMONDS ACE HEARTS ACE,0.1242,0.0032,0.8726
HEARTS FOUR HEARTS ACE,0.3138,0.0062,0.68
SPADES ACE HEARTS SIX,0.3354,0.0052,0.6594
CLUBS SEVEN CLUBS JACK,0.3252,0.0212,0.6536
DIAMONDS ACE HEARTS KING,0.3226,0.0034,0.674
HEARTS FOUR HEARTS KING,0.326,0.0086,0.6654
SPADES SEVEN DIAMONDS JACK,0.3518,0.0206,0.6276
SPADES KING HEARTS SIX,0.3508,0.0082,0.641
DIAMONDS ACE HEARTS QUEEN,0.336,0.003,0.661
HEARTS FOUR HEARTS QUEEN,0.33,0.013,0.657
SPADES SIX DIAMONDS JACK,0.3532,0.0168,0.63
SPADES QUEEN HEARTS SIX,0.3506,0.0102,0.6392
SPADES TWO DIAMONDS TEN,0.3962,0.033,0.5708
SPADES THREE DIAMONDS TEN,0.2406,0.07,0.6894
SPADES FOUR DIAMONDS TEN,0.3524,0.034,0.6136
SPADES FIVE DIAMONDS TEN,0.347,0.0282,0.6248
SPADES SIX DIAMONDS TEN,0.3442,0.0228,0.633
SPADES SEVEN DIAMONDS TEN,0.3434,0.022,0.6346
SPADES NINE DIAMONDS TEN,0.2946,0.0266,0.6788
CLUBS FOUR DIAMONDS TEN,0.3406,0.0256,0.6338
CLUBS FIVE DIAMONDS TEN,0.3532,0.0264,0.6204
CLUBS SIX DIAMONDS TEN,0.3466,0.0288,0.6246
CLUBS SEVEN DIAMONDS TEN,0.328,0.0254,0.6466
CLUBS EIGHT DIAMONDS TEN,0.2094,0.0886,0.702
CLUBS NINE DIAMONDS TEN,0.283,0.0246,0.6924
DIAMONDS THREE CLUBS JACK,0.2424,0.058,0.6996
CLUBS TEN DIAMONDS THREE,0.239,0.0756,0.6854
DIAMONDS THREE CLUBS KING,0.2406,0.032,0.7274
DIAMONDS THREE CLUBS QUEEN,0.246,0.039,0.715
DIAMONDS THREE CLUBS ACE,0.2358,0.0156,0.7486
SPADES FOUR HEARTS JACK,0.363,0.0218,0.6152
SPADES FOUR HEARTS TEN,0.3594,0.0268,0.6138
SPADES FIVE SPADES TWO,0.5338,0.0656,0.4006
SPADES FOUR SPADES TWO,0.5498,0.0672,0.383
SPADES THREE SPADES TWO,0.5732,0.1466,0.2802
SPADES NINE SPADES TWO,0.3568,0.0382,0.605
SPADES SEVEN SPADES TWO,0.552,0.0648,0.3832
SPADES SIX SPADES TWO,0.5438,0.0638,0.3924
DIAMONDS QUEEN CLUBS TWO,0.39,0.0158,0.5942
CLUBS TWO HEARTS TWO,0.3674,0.1076,0.525
DIAMONDS QUEEN HEARTS SEVEN,0.357,0.0108,0.6322
HEARTS TWO HEARTS SEVEN,0.5382,0.0596,0.4022
HEARTS SIX DIAMONDS QUEEN,0.3552,0.0102,0.6346
HEARTS SIX HEARTS TWO,0.546,0.062,0.392
DIAMONDS QUEEN HEARTS NINE,0.321,0.0112,0.6678
HEARTS TWO HEARTS NINE,0.3688,0.0406,0.5906
DIAMONDS QUEEN HEARTS EIGHT,0.2332,0.0426,0.7242
HEARTS TWO HEARTS EIGHT,0.2496,0.493,0.2574
CLUBS NINE HEARTS TWO,0.3692,0.0436,0.5872
CLUBS NINE DIAMONDS QUEEN,0.3062,0.0094,0.6844
CLUBS EIGHT HEARTS TWO,0.2508,0.5228,0.2264
CLUBS EIGHT DIAMONDS QUEEN,0.2214,0.0538,0.7248
CLUBS FIVE DIAMONDS QUEEN,0.345,0.0116,0.6434
CLUBS FIVE HEARTS TWO,0.5428,0.0666,0.3906
DIAMONDS QUEEN CLUBS FOUR,0.3516,0.0152,0.6332
HEARTS TWO CLUBS FOUR,0.5608,0.0664,0.3728
CLUBS SEVEN DIAMONDS QUEEN,0.3652,0.0106,0.6242
CLUBS SEVEN HEARTS TWO,0.5844,0.0764,0.3392
CLUBS SIX DIAMONDS QUEEN,0.3616,0.0118,0.6266
CLUBS SIX HEARTS TWO,0.5726,0.0712,0.3562
DIAMONDS QUEEN SPADES SIX,0.3702,0.013,0.6168
HEARTS TWO SPADES SIX,0.5684,0.0706,0.361
HEARTS FOUR CLUBS QUEEN,0.3542,0.0128,0.633
DIAMONDS ACE CLUBS QUEEN,0.3128,0.0052,0.682
DIAMONDS QUEEN SPADES SEVEN,0.3546,0.0122,0.6332
SPADES SEVEN HEARTS TWO,0.586,0.0666,0.3474
HEARTS FOUR CLUBS KING,0.3576,0.0086,0.6338
DIAMONDS ACE CLUBS KING,0.3246,0.0056,0.6698
HEARTS FOUR CLUBS ACE,0.3392,0.0034,0.6574
DIAMONDS ACE CLUBS ACE,0.1286,0.0032,0.8682
SPADES NINE DIAMONDS QUEEN,0.3132,0.01,0.6768
SPADES NINE HEARTS TWO,0.3732,0.0418,0.585
HEARTS TWO SPADES TWO,0.3582,0.1144,0.5274
DIAMONDS QUEEN SPADES TWO,0.3986,0.0142,0.5872
HEARTS TWO SPADES THREE,0.608,0.1408,0.2512
DIAMONDS QUEEN SPADES THREE,0.2462,0.0412,0.7126
HEARTS TWO SPADES FOUR,0.5634,0.0752,0.3614
DIAMONDS QUEEN SPADES FOUR,0.3588,0.014,0.6272
HEARTS FOUR CLUBS TEN,0.349,0.028,0.623
CLUBS TEN DIAMONDS ACE,0.3018,0.0034,0.6948
HEARTS TWO SPADES FIVE,0.5714,0.0684,0.3602
DIAMONDS QUEEN SPADES FIVE,0.3604,0.0148,0.6248
HEARTS FOUR CLUBS JACK,0.3458,0.0218,0.6324
DIAMONDS ACE CLUBS JACK,0.3148,0.0062,0.679
CLUBS FIVE CLUBS KING,0.3224,0.0086,0.669
CLUBS FIVE CLUBS QUEEN,0.3246,0.017,0.6584
CLUBS FIVE CLUBS ACE,0.3288,0.0048,0.6664
CLUBS FIVE CLUBS JACK,0.3344,0.0164,0.6492
CLUBS TEN CLUBS FIVE,0.3382,0.0282,0.6336
SPADES KING CLUBS JACK,0.3068,0.0078,0.6854
SPADES QUEEN CLUBS JACK,0.2988,0.0106,0.6906
SPADES ACE CLUBS JACK,0.3088,0.0044,0.6868
SPADES SIX CLUBS KING,0.3502,0.0088,0.641
SPADES SIX CLUBS QUEEN,0.3526,0.0108,0.6366
SPADES SIX CLUBS ACE,0.3628,0.0046,0.6326
SPADES SIX CLUBS JACK,0.3566,0.017,0.6264
CLUBS TEN SPADES SIX,0.333,0.029,0.638
SPADES TEN CLUBS JACK,0.298,0.0168,0.6852
SPADES JACK CLUBS JACK,0.1186,0.0416,0.8398
SPADES QUEEN CLUBS SEVEN,0.3308,0.014,0.6552
SPADES KING CLUBS SEVEN,0.339,0.0088,0.6522
SPADES ACE CLUBS SEVEN,0.3312,0.0052,0.6636
SPADES SIX HEARTS TEN,0.3486,0.024,0.6274
SPADES SIX HEARTS JACK,0.3464,0.022,0.6316
SPADES SIX HEARTS ACE,0.3436,0.005,0.6514
SPADES SIX HEARTS KING,0.3576,0.0068,0.6356
SPADES SIX HEARTS QUEEN,0.3398,0.0126,0.6476
CLUBS SEVEN SPADES JACK,0.3234,0.016,0.6606
CLUBS SEVEN SPADES TEN,0.3178,0.0256,0.6566
CLUBS TEN HEARTS SIX,0.3374,0.0252,0.6374
HEARTS SIX CLUBS JACK,0.3506,0.0206,0.6288
CLUBS ACE CLUBS JACK,0.2992,0.0044,0.6964
HEARTS SIX CLUBS QUEEN,0.3582,0.0114,0.6304
HEARTS SIX CLUBS KING,0.3486,0.006,0.6454
HEARTS SIX CLUBS ACE,0.3536,0.0044,0.642
CLUBS QUEEN CLUBS JACK,0.295,0.0128,0.6922
CLUBS KING CLUBS JACK,0.3144,0.0072,0.6784
DIAMONDS THREE HEARTS ACE,0.2482,0.0146,0.7372
DIAMONDS THREE HEARTS QUEEN,0.2404,0.0404,0.7192
DIAMONDS THREE HEARTS KING,0.2398,0.028,0.7322
CLUBS FIVE HEARTS JACK,0.3394,0.0182,0.6424
SPADES TEN DIAMONDS ACE,0.3158,0.0036,0.6806
HEARTS FOUR SPADES TEN,0.3524,0.028,0.6196
CLUBS FIVE HEARTS TEN,0.3466,0.0278,0.6256
HEARTS FOUR SPADES JACK,0.36,0.0174,0.6226
SPADES JACK DIAMONDS ACE,0.3194,0.0058,0.6748
SPADES ACE HEARTS FOUR,0.3406,0.0076,0.6518
SPADES ACE DIAMONDS ACE,0.118,0.0042,0.8778
CLUBS FIVE HEARTS ACE,0.332,0.0048,0.6632
CLUBS FIVE HEARTS KING,0.345,0.0078,0.6472
HEARTS FOUR SPADES QUEEN,0.3532,0.015,0.6318
SPADES QUEEN DIAMONDS ACE,0.3204,0.0048,0.6748
SPADES FOUR CLUBS JACK,0.3538,0.0236,0.6226
CLUBS FIVE HEARTS QUEEN,0.3604,0.0132,0.6264
SPADES KING DIAMONDS ACE,0.325,0.0052,0.6698
HEARTS FOUR SPADES KING,0.3462,0.0104,0.6434
CLUBS TEN SPADES FOUR,0.3542,0.0296,0.6162
DIAMONDS QUEEN DIAMONDS ACE,0.3032,0.0054,0.6914
HEARTS TWO DIAMONDS ACE,0.3792,0.005,0.6158
HEARTS FOUR DIAMONDS QUEEN,0.36,0.0136,0.6264
HEARTS FOUR HEARTS TWO,0.5214,0.0666,0.412
DIAMONDS THREE HEARTS TEN,0.249,0.0668,0.6842
SPADES FOUR CLUBS KING,0.3656,0.0096,0.6248
HEARTS FIVE DIAMONDS QUEEN,0.348,0.0138,0.6382
HEARTS FIVE HEARTS TWO,0.525,0.0694,0.4056
DIAMONDS THREE HEARTS JACK,0.2388,0.0518,0.7094
SPADES FOUR CLUBS QUEEN,0.3786,0.0136,0.6078
DIAMONDS QUEEN HEARTS TWO,0.4024,0.0134,0.5842
DIAMONDS KING DIAMONDS QUEEN,0.2928,0.0068,0.7004
DIAMONDS KING HEARTS TWO,0.3836,0.0098,0.6066
HEARTS THREE DIAMONDS QUEEN,0.2456,0.0378,0.7166
HEARTS THREE HEARTS TWO,0.543,0.1478,0.3092
SPADES FOUR CLUBS ACE,0.3436,0.005,0.6514
HEARTS TWO CLUBS ACE,0.374,0.0072,0.6188
DIAMONDS QUEEN CLUBS ACE,0.318,0.0058,0.6762
HEARTS TWO CLUBS QUEEN,0.3812,0.0106,0.6082
DIAMONDS QUEEN CLUBS QUEEN,0.129,0.0262,0.8448
HEARTS TWO CLUBS KING,0.3962,0.0092,0.5946
DIAMONDS QUEEN CLUBS KING,0.312,0.0062,0.6818
CLUBS TEN HEARTS TWO,0.3888,0.0276,0.5836
CLUBS TEN DIAMONDS QUEEN,0.3104,0.0104,0.6792
SPADES NINE SPADES FIVE,0.3262,0.0442,0.6296
HEARTS TWO CLUBS JACK,0.3882,0.0166,0.5952
DIAMONDS QUEEN CLUBS JACK,0.3144,0.0096,0.676
SPADES SIX SPADES FIVE,0.4896,0.0672,0.4432
SPADES SEVEN SPADES FIVE,0.4904,0.0658,0.4438
DIAMONDS FIVE CLUBS QUEEN,0.351,0.0126,0.6364
DIAMONDS FIVE CLUBS KING,0.3442,0.01,0.6458
CLUBS ACE DIAMONDS FIVE,0.3356,0.0046,0.6598
CLUBS TEN DIAMONDS FIVE,0.343,0.029,0.628
DIAMONDS FIVE CLUBS JACK,0.344,0.0186,0.6374
HEARTS JACK DIAMONDS TEN,0.3252,0.015,0.6598
DIAMONDS TEN HEARTS TEN,0.1384,0.0504,0.8112
SPADES ACE CLUBS NINE,0.3118,0.0052,0.683
CLUBS NINE SPADES QUEEN,0.3032,0.0152,0.6816
CLUBS NINE SPADES KING,0.3072,0.0088,0.684
HEARTS SIX HEARTS KING,0.3304,0.0088,0.6608
DIAMONDS KING SPADES SEVEN,0.3634,0.0094,0.6272
HEARTS THREE SPADES SEVEN,0.6178,0.1446,0.2376
