opposingHand,winningChance,drawChance,lostChance
SPADES KING CLUBS SIX
SPADES TEN HEARTS FIVE,0.6404,0.0074,0.3522
SPADES JACK HEARTS FIVE,0.6366,0.0072,0.3562
SPADES FIVE CLUBS JACK,0.6316,0.0084,0.36
CLUBS TEN SPADES FIVE,0.6358,0.0086,0.3556
CLUBS EIGHT CLUBS JACK,0.549,0.007,0.444
CLUBS TEN CLUBS EIGHT,0.5336,0.008,0.4584
CLUBS EIGHT CLUBS KING,0.218,0.216,0.566
SPADES FIVE CLUBS ACE,0.3968,0.0046,0.5986
CLUBS EIGHT CLUBS QUEEN,0.5602,0.0064,0.4334
SPADES FIVE CLUBS KING,0.3932,0.39,0.2168
SPADES FIVE CLUBS QUEEN,0.6366,0.011,0.3524
CLUBS EIGHT CLUBS ACE,0.341,0.005,0.654
DIAMONDS TWO DIAMONDS THREE,0.6104,0.006,0.3836
DIAMONDS TWO DIAMONDS FIVE,0.599,0.008,0.393
DIAMONDS TWO DIAMONDS FOUR,0.6066,0.008,0.3854
SPADES QUEEN HEARTS FIVE,0.634,0.0084,0.3576
DIAMONDS TWO DIAMONDS SEVEN,0.5942,0.0078,0.398
DIAMONDS TWO DIAMONDS SIX,0.6826,0.0364,0.281
SPADES ACE HEARTS FIVE,0.3666,0.003,0.6304
DIAMONDS TWO DIAMONDS NINE,0.599,0.0058,0.3952
DIAMONDS TWO DIAMONDS EIGHT,0.5838,0.0064,0.4098
DIAMONDS THREE DIAMONDS FOUR,0.6072,0.007,0.3858
CLUBS TWO SPADES FOUR,0.6564,0.0096,0.334
DIAMONDS THREE DIAMONDS FIVE,0.5964,0.007,0.3966
CLUBS TWO SPADES FIVE,0.6364,0.0114,0.3522
CLUBS TWO SPADES TWO,0.4626,0.016,0.5214
CLUBS TWO SPADES THREE,0.647,0.0084,0.3446
DIAMONDS THREE DIAMONDS EIGHT,0.5816,0.0098,0.4086
SPADES EIGHT CLUBS TWO,0.6538,0.0102,0.336
DIAMONDS THREE DIAMONDS NINE,0.5956,0.008,0.3964
SPADES NINE CLUBS TWO,0.6358,0.007,0.3572
DIAMONDS THREE DIAMONDS SIX,0.6606,0.0386,0.3008
CLUBS TWO SPADES SIX,0.7298,0.0374,0.2328
DIAMONDS THREE DIAMONDS SEVEN,0.5954,0.0076,0.397
SPADES SEVEN CLUBS TWO,0.6488,0.0112,0.34
CLUBS SEVEN CLUBS TWO,0.6058,0.0082,0.386
CLUBS FOUR CLUBS TWO,0.6268,0.0104,0.3628
CLUBS FIVE CLUBS TWO,0.6196,0.01,0.3704
CLUBS TEN CLUBS JACK,0.5106,0.0054,0.484
DIAMONDS FOUR DIAMONDS SIX,0.6602,0.0408,0.299
CLUBS TEN CLUBS QUEEN,0.5308,0.0074,0.4618
DIAMONDS FOUR DIAMONDS SEVEN,0.5652,0.0078,0.427
CLUBS TEN CLUBS KING,0.2284,0.1086,0.663
CLUBS TEN CLUBS ACE,0.322,0.005,0.673
CLUBS EIGHT CLUBS TWO,0.6024,0.0078,0.3898
DIAMONDS FIVE DIAMONDS FOUR,0.5826,0.0088,0.4086
CLUBS NINE CLUBS TWO,0.5906,0.0072,0.4022
DIAMONDS NINE DIAMONDS FOUR,0.588,0.0056,0.4064
DIAMONDS EIGHT DIAMONDS FOUR,0.5872,0.0098,0.403
CLUBS TWO CLUBS THREE,0.6072,0.0098,0.383
DIAMONDS NINE DIAMONDS FIVE,0.5802,0.0078,0.412
DIAMONDS TWO CLUBS JACK,0.6244,0.0072,0.3684
DIAMONDS EIGHT DIAMONDS FIVE,0.573,0.007,0.42
CLUBS TEN DIAMONDS TWO,0.627,0.0078,0.3652
DIAMONDS FIVE DIAMONDS SEVEN,0.5748,0.0094,0.4158
DIAMONDS FIVE DIAMONDS SIX,0.6374,0.0342,0.3284
DIAMONDS TWO CLUBS ACE,0.375,0.0048,0.6202
DIAMONDS TWO CLUBS KING,0.3842,0.388,0.2278
DIAMONDS TWO CLUBS QUEEN,0.6366,0.0092,0.3542
DIAMONDS EIGHT DIAMONDS SIX,0.649,0.0338,0.3172
DIAMONDS NINE DIAMONDS SIX,0.6546,0.0346,0.3108
HEARTS ACE SPADES THREE,0.3922,0.0066,0.6012
HEARTS KING SPADES THREE,0.3952,0.3856,0.2192
DIAMONDS SEVEN DIAMONDS SIX,0.6292,0.0334,0.3374
SPADES THREE HEARTS QUEEN,0.6532,0.0078,0.339
SPADES THREE HEARTS JACK,0.6422,0.005,0.3528
SPADES THREE HEARTS TEN,0.6388,0.0092,0.352
DIAMONDS EIGHT DIAMONDS SEVEN,0.5266,0.0064,0.467
DIAMONDS NINE DIAMONDS SEVEN,0.5494,0.0064,0.4442
DIAMONDS NINE DIAMONDS EIGHT,0.5338,0.0052,0.461
DIAMONDS KING HEARTS TEN,0.248,0.1226,0.6294
HEARTS THREE HEARTS TEN,0.5942,0.0072,0.3986
DIAMONDS KING HEARTS JACK,0.234,0.0876,0.6784
HEARTS THREE HEARTS JACK,0.5934,0.007,0.3996
SPADES JACK SPADES FIVE,0.598,0.0074,0.3946
SPADES TEN SPADES FIVE,0.613,0.0096,0.3774
DIAMONDS KING HEARTS ACE,0.2342,0.0116,0.7542
HEARTS THREE HEARTS ACE,0.3646,0.0044,0.631
DIAMONDS KING HEARTS QUEEN,0.2452,0.0574,0.6974
HEARTS THREE HEARTS QUEEN,0.5806,0.0094,0.41
DIAMONDS KING HEARTS KING,0.0824,0.015,0.9026
HEARTS THREE HEARTS KING,0.362,0.359,0.279
SPADES NINE HEARTS TEN,0.5642,0.0074,0.4284
SPADES NINE HEARTS JACK,0.5686,0.0048,0.4266
SPADES QUEEN SPADES FIVE,0.6028,0.0066,0.3906
SPADES ACE SPADES FIVE,0.3512,0.0072,0.6416
SPADES NINE HEARTS QUEEN,0.5756,0.0064,0.418
SPADES NINE HEARTS KING,0.2264,0.1644,0.6092
SPADES NINE HEARTS ACE,0.3616,0.0036,0.6348
CLUBS TEN SPADES JACK,0.531,0.0092,0.4598
CLUBS TEN SPADES TEN,0.3034,0.0076,0.689
SPADES ACE CLUBS TEN,0.3364,0.0052,0.6584
SPADES QUEEN CLUBS TEN,0.5706,0.0068,0.4226
SPADES FIVE HEARTS QUEEN,0.6486,0.0054,0.346
SPADES FIVE HEARTS KING,0.388,0.3868,0.2252
SPADES FIVE HEARTS ACE,0.386,0.0034,0.6106
HEARTS THREE SPADES JACK,0.6346,0.007,0.3584
SPADES JACK DIAMONDS KING,0.238,0.0826,0.6794
SPADES TEN CLUBS EIGHT,0.556,0.0078,0.4362
SPADES JACK CLUBS EIGHT,0.579,0.0082,0.4128
HEARTS THREE SPADES TEN,0.6336,0.0072,0.3592
SPADES TEN DIAMONDS KING,0.2362,0.1102,0.6536
SPADES ACE CLUBS EIGHT,0.35,0.0058,0.6442
HEARTS FIVE CLUBS JACK,0.6278,0.0078,0.3644
CLUBS TEN HEARTS FIVE,0.6246,0.0086,0.3668
SPADES QUEEN CLUBS EIGHT,0.5796,0.008,0.4124
CLUBS TEN SPADES THREE,0.6278,0.0086,0.3636
SPADES THREE CLUBS JACK,0.6302,0.0078,0.362
DIAMONDS TWO HEARTS JACK,0.6304,0.006,0.3636
SPADES THREE CLUBS QUEEN,0.625,0.0088,0.3662
DIAMONDS TWO HEARTS TEN,0.6248,0.0064,0.3688
SPADES THREE CLUBS KING,0.4068,0.3872,0.206
HEARTS FIVE CLUBS ACE,0.365,0.0044,0.6306
SPADES FIVE HEARTS TEN,0.634,0.008,0.358
SPADES THREE CLUBS ACE,0.3824,0.0056,0.612
HEARTS FIVE CLUBS KING,0.3818,0.3972,0.221
SPADES FIVE HEARTS JACK,0.6246,0.0078,0.3676
HEARTS FIVE CLUBS QUEEN,0.6228,0.0068,0.3704
HEARTS THREE CLUBS KING,0.3974,0.3772,0.2254
DIAMONDS KING CLUBS KING,0.0792,0.0144,0.9064
HEARTS THREE CLUBS QUEEN,0.6304,0.0074,0.3622
DIAMONDS KING CLUBS QUEEN,0.2482,0.0656,0.6862
HEARTS FIVE HEARTS JACK,0.5876,0.006,0.4064
HEARTS FIVE HEARTS TEN,0.5954,0.0066,0.398
HEARTS THREE CLUBS ACE,0.3786,0.0056,0.6158
DIAMONDS KING CLUBS ACE,0.2324,0.0124,0.7552
SPADES ACE CLUBS QUEEN,0.3408,0.0044,0.6548
HEARTS THREE CLUBS JACK,0.6222,0.0064,0.3714
DIAMONDS KING CLUBS JACK,0.2274,0.0884,0.6842
SPADES QUEEN CLUBS QUEEN,0.2866,0.0028,0.7106
CLUBS TEN HEARTS THREE,0.634,0.0076,0.3584
CLUBS TEN DIAMONDS KING,0.238,0.1166,0.6454
SPADES JACK CLUBS QUEEN,0.5392,0.0096,0.4512
SPADES TEN CLUBS QUEEN,0.5556,0.0058,0.4386
HEARTS FIVE HEARTS KING,0.3762,0.3506,0.2732
HEARTS FIVE HEARTS QUEEN,0.5952,0.0064,0.3984
HEARTS FIVE HEARTS ACE,0.3538,0.0038,0.6424
SPADES SEVEN HEARTS JACK,0.5848,0.0074,0.4078
SPADES SEVEN HEARTS TEN,0.5796,0.0046,0.4158
DIAMONDS TWO CLUBS TWO,0.46,0.016,0.524
DIAMONDS TWO CLUBS THREE,0.657,0.0112,0.3318
HEARTS SIX DIAMONDS TWO,0.7186,0.044,0.2374
DIAMONDS TWO HEARTS QUEEN,0.6216,0.0084,0.37
DIAMONDS TWO HEARTS SEVEN,0.6502,0.0068,0.343
DIAMONDS TWO HEARTS KING,0.4038,0.3726,0.2236
DIAMONDS TWO HEARTS EIGHT,0.6416,0.0082,0.3502
DIAMONDS TWO HEARTS ACE,0.4022,0.0056,0.5922
DIAMONDS TWO HEARTS NINE,0.6246,0.0052,0.3702
DIAMONDS TWO DIAMONDS QUEEN,0.597,0.007,0.396
DIAMONDS TWO HEARTS TWO,0.453,0.0172,0.5298
DIAMONDS TWO DIAMONDS KING,0.3818,0.3542,0.264
HEARTS THREE DIAMONDS TWO,0.6464,0.0074,0.3462
DIAMONDS TWO DIAMONDS ACE,0.3664,0.0022,0.6314
HEARTS FOUR DIAMONDS TWO,0.6536,0.009,0.3374
DIAMONDS TWO HEARTS FIVE,0.659,0.0078,0.3332
SPADES SEVEN HEARTS ACE,0.3706,0.0032,0.6262
DIAMONDS TWO DIAMONDS TEN,0.5756,0.0054,0.419
SPADES SEVEN HEARTS KING,0.2234,0.306,0.4706
DIAMONDS TWO DIAMONDS JACK,0.5986,0.0084,0.393
SPADES SEVEN HEARTS QUEEN,0.6066,0.006,0.3874
DIAMONDS TWO SPADES NINE,0.6494,0.0078,0.3428
DIAMONDS TWO SPADES EIGHT,0.6474,0.008,0.3446
DIAMONDS TWO SPADES SEVEN,0.6428,0.0072,0.35
DIAMONDS TWO SPADES SIX,0.7244,0.043,0.2326
DIAMONDS TWO SPADES FIVE,0.6504,0.0088,0.3408
DIAMONDS TWO SPADES FOUR,0.645,0.01,0.345
DIAMONDS TWO SPADES THREE,0.6552,0.0094,0.3354
DIAMONDS TWO SPADES TWO,0.4512,0.0172,0.5316
CLUBS NINE DIAMONDS TWO,0.6268,0.0106,0.3626
DIAMONDS TWO CLUBS EIGHT,0.6464,0.0058,0.3478
CLUBS SEVEN DIAMONDS TWO,0.6374,0.0092,0.3534
DIAMONDS TWO CLUBS FIVE,0.6518,0.0096,0.3386
DIAMONDS TWO CLUBS FOUR,0.6542,0.0084,0.3374
CLUBS FOUR SPADES FIVE,0.606,0.0106,0.3834
CLUBS FOUR SPADES FOUR,0.4492,0.0154,0.5354
CLUBS FOUR SPADES THREE,0.6522,0.007,0.3408
CLUBS FOUR SPADES TWO,0.6508,0.008,0.3412
SPADES NINE CLUBS FOUR,0.641,0.0102,0.3488
CLUBS FOUR SPADES EIGHT,0.6344,0.008,0.3576
CLUBS FOUR SPADES SEVEN,0.6234,0.01,0.3666
CLUBS FOUR SPADES SIX,0.7086,0.0382,0.2532
SPADES ACE DIAMONDS SIX,0.2318,0.0306,0.7376
SPADES QUEEN DIAMONDS SIX,0.721,0.042,0.237
SPADES TEN DIAMONDS SIX,0.7152,0.0362,0.2486
SPADES JACK DIAMONDS SIX,0.7328,0.0382,0.229
SPADES QUEEN SPADES TWO,0.61,0.0062,0.3838
SPADES ACE SPADES TWO,0.3624,0.0074,0.6302
DIAMONDS JACK CLUBS JACK,0.291,0.0046,0.7044
CLUBS TEN DIAMONDS JACK,0.536,0.0064,0.4576
DIAMONDS JACK CLUBS KING,0.23,0.0866,0.6834
DIAMONDS JACK CLUBS QUEEN,0.546,0.005,0.449
DIAMONDS THREE DIAMONDS JACK,0.595,0.0062,0.3988
DIAMONDS THREE DIAMONDS TEN,0.5832,0.007,0.4098
DIAMONDS JACK CLUBS ACE,0.3404,0.005,0.6546
DIAMONDS THREE DIAMONDS KING,0.3642,0.363,0.2728
HEARTS THREE DIAMONDS THREE,0.435,0.0142,0.5508
DIAMONDS THREE DIAMONDS QUEEN,0.5948,0.0088,0.3964
DIAMONDS THREE HEARTS TWO,0.6372,0.009,0.3538
HEARTS FIVE DIAMONDS THREE,0.6292,0.0094,0.3614
DIAMONDS THREE DIAMONDS ACE,0.3552,0.0048,0.64
HEARTS FOUR DIAMONDS THREE,0.6296,0.0102,0.3602
DIAMONDS THREE HEARTS SEVEN,0.623,0.0088,0.3682
SPADES TEN SPADES NINE,0.538,0.008,0.454
HEARTS SIX DIAMONDS THREE,0.6982,0.037,0.2648
SPADES JACK SPADES NINE,0.5356,0.0048,0.4596
DIAMONDS THREE HEARTS NINE,0.623,0.0068,0.3702
HEARTS JACK DIAMONDS FOUR,0.63,0.0068,0.3632
HEARTS KING HEARTS ACE,0.2186,0.0094,0.772
SPADES TEN SPADES TWO,0.6118,0.0084,0.3798
DIAMONDS THREE HEARTS EIGHT,0.6444,0.0086,0.347
HEARTS TEN DIAMONDS FOUR,0.6318,0.0064,0.3618
SPADES JACK SPADES TWO,0.604,0.0082,0.3878
HEARTS QUEEN DIAMONDS FOUR,0.6284,0.007,0.3646
HEARTS KING DIAMONDS FOUR,0.3842,0.3846,0.2312
SPADES ACE SPADES NINE,0.3478,0.0042,0.648
HEARTS ACE DIAMONDS FOUR,0.3836,0.0032,0.6132
SPADES QUEEN SPADES NINE,0.5492,0.0072,0.4436
DIAMONDS THREE SPADES NINE,0.6398,0.0092,0.351
DIAMONDS THREE SPADES EIGHT,0.644,0.0082,0.3478
DIAMONDS THREE SPADES SEVEN,0.6304,0.0098,0.3598
DIAMONDS THREE SPADES SIX,0.711,0.034,0.255
CLUBS ACE DIAMONDS FOUR,0.3734,0.0046,0.622
CLUBS SEVEN DIAMONDS THREE,0.6302,0.01,0.3598
CLUBS SEVEN CLUBS FIVE,0.5658,0.0094,0.4248
DIAMONDS THREE CLUBS FOUR,0.6368,0.0106,0.3526
DIAMONDS FOUR CLUBS QUEEN,0.6352,0.0074,0.3574
DIAMONDS THREE CLUBS FIVE,0.6436,0.0088,0.3476
CLUBS KING DIAMONDS FOUR,0.3942,0.3774,0.2284
DIAMONDS THREE CLUBS TWO,0.6418,0.0094,0.3488
CLUBS TEN DIAMONDS FOUR,0.6332,0.0064,0.3604
DIAMONDS THREE CLUBS THREE,0.4448,0.0188,0.5364
DIAMONDS FOUR CLUBS JACK,0.6204,0.008,0.3716
DIAMONDS THREE SPADES FOUR,0.6308,0.0116,0.3576
DIAMONDS THREE SPADES FIVE,0.6338,0.0098,0.3564
DIAMONDS THREE SPADES TWO,0.6604,0.0092,0.3304
DIAMONDS THREE SPADES THREE,0.4556,0.0178,0.5266
CLUBS EIGHT DIAMONDS THREE,0.6458,0.0102,0.344
CLUBS NINE DIAMONDS THREE,0.6252,0.008,0.3668
SPADES SEVEN CLUBS ACE,0.3584,0.006,0.6356
SPADES SEVEN CLUBS QUEEN,0.601,0.006,0.393
SPADES SEVEN CLUBS KING,0.2278,0.2972,0.475
CLUBS FIVE SPADES SEVEN,0.607,0.007,0.386
CLUBS TEN SPADES SEVEN,0.5766,0.0094,0.414
CLUBS FIVE SPADES SIX,0.6906,0.0402,0.2692
SPADES SEVEN CLUBS JACK,0.5824,0.0078,0.4098
SPADES NINE CLUBS FIVE,0.6326,0.009,0.3584
SPADES EIGHT CLUBS FIVE,0.6202,0.007,0.3728
CLUBS FIVE SPADES THREE,0.6406,0.0112,0.3482
CLUBS FIVE SPADES TWO,0.6416,0.01,0.3484
CLUBS FIVE SPADES FIVE,0.4422,0.0156,0.5422
CLUBS FIVE SPADES FOUR,0.624,0.0078,0.3682
CLUBS NINE CLUBS FIVE,0.598,0.01,0.392
CLUBS EIGHT CLUBS FIVE,0.592,0.01,0.398
CLUBS ACE CLUBS QUEEN,0.3312,0.0044,0.6644
CLUBS KING CLUBS QUEEN,0.2324,0.0622,0.7054
DIAMONDS TEN DIAMONDS FOUR,0.5934,0.0072,0.3994
CLUBS TEN DIAMONDS NINE,0.545,0.0074,0.4476
DIAMONDS JACK DIAMONDS FOUR,0.5962,0.0054,0.3984
DIAMONDS NINE CLUBS JACK,0.5642,0.0078,0.428
SPADES NINE CLUBS JACK,0.551,0.0068,0.4422
CLUBS TEN SPADES NINE,0.5704,0.008,0.4216
DIAMONDS ACE DIAMONDS FOUR,0.3542,0.0034,0.6424
HEARTS FOUR DIAMONDS FOUR,0.43,0.0146,0.5554
DIAMONDS JACK HEARTS TEN,0.5408,0.0048,0.4544
SPADES NINE CLUBS KING,0.2354,0.1592,0.6054
DIAMONDS TWO SPADES TEN,0.6298,0.008,0.3622
DIAMONDS NINE CLUBS ACE,0.357,0.0046,0.6384
HEARTS FIVE DIAMONDS FOUR,0.6152,0.0078,0.377
HEARTS JACK DIAMONDS JACK,0.292,0.0042,0.7038
SPADES NINE CLUBS QUEEN,0.5792,0.008,0.4128
SPADES JACK DIAMONDS TWO,0.628,0.0084,0.3636
DIAMONDS QUEEN DIAMONDS FOUR,0.59,0.007,0.403
HEARTS TWO DIAMONDS FOUR,0.6466,0.0088,0.3446
DIAMONDS NINE CLUBS QUEEN,0.575,0.008,0.417
DIAMONDS KING DIAMONDS FOUR,0.3714,0.3524,0.2762
HEARTS THREE DIAMONDS FOUR,0.6258,0.0078,0.3664
SPADES NINE CLUBS ACE,0.361,0.0046,0.6344
DIAMONDS NINE CLUBS KING,0.2318,0.1658,0.6024
HEARTS ACE DIAMONDS JACK,0.3558,0.004,0.6402
SPADES ACE DIAMONDS TWO,0.383,0.003,0.614
DIAMONDS JACK HEARTS QUEEN,0.553,0.0062,0.4408
SPADES QUEEN DIAMONDS TWO,0.6384,0.0088,0.3528
HEARTS KING DIAMONDS JACK,0.2488,0.0846,0.6666
SPADES JACK SPADES SEVEN,0.5676,0.0064,0.426
SPADES TEN SPADES SEVEN,0.5562,0.0072,0.4366
CLUBS SEVEN CLUBS THREE,0.599,0.0086,0.3924
CLUBS FIVE CLUBS THREE,0.6068,0.0074,0.3858
CLUBS FOUR CLUBS THREE,0.6114,0.0074,0.3812
CLUBS NINE CLUBS THREE,0.6036,0.01,0.3864
CLUBS EIGHT CLUBS THREE,0.62,0.0076,0.3724
CLUBS THREE SPADES FIVE,0.639,0.0116,0.3494
CLUBS THREE SPADES FOUR,0.6318,0.0094,0.3588
CLUBS THREE SPADES THREE,0.4474,0.0158,0.5368
CLUBS THREE SPADES TWO,0.659,0.0094,0.3316
SPADES SIX CLUBS THREE,0.7116,0.0428,0.2456
SPADES SEVEN CLUBS THREE,0.6418,0.0084,0.3498
SPADES EIGHT CLUBS THREE,0.6572,0.0078,0.335
SPADES NINE CLUBS THREE,0.6388,0.0082,0.353
SPADES TWO DIAMONDS FOUR,0.6512,0.0116,0.3372
SPADES THREE DIAMONDS FOUR,0.633,0.0082,0.3588
SPADES FOUR DIAMONDS FOUR,0.4496,0.0166,0.5338
SPADES FIVE DIAMONDS FOUR,0.6118,0.0086,0.3796
SPADES SIX DIAMONDS FOUR,0.6932,0.037,0.2698
SPADES SEVEN DIAMONDS FOUR,0.6342,0.0076,0.3582
SPADES EIGHT DIAMONDS FOUR,0.637,0.0102,0.3528
SPADES NINE DIAMONDS FOUR,0.6392,0.0066,0.3542
CLUBS FIVE DIAMONDS FOUR,0.6244,0.0078,0.3678
CLUBS FOUR DIAMONDS FOUR,0.449,0.0148,0.5362
CLUBS SEVEN DIAMONDS FOUR,0.6088,0.0094,0.3818
CLUBS NINE DIAMONDS FOUR,0.6304,0.0064,0.3632
CLUBS EIGHT DIAMONDS FOUR,0.6238,0.0078,0.3684
DIAMONDS FOUR HEARTS SEVEN,0.598,0.0058,0.3962
HEARTS SIX DIAMONDS FOUR,0.6864,0.0368,0.2768
HEARTS NINE DIAMONDS FOUR,0.6434,0.0072,0.3494
DIAMONDS FOUR HEARTS EIGHT,0.626,0.0068,0.3672
CLUBS THREE DIAMONDS FOUR,0.6266,0.0088,0.3646
CLUBS TWO DIAMONDS FOUR,0.6498,0.0104,0.3398
DIAMONDS TEN DIAMONDS FIVE,0.6006,0.0046,0.3948
DIAMONDS JACK DIAMONDS FIVE,0.5962,0.0068,0.397
DIAMONDS NINE HEARTS QUEEN,0.581,0.0062,0.4128
HEARTS KING DIAMONDS NINE,0.2342,0.1596,0.6062
DIAMONDS NINE HEARTS ACE,0.3674,0.0024,0.6302
DIAMONDS NINE HEARTS TEN,0.5404,0.0074,0.4522
DIAMONDS NINE HEARTS JACK,0.5702,0.006,0.4238
CLUBS KING DIAMONDS SIX,0.0108,0.9742,0.015
CLUBS QUEEN DIAMONDS SIX,0.723,0.0454,0.2316
CLUBS ACE DIAMONDS SIX,0.2274,0.03,0.7426
SPADES ACE SPADES SEVEN,0.3456,0.0036,0.6508
SPADES QUEEN DIAMONDS FOUR,0.641,0.0064,0.3526
SPADES QUEEN SPADES SEVEN,0.5828,0.0056,0.4116
CLUBS JACK DIAMONDS SIX,0.7214,0.0364,0.2422
SPADES ACE DIAMONDS FOUR,0.3864,0.0038,0.6098
CLUBS TEN DIAMONDS SIX,0.7088,0.0378,0.2534
CLUBS NINE CLUBS FOUR,0.6034,0.0088,0.3878
CLUBS EIGHT CLUBS FOUR,0.5924,0.0062,0.4014
SPADES JACK DIAMONDS FOUR,0.629,0.0106,0.3604
SPADES TEN DIAMONDS FOUR,0.6296,0.009,0.3614
CLUBS FOUR CLUBS FIVE,0.6002,0.0096,0.3902
CLUBS SEVEN CLUBS FOUR,0.5768,0.0074,0.4158
CLUBS SEVEN SPADES EIGHT,0.5758,0.0064,0.4178
CLUBS SEVEN SPADES NINE,0.5798,0.0066,0.4136
CLUBS SEVEN SPADES SIX,0.6748,0.0354,0.2898
CLUBS SEVEN SPADES SEVEN,0.3268,0.014,0.6592
CLUBS SEVEN SPADES FIVE,0.6142,0.008,0.3778
CLUBS SEVEN SPADES FOUR,0.6138,0.0096,0.3766
CLUBS SEVEN SPADES THREE,0.6372,0.0088,0.354
CLUBS SEVEN SPADES TWO,0.6448,0.0094,0.3458
CLUBS NINE CLUBS SEVEN,0.5442,0.0078,0.448
CLUBS SEVEN CLUBS EIGHT,0.533,0.0072,0.4598
HEARTS SIX DIAMONDS FIVE,0.6774,0.0412,0.2814
DIAMONDS FIVE HEARTS SEVEN,0.5952,0.0078,0.397
DIAMONDS FIVE HEARTS EIGHT,0.6094,0.0078,0.3828
HEARTS NINE DIAMONDS FIVE,0.6268,0.0042,0.369
DIAMONDS QUEEN DIAMONDS FIVE,0.5904,0.0046,0.405
HEARTS TWO DIAMONDS FIVE,0.6446,0.0084,0.347
HEARTS KING HEARTS EIGHT,0.2198,0.2176,0.5626
DIAMONDS KING DIAMONDS FIVE,0.3658,0.3612,0.273
HEARTS THREE DIAMONDS FIVE,0.6356,0.009,0.3554
HEARTS QUEEN HEARTS EIGHT,0.5594,0.0066,0.434
DIAMONDS ACE DIAMONDS FIVE,0.3588,0.0058,0.6354
HEARTS FOUR DIAMONDS FIVE,0.6178,0.0076,0.3746
HEARTS FIVE DIAMONDS FIVE,0.446,0.013,0.541
HEARTS ACE HEARTS EIGHT,0.3316,0.0036,0.6648
CLUBS FOUR DIAMONDS FIVE,0.6294,0.0058,0.3648
CLUBS FIVE DIAMONDS FIVE,0.4332,0.0156,0.5512
CLUBS SEVEN DIAMONDS FIVE,0.594,0.008,0.398
CLUBS TWO DIAMONDS FIVE,0.6604,0.0084,0.3312
CLUBS THREE DIAMONDS FIVE,0.6368,0.0088,0.3544
SPADES THREE DIAMONDS FIVE,0.634,0.0088,0.3572
SPADES TWO DIAMONDS FIVE,0.6534,0.0082,0.3384
SPADES JACK DIAMONDS EIGHT,0.5746,0.0056,0.4198
SPADES FIVE DIAMONDS FIVE,0.4462,0.0146,0.5392
CLUBS TEN HEARTS JACK,0.5368,0.0052,0.458
SPADES TEN DIAMONDS EIGHT,0.5618,0.0078,0.4304
SPADES FOUR DIAMONDS FIVE,0.623,0.0074,0.3696
HEARTS JACK CLUBS JACK,0.2924,0.0058,0.7018
HEARTS JACK CLUBS QUEEN,0.5518,0.0064,0.4418
CLUBS NINE DIAMONDS FIVE,0.5958,0.0094,0.3948
HEARTS JACK CLUBS KING,0.2392,0.0882,0.6726
CLUBS EIGHT DIAMONDS FIVE,0.6162,0.0078,0.376
HEARTS JACK CLUBS ACE,0.3484,0.004,0.6476
SPADES SEVEN DIAMONDS FIVE,0.601,0.006,0.393
SPADES SIX DIAMONDS FIVE,0.6852,0.039,0.2758
SPADES QUEEN DIAMONDS EIGHT,0.5928,0.007,0.4002
SPADES NINE DIAMONDS FIVE,0.6148,0.0056,0.3796
SPADES EIGHT DIAMONDS FIVE,0.6232,0.0082,0.3686
SPADES ACE DIAMONDS EIGHT,0.3564,0.0038,0.6398
DIAMONDS TEN DIAMONDS SIX,0.6708,0.0316,0.2976
HEARTS ACE DIAMONDS SEVEN,0.3626,0.0032,0.6342
DIAMONDS JACK DIAMONDS SIX,0.6796,0.0368,0.2836
HEARTS QUEEN DIAMONDS SEVEN,0.5906,0.007,0.4024
HEARTS KING DIAMONDS SEVEN,0.2176,0.303,0.4794
DIAMONDS ACE DIAMONDS SIX,0.215,0.0298,0.7552
HEARTS FOUR DIAMONDS SIX,0.6906,0.0396,0.2698
HEARTS JACK SPADES TWO,0.6338,0.0078,0.3584
HEARTS FIVE DIAMONDS SIX,0.672,0.0396,0.2884
SPADES TWO HEARTS TEN,0.6412,0.0088,0.35
DIAMONDS QUEEN DIAMONDS SIX,0.673,0.038,0.289
HEARTS TWO DIAMONDS SIX,0.7302,0.043,0.2268
DIAMONDS KING DIAMONDS SIX,0.018,0.9034,0.0786
HEARTS THREE DIAMONDS SIX,0.7168,0.0388,0.2444
HEARTS EIGHT DIAMONDS SIX,0.6888,0.0332,0.278
HEARTS NINE DIAMONDS SIX,0.6984,0.0326,0.269
HEARTS SIX DIAMONDS SIX,0.3142,0.03,0.6558
HEARTS SEVEN DIAMONDS SIX,0.674,0.0328,0.2932
HEARTS TEN DIAMONDS SEVEN,0.5852,0.0082,0.4066
CLUBS TWO DIAMONDS SIX,0.7248,0.0424,0.2328
HEARTS JACK DIAMONDS SEVEN,0.5812,0.0048,0.414
CLUBS THREE DIAMONDS SIX,0.7164,0.0406,0.243
CLUBS SEVEN DIAMONDS SIX,0.6764,0.0332,0.2904
DIAMONDS EIGHT CLUBS JACK,0.5676,0.0054,0.427
CLUBS TEN DIAMONDS EIGHT,0.5554,0.0044,0.4402
CLUBS FIVE DIAMONDS SIX,0.6782,0.0392,0.2826
CLUBS FOUR DIAMONDS SIX,0.688,0.0426,0.2694
HEARTS ACE HEARTS JACK,0.321,0.0048,0.6742
DIAMONDS EIGHT CLUBS ACE,0.3648,0.0038,0.6314
HEARTS JACK HEARTS QUEEN,0.5216,0.0086,0.4698
DIAMONDS EIGHT CLUBS KING,0.2044,0.235,0.5606
CLUBS NINE DIAMONDS SIX,0.6938,0.0326,0.2736
HEARTS KING HEARTS JACK,0.2288,0.0852,0.686
DIAMONDS EIGHT CLUBS QUEEN,0.5814,0.006,0.4126
CLUBS EIGHT DIAMONDS SIX,0.6862,0.0368,0.277
SPADES TEN HEARTS KING,0.232,0.1164,0.6516
SPADES FIVE DIAMONDS SIX,0.682,0.033,0.285
HEARTS ACE SPADES TWO,0.3922,0.0032,0.6046
SPADES JACK HEARTS KING,0.233,0.0908,0.6762
SPADES FOUR DIAMONDS SIX,0.6872,0.0432,0.2696
SPADES THREE DIAMONDS SIX,0.7066,0.044,0.2494
SPADES TWO HEARTS QUEEN,0.6246,0.0084,0.367
HEARTS KING SPADES TWO,0.4098,0.3704,0.2198
SPADES TWO DIAMONDS SIX,0.7214,0.0402,0.2384
HEARTS TEN HEARTS EIGHT,0.5438,0.0056,0.4506
SPADES NINE DIAMONDS SIX,0.6992,0.0348,0.266
HEARTS JACK HEARTS EIGHT,0.5556,0.007,0.4374
SPADES EIGHT DIAMONDS SIX,0.684,0.0334,0.2826
SPADES SEVEN DIAMONDS SIX,0.6706,0.033,0.2964
SPADES SIX DIAMONDS SIX,0.3002,0.0304,0.6694
SPADES QUEEN HEARTS KING,0.2498,0.0604,0.6898
CLUBS ACE CLUBS KING,0.2276,0.0112,0.7612
SPADES ACE HEARTS KING,0.221,0.0118,0.7672
SPADES ACE HEARTS JACK,0.3448,0.0056,0.6496
SPADES QUEEN HEARTS JACK,0.5696,0.0052,0.4252
SPADES TEN DIAMONDS TEN,0.3074,0.0084,0.6842
SPADES JACK DIAMONDS TEN,0.5408,0.0076,0.4516
SPADES ACE DIAMONDS TEN,0.3446,0.0044,0.651
SPADES JACK HEARTS JACK,0.2788,0.0038,0.7174
SPADES TEN HEARTS JACK,0.5444,0.0068,0.4488
SPADES QUEEN DIAMONDS TEN,0.5616,0.0034,0.435
SPADES NINE DIAMONDS SEVEN,0.58,0.0058,0.4142
SPADES EIGHT DIAMONDS SEVEN,0.5708,0.0086,0.4206
SPADES SEVEN DIAMONDS SEVEN,0.3342,0.0102,0.6556
SPADES SIX DIAMONDS SEVEN,0.687,0.0342,0.2788
DIAMONDS KING DIAMONDS SEVEN,0.2126,0.267,0.5204
HEARTS THREE DIAMONDS SEVEN,0.6302,0.0072,0.3626
HEARTS KING DIAMONDS FIVE,0.4072,0.3714,0.2214
DIAMONDS QUEEN DIAMONDS SEVEN,0.553,0.0066,0.4404
HEARTS TWO DIAMONDS SEVEN,0.636,0.0078,0.3562
HEARTS QUEEN DIAMONDS FIVE,0.6314,0.0054,0.3632
HEARTS FIVE DIAMONDS SEVEN,0.5958,0.009,0.3952
DIAMONDS ACE DIAMONDS SEVEN,0.3374,0.0032,0.6594
HEARTS FOUR DIAMONDS SEVEN,0.6158,0.0072,0.377
HEARTS ACE DIAMONDS FIVE,0.3964,0.0048,0.5988
HEARTS SEVEN DIAMONDS SEVEN,0.3352,0.0094,0.6554
HEARTS SIX DIAMONDS SEVEN,0.6764,0.0298,0.2938
HEARTS NINE DIAMONDS SEVEN,0.5814,0.008,0.4106
DIAMONDS SEVEN HEARTS EIGHT,0.5534,0.006,0.4406
DIAMONDS JACK DIAMONDS SEVEN,0.5482,0.0066,0.4452
HEARTS JACK DIAMONDS FIVE,0.6354,0.0068,0.3578
DIAMONDS TEN DIAMONDS SEVEN,0.5424,0.0046,0.453
DIAMONDS FIVE HEARTS TEN,0.6336,0.0094,0.357
HEARTS KING CLUBS KING,0.076,0.0144,0.9096
CLUBS EIGHT DIAMONDS SEVEN,0.5696,0.0068,0.4236
SPADES QUEEN CLUBS TWO,0.6468,0.0076,0.3456
HEARTS KING CLUBS QUEEN,0.2424,0.0578,0.6998
CLUBS NINE DIAMONDS SEVEN,0.5716,0.0074,0.421
SPADES TWO CLUBS JACK,0.638,0.0078,0.3542
SPADES ACE CLUBS TWO,0.3846,0.0054,0.61
CLUBS TEN SPADES TWO,0.627,0.0052,0.3678
HEARTS KING CLUBS ACE,0.2292,0.0124,0.7584
SPADES TWO CLUBS KING,0.3992,0.3892,0.2116
SPADES TWO DIAMONDS SEVEN,0.649,0.0066,0.3444
SPADES THREE DIAMONDS SEVEN,0.629,0.0066,0.3644
SPADES TWO CLUBS QUEEN,0.6354,0.0086,0.356
SPADES FOUR DIAMONDS SEVEN,0.6128,0.0076,0.3796
HEARTS KING CLUBS JACK,0.2362,0.0786,0.6852
SPADES FIVE DIAMONDS SEVEN,0.5952,0.01,0.3948
SPADES TWO CLUBS ACE,0.386,0.0062,0.6078
CLUBS TEN HEARTS KING,0.24,0.1156,0.6444
CLUBS TWO DIAMONDS SEVEN,0.6466,0.0084,0.345
CLUBS THREE DIAMONDS SEVEN,0.6318,0.0084,0.3598
CLUBS FOUR DIAMONDS SEVEN,0.6284,0.01,0.3616
CLUBS FIVE DIAMONDS SEVEN,0.6214,0.007,0.3716
SPADES JACK CLUBS TWO,0.6562,0.008,0.3358
CLUBS SEVEN DIAMONDS SEVEN,0.3282,0.0108,0.661
SPADES TEN CLUBS TWO,0.6344,0.0092,0.3564
CLUBS TWO CLUBS QUEEN,0.5928,0.0052,0.402
CLUBS TWO CLUBS KING,0.3834,0.353,0.2636
CLUBS THREE DIAMONDS EIGHT,0.6436,0.0104,0.346
CLUBS TWO CLUBS ACE,0.3668,0.0062,0.627
CLUBS TWO DIAMONDS EIGHT,0.6292,0.0074,0.3634
DIAMONDS EIGHT HEARTS SEVEN,0.5648,0.0058,0.4294
HEARTS SIX DIAMONDS EIGHT,0.6852,0.0308,0.284
DIAMONDS EIGHT HEARTS NINE,0.5692,0.0044,0.4264
CLUBS TEN CLUBS TWO,0.5954,0.0092,0.3954
DIAMONDS EIGHT HEARTS EIGHT,0.339,0.0104,0.6506
CLUBS TWO CLUBS JACK,0.5872,0.0074,0.4054
CLUBS NINE DIAMONDS EIGHT,0.5648,0.0052,0.43
CLUBS EIGHT DIAMONDS EIGHT,0.3136,0.0098,0.6766
CLUBS FIVE DIAMONDS EIGHT,0.6166,0.0074,0.376
SPADES ACE SPADES THREE,0.3752,0.0058,0.619
CLUBS FOUR DIAMONDS EIGHT,0.6266,0.0074,0.366
CLUBS SEVEN DIAMONDS EIGHT,0.5624,0.01,0.4276
SPADES QUEEN SPADES THREE,0.599,0.0082,0.3928
DIAMONDS QUEEN DIAMONDS EIGHT,0.5598,0.0048,0.4354
HEARTS TWO DIAMONDS EIGHT,0.639,0.008,0.353
DIAMONDS KING DIAMONDS EIGHT,0.2212,0.209,0.5698
HEARTS THREE DIAMONDS EIGHT,0.6284,0.0088,0.3628
DIAMONDS ACE DIAMONDS EIGHT,0.342,0.0044,0.6536
HEARTS FOUR DIAMONDS EIGHT,0.6338,0.0086,0.3576
HEARTS FIVE DIAMONDS EIGHT,0.617,0.0072,0.3758
DIAMONDS EIGHT DIAMONDS TEN,0.528,0.0068,0.4652
DIAMONDS EIGHT DIAMONDS JACK,0.5516,0.0064,0.442
SPADES JACK SPADES THREE,0.5976,0.0072,0.3952
SPADES TEN SPADES THREE,0.6018,0.009,0.3892
CLUBS FOUR HEARTS ACE,0.402,0.0064,0.5916
CLUBS FOUR HEARTS QUEEN,0.6304,0.0074,0.3622
CLUBS FOUR HEARTS KING,0.3976,0.3824,0.22
SPADES FOUR DIAMONDS EIGHT,0.6356,0.0072,0.3572
SPADES FIVE DIAMONDS EIGHT,0.6208,0.0072,0.372
DIAMONDS EIGHT SPADES TWO,0.6362,0.0086,0.3552
DIAMONDS EIGHT SPADES THREE,0.6492,0.0086,0.3422
CLUBS FOUR HEARTS JACK,0.6264,0.0064,0.3672
SPADES EIGHT DIAMONDS EIGHT,0.3368,0.0108,0.6524
SPADES JACK HEARTS EIGHT,0.5678,0.0064,0.4258
SPADES TEN HEARTS TWO,0.6332,0.0068,0.36
SPADES TEN DIAMONDS QUEEN,0.5526,0.0048,0.4426
CLUBS FOUR HEARTS TEN,0.6264,0.0078,0.3658
SPADES NINE DIAMONDS EIGHT,0.5592,0.005,0.4358
SPADES JACK HEARTS TWO,0.6368,0.009,0.3542
SPADES JACK DIAMONDS QUEEN,0.5622,0.007,0.4308
SPADES TEN HEARTS EIGHT,0.581,0.0054,0.4136
SPADES SIX DIAMONDS EIGHT,0.6948,0.0324,0.2728
SPADES SEVEN DIAMONDS EIGHT,0.5732,0.0076,0.4192
SPADES ACE HEARTS TWO,0.3688,0.0062,0.625
SPADES ACE DIAMONDS QUEEN,0.3346,0.005,0.6604
SPADES ACE HEARTS EIGHT,0.346,0.0048,0.6492
SPADES QUEEN DIAMONDS QUEEN,0.2852,0.0028,0.712
SPADES QUEEN HEARTS TWO,0.6244,0.01,0.3656
SPADES QUEEN HEARTS EIGHT,0.6016,0.0052,0.3932
CLUBS TWO HEARTS TEN,0.637,0.008,0.355
CLUBS TWO HEARTS JACK,0.6422,0.0078,0.35
SPADES SEVEN DIAMONDS NINE,0.577,0.0072,0.4158
SPADES SIX DIAMONDS NINE,0.7048,0.0324,0.2628
SPADES NINE DIAMONDS NINE,0.3224,0.0086,0.669
SPADES EIGHT DIAMONDS NINE,0.555,0.0062,0.4388
SPADES TEN CLUBS KING,0.2274,0.12,0.6526
DIAMONDS NINE SPADES THREE,0.642,0.009,0.349
SPADES JACK CLUBS KING,0.237,0.0922,0.6708
DIAMONDS NINE SPADES TWO,0.6338,0.0088,0.3574
SPADES FIVE DIAMONDS NINE,0.6194,0.0084,0.3722
DIAMONDS NINE SPADES FOUR,0.6366,0.0086,0.3548
CLUBS NINE DIAMONDS NINE,0.3154,0.0116,0.673
CLUBS EIGHT DIAMONDS NINE,0.555,0.0076,0.4374
SPADES JACK CLUBS FOUR,0.6202,0.0064,0.3734
CLUBS SEVEN DIAMONDS NINE,0.5714,0.0062,0.4224
SPADES TEN CLUBS FOUR,0.6312,0.007,0.3618
CLUBS FOUR DIAMONDS NINE,0.6334,0.0096,0.357
CLUBS FIVE DIAMONDS NINE,0.64,0.0064,0.3536
CLUBS TWO DIAMONDS NINE,0.6194,0.0048,0.3758
CLUBS THREE DIAMONDS NINE,0.6412,0.0074,0.3514
DIAMONDS NINE HEARTS EIGHT,0.5668,0.0058,0.4274
DIAMONDS NINE HEARTS NINE,0.3228,0.0074,0.6698
HEARTS SIX DIAMONDS NINE,0.6944,0.0324,0.2732
DIAMONDS NINE HEARTS SEVEN,0.5704,0.0078,0.4218
CLUBS NINE CLUBS EIGHT,0.5404,0.007,0.4526
DIAMONDS ACE DIAMONDS NINE,0.3462,0.0044,0.6494
HEARTS FOUR DIAMONDS NINE,0.6392,0.0064,0.3544
HEARTS FIVE DIAMONDS NINE,0.621,0.0072,0.3718
CLUBS TWO HEARTS ACE,0.3834,0.0042,0.6124
SPADES ACE CLUBS FOUR,0.389,0.0052,0.6058
DIAMONDS QUEEN DIAMONDS NINE,0.5296,0.0072,0.4632
HEARTS TWO DIAMONDS NINE,0.6368,0.0086,0.3546
CLUBS TWO HEARTS KING,0.3968,0.3882,0.215
DIAMONDS KING DIAMONDS NINE,0.2244,0.156,0.6196
HEARTS THREE DIAMONDS NINE,0.6282,0.0068,0.365
CLUBS TWO HEARTS QUEEN,0.6268,0.0068,0.3664
SPADES QUEEN CLUBS FOUR,0.6372,0.0088,0.354
DIAMONDS NINE DIAMONDS JACK,0.5206,0.0066,0.4728
CLUBS EIGHT SPADES NINE,0.567,0.006,0.427
DIAMONDS NINE DIAMONDS TEN,0.5124,0.0056,0.482
CLUBS EIGHT SPADES EIGHT,0.3168,0.0098,0.6734
CLUBS EIGHT SPADES SEVEN,0.565,0.0072,0.4278
CLUBS EIGHT SPADES SIX,0.6902,0.038,0.2718
CLUBS EIGHT SPADES FIVE,0.6136,0.0094,0.377
CLUBS EIGHT SPADES FOUR,0.6322,0.0122,0.3556
CLUBS EIGHT SPADES THREE,0.6388,0.0092,0.352
CLUBS EIGHT SPADES TWO,0.6332,0.009,0.3578
HEARTS SIX DIAMONDS TEN,0.7132,0.034,0.2528
DIAMONDS TEN HEARTS SEVEN,0.5898,0.0056,0.4046
DIAMONDS TEN HEARTS EIGHT,0.5738,0.0056,0.4206
CLUBS FOUR CLUBS JACK,0.5964,0.0058,0.3978
DIAMONDS TEN HEARTS NINE,0.5466,0.0054,0.448
CLUBS TEN CLUBS FOUR,0.614,0.0074,0.3786
CLUBS FOUR CLUBS KING,0.3774,0.3658,0.2568
CLUBS FOUR CLUBS QUEEN,0.6014,0.0068,0.3918
CLUBS TWO DIAMONDS TEN,0.6342,0.0086,0.3572
CLUBS THREE DIAMONDS TEN,0.647,0.0078,0.3452
CLUBS FOUR CLUBS ACE,0.373,0.0056,0.6214
DIAMONDS JACK DIAMONDS TEN,0.503,0.0066,0.4904
DIAMONDS QUEEN DIAMONDS TEN,0.5194,0.0052,0.4754
HEARTS TWO DIAMONDS TEN,0.6216,0.0084,0.37
DIAMONDS KING DIAMONDS TEN,0.2114,0.1014,0.6872
HEARTS THREE DIAMONDS TEN,0.6268,0.0072,0.366
DIAMONDS ACE DIAMONDS TEN,0.3256,0.0032,0.6712
HEARTS FOUR DIAMONDS TEN,0.6244,0.0064,0.3692
CLUBS EIGHT HEARTS JACK,0.5776,0.0046,0.4178
HEARTS FIVE DIAMONDS TEN,0.6252,0.008,0.3668
CLUBS EIGHT HEARTS TEN,0.5682,0.0102,0.4216
CLUBS EIGHT HEARTS QUEEN,0.5896,0.0072,0.4032
CLUBS EIGHT HEARTS KING,0.225,0.2392,0.5358
CLUBS EIGHT HEARTS ACE,0.3508,0.004,0.6452
CLUBS NINE SPADES THREE,0.627,0.0096,0.3634
CLUBS NINE SPADES TWO,0.6318,0.0088,0.3594
CLUBS NINE SPADES FIVE,0.624,0.0068,0.3692
CLUBS NINE SPADES FOUR,0.6376,0.01,0.3524
CLUBS NINE SPADES SEVEN,0.5766,0.008,0.4154
CLUBS NINE SPADES SIX,0.7022,0.0366,0.2612
CLUBS NINE SPADES NINE,0.2962,0.0112,0.6926
CLUBS TEN HEARTS EIGHT,0.5766,0.0064,0.417
CLUBS NINE SPADES EIGHT,0.555,0.0084,0.4366
CLUBS JACK HEARTS EIGHT,0.5692,0.0054,0.4254
CLUBS QUEEN HEARTS EIGHT,0.5812,0.0064,0.4124
CLUBS KING HEARTS EIGHT,0.2214,0.2334,0.5452
CLUBS ACE HEARTS EIGHT,0.3554,0.0044,0.6402
SPADES QUEEN CLUBS KING,0.2438,0.0642,0.692
SPADES ACE CLUBS KING,0.2214,0.0154,0.7632
DIAMONDS ACE HEARTS TEN,0.3556,0.0036,0.6408
HEARTS FOUR HEARTS TEN,0.5886,0.0062,0.4052
DIAMONDS ACE HEARTS JACK,0.3454,0.0028,0.6518
HEARTS FOUR HEARTS JACK,0.586,0.0062,0.4078
SPADES QUEEN CLUBS FIVE,0.6322,0.0088,0.359
SPADES ACE CLUBS FIVE,0.393,0.0054,0.6016
DIAMONDS JACK HEARTS SEVEN,0.58,0.0054,0.4146
HEARTS SIX DIAMONDS JACK,0.7224,0.0394,0.2382
DIAMONDS JACK HEARTS NINE,0.5546,0.0052,0.4402
DIAMONDS JACK HEARTS EIGHT,0.567,0.006,0.427
DIAMONDS KING DIAMONDS JACK,0.2154,0.0814,0.7032
HEARTS THREE DIAMONDS JACK,0.6308,0.0064,0.3628
SPADES ACE SPADES SIX,0.2168,0.0306,0.7526
SPADES FOUR HEARTS ACE,0.3916,0.0038,0.6046
DIAMONDS QUEEN DIAMONDS JACK,0.5268,0.0062,0.467
HEARTS TWO DIAMONDS JACK,0.6378,0.0066,0.3556
HEARTS FIVE DIAMONDS JACK,0.6282,0.0066,0.3652
SPADES QUEEN SPADES SIX,0.6904,0.0426,0.267
SPADES FOUR HEARTS QUEEN,0.633,0.0088,0.3582
DIAMONDS ACE DIAMONDS JACK,0.3334,0.0054,0.6612
HEARTS FOUR DIAMONDS JACK,0.6296,0.0074,0.363
HEARTS KING SPADES FOUR,0.3964,0.3862,0.2174
SPADES TEN SPADES SIX,0.6794,0.0314,0.2892
SPADES JACK SPADES SIX,0.6964,0.0332,0.2704
SPADES FOUR DIAMONDS JACK,0.6328,0.007,0.3602
SPADES FIVE DIAMONDS JACK,0.6196,0.0086,0.3718
DIAMONDS JACK SPADES TWO,0.636,0.0054,0.3586
SPADES THREE DIAMONDS JACK,0.6364,0.0078,0.3558
SPADES ACE DIAMONDS THREE,0.3824,0.0026,0.615
SPADES QUEEN DIAMONDS THREE,0.642,0.0062,0.3518
CLUBS EIGHT DIAMONDS JACK,0.576,0.005,0.419
CLUBS NINE DIAMONDS JACK,0.5608,0.0072,0.432
CLUBS SEVEN DIAMONDS JACK,0.5818,0.0062,0.412
CLUBS FOUR DIAMONDS JACK,0.6342,0.0082,0.3576
CLUBS FIVE DIAMONDS JACK,0.6276,0.0058,0.3666
CLUBS TWO DIAMONDS JACK,0.634,0.007,0.359
CLUBS THREE DIAMONDS JACK,0.6298,0.0064,0.3638
SPADES JACK HEARTS SIX,0.7248,0.0378,0.2374
SPADES TEN CLUBS FIVE,0.6302,0.0086,0.3612
SPADES JACK CLUBS FIVE,0.6316,0.0062,0.3622
HEARTS SIX SPADES TEN,0.72,0.0354,0.2446
SPADES JACK DIAMONDS THREE,0.635,0.0082,0.3568
CLUBS SEVEN CLUBS ACE,0.3402,0.0052,0.6546
SPADES TEN DIAMONDS THREE,0.634,0.008,0.358
CLUBS SEVEN CLUBS QUEEN,0.5738,0.0086,0.4176
CLUBS SEVEN CLUBS KING,0.2166,0.283,0.5004
SPADES NINE DIAMONDS JACK,0.5614,0.0068,0.4318
CLUBS TEN CLUBS SEVEN,0.553,0.0108,0.4362
DIAMONDS ACE HEARTS ACE,0.1238,0.0028,0.8734
HEARTS FOUR HEARTS ACE,0.3606,0.0038,0.6356
SPADES EIGHT DIAMONDS JACK,0.5824,0.0078,0.4098
SPADES ACE HEARTS SIX,0.2262,0.0278,0.746
CLUBS SEVEN CLUBS JACK,0.549,0.007,0.444
DIAMONDS ACE HEARTS KING,0.2436,0.0106,0.7458
HEARTS FOUR HEARTS KING,0.3752,0.355,0.2698
SPADES SEVEN DIAMONDS JACK,0.5858,0.0066,0.4076
DIAMONDS ACE HEARTS QUEEN,0.3556,0.003,0.6414
HEARTS FOUR HEARTS QUEEN,0.5772,0.0066,0.4162
SPADES SIX DIAMONDS JACK,0.7366,0.04,0.2234
SPADES QUEEN HEARTS SIX,0.7362,0.0422,0.2216
SPADES TWO DIAMONDS TEN,0.6304,0.0058,0.3638
SPADES THREE DIAMONDS TEN,0.6378,0.0084,0.3538
SPADES FOUR DIAMONDS TEN,0.636,0.0076,0.3564
SPADES FIVE DIAMONDS TEN,0.6336,0.009,0.3574
SPADES SIX DIAMONDS TEN,0.7072,0.0352,0.2576
SPADES SEVEN DIAMONDS TEN,0.5774,0.0078,0.4148
SPADES EIGHT DIAMONDS TEN,0.5732,0.0074,0.4194
SPADES NINE DIAMONDS TEN,0.5584,0.0056,0.436
CLUBS FOUR DIAMONDS TEN,0.6186,0.0092,0.3722
CLUBS FIVE DIAMONDS TEN,0.635,0.0108,0.3542
CLUBS SEVEN DIAMONDS TEN,0.5866,0.0076,0.4058
CLUBS EIGHT DIAMONDS TEN,0.5584,0.0084,0.4332
CLUBS NINE DIAMONDS TEN,0.5614,0.007,0.4316
DIAMONDS THREE CLUBS JACK,0.6202,0.007,0.3728
CLUBS TEN DIAMONDS THREE,0.6246,0.0066,0.3688
DIAMONDS THREE CLUBS KING,0.388,0.39,0.222
DIAMONDS THREE CLUBS QUEEN,0.6286,0.0072,0.3642
DIAMONDS THREE CLUBS ACE,0.387,0.0026,0.6104
SPADES FOUR HEARTS JACK,0.6372,0.0064,0.3564
SPADES FOUR HEARTS TEN,0.6456,0.0082,0.3462
SPADES FIVE SPADES TWO,0.613,0.0074,0.3796
SPADES FOUR SPADES TWO,0.6074,0.0098,0.3828
SPADES THREE SPADES TWO,0.623,0.009,0.368
SPADES NINE SPADES TWO,0.597,0.0088,0.3942
SPADES EIGHT SPADES TWO,0.6118,0.0086,0.3796
SPADES SEVEN SPADES TWO,0.6204,0.0068,0.3728
SPADES SIX SPADES TWO,0.6948,0.0372,0.268
DIAMONDS QUEEN CLUBS THREE,0.652,0.0064,0.3416
HEARTS TWO CLUBS THREE,0.6542,0.0096,0.3362
DIAMONDS QUEEN CLUBS TWO,0.6416,0.0084,0.35
CLUBS TWO HEARTS TWO,0.4502,0.0156,0.5342
DIAMONDS QUEEN HEARTS SEVEN,0.594,0.0052,0.4008
HEARTS TWO HEARTS SEVEN,0.607,0.0082,0.3848
HEARTS SIX DIAMONDS QUEEN,0.7194,0.0402,0.2404
HEARTS SIX HEARTS TWO,0.6748,0.0402,0.285
DIAMONDS QUEEN HEARTS NINE,0.5792,0.0044,0.4164
HEARTS TWO HEARTS NINE,0.5986,0.0094,0.392
DIAMONDS QUEEN HEARTS EIGHT,0.587,0.004,0.409
HEARTS TWO HEARTS EIGHT,0.6054,0.009,0.3856
CLUBS NINE HEARTS TWO,0.6368,0.0058,0.3574
CLUBS NINE DIAMONDS QUEEN,0.5684,0.0054,0.4262
CLUBS EIGHT HEARTS TWO,0.6326,0.0074,0.36
CLUBS EIGHT DIAMONDS QUEEN,0.5926,0.008,0.3994
CLUBS FIVE DIAMONDS QUEEN,0.622,0.0072,0.3708
CLUBS FIVE HEARTS TWO,0.65,0.0098,0.3402
SPADES EIGHT HEARTS ACE,0.3652,0.0036,0.6312
CLUBS FOUR DIAMONDS QUEEN,0.632,0.007,0.361
CLUBS FOUR HEARTS TWO,0.641,0.0084,0.3506
CLUBS SEVEN DIAMONDS QUEEN,0.5974,0.0056,0.397
CLUBS SEVEN HEARTS TWO,0.6368,0.0072,0.356
SPADES EIGHT HEARTS QUEEN,0.5974,0.0068,0.3958
SPADES EIGHT HEARTS KING,0.2308,0.2376,0.5316
DIAMONDS QUEEN SPADES SIX,0.7364,0.0416,0.222
HEARTS TWO SPADES SIX,0.7254,0.04,0.2346
HEARTS FOUR CLUBS QUEEN,0.6424,0.0074,0.3502
DIAMONDS ACE CLUBS QUEEN,0.344,0.0038,0.6522
DIAMONDS QUEEN SPADES SEVEN,0.6124,0.0076,0.38
SPADES SEVEN HEARTS TWO,0.6598,0.0092,0.331
HEARTS FOUR CLUBS KING,0.4022,0.3744,0.2234
DIAMONDS ACE CLUBS KING,0.2228,0.0126,0.7646
SPADES EIGHT DIAMONDS QUEEN,0.598,0.0084,0.3936
SPADES EIGHT HEARTS TWO,0.645,0.0082,0.3468
HEARTS FOUR CLUBS ACE,0.38,0.0048,0.6152
DIAMONDS ACE CLUBS ACE,0.1182,0.0036,0.8782
SPADES NINE DIAMONDS QUEEN,0.5772,0.0044,0.4184
SPADES NINE HEARTS TWO,0.632,0.0066,0.3614
HEARTS TWO SPADES TWO,0.466,0.0194,0.5146
DIAMONDS QUEEN SPADES TWO,0.6446,0.0054,0.35
HEARTS TWO SPADES THREE,0.6588,0.0072,0.334
DIAMONDS QUEEN SPADES THREE,0.6228,0.0068,0.3704
HEARTS TWO SPADES FOUR,0.6556,0.0092,0.3352
DIAMONDS QUEEN SPADES FOUR,0.6418,0.006,0.3522
HEARTS FOUR CLUBS TEN,0.6292,0.0098,0.361
CLUBS TEN DIAMONDS ACE,0.3452,0.0032,0.6516
HEARTS TWO SPADES FIVE,0.6528,0.0088,0.3384
DIAMONDS QUEEN SPADES FIVE,0.6304,0.006,0.3636
HEARTS FOUR CLUBS JACK,0.6272,0.0088,0.364
DIAMONDS ACE CLUBS JACK,0.347,0.0036,0.6494
CLUBS FIVE CLUBS KING,0.3722,0.3722,0.2556
CLUBS FIVE CLUBS QUEEN,0.5934,0.009,0.3976
CLUBS FIVE CLUBS ACE,0.3622,0.0058,0.632
CLUBS FIVE CLUBS JACK,0.6066,0.0086,0.3848
CLUBS TEN CLUBS FIVE,0.6036,0.008,0.3884
SPADES QUEEN CLUBS JACK,0.5726,0.005,0.4224
SPADES ACE CLUBS JACK,0.3372,0.0078,0.655
SPADES SIX CLUBS KING,0.0078,0.9846,0.0076
SPADES SIX CLUBS QUEEN,0.7292,0.0404,0.2304
SPADES EIGHT HEARTS JACK,0.5786,0.0056,0.4158
SPADES SIX CLUBS ACE,0.235,0.0306,0.7344
SPADES EIGHT HEARTS TEN,0.5776,0.0074,0.415
SPADES SIX CLUBS JACK,0.7318,0.0338,0.2344
CLUBS TEN SPADES SIX,0.7178,0.0364,0.2458
SPADES TEN CLUBS JACK,0.5366,0.0088,0.4546
SPADES JACK CLUBS JACK,0.283,0.0056,0.7114
SPADES QUEEN CLUBS SEVEN,0.6068,0.0108,0.3824
SPADES ACE CLUBS SEVEN,0.3352,0.0052,0.6596
SPADES SIX HEARTS TEN,0.7126,0.0384,0.249
SPADES SIX HEARTS JACK,0.7236,0.0368,0.2396
SPADES SIX HEARTS ACE,0.2336,0.0284,0.738
SPADES SIX HEARTS KING,0.0194,0.9696,0.011
SPADES SIX HEARTS QUEEN,0.7278,0.0432,0.229
SPADES JACK CLUBS SEVEN,0.5996,0.0088,0.3916
CLUBS SEVEN SPADES TEN,0.5858,0.0082,0.406
CLUBS TEN HEARTS SIX,0.7074,0.0342,0.2584
HEARTS SIX CLUBS JACK,0.7286,0.0374,0.234
CLUBS ACE CLUBS JACK,0.3314,0.003,0.6656
HEARTS SIX CLUBS QUEEN,0.7178,0.0428,0.2394
HEARTS SIX CLUBS KING,0.011,0.9718,0.0172
HEARTS SIX CLUBS ACE,0.2282,0.0266,0.7452
CLUBS QUEEN CLUBS JACK,0.5148,0.0068,0.4784
CLUBS KING CLUBS JACK,0.2202,0.079,0.7008
DIAMONDS THREE HEARTS ACE,0.3912,0.0046,0.6042
DIAMONDS THREE HEARTS QUEEN,0.6292,0.0088,0.362
DIAMONDS THREE HEARTS KING,0.3934,0.3744,0.2322
CLUBS FIVE HEARTS JACK,0.6266,0.0072,0.3662
HEARTS FOUR SPADES TEN,0.628,0.0056,0.3664
SPADES TEN DIAMONDS ACE,0.35,0.0042,0.6458
CLUBS FIVE HEARTS TEN,0.6326,0.0056,0.3618
HEARTS FOUR SPADES JACK,0.634,0.0092,0.3568
SPADES JACK DIAMONDS ACE,0.3506,0.0042,0.6452
SPADES ACE HEARTS FOUR,0.3968,0.0052,0.598
SPADES ACE DIAMONDS ACE,0.124,0.004,0.872
CLUBS FIVE HEARTS ACE,0.3864,0.0044,0.6092
CLUBS FIVE HEARTS KING,0.379,0.399,0.222
SPADES QUEEN DIAMONDS ACE,0.3696,0.0044,0.626
HEARTS FOUR SPADES QUEEN,0.6302,0.0076,0.3622
SPADES FOUR CLUBS JACK,0.6388,0.0066,0.3546
CLUBS FIVE HEARTS QUEEN,0.6334,0.0064,0.3602
CLUBS TEN SPADES FOUR,0.631,0.0082,0.3608
DIAMONDS QUEEN DIAMONDS ACE,0.325,0.0042,0.6708
HEARTS TWO DIAMONDS ACE,0.392,0.0036,0.6044
HEARTS FOUR DIAMONDS QUEEN,0.628,0.0072,0.3648
HEARTS FOUR HEARTS TWO,0.5974,0.0108,0.3918
DIAMONDS THREE HEARTS TEN,0.6192,0.0084,0.3724
SPADES FOUR CLUBS KING,0.3894,0.3926,0.218
HEARTS FIVE DIAMONDS QUEEN,0.628,0.0056,0.3664
HEARTS FIVE HEARTS TWO,0.5988,0.0092,0.392
DIAMONDS THREE HEARTS JACK,0.6208,0.0048,0.3744
SPADES FOUR CLUBS QUEEN,0.6358,0.0084,0.3558
DIAMONDS QUEEN HEARTS TWO,0.6408,0.0058,0.3534
DIAMONDS KING DIAMONDS QUEEN,0.2256,0.0594,0.715
DIAMONDS KING HEARTS TWO,0.3882,0.3806,0.2312
HEARTS THREE DIAMONDS QUEEN,0.62,0.0064,0.3736
HEARTS THREE HEARTS TWO,0.6106,0.0082,0.3812
SPADES FOUR CLUBS ACE,0.3896,0.0058,0.6046
HEARTS TWO CLUBS ACE,0.3846,0.0064,0.609
DIAMONDS QUEEN CLUBS ACE,0.34,0.0048,0.6552
HEARTS TWO CLUBS QUEEN,0.6246,0.0072,0.3682
DIAMONDS QUEEN CLUBS QUEEN,0.2886,0.0038,0.7076
HEARTS TWO CLUBS KING,0.391,0.3938,0.2152
DIAMONDS QUEEN CLUBS KING,0.2366,0.0618,0.7016
SPADES EIGHT SPADES FIVE,0.5876,0.0088,0.4036
CLUBS TEN HEARTS TWO,0.6298,0.0078,0.3624
CLUBS TEN DIAMONDS QUEEN,0.5588,0.0052,0.436
SPADES NINE SPADES FIVE,0.6112,0.008,0.3808
HEARTS TWO CLUBS JACK,0.628,0.0072,0.3648
DIAMONDS QUEEN CLUBS JACK,0.5568,0.006,0.4372
SPADES SIX SPADES FIVE,0.6496,0.0378,0.3126
SPADES SEVEN SPADES FIVE,0.5708,0.0118,0.4174
DIAMONDS FIVE CLUBS QUEEN,0.6274,0.0086,0.364
SPADES EIGHT CLUBS ACE,0.362,0.0038,0.6342
DIAMONDS FIVE CLUBS KING,0.3832,0.3818,0.235
SPADES EIGHT CLUBS KING,0.2274,0.2314,0.5412
CLUBS ACE DIAMONDS FIVE,0.3756,0.0036,0.6208
SPADES EIGHT CLUBS QUEEN,0.5942,0.007,0.3988
SPADES EIGHT CLUBS JACK,0.5856,0.0082,0.4062
CLUBS TEN SPADES EIGHT,0.5748,0.0068,0.4184
CLUBS TEN DIAMONDS FIVE,0.6318,0.007,0.3612
DIAMONDS FIVE CLUBS JACK,0.6214,0.0086,0.37
HEARTS JACK DIAMONDS TEN,0.5496,0.005,0.4454
DIAMONDS TEN HEARTS TEN,0.2982,0.0064,0.6954
SPADES ACE CLUBS NINE,0.3536,0.0056,0.6408
CLUBS NINE SPADES QUEEN,0.5764,0.0068,0.4168
HEARTS SIX HEARTS KING,0.0236,0.9026,0.0738
DIAMONDS KING SPADES SEVEN,0.2262,0.3052,0.4686
HEARTS THREE SPADES SEVEN,0.6242,0.0092,0.3666
HEARTS SIX HEARTS QUEEN,0.6724,0.0336,0.294
DIAMONDS KING SPADES SIX,0.017,0.9724,0.0106
HEARTS THREE SPADES SIX,0.7042,0.0416,0.2542
SPADES QUEEN DIAMONDS SEVEN,0.5982,0.0078,0.394
SPADES NINE DIAMONDS KING,0.2368,0.166,0.5972
HEARTS THREE SPADES NINE,0.6414,0.009,0.3496
HEARTS SIX HEARTS ACE,0.2206,0.0302,0.7492
DIAMONDS KING SPADES EIGHT,0.2316,0.2318,0.5366
HEARTS THREE SPADES EIGHT,0.6548,0.0076,0.3376
SPADES ACE DIAMONDS SEVEN,0.3566,0.0044,0.639
CLUBS NINE HEARTS THREE,0.6218,0.0096,0.3686
CLUBS NINE DIAMONDS KING,0.222,0.1632,0.6148
HEARTS THREE CLUBS EIGHT,0.642,0.0068,0.3512
CLUBS EIGHT DIAMONDS KING,0.2264,0.23,0.5436
