opposingHand,winningChance,drawChance,lostChance
SPADES JACK HEARTS THREE
HEARTS FIVE SPADES TEN,0.5874,0.0212,0.3914
SPADES FIVE CLUBS JACK,0.2144,0.47,0.3156
CLUBS TEN SPADES FIVE,0.598,0.02,0.382
CLUBS EIGHT CLUBS JACK,0.205,0.2126,0.5824
CLUBS TEN CLUBS EIGHT,0.5162,0.0162,0.4676
CLUBS EIGHT CLUBS KING,0.3398,0.0084,0.6518
SPADES FIVE CLUBS ACE,0.3604,0.0048,0.6348
CLUBS EIGHT CLUBS QUEEN,0.3276,0.0098,0.6626
SPADES FIVE CLUBS KING,0.3568,0.006,0.6372
SPADES FIVE CLUBS QUEEN,0.354,0.0116,0.6344
CLUBS EIGHT CLUBS ACE,0.3318,0.0028,0.6654
DIAMONDS TWO DIAMONDS THREE,0.6464,0.0542,0.2994
DIAMONDS TWO DIAMONDS FIVE,0.5614,0.0204,0.4182
HEARTS FIVE SPADES KING,0.3432,0.0092,0.6476
DIAMONDS TWO DIAMONDS FOUR,0.5782,0.0206,0.4012
HEARTS FIVE SPADES QUEEN,0.349,0.0134,0.6376
DIAMONDS TWO DIAMONDS SEVEN,0.5858,0.0216,0.3926
DIAMONDS TWO DIAMONDS SIX,0.5822,0.0194,0.3984
SPADES ACE HEARTS FIVE,0.3456,0.006,0.6484
DIAMONDS TWO DIAMONDS NINE,0.5858,0.0184,0.3958
DIAMONDS TWO DIAMONDS EIGHT,0.5726,0.0186,0.4088
DIAMONDS THREE DIAMONDS FOUR,0.6118,0.0624,0.3258
SPADES FOUR CLUBS TWO,0.6114,0.0228,0.3658
DIAMONDS THREE DIAMONDS FIVE,0.6166,0.0548,0.3286
SPADES FIVE CLUBS TWO,0.6108,0.0242,0.365
CLUBS TWO SPADES TWO,0.3912,0.0528,0.556
CLUBS TWO SPADES THREE,0.6884,0.0638,0.2478
DIAMONDS THREE DIAMONDS EIGHT,0.6574,0.0516,0.291
SPADES EIGHT CLUBS TWO,0.6238,0.0186,0.3576
DIAMONDS THREE DIAMONDS NINE,0.6614,0.0566,0.282
SPADES NINE CLUBS TWO,0.625,0.0188,0.3562
DIAMONDS THREE DIAMONDS SIX,0.6472,0.0484,0.3044
SPADES SIX CLUBS TWO,0.6176,0.024,0.3584
DIAMONDS THREE DIAMONDS SEVEN,0.6484,0.051,0.3006
SPADES SEVEN CLUBS TWO,0.629,0.0206,0.3504
CLUBS SIX CLUBS TWO,0.5754,0.0202,0.4044
CLUBS SEVEN CLUBS TWO,0.5916,0.0206,0.3878
CLUBS FOUR CLUBS TWO,0.561,0.0224,0.4166
CLUBS FIVE CLUBS TWO,0.5662,0.02,0.4138
CLUBS TEN CLUBS JACK,0.2172,0.121,0.6618
DIAMONDS FOUR DIAMONDS SIX,0.5382,0.0188,0.443
CLUBS TEN CLUBS QUEEN,0.3038,0.0114,0.6848
DIAMONDS FOUR DIAMONDS SEVEN,0.5296,0.0234,0.447
CLUBS TEN CLUBS KING,0.3134,0.0066,0.68
CLUBS TEN CLUBS ACE,0.3272,0.0038,0.669
CLUBS EIGHT CLUBS TWO,0.5756,0.0172,0.4072
DIAMONDS FIVE DIAMONDS FOUR,0.52,0.018,0.462
CLUBS NINE CLUBS TWO,0.5834,0.0174,0.3992
DIAMONDS NINE DIAMONDS FOUR,0.5544,0.0162,0.4294
DIAMONDS EIGHT DIAMONDS FOUR,0.535,0.0162,0.4488
CLUBS THREE CLUBS TWO,0.6464,0.0508,0.3028
DIAMONDS NINE DIAMONDS FIVE,0.5378,0.0184,0.4438
DIAMONDS TWO CLUBS JACK,0.2606,0.5136,0.2258
DIAMONDS EIGHT DIAMONDS FIVE,0.5292,0.0178,0.453
CLUBS TEN DIAMONDS TWO,0.6294,0.0166,0.354
DIAMONDS FIVE DIAMONDS SEVEN,0.5322,0.0202,0.4476
DIAMONDS FIVE DIAMONDS SIX,0.5112,0.018,0.4708
DIAMONDS TWO CLUBS ACE,0.3652,0.007,0.6278
DIAMONDS TWO CLUBS KING,0.3738,0.0076,0.6186
DIAMONDS TWO CLUBS QUEEN,0.3888,0.0124,0.5988
DIAMONDS EIGHT DIAMONDS SIX,0.5344,0.019,0.4466
DIAMONDS NINE DIAMONDS SIX,0.5264,0.019,0.4546
HEARTS ACE SPADES THREE,0.2142,0.02,0.7658
SPADES THREE HEARTS KING,0.2394,0.034,0.7266
DIAMONDS SEVEN DIAMONDS SIX,0.515,0.0174,0.4676
SPADES THREE HEARTS QUEEN,0.2266,0.0446,0.7288
SPADES THREE HEARTS JACK,0.0074,0.9864,0.0062
SPADES THREE HEARTS TEN,0.7002,0.0652,0.2346
DIAMONDS EIGHT DIAMONDS SEVEN,0.4938,0.0188,0.4874
DIAMONDS NINE DIAMONDS SEVEN,0.518,0.019,0.463
DIAMONDS NINE DIAMONDS EIGHT,0.5,0.0146,0.4854
DIAMONDS KING HEARTS TEN,0.343,0.0072,0.6498
DIAMONDS KING HEARTS JACK,0.212,0.0308,0.7572
SPADES TEN CLUBS SIX,0.5848,0.0188,0.3964
SPADES TEN SPADES FIVE,0.5528,0.02,0.4272
DIAMONDS KING HEARTS ACE,0.3282,0.0044,0.6674
SPADES ACE CLUBS SIX,0.3652,0.0048,0.63
DIAMONDS KING HEARTS QUEEN,0.3084,0.0076,0.684
SPADES KING CLUBS SIX,0.3538,0.0072,0.639
DIAMONDS KING HEARTS KING,0.1332,0.0066,0.8602
SPADES QUEEN CLUBS SIX,0.3558,0.012,0.6322
SPADES NINE HEARTS TEN,0.5324,0.0174,0.4502
SPADES NINE HEARTS JACK,0.2188,0.1614,0.6198
SPADES QUEEN SPADES FIVE,0.3448,0.013,0.6422
SPADES KING SPADES FIVE,0.3428,0.0082,0.649
SPADES ACE SPADES FIVE,0.3274,0.0042,0.6684
SPADES NINE HEARTS QUEEN,0.3354,0.0092,0.6554
SPADES NINE HEARTS KING,0.3524,0.0068,0.6408
SPADES NINE HEARTS ACE,0.3536,0.0058,0.6406
CLUBS TEN SPADES TEN,0.2796,0.0216,0.6988
SPADES ACE CLUBS TEN,0.339,0.0062,0.6548
SPADES KING CLUBS TEN,0.3202,0.008,0.6718
CLUBS TEN SPADES QUEEN,0.3232,0.008,0.6688
SPADES FIVE HEARTS QUEEN,0.3532,0.0114,0.6354
SPADES FIVE HEARTS KING,0.3594,0.0094,0.6312
SPADES FIVE HEARTS ACE,0.3556,0.0036,0.6408
SPADES TEN CLUBS EIGHT,0.561,0.0148,0.4242
SPADES TEN DIAMONDS KING,0.344,0.0086,0.6474
CLUBS SIX HEARTS ACE,0.3556,0.004,0.6404
SPADES ACE CLUBS EIGHT,0.3484,0.0032,0.6484
HEARTS FIVE CLUBS JACK,0.2068,0.4656,0.3276
HEARTS FIVE CLUBS TEN,0.5772,0.0184,0.4044
CLUBS SIX HEARTS QUEEN,0.3662,0.0112,0.6226
SPADES QUEEN CLUBS EIGHT,0.3556,0.009,0.6354
CLUBS TEN SPADES THREE,0.7102,0.0566,0.2332
CLUBS SIX HEARTS KING,0.358,0.0082,0.6338
SPADES KING CLUBS EIGHT,0.3486,0.0072,0.6442
SPADES THREE CLUBS JACK,0.019,0.9684,0.0126
DIAMONDS TWO HEARTS JACK,0.2546,0.5216,0.2238
SPADES THREE CLUBS QUEEN,0.243,0.0456,0.7114
DIAMONDS TWO HEARTS TEN,0.6134,0.0214,0.3652
SPADES THREE CLUBS KING,0.2306,0.0344,0.735
HEARTS FIVE CLUBS ACE,0.3336,0.0052,0.6612
SPADES FIVE HEARTS TEN,0.5748,0.0226,0.4026
SPADES THREE CLUBS ACE,0.245,0.0172,0.7378
HEARTS FIVE CLUBS KING,0.3448,0.0094,0.6458
SPADES FIVE HEARTS JACK,0.2082,0.4704,0.3214
HEARTS FIVE CLUBS QUEEN,0.3586,0.012,0.6294
DIAMONDS KING CLUBS KING,0.1422,0.005,0.8528
DIAMONDS KING CLUBS QUEEN,0.322,0.0068,0.6712
HEARTS FIVE HEARTS JACK,0.2086,0.4392,0.3522
HEARTS FIVE HEARTS TEN,0.5562,0.0194,0.4244
DIAMONDS KING CLUBS ACE,0.3222,0.0038,0.674
SPADES ACE CLUBS QUEEN,0.304,0.0046,0.6914
SPADES KING CLUBS QUEEN,0.3078,0.008,0.6842
DIAMONDS KING CLUBS JACK,0.2306,0.0298,0.7396
SPADES QUEEN CLUBS QUEEN,0.1356,0.0106,0.8538
CLUBS TEN DIAMONDS KING,0.3294,0.0058,0.6648
CLUBS SIX CLUBS QUEEN,0.337,0.0132,0.6498
SPADES TEN CLUBS QUEEN,0.326,0.0086,0.6654
CLUBS SIX CLUBS KING,0.3452,0.0066,0.6482
CLUBS SIX CLUBS ACE,0.3392,0.0048,0.656
HEARTS FIVE HEARTS KING,0.3484,0.008,0.6436
HEARTS FIVE HEARTS QUEEN,0.3366,0.0108,0.6526
CLUBS TEN CLUBS SIX,0.5234,0.021,0.4556
HEARTS FIVE HEARTS ACE,0.331,0.0042,0.6648
CLUBS SIX CLUBS JACK,0.2114,0.3594,0.4292
SPADES SEVEN HEARTS JACK,0.226,0.297,0.477
SPADES SEVEN HEARTS TEN,0.5712,0.017,0.4118
DIAMONDS TWO CLUBS TWO,0.4018,0.0572,0.541
DIAMONDS TWO CLUBS THREE,0.6992,0.0564,0.2444
DIAMONDS TWO HEARTS SIX,0.6164,0.0252,0.3584
DIAMONDS TWO HEARTS QUEEN,0.378,0.016,0.606
HEARTS SEVEN DIAMONDS TWO,0.6308,0.0194,0.3498
DIAMONDS TWO HEARTS KING,0.3912,0.008,0.6008
DIAMONDS TWO HEARTS EIGHT,0.6158,0.022,0.3622
DIAMONDS TWO HEARTS ACE,0.3828,0.0046,0.6126
DIAMONDS TWO HEARTS NINE,0.6108,0.0238,0.3654
DIAMONDS TWO DIAMONDS QUEEN,0.3708,0.0112,0.618
DIAMONDS TWO HEARTS TWO,0.4046,0.057,0.5384
DIAMONDS TWO DIAMONDS KING,0.3754,0.0078,0.6168
DIAMONDS TWO DIAMONDS ACE,0.3564,0.004,0.6396
HEARTS FOUR DIAMONDS TWO,0.6016,0.0246,0.3738
HEARTS FIVE DIAMONDS TWO,0.5898,0.0232,0.387
SPADES SEVEN HEARTS ACE,0.3546,0.005,0.6404
DIAMONDS TWO DIAMONDS TEN,0.5748,0.0182,0.407
SPADES SEVEN HEARTS KING,0.3572,0.0068,0.636
DIAMONDS TWO DIAMONDS JACK,0.2412,0.4918,0.267
SPADES SEVEN HEARTS QUEEN,0.3664,0.0142,0.6194
DIAMONDS TWO SPADES NINE,0.6316,0.0238,0.3446
DIAMONDS TWO SPADES EIGHT,0.62,0.0194,0.3606
DIAMONDS TWO SPADES SEVEN,0.6392,0.021,0.3398
DIAMONDS TWO SPADES SIX,0.6188,0.0198,0.3614
DIAMONDS TWO SPADES FIVE,0.6172,0.0174,0.3654
DIAMONDS TWO SPADES FOUR,0.6054,0.0222,0.3724
DIAMONDS TWO SPADES THREE,0.6978,0.054,0.2482
DIAMONDS TWO SPADES TWO,0.4076,0.0562,0.5362
CLUBS NINE DIAMONDS TWO,0.6214,0.0186,0.36
DIAMONDS TWO CLUBS EIGHT,0.6194,0.0218,0.3588
CLUBS SEVEN DIAMONDS TWO,0.629,0.0204,0.3506
DIAMONDS TWO CLUBS SIX,0.612,0.0242,0.3638
DIAMONDS TWO CLUBS FIVE,0.5982,0.0202,0.3816
DIAMONDS TWO CLUBS FOUR,0.6022,0.022,0.3758
CLUBS FOUR SPADES FIVE,0.559,0.0182,0.4228
CLUBS FOUR SPADES FOUR,0.3128,0.05,0.6372
CLUBS FOUR SPADES THREE,0.6642,0.0572,0.2786
CLUBS FOUR SPADES TWO,0.609,0.0208,0.3702
SPADES NINE CLUBS FOUR,0.601,0.0186,0.3804
SPADES EIGHT CLUBS FOUR,0.5762,0.0218,0.402
SPADES SEVEN CLUBS FOUR,0.57,0.0224,0.4076
SPADES SIX CLUBS FOUR,0.5544,0.0238,0.4218
SPADES ACE DIAMONDS SIX,0.357,0.004,0.639
SPADES QUEEN DIAMONDS SIX,0.355,0.013,0.632
SPADES KING DIAMONDS SIX,0.358,0.0076,0.6344
SPADES TEN DIAMONDS SIX,0.5736,0.0214,0.405
SPADES QUEEN SPADES TWO,0.3634,0.0162,0.6204
SPADES KING SPADES TWO,0.3822,0.0072,0.6106
SPADES ACE SPADES TWO,0.3532,0.0052,0.6416
DIAMONDS JACK CLUBS JACK,0.0874,0.041,0.8716
CLUBS TEN DIAMONDS JACK,0.2188,0.1238,0.6574
DIAMONDS JACK CLUBS KING,0.2296,0.0298,0.7406
DIAMONDS JACK CLUBS QUEEN,0.236,0.039,0.725
DIAMONDS THREE DIAMONDS JACK,0.0216,0.9052,0.0732
DIAMONDS THREE DIAMONDS TEN,0.6544,0.0614,0.2842
DIAMONDS JACK CLUBS ACE,0.2326,0.0174,0.75
DIAMONDS THREE DIAMONDS KING,0.215,0.0308,0.7542
DIAMONDS THREE DIAMONDS QUEEN,0.2258,0.041,0.7332
DIAMONDS THREE HEARTS TWO,0.6806,0.0622,0.2572
HEARTS FIVE DIAMONDS THREE,0.6564,0.0568,0.2868
DIAMONDS THREE DIAMONDS ACE,0.2254,0.0198,0.7548
HEARTS FOUR DIAMONDS THREE,0.6784,0.058,0.2636
HEARTS SEVEN DIAMONDS THREE,0.6914,0.0522,0.2564
SPADES TEN SPADES NINE,0.503,0.0152,0.4818
HEARTS SIX DIAMONDS THREE,0.6826,0.0518,0.2656
DIAMONDS THREE HEARTS NINE,0.709,0.0592,0.2318
HEARTS JACK DIAMONDS FOUR,0.2156,0.519,0.2654
HEARTS ACE HEARTS KING,0.297,0.0054,0.6976
SPADES TEN SPADES TWO,0.608,0.019,0.373
DIAMONDS THREE HEARTS EIGHT,0.6964,0.0544,0.2492
HEARTS TEN DIAMONDS FOUR,0.5972,0.0226,0.3802
HEARTS QUEEN DIAMONDS FOUR,0.3596,0.0128,0.6276
HEARTS KING DIAMONDS FOUR,0.3528,0.0074,0.6398
SPADES ACE SPADES NINE,0.3352,0.003,0.6618
HEARTS ACE DIAMONDS FOUR,0.3424,0.0036,0.654
SPADES KING SPADES NINE,0.326,0.0048,0.6692
SPADES QUEEN SPADES NINE,0.3406,0.0114,0.648
DIAMONDS THREE SPADES NINE,0.715,0.057,0.228
DIAMONDS THREE SPADES EIGHT,0.7018,0.0602,0.238
DIAMONDS THREE SPADES SEVEN,0.691,0.0528,0.2562
DIAMONDS THREE SPADES SIX,0.6842,0.0572,0.2586
DIAMONDS THREE CLUBS SIX,0.6794,0.0556,0.265
CLUBS FIVE CLUBS SIX,0.5206,0.0192,0.4602
CLUBS ACE DIAMONDS FOUR,0.3644,0.0042,0.6314
CLUBS SEVEN DIAMONDS THREE,0.6912,0.047,0.2618
CLUBS SEVEN CLUBS FIVE,0.5306,0.0172,0.4522
DIAMONDS THREE CLUBS FOUR,0.6756,0.0526,0.2718
DIAMONDS FOUR CLUBS QUEEN,0.3554,0.01,0.6346
DIAMONDS THREE CLUBS FIVE,0.662,0.0594,0.2786
CLUBS KING DIAMONDS FOUR,0.3556,0.007,0.6374
DIAMONDS THREE CLUBS TWO,0.6904,0.0582,0.2514
CLUBS TEN DIAMONDS FOUR,0.5866,0.02,0.3934
DIAMONDS THREE CLUBS THREE,0.2984,0.038,0.6636
DIAMONDS FOUR CLUBS JACK,0.2228,0.512,0.2652
DIAMONDS THREE SPADES FOUR,0.6658,0.0632,0.271
DIAMONDS THREE SPADES FIVE,0.6526,0.063,0.2844
DIAMONDS THREE SPADES TWO,0.684,0.0654,0.2506
DIAMONDS THREE SPADES THREE,0.2866,0.04,0.6734
CLUBS EIGHT DIAMONDS THREE,0.6994,0.057,0.2436
CLUBS NINE DIAMONDS THREE,0.7096,0.0616,0.2288
SPADES SEVEN CLUBS ACE,0.3586,0.004,0.6374
SPADES SEVEN CLUBS QUEEN,0.3704,0.0108,0.6188
SPADES SEVEN CLUBS KING,0.3646,0.0068,0.6286
CLUBS FIVE SPADES SEVEN,0.5726,0.0184,0.409
CLUBS TEN SPADES SEVEN,0.5704,0.0166,0.413
CLUBS FIVE SPADES SIX,0.5716,0.018,0.4104
SPADES SEVEN CLUBS JACK,0.2364,0.2916,0.472
SPADES NINE CLUBS FIVE,0.5792,0.0184,0.4024
CLUBS FIVE SPADES EIGHT,0.5656,0.0206,0.4138
CLUBS FIVE SPADES THREE,0.6698,0.059,0.2712
CLUBS FIVE SPADES TWO,0.6136,0.0166,0.3698
CLUBS FIVE SPADES FIVE,0.3068,0.0514,0.6418
CLUBS FIVE SPADES FOUR,0.5606,0.0196,0.4198
CLUBS NINE CLUBS FIVE,0.538,0.017,0.445
CLUBS EIGHT CLUBS FIVE,0.5234,0.0174,0.4592
CLUBS ACE CLUBS QUEEN,0.3016,0.0044,0.694
CLUBS KING CLUBS QUEEN,0.278,0.0062,0.7158
DIAMONDS TEN DIAMONDS FOUR,0.552,0.0162,0.4318
CLUBS TEN DIAMONDS NINE,0.5492,0.0126,0.4382
DIAMONDS JACK DIAMONDS FOUR,0.2144,0.477,0.3086
DIAMONDS NINE CLUBS JACK,0.2252,0.166,0.6088
SPADES NINE CLUBS JACK,0.23,0.1716,0.5984
CLUBS TEN SPADES NINE,0.5396,0.017,0.4434
DIAMONDS ACE DIAMONDS FOUR,0.3252,0.0034,0.6714
HEARTS FOUR DIAMONDS FOUR,0.3156,0.052,0.6324
DIAMONDS JACK HEARTS TEN,0.2146,0.1246,0.6608
SPADES NINE CLUBS KING,0.3608,0.007,0.6322
DIAMONDS TWO SPADES TEN,0.6236,0.0226,0.3538
DIAMONDS NINE CLUBS ACE,0.3596,0.0046,0.6358
HEARTS FIVE DIAMONDS FOUR,0.5448,0.0182,0.437
DIAMONDS JACK HEARTS JACK,0.072,0.0416,0.8864
SPADES NINE CLUBS QUEEN,0.3384,0.01,0.6516
DIAMONDS QUEEN DIAMONDS FOUR,0.3414,0.0116,0.647
HEARTS TWO DIAMONDS FOUR,0.6102,0.0234,0.3664
DIAMONDS NINE CLUBS QUEEN,0.3514,0.0088,0.6398
DIAMONDS KING DIAMONDS FOUR,0.341,0.0054,0.6536
SPADES NINE CLUBS ACE,0.3584,0.005,0.6366
DIAMONDS NINE CLUBS KING,0.3568,0.005,0.6382
HEARTS ACE DIAMONDS JACK,0.2236,0.0186,0.7578
SPADES ACE DIAMONDS TWO,0.3636,0.0066,0.6298
HEARTS QUEEN DIAMONDS JACK,0.2192,0.0414,0.7394
SPADES QUEEN DIAMONDS TWO,0.3902,0.0154,0.5944
DIAMONDS JACK HEARTS KING,0.2228,0.0304,0.7468
SPADES KING DIAMONDS TWO,0.3918,0.0096,0.5986
SPADES TEN SPADES SEVEN,0.5384,0.0158,0.4458
CLUBS SEVEN CLUBS THREE,0.6458,0.0594,0.2948
CLUBS SIX CLUBS THREE,0.6434,0.0514,0.3052
CLUBS FIVE CLUBS THREE,0.6234,0.0572,0.3194
CLUBS THREE CLUBS FOUR,0.6238,0.0598,0.3164
CLUBS NINE CLUBS THREE,0.6586,0.0546,0.2868
CLUBS EIGHT CLUBS THREE,0.6584,0.058,0.2836
CLUBS THREE SPADES FIVE,0.6592,0.0608,0.28
CLUBS THREE SPADES FOUR,0.6766,0.0534,0.27
CLUBS THREE SPADES THREE,0.301,0.0462,0.6528
CLUBS THREE SPADES TWO,0.6986,0.0596,0.2418
CLUBS THREE SPADES SIX,0.698,0.0506,0.2514
SPADES SEVEN CLUBS THREE,0.6876,0.054,0.2584
SPADES EIGHT CLUBS THREE,0.6998,0.0544,0.2458
SPADES NINE CLUBS THREE,0.7206,0.058,0.2214
SPADES TWO DIAMONDS FOUR,0.6208,0.0232,0.356
SPADES THREE DIAMONDS FOUR,0.6714,0.0532,0.2754
SPADES FOUR DIAMONDS FOUR,0.3238,0.0498,0.6264
SPADES FIVE DIAMONDS FOUR,0.5596,0.0206,0.4198
SPADES SIX DIAMONDS FOUR,0.5832,0.0202,0.3966
SPADES SEVEN DIAMONDS FOUR,0.5808,0.0238,0.3954
SPADES EIGHT DIAMONDS FOUR,0.578,0.0198,0.4022
SPADES NINE DIAMONDS FOUR,0.5996,0.0208,0.3796
CLUBS FIVE DIAMONDS FOUR,0.5464,0.0228,0.4308
CLUBS FOUR DIAMONDS FOUR,0.3134,0.044,0.6426
CLUBS SEVEN DIAMONDS FOUR,0.5634,0.0218,0.4148
CLUBS SIX DIAMONDS FOUR,0.5706,0.0158,0.4136
CLUBS NINE DIAMONDS FOUR,0.6006,0.019,0.3804
CLUBS EIGHT DIAMONDS FOUR,0.5726,0.0156,0.4118
HEARTS SEVEN DIAMONDS FOUR,0.5678,0.021,0.4112
HEARTS SIX DIAMONDS FOUR,0.5676,0.019,0.4134
DIAMONDS FOUR HEARTS NINE,0.5888,0.0194,0.3918
DIAMONDS FOUR HEARTS EIGHT,0.571,0.019,0.41
CLUBS THREE DIAMONDS FOUR,0.659,0.0566,0.2844
CLUBS TWO DIAMONDS FOUR,0.604,0.0244,0.3716
DIAMONDS TEN DIAMONDS FIVE,0.5696,0.0186,0.4118
DIAMONDS JACK DIAMONDS FIVE,0.2008,0.4422,0.357
DIAMONDS NINE HEARTS QUEEN,0.3366,0.0124,0.651
DIAMONDS NINE HEARTS KING,0.346,0.0052,0.6488
HEARTS ACE DIAMONDS NINE,0.3536,0.005,0.6414
DIAMONDS NINE HEARTS TEN,0.5486,0.0154,0.436
DIAMONDS NINE HEARTS JACK,0.2368,0.1728,0.5904
CLUBS KING DIAMONDS SIX,0.3596,0.0076,0.6328
CLUBS QUEEN DIAMONDS SIX,0.3648,0.0098,0.6254
CLUBS ACE DIAMONDS SIX,0.3622,0.0052,0.6326
SPADES KING DIAMONDS FOUR,0.3622,0.0092,0.6286
SPADES ACE SPADES SEVEN,0.3338,0.005,0.6612
SPADES QUEEN DIAMONDS FOUR,0.3502,0.0094,0.6404
SPADES QUEEN SPADES SEVEN,0.3516,0.0146,0.6338
CLUBS JACK DIAMONDS SIX,0.2238,0.3946,0.3816
SPADES KING SPADES SEVEN,0.3454,0.0074,0.6472
SPADES ACE DIAMONDS FOUR,0.3496,0.0048,0.6456
CLUBS TEN DIAMONDS SIX,0.573,0.0172,0.4098
CLUBS NINE CLUBS FOUR,0.5452,0.0184,0.4364
CLUBS EIGHT CLUBS FOUR,0.5506,0.017,0.4324
SPADES TEN DIAMONDS FOUR,0.5916,0.0162,0.3922
CLUBS FIVE CLUBS FOUR,0.51,0.0196,0.4704
CLUBS SEVEN CLUBS FOUR,0.5304,0.0204,0.4492
CLUBS SIX CLUBS FOUR,0.5302,0.0218,0.448
CLUBS SEVEN SPADES EIGHT,0.5368,0.0192,0.444
CLUBS SEVEN SPADES NINE,0.5574,0.0174,0.4252
CLUBS SEVEN SPADES SIX,0.5536,0.0184,0.428
CLUBS SEVEN SPADES SEVEN,0.3164,0.0356,0.648
CLUBS SEVEN SPADES FIVE,0.5594,0.0202,0.4204
CLUBS SEVEN SPADES FOUR,0.576,0.0198,0.4042
CLUBS SEVEN SPADES THREE,0.6988,0.0546,0.2466
CLUBS SEVEN SPADES TWO,0.633,0.0202,0.3468
CLUBS NINE CLUBS SEVEN,0.5124,0.013,0.4746
CLUBS SEVEN CLUBS EIGHT,0.5108,0.0182,0.471
HEARTS SIX DIAMONDS FIVE,0.5496,0.0224,0.428
HEARTS SEVEN DIAMONDS FIVE,0.5602,0.0212,0.4186
DIAMONDS FIVE HEARTS EIGHT,0.5578,0.018,0.4242
DIAMONDS FIVE HEARTS NINE,0.5696,0.0198,0.4106
DIAMONDS QUEEN DIAMONDS FIVE,0.3284,0.0124,0.6592
HEARTS TWO DIAMONDS FIVE,0.6098,0.0228,0.3674
HEARTS KING HEARTS EIGHT,0.3442,0.0086,0.6472
DIAMONDS KING DIAMONDS FIVE,0.343,0.0074,0.6496
HEARTS QUEEN HEARTS EIGHT,0.3344,0.0112,0.6544
DIAMONDS ACE DIAMONDS FIVE,0.332,0.005,0.663
HEARTS FOUR DIAMONDS FIVE,0.5588,0.0204,0.4208
HEARTS FIVE DIAMONDS FIVE,0.3054,0.0458,0.6488
HEARTS ACE HEARTS EIGHT,0.3456,0.0052,0.6492
CLUBS FOUR DIAMONDS FIVE,0.5504,0.0206,0.429
CLUBS FIVE DIAMONDS FIVE,0.313,0.0438,0.6432
CLUBS SIX DIAMONDS FIVE,0.5564,0.0214,0.4222
CLUBS SEVEN DIAMONDS FIVE,0.5612,0.0204,0.4184
CLUBS TWO DIAMONDS FIVE,0.6062,0.0182,0.3756
CLUBS THREE DIAMONDS FIVE,0.6624,0.0534,0.2842
SPADES THREE DIAMONDS FIVE,0.6726,0.06,0.2674
SPADES TWO DIAMONDS FIVE,0.6044,0.0202,0.3754
SPADES FIVE DIAMONDS FIVE,0.3056,0.0468,0.6476
CLUBS TEN HEARTS JACK,0.2312,0.1258,0.643
SPADES TEN DIAMONDS EIGHT,0.551,0.017,0.432
SPADES FOUR DIAMONDS FIVE,0.5586,0.0238,0.4176
HEARTS JACK CLUBS JACK,0.0772,0.0432,0.8796
HEARTS JACK CLUBS QUEEN,0.2106,0.0418,0.7476
CLUBS NINE DIAMONDS FIVE,0.5836,0.0204,0.396
CLUBS KING HEARTS JACK,0.2316,0.0296,0.7388
CLUBS EIGHT DIAMONDS FIVE,0.5678,0.0168,0.4154
CLUBS ACE HEARTS JACK,0.2248,0.0218,0.7534
SPADES SEVEN DIAMONDS FIVE,0.5514,0.0194,0.4292
SPADES KING DIAMONDS EIGHT,0.3566,0.0066,0.6368
SPADES SIX DIAMONDS FIVE,0.555,0.0208,0.4242
SPADES QUEEN DIAMONDS EIGHT,0.3568,0.0114,0.6318
SPADES NINE DIAMONDS FIVE,0.5852,0.017,0.3978
SPADES EIGHT DIAMONDS FIVE,0.5622,0.0168,0.421
SPADES ACE DIAMONDS EIGHT,0.3574,0.004,0.6386
DIAMONDS TEN DIAMONDS SIX,0.5446,0.0152,0.4402
HEARTS ACE DIAMONDS SEVEN,0.35,0.0032,0.6468
DIAMONDS JACK DIAMONDS SIX,0.21,0.36,0.43
HEARTS QUEEN DIAMONDS SEVEN,0.3554,0.0124,0.6322
HEARTS KING DIAMONDS SEVEN,0.3502,0.009,0.6408
DIAMONDS ACE DIAMONDS SIX,0.3382,0.0044,0.6574
HEARTS FOUR DIAMONDS SIX,0.565,0.019,0.416
SPADES TWO HEARTS JACK,0.2524,0.5276,0.22
HEARTS FIVE DIAMONDS SIX,0.5524,0.0188,0.4288
SPADES TWO HEARTS TEN,0.6208,0.0206,0.3586
DIAMONDS QUEEN DIAMONDS SIX,0.3424,0.0112,0.6464
HEARTS TWO DIAMONDS SIX,0.6146,0.025,0.3604
DIAMONDS KING DIAMONDS SIX,0.3378,0.0068,0.6554
HEARTS EIGHT DIAMONDS SIX,0.5578,0.0164,0.4258
HEARTS NINE DIAMONDS SIX,0.5552,0.0166,0.4282
HEARTS SIX DIAMONDS SIX,0.306,0.043,0.651
HEARTS SEVEN DIAMONDS SIX,0.5414,0.0206,0.438
HEARTS TEN DIAMONDS SEVEN,0.555,0.0158,0.4292
CLUBS TWO DIAMONDS SIX,0.6186,0.0198,0.3616
HEARTS JACK DIAMONDS SEVEN,0.2182,0.3048,0.477
CLUBS THREE DIAMONDS SIX,0.6836,0.0492,0.2672
CLUBS SEVEN DIAMONDS SIX,0.5562,0.014,0.4298
DIAMONDS EIGHT CLUBS JACK,0.228,0.2132,0.5588
CLUBS SIX DIAMONDS SIX,0.3154,0.0412,0.6434
CLUBS TEN DIAMONDS EIGHT,0.5432,0.0148,0.442
CLUBS FIVE DIAMONDS SIX,0.559,0.0176,0.4234
CLUBS FOUR DIAMONDS SIX,0.574,0.0208,0.4052
HEARTS ACE HEARTS JACK,0.208,0.0246,0.7674
DIAMONDS EIGHT CLUBS ACE,0.3482,0.0036,0.6482
HEARTS QUEEN HEARTS JACK,0.219,0.044,0.737
DIAMONDS EIGHT CLUBS KING,0.365,0.0072,0.6278
CLUBS NINE DIAMONDS SIX,0.5784,0.0146,0.407
HEARTS KING HEARTS JACK,0.2136,0.0302,0.7562
DIAMONDS EIGHT CLUBS QUEEN,0.3642,0.0116,0.6242
CLUBS EIGHT DIAMONDS SIX,0.5516,0.0208,0.4276
SPADES TEN HEARTS KING,0.3386,0.0068,0.6546
SPADES FIVE DIAMONDS SIX,0.5604,0.0188,0.4208
HEARTS ACE SPADES TWO,0.378,0.0076,0.6144
SPADES FOUR DIAMONDS SIX,0.5654,0.0174,0.4172
SPADES THREE DIAMONDS SIX,0.6934,0.0542,0.2524
HEARTS QUEEN SPADES TWO,0.3892,0.0158,0.595
SPADES ACE SPADES KING,0.298,0.0034,0.6986
SPADES TWO HEARTS KING,0.3984,0.0126,0.589
SPADES TWO DIAMONDS SIX,0.6306,0.0188,0.3506
HEARTS TEN HEARTS EIGHT,0.5156,0.0174,0.467
SPADES NINE DIAMONDS SIX,0.5586,0.0198,0.4216
HEARTS JACK HEARTS EIGHT,0.2228,0.2248,0.5524
SPADES EIGHT DIAMONDS SIX,0.5564,0.0194,0.4242
SPADES SEVEN DIAMONDS SIX,0.5404,0.022,0.4376
SPADES SIX DIAMONDS SIX,0.3164,0.0414,0.6422
SPADES KING HEARTS KING,0.1228,0.0096,0.8676
SPADES QUEEN HEARTS KING,0.3068,0.0084,0.6848
CLUBS ACE CLUBS KING,0.304,0.0054,0.6906
SPADES ACE HEARTS KING,0.3084,0.0054,0.6862
SPADES ACE HEARTS JACK,0.2058,0.0212,0.773
SPADES QUEEN HEARTS JACK,0.2282,0.0436,0.7282
SPADES KING HEARTS JACK,0.2114,0.0362,0.7524
SPADES TEN DIAMONDS TEN,0.2768,0.0248,0.6984
SPADES ACE DIAMONDS TEN,0.3408,0.0064,0.6528
SPADES TEN HEARTS JACK,0.2214,0.1272,0.6514
SPADES QUEEN DIAMONDS TEN,0.3164,0.0106,0.673
SPADES KING DIAMONDS TEN,0.3302,0.0072,0.6626
SPADES NINE DIAMONDS SEVEN,0.5434,0.017,0.4396
SPADES EIGHT DIAMONDS SEVEN,0.5396,0.0176,0.4428
SPADES SEVEN DIAMONDS SEVEN,0.3114,0.0392,0.6494
SPADES SIX DIAMONDS SEVEN,0.5466,0.023,0.4304
DIAMONDS KING DIAMONDS SEVEN,0.346,0.008,0.646
HEARTS KING DIAMONDS FIVE,0.355,0.0082,0.6368
DIAMONDS QUEEN DIAMONDS SEVEN,0.3244,0.0104,0.6652
HEARTS TWO DIAMONDS SEVEN,0.617,0.0236,0.3594
HEARTS QUEEN DIAMONDS FIVE,0.3518,0.0108,0.6374
HEARTS FIVE DIAMONDS SEVEN,0.5568,0.0174,0.4258
DIAMONDS ACE DIAMONDS SEVEN,0.3392,0.0034,0.6574
HEARTS FOUR DIAMONDS SEVEN,0.564,0.0212,0.4148
HEARTS ACE DIAMONDS FIVE,0.3352,0.0056,0.6592
HEARTS SEVEN DIAMONDS SEVEN,0.286,0.0402,0.6738
HEARTS SIX DIAMONDS SEVEN,0.5422,0.0162,0.4416
DIAMONDS SEVEN HEARTS NINE,0.5398,0.0188,0.4414
HEARTS EIGHT DIAMONDS SEVEN,0.5418,0.0186,0.4396
DIAMONDS JACK DIAMONDS SEVEN,0.219,0.2768,0.5042
DIAMONDS FIVE HEARTS JACK,0.2086,0.4752,0.3162
DIAMONDS TEN DIAMONDS SEVEN,0.529,0.0174,0.4536
HEARTS TEN DIAMONDS FIVE,0.5956,0.0206,0.3838
SPADES KING CLUBS TWO,0.3878,0.011,0.6012
HEARTS KING CLUBS KING,0.1198,0.01,0.8702
CLUBS EIGHT DIAMONDS SEVEN,0.5418,0.0194,0.4388
SPADES QUEEN CLUBS TWO,0.382,0.0122,0.6058
HEARTS KING CLUBS QUEEN,0.3086,0.0078,0.6836
CLUBS NINE DIAMONDS SEVEN,0.5452,0.0168,0.438
SPADES TWO CLUBS JACK,0.2676,0.5268,0.2056
SPADES ACE CLUBS TWO,0.373,0.0072,0.6198
CLUBS TEN SPADES TWO,0.6208,0.0166,0.3626
HEARTS KING CLUBS ACE,0.319,0.0044,0.6766
CLUBS SEVEN CLUBS SIX,0.5168,0.0186,0.4646
SPADES TWO CLUBS KING,0.386,0.0098,0.6042
SPADES TWO DIAMONDS SEVEN,0.6278,0.0238,0.3484
CLUBS EIGHT CLUBS SIX,0.5184,0.0164,0.4652
SPADES THREE DIAMONDS SEVEN,0.6992,0.054,0.2468
SPADES TWO CLUBS QUEEN,0.3898,0.0098,0.6004
CLUBS NINE CLUBS SIX,0.5158,0.0188,0.4654
SPADES FOUR DIAMONDS SEVEN,0.571,0.0174,0.4116
HEARTS KING CLUBS JACK,0.2278,0.028,0.7442
SPADES FIVE DIAMONDS SEVEN,0.5644,0.0196,0.416
SPADES TWO CLUBS ACE,0.3774,0.0064,0.6162
CLUBS TEN HEARTS KING,0.328,0.0074,0.6646
CLUBS SIX SPADES TWO,0.6184,0.0192,0.3624
CLUBS SIX SPADES THREE,0.699,0.0452,0.2558
CLUBS TWO DIAMONDS SEVEN,0.641,0.0202,0.3388
CLUBS SIX SPADES FOUR,0.5748,0.0168,0.4084
CLUBS THREE DIAMONDS SEVEN,0.6896,0.0548,0.2556
CLUBS SIX SPADES FIVE,0.5608,0.0198,0.4194
CLUBS FOUR DIAMONDS SEVEN,0.5666,0.0196,0.4138
CLUBS SIX SPADES SIX,0.316,0.0444,0.6396
CLUBS FIVE DIAMONDS SEVEN,0.554,0.0166,0.4294
CLUBS SIX SPADES SEVEN,0.5644,0.0178,0.4178
CLUBS SIX DIAMONDS SEVEN,0.5598,0.0206,0.4196
SPADES EIGHT CLUBS SIX,0.5614,0.0166,0.422
CLUBS SEVEN DIAMONDS SEVEN,0.2988,0.0344,0.6668
SPADES NINE CLUBS SIX,0.5822,0.018,0.3998
SPADES TEN CLUBS TWO,0.6296,0.0194,0.351
CLUBS TWO CLUBS QUEEN,0.3594,0.0118,0.6288
CLUBS TWO CLUBS KING,0.3612,0.0096,0.6292
CLUBS THREE DIAMONDS EIGHT,0.697,0.0546,0.2484
CLUBS TWO CLUBS ACE,0.3496,0.0042,0.6462
CLUBS TWO DIAMONDS EIGHT,0.6118,0.0178,0.3704
HEARTS SEVEN DIAMONDS EIGHT,0.534,0.0142,0.4518
HEARTS SIX DIAMONDS EIGHT,0.5448,0.019,0.4362
DIAMONDS EIGHT HEARTS NINE,0.5342,0.0166,0.4492
CLUBS TEN CLUBS TWO,0.587,0.0174,0.3956
DIAMONDS EIGHT HEARTS EIGHT,0.2906,0.0338,0.6756
CLUBS TWO CLUBS JACK,0.241,0.492,0.267
CLUBS NINE DIAMONDS EIGHT,0.5356,0.0134,0.451
CLUBS EIGHT DIAMONDS EIGHT,0.2898,0.0326,0.6776
CLUBS FIVE DIAMONDS EIGHT,0.5664,0.0174,0.4162
SPADES ACE SPADES THREE,0.2274,0.021,0.7516
CLUBS FOUR DIAMONDS EIGHT,0.587,0.0198,0.3932
CLUBS SEVEN DIAMONDS EIGHT,0.5454,0.016,0.4386
SPADES QUEEN SPADES THREE,0.2204,0.0426,0.737
CLUBS SIX DIAMONDS EIGHT,0.5414,0.0158,0.4428
SPADES KING SPADES THREE,0.2252,0.0306,0.7442
DIAMONDS QUEEN DIAMONDS EIGHT,0.3396,0.011,0.6494
HEARTS TWO DIAMONDS EIGHT,0.6162,0.0214,0.3624
DIAMONDS KING DIAMONDS EIGHT,0.3402,0.005,0.6548
DIAMONDS ACE DIAMONDS EIGHT,0.3336,0.0028,0.6636
HEARTS FOUR DIAMONDS EIGHT,0.568,0.019,0.413
HEARTS FIVE DIAMONDS EIGHT,0.5552,0.018,0.4268
DIAMONDS EIGHT DIAMONDS TEN,0.5006,0.0172,0.4822
DIAMONDS EIGHT DIAMONDS JACK,0.212,0.2096,0.5784
SPADES TEN SPADES THREE,0.6782,0.0602,0.2616
CLUBS FOUR HEARTS ACE,0.3498,0.005,0.6452
CLUBS FOUR HEARTS QUEEN,0.3526,0.0118,0.6356
CLUBS FOUR HEARTS KING,0.3534,0.0074,0.6392
CLUBS SIX HEARTS TEN,0.5738,0.0188,0.4074
CLUBS SIX HEARTS JACK,0.222,0.3846,0.3934
SPADES FOUR DIAMONDS EIGHT,0.5858,0.0188,0.3954
SPADES FIVE DIAMONDS EIGHT,0.5802,0.016,0.4038
DIAMONDS EIGHT SPADES TWO,0.6256,0.0202,0.3542
DIAMONDS EIGHT SPADES THREE,0.7138,0.0508,0.2354
CLUBS FOUR HEARTS JACK,0.2194,0.5116,0.269
SPADES EIGHT DIAMONDS EIGHT,0.2892,0.035,0.6758
SPADES TEN HEARTS TWO,0.6308,0.021,0.3482
SPADES TEN DIAMONDS QUEEN,0.3228,0.0136,0.6636
CLUBS FOUR HEARTS TEN,0.5936,0.017,0.3894
SPADES NINE DIAMONDS EIGHT,0.536,0.018,0.446
SPADES TEN HEARTS EIGHT,0.5408,0.0162,0.443
SPADES SIX DIAMONDS EIGHT,0.5516,0.0176,0.4308
SPADES SEVEN DIAMONDS EIGHT,0.541,0.0172,0.4418
SPADES ACE HEARTS TWO,0.3694,0.0086,0.622
SPADES ACE DIAMONDS QUEEN,0.311,0.0066,0.6824
SPADES ACE HEARTS EIGHT,0.3462,0.0042,0.6496
SPADES KING HEARTS EIGHT,0.3556,0.0076,0.6368
SPADES QUEEN HEARTS TWO,0.3938,0.0162,0.59
SPADES QUEEN DIAMONDS QUEEN,0.1376,0.0134,0.849
SPADES KING DIAMONDS QUEEN,0.301,0.0088,0.6902
SPADES KING HEARTS TWO,0.387,0.0118,0.6012
SPADES QUEEN HEARTS EIGHT,0.3306,0.0112,0.6582
CLUBS TWO HEARTS TEN,0.6186,0.0216,0.3598
CLUBS TWO HEARTS JACK,0.2598,0.5278,0.2124
SPADES SEVEN DIAMONDS NINE,0.5522,0.0168,0.431
SPADES SIX DIAMONDS NINE,0.5784,0.0206,0.401
SPADES NINE DIAMONDS NINE,0.2816,0.0276,0.6908
SPADES EIGHT DIAMONDS NINE,0.542,0.0172,0.4408
SPADES TEN CLUBS KING,0.336,0.0068,0.6572
DIAMONDS NINE SPADES THREE,0.6972,0.061,0.2418
DIAMONDS NINE SPADES TWO,0.63,0.018,0.352
SPADES FIVE DIAMONDS NINE,0.59,0.0174,0.3926
DIAMONDS NINE SPADES FOUR,0.602,0.0196,0.3784
CLUBS NINE DIAMONDS NINE,0.2952,0.0222,0.6826
CLUBS EIGHT DIAMONDS NINE,0.5282,0.0164,0.4554
CLUBS SIX DIAMONDS NINE,0.5642,0.0176,0.4182
CLUBS SEVEN DIAMONDS NINE,0.539,0.0192,0.4418
SPADES TEN CLUBS FOUR,0.5926,0.0224,0.385
CLUBS FOUR DIAMONDS NINE,0.591,0.0174,0.3916
CLUBS FIVE DIAMONDS NINE,0.5774,0.0154,0.4072
DIAMONDS NINE CLUBS TWO,0.6266,0.0194,0.354
CLUBS THREE DIAMONDS NINE,0.6916,0.0568,0.2516
DIAMONDS NINE HEARTS EIGHT,0.537,0.0186,0.4444
DIAMONDS NINE HEARTS NINE,0.2764,0.0268,0.6968
HEARTS SIX DIAMONDS NINE,0.575,0.0172,0.4078
HEARTS SEVEN DIAMONDS NINE,0.5532,0.0188,0.428
CLUBS NINE CLUBS EIGHT,0.512,0.014,0.474
DIAMONDS ACE DIAMONDS NINE,0.3364,0.005,0.6586
HEARTS FOUR DIAMONDS NINE,0.598,0.0166,0.3854
HEARTS FIVE DIAMONDS NINE,0.579,0.0184,0.4026
HEARTS ACE CLUBS TWO,0.3698,0.0042,0.626
SPADES ACE CLUBS FOUR,0.3446,0.0056,0.6498
DIAMONDS QUEEN DIAMONDS NINE,0.3316,0.0114,0.657
HEARTS TWO DIAMONDS NINE,0.6294,0.02,0.3506
CLUBS TWO HEARTS KING,0.393,0.0098,0.5972
SPADES KING CLUBS FOUR,0.3572,0.0104,0.6324
DIAMONDS KING DIAMONDS NINE,0.3276,0.0054,0.667
CLUBS TWO HEARTS QUEEN,0.3778,0.0138,0.6084
SPADES QUEEN CLUBS FOUR,0.3558,0.0122,0.632
DIAMONDS NINE DIAMONDS JACK,0.206,0.1648,0.6292
CLUBS EIGHT SPADES NINE,0.5352,0.0154,0.4494
DIAMONDS NINE DIAMONDS TEN,0.5028,0.0138,0.4834
CLUBS EIGHT SPADES EIGHT,0.3,0.0362,0.6638
CLUBS EIGHT SPADES SEVEN,0.5402,0.0196,0.4402
CLUBS EIGHT SPADES SIX,0.553,0.0176,0.4294
CLUBS EIGHT SPADES FIVE,0.5652,0.0238,0.411
CLUBS EIGHT SPADES FOUR,0.569,0.0192,0.4118
CLUBS EIGHT SPADES THREE,0.713,0.0534,0.2336
CLUBS EIGHT SPADES TWO,0.6254,0.0214,0.3532
HEARTS SIX DIAMONDS TEN,0.5696,0.0168,0.4136
HEARTS SEVEN DIAMONDS TEN,0.5558,0.0142,0.43
DIAMONDS TEN HEARTS EIGHT,0.5484,0.0208,0.4308
CLUBS FOUR CLUBS JACK,0.2126,0.4786,0.3088
DIAMONDS TEN HEARTS NINE,0.5278,0.0192,0.453
CLUBS TEN CLUBS FOUR,0.544,0.0212,0.4348
CLUBS FOUR CLUBS KING,0.341,0.0096,0.6494
CLUBS FOUR CLUBS QUEEN,0.3368,0.0134,0.6498
CLUBS TWO DIAMONDS TEN,0.6406,0.0164,0.343
CLUBS THREE DIAMONDS TEN,0.7122,0.0536,0.2342
CLUBS FOUR CLUBS ACE,0.3336,0.0036,0.6628
DIAMONDS JACK DIAMONDS TEN,0.2046,0.1216,0.6738
DIAMONDS QUEEN DIAMONDS TEN,0.3114,0.0088,0.6798
HEARTS TWO DIAMONDS TEN,0.6428,0.0172,0.34
DIAMONDS KING DIAMONDS TEN,0.3228,0.0062,0.671
DIAMONDS ACE DIAMONDS TEN,0.3282,0.0046,0.6672
HEARTS FOUR DIAMONDS TEN,0.5818,0.0192,0.399
CLUBS EIGHT HEARTS JACK,0.2164,0.2348,0.5488
HEARTS FIVE DIAMONDS TEN,0.5914,0.0148,0.3938
CLUBS EIGHT HEARTS TEN,0.5496,0.0192,0.4312
CLUBS EIGHT HEARTS QUEEN,0.342,0.012,0.646
CLUBS EIGHT HEARTS KING,0.354,0.0076,0.6384
CLUBS EIGHT HEARTS ACE,0.3672,0.006,0.6268
CLUBS NINE SPADES THREE,0.7022,0.0538,0.244
CLUBS NINE SPADES TWO,0.625,0.0168,0.3582
CLUBS NINE SPADES FIVE,0.5744,0.0146,0.411
CLUBS NINE SPADES FOUR,0.5936,0.0196,0.3868
CLUBS NINE SPADES SEVEN,0.5492,0.0138,0.437
CLUBS NINE SPADES SIX,0.5684,0.0168,0.4148
CLUBS NINE SPADES NINE,0.296,0.0258,0.6782
CLUBS TEN HEARTS EIGHT,0.5378,0.0142,0.448
CLUBS NINE SPADES EIGHT,0.542,0.0136,0.4444
HEARTS EIGHT CLUBS JACK,0.2238,0.225,0.5512
CLUBS QUEEN HEARTS EIGHT,0.3476,0.013,0.6394
CLUBS KING HEARTS EIGHT,0.36,0.0076,0.6324
CLUBS ACE HEARTS EIGHT,0.3544,0.004,0.6416
SPADES KING CLUBS KING,0.1292,0.0066,0.8642
SPADES QUEEN CLUBS KING,0.3042,0.007,0.6888
SPADES ACE CLUBS KING,0.3228,0.0034,0.6738
DIAMONDS ACE HEARTS TEN,0.348,0.0032,0.6488
HEARTS FOUR HEARTS TEN,0.5568,0.0192,0.424
DIAMONDS ACE HEARTS JACK,0.2118,0.021,0.7672
HEARTS FOUR HEARTS JACK,0.2098,0.4992,0.291
SPADES KING CLUBS FIVE,0.3462,0.0092,0.6446
SPADES QUEEN CLUBS FIVE,0.3508,0.0116,0.6376
SPADES ACE CLUBS FIVE,0.3482,0.0052,0.6466
HEARTS SEVEN DIAMONDS JACK,0.2106,0.3004,0.489
HEARTS SIX DIAMONDS JACK,0.225,0.3776,0.3974
DIAMONDS JACK HEARTS NINE,0.2186,0.1662,0.6152
DIAMONDS JACK HEARTS EIGHT,0.2174,0.2296,0.553
DIAMONDS KING DIAMONDS JACK,0.2138,0.0306,0.7556
SPADES ACE SPADES SIX,0.3486,0.0034,0.648
HEARTS ACE SPADES FOUR,0.3558,0.0056,0.6386
DIAMONDS QUEEN DIAMONDS JACK,0.2114,0.0412,0.7474
HEARTS TWO DIAMONDS JACK,0.26,0.5188,0.2212
HEARTS FIVE DIAMONDS JACK,0.2158,0.4602,0.324
SPADES QUEEN SPADES SIX,0.3448,0.0118,0.6434
SPADES FOUR HEARTS QUEEN,0.3464,0.012,0.6416
DIAMONDS ACE DIAMONDS JACK,0.2116,0.0198,0.7686
HEARTS FOUR DIAMONDS JACK,0.2158,0.5172,0.267
SPADES KING SPADES SIX,0.3422,0.0058,0.652
SPADES FOUR HEARTS KING,0.349,0.0102,0.6408
SPADES TEN SPADES SIX,0.5556,0.0178,0.4266
SPADES FOUR DIAMONDS JACK,0.2222,0.5294,0.2484
SPADES FIVE DIAMONDS JACK,0.2242,0.459,0.3168
DIAMONDS JACK SPADES TWO,0.2664,0.513,0.2206
SPADES THREE DIAMONDS JACK,0.017,0.9698,0.0132
SPADES ACE DIAMONDS THREE,0.2284,0.025,0.7466
SPADES QUEEN DIAMONDS THREE,0.2236,0.0416,0.7348
CLUBS EIGHT DIAMONDS JACK,0.2258,0.227,0.5472
SPADES KING DIAMONDS THREE,0.2444,0.0334,0.7222
CLUBS NINE DIAMONDS JACK,0.2282,0.1642,0.6076
CLUBS SIX DIAMONDS JACK,0.2246,0.3752,0.4002
CLUBS SEVEN DIAMONDS JACK,0.2166,0.2886,0.4948
CLUBS FOUR DIAMONDS JACK,0.21,0.523,0.267
CLUBS FIVE DIAMONDS JACK,0.2226,0.4468,0.3306
CLUBS TWO DIAMONDS JACK,0.2574,0.5246,0.218
CLUBS THREE DIAMONDS JACK,0.0242,0.953,0.0228
SPADES TEN CLUBS FIVE,0.608,0.0186,0.3734
SPADES TEN HEARTS SIX,0.58,0.0204,0.3996
CLUBS SEVEN CLUBS ACE,0.3484,0.0058,0.6458
SPADES TEN DIAMONDS THREE,0.6952,0.0604,0.2444
CLUBS SEVEN CLUBS QUEEN,0.3392,0.0142,0.6466
CLUBS SEVEN CLUBS KING,0.3364,0.0072,0.6564
SPADES NINE DIAMONDS JACK,0.2302,0.166,0.6038
CLUBS TEN CLUBS SEVEN,0.5314,0.0158,0.4528
DIAMONDS ACE HEARTS ACE,0.128,0.0046,0.8674
HEARTS FOUR HEARTS ACE,0.3234,0.005,0.6716
SPADES EIGHT DIAMONDS JACK,0.2302,0.2226,0.5472
SPADES ACE HEARTS SIX,0.3496,0.007,0.6434
CLUBS SEVEN CLUBS JACK,0.2154,0.275,0.5096
DIAMONDS ACE HEARTS KING,0.306,0.0054,0.6886
HEARTS FOUR HEARTS KING,0.3422,0.0082,0.6496
SPADES SEVEN DIAMONDS JACK,0.228,0.2908,0.4812
SPADES KING HEARTS SIX,0.3754,0.0106,0.614
DIAMONDS ACE HEARTS QUEEN,0.3036,0.0034,0.693
HEARTS FOUR HEARTS QUEEN,0.3336,0.0118,0.6546
SPADES SIX DIAMONDS JACK,0.2256,0.3892,0.3852
SPADES QUEEN HEARTS SIX,0.352,0.0126,0.6354
SPADES TWO DIAMONDS TEN,0.634,0.0172,0.3488
SPADES THREE DIAMONDS TEN,0.707,0.0568,0.2362
SPADES FOUR DIAMONDS TEN,0.6028,0.017,0.3802
SPADES FIVE DIAMONDS TEN,0.5922,0.0186,0.3892
SPADES SIX DIAMONDS TEN,0.5814,0.015,0.4036
SPADES SEVEN DIAMONDS TEN,0.5648,0.0206,0.4146
SPADES EIGHT DIAMONDS TEN,0.5604,0.02,0.4196
SPADES NINE DIAMONDS TEN,0.5366,0.016,0.4474
CLUBS FOUR DIAMONDS TEN,0.593,0.0176,0.3894
CLUBS FIVE DIAMONDS TEN,0.5908,0.0186,0.3906
CLUBS SIX DIAMONDS TEN,0.5712,0.0146,0.4142
CLUBS SEVEN DIAMONDS TEN,0.5536,0.0178,0.4286
CLUBS EIGHT DIAMONDS TEN,0.5512,0.017,0.4318
CLUBS NINE DIAMONDS TEN,0.5304,0.017,0.4526
DIAMONDS THREE CLUBS JACK,0.0214,0.957,0.0216
CLUBS TEN DIAMONDS THREE,0.7016,0.0534,0.245
DIAMONDS THREE CLUBS KING,0.2354,0.0318,0.7328
DIAMONDS THREE CLUBS QUEEN,0.2494,0.0422,0.7084
DIAMONDS THREE CLUBS ACE,0.2274,0.021,0.7516
SPADES FOUR HEARTS JACK,0.2146,0.5252,0.2602
SPADES FOUR HEARTS TEN,0.5902,0.019,0.3908
SPADES FIVE SPADES TWO,0.5782,0.0212,0.4006
SPADES FOUR SPADES TWO,0.5782,0.0248,0.397
SPADES THREE SPADES TWO,0.667,0.057,0.276
SPADES NINE SPADES TWO,0.5866,0.0206,0.3928
SPADES EIGHT SPADES TWO,0.5816,0.0184,0.4
SPADES SEVEN SPADES TWO,0.593,0.0212,0.3858
SPADES SIX SPADES TWO,0.6002,0.0204,0.3794
DIAMONDS QUEEN CLUBS THREE,0.2394,0.043,0.7176
CLUBS THREE HEARTS TWO,0.6876,0.06,0.2524
DIAMONDS QUEEN CLUBS TWO,0.3838,0.0146,0.6016
HEARTS TWO CLUBS TWO,0.4122,0.0472,0.5406
HEARTS SEVEN DIAMONDS QUEEN,0.3684,0.0092,0.6224
HEARTS SEVEN HEARTS TWO,0.5922,0.017,0.3908
HEARTS SIX DIAMONDS QUEEN,0.3496,0.0106,0.6398
HEARTS SIX HEARTS TWO,0.587,0.0204,0.3926
DIAMONDS QUEEN HEARTS NINE,0.3338,0.0102,0.656
HEARTS TWO HEARTS NINE,0.5822,0.023,0.3948
DIAMONDS QUEEN HEARTS EIGHT,0.3342,0.0122,0.6536
HEARTS TWO HEARTS EIGHT,0.591,0.0212,0.3878
CLUBS NINE HEARTS TWO,0.6244,0.0212,0.3544
CLUBS NINE DIAMONDS QUEEN,0.3448,0.0118,0.6434
CLUBS EIGHT HEARTS TWO,0.6238,0.0168,0.3594
CLUBS EIGHT DIAMONDS QUEEN,0.3458,0.0098,0.6444
CLUBS FIVE DIAMONDS QUEEN,0.3506,0.0086,0.6408
CLUBS FIVE HEARTS TWO,0.603,0.0236,0.3734
SPADES EIGHT HEARTS ACE,0.354,0.0052,0.6408
DIAMONDS QUEEN CLUBS FOUR,0.354,0.0132,0.6328
HEARTS TWO CLUBS FOUR,0.6148,0.0178,0.3674
CLUBS SEVEN DIAMONDS QUEEN,0.3662,0.0118,0.622
CLUBS SEVEN HEARTS TWO,0.6334,0.0216,0.345
SPADES EIGHT HEARTS QUEEN,0.3532,0.0112,0.6356
CLUBS SIX DIAMONDS QUEEN,0.3664,0.0096,0.624
CLUBS SIX HEARTS TWO,0.6142,0.0234,0.3624
SPADES EIGHT HEARTS KING,0.3592,0.0088,0.632
DIAMONDS QUEEN SPADES SIX,0.3654,0.01,0.6246
HEARTS TWO SPADES SIX,0.6196,0.0206,0.3598
HEARTS FOUR CLUBS QUEEN,0.3458,0.0122,0.642
DIAMONDS ACE CLUBS QUEEN,0.3252,0.0026,0.6722
DIAMONDS QUEEN SPADES SEVEN,0.3694,0.0102,0.6204
SPADES SEVEN HEARTS TWO,0.6336,0.0194,0.347
HEARTS FOUR CLUBS KING,0.3466,0.0084,0.645
DIAMONDS ACE CLUBS KING,0.3256,0.0032,0.6712
SPADES EIGHT DIAMONDS QUEEN,0.3528,0.0116,0.6356
SPADES EIGHT HEARTS TWO,0.6266,0.0214,0.352
HEARTS FOUR CLUBS ACE,0.3416,0.0054,0.653
DIAMONDS ACE CLUBS ACE,0.129,0.0032,0.8678
SPADES NINE DIAMONDS QUEEN,0.3518,0.0122,0.636
SPADES NINE HEARTS TWO,0.631,0.0214,0.3476
HEARTS TWO SPADES TWO,0.4082,0.0602,0.5316
DIAMONDS QUEEN SPADES TWO,0.3984,0.0134,0.5882
HEARTS TWO SPADES THREE,0.7064,0.0584,0.2352
DIAMONDS QUEEN SPADES THREE,0.235,0.0514,0.7136
HEARTS TWO SPADES FOUR,0.6122,0.0218,0.366
DIAMONDS QUEEN SPADES FOUR,0.3646,0.0142,0.6212
CLUBS TEN HEARTS FOUR,0.5822,0.0198,0.398
CLUBS TEN DIAMONDS ACE,0.344,0.0032,0.6528
HEARTS TWO SPADES FIVE,0.6132,0.0182,0.3686
DIAMONDS QUEEN SPADES FIVE,0.3476,0.0142,0.6382
HEARTS FOUR CLUBS JACK,0.2146,0.518,0.2674
DIAMONDS ACE CLUBS JACK,0.2244,0.0206,0.755
CLUBS FIVE CLUBS KING,0.3482,0.008,0.6438
CLUBS FIVE CLUBS QUEEN,0.3262,0.0132,0.6606
CLUBS FIVE CLUBS ACE,0.3226,0.004,0.6734
CLUBS FIVE CLUBS JACK,0.2072,0.4226,0.3702
CLUBS TEN CLUBS FIVE,0.5498,0.0168,0.4334
SPADES KING CLUBS JACK,0.2268,0.0306,0.7426
SPADES QUEEN CLUBS JACK,0.2162,0.043,0.7408
SPADES ACE CLUBS JACK,0.214,0.0208,0.7652
SPADES SIX CLUBS KING,0.367,0.0092,0.6238
SPADES SIX CLUBS QUEEN,0.3716,0.0132,0.6152
SPADES EIGHT HEARTS JACK,0.2228,0.2158,0.5614
SPADES SIX CLUBS ACE,0.3658,0.0026,0.6316
SPADES EIGHT HEARTS TEN,0.5442,0.0174,0.4384
SPADES SIX CLUBS JACK,0.226,0.3802,0.3938
CLUBS TEN SPADES SIX,0.586,0.0224,0.3916
SPADES TEN CLUBS JACK,0.2306,0.122,0.6474
SPADES QUEEN CLUBS SEVEN,0.3484,0.0112,0.6404
SPADES KING CLUBS SEVEN,0.358,0.0058,0.6362
SPADES ACE CLUBS SEVEN,0.3598,0.0038,0.6364
SPADES SIX HEARTS TEN,0.5788,0.0188,0.4024
SPADES SIX HEARTS JACK,0.2158,0.3976,0.3866
SPADES SIX HEARTS ACE,0.3428,0.0044,0.6528
SPADES SIX HEARTS KING,0.352,0.009,0.639
SPADES SIX HEARTS QUEEN,0.3594,0.013,0.6276
CLUBS SEVEN SPADES TEN,0.5742,0.0168,0.409
CLUBS TEN HEARTS SIX,0.5788,0.0148,0.4064
HEARTS SIX CLUBS JACK,0.219,0.3792,0.4018
CLUBS ACE CLUBS JACK,0.2164,0.0206,0.763
HEARTS SIX CLUBS QUEEN,0.3562,0.0104,0.6334
HEARTS SIX CLUBS KING,0.3602,0.0058,0.634
HEARTS SIX CLUBS ACE,0.3528,0.0036,0.6436
CLUBS QUEEN CLUBS JACK,0.2114,0.037,0.7516
CLUBS KING CLUBS JACK,0.2174,0.0318,0.7508
DIAMONDS THREE HEARTS ACE,0.2254,0.022,0.7526
DIAMONDS THREE HEARTS QUEEN,0.239,0.0436,0.7174
DIAMONDS THREE HEARTS KING,0.2288,0.0292,0.742
CLUBS FIVE HEARTS JACK,0.2038,0.4684,0.3278
HEARTS FOUR SPADES TEN,0.5874,0.0182,0.3944
SPADES TEN DIAMONDS ACE,0.3468,0.0044,0.6488
CLUBS FIVE HEARTS TEN,0.5822,0.0176,0.4002
SPADES ACE HEARTS FOUR,0.3356,0.0072,0.6572
SPADES ACE DIAMONDS ACE,0.1202,0.0056,0.8742
CLUBS FIVE HEARTS ACE,0.3482,0.0042,0.6476
CLUBS FIVE HEARTS KING,0.3478,0.0086,0.6436
HEARTS FOUR SPADES QUEEN,0.3534,0.0128,0.6338
SPADES QUEEN DIAMONDS ACE,0.3056,0.0044,0.69
SPADES FOUR CLUBS JACK,0.218,0.5326,0.2494
CLUBS FIVE HEARTS QUEEN,0.3502,0.015,0.6348
SPADES KING DIAMONDS ACE,0.3184,0.0052,0.6764
SPADES KING HEARTS FOUR,0.3472,0.0106,0.6422
CLUBS TEN SPADES FOUR,0.5866,0.02,0.3934
DIAMONDS QUEEN DIAMONDS ACE,0.3054,0.005,0.6896
HEARTS TWO DIAMONDS ACE,0.3772,0.0062,0.6166
HEARTS FOUR DIAMONDS QUEEN,0.349,0.0144,0.6366
HEARTS FOUR HEARTS TWO,0.5732,0.0194,0.4074
DIAMONDS THREE HEARTS TEN,0.7098,0.0552,0.235
SPADES FOUR CLUBS KING,0.3652,0.0088,0.626
HEARTS FIVE DIAMONDS QUEEN,0.3548,0.0136,0.6316
HEARTS FIVE HEARTS TWO,0.5614,0.0226,0.416
DIAMONDS THREE HEARTS JACK,0.0114,0.9688,0.0198
SPADES FOUR CLUBS QUEEN,0.3512,0.0106,0.6382
DIAMONDS QUEEN HEARTS TWO,0.3776,0.0118,0.6106
DIAMONDS KING DIAMONDS QUEEN,0.2948,0.0066,0.6986
DIAMONDS KING HEARTS TWO,0.3872,0.0064,0.6064
SPADES FOUR CLUBS ACE,0.3604,0.006,0.6336
HEARTS TWO CLUBS ACE,0.3876,0.0068,0.6056
DIAMONDS QUEEN CLUBS ACE,0.3206,0.0042,0.6752
HEARTS TWO CLUBS QUEEN,0.395,0.0116,0.5934
DIAMONDS QUEEN CLUBS QUEEN,0.1468,0.0098,0.8434
HEARTS TWO CLUBS KING,0.3942,0.0088,0.597
DIAMONDS QUEEN CLUBS KING,0.3072,0.0086,0.6842
SPADES EIGHT SPADES FIVE,0.5452,0.0206,0.4342
CLUBS TEN HEARTS TWO,0.6252,0.019,0.3558
CLUBS TEN DIAMONDS QUEEN,0.327,0.0102,0.6628
SPADES NINE SPADES FIVE,0.57,0.0154,0.4146
HEARTS TWO CLUBS JACK,0.247,0.5392,0.2138
DIAMONDS QUEEN CLUBS JACK,0.2264,0.043,0.7306
SPADES SIX SPADES FIVE,0.5268,0.0212,0.452
SPADES SEVEN SPADES FIVE,0.5404,0.0238,0.4358
DIAMONDS FIVE CLUBS QUEEN,0.365,0.01,0.625
SPADES EIGHT CLUBS ACE,0.351,0.0042,0.6448
DIAMONDS FIVE CLUBS KING,0.3524,0.007,0.6406
SPADES EIGHT CLUBS KING,0.369,0.0088,0.6222
CLUBS ACE DIAMONDS FIVE,0.3584,0.0042,0.6374
SPADES EIGHT CLUBS QUEEN,0.348,0.0132,0.6388
SPADES EIGHT CLUBS JACK,0.2156,0.2348,0.5496
CLUBS TEN SPADES EIGHT,0.5562,0.0172,0.4266
CLUBS TEN DIAMONDS FIVE,0.5944,0.0158,0.3898
DIAMONDS FIVE CLUBS JACK,0.2054,0.465,0.3296
DIAMONDS TEN HEARTS JACK,0.2172,0.1116,0.6712
DIAMONDS TEN HEARTS TEN,0.2714,0.0186,0.71
SPADES ACE CLUBS NINE,0.3612,0.0036,0.6352
CLUBS NINE SPADES QUEEN,0.3396,0.0114,0.649
CLUBS NINE SPADES KING,0.3508,0.0076,0.6416
HEARTS SIX HEARTS KING,0.3346,0.0076,0.6578
