opposingHand,winningChance,drawChance,lostChance
SPADES NINE HEARTS KING
HEARTS FIVE SPADES TEN,0.6434,0.0084,0.3482
SPADES JACK HEARTS FIVE,0.6348,0.0084,0.3568
SPADES FIVE CLUBS JACK,0.629,0.007,0.364
CLUBS TEN SPADES FIVE,0.643,0.008,0.349
CLUBS EIGHT CLUBS JACK,0.5942,0.0062,0.3996
CLUBS TEN CLUBS EIGHT,0.5806,0.0076,0.4118
CLUBS EIGHT CLUBS KING,0.5566,0.1606,0.2828
SPADES FIVE CLUBS ACE,0.4002,0.0044,0.5954
CLUBS EIGHT CLUBS QUEEN,0.5896,0.0048,0.4056
SPADES FIVE CLUBS KING,0.6026,0.1688,0.2286
SPADES FIVE CLUBS QUEEN,0.6444,0.007,0.3486
CLUBS EIGHT CLUBS ACE,0.38,0.004,0.616
DIAMONDS TWO DIAMONDS THREE,0.6102,0.0084,0.3814
DIAMONDS TWO DIAMONDS FIVE,0.5926,0.0078,0.3996
SPADES KING HEARTS FIVE,0.5878,0.1698,0.2424
DIAMONDS TWO DIAMONDS FOUR,0.6114,0.007,0.3816
SPADES QUEEN HEARTS FIVE,0.6392,0.0072,0.3536
DIAMONDS TWO DIAMONDS SEVEN,0.6232,0.0066,0.3702
DIAMONDS TWO DIAMONDS SIX,0.6188,0.007,0.3742
SPADES ACE HEARTS FIVE,0.3952,0.0034,0.6014
DIAMONDS TWO DIAMONDS NINE,0.6848,0.0366,0.2786
DIAMONDS TWO DIAMONDS EIGHT,0.6418,0.0088,0.3494
DIAMONDS THREE DIAMONDS FOUR,0.5872,0.0086,0.4042
SPADES FOUR CLUBS TWO,0.64,0.0086,0.3514
DIAMONDS THREE DIAMONDS FIVE,0.5918,0.0078,0.4004
SPADES FIVE CLUBS TWO,0.6398,0.0096,0.3506
CLUBS TWO SPADES TWO,0.462,0.0128,0.5252
CLUBS TWO SPADES THREE,0.6594,0.0084,0.3322
DIAMONDS THREE DIAMONDS EIGHT,0.6202,0.0086,0.3712
SPADES EIGHT CLUBS TWO,0.6704,0.0074,0.3222
DIAMONDS THREE DIAMONDS NINE,0.6844,0.0312,0.2844
DIAMONDS THREE DIAMONDS SIX,0.617,0.0076,0.3754
SPADES SIX CLUBS TWO,0.6574,0.0068,0.3358
DIAMONDS THREE DIAMONDS SEVEN,0.6138,0.0052,0.381
SPADES SEVEN CLUBS TWO,0.6688,0.0078,0.3234
CLUBS SIX CLUBS TWO,0.6236,0.0072,0.3692
CLUBS SEVEN CLUBS TWO,0.634,0.0072,0.3588
CLUBS FOUR CLUBS TWO,0.6142,0.0092,0.3766
CLUBS FIVE CLUBS TWO,0.6042,0.0056,0.3902
CLUBS TEN CLUBS JACK,0.5414,0.007,0.4516
DIAMONDS FOUR DIAMONDS SIX,0.5872,0.0078,0.405
CLUBS TEN CLUBS QUEEN,0.5368,0.0074,0.4558
DIAMONDS FOUR DIAMONDS SEVEN,0.5924,0.0068,0.4008
CLUBS TEN CLUBS KING,0.2184,0.1114,0.6702
CLUBS TEN CLUBS ACE,0.3312,0.0056,0.6632
CLUBS EIGHT CLUBS TWO,0.6326,0.009,0.3584
DIAMONDS FIVE DIAMONDS FOUR,0.5876,0.0068,0.4056
CLUBS NINE CLUBS TWO,0.6948,0.0314,0.2738
DIAMONDS NINE DIAMONDS FOUR,0.6916,0.038,0.2704
DIAMONDS EIGHT DIAMONDS FOUR,0.611,0.0074,0.3816
CLUBS THREE CLUBS TWO,0.6052,0.0084,0.3864
DIAMONDS NINE DIAMONDS FIVE,0.6782,0.0338,0.288
DIAMONDS TWO CLUBS JACK,0.6422,0.0074,0.3504
DIAMONDS EIGHT DIAMONDS FIVE,0.6038,0.0086,0.3876
CLUBS TEN DIAMONDS TWO,0.6434,0.007,0.3496
DIAMONDS FIVE DIAMONDS SEVEN,0.5968,0.0078,0.3954
DIAMONDS FIVE DIAMONDS SIX,0.5844,0.0076,0.408
DIAMONDS TWO CLUBS ACE,0.41,0.0036,0.5864
DIAMONDS TWO CLUBS KING,0.6112,0.168,0.2208
DIAMONDS TWO CLUBS QUEEN,0.6504,0.008,0.3416
DIAMONDS EIGHT DIAMONDS SIX,0.5914,0.0076,0.401
DIAMONDS NINE DIAMONDS SIX,0.6632,0.034,0.3028
HEARTS ACE SPADES THREE,0.4022,0.006,0.5918
DIAMONDS SEVEN DIAMONDS SIX,0.568,0.0074,0.4246
SPADES THREE HEARTS QUEEN,0.6438,0.009,0.3472
SPADES THREE HEARTS JACK,0.64,0.0098,0.3502
SPADES THREE HEARTS TEN,0.6458,0.0074,0.3468
DIAMONDS EIGHT DIAMONDS SEVEN,0.5824,0.0064,0.4112
DIAMONDS NINE DIAMONDS SEVEN,0.6524,0.0302,0.3174
DIAMONDS NINE DIAMONDS EIGHT,0.6512,0.0282,0.3206
DIAMONDS KING HEARTS TEN,0.2192,0.1128,0.668
HEARTS THREE HEARTS TEN,0.6098,0.0088,0.3814
SPADES JACK CLUBS SIX,0.6362,0.0054,0.3584
DIAMONDS KING HEARTS JACK,0.2396,0.0962,0.6642
HEARTS THREE HEARTS JACK,0.6002,0.0074,0.3924
SPADES TEN CLUBS SIX,0.6252,0.005,0.3698
SPADES JACK SPADES FIVE,0.6078,0.0066,0.3856
SPADES TEN SPADES FIVE,0.6182,0.008,0.3738
DIAMONDS KING HEARTS ACE,0.2306,0.0122,0.7572
HEARTS THREE HEARTS ACE,0.3902,0.0058,0.604
SPADES ACE CLUBS SIX,0.404,0.005,0.591
DIAMONDS KING HEARTS QUEEN,0.2422,0.067,0.6908
HEARTS THREE HEARTS QUEEN,0.6036,0.0064,0.39
SPADES KING CLUBS SIX,0.61,0.1608,0.2292
SPADES QUEEN CLUBS SIX,0.635,0.009,0.356
SPADES QUEEN SPADES FIVE,0.6058,0.0114,0.3828
SPADES KING SPADES FIVE,0.5776,0.1512,0.2712
SPADES ACE SPADES FIVE,0.3862,0.004,0.6098
CLUBS TEN SPADES JACK,0.5566,0.0056,0.4378
CLUBS TEN SPADES TEN,0.2976,0.0088,0.6936
SPADES ACE CLUBS TEN,0.3388,0.0044,0.6568
SPADES KING CLUBS TEN,0.229,0.1182,0.6528
CLUBS TEN SPADES QUEEN,0.5742,0.0066,0.4192
SPADES FIVE HEARTS QUEEN,0.626,0.0082,0.3658
SPADES FIVE HEARTS ACE,0.4004,0.005,0.5946
CLUBS EIGHT SPADES TEN,0.6158,0.0084,0.3758
HEARTS THREE SPADES JACK,0.6414,0.0078,0.3508
SPADES JACK DIAMONDS KING,0.2306,0.0748,0.6946
SPADES TEN DIAMONDS KING,0.2372,0.1078,0.655
HEARTS THREE SPADES TEN,0.6362,0.009,0.3548
SPADES JACK CLUBS EIGHT,0.6298,0.0066,0.3636
CLUBS SIX HEARTS ACE,0.4058,0.0046,0.5896
SPADES ACE CLUBS EIGHT,0.4034,0.0038,0.5928
HEARTS FIVE CLUBS JACK,0.6476,0.0088,0.3436
CLUBS TEN HEARTS FIVE,0.632,0.0096,0.3584
CLUBS SIX HEARTS QUEEN,0.6574,0.0072,0.3354
SPADES QUEEN CLUBS EIGHT,0.6376,0.009,0.3534
CLUBS TEN SPADES THREE,0.6456,0.0068,0.3476
SPADES KING CLUBS EIGHT,0.6012,0.1688,0.23
SPADES THREE CLUBS JACK,0.6396,0.0086,0.3518
DIAMONDS TWO HEARTS JACK,0.647,0.0084,0.3446
SPADES THREE CLUBS QUEEN,0.6544,0.0052,0.3404
DIAMONDS TWO HEARTS TEN,0.6518,0.0084,0.3398
SPADES THREE CLUBS KING,0.6132,0.1688,0.218
HEARTS FIVE CLUBS ACE,0.3998,0.0042,0.596
SPADES FIVE HEARTS TEN,0.6578,0.0076,0.3346
SPADES THREE CLUBS ACE,0.4144,0.0048,0.5808
HEARTS FIVE CLUBS KING,0.6064,0.1628,0.2308
SPADES FIVE HEARTS JACK,0.6462,0.0086,0.3452
HEARTS FIVE CLUBS QUEEN,0.6386,0.0072,0.3542
HEARTS THREE CLUBS KING,0.6126,0.1644,0.223
DIAMONDS KING CLUBS KING,0.0912,0.0138,0.895
HEARTS THREE CLUBS QUEEN,0.6518,0.005,0.3432
DIAMONDS KING CLUBS QUEEN,0.24,0.0622,0.6978
HEARTS FIVE HEARTS JACK,0.6022,0.009,0.3888
HEARTS FIVE HEARTS TEN,0.6114,0.0074,0.3812
HEARTS THREE CLUBS ACE,0.4166,0.0048,0.5786
DIAMONDS KING CLUBS ACE,0.2346,0.0092,0.7562
SPADES ACE CLUBS QUEEN,0.3518,0.0048,0.6434
SPADES KING CLUBS QUEEN,0.2436,0.057,0.6994
HEARTS THREE CLUBS JACK,0.6458,0.007,0.3472
DIAMONDS KING CLUBS JACK,0.2362,0.0848,0.679
SPADES QUEEN CLUBS QUEEN,0.288,0.0046,0.7074
CLUBS TEN HEARTS THREE,0.6366,0.008,0.3554
CLUBS TEN DIAMONDS KING,0.2308,0.1088,0.6604
SPADES JACK CLUBS QUEEN,0.5674,0.0056,0.427
CLUBS SIX CLUBS QUEEN,0.6034,0.0046,0.392
SPADES TEN CLUBS QUEEN,0.5696,0.0076,0.4228
CLUBS SIX CLUBS KING,0.552,0.1536,0.2944
CLUBS SIX CLUBS ACE,0.3746,0.0042,0.6212
HEARTS FIVE HEARTS QUEEN,0.5992,0.0084,0.3924
CLUBS TEN CLUBS SIX,0.5842,0.0062,0.4096
HEARTS FIVE HEARTS ACE,0.3866,0.0062,0.6072
CLUBS SIX CLUBS JACK,0.6034,0.0074,0.3892
SPADES SEVEN HEARTS JACK,0.6434,0.0064,0.3502
SPADES SEVEN HEARTS TEN,0.6282,0.0074,0.3644
DIAMONDS TWO CLUBS TWO,0.4598,0.015,0.5252
DIAMONDS TWO CLUBS THREE,0.6478,0.01,0.3422
HEARTS SIX DIAMONDS TWO,0.6608,0.0068,0.3324
DIAMONDS TWO HEARTS QUEEN,0.6378,0.0078,0.3544
DIAMONDS TWO HEARTS SEVEN,0.6706,0.0092,0.3202
DIAMONDS TWO HEARTS EIGHT,0.6894,0.0098,0.3008
DIAMONDS TWO HEARTS ACE,0.4042,0.0048,0.591
DIAMONDS TWO HEARTS NINE,0.7502,0.037,0.2128
DIAMONDS TWO DIAMONDS QUEEN,0.591,0.0046,0.4044
DIAMONDS TWO HEARTS TWO,0.4634,0.0166,0.52
DIAMONDS TWO DIAMONDS KING,0.5738,0.155,0.2712
HEARTS THREE DIAMONDS TWO,0.6566,0.0074,0.336
DIAMONDS TWO DIAMONDS ACE,0.384,0.0058,0.6102
HEARTS FOUR DIAMONDS TWO,0.6594,0.0096,0.331
DIAMONDS TWO HEARTS FIVE,0.6382,0.0072,0.3546
SPADES SEVEN HEARTS ACE,0.4046,0.0048,0.5906
DIAMONDS TWO DIAMONDS TEN,0.6004,0.008,0.3916
DIAMONDS TWO DIAMONDS JACK,0.6064,0.008,0.3856
SPADES SEVEN HEARTS QUEEN,0.6388,0.0084,0.3528
DIAMONDS TWO SPADES EIGHT,0.6722,0.0086,0.3192
DIAMONDS TWO SPADES SEVEN,0.6588,0.0084,0.3328
DIAMONDS TWO SPADES SIX,0.6604,0.008,0.3316
DIAMONDS TWO SPADES FIVE,0.6564,0.0088,0.3348
DIAMONDS TWO SPADES FOUR,0.66,0.007,0.333
DIAMONDS TWO SPADES THREE,0.6524,0.008,0.3396
DIAMONDS TWO SPADES TWO,0.4642,0.0148,0.521
CLUBS NINE DIAMONDS TWO,0.7318,0.038,0.2302
DIAMONDS TWO CLUBS EIGHT,0.6662,0.0088,0.325
CLUBS SEVEN DIAMONDS TWO,0.6686,0.0068,0.3246
DIAMONDS TWO CLUBS SIX,0.6546,0.0096,0.3358
DIAMONDS TWO CLUBS FIVE,0.6322,0.0088,0.359
DIAMONDS TWO CLUBS FOUR,0.6474,0.0078,0.3448
CLUBS FOUR SPADES FIVE,0.6224,0.01,0.3676
CLUBS FOUR SPADES FOUR,0.4774,0.0088,0.5138
CLUBS FOUR SPADES THREE,0.6322,0.0076,0.3602
CLUBS FOUR SPADES TWO,0.644,0.0078,0.3482
SPADES EIGHT CLUBS FOUR,0.6716,0.009,0.3194
SPADES SEVEN CLUBS FOUR,0.647,0.0082,0.3448
SPADES SIX CLUBS FOUR,0.631,0.0074,0.3616
SPADES ACE DIAMONDS SIX,0.4022,0.0048,0.593
SPADES QUEEN DIAMONDS SIX,0.6388,0.0072,0.354
SPADES KING DIAMONDS SIX,0.6046,0.1614,0.234
SPADES TEN DIAMONDS SIX,0.6362,0.0066,0.3572
SPADES JACK DIAMONDS SIX,0.6484,0.0072,0.3444
SPADES QUEEN SPADES TWO,0.5902,0.0088,0.401
SPADES KING SPADES TWO,0.5918,0.1584,0.2498
SPADES ACE SPADES TWO,0.3962,0.006,0.5978
DIAMONDS JACK CLUBS JACK,0.3006,0.0058,0.6936
CLUBS TEN DIAMONDS JACK,0.5814,0.0056,0.413
DIAMONDS JACK CLUBS KING,0.2432,0.08,0.6768
DIAMONDS JACK CLUBS QUEEN,0.5742,0.0058,0.42
DIAMONDS THREE DIAMONDS JACK,0.5954,0.0062,0.3984
DIAMONDS THREE DIAMONDS TEN,0.5882,0.0062,0.4056
DIAMONDS JACK CLUBS ACE,0.3572,0.004,0.6388
DIAMONDS THREE DIAMONDS KING,0.5654,0.153,0.2816
HEARTS THREE DIAMONDS THREE,0.4728,0.0112,0.516
DIAMONDS THREE DIAMONDS QUEEN,0.5992,0.0064,0.3944
DIAMONDS THREE HEARTS TWO,0.6492,0.0096,0.3412
HEARTS FIVE DIAMONDS THREE,0.6314,0.007,0.3616
DIAMONDS THREE DIAMONDS ACE,0.3874,0.0042,0.6084
HEARTS FOUR DIAMONDS THREE,0.6344,0.0068,0.3588
DIAMONDS THREE HEARTS SEVEN,0.6726,0.0052,0.3222
HEARTS SIX DIAMONDS THREE,0.6492,0.008,0.3428
DIAMONDS THREE HEARTS NINE,0.7348,0.0368,0.2284
HEARTS JACK DIAMONDS FOUR,0.6476,0.0082,0.3442
SPADES TEN SPADES TWO,0.619,0.0076,0.3734
DIAMONDS THREE HEARTS EIGHT,0.674,0.0078,0.3182
HEARTS TEN DIAMONDS FOUR,0.6542,0.0076,0.3382
SPADES JACK SPADES TWO,0.6082,0.0074,0.3844
HEARTS QUEEN DIAMONDS FOUR,0.6354,0.0062,0.3584
HEARTS ACE DIAMONDS FOUR,0.4124,0.0056,0.582
DIAMONDS THREE SPADES EIGHT,0.6662,0.0066,0.3272
DIAMONDS THREE SPADES SEVEN,0.6642,0.0084,0.3274
DIAMONDS THREE SPADES SIX,0.6392,0.0076,0.3532
DIAMONDS THREE CLUBS SIX,0.6462,0.0056,0.3482
CLUBS FIVE CLUBS SIX,0.582,0.0086,0.4094
CLUBS ACE DIAMONDS FOUR,0.4152,0.0036,0.5812
CLUBS SEVEN DIAMONDS THREE,0.6578,0.0082,0.334
CLUBS SEVEN CLUBS FIVE,0.5914,0.0072,0.4014
DIAMONDS THREE CLUBS FOUR,0.62,0.0072,0.3728
DIAMONDS FOUR CLUBS QUEEN,0.6472,0.006,0.3468
DIAMONDS THREE CLUBS FIVE,0.6304,0.0096,0.36
CLUBS KING DIAMONDS FOUR,0.596,0.1634,0.2406
DIAMONDS THREE CLUBS TWO,0.6428,0.007,0.3502
CLUBS TEN DIAMONDS FOUR,0.6466,0.0072,0.3462
DIAMONDS THREE CLUBS THREE,0.4732,0.0114,0.5154
DIAMONDS FOUR CLUBS JACK,0.6356,0.0066,0.3578
DIAMONDS THREE SPADES FOUR,0.6354,0.0108,0.3538
DIAMONDS THREE SPADES FIVE,0.6198,0.0082,0.372
DIAMONDS THREE SPADES TWO,0.6588,0.008,0.3332
DIAMONDS THREE SPADES THREE,0.4724,0.0112,0.5164
CLUBS EIGHT DIAMONDS THREE,0.6798,0.007,0.3132
CLUBS NINE DIAMONDS THREE,0.7276,0.0324,0.24
SPADES SEVEN CLUBS ACE,0.4062,0.0044,0.5894
SPADES SEVEN CLUBS QUEEN,0.6458,0.007,0.3472
SPADES SEVEN CLUBS KING,0.5944,0.1716,0.234
CLUBS FIVE SPADES SEVEN,0.631,0.01,0.359
CLUBS TEN SPADES SEVEN,0.62,0.0054,0.3746
CLUBS FIVE SPADES SIX,0.6328,0.0098,0.3574
SPADES SEVEN CLUBS JACK,0.6414,0.0038,0.3548
CLUBS FIVE SPADES EIGHT,0.6468,0.0082,0.345
CLUBS FIVE SPADES THREE,0.636,0.0092,0.3548
CLUBS FIVE SPADES TWO,0.6416,0.007,0.3514
CLUBS FIVE SPADES FIVE,0.46,0.0098,0.5302
CLUBS FIVE SPADES FOUR,0.6248,0.0078,0.3674
CLUBS NINE CLUBS FIVE,0.67,0.0318,0.2982
CLUBS EIGHT CLUBS FIVE,0.6062,0.0068,0.387
CLUBS ACE CLUBS QUEEN,0.335,0.0026,0.6624
CLUBS KING CLUBS QUEEN,0.2352,0.0566,0.7082
DIAMONDS TEN DIAMONDS FOUR,0.6126,0.0056,0.3818
CLUBS TEN DIAMONDS NINE,0.6798,0.0276,0.2926
DIAMONDS JACK DIAMONDS FOUR,0.5988,0.0072,0.394
DIAMONDS NINE CLUBS JACK,0.6944,0.0306,0.275
DIAMONDS ACE DIAMONDS FOUR,0.3958,0.0062,0.598
HEARTS FOUR DIAMONDS FOUR,0.4536,0.0146,0.5318
DIAMONDS JACK HEARTS TEN,0.5528,0.0082,0.439
DIAMONDS TWO SPADES TEN,0.6426,0.0056,0.3518
DIAMONDS NINE CLUBS ACE,0.246,0.0204,0.7336
HEARTS FIVE DIAMONDS FOUR,0.62,0.0084,0.3716
HEARTS JACK DIAMONDS JACK,0.2958,0.0058,0.6984
DIAMONDS TWO SPADES JACK,0.654,0.008,0.338
DIAMONDS QUEEN DIAMONDS FOUR,0.6056,0.0066,0.3878
HEARTS TWO DIAMONDS FOUR,0.6522,0.0086,0.3392
DIAMONDS NINE CLUBS QUEEN,0.718,0.0258,0.2562
DIAMONDS KING DIAMONDS FOUR,0.567,0.1546,0.2784
HEARTS THREE DIAMONDS FOUR,0.6198,0.0094,0.3708
DIAMONDS NINE CLUBS KING,0.0224,0.9546,0.023
HEARTS ACE DIAMONDS JACK,0.3546,0.0022,0.6432
SPADES ACE DIAMONDS TWO,0.4042,0.0042,0.5916
DIAMONDS JACK HEARTS QUEEN,0.5938,0.0064,0.3998
SPADES QUEEN DIAMONDS TWO,0.6398,0.008,0.3522
SPADES KING DIAMONDS TWO,0.6004,0.1642,0.2354
SPADES JACK SPADES SEVEN,0.6054,0.0074,0.3872
SPADES TEN SPADES SEVEN,0.5866,0.007,0.4064
CLUBS SEVEN CLUBS THREE,0.617,0.0054,0.3776
CLUBS SIX CLUBS THREE,0.6054,0.007,0.3876
CLUBS FIVE CLUBS THREE,0.5952,0.0072,0.3976
CLUBS THREE CLUBS FOUR,0.5772,0.0064,0.4164
CLUBS NINE CLUBS THREE,0.6784,0.034,0.2876
CLUBS EIGHT CLUBS THREE,0.6336,0.0066,0.3598
CLUBS THREE SPADES FIVE,0.6288,0.0082,0.363
CLUBS THREE SPADES FOUR,0.6342,0.0106,0.3552
CLUBS THREE SPADES THREE,0.4564,0.0146,0.529
CLUBS THREE SPADES TWO,0.6506,0.0066,0.3428
CLUBS THREE SPADES SIX,0.6644,0.009,0.3266
SPADES SEVEN CLUBS THREE,0.6554,0.0084,0.3362
SPADES EIGHT CLUBS THREE,0.673,0.0074,0.3196
SPADES TWO DIAMONDS FOUR,0.64,0.008,0.352
SPADES THREE DIAMONDS FOUR,0.6312,0.009,0.3598
SPADES FOUR DIAMONDS FOUR,0.4552,0.0144,0.5304
SPADES FIVE DIAMONDS FOUR,0.628,0.0076,0.3644
SPADES SIX DIAMONDS FOUR,0.6362,0.0054,0.3584
SPADES SEVEN DIAMONDS FOUR,0.65,0.007,0.343
SPADES EIGHT DIAMONDS FOUR,0.6594,0.0094,0.3312
CLUBS FIVE DIAMONDS FOUR,0.6194,0.0046,0.376
CLUBS FOUR DIAMONDS FOUR,0.4578,0.009,0.5332
CLUBS SEVEN DIAMONDS FOUR,0.6362,0.0066,0.3572
CLUBS SIX DIAMONDS FOUR,0.6284,0.0042,0.3674
CLUBS NINE DIAMONDS FOUR,0.732,0.0302,0.2378
CLUBS EIGHT DIAMONDS FOUR,0.6554,0.0062,0.3384
DIAMONDS FOUR HEARTS SEVEN,0.6462,0.0088,0.345
HEARTS SIX DIAMONDS FOUR,0.6336,0.0072,0.3592
HEARTS NINE DIAMONDS FOUR,0.7274,0.0394,0.2332
DIAMONDS FOUR HEARTS EIGHT,0.6546,0.007,0.3384
CLUBS THREE DIAMONDS FOUR,0.634,0.0064,0.3596
CLUBS TWO DIAMONDS FOUR,0.647,0.0074,0.3456
DIAMONDS TEN DIAMONDS FIVE,0.5936,0.0058,0.4006
DIAMONDS JACK DIAMONDS FIVE,0.598,0.0066,0.3954
DIAMONDS NINE HEARTS QUEEN,0.7282,0.0286,0.2432
HEARTS ACE DIAMONDS NINE,0.2508,0.0254,0.7238
DIAMONDS NINE HEARTS TEN,0.6962,0.026,0.2778
DIAMONDS NINE HEARTS JACK,0.7144,0.0252,0.2604
CLUBS KING DIAMONDS SIX,0.6012,0.1672,0.2316
CLUBS QUEEN DIAMONDS SIX,0.6426,0.006,0.3514
CLUBS ACE DIAMONDS SIX,0.4222,0.0038,0.574
SPADES KING DIAMONDS FOUR,0.5912,0.1674,0.2414
SPADES ACE SPADES SEVEN,0.3878,0.0056,0.6066
SPADES QUEEN DIAMONDS FOUR,0.6316,0.0056,0.3628
SPADES QUEEN SPADES SEVEN,0.6062,0.0076,0.3862
CLUBS JACK DIAMONDS SIX,0.6496,0.0042,0.3462
SPADES KING SPADES SEVEN,0.578,0.1572,0.2648
SPADES ACE DIAMONDS FOUR,0.411,0.0042,0.5848
CLUBS TEN DIAMONDS SIX,0.6252,0.005,0.3698
CLUBS NINE CLUBS FOUR,0.6902,0.034,0.2758
CLUBS EIGHT CLUBS FOUR,0.624,0.0064,0.3696
SPADES JACK DIAMONDS FOUR,0.6298,0.0072,0.363
SPADES TEN DIAMONDS FOUR,0.6366,0.006,0.3574
CLUBS FIVE CLUBS FOUR,0.5736,0.0072,0.4192
CLUBS SEVEN CLUBS FOUR,0.6132,0.0054,0.3814
CLUBS SIX CLUBS FOUR,0.5848,0.0078,0.4074
CLUBS SEVEN SPADES EIGHT,0.624,0.0072,0.3688
CLUBS SEVEN SPADES SIX,0.6232,0.0072,0.3696
CLUBS SEVEN SPADES SEVEN,0.4558,0.009,0.5352
CLUBS SEVEN SPADES FIVE,0.6348,0.005,0.3602
CLUBS SEVEN SPADES FOUR,0.638,0.0062,0.3558
CLUBS SEVEN SPADES THREE,0.6654,0.0082,0.3264
CLUBS SEVEN SPADES TWO,0.6714,0.0084,0.3202
CLUBS NINE CLUBS SEVEN,0.647,0.034,0.319
CLUBS SEVEN CLUBS EIGHT,0.5802,0.0066,0.4132
HEARTS SIX DIAMONDS FIVE,0.6288,0.0076,0.3636
DIAMONDS FIVE HEARTS SEVEN,0.6314,0.0072,0.3614
DIAMONDS FIVE HEARTS EIGHT,0.6384,0.0064,0.3552
HEARTS NINE DIAMONDS FIVE,0.7208,0.0426,0.2366
DIAMONDS QUEEN DIAMONDS FIVE,0.584,0.0082,0.4078
HEARTS TWO DIAMONDS FIVE,0.6416,0.0074,0.351
DIAMONDS KING DIAMONDS FIVE,0.5508,0.1602,0.289
HEARTS THREE DIAMONDS FIVE,0.632,0.0076,0.3604
HEARTS QUEEN HEARTS EIGHT,0.6084,0.0076,0.384
DIAMONDS ACE DIAMONDS FIVE,0.377,0.0048,0.6182
HEARTS FOUR DIAMONDS FIVE,0.6218,0.0086,0.3696
HEARTS FIVE DIAMONDS FIVE,0.4558,0.0084,0.5358
HEARTS ACE HEARTS EIGHT,0.3776,0.006,0.6164
CLUBS FOUR DIAMONDS FIVE,0.6152,0.0052,0.3796
CLUBS FIVE DIAMONDS FIVE,0.4624,0.0076,0.53
CLUBS SIX DIAMONDS FIVE,0.61,0.0082,0.3818
CLUBS SEVEN DIAMONDS FIVE,0.626,0.0072,0.3668
CLUBS TWO DIAMONDS FIVE,0.6284,0.0074,0.3642
CLUBS THREE DIAMONDS FIVE,0.631,0.0066,0.3624
SPADES THREE DIAMONDS FIVE,0.6432,0.0092,0.3476
SPADES TWO DIAMONDS FIVE,0.6442,0.0064,0.3494
SPADES JACK DIAMONDS EIGHT,0.6338,0.0052,0.361
SPADES FIVE DIAMONDS FIVE,0.4448,0.009,0.5462
CLUBS TEN HEARTS JACK,0.5766,0.0072,0.4162
SPADES TEN DIAMONDS EIGHT,0.6098,0.006,0.3842
SPADES FOUR DIAMONDS FIVE,0.6328,0.007,0.3602
HEARTS JACK CLUBS JACK,0.3112,0.006,0.6828
HEARTS JACK CLUBS QUEEN,0.5696,0.0086,0.4218
CLUBS NINE DIAMONDS FIVE,0.715,0.034,0.251
HEARTS JACK CLUBS KING,0.2392,0.0822,0.6786
CLUBS EIGHT DIAMONDS FIVE,0.6418,0.0074,0.3508
HEARTS JACK CLUBS ACE,0.3504,0.006,0.6436
SPADES SEVEN DIAMONDS FIVE,0.6402,0.007,0.3528
SPADES KING DIAMONDS EIGHT,0.5982,0.1678,0.234
SPADES SIX DIAMONDS FIVE,0.6248,0.0086,0.3666
SPADES QUEEN DIAMONDS EIGHT,0.6478,0.0068,0.3454
SPADES EIGHT DIAMONDS FIVE,0.6514,0.009,0.3396
SPADES ACE DIAMONDS EIGHT,0.3932,0.0024,0.6044
DIAMONDS TEN DIAMONDS SIX,0.5864,0.0082,0.4054
HEARTS ACE DIAMONDS SEVEN,0.4126,0.0032,0.5842
DIAMONDS JACK DIAMONDS SIX,0.6084,0.008,0.3836
HEARTS QUEEN DIAMONDS SEVEN,0.647,0.0064,0.3466
DIAMONDS ACE DIAMONDS SIX,0.3876,0.0056,0.6068
HEARTS FOUR DIAMONDS SIX,0.6318,0.0096,0.3586
HEARTS JACK SPADES TWO,0.6556,0.0072,0.3372
HEARTS FIVE DIAMONDS SIX,0.629,0.006,0.365
SPADES TWO HEARTS TEN,0.6486,0.0056,0.3458
DIAMONDS QUEEN DIAMONDS SIX,0.6018,0.006,0.3922
HEARTS TWO DIAMONDS SIX,0.6616,0.0084,0.33
DIAMONDS KING DIAMONDS SIX,0.5674,0.1588,0.2738
HEARTS THREE DIAMONDS SIX,0.6362,0.0072,0.3566
HEARTS EIGHT DIAMONDS SIX,0.6284,0.0064,0.3652
HEARTS NINE DIAMONDS SIX,0.7148,0.0326,0.2526
HEARTS SIX DIAMONDS SIX,0.4462,0.008,0.5458
HEARTS SEVEN DIAMONDS SIX,0.622,0.0066,0.3714
HEARTS TEN DIAMONDS SEVEN,0.6266,0.0064,0.367
CLUBS TWO DIAMONDS SIX,0.665,0.009,0.326
HEARTS JACK DIAMONDS SEVEN,0.6394,0.008,0.3526
CLUBS THREE DIAMONDS SIX,0.6392,0.0074,0.3534
CLUBS SEVEN DIAMONDS SIX,0.6184,0.0068,0.3748
DIAMONDS EIGHT CLUBS JACK,0.6206,0.0044,0.375
CLUBS SIX DIAMONDS SIX,0.4574,0.013,0.5296
CLUBS TEN DIAMONDS EIGHT,0.6054,0.0066,0.388
CLUBS FIVE DIAMONDS SIX,0.6136,0.0076,0.3788
CLUBS FOUR DIAMONDS SIX,0.6246,0.0072,0.3682
HEARTS ACE HEARTS JACK,0.3276,0.0056,0.6668
DIAMONDS EIGHT CLUBS ACE,0.4018,0.0044,0.5938
HEARTS JACK HEARTS QUEEN,0.556,0.0068,0.4372
DIAMONDS EIGHT CLUBS KING,0.6122,0.1632,0.2246
CLUBS NINE DIAMONDS SIX,0.7106,0.0344,0.255
DIAMONDS EIGHT CLUBS QUEEN,0.6484,0.0044,0.3472
CLUBS EIGHT DIAMONDS SIX,0.6316,0.0056,0.3628
SPADES FIVE DIAMONDS SIX,0.6164,0.0066,0.377
HEARTS ACE SPADES TWO,0.4078,0.0052,0.587
SPADES FOUR DIAMONDS SIX,0.639,0.009,0.352
SPADES THREE DIAMONDS SIX,0.6598,0.0086,0.3316
SPADES TWO HEARTS QUEEN,0.646,0.0098,0.3442
SPADES ACE SPADES KING,0.2138,0.0136,0.7726
SPADES TWO DIAMONDS SIX,0.661,0.0088,0.3302
HEARTS TEN HEARTS EIGHT,0.584,0.0066,0.4094
HEARTS JACK HEARTS EIGHT,0.5906,0.0064,0.403
SPADES EIGHT DIAMONDS SIX,0.6312,0.008,0.3608
SPADES SEVEN DIAMONDS SIX,0.6158,0.0072,0.377
SPADES SIX DIAMONDS SIX,0.4518,0.0078,0.5404
CLUBS ACE CLUBS KING,0.2124,0.0106,0.777
SPADES ACE HEARTS JACK,0.3554,0.0042,0.6404
SPADES QUEEN HEARTS JACK,0.5708,0.009,0.4202
SPADES KING HEARTS JACK,0.2308,0.0882,0.681
SPADES TEN DIAMONDS TEN,0.2852,0.0076,0.7072
SPADES JACK DIAMONDS TEN,0.5634,0.0088,0.4278
SPADES ACE DIAMONDS TEN,0.3574,0.0032,0.6394
SPADES JACK HEARTS JACK,0.299,0.0062,0.6948
SPADES TEN HEARTS JACK,0.5812,0.0064,0.4124
SPADES QUEEN DIAMONDS TEN,0.5676,0.0052,0.4272
SPADES KING DIAMONDS TEN,0.2234,0.1272,0.6494
SPADES EIGHT DIAMONDS SEVEN,0.62,0.0082,0.3718
SPADES SEVEN DIAMONDS SEVEN,0.4406,0.0092,0.5502
SPADES SIX DIAMONDS SEVEN,0.612,0.007,0.381
DIAMONDS KING DIAMONDS SEVEN,0.5694,0.1446,0.286
HEARTS THREE DIAMONDS SEVEN,0.679,0.0072,0.3138
DIAMONDS QUEEN DIAMONDS SEVEN,0.5988,0.0072,0.394
HEARTS TWO DIAMONDS SEVEN,0.6744,0.0068,0.3188
HEARTS QUEEN DIAMONDS FIVE,0.6352,0.0046,0.3602
HEARTS FIVE DIAMONDS SEVEN,0.6358,0.006,0.3582
DIAMONDS ACE DIAMONDS SEVEN,0.3926,0.003,0.6044
HEARTS FOUR DIAMONDS SEVEN,0.641,0.0076,0.3514
HEARTS ACE DIAMONDS FIVE,0.3874,0.0038,0.6088
HEARTS SEVEN DIAMONDS SEVEN,0.4524,0.0098,0.5378
HEARTS SIX DIAMONDS SEVEN,0.6186,0.0062,0.3752
HEARTS NINE DIAMONDS SEVEN,0.6924,0.0312,0.2764
DIAMONDS SEVEN HEARTS EIGHT,0.6228,0.0072,0.37
DIAMONDS JACK DIAMONDS SEVEN,0.5786,0.0052,0.4162
HEARTS JACK DIAMONDS FIVE,0.6354,0.0062,0.3584
DIAMONDS TEN DIAMONDS SEVEN,0.5898,0.006,0.4042
DIAMONDS FIVE HEARTS TEN,0.6458,0.0092,0.345
SPADES KING CLUBS TWO,0.6014,0.1734,0.2252
CLUBS EIGHT DIAMONDS SEVEN,0.6244,0.0058,0.3698
SPADES QUEEN CLUBS TWO,0.6394,0.008,0.3526
CLUBS NINE DIAMONDS SEVEN,0.695,0.0282,0.2768
SPADES TWO CLUBS JACK,0.6356,0.007,0.3574
SPADES ACE CLUBS TWO,0.3992,0.0062,0.5946
CLUBS TEN SPADES TWO,0.656,0.0076,0.3364
CLUBS SEVEN CLUBS SIX,0.5784,0.007,0.4146
SPADES TWO CLUBS KING,0.607,0.1694,0.2236
SPADES TWO DIAMONDS SEVEN,0.67,0.0072,0.3228
CLUBS EIGHT CLUBS SIX,0.5872,0.0074,0.4054
SPADES THREE DIAMONDS SEVEN,0.6666,0.0084,0.325
SPADES TWO CLUBS QUEEN,0.6534,0.009,0.3376
CLUBS NINE CLUBS SIX,0.6708,0.031,0.2982
SPADES FOUR DIAMONDS SEVEN,0.6432,0.007,0.3498
SPADES FIVE DIAMONDS SEVEN,0.6406,0.0066,0.3528
SPADES TWO CLUBS ACE,0.393,0.0042,0.6028
CLUBS SIX SPADES TWO,0.653,0.0072,0.3398
CLUBS SIX SPADES THREE,0.6542,0.0078,0.338
CLUBS TWO DIAMONDS SEVEN,0.6564,0.008,0.3356
CLUBS SIX SPADES FOUR,0.6474,0.006,0.3466
CLUBS THREE DIAMONDS SEVEN,0.6526,0.0064,0.341
CLUBS SIX SPADES FIVE,0.615,0.009,0.376
CLUBS FOUR DIAMONDS SEVEN,0.64,0.0068,0.3532
CLUBS SIX SPADES SIX,0.4554,0.0132,0.5314
CLUBS FIVE DIAMONDS SEVEN,0.6338,0.0074,0.3588
CLUBS SIX SPADES SEVEN,0.6164,0.0072,0.3764
CLUBS SIX DIAMONDS SEVEN,0.6088,0.0066,0.3846
SPADES EIGHT CLUBS SIX,0.6308,0.0078,0.3614
SPADES JACK CLUBS TWO,0.6454,0.0078,0.3468
CLUBS SEVEN DIAMONDS SEVEN,0.453,0.0088,0.5382
SPADES TEN CLUBS TWO,0.6428,0.0102,0.347
CLUBS TWO CLUBS QUEEN,0.5956,0.0074,0.397
CLUBS TWO CLUBS KING,0.578,0.1472,0.2748
CLUBS THREE DIAMONDS EIGHT,0.6636,0.0076,0.3288
CLUBS TWO CLUBS ACE,0.384,0.0058,0.6102
CLUBS TWO DIAMONDS EIGHT,0.672,0.0066,0.3214
DIAMONDS EIGHT HEARTS SEVEN,0.6242,0.0084,0.3674
HEARTS SIX DIAMONDS EIGHT,0.6418,0.0076,0.3506
DIAMONDS EIGHT HEARTS NINE,0.6968,0.035,0.2682
CLUBS TEN CLUBS TWO,0.6068,0.006,0.3872
DIAMONDS EIGHT HEARTS EIGHT,0.4472,0.0082,0.5446
CLUBS TWO CLUBS JACK,0.5814,0.0074,0.4112
CLUBS NINE DIAMONDS EIGHT,0.704,0.0344,0.2616
CLUBS EIGHT DIAMONDS EIGHT,0.4356,0.0062,0.5582
CLUBS FIVE DIAMONDS EIGHT,0.648,0.007,0.345
SPADES ACE SPADES THREE,0.381,0.004,0.615
CLUBS FOUR DIAMONDS EIGHT,0.6464,0.0048,0.3488
CLUBS SEVEN DIAMONDS EIGHT,0.6134,0.0078,0.3788
SPADES QUEEN SPADES THREE,0.6144,0.0056,0.38
CLUBS SIX DIAMONDS EIGHT,0.6312,0.009,0.3598
SPADES KING SPADES THREE,0.5766,0.1628,0.2606
DIAMONDS QUEEN DIAMONDS EIGHT,0.595,0.0056,0.3994
HEARTS TWO DIAMONDS EIGHT,0.679,0.01,0.311
DIAMONDS KING DIAMONDS EIGHT,0.5692,0.155,0.2758
HEARTS THREE DIAMONDS EIGHT,0.6734,0.0076,0.319
DIAMONDS ACE DIAMONDS EIGHT,0.3886,0.0036,0.6078
HEARTS FOUR DIAMONDS EIGHT,0.6516,0.0086,0.3398
HEARTS FIVE DIAMONDS EIGHT,0.6378,0.0072,0.355
DIAMONDS EIGHT DIAMONDS TEN,0.5734,0.0078,0.4188
DIAMONDS EIGHT DIAMONDS JACK,0.5866,0.0086,0.4048
SPADES JACK SPADES THREE,0.6054,0.006,0.3886
SPADES TEN SPADES THREE,0.5962,0.0072,0.3966
CLUBS FOUR HEARTS ACE,0.4068,0.0052,0.588
CLUBS FOUR HEARTS QUEEN,0.6328,0.0064,0.3608
CLUBS SIX HEARTS TEN,0.6342,0.0052,0.3606
CLUBS SIX HEARTS JACK,0.6454,0.008,0.3466
SPADES FOUR DIAMONDS EIGHT,0.6592,0.008,0.3328
SPADES FIVE DIAMONDS EIGHT,0.6438,0.0076,0.3486
DIAMONDS EIGHT SPADES TWO,0.6698,0.0082,0.322
DIAMONDS EIGHT SPADES THREE,0.6764,0.0074,0.3162
CLUBS FOUR HEARTS JACK,0.6474,0.0076,0.345
SPADES EIGHT DIAMONDS EIGHT,0.453,0.01,0.537
SPADES TEN DIAMONDS QUEEN,0.5754,0.008,0.4166
SPADES TEN HEARTS TWO,0.6376,0.006,0.3564
SPADES JACK HEARTS EIGHT,0.6396,0.0082,0.3522
CLUBS FOUR HEARTS TEN,0.652,0.007,0.341
SPADES TEN HEARTS EIGHT,0.6134,0.0072,0.3794
SPADES JACK HEARTS TWO,0.6398,0.0074,0.3528
SPADES JACK DIAMONDS QUEEN,0.569,0.0072,0.4238
SPADES SIX DIAMONDS EIGHT,0.6264,0.0062,0.3674
SPADES SEVEN DIAMONDS EIGHT,0.6182,0.0064,0.3754
SPADES ACE HEARTS TWO,0.4044,0.0064,0.5892
SPADES ACE DIAMONDS QUEEN,0.3598,0.0044,0.6358
SPADES ACE HEARTS EIGHT,0.3986,0.0064,0.595
SPADES KING HEARTS EIGHT,0.6092,0.166,0.2248
SPADES QUEEN HEARTS TWO,0.6372,0.0082,0.3546
SPADES QUEEN DIAMONDS QUEEN,0.2828,0.0026,0.7146
SPADES KING DIAMONDS QUEEN,0.2488,0.0602,0.691
SPADES KING HEARTS TWO,0.6106,0.1716,0.2178
SPADES QUEEN HEARTS EIGHT,0.6248,0.008,0.3672
CLUBS TWO HEARTS TEN,0.6402,0.0074,0.3524
CLUBS TWO HEARTS JACK,0.6432,0.009,0.3478
SPADES SEVEN DIAMONDS NINE,0.7042,0.0318,0.264
SPADES SIX DIAMONDS NINE,0.705,0.0366,0.2584
SPADES EIGHT DIAMONDS NINE,0.6934,0.0312,0.2754
SPADES TEN CLUBS KING,0.2234,0.1152,0.6614
DIAMONDS NINE SPADES THREE,0.7514,0.0334,0.2152
SPADES JACK CLUBS KING,0.2288,0.0894,0.6818
DIAMONDS NINE SPADES TWO,0.7338,0.037,0.2292
SPADES FIVE DIAMONDS NINE,0.7268,0.0328,0.2404
DIAMONDS NINE SPADES FOUR,0.7306,0.0362,0.2332
CLUBS NINE DIAMONDS NINE,0.2978,0.0234,0.6788
CLUBS EIGHT DIAMONDS NINE,0.6938,0.0378,0.2684
CLUBS SIX DIAMONDS NINE,0.7136,0.0312,0.2552
SPADES JACK CLUBS FOUR,0.6514,0.0058,0.3428
CLUBS SEVEN DIAMONDS NINE,0.6846,0.0382,0.2772
SPADES TEN CLUBS FOUR,0.6328,0.0088,0.3584
CLUBS FOUR DIAMONDS NINE,0.7284,0.0332,0.2384
CLUBS FIVE DIAMONDS NINE,0.7124,0.0386,0.249
DIAMONDS NINE CLUBS TWO,0.7278,0.035,0.2372
CLUBS THREE DIAMONDS NINE,0.7268,0.0312,0.242
DIAMONDS NINE HEARTS EIGHT,0.7048,0.0364,0.2588
DIAMONDS NINE HEARTS NINE,0.32,0.025,0.655
HEARTS SIX DIAMONDS NINE,0.7026,0.035,0.2624
DIAMONDS NINE HEARTS SEVEN,0.694,0.0334,0.2726
CLUBS NINE CLUBS EIGHT,0.6622,0.0318,0.306
DIAMONDS ACE DIAMONDS NINE,0.2352,0.0216,0.7432
HEARTS FOUR DIAMONDS NINE,0.738,0.0384,0.2236
HEARTS FIVE DIAMONDS NINE,0.7162,0.0366,0.2472
HEARTS ACE CLUBS TWO,0.3948,0.0062,0.599
SPADES ACE CLUBS FOUR,0.396,0.0062,0.5978
DIAMONDS QUEEN DIAMONDS NINE,0.68,0.0276,0.2924
HEARTS TWO DIAMONDS NINE,0.737,0.0398,0.2232
SPADES KING CLUBS FOUR,0.5992,0.1582,0.2426
DIAMONDS KING DIAMONDS NINE,0.0212,0.9056,0.0732
HEARTS THREE DIAMONDS NINE,0.7418,0.0346,0.2236
CLUBS TWO HEARTS QUEEN,0.644,0.0062,0.3498
SPADES QUEEN CLUBS FOUR,0.6444,0.006,0.3496
DIAMONDS NINE DIAMONDS JACK,0.6678,0.0246,0.3076
DIAMONDS NINE DIAMONDS TEN,0.6364,0.028,0.3356
CLUBS EIGHT SPADES EIGHT,0.4364,0.009,0.5546
CLUBS EIGHT SPADES SEVEN,0.6344,0.006,0.3596
CLUBS EIGHT SPADES SIX,0.6514,0.0068,0.3418
CLUBS EIGHT SPADES FIVE,0.6496,0.0074,0.343
CLUBS EIGHT SPADES FOUR,0.6526,0.007,0.3404
CLUBS EIGHT SPADES THREE,0.6784,0.0072,0.3144
CLUBS EIGHT SPADES TWO,0.6688,0.0072,0.324
HEARTS SIX DIAMONDS TEN,0.64,0.0056,0.3544
DIAMONDS TEN HEARTS SEVEN,0.627,0.006,0.367
DIAMONDS TEN HEARTS EIGHT,0.6262,0.0068,0.367
CLUBS FOUR CLUBS JACK,0.5944,0.0056,0.4
DIAMONDS TEN HEARTS NINE,0.6926,0.0282,0.2792
CLUBS TEN CLUBS FOUR,0.5972,0.0072,0.3956
CLUBS FOUR CLUBS KING,0.5788,0.1526,0.2686
CLUBS FOUR CLUBS QUEEN,0.5978,0.008,0.3942
CLUBS TWO DIAMONDS TEN,0.6448,0.0076,0.3476
CLUBS THREE DIAMONDS TEN,0.64,0.0068,0.3532
CLUBS FOUR CLUBS ACE,0.3772,0.0034,0.6194
DIAMONDS JACK DIAMONDS TEN,0.539,0.0042,0.4568
DIAMONDS QUEEN DIAMONDS TEN,0.538,0.0048,0.4572
HEARTS TWO DIAMONDS TEN,0.6498,0.0072,0.343
DIAMONDS KING DIAMONDS TEN,0.22,0.1102,0.6698
HEARTS THREE DIAMONDS TEN,0.642,0.0066,0.3514
DIAMONDS ACE DIAMONDS TEN,0.3228,0.0026,0.6746
HEARTS FOUR DIAMONDS TEN,0.6486,0.007,0.3444
CLUBS EIGHT HEARTS JACK,0.625,0.0058,0.3692
HEARTS FIVE DIAMONDS TEN,0.6354,0.005,0.3596
CLUBS EIGHT HEARTS TEN,0.6208,0.0056,0.3736
CLUBS EIGHT HEARTS QUEEN,0.6292,0.0048,0.366
CLUBS EIGHT HEARTS ACE,0.391,0.0024,0.6066
CLUBS NINE SPADES THREE,0.746,0.0356,0.2184
CLUBS NINE SPADES TWO,0.7396,0.0392,0.2212
CLUBS NINE SPADES FIVE,0.7184,0.0348,0.2468
CLUBS NINE SPADES FOUR,0.741,0.0342,0.2248
CLUBS NINE SPADES SEVEN,0.6968,0.0326,0.2706
CLUBS NINE SPADES SIX,0.717,0.0304,0.2526
CLUBS TEN HEARTS EIGHT,0.6136,0.0054,0.381
CLUBS NINE SPADES EIGHT,0.7052,0.0326,0.2622
CLUBS JACK HEARTS EIGHT,0.626,0.005,0.369
CLUBS QUEEN HEARTS EIGHT,0.6284,0.0076,0.364
CLUBS KING HEARTS EIGHT,0.6032,0.167,0.2298
CLUBS ACE HEARTS EIGHT,0.408,0.0044,0.5876
SPADES KING CLUBS KING,0.0842,0.0126,0.9032
SPADES QUEEN CLUBS KING,0.2416,0.0636,0.6948
SPADES ACE CLUBS KING,0.2308,0.0118,0.7574
DIAMONDS ACE HEARTS TEN,0.3436,0.005,0.6514
HEARTS FOUR HEARTS TEN,0.6156,0.008,0.3764
DIAMONDS ACE HEARTS JACK,0.3562,0.0044,0.6394
HEARTS FOUR HEARTS JACK,0.6122,0.0082,0.3796
SPADES KING CLUBS FIVE,0.5974,0.1684,0.2342
SPADES QUEEN CLUBS FIVE,0.6434,0.006,0.3506
SPADES ACE CLUBS FIVE,0.4062,0.0044,0.5894
DIAMONDS JACK HEARTS SEVEN,0.6408,0.0074,0.3518
HEARTS SIX DIAMONDS JACK,0.653,0.007,0.34
DIAMONDS JACK HEARTS NINE,0.7166,0.0256,0.2578
DIAMONDS JACK HEARTS EIGHT,0.6192,0.0054,0.3754
DIAMONDS KING DIAMONDS JACK,0.2298,0.0816,0.6886
HEARTS THREE DIAMONDS JACK,0.6444,0.006,0.3496
SPADES ACE SPADES SIX,0.3804,0.0038,0.6158
HEARTS ACE SPADES FOUR,0.4034,0.0072,0.5894
DIAMONDS QUEEN DIAMONDS JACK,0.5402,0.0056,0.4542
HEARTS TWO DIAMONDS JACK,0.649,0.0068,0.3442
HEARTS FIVE DIAMONDS JACK,0.6456,0.006,0.3484
SPADES QUEEN SPADES SIX,0.607,0.0072,0.3858
SPADES FOUR HEARTS QUEEN,0.652,0.0096,0.3384
DIAMONDS ACE DIAMONDS JACK,0.3326,0.0032,0.6642
HEARTS FOUR DIAMONDS JACK,0.6334,0.0072,0.3594
SPADES KING SPADES SIX,0.5748,0.1592,0.266
SPADES TEN SPADES SIX,0.5952,0.0072,0.3976
SPADES JACK SPADES SIX,0.601,0.008,0.391
SPADES FOUR DIAMONDS JACK,0.6382,0.0054,0.3564
SPADES FIVE DIAMONDS JACK,0.6362,0.0064,0.3574
DIAMONDS JACK SPADES TWO,0.6442,0.0102,0.3456
SPADES THREE DIAMONDS JACK,0.647,0.0074,0.3456
SPADES ACE DIAMONDS THREE,0.4054,0.0058,0.5888
SPADES QUEEN DIAMONDS THREE,0.6374,0.0062,0.3564
CLUBS EIGHT DIAMONDS JACK,0.624,0.0072,0.3688
SPADES KING DIAMONDS THREE,0.6024,0.1624,0.2352
CLUBS NINE DIAMONDS JACK,0.7008,0.0282,0.271
CLUBS SIX DIAMONDS JACK,0.636,0.0058,0.3582
CLUBS SEVEN DIAMONDS JACK,0.6368,0.0044,0.3588
CLUBS FOUR DIAMONDS JACK,0.6396,0.006,0.3544
CLUBS FIVE DIAMONDS JACK,0.6386,0.0064,0.355
CLUBS TWO DIAMONDS JACK,0.648,0.0052,0.3468
CLUBS THREE DIAMONDS JACK,0.6394,0.0064,0.3542
SPADES TEN CLUBS FIVE,0.6412,0.009,0.3498
HEARTS SIX SPADES JACK,0.6502,0.0062,0.3436
HEARTS SIX SPADES TEN,0.6322,0.0078,0.36
SPADES JACK CLUBS FIVE,0.6352,0.0066,0.3582
SPADES JACK DIAMONDS THREE,0.632,0.0064,0.3616
CLUBS SEVEN CLUBS ACE,0.381,0.004,0.615
DIAMONDS THREE SPADES TEN,0.6436,0.0072,0.3492
CLUBS SEVEN CLUBS QUEEN,0.6108,0.0052,0.384
CLUBS SEVEN CLUBS KING,0.5714,0.1562,0.2724
CLUBS TEN CLUBS SEVEN,0.5814,0.0064,0.4122
DIAMONDS ACE HEARTS ACE,0.13,0.0028,0.8672
HEARTS FOUR HEARTS ACE,0.3866,0.0048,0.6086
SPADES EIGHT DIAMONDS JACK,0.6176,0.0088,0.3736
SPADES ACE HEARTS SIX,0.4104,0.0044,0.5852
CLUBS SEVEN CLUBS JACK,0.5914,0.0062,0.4024
SPADES SEVEN DIAMONDS JACK,0.6278,0.0076,0.3646
SPADES KING HEARTS SIX,0.601,0.1658,0.2332
DIAMONDS ACE HEARTS QUEEN,0.367,0.0042,0.6288
HEARTS FOUR HEARTS QUEEN,0.6092,0.007,0.3838
SPADES SIX DIAMONDS JACK,0.6408,0.006,0.3532
SPADES QUEEN HEARTS SIX,0.641,0.0072,0.3518
SPADES TWO DIAMONDS TEN,0.6472,0.007,0.3458
SPADES THREE DIAMONDS TEN,0.6558,0.0078,0.3364
SPADES FOUR DIAMONDS TEN,0.6456,0.0092,0.3452
SPADES FIVE DIAMONDS TEN,0.6382,0.0054,0.3564
SPADES SIX DIAMONDS TEN,0.628,0.0062,0.3658
SPADES SEVEN DIAMONDS TEN,0.6246,0.0084,0.367
SPADES EIGHT DIAMONDS TEN,0.6148,0.006,0.3792
CLUBS FOUR DIAMONDS TEN,0.636,0.0046,0.3594
CLUBS FIVE DIAMONDS TEN,0.635,0.0036,0.3614
CLUBS SIX DIAMONDS TEN,0.6262,0.007,0.3668
CLUBS SEVEN DIAMONDS TEN,0.6212,0.009,0.3698
CLUBS EIGHT DIAMONDS TEN,0.6078,0.0054,0.3868
CLUBS NINE DIAMONDS TEN,0.6874,0.0258,0.2868
DIAMONDS THREE CLUBS JACK,0.637,0.0062,0.3568
CLUBS TEN DIAMONDS THREE,0.6422,0.0066,0.3512
DIAMONDS THREE CLUBS KING,0.5994,0.1578,0.2428
DIAMONDS THREE CLUBS QUEEN,0.647,0.0072,0.3458
DIAMONDS THREE CLUBS ACE,0.4098,0.004,0.5862
SPADES FOUR HEARTS JACK,0.6532,0.0074,0.3394
SPADES FOUR HEARTS TEN,0.6482,0.0072,0.3446
SPADES FIVE SPADES TWO,0.6144,0.0086,0.377
SPADES FOUR SPADES TWO,0.6156,0.0102,0.3742
SPADES THREE SPADES TWO,0.62,0.0096,0.3704
SPADES EIGHT SPADES TWO,0.639,0.0098,0.3512
SPADES SEVEN SPADES TWO,0.6502,0.0072,0.3426
SPADES SIX SPADES TWO,0.6292,0.0088,0.362
DIAMONDS QUEEN CLUBS THREE,0.6434,0.007,0.3496
CLUBS THREE HEARTS TWO,0.6444,0.0074,0.3482
DIAMONDS QUEEN CLUBS TWO,0.644,0.0086,0.3474
HEARTS TWO CLUBS TWO,0.4736,0.0114,0.515
DIAMONDS QUEEN HEARTS SEVEN,0.6396,0.0054,0.355
HEARTS TWO HEARTS SEVEN,0.6392,0.0066,0.3542
HEARTS SIX DIAMONDS QUEEN,0.6418,0.0074,0.3508
HEARTS SIX HEARTS TWO,0.631,0.0106,0.3584
DIAMONDS QUEEN HEARTS NINE,0.7226,0.0318,0.2456
HEARTS TWO HEARTS NINE,0.7104,0.0356,0.254
DIAMONDS QUEEN HEARTS EIGHT,0.6316,0.0072,0.3612
HEARTS TWO HEARTS EIGHT,0.6358,0.008,0.3562
CLUBS NINE HEARTS TWO,0.741,0.036,0.223
CLUBS NINE DIAMONDS QUEEN,0.7076,0.0334,0.259
CLUBS EIGHT HEARTS TWO,0.6794,0.0088,0.3118
CLUBS EIGHT DIAMONDS QUEEN,0.6442,0.0064,0.3494
CLUBS FIVE DIAMONDS QUEEN,0.6312,0.0058,0.363
CLUBS FIVE HEARTS TWO,0.6458,0.0088,0.3454
SPADES EIGHT HEARTS ACE,0.403,0.005,0.592
DIAMONDS QUEEN CLUBS FOUR,0.6354,0.0054,0.3592
HEARTS TWO CLUBS FOUR,0.662,0.0078,0.3302
CLUBS SEVEN DIAMONDS QUEEN,0.6512,0.0046,0.3442
CLUBS SEVEN HEARTS TWO,0.6612,0.006,0.3328
SPADES EIGHT HEARTS QUEEN,0.6354,0.008,0.3566
CLUBS SIX DIAMONDS QUEEN,0.6286,0.0058,0.3656
CLUBS SIX HEARTS TWO,0.6558,0.008,0.3362
DIAMONDS QUEEN SPADES SIX,0.6516,0.0066,0.3418
HEARTS TWO SPADES SIX,0.6714,0.0064,0.3222
HEARTS FOUR CLUBS QUEEN,0.6442,0.01,0.3458
DIAMONDS ACE CLUBS QUEEN,0.3616,0.0032,0.6352
DIAMONDS QUEEN SPADES SEVEN,0.6524,0.005,0.3426
SPADES SEVEN HEARTS TWO,0.6846,0.0106,0.3048
HEARTS FOUR CLUBS KING,0.6072,0.1646,0.2282
DIAMONDS ACE CLUBS KING,0.225,0.0128,0.7622
SPADES EIGHT DIAMONDS QUEEN,0.6484,0.0058,0.3458
SPADES EIGHT HEARTS TWO,0.6786,0.0092,0.3122
HEARTS FOUR CLUBS ACE,0.398,0.0036,0.5984
DIAMONDS ACE CLUBS ACE,0.1388,0.0028,0.8584
HEARTS TWO SPADES TWO,0.4798,0.011,0.5092
DIAMONDS QUEEN SPADES TWO,0.6502,0.007,0.3428
HEARTS TWO SPADES THREE,0.6542,0.0082,0.3376
DIAMONDS QUEEN SPADES THREE,0.6388,0.009,0.3522
HEARTS TWO SPADES FOUR,0.6636,0.0086,0.3278
DIAMONDS QUEEN SPADES FOUR,0.641,0.0078,0.3512
HEARTS FOUR CLUBS TEN,0.6558,0.004,0.3402
CLUBS TEN DIAMONDS ACE,0.3662,0.004,0.6298
HEARTS TWO SPADES FIVE,0.6512,0.0074,0.3414
DIAMONDS QUEEN SPADES FIVE,0.6392,0.0064,0.3544
HEARTS FOUR CLUBS JACK,0.6432,0.0068,0.35
DIAMONDS ACE CLUBS JACK,0.3616,0.0032,0.6352
CLUBS FIVE CLUBS KING,0.549,0.1604,0.2906
CLUBS FIVE CLUBS QUEEN,0.5944,0.0058,0.3998
CLUBS FIVE CLUBS ACE,0.3756,0.0032,0.6212
CLUBS FIVE CLUBS JACK,0.6028,0.008,0.3892
CLUBS TEN CLUBS FIVE,0.596,0.0066,0.3974
SPADES KING CLUBS JACK,0.2334,0.0856,0.681
SPADES QUEEN CLUBS JACK,0.5744,0.0046,0.421
SPADES ACE CLUBS JACK,0.3602,0.0046,0.6352
SPADES SIX CLUBS KING,0.6066,0.1634,0.23
SPADES SIX CLUBS QUEEN,0.6296,0.0082,0.3622
SPADES EIGHT HEARTS JACK,0.6454,0.0052,0.3494
SPADES SIX CLUBS ACE,0.4122,0.0062,0.5816
SPADES EIGHT HEARTS TEN,0.6144,0.0076,0.378
SPADES SIX CLUBS JACK,0.6492,0.0068,0.344
CLUBS TEN SPADES SIX,0.6204,0.0054,0.3742
SPADES TEN CLUBS JACK,0.5568,0.0054,0.4378
SPADES JACK CLUBS JACK,0.2828,0.004,0.7132
SPADES QUEEN CLUBS SEVEN,0.645,0.007,0.348
SPADES KING CLUBS SEVEN,0.599,0.1722,0.2288
SPADES ACE CLUBS SEVEN,0.391,0.0052,0.6038
SPADES SIX HEARTS TEN,0.6386,0.0076,0.3538
SPADES SIX HEARTS JACK,0.6522,0.0084,0.3394
SPADES SIX HEARTS ACE,0.4056,0.005,0.5894
SPADES SIX HEARTS QUEEN,0.6568,0.0064,0.3368
CLUBS SEVEN SPADES JACK,0.6258,0.006,0.3682
CLUBS SEVEN SPADES TEN,0.5998,0.0078,0.3924
CLUBS TEN HEARTS SIX,0.6172,0.0092,0.3736
HEARTS SIX CLUBS JACK,0.6398,0.0058,0.3544
CLUBS ACE CLUBS JACK,0.3326,0.0036,0.6638
HEARTS SIX CLUBS QUEEN,0.6494,0.0066,0.344
HEARTS SIX CLUBS KING,0.6162,0.1608,0.223
HEARTS SIX CLUBS ACE,0.4154,0.004,0.5806
CLUBS QUEEN CLUBS JACK,0.5428,0.0062,0.451
CLUBS KING CLUBS JACK,0.2202,0.0872,0.6926
DIAMONDS THREE HEARTS ACE,0.4016,0.0064,0.592
DIAMONDS THREE HEARTS QUEEN,0.6508,0.0064,0.3428
CLUBS FIVE HEARTS JACK,0.6292,0.0058,0.365
SPADES TEN DIAMONDS ACE,0.3532,0.0036,0.6432
HEARTS FOUR SPADES TEN,0.6346,0.0056,0.3598
CLUBS FIVE HEARTS TEN,0.6446,0.0078,0.3476
HEARTS FOUR SPADES JACK,0.649,0.006,0.345
SPADES JACK DIAMONDS ACE,0.3466,0.0072,0.6462
SPADES ACE HEARTS FOUR,0.4046,0.0036,0.5918
SPADES ACE DIAMONDS ACE,0.1294,0.0034,0.8672
CLUBS FIVE HEARTS ACE,0.396,0.0052,0.5988
HEARTS FOUR SPADES QUEEN,0.6362,0.009,0.3548
SPADES QUEEN DIAMONDS ACE,0.373,0.0022,0.6248
SPADES FOUR CLUBS JACK,0.6406,0.004,0.3554
CLUBS FIVE HEARTS QUEEN,0.6346,0.0078,0.3576
SPADES KING DIAMONDS ACE,0.217,0.0138,0.7692
HEARTS FOUR SPADES KING,0.6028,0.166,0.2312
CLUBS TEN SPADES FOUR,0.6408,0.0062,0.353
DIAMONDS QUEEN DIAMONDS ACE,0.3366,0.0046,0.6588
HEARTS TWO DIAMONDS ACE,0.3996,0.0056,0.5948
HEARTS FOUR DIAMONDS QUEEN,0.6488,0.0056,0.3456
HEARTS FOUR HEARTS TWO,0.6316,0.0098,0.3586
DIAMONDS THREE HEARTS TEN,0.6444,0.0068,0.3488
SPADES FOUR CLUBS KING,0.608,0.1696,0.2224
HEARTS FIVE DIAMONDS QUEEN,0.6326,0.0068,0.3606
HEARTS FIVE HEARTS TWO,0.611,0.0096,0.3794
DIAMONDS THREE HEARTS JACK,0.6392,0.0068,0.354
SPADES FOUR CLUBS QUEEN,0.6426,0.0078,0.3496
DIAMONDS QUEEN HEARTS TWO,0.6464,0.007,0.3466
DIAMONDS KING DIAMONDS QUEEN,0.2184,0.0624,0.7192
DIAMONDS KING HEARTS TWO,0.6076,0.1616,0.2308
HEARTS THREE DIAMONDS QUEEN,0.6506,0.0066,0.3428
HEARTS THREE HEARTS TWO,0.6174,0.0078,0.3748
SPADES FOUR CLUBS ACE,0.4036,0.004,0.5924
HEARTS TWO CLUBS ACE,0.4146,0.0032,0.5822
DIAMONDS QUEEN CLUBS ACE,0.3576,0.004,0.6384
HEARTS TWO CLUBS QUEEN,0.6542,0.0076,0.3382
DIAMONDS QUEEN CLUBS QUEEN,0.2906,0.0042,0.7052
HEARTS TWO CLUBS KING,0.6214,0.1658,0.2128
DIAMONDS QUEEN CLUBS KING,0.2412,0.056,0.7028
SPADES EIGHT SPADES FIVE,0.6172,0.0082,0.3746
CLUBS TEN HEARTS TWO,0.6578,0.0078,0.3344
CLUBS TEN DIAMONDS QUEEN,0.573,0.0058,0.4212
HEARTS TWO CLUBS JACK,0.655,0.0058,0.3392
DIAMONDS QUEEN CLUBS JACK,0.5856,0.004,0.4104
SPADES SIX SPADES FIVE,0.5816,0.0102,0.4082
SPADES SEVEN SPADES FIVE,0.5876,0.0102,0.4022
DIAMONDS FIVE CLUBS QUEEN,0.6322,0.006,0.3618
SPADES EIGHT CLUBS ACE,0.4008,0.0046,0.5946
DIAMONDS FIVE CLUBS KING,0.5936,0.1616,0.2448
SPADES EIGHT CLUBS KING,0.6252,0.1654,0.2094
CLUBS ACE DIAMONDS FIVE,0.4026,0.0048,0.5926
SPADES EIGHT CLUBS QUEEN,0.6362,0.0086,0.3552
SPADES EIGHT CLUBS JACK,0.6368,0.0066,0.3566
CLUBS TEN SPADES EIGHT,0.6214,0.0058,0.3728
CLUBS TEN DIAMONDS FIVE,0.6282,0.0068,0.365
DIAMONDS FIVE CLUBS JACK,0.638,0.0048,0.3572
HEARTS JACK DIAMONDS TEN,0.579,0.0094,0.4116
DIAMONDS TEN HEARTS TEN,0.3044,0.0076,0.688
SPADES ACE CLUBS NINE,0.2416,0.024,0.7344
CLUBS NINE SPADES QUEEN,0.7092,0.0346,0.2562
CLUBS NINE SPADES KING,0.0088,0.975,0.0162
DIAMONDS KING SPADES SEVEN,0.6036,0.1688,0.2276
HEARTS THREE SPADES SEVEN,0.6596,0.01,0.3304
SPADES KING DIAMONDS SEVEN,0.605,0.1574,0.2376
HEARTS SIX HEARTS QUEEN,0.6058,0.0078,0.3864
DIAMONDS KING SPADES SIX,0.6132,0.1668,0.22
HEARTS THREE SPADES SIX,0.6576,0.0066,0.3358
SPADES QUEEN DIAMONDS SEVEN,0.6306,0.007,0.3624
HEARTS SIX HEARTS ACE,0.381,0.0038,0.6152
DIAMONDS KING SPADES EIGHT,0.6132,0.1576,0.2292
HEARTS THREE SPADES EIGHT,0.679,0.0102,0.3108
SPADES ACE DIAMONDS SEVEN,0.4094,0.0028,0.5878
CLUBS NINE HEARTS THREE,0.7308,0.039,0.2302
CLUBS NINE DIAMONDS KING,0.0202,0.9568,0.023
HEARTS THREE CLUBS EIGHT,0.6724,0.0078,0.3198
CLUBS EIGHT DIAMONDS KING,0.6094,0.1628,0.2278
HEARTS THREE SPADES THREE,0.477,0.0152,0.5078
DIAMONDS KING SPADES THREE,0.6188,0.1632,0.218
