opposingHand,winningChance,drawChance,lostChance
SPADES ACE DIAMONDS KING
HEARTS FIVE SPADES TEN,0.6844,0.0036,0.312
HEARTS FIVE SPADES JACK,0.6676,0.004,0.3284
SPADES FIVE CLUBS JACK,0.6676,0.005,0.3274
CLUBS TEN SPADES FIVE,0.6802,0.0046,0.3152
CLUBS EIGHT CLUBS JACK,0.6138,0.0042,0.382
CLUBS TEN CLUBS EIGHT,0.6008,0.006,0.3932
CLUBS EIGHT CLUBS KING,0.71,0.0144,0.2756
SPADES FIVE CLUBS ACE,0.6946,0.0514,0.254
CLUBS EIGHT CLUBS QUEEN,0.6246,0.0038,0.3716
SPADES FIVE CLUBS KING,0.755,0.0112,0.2338
SPADES FIVE CLUBS QUEEN,0.6838,0.0036,0.3126
CLUBS EIGHT CLUBS ACE,0.653,0.0528,0.2942
DIAMONDS TWO DIAMONDS THREE,0.6234,0.0066,0.37
DIAMONDS TWO DIAMONDS FIVE,0.6338,0.0048,0.3614
SPADES KING HEARTS FIVE,0.7544,0.0144,0.2312
DIAMONDS TWO DIAMONDS FOUR,0.627,0.0054,0.3676
HEARTS FIVE SPADES QUEEN,0.6728,0.0054,0.3218
DIAMONDS TWO DIAMONDS SEVEN,0.6538,0.0052,0.341
DIAMONDS TWO DIAMONDS SIX,0.6468,0.0052,0.348
DIAMONDS TWO DIAMONDS NINE,0.6382,0.0042,0.3576
DIAMONDS TWO DIAMONDS EIGHT,0.6288,0.006,0.3652
DIAMONDS THREE DIAMONDS FOUR,0.6082,0.0064,0.3854
SPADES FOUR CLUBS TWO,0.6604,0.0032,0.3364
DIAMONDS THREE DIAMONDS FIVE,0.6078,0.005,0.3872
SPADES FIVE CLUBS TWO,0.6472,0.0056,0.3472
CLUBS TWO SPADES TWO,0.4806,0.0072,0.5122
CLUBS TWO SPADES THREE,0.6652,0.0056,0.3292
DIAMONDS THREE DIAMONDS EIGHT,0.64,0.0064,0.3536
SPADES EIGHT CLUBS TWO,0.6776,0.0042,0.3182
DIAMONDS THREE DIAMONDS NINE,0.6418,0.0074,0.3508
SPADES NINE CLUBS TWO,0.68,0.0042,0.3158
DIAMONDS THREE DIAMONDS SIX,0.6256,0.0038,0.3706
SPADES SIX CLUBS TWO,0.6628,0.004,0.3332
DIAMONDS THREE DIAMONDS SEVEN,0.639,0.0044,0.3566
SPADES SEVEN CLUBS TWO,0.6792,0.0044,0.3164
CLUBS SIX CLUBS TWO,0.6204,0.0028,0.3768
CLUBS SEVEN CLUBS TWO,0.6254,0.0038,0.3708
CLUBS FOUR CLUBS TWO,0.602,0.005,0.393
CLUBS FIVE CLUBS TWO,0.5932,0.0058,0.401
CLUBS TEN CLUBS JACK,0.5916,0.0034,0.405
DIAMONDS FOUR DIAMONDS SIX,0.6254,0.004,0.3706
CLUBS TEN CLUBS QUEEN,0.5924,0.006,0.4016
DIAMONDS FOUR DIAMONDS SEVEN,0.6216,0.0056,0.3728
CLUBS TEN CLUBS KING,0.7028,0.012,0.2852
CLUBS TEN CLUBS ACE,0.667,0.0482,0.2848
CLUBS EIGHT CLUBS TWO,0.6258,0.0036,0.3706
DIAMONDS FIVE DIAMONDS FOUR,0.5958,0.0064,0.3978
CLUBS NINE CLUBS TWO,0.617,0.005,0.378
DIAMONDS NINE DIAMONDS FOUR,0.632,0.0028,0.3652
DIAMONDS EIGHT DIAMONDS FOUR,0.6236,0.003,0.3734
CLUBS THREE CLUBS TWO,0.5934,0.0052,0.4014
DIAMONDS NINE DIAMONDS FIVE,0.6174,0.0074,0.3752
DIAMONDS TWO CLUBS JACK,0.673,0.0066,0.3204
DIAMONDS EIGHT DIAMONDS FIVE,0.6076,0.0066,0.3858
CLUBS TEN DIAMONDS TWO,0.6748,0.0054,0.3198
DIAMONDS FIVE DIAMONDS SEVEN,0.5936,0.0052,0.4012
DIAMONDS FIVE DIAMONDS SIX,0.5948,0.005,0.4002
DIAMONDS TWO CLUBS ACE,0.7016,0.0502,0.2482
DIAMONDS TWO CLUBS KING,0.7652,0.013,0.2218
DIAMONDS TWO CLUBS QUEEN,0.6818,0.0056,0.3126
DIAMONDS EIGHT DIAMONDS SIX,0.6106,0.004,0.3854
DIAMONDS NINE DIAMONDS SIX,0.6116,0.0046,0.3838
HEARTS ACE SPADES THREE,0.7072,0.0494,0.2434
SPADES THREE HEARTS KING,0.7572,0.0136,0.2292
DIAMONDS SEVEN DIAMONDS SIX,0.5908,0.005,0.4042
SPADES THREE HEARTS QUEEN,0.6776,0.0038,0.3186
SPADES THREE HEARTS JACK,0.6828,0.005,0.3122
SPADES THREE HEARTS TEN,0.6814,0.0044,0.3142
DIAMONDS EIGHT DIAMONDS SEVEN,0.5878,0.0054,0.4068
DIAMONDS NINE DIAMONDS SEVEN,0.6056,0.0046,0.3898
DIAMONDS NINE DIAMONDS EIGHT,0.612,0.0042,0.3838
HEARTS THREE HEARTS TEN,0.636,0.0038,0.3602
SPADES JACK CLUBS SIX,0.674,0.0026,0.3234
HEARTS THREE HEARTS JACK,0.6352,0.0048,0.36
SPADES TEN CLUBS SIX,0.6586,0.0048,0.3366
SPADES JACK SPADES FIVE,0.639,0.0044,0.3566
SPADES TEN SPADES FIVE,0.6428,0.0042,0.353
HEARTS THREE HEARTS ACE,0.6516,0.0476,0.3008
HEARTS THREE HEARTS QUEEN,0.63,0.005,0.365
SPADES KING CLUBS SIX,0.7618,0.0148,0.2234
HEARTS THREE HEARTS KING,0.7196,0.0142,0.2662
SPADES QUEEN CLUBS SIX,0.6724,0.0052,0.3224
SPADES NINE HEARTS TEN,0.632,0.0032,0.3648
SPADES NINE HEARTS JACK,0.6584,0.0038,0.3378
SPADES QUEEN SPADES FIVE,0.647,0.0066,0.3464
SPADES KING SPADES FIVE,0.7312,0.0138,0.255
SPADES NINE HEARTS QUEEN,0.658,0.0044,0.3376
SPADES NINE HEARTS KING,0.7692,0.012,0.2188
SPADES NINE HEARTS ACE,0.7048,0.052,0.2432
CLUBS TEN SPADES JACK,0.6304,0.005,0.3646
CLUBS TEN SPADES TEN,0.4264,0.0042,0.5694
SPADES KING CLUBS TEN,0.7444,0.0078,0.2478
SPADES QUEEN CLUBS TEN,0.6382,0.0042,0.3576
SPADES FIVE HEARTS QUEEN,0.675,0.0036,0.3214
SPADES FIVE HEARTS KING,0.7556,0.0154,0.229
SPADES FIVE HEARTS ACE,0.6842,0.0518,0.264
SPADES JACK HEARTS THREE,0.6774,0.0026,0.32
SPADES TEN CLUBS EIGHT,0.6416,0.0022,0.3562
SPADES JACK CLUBS EIGHT,0.6424,0.0052,0.3524
SPADES TEN HEARTS THREE,0.6794,0.0048,0.3158
CLUBS SIX HEARTS ACE,0.6984,0.0432,0.2584
HEARTS FIVE CLUBS JACK,0.6676,0.0036,0.3288
HEARTS FIVE CLUBS TEN,0.6806,0.0034,0.316
CLUBS SIX HEARTS QUEEN,0.6678,0.0036,0.3286
SPADES QUEEN CLUBS EIGHT,0.662,0.0064,0.3316
CLUBS TEN SPADES THREE,0.66,0.0048,0.3352
CLUBS SIX HEARTS KING,0.746,0.011,0.243
SPADES KING CLUBS EIGHT,0.7584,0.0124,0.2292
SPADES THREE CLUBS JACK,0.676,0.0036,0.3204
DIAMONDS TWO HEARTS JACK,0.6884,0.0048,0.3068
SPADES THREE CLUBS QUEEN,0.6678,0.0044,0.3278
DIAMONDS TWO HEARTS TEN,0.685,0.0052,0.3098
SPADES THREE CLUBS KING,0.7692,0.0116,0.2192
HEARTS FIVE CLUBS ACE,0.6958,0.0484,0.2558
SPADES FIVE HEARTS TEN,0.6684,0.0044,0.3272
SPADES THREE CLUBS ACE,0.692,0.0524,0.2556
HEARTS FIVE CLUBS KING,0.7568,0.0102,0.233
SPADES FIVE HEARTS JACK,0.677,0.0056,0.3174
HEARTS FIVE CLUBS QUEEN,0.6624,0.0048,0.3328
HEARTS THREE CLUBS KING,0.769,0.0116,0.2194
HEARTS THREE CLUBS QUEEN,0.6796,0.0048,0.3156
HEARTS FIVE HEARTS JACK,0.6316,0.0036,0.3648
HEARTS FIVE HEARTS TEN,0.6328,0.003,0.3642
HEARTS THREE CLUBS ACE,0.6916,0.047,0.2614
SPADES KING CLUBS QUEEN,0.7546,0.0132,0.2322
HEARTS THREE CLUBS JACK,0.6728,0.0048,0.3224
SPADES QUEEN CLUBS QUEEN,0.4356,0.0054,0.559
CLUBS TEN HEARTS THREE,0.6766,0.0032,0.3202
SPADES JACK CLUBS QUEEN,0.6504,0.0066,0.343
CLUBS SIX CLUBS QUEEN,0.63,0.0028,0.3672
SPADES TEN CLUBS QUEEN,0.6482,0.0042,0.3476
CLUBS SIX CLUBS KING,0.7148,0.014,0.2712
CLUBS SIX CLUBS ACE,0.6566,0.0434,0.3
HEARTS FIVE HEARTS KING,0.7078,0.0118,0.2804
HEARTS FIVE HEARTS QUEEN,0.625,0.0052,0.3698
CLUBS TEN CLUBS SIX,0.6202,0.0038,0.376
HEARTS FIVE HEARTS ACE,0.6418,0.0456,0.3126
CLUBS SIX CLUBS JACK,0.631,0.0042,0.3648
SPADES SEVEN HEARTS JACK,0.6678,0.0026,0.3296
SPADES SEVEN HEARTS TEN,0.6552,0.0036,0.3412
DIAMONDS TWO CLUBS TWO,0.473,0.0066,0.5204
DIAMONDS TWO CLUBS THREE,0.6544,0.0052,0.3404
DIAMONDS TWO HEARTS SIX,0.6596,0.0038,0.3366
DIAMONDS TWO HEARTS QUEEN,0.6876,0.0046,0.3078
HEARTS SEVEN DIAMONDS TWO,0.6704,0.0058,0.3238
DIAMONDS TWO HEARTS KING,0.777,0.0124,0.2106
DIAMONDS TWO HEARTS EIGHT,0.6718,0.0048,0.3234
DIAMONDS TWO HEARTS ACE,0.7004,0.0478,0.2518
DIAMONDS TWO HEARTS NINE,0.6686,0.0048,0.3266
DIAMONDS TWO DIAMONDS QUEEN,0.6446,0.005,0.3504
DIAMONDS TWO HEARTS TWO,0.4752,0.0044,0.5204
DIAMONDS TWO HEARTS THREE,0.6454,0.007,0.3476
DIAMONDS TWO DIAMONDS ACE,0.6762,0.051,0.2728
HEARTS FOUR DIAMONDS TWO,0.6592,0.0046,0.3362
HEARTS FIVE DIAMONDS TWO,0.654,0.0056,0.3404
SPADES SEVEN HEARTS ACE,0.7016,0.0468,0.2516
DIAMONDS TWO DIAMONDS TEN,0.6576,0.0042,0.3382
SPADES SEVEN HEARTS KING,0.7566,0.0114,0.232
DIAMONDS TWO DIAMONDS JACK,0.6602,0.0072,0.3326
SPADES SEVEN HEARTS QUEEN,0.6674,0.0048,0.3278
DIAMONDS TWO SPADES NINE,0.6794,0.0066,0.314
DIAMONDS TWO SPADES EIGHT,0.6876,0.0048,0.3076
DIAMONDS TWO SPADES SEVEN,0.6796,0.0062,0.3142
DIAMONDS TWO SPADES SIX,0.6712,0.0076,0.3212
DIAMONDS TWO SPADES FIVE,0.6544,0.0074,0.3382
DIAMONDS TWO SPADES FOUR,0.662,0.0066,0.3314
DIAMONDS TWO SPADES THREE,0.6566,0.008,0.3354
DIAMONDS TWO SPADES TWO,0.4818,0.007,0.5112
CLUBS NINE DIAMONDS TWO,0.6884,0.0046,0.307
DIAMONDS TWO CLUBS EIGHT,0.6866,0.0044,0.309
CLUBS SEVEN DIAMONDS TWO,0.6774,0.0052,0.3174
DIAMONDS TWO CLUBS SIX,0.669,0.0054,0.3256
DIAMONDS TWO CLUBS FIVE,0.6446,0.0052,0.3502
DIAMONDS TWO CLUBS FOUR,0.652,0.0056,0.3424
CLUBS FOUR SPADES FIVE,0.6244,0.0038,0.3718
CLUBS FOUR SPADES FOUR,0.4756,0.0046,0.5198
CLUBS FOUR SPADES THREE,0.6352,0.0046,0.3602
CLUBS FOUR SPADES TWO,0.647,0.0066,0.3464
SPADES NINE CLUBS FOUR,0.6758,0.0036,0.3206
SPADES EIGHT CLUBS FOUR,0.6728,0.005,0.3222
SPADES SEVEN CLUBS FOUR,0.6486,0.0058,0.3456
SPADES SIX CLUBS FOUR,0.6402,0.0046,0.3552
SPADES QUEEN DIAMONDS SIX,0.6776,0.0052,0.3172
SPADES KING DIAMONDS SIX,0.7716,0.0148,0.2136
SPADES TEN DIAMONDS SIX,0.6656,0.0048,0.3296
SPADES JACK DIAMONDS SIX,0.6806,0.0046,0.3148
SPADES QUEEN SPADES TWO,0.638,0.0068,0.3552
SPADES KING SPADES TWO,0.7436,0.014,0.2424
DIAMONDS JACK CLUBS JACK,0.4478,0.0048,0.5474
CLUBS TEN DIAMONDS JACK,0.6396,0.0044,0.356
DIAMONDS JACK CLUBS KING,0.7512,0.0108,0.238
DIAMONDS JACK CLUBS QUEEN,0.6406,0.0048,0.3546
DIAMONDS THREE DIAMONDS JACK,0.6516,0.007,0.3414
DIAMONDS THREE DIAMONDS TEN,0.6398,0.0042,0.356
DIAMONDS JACK CLUBS ACE,0.706,0.0472,0.2468
DIAMONDS THREE HEARTS THREE,0.4776,0.0056,0.5168
DIAMONDS THREE DIAMONDS QUEEN,0.6438,0.0048,0.3514
DIAMONDS THREE HEARTS TWO,0.66,0.0052,0.3348
HEARTS FIVE DIAMONDS THREE,0.6528,0.0048,0.3424
DIAMONDS THREE DIAMONDS ACE,0.6662,0.0528,0.281
HEARTS FOUR DIAMONDS THREE,0.6392,0.0048,0.356
HEARTS SEVEN DIAMONDS THREE,0.6638,0.0044,0.3318
SPADES TEN SPADES NINE,0.6044,0.006,0.3896
HEARTS SIX DIAMONDS THREE,0.645,0.004,0.351
SPADES JACK SPADES NINE,0.6154,0.0058,0.3788
DIAMONDS THREE HEARTS NINE,0.6682,0.005,0.3268
HEARTS JACK DIAMONDS FOUR,0.6706,0.0028,0.3266
HEARTS ACE HEARTS KING,0.023,0.9124,0.0646
SPADES TEN SPADES TWO,0.648,0.0068,0.3452
DIAMONDS THREE HEARTS EIGHT,0.6802,0.0058,0.314
HEARTS TEN DIAMONDS FOUR,0.675,0.0036,0.3214
SPADES JACK SPADES TWO,0.6554,0.0056,0.339
HEARTS QUEEN DIAMONDS FOUR,0.6772,0.0048,0.318
HEARTS KING DIAMONDS FOUR,0.7546,0.0136,0.2318
HEARTS ACE DIAMONDS FOUR,0.6862,0.0498,0.264
SPADES KING SPADES NINE,0.735,0.0118,0.2532
SPADES QUEEN SPADES NINE,0.619,0.0044,0.3766
DIAMONDS THREE SPADES NINE,0.6828,0.0054,0.3118
DIAMONDS THREE SPADES EIGHT,0.6754,0.006,0.3186
DIAMONDS THREE SPADES SEVEN,0.6516,0.0028,0.3456
DIAMONDS THREE SPADES SIX,0.662,0.004,0.334
DIAMONDS THREE CLUBS SIX,0.6408,0.0052,0.354
CLUBS FIVE CLUBS SIX,0.5888,0.0048,0.4064
CLUBS ACE DIAMONDS FOUR,0.6994,0.0516,0.249
CLUBS SEVEN DIAMONDS THREE,0.6554,0.0044,0.3402
CLUBS SEVEN CLUBS FIVE,0.584,0.0052,0.4108
DIAMONDS THREE CLUBS FOUR,0.6414,0.0042,0.3544
DIAMONDS FOUR CLUBS QUEEN,0.6772,0.0034,0.3194
DIAMONDS THREE CLUBS FIVE,0.6354,0.0024,0.3622
CLUBS KING DIAMONDS FOUR,0.7626,0.0104,0.227
DIAMONDS THREE CLUBS TWO,0.6578,0.0074,0.3348
CLUBS TEN DIAMONDS FOUR,0.6726,0.0044,0.323
DIAMONDS THREE CLUBS THREE,0.4712,0.0064,0.5224
DIAMONDS FOUR CLUBS JACK,0.6686,0.0044,0.327
DIAMONDS THREE SPADES FOUR,0.6424,0.006,0.3516
DIAMONDS THREE SPADES FIVE,0.6362,0.005,0.3588
DIAMONDS THREE SPADES TWO,0.6574,0.007,0.3356
DIAMONDS THREE SPADES THREE,0.469,0.0054,0.5256
CLUBS EIGHT DIAMONDS THREE,0.673,0.0034,0.3236
CLUBS NINE DIAMONDS THREE,0.6838,0.0046,0.3116
SPADES SEVEN CLUBS ACE,0.696,0.044,0.26
SPADES SEVEN CLUBS QUEEN,0.6764,0.0048,0.3188
SPADES SEVEN CLUBS KING,0.7592,0.0106,0.2302
CLUBS FIVE SPADES SEVEN,0.6358,0.0042,0.36
CLUBS TEN SPADES SEVEN,0.6438,0.0032,0.353
CLUBS FIVE SPADES SIX,0.6108,0.0032,0.386
SPADES SEVEN CLUBS JACK,0.6604,0.0046,0.335
SPADES NINE CLUBS FIVE,0.657,0.0044,0.3386
CLUBS FIVE SPADES EIGHT,0.6576,0.0036,0.3388
CLUBS FIVE SPADES THREE,0.6362,0.005,0.3588
CLUBS FIVE SPADES TWO,0.6522,0.006,0.3418
CLUBS FIVE SPADES FIVE,0.4716,0.005,0.5234
CLUBS FIVE SPADES FOUR,0.6166,0.0064,0.377
CLUBS NINE CLUBS FIVE,0.605,0.005,0.39
CLUBS EIGHT CLUBS FIVE,0.6052,0.0038,0.391
CLUBS ACE CLUBS QUEEN,0.6736,0.0414,0.285
CLUBS KING CLUBS QUEEN,0.6974,0.013,0.2896
DIAMONDS TEN DIAMONDS FOUR,0.6202,0.0042,0.3756
CLUBS TEN DIAMONDS NINE,0.6344,0.004,0.3616
DIAMONDS JACK DIAMONDS FOUR,0.6492,0.0042,0.3466
DIAMONDS NINE CLUBS JACK,0.6572,0.0042,0.3386
SPADES NINE CLUBS JACK,0.634,0.0016,0.3644
CLUBS TEN SPADES NINE,0.6304,0.0046,0.365
DIAMONDS ACE DIAMONDS FOUR,0.6658,0.0482,0.286
HEARTS FOUR DIAMONDS FOUR,0.466,0.0048,0.5292
DIAMONDS JACK HEARTS TEN,0.6284,0.0032,0.3684
SPADES NINE CLUBS KING,0.7746,0.0142,0.2112
DIAMONDS TWO SPADES TEN,0.6928,0.0062,0.301
DIAMONDS NINE CLUBS ACE,0.6982,0.0516,0.2502
HEARTS FIVE DIAMONDS FOUR,0.63,0.0048,0.3652
DIAMONDS JACK HEARTS JACK,0.4378,0.0038,0.5584
SPADES NINE CLUBS QUEEN,0.6534,0.005,0.3416
SPADES JACK DIAMONDS TWO,0.6872,0.007,0.3058
DIAMONDS QUEEN DIAMONDS FOUR,0.6454,0.0058,0.3488
HEARTS TWO DIAMONDS FOUR,0.667,0.0064,0.3266
DIAMONDS NINE CLUBS QUEEN,0.6622,0.0042,0.3336
HEARTS THREE DIAMONDS FOUR,0.6416,0.0058,0.3526
SPADES NINE CLUBS ACE,0.707,0.052,0.241
DIAMONDS NINE CLUBS KING,0.7694,0.0134,0.2172
HEARTS ACE DIAMONDS JACK,0.705,0.0426,0.2524
HEARTS QUEEN DIAMONDS JACK,0.652,0.004,0.344
SPADES QUEEN DIAMONDS TWO,0.7006,0.0052,0.2942
DIAMONDS JACK HEARTS KING,0.7528,0.009,0.2382
SPADES KING DIAMONDS TWO,0.7732,0.0132,0.2136
SPADES JACK SPADES SEVEN,0.6318,0.005,0.3632
SPADES TEN SPADES SEVEN,0.6234,0.0052,0.3714
CLUBS SEVEN CLUBS THREE,0.604,0.004,0.392
CLUBS SIX CLUBS THREE,0.6128,0.0036,0.3836
CLUBS FIVE CLUBS THREE,0.5872,0.0056,0.4072
CLUBS THREE CLUBS FOUR,0.5974,0.0036,0.399
CLUBS NINE CLUBS THREE,0.6188,0.0034,0.3778
CLUBS EIGHT CLUBS THREE,0.6232,0.0034,0.3734
CLUBS THREE SPADES FIVE,0.6482,0.0056,0.3462
CLUBS THREE SPADES FOUR,0.639,0.0036,0.3574
CLUBS THREE SPADES THREE,0.472,0.0048,0.5232
CLUBS THREE SPADES TWO,0.6602,0.005,0.3348
CLUBS THREE SPADES SIX,0.6422,0.0052,0.3526
SPADES SEVEN CLUBS THREE,0.6544,0.0052,0.3404
SPADES EIGHT CLUBS THREE,0.6778,0.0028,0.3194
SPADES NINE CLUBS THREE,0.6668,0.0048,0.3284
SPADES TWO DIAMONDS FOUR,0.6586,0.0046,0.3368
SPADES THREE DIAMONDS FOUR,0.6352,0.007,0.3578
SPADES FOUR DIAMONDS FOUR,0.4776,0.0046,0.5178
SPADES FIVE DIAMONDS FOUR,0.6322,0.006,0.3618
SPADES SIX DIAMONDS FOUR,0.6344,0.0064,0.3592
SPADES SEVEN DIAMONDS FOUR,0.65,0.0052,0.3448
SPADES EIGHT DIAMONDS FOUR,0.6706,0.0032,0.3262
SPADES NINE DIAMONDS FOUR,0.6784,0.005,0.3166
CLUBS FIVE DIAMONDS FOUR,0.6152,0.0048,0.38
CLUBS FOUR DIAMONDS FOUR,0.4542,0.005,0.5408
CLUBS SEVEN DIAMONDS FOUR,0.6446,0.0038,0.3516
CLUBS SIX DIAMONDS FOUR,0.6362,0.0036,0.3602
CLUBS NINE DIAMONDS FOUR,0.6598,0.0074,0.3328
CLUBS EIGHT DIAMONDS FOUR,0.6614,0.003,0.3356
HEARTS SEVEN DIAMONDS FOUR,0.6418,0.0048,0.3534
HEARTS SIX DIAMONDS FOUR,0.648,0.0044,0.3476
DIAMONDS FOUR HEARTS NINE,0.6764,0.005,0.3186
DIAMONDS FOUR HEARTS EIGHT,0.6572,0.0054,0.3374
CLUBS THREE DIAMONDS FOUR,0.6284,0.0062,0.3654
CLUBS TWO DIAMONDS FOUR,0.6552,0.006,0.3388
DIAMONDS TEN DIAMONDS FIVE,0.6308,0.0052,0.364
DIAMONDS JACK DIAMONDS FIVE,0.6374,0.0062,0.3564
DIAMONDS NINE HEARTS QUEEN,0.658,0.003,0.339
DIAMONDS NINE HEARTS KING,0.7658,0.0094,0.2248
HEARTS ACE DIAMONDS NINE,0.713,0.0526,0.2344
DIAMONDS NINE HEARTS TEN,0.622,0.0042,0.3738
DIAMONDS NINE HEARTS JACK,0.6384,0.0028,0.3588
CLUBS KING DIAMONDS SIX,0.7646,0.0084,0.227
CLUBS QUEEN DIAMONDS SIX,0.6822,0.0034,0.3144
CLUBS ACE DIAMONDS SIX,0.7156,0.0462,0.2382
SPADES KING DIAMONDS FOUR,0.7644,0.0148,0.2208
SPADES QUEEN DIAMONDS FOUR,0.6842,0.004,0.3118
SPADES QUEEN SPADES SEVEN,0.6448,0.007,0.3482
CLUBS JACK DIAMONDS SIX,0.6668,0.0036,0.3296
SPADES KING SPADES SEVEN,0.726,0.0128,0.2612
CLUBS TEN DIAMONDS SIX,0.657,0.0044,0.3386
CLUBS NINE CLUBS FOUR,0.617,0.005,0.378
CLUBS EIGHT CLUBS FOUR,0.6186,0.0022,0.3792
SPADES JACK DIAMONDS FOUR,0.6778,0.0056,0.3166
SPADES TEN DIAMONDS FOUR,0.6744,0.0056,0.32
CLUBS FIVE CLUBS FOUR,0.5666,0.0058,0.4276
CLUBS SEVEN CLUBS FOUR,0.5968,0.005,0.3982
CLUBS SIX CLUBS FOUR,0.594,0.0068,0.3992
CLUBS SEVEN SPADES EIGHT,0.619,0.0036,0.3774
CLUBS SEVEN SPADES NINE,0.64,0.0036,0.3564
CLUBS SEVEN SPADES SIX,0.6296,0.0024,0.368
CLUBS SEVEN SPADES SEVEN,0.4646,0.0034,0.532
CLUBS SEVEN SPADES FIVE,0.6296,0.0058,0.3646
CLUBS SEVEN SPADES FOUR,0.6492,0.0052,0.3456
CLUBS SEVEN SPADES THREE,0.6612,0.003,0.3358
CLUBS SEVEN SPADES TWO,0.6764,0.005,0.3186
CLUBS NINE CLUBS SEVEN,0.5934,0.0044,0.4022
CLUBS SEVEN CLUBS EIGHT,0.5758,0.004,0.4202
HEARTS SIX DIAMONDS FIVE,0.6298,0.0048,0.3654
HEARTS SEVEN DIAMONDS FIVE,0.6248,0.0032,0.372
DIAMONDS FIVE HEARTS EIGHT,0.642,0.0034,0.3546
DIAMONDS FIVE HEARTS NINE,0.654,0.0046,0.3414
DIAMONDS QUEEN DIAMONDS FIVE,0.6496,0.0056,0.3448
HEARTS TWO DIAMONDS FIVE,0.6438,0.0056,0.3506
HEARTS KING HEARTS EIGHT,0.6982,0.0086,0.2932
HEARTS THREE DIAMONDS FIVE,0.63,0.0056,0.3644
HEARTS QUEEN HEARTS EIGHT,0.6182,0.0024,0.3794
DIAMONDS ACE DIAMONDS FIVE,0.666,0.0478,0.2862
HEARTS FOUR DIAMONDS FIVE,0.611,0.007,0.382
HEARTS FIVE DIAMONDS FIVE,0.4622,0.0046,0.5332
HEARTS ACE HEARTS EIGHT,0.6632,0.0448,0.292
CLUBS FOUR DIAMONDS FIVE,0.613,0.0044,0.3826
CLUBS FIVE DIAMONDS FIVE,0.458,0.0068,0.5352
CLUBS SIX DIAMONDS FIVE,0.632,0.0044,0.3636
CLUBS SEVEN DIAMONDS FIVE,0.6418,0.005,0.3532
CLUBS TWO DIAMONDS FIVE,0.6532,0.0062,0.3406
CLUBS THREE DIAMONDS FIVE,0.6294,0.0068,0.3638
SPADES THREE DIAMONDS FIVE,0.6426,0.0068,0.3506
SPADES TWO DIAMONDS FIVE,0.6404,0.0044,0.3552
SPADES JACK DIAMONDS EIGHT,0.6726,0.0036,0.3238
SPADES FIVE DIAMONDS FIVE,0.4716,0.005,0.5234
CLUBS TEN HEARTS JACK,0.6304,0.004,0.3656
SPADES TEN DIAMONDS EIGHT,0.6404,0.0058,0.3538
SPADES FOUR DIAMONDS FIVE,0.6282,0.007,0.3648
HEARTS JACK CLUBS JACK,0.432,0.0034,0.5646
HEARTS JACK CLUBS QUEEN,0.639,0.0064,0.3546
CLUBS NINE DIAMONDS FIVE,0.6612,0.0042,0.3346
CLUBS KING HEARTS JACK,0.7336,0.009,0.2574
CLUBS EIGHT DIAMONDS FIVE,0.6414,0.0046,0.354
CLUBS ACE HEARTS JACK,0.716,0.0464,0.2376
SPADES SEVEN DIAMONDS FIVE,0.6202,0.0054,0.3744
SPADES KING DIAMONDS EIGHT,0.7686,0.0126,0.2188
SPADES SIX DIAMONDS FIVE,0.6256,0.0056,0.3688
SPADES QUEEN DIAMONDS EIGHT,0.6826,0.0052,0.3122
SPADES NINE DIAMONDS FIVE,0.6606,0.0038,0.3356
SPADES EIGHT DIAMONDS FIVE,0.6426,0.0064,0.351
DIAMONDS TEN DIAMONDS SIX,0.6356,0.0034,0.361
HEARTS ACE DIAMONDS SEVEN,0.7122,0.0446,0.2432
DIAMONDS JACK DIAMONDS SIX,0.6438,0.005,0.3512
HEARTS QUEEN DIAMONDS SEVEN,0.6746,0.0036,0.3218
HEARTS KING DIAMONDS SEVEN,0.7452,0.0114,0.2434
DIAMONDS ACE DIAMONDS SIX,0.682,0.043,0.275
HEARTS FOUR DIAMONDS SIX,0.639,0.0026,0.3584
SPADES TWO HEARTS JACK,0.679,0.0044,0.3166
HEARTS FIVE DIAMONDS SIX,0.6252,0.0064,0.3684
SPADES TWO HEARTS TEN,0.6772,0.002,0.3208
DIAMONDS QUEEN DIAMONDS SIX,0.6434,0.0064,0.3502
HEARTS TWO DIAMONDS SIX,0.6672,0.0046,0.3282
HEARTS THREE DIAMONDS SIX,0.6528,0.0054,0.3418
HEARTS EIGHT DIAMONDS SIX,0.6332,0.0032,0.3636
HEARTS NINE DIAMONDS SIX,0.648,0.0046,0.3474
HEARTS SIX DIAMONDS SIX,0.4732,0.0034,0.5234
HEARTS SEVEN DIAMONDS SIX,0.6234,0.0044,0.3722
HEARTS TEN DIAMONDS SEVEN,0.6436,0.0048,0.3516
CLUBS TWO DIAMONDS SIX,0.6762,0.005,0.3188
HEARTS JACK DIAMONDS SEVEN,0.662,0.0024,0.3356
CLUBS THREE DIAMONDS SIX,0.6438,0.0064,0.3498
CLUBS SEVEN DIAMONDS SIX,0.6356,0.002,0.3624
DIAMONDS EIGHT CLUBS JACK,0.65,0.0048,0.3452
CLUBS SIX DIAMONDS SIX,0.4696,0.0036,0.5268
CLUBS TEN DIAMONDS EIGHT,0.644,0.0034,0.3526
CLUBS FIVE DIAMONDS SIX,0.6318,0.006,0.3622
CLUBS FOUR DIAMONDS SIX,0.6518,0.0046,0.3436
HEARTS ACE HEARTS JACK,0.6688,0.0412,0.29
DIAMONDS EIGHT CLUBS ACE,0.7044,0.0486,0.247
HEARTS QUEEN HEARTS JACK,0.5888,0.005,0.4062
DIAMONDS EIGHT CLUBS KING,0.7692,0.0106,0.2202
CLUBS NINE DIAMONDS SIX,0.6568,0.0042,0.339
HEARTS KING HEARTS JACK,0.7046,0.0106,0.2848
DIAMONDS EIGHT CLUBS QUEEN,0.658,0.006,0.336
CLUBS EIGHT DIAMONDS SIX,0.6424,0.0034,0.3542
SPADES TEN HEARTS KING,0.7418,0.0128,0.2454
SPADES FIVE DIAMONDS SIX,0.631,0.0056,0.3634
HEARTS ACE SPADES TWO,0.7016,0.0418,0.2566
SPADES JACK HEARTS KING,0.749,0.0106,0.2404
SPADES FOUR DIAMONDS SIX,0.6358,0.0056,0.3586
SPADES THREE DIAMONDS SIX,0.6576,0.0062,0.3362
HEARTS QUEEN SPADES TWO,0.6836,0.0056,0.3108
SPADES TWO HEARTS KING,0.763,0.0134,0.2236
SPADES TWO DIAMONDS SIX,0.6712,0.0056,0.3232
HEARTS TEN HEARTS EIGHT,0.596,0.004,0.4
SPADES NINE DIAMONDS SIX,0.6686,0.004,0.3274
HEARTS JACK HEARTS EIGHT,0.612,0.0056,0.3824
SPADES EIGHT DIAMONDS SIX,0.6378,0.006,0.3562
SPADES SEVEN DIAMONDS SIX,0.6378,0.0042,0.358
SPADES SIX DIAMONDS SIX,0.4782,0.0036,0.5182
SPADES KING HEARTS KING,0.3046,0.009,0.6864
SPADES QUEEN HEARTS KING,0.7442,0.014,0.2418
CLUBS ACE CLUBS KING,0.0222,0.8972,0.0806
SPADES QUEEN HEARTS JACK,0.6502,0.0054,0.3444
SPADES KING HEARTS JACK,0.7424,0.0124,0.2452
SPADES TEN DIAMONDS TEN,0.4466,0.0052,0.5482
SPADES JACK DIAMONDS TEN,0.6396,0.0048,0.3556
SPADES JACK HEARTS JACK,0.4338,0.0036,0.5626
SPADES TEN HEARTS JACK,0.6404,0.0052,0.3544
SPADES QUEEN DIAMONDS TEN,0.6432,0.0086,0.3482
SPADES KING DIAMONDS TEN,0.745,0.0132,0.2418
SPADES NINE DIAMONDS SEVEN,0.6508,0.0046,0.3446
SPADES EIGHT DIAMONDS SEVEN,0.6342,0.0046,0.3612
SPADES SEVEN DIAMONDS SEVEN,0.4846,0.0032,0.5122
SPADES SIX DIAMONDS SEVEN,0.6276,0.004,0.3684
HEARTS THREE DIAMONDS SEVEN,0.665,0.0062,0.3288
HEARTS KING DIAMONDS FIVE,0.7598,0.0148,0.2254
DIAMONDS QUEEN DIAMONDS SEVEN,0.642,0.0034,0.3546
HEARTS TWO DIAMONDS SEVEN,0.6778,0.0046,0.3176
HEARTS QUEEN DIAMONDS FIVE,0.6738,0.0024,0.3238
HEARTS FIVE DIAMONDS SEVEN,0.626,0.0036,0.3704
DIAMONDS ACE DIAMONDS SEVEN,0.684,0.0492,0.2668
HEARTS FOUR DIAMONDS SEVEN,0.65,0.0058,0.3442
HEARTS ACE DIAMONDS FIVE,0.6978,0.0436,0.2586
HEARTS SEVEN DIAMONDS SEVEN,0.4686,0.003,0.5284
HEARTS SIX DIAMONDS SEVEN,0.616,0.0032,0.3808
DIAMONDS SEVEN HEARTS NINE,0.6448,0.0044,0.3508
HEARTS EIGHT DIAMONDS SEVEN,0.6208,0.0038,0.3754
DIAMONDS JACK DIAMONDS SEVEN,0.6328,0.006,0.3612
DIAMONDS FIVE HEARTS JACK,0.6704,0.0042,0.3254
DIAMONDS TEN DIAMONDS SEVEN,0.617,0.0048,0.3782
HEARTS TEN DIAMONDS FIVE,0.6638,0.0038,0.3324
SPADES KING CLUBS TWO,0.7738,0.0166,0.2096
HEARTS KING CLUBS KING,0.297,0.0074,0.6956
CLUBS EIGHT DIAMONDS SEVEN,0.6406,0.0036,0.3558
SPADES QUEEN CLUBS TWO,0.6894,0.006,0.3046
HEARTS KING CLUBS QUEEN,0.7386,0.0086,0.2528
CLUBS NINE DIAMONDS SEVEN,0.6404,0.003,0.3566
SPADES TWO CLUBS JACK,0.6856,0.006,0.3084
CLUBS TEN SPADES TWO,0.673,0.0046,0.3224
HEARTS KING CLUBS ACE,0.0194,0.9568,0.0238
CLUBS SEVEN CLUBS SIX,0.5788,0.0052,0.416
SPADES TWO CLUBS KING,0.765,0.0112,0.2238
SPADES TWO DIAMONDS SEVEN,0.6794,0.0038,0.3168
CLUBS EIGHT CLUBS SIX,0.5876,0.004,0.4084
SPADES THREE DIAMONDS SEVEN,0.6618,0.0054,0.3328
SPADES TWO CLUBS QUEEN,0.6856,0.0046,0.3098
CLUBS NINE CLUBS SIX,0.5954,0.0046,0.4
SPADES FOUR DIAMONDS SEVEN,0.6446,0.0042,0.3512
HEARTS KING CLUBS JACK,0.7348,0.0112,0.254
SPADES FIVE DIAMONDS SEVEN,0.6474,0.0032,0.3494
SPADES TWO CLUBS ACE,0.7128,0.0498,0.2374
CLUBS TEN HEARTS KING,0.7348,0.0118,0.2534
CLUBS SIX SPADES TWO,0.6586,0.0038,0.3376
CLUBS SIX SPADES THREE,0.6482,0.0064,0.3454
CLUBS TWO DIAMONDS SEVEN,0.684,0.007,0.309
CLUBS SIX SPADES FOUR,0.6472,0.0056,0.3472
CLUBS THREE DIAMONDS SEVEN,0.6658,0.0062,0.328
CLUBS SIX SPADES FIVE,0.6256,0.0036,0.3708
CLUBS FOUR DIAMONDS SEVEN,0.6396,0.0054,0.355
CLUBS SIX SPADES SIX,0.4616,0.0028,0.5356
CLUBS FIVE DIAMONDS SEVEN,0.6376,0.0038,0.3586
CLUBS SIX SPADES SEVEN,0.618,0.0032,0.3788
CLUBS SIX DIAMONDS SEVEN,0.6278,0.0038,0.3684
SPADES EIGHT CLUBS SIX,0.6412,0.0038,0.355
SPADES JACK CLUBS TWO,0.6804,0.0058,0.3138
CLUBS SEVEN DIAMONDS SEVEN,0.4566,0.0044,0.539
SPADES NINE CLUBS SIX,0.6546,0.0032,0.3422
SPADES TEN CLUBS TWO,0.674,0.0036,0.3224
CLUBS TWO CLUBS QUEEN,0.6338,0.004,0.3622
CLUBS TWO CLUBS KING,0.7162,0.0124,0.2714
CLUBS THREE DIAMONDS EIGHT,0.6746,0.004,0.3214
CLUBS TWO CLUBS ACE,0.6644,0.0488,0.2868
CLUBS TWO DIAMONDS EIGHT,0.6778,0.005,0.3172
HEARTS SEVEN DIAMONDS EIGHT,0.623,0.0038,0.3732
HEARTS SIX DIAMONDS EIGHT,0.634,0.0046,0.3614
DIAMONDS EIGHT HEARTS NINE,0.6518,0.0044,0.3438
CLUBS TEN CLUBS TWO,0.6252,0.0068,0.368
DIAMONDS EIGHT HEARTS EIGHT,0.4804,0.0032,0.5164
CLUBS TWO CLUBS JACK,0.6356,0.0042,0.3602
CLUBS NINE DIAMONDS EIGHT,0.6448,0.0042,0.351
CLUBS EIGHT DIAMONDS EIGHT,0.4512,0.0036,0.5452
CLUBS FIVE DIAMONDS EIGHT,0.6514,0.003,0.3456
CLUBS FOUR DIAMONDS EIGHT,0.6576,0.0048,0.3376
CLUBS SEVEN DIAMONDS EIGHT,0.6282,0.0036,0.3682
SPADES QUEEN SPADES THREE,0.6504,0.0056,0.344
CLUBS SIX DIAMONDS EIGHT,0.6376,0.0058,0.3566
SPADES KING SPADES THREE,0.7458,0.0094,0.2448
DIAMONDS QUEEN DIAMONDS EIGHT,0.642,0.0066,0.3514
HEARTS TWO DIAMONDS EIGHT,0.6798,0.0038,0.3164
HEARTS THREE DIAMONDS EIGHT,0.6702,0.005,0.3248
DIAMONDS ACE DIAMONDS EIGHT,0.6552,0.0472,0.2976
HEARTS FOUR DIAMONDS EIGHT,0.6776,0.0048,0.3176
HEARTS FIVE DIAMONDS EIGHT,0.6516,0.0034,0.345
DIAMONDS EIGHT DIAMONDS TEN,0.605,0.006,0.389
DIAMONDS EIGHT DIAMONDS JACK,0.6124,0.005,0.3826
SPADES JACK SPADES THREE,0.654,0.0038,0.3422
SPADES TEN SPADES THREE,0.65,0.0064,0.3436
CLUBS FOUR HEARTS ACE,0.6982,0.0448,0.257
CLUBS FOUR HEARTS QUEEN,0.6748,0.005,0.3202
CLUBS FOUR HEARTS KING,0.764,0.0124,0.2236
CLUBS SIX HEARTS TEN,0.6586,0.0038,0.3376
CLUBS SIX HEARTS JACK,0.6768,0.0034,0.3198
SPADES FOUR DIAMONDS EIGHT,0.6632,0.0042,0.3326
SPADES FIVE DIAMONDS EIGHT,0.6524,0.0058,0.3418
DIAMONDS EIGHT SPADES TWO,0.6786,0.0036,0.3178
DIAMONDS EIGHT SPADES THREE,0.682,0.0046,0.3134
CLUBS FOUR HEARTS JACK,0.6748,0.0038,0.3214
SPADES EIGHT DIAMONDS EIGHT,0.4782,0.0034,0.5184
SPADES JACK HEARTS EIGHT,0.6468,0.0052,0.348
SPADES TEN HEARTS TWO,0.6766,0.005,0.3184
SPADES TEN DIAMONDS QUEEN,0.6478,0.007,0.3452
CLUBS FOUR HEARTS TEN,0.6568,0.0038,0.3394
SPADES NINE DIAMONDS EIGHT,0.6544,0.0064,0.3392
SPADES JACK HEARTS TWO,0.6824,0.0058,0.3118
SPADES JACK DIAMONDS QUEEN,0.6604,0.0028,0.3368
SPADES TEN HEARTS EIGHT,0.6442,0.0032,0.3526
SPADES SIX DIAMONDS EIGHT,0.6514,0.0052,0.3434
SPADES SEVEN DIAMONDS EIGHT,0.6312,0.0054,0.3634
SPADES QUEEN DIAMONDS QUEEN,0.4452,0.0052,0.5496
SPADES QUEEN HEARTS TWO,0.6846,0.0082,0.3072
SPADES KING HEARTS EIGHT,0.7566,0.0122,0.2312
SPADES QUEEN HEARTS EIGHT,0.66,0.004,0.336
SPADES KING HEARTS TWO,0.754,0.015,0.231
SPADES KING DIAMONDS QUEEN,0.7566,0.0138,0.2296
CLUBS TWO HEARTS TEN,0.6678,0.0042,0.328
CLUBS TWO HEARTS JACK,0.669,0.003,0.328
SPADES SEVEN DIAMONDS NINE,0.6444,0.0058,0.3498
SPADES SIX DIAMONDS NINE,0.6652,0.005,0.3298
SPADES NINE DIAMONDS NINE,0.4686,0.0062,0.5252
SPADES EIGHT DIAMONDS NINE,0.6482,0.0052,0.3466
SPADES TEN CLUBS KING,0.7316,0.011,0.2574
DIAMONDS NINE SPADES THREE,0.6884,0.0044,0.3072
SPADES JACK CLUBS KING,0.7544,0.01,0.2356
DIAMONDS NINE SPADES TWO,0.689,0.0058,0.3052
SPADES FIVE DIAMONDS NINE,0.6642,0.0048,0.331
DIAMONDS NINE SPADES FOUR,0.6774,0.007,0.3156
CLUBS NINE DIAMONDS NINE,0.453,0.0028,0.5442
CLUBS EIGHT DIAMONDS NINE,0.632,0.0024,0.3656
CLUBS SIX DIAMONDS NINE,0.656,0.0048,0.3392
SPADES JACK CLUBS FOUR,0.6744,0.006,0.3196
CLUBS SEVEN DIAMONDS NINE,0.6492,0.0024,0.3484
SPADES TEN CLUBS FOUR,0.686,0.005,0.309
CLUBS FOUR DIAMONDS NINE,0.671,0.0054,0.3236
CLUBS FIVE DIAMONDS NINE,0.664,0.004,0.332
DIAMONDS NINE CLUBS TWO,0.6818,0.0052,0.313
CLUBS THREE DIAMONDS NINE,0.6738,0.004,0.3222
DIAMONDS NINE HEARTS EIGHT,0.633,0.0042,0.3628
DIAMONDS NINE HEARTS NINE,0.459,0.004,0.537
HEARTS SIX DIAMONDS NINE,0.65,0.0038,0.3462
HEARTS SEVEN DIAMONDS NINE,0.6412,0.0036,0.3552
CLUBS NINE CLUBS EIGHT,0.5792,0.004,0.4168
DIAMONDS ACE DIAMONDS NINE,0.6798,0.044,0.2762
HEARTS FOUR DIAMONDS NINE,0.6754,0.0046,0.32
HEARTS FIVE DIAMONDS NINE,0.6476,0.0062,0.3462
HEARTS ACE CLUBS TWO,0.696,0.0474,0.2566
DIAMONDS QUEEN DIAMONDS NINE,0.6244,0.0062,0.3694
HEARTS TWO DIAMONDS NINE,0.6732,0.0052,0.3216
CLUBS TWO HEARTS KING,0.766,0.013,0.221
SPADES KING CLUBS FOUR,0.766,0.0144,0.2196
HEARTS THREE DIAMONDS NINE,0.6734,0.0056,0.321
CLUBS TWO HEARTS QUEEN,0.6818,0.0044,0.3138
SPADES QUEEN CLUBS FOUR,0.676,0.0054,0.3186
DIAMONDS NINE DIAMONDS JACK,0.6188,0.0044,0.3768
CLUBS EIGHT SPADES NINE,0.6374,0.0026,0.36
DIAMONDS NINE DIAMONDS TEN,0.5972,0.0044,0.3984
CLUBS EIGHT SPADES EIGHT,0.4542,0.004,0.5418
CLUBS EIGHT SPADES SEVEN,0.6288,0.0046,0.3666
CLUBS EIGHT SPADES SIX,0.6372,0.0032,0.3596
CLUBS EIGHT SPADES FIVE,0.6454,0.0058,0.3488
CLUBS EIGHT SPADES FOUR,0.6676,0.0048,0.3276
CLUBS EIGHT SPADES THREE,0.673,0.0048,0.3222
CLUBS EIGHT SPADES TWO,0.6694,0.0054,0.3252
HEARTS SIX DIAMONDS TEN,0.6606,0.0046,0.3348
HEARTS SEVEN DIAMONDS TEN,0.656,0.0032,0.3408
DIAMONDS TEN HEARTS EIGHT,0.6364,0.0036,0.36
CLUBS FOUR CLUBS JACK,0.6254,0.0046,0.37
DIAMONDS TEN HEARTS NINE,0.6362,0.0038,0.36
CLUBS TEN CLUBS FOUR,0.6302,0.005,0.3648
CLUBS FOUR CLUBS KING,0.717,0.0106,0.2724
CLUBS FOUR CLUBS QUEEN,0.6298,0.0054,0.3648
CLUBS TWO DIAMONDS TEN,0.679,0.005,0.316
CLUBS THREE DIAMONDS TEN,0.6758,0.0054,0.3188
CLUBS FOUR CLUBS ACE,0.6476,0.0452,0.3072
DIAMONDS JACK DIAMONDS TEN,0.5934,0.0058,0.4008
DIAMONDS QUEEN DIAMONDS TEN,0.6114,0.0046,0.384
HEARTS TWO DIAMONDS TEN,0.691,0.0044,0.3046
HEARTS THREE DIAMONDS TEN,0.679,0.004,0.317
DIAMONDS ACE DIAMONDS TEN,0.6658,0.0506,0.2836
HEARTS FOUR DIAMONDS TEN,0.6756,0.0026,0.3218
CLUBS EIGHT HEARTS JACK,0.647,0.0034,0.3496
HEARTS FIVE DIAMONDS TEN,0.6664,0.0048,0.3288
CLUBS EIGHT HEARTS TEN,0.6268,0.002,0.3712
CLUBS EIGHT HEARTS QUEEN,0.6586,0.002,0.3394
CLUBS EIGHT HEARTS KING,0.7546,0.0122,0.2332
CLUBS EIGHT HEARTS ACE,0.7004,0.043,0.2566
CLUBS NINE SPADES THREE,0.6762,0.0042,0.3196
CLUBS NINE SPADES TWO,0.6722,0.0044,0.3234
CLUBS NINE SPADES FIVE,0.6614,0.003,0.3356
CLUBS NINE SPADES FOUR,0.6666,0.0038,0.3296
CLUBS NINE SPADES SEVEN,0.6364,0.004,0.3596
CLUBS NINE SPADES SIX,0.6452,0.0048,0.35
CLUBS NINE SPADES NINE,0.4604,0.0034,0.5362
CLUBS TEN HEARTS EIGHT,0.6478,0.0026,0.3496
CLUBS NINE SPADES EIGHT,0.6514,0.0042,0.3444
HEARTS EIGHT CLUBS JACK,0.6456,0.003,0.3514
CLUBS QUEEN HEARTS EIGHT,0.6732,0.0034,0.3234
CLUBS KING HEARTS EIGHT,0.7504,0.0118,0.2378
CLUBS ACE HEARTS EIGHT,0.7046,0.0522,0.2432
SPADES KING CLUBS KING,0.2914,0.0112,0.6974
SPADES QUEEN CLUBS KING,0.757,0.0118,0.2312
DIAMONDS ACE HEARTS TEN,0.6988,0.0458,0.2554
HEARTS FOUR HEARTS TEN,0.6202,0.005,0.3748
DIAMONDS ACE HEARTS JACK,0.7022,0.045,0.2528
HEARTS FOUR HEARTS JACK,0.6368,0.006,0.3572
SPADES KING CLUBS FIVE,0.7502,0.014,0.2358
SPADES QUEEN CLUBS FIVE,0.6668,0.0066,0.3266
HEARTS SEVEN DIAMONDS JACK,0.6626,0.0048,0.3326
HEARTS SIX DIAMONDS JACK,0.6726,0.0042,0.3232
DIAMONDS JACK HEARTS NINE,0.628,0.0042,0.3678
DIAMONDS JACK HEARTS EIGHT,0.6506,0.0034,0.346
HEARTS THREE DIAMONDS JACK,0.678,0.004,0.318
HEARTS ACE SPADES FOUR,0.6942,0.0526,0.2532
DIAMONDS QUEEN DIAMONDS JACK,0.6154,0.0052,0.3794
HEARTS TWO DIAMONDS JACK,0.6806,0.0072,0.3122
HEARTS FIVE DIAMONDS JACK,0.6798,0.0046,0.3156
SPADES QUEEN SPADES SIX,0.6384,0.0058,0.3558
SPADES FOUR HEARTS QUEEN,0.6874,0.0064,0.3062
DIAMONDS ACE DIAMONDS JACK,0.673,0.0486,0.2784
HEARTS FOUR DIAMONDS JACK,0.6826,0.0054,0.312
SPADES KING SPADES SIX,0.7304,0.0126,0.257
SPADES FOUR HEARTS KING,0.7598,0.011,0.2292
SPADES TEN SPADES SIX,0.652,0.0042,0.3438
SPADES JACK SPADES SIX,0.642,0.0054,0.3526
SPADES FOUR DIAMONDS JACK,0.6722,0.0054,0.3224
SPADES FIVE DIAMONDS JACK,0.673,0.0044,0.3226
DIAMONDS JACK SPADES TWO,0.691,0.0038,0.3052
SPADES THREE DIAMONDS JACK,0.6732,0.006,0.3208
SPADES QUEEN DIAMONDS THREE,0.6906,0.0066,0.3028
CLUBS EIGHT DIAMONDS JACK,0.6726,0.0028,0.3246
SPADES KING DIAMONDS THREE,0.774,0.0136,0.2124
CLUBS NINE DIAMONDS JACK,0.6418,0.0036,0.3546
CLUBS SIX DIAMONDS JACK,0.6814,0.0032,0.3154
CLUBS SEVEN DIAMONDS JACK,0.6588,0.003,0.3382
CLUBS FOUR DIAMONDS JACK,0.6732,0.0038,0.323
CLUBS FIVE DIAMONDS JACK,0.6806,0.0038,0.3156
CLUBS TWO DIAMONDS JACK,0.6872,0.0044,0.3084
CLUBS THREE DIAMONDS JACK,0.681,0.0056,0.3134
SPADES JACK HEARTS SIX,0.6792,0.0042,0.3166
SPADES TEN CLUBS FIVE,0.6666,0.0054,0.328
SPADES JACK CLUBS FIVE,0.6762,0.0036,0.3202
SPADES TEN HEARTS SIX,0.6582,0.0032,0.3386
SPADES JACK DIAMONDS THREE,0.6782,0.0052,0.3166
CLUBS SEVEN CLUBS ACE,0.6692,0.0436,0.2872
SPADES TEN DIAMONDS THREE,0.6876,0.0048,0.3076
CLUBS SEVEN CLUBS QUEEN,0.6294,0.004,0.3666
CLUBS SEVEN CLUBS KING,0.7086,0.0128,0.2786
SPADES NINE DIAMONDS JACK,0.65,0.0062,0.3438
CLUBS TEN CLUBS SEVEN,0.5944,0.0028,0.4028
DIAMONDS ACE HEARTS ACE,0.0624,0.0118,0.9258
HEARTS FOUR HEARTS ACE,0.6496,0.0494,0.301
SPADES EIGHT DIAMONDS JACK,0.6496,0.005,0.3454
CLUBS SEVEN CLUBS JACK,0.6236,0.0042,0.3722
DIAMONDS ACE HEARTS KING,0.0146,0.9648,0.0206
HEARTS FOUR HEARTS KING,0.7136,0.0118,0.2746
SPADES SEVEN DIAMONDS JACK,0.6594,0.0054,0.3352
SPADES KING HEARTS SIX,0.7632,0.0108,0.226
DIAMONDS ACE HEARTS QUEEN,0.718,0.0474,0.2346
HEARTS FOUR HEARTS QUEEN,0.636,0.0062,0.3578
SPADES SIX DIAMONDS JACK,0.6936,0.0052,0.3012
SPADES QUEEN HEARTS SIX,0.6788,0.0044,0.3168
SPADES TWO DIAMONDS TEN,0.6902,0.0076,0.3022
SPADES THREE DIAMONDS TEN,0.6786,0.006,0.3154
SPADES FOUR DIAMONDS TEN,0.678,0.0058,0.3162
SPADES FIVE DIAMONDS TEN,0.6754,0.0062,0.3184
SPADES SIX DIAMONDS TEN,0.6522,0.0034,0.3444
SPADES SEVEN DIAMONDS TEN,0.6608,0.0062,0.333
SPADES EIGHT DIAMONDS TEN,0.6424,0.0038,0.3538
SPADES NINE DIAMONDS TEN,0.6344,0.0046,0.361
CLUBS FOUR DIAMONDS TEN,0.6848,0.0036,0.3116
CLUBS FIVE DIAMONDS TEN,0.6738,0.004,0.3222
CLUBS SIX DIAMONDS TEN,0.6684,0.0046,0.327
CLUBS SEVEN DIAMONDS TEN,0.647,0.003,0.35
CLUBS EIGHT DIAMONDS TEN,0.6422,0.0048,0.353
CLUBS NINE DIAMONDS TEN,0.64,0.0034,0.3566
DIAMONDS THREE CLUBS JACK,0.6892,0.0056,0.3052
CLUBS TEN DIAMONDS THREE,0.664,0.005,0.331
DIAMONDS THREE CLUBS KING,0.7634,0.0146,0.222
DIAMONDS THREE CLUBS QUEEN,0.6872,0.0048,0.308
DIAMONDS THREE CLUBS ACE,0.695,0.048,0.257
SPADES FOUR HEARTS JACK,0.6792,0.0044,0.3164
SPADES FOUR HEARTS TEN,0.6814,0.0038,0.3148
SPADES FIVE SPADES TWO,0.6272,0.0032,0.3696
SPADES FOUR SPADES TWO,0.626,0.0052,0.3688
SPADES THREE SPADES TWO,0.6244,0.0076,0.368
SPADES NINE SPADES TWO,0.6456,0.0054,0.349
SPADES EIGHT SPADES TWO,0.6328,0.0038,0.3634
SPADES SEVEN SPADES TWO,0.6494,0.0054,0.3452
SPADES SIX SPADES TWO,0.6308,0.006,0.3632
DIAMONDS QUEEN CLUBS THREE,0.6824,0.0056,0.312
CLUBS THREE HEARTS TWO,0.6374,0.006,0.3566
DIAMONDS QUEEN CLUBS TWO,0.6834,0.0062,0.3104
HEARTS TWO CLUBS TWO,0.4778,0.008,0.5142
HEARTS SEVEN DIAMONDS QUEEN,0.6636,0.0044,0.332
HEARTS SEVEN HEARTS TWO,0.6262,0.0048,0.369
HEARTS SIX DIAMONDS QUEEN,0.6652,0.005,0.3298
HEARTS SIX HEARTS TWO,0.6128,0.0064,0.3808
DIAMONDS QUEEN HEARTS NINE,0.662,0.0036,0.3344
HEARTS TWO HEARTS NINE,0.624,0.0044,0.3716
DIAMONDS QUEEN HEARTS EIGHT,0.655,0.003,0.342
HEARTS TWO HEARTS EIGHT,0.6154,0.0038,0.3808
CLUBS NINE HEARTS TWO,0.6592,0.0044,0.3364
CLUBS NINE DIAMONDS QUEEN,0.6626,0.004,0.3334
CLUBS EIGHT HEARTS TWO,0.6654,0.0046,0.33
CLUBS EIGHT DIAMONDS QUEEN,0.659,0.0038,0.3372
CLUBS FIVE DIAMONDS QUEEN,0.6778,0.0054,0.3168
CLUBS FIVE HEARTS TWO,0.6378,0.0046,0.3576
SPADES EIGHT HEARTS ACE,0.7144,0.0444,0.2412
DIAMONDS QUEEN CLUBS FOUR,0.6832,0.005,0.3118
CLUBS FOUR HEARTS TWO,0.65,0.0046,0.3454
CLUBS SEVEN DIAMONDS QUEEN,0.6714,0.0034,0.3252
CLUBS SEVEN HEARTS TWO,0.6708,0.0044,0.3248
SPADES EIGHT HEARTS QUEEN,0.6658,0.0046,0.3296
CLUBS SIX DIAMONDS QUEEN,0.6754,0.003,0.3216
CLUBS SIX HEARTS TWO,0.6674,0.0054,0.3272
SPADES EIGHT HEARTS KING,0.7588,0.0116,0.2296
DIAMONDS QUEEN SPADES SIX,0.6704,0.0064,0.3232
SPADES SIX HEARTS TWO,0.6704,0.0038,0.3258
HEARTS FOUR CLUBS QUEEN,0.6826,0.005,0.3124
DIAMONDS ACE CLUBS QUEEN,0.698,0.0496,0.2524
DIAMONDS QUEEN SPADES SEVEN,0.6778,0.0052,0.317
SPADES SEVEN HEARTS TWO,0.6704,0.0048,0.3248
HEARTS FOUR CLUBS KING,0.7612,0.0138,0.225
DIAMONDS ACE CLUBS KING,0.0142,0.969,0.0168
SPADES EIGHT DIAMONDS QUEEN,0.6662,0.0068,0.327
SPADES EIGHT HEARTS TWO,0.6714,0.006,0.3226
HEARTS FOUR CLUBS ACE,0.6878,0.047,0.2652
DIAMONDS ACE CLUBS ACE,0.0624,0.0144,0.9232
SPADES NINE DIAMONDS QUEEN,0.6602,0.0064,0.3334
SPADES NINE HEARTS TWO,0.678,0.0042,0.3178
HEARTS TWO SPADES TWO,0.4762,0.0046,0.5192
DIAMONDS QUEEN SPADES TWO,0.6958,0.0048,0.2994
HEARTS TWO SPADES THREE,0.6586,0.0066,0.3348
DIAMONDS QUEEN SPADES THREE,0.6916,0.0054,0.303
HEARTS TWO SPADES FOUR,0.6612,0.0044,0.3344
DIAMONDS QUEEN SPADES FOUR,0.6882,0.0072,0.3046
CLUBS TEN HEARTS FOUR,0.6692,0.0028,0.328
CLUBS TEN DIAMONDS ACE,0.7016,0.0494,0.249
HEARTS TWO SPADES FIVE,0.656,0.0046,0.3394
DIAMONDS QUEEN SPADES FIVE,0.6774,0.0048,0.3178
HEARTS FOUR CLUBS JACK,0.6658,0.0038,0.3304
DIAMONDS ACE CLUBS JACK,0.7004,0.0518,0.2478
CLUBS FIVE CLUBS KING,0.7124,0.0104,0.2772
CLUBS FIVE CLUBS QUEEN,0.6352,0.0038,0.361
CLUBS FIVE CLUBS ACE,0.6464,0.0514,0.3022
CLUBS FIVE CLUBS JACK,0.6362,0.0032,0.3606
CLUBS TEN CLUBS FIVE,0.6278,0.0038,0.3684
SPADES KING CLUBS JACK,0.7478,0.0086,0.2436
SPADES QUEEN CLUBS JACK,0.6504,0.0048,0.3448
SPADES SIX CLUBS KING,0.7584,0.0118,0.2298
SPADES SIX CLUBS QUEEN,0.6726,0.003,0.3244
SPADES EIGHT HEARTS JACK,0.6478,0.0032,0.349
SPADES SIX CLUBS ACE,0.7062,0.041,0.2528
SPADES EIGHT HEARTS TEN,0.6354,0.0048,0.3598
SPADES SIX CLUBS JACK,0.676,0.0032,0.3208
CLUBS TEN SPADES SIX,0.6728,0.0038,0.3234
SPADES TEN CLUBS JACK,0.6254,0.0052,0.3694
SPADES JACK CLUBS JACK,0.4364,0.0028,0.5608
SPADES QUEEN CLUBS SEVEN,0.6796,0.0042,0.3162
SPADES KING CLUBS SEVEN,0.7658,0.0116,0.2226
SPADES SIX HEARTS TEN,0.658,0.0036,0.3384
SPADES SIX HEARTS JACK,0.6778,0.004,0.3182
SPADES SIX HEARTS ACE,0.715,0.043,0.242
SPADES SIX HEARTS KING,0.7612,0.0114,0.2274
SPADES SIX HEARTS QUEEN,0.68,0.0038,0.3162
SPADES JACK CLUBS SEVEN,0.6662,0.004,0.3298
CLUBS SEVEN SPADES TEN,0.6506,0.003,0.3464
CLUBS TEN HEARTS SIX,0.6642,0.004,0.3318
HEARTS SIX CLUBS JACK,0.6654,0.0038,0.3308
CLUBS ACE CLUBS JACK,0.6494,0.0478,0.3028
HEARTS SIX CLUBS QUEEN,0.6778,0.003,0.3192
HEARTS SIX CLUBS KING,0.758,0.0102,0.2318
HEARTS SIX CLUBS ACE,0.7082,0.0496,0.2422
CLUBS QUEEN CLUBS JACK,0.5928,0.0054,0.4018
CLUBS KING CLUBS JACK,0.7036,0.013,0.2834
DIAMONDS THREE HEARTS ACE,0.7004,0.0484,0.2512
DIAMONDS THREE HEARTS QUEEN,0.6752,0.0064,0.3184
DIAMONDS THREE HEARTS KING,0.7672,0.014,0.2188
CLUBS FIVE HEARTS JACK,0.6606,0.0038,0.3356
HEARTS FOUR SPADES TEN,0.666,0.0046,0.3294
SPADES TEN DIAMONDS ACE,0.7136,0.049,0.2374
CLUBS FIVE HEARTS TEN,0.6626,0.0036,0.3338
HEARTS FOUR SPADES JACK,0.6752,0.0058,0.319
SPADES JACK DIAMONDS ACE,0.7002,0.0506,0.2492
CLUBS FIVE HEARTS ACE,0.6852,0.048,0.2668
CLUBS FIVE HEARTS KING,0.7564,0.014,0.2296
SPADES QUEEN DIAMONDS ACE,0.7232,0.0472,0.2296
SPADES QUEEN HEARTS FOUR,0.6776,0.0026,0.3198
SPADES FOUR CLUBS JACK,0.6764,0.0036,0.32
CLUBS FIVE HEARTS QUEEN,0.6752,0.004,0.3208
SPADES KING HEARTS FOUR,0.7592,0.013,0.2278
SPADES KING DIAMONDS ACE,0.0098,0.9822,0.008
CLUBS TEN SPADES FOUR,0.6816,0.007,0.3114
DIAMONDS ACE DIAMONDS QUEEN,0.6792,0.0446,0.2762
DIAMONDS ACE HEARTS TWO,0.7106,0.0434,0.246
HEARTS FOUR DIAMONDS QUEEN,0.6822,0.0044,0.3134
HEARTS FOUR HEARTS TWO,0.6038,0.0048,0.3914
DIAMONDS THREE HEARTS TEN,0.677,0.0036,0.3194
SPADES FOUR CLUBS KING,0.7616,0.013,0.2254
HEARTS FIVE DIAMONDS QUEEN,0.6686,0.006,0.3254
HEARTS FIVE HEARTS TWO,0.5984,0.0062,0.3954
DIAMONDS THREE HEARTS JACK,0.688,0.0046,0.3074
SPADES FOUR CLUBS QUEEN,0.6822,0.0056,0.3122
DIAMONDS QUEEN HEARTS TWO,0.6818,0.0066,0.3116
DIAMONDS QUEEN HEARTS THREE,0.6756,0.006,0.3184
HEARTS THREE HEARTS TWO,0.612,0.006,0.382
SPADES FOUR CLUBS ACE,0.7084,0.0504,0.2412
HEARTS TWO CLUBS ACE,0.6932,0.052,0.2548
DIAMONDS QUEEN CLUBS ACE,0.7118,0.0454,0.2428
HEARTS TWO CLUBS QUEEN,0.6838,0.0038,0.3124
DIAMONDS QUEEN CLUBS QUEEN,0.4246,0.0042,0.5712
HEARTS TWO CLUBS KING,0.774,0.0142,0.2118
DIAMONDS QUEEN CLUBS KING,0.7548,0.0104,0.2348
SPADES EIGHT SPADES FIVE,0.6148,0.0044,0.3808
CLUBS TEN HEARTS TWO,0.6718,0.0042,0.324
CLUBS TEN DIAMONDS QUEEN,0.6476,0.0034,0.349
SPADES NINE SPADES FIVE,0.631,0.0042,0.3648
HEARTS TWO CLUBS JACK,0.681,0.0044,0.3146
DIAMONDS QUEEN CLUBS JACK,0.6532,0.005,0.3418
SPADES SIX SPADES FIVE,0.5906,0.005,0.4044
SPADES SEVEN SPADES FIVE,0.5982,0.005,0.3968
DIAMONDS FIVE CLUBS QUEEN,0.6684,0.0034,0.3282
SPADES EIGHT CLUBS ACE,0.7118,0.0496,0.2386
DIAMONDS FIVE CLUBS KING,0.7478,0.014,0.2382
SPADES EIGHT CLUBS KING,0.7634,0.012,0.2246
CLUBS ACE DIAMONDS FIVE,0.6966,0.0506,0.2528
SPADES EIGHT CLUBS QUEEN,0.664,0.005,0.331
SPADES EIGHT CLUBS JACK,0.6482,0.0046,0.3472
CLUBS TEN SPADES EIGHT,0.6392,0.0046,0.3562
CLUBS TEN DIAMONDS FIVE,0.6738,0.0036,0.3226
DIAMONDS FIVE CLUBS JACK,0.6728,0.0052,0.322
DIAMONDS TEN HEARTS JACK,0.6292,0.0056,0.3652
DIAMONDS TEN HEARTS TEN,0.4276,0.0028,0.5696
CLUBS NINE SPADES QUEEN,0.6534,0.005,0.3416
SPADES KING CLUBS NINE,0.7712,0.0096,0.2192
HEARTS SIX HEARTS KING,0.7128,0.0142,0.273
