opposingHand,winningChance,drawChance,lostChance
SPADES SEVEN CLUBS THREE
HEARTS FIVE SPADES TEN,0.3658,0.0298,0.6044
SPADES JACK HEARTS FIVE,0.3514,0.022,0.6266
SPADES FIVE CLUBS JACK,0.3724,0.0222,0.6054
CLUBS TEN SPADES FIVE,0.3706,0.027,0.6024
CLUBS EIGHT CLUBS JACK,0.322,0.0168,0.6612
CLUBS TEN CLUBS EIGHT,0.2972,0.0244,0.6784
CLUBS EIGHT CLUBS KING,0.3202,0.009,0.6708
SPADES FIVE CLUBS ACE,0.3532,0.007,0.6398
CLUBS EIGHT CLUBS QUEEN,0.3174,0.0126,0.67
SPADES FIVE CLUBS KING,0.3668,0.0106,0.6226
SPADES FIVE CLUBS QUEEN,0.3592,0.0162,0.6246
CLUBS EIGHT CLUBS ACE,0.3172,0.0042,0.6786
DIAMONDS TWO DIAMONDS THREE,0.533,0.1862,0.2808
DIAMONDS TWO DIAMONDS FIVE,0.4898,0.099,0.4112
SPADES KING HEARTS FIVE,0.354,0.0084,0.6376
DIAMONDS TWO DIAMONDS FOUR,0.5014,0.1014,0.3972
SPADES QUEEN HEARTS FIVE,0.3498,0.0136,0.6366
DIAMONDS TWO DIAMONDS SEVEN,0.2614,0.4748,0.2638
DIAMONDS TWO DIAMONDS SIX,0.5136,0.0998,0.3866
SPADES ACE HEARTS FIVE,0.3424,0.004,0.6536
DIAMONDS TWO DIAMONDS NINE,0.3854,0.0438,0.5708
DIAMONDS TWO DIAMONDS EIGHT,0.3732,0.0594,0.5674
DIAMONDS THREE DIAMONDS FOUR,0.5132,0.182,0.3048
CLUBS TWO SPADES FOUR,0.5432,0.1112,0.3456
DIAMONDS THREE DIAMONDS FIVE,0.5134,0.1832,0.3034
CLUBS TWO SPADES FIVE,0.5278,0.1134,0.3588
CLUBS TWO SPADES TWO,0.3518,0.1346,0.5136
CLUBS TWO SPADES THREE,0.5614,0.209,0.2296
DIAMONDS THREE DIAMONDS EIGHT,0.2416,0.1352,0.6232
SPADES EIGHT CLUBS TWO,0.3984,0.07,0.5316
DIAMONDS THREE DIAMONDS NINE,0.23,0.0918,0.6782
SPADES NINE CLUBS TWO,0.3984,0.0472,0.5544
DIAMONDS THREE DIAMONDS SIX,0.52,0.1798,0.3002
CLUBS TWO SPADES SIX,0.556,0.1054,0.3386
DIAMONDS THREE DIAMONDS SEVEN,0.022,0.911,0.067
CLUBS SIX CLUBS TWO,0.5166,0.1036,0.3798
CLUBS SEVEN CLUBS TWO,0.2658,0.4912,0.243
CLUBS TWO CLUBS FOUR,0.4978,0.1046,0.3976
CLUBS FIVE CLUBS TWO,0.5018,0.1004,0.3978
CLUBS TEN CLUBS JACK,0.3048,0.0162,0.679
DIAMONDS FOUR DIAMONDS SIX,0.4568,0.1064,0.4368
CLUBS TEN CLUBS QUEEN,0.3014,0.0118,0.6868
DIAMONDS FOUR DIAMONDS SEVEN,0.1928,0.4934,0.3138
CLUBS TEN CLUBS KING,0.327,0.0082,0.6648
CLUBS TEN CLUBS ACE,0.3202,0.0058,0.674
CLUBS EIGHT CLUBS TWO,0.3786,0.0686,0.5528
DIAMONDS FIVE DIAMONDS FOUR,0.449,0.0964,0.4546
CLUBS NINE CLUBS TWO,0.385,0.0404,0.5746
DIAMONDS NINE DIAMONDS FOUR,0.3408,0.0408,0.6184
DIAMONDS EIGHT DIAMONDS FOUR,0.3292,0.0636,0.6072
DIAMONDS NINE DIAMONDS FIVE,0.3224,0.0424,0.6352
DIAMONDS TWO CLUBS JACK,0.3922,0.0232,0.5846
DIAMONDS EIGHT DIAMONDS FIVE,0.3106,0.0636,0.6258
CLUBS TEN DIAMONDS TWO,0.3936,0.0304,0.576
DIAMONDS FIVE DIAMONDS SEVEN,0.2026,0.426,0.3714
DIAMONDS FIVE DIAMONDS SIX,0.4552,0.0984,0.4464
DIAMONDS TWO CLUBS ACE,0.384,0.0058,0.6102
DIAMONDS TWO CLUBS KING,0.4018,0.0078,0.5904
DIAMONDS TWO CLUBS QUEEN,0.3828,0.0152,0.602
DIAMONDS EIGHT DIAMONDS SIX,0.3208,0.0624,0.6168
DIAMONDS NINE DIAMONDS SIX,0.3206,0.036,0.6434
HEARTS ACE SPADES THREE,0.2494,0.0154,0.7352
HEARTS KING SPADES THREE,0.2662,0.0286,0.7052
DIAMONDS SEVEN DIAMONDS SIX,0.2046,0.34,0.4554
SPADES THREE HEARTS QUEEN,0.2522,0.0446,0.7032
SPADES THREE HEARTS JACK,0.2642,0.0534,0.6824
SPADES THREE HEARTS TEN,0.2616,0.0744,0.664
DIAMONDS EIGHT DIAMONDS SEVEN,0.2056,0.1324,0.662
DIAMONDS NINE DIAMONDS SEVEN,0.2252,0.1064,0.6684
DIAMONDS NINE DIAMONDS EIGHT,0.2784,0.037,0.6846
DIAMONDS KING HEARTS TEN,0.3382,0.0066,0.6552
HEARTS THREE HEARTS TEN,0.252,0.0688,0.6792
SPADES JACK CLUBS SIX,0.3582,0.0196,0.6222
DIAMONDS KING HEARTS JACK,0.3376,0.0054,0.657
HEARTS THREE HEARTS JACK,0.2334,0.0532,0.7134
SPADES TEN CLUBS SIX,0.3354,0.0308,0.6338
SPADES JACK SPADES FIVE,0.3414,0.021,0.6376
SPADES TEN SPADES FIVE,0.3456,0.0292,0.6252
DIAMONDS KING HEARTS ACE,0.3302,0.0046,0.6652
HEARTS THREE HEARTS ACE,0.236,0.0148,0.7492
SPADES ACE CLUBS SIX,0.3396,0.0054,0.655
DIAMONDS KING HEARTS QUEEN,0.3288,0.0044,0.6668
HEARTS THREE HEARTS QUEEN,0.2492,0.0382,0.7126
SPADES KING CLUBS SIX,0.3538,0.0096,0.6366
DIAMONDS KING HEARTS KING,0.1542,0.0168,0.829
HEARTS THREE HEARTS KING,0.2342,0.0244,0.7414
SPADES QUEEN CLUBS SIX,0.353,0.0132,0.6338
SPADES NINE HEARTS TEN,0.31,0.025,0.665
SPADES NINE HEARTS JACK,0.3218,0.0174,0.6608
SPADES QUEEN SPADES FIVE,0.3468,0.016,0.6372
SPADES KING SPADES FIVE,0.35,0.0096,0.6404
SPADES ACE SPADES FIVE,0.3374,0.0074,0.6552
SPADES NINE HEARTS QUEEN,0.3236,0.0126,0.6638
SPADES NINE HEARTS KING,0.3264,0.0066,0.667
SPADES NINE HEARTS ACE,0.323,0.0038,0.6732
CLUBS TEN SPADES JACK,0.3216,0.0168,0.6616
CLUBS TEN SPADES TEN,0.1298,0.0576,0.8126
SPADES ACE CLUBS TEN,0.3156,0.0042,0.6802
SPADES KING CLUBS TEN,0.322,0.007,0.671
CLUBS TEN SPADES QUEEN,0.3258,0.01,0.6642
SPADES FIVE HEARTS QUEEN,0.3662,0.0126,0.6212
SPADES FIVE HEARTS KING,0.3602,0.0064,0.6334
SPADES FIVE HEARTS ACE,0.3464,0.0066,0.647
CLUBS EIGHT SPADES TEN,0.3104,0.024,0.6656
HEARTS THREE SPADES JACK,0.2536,0.058,0.6884
SPADES JACK DIAMONDS KING,0.3276,0.0066,0.6658
SPADES TEN DIAMONDS KING,0.334,0.0082,0.6578
HEARTS THREE SPADES TEN,0.2382,0.073,0.6888
SPADES JACK CLUBS EIGHT,0.3178,0.0142,0.668
CLUBS SIX HEARTS ACE,0.3518,0.006,0.6422
SPADES ACE CLUBS EIGHT,0.3202,0.0036,0.6762
HEARTS FIVE CLUBS JACK,0.357,0.021,0.622
CLUBS TEN HEARTS FIVE,0.3578,0.0298,0.6124
CLUBS SIX HEARTS QUEEN,0.3598,0.0134,0.6268
SPADES QUEEN CLUBS EIGHT,0.3332,0.0106,0.6562
CLUBS TEN SPADES THREE,0.2536,0.0746,0.6718
CLUBS SIX HEARTS KING,0.3598,0.0076,0.6326
SPADES KING CLUBS EIGHT,0.3252,0.009,0.6658
SPADES THREE CLUBS JACK,0.2494,0.056,0.6946
DIAMONDS TWO HEARTS JACK,0.4038,0.0208,0.5754
SPADES THREE CLUBS QUEEN,0.2532,0.0362,0.7106
DIAMONDS TWO HEARTS TEN,0.41,0.0308,0.5592
SPADES THREE CLUBS KING,0.2542,0.0308,0.715
HEARTS FIVE CLUBS ACE,0.3372,0.004,0.6588
SPADES FIVE HEARTS TEN,0.373,0.0268,0.6002
SPADES THREE CLUBS ACE,0.2432,0.0188,0.738
HEARTS FIVE CLUBS KING,0.3546,0.008,0.6374
SPADES FIVE HEARTS JACK,0.3586,0.0214,0.62
HEARTS FIVE CLUBS QUEEN,0.3444,0.0114,0.6442
HEARTS THREE CLUBS KING,0.251,0.0292,0.7198
DIAMONDS KING CLUBS KING,0.1404,0.0182,0.8414
HEARTS THREE CLUBS QUEEN,0.2468,0.0424,0.7108
DIAMONDS KING CLUBS QUEEN,0.33,0.008,0.662
HEARTS FIVE HEARTS JACK,0.3424,0.022,0.6356
HEARTS FIVE HEARTS TEN,0.3398,0.0256,0.6346
HEARTS THREE CLUBS ACE,0.2484,0.0158,0.7358
DIAMONDS KING CLUBS ACE,0.3456,0.0038,0.6506
SPADES ACE CLUBS QUEEN,0.3226,0.0042,0.6732
SPADES KING CLUBS QUEEN,0.332,0.0084,0.6596
HEARTS THREE CLUBS JACK,0.254,0.0504,0.6956
DIAMONDS KING CLUBS JACK,0.3324,0.0068,0.6608
SPADES QUEEN CLUBS QUEEN,0.1278,0.03,0.8422
CLUBS TEN HEARTS THREE,0.2566,0.0792,0.6642
CLUBS TEN DIAMONDS KING,0.3312,0.0072,0.6616
SPADES JACK CLUBS QUEEN,0.3142,0.0104,0.6754
CLUBS SIX CLUBS QUEEN,0.3408,0.0132,0.646
SPADES TEN CLUBS QUEEN,0.3116,0.0114,0.677
CLUBS SIX CLUBS KING,0.3412,0.0066,0.6522
CLUBS SIX CLUBS ACE,0.326,0.0052,0.6688
HEARTS FIVE HEARTS KING,0.3352,0.0068,0.658
HEARTS FIVE HEARTS QUEEN,0.3416,0.0124,0.646
CLUBS TEN CLUBS SIX,0.343,0.026,0.631
HEARTS FIVE HEARTS ACE,0.335,0.0042,0.6608
CLUBS SIX CLUBS JACK,0.3562,0.0154,0.6284
DIAMONDS TWO CLUBS TWO,0.345,0.1266,0.5284
HEARTS SIX DIAMONDS TWO,0.5504,0.105,0.3446
DIAMONDS TWO HEARTS QUEEN,0.3998,0.0164,0.5838
DIAMONDS TWO HEARTS SEVEN,0.2638,0.5178,0.2184
DIAMONDS TWO HEARTS KING,0.4028,0.0102,0.587
DIAMONDS TWO HEARTS EIGHT,0.4134,0.0614,0.5252
DIAMONDS TWO HEARTS ACE,0.382,0.0026,0.6154
DIAMONDS TWO HEARTS NINE,0.3932,0.047,0.5598
DIAMONDS TWO DIAMONDS QUEEN,0.376,0.0146,0.6094
DIAMONDS TWO HEARTS TWO,0.3586,0.1304,0.511
DIAMONDS TWO DIAMONDS KING,0.38,0.0104,0.6096
HEARTS THREE DIAMONDS TWO,0.5612,0.1964,0.2424
DIAMONDS TWO DIAMONDS ACE,0.357,0.0042,0.6388
HEARTS FOUR DIAMONDS TWO,0.5288,0.109,0.3622
DIAMONDS TWO HEARTS FIVE,0.5362,0.1096,0.3542
DIAMONDS TWO DIAMONDS TEN,0.3712,0.0294,0.5994
DIAMONDS TWO DIAMONDS JACK,0.375,0.0192,0.6058
DIAMONDS TWO SPADES NINE,0.4006,0.0516,0.5478
DIAMONDS TWO SPADES EIGHT,0.3924,0.074,0.5336
DIAMONDS TWO SPADES SIX,0.5476,0.1138,0.3386
DIAMONDS TWO SPADES FIVE,0.545,0.1068,0.3482
DIAMONDS TWO SPADES FOUR,0.5224,0.1112,0.3664
DIAMONDS TWO SPADES THREE,0.5698,0.2106,0.2196
DIAMONDS TWO SPADES TWO,0.3536,0.1318,0.5146
CLUBS NINE DIAMONDS TWO,0.3974,0.0474,0.5552
DIAMONDS TWO CLUBS EIGHT,0.3968,0.0638,0.5394
CLUBS SEVEN DIAMONDS TWO,0.2708,0.5118,0.2174
DIAMONDS TWO CLUBS SIX,0.5414,0.1026,0.356
DIAMONDS TWO CLUBS FIVE,0.532,0.1044,0.3636
DIAMONDS TWO CLUBS FOUR,0.53,0.1114,0.3586
CLUBS FOUR SPADES FIVE,0.4754,0.1084,0.4162
CLUBS FOUR SPADES FOUR,0.2436,0.1168,0.6396
CLUBS FOUR SPADES THREE,0.5432,0.2016,0.2552
CLUBS FOUR SPADES TWO,0.5408,0.1114,0.3478
SPADES NINE CLUBS FOUR,0.357,0.0464,0.5966
SPADES EIGHT CLUBS FOUR,0.343,0.0684,0.5886
SPADES SIX CLUBS FOUR,0.4964,0.1052,0.3984
SPADES ACE DIAMONDS SIX,0.3494,0.0062,0.6444
SPADES QUEEN DIAMONDS SIX,0.3536,0.0126,0.6338
SPADES KING DIAMONDS SIX,0.348,0.0072,0.6448
SPADES TEN DIAMONDS SIX,0.363,0.029,0.608
SPADES JACK DIAMONDS SIX,0.363,0.0196,0.6174
SPADES QUEEN SPADES TWO,0.3788,0.0126,0.6086
SPADES KING SPADES TWO,0.387,0.007,0.606
SPADES ACE SPADES TWO,0.3684,0.0074,0.6242
DIAMONDS JACK CLUBS JACK,0.1334,0.0412,0.8254
CLUBS TEN DIAMONDS JACK,0.311,0.0152,0.6738
DIAMONDS JACK CLUBS KING,0.3458,0.0064,0.6478
DIAMONDS JACK CLUBS QUEEN,0.3284,0.0078,0.6638
DIAMONDS THREE DIAMONDS JACK,0.2452,0.0524,0.7024
DIAMONDS THREE DIAMONDS TEN,0.2358,0.0652,0.699
DIAMONDS JACK CLUBS ACE,0.3286,0.0048,0.6666
DIAMONDS THREE DIAMONDS KING,0.2444,0.023,0.7326
HEARTS THREE DIAMONDS THREE,0.2498,0.0864,0.6638
DIAMONDS THREE DIAMONDS QUEEN,0.227,0.0354,0.7376
DIAMONDS THREE HEARTS TWO,0.5626,0.1956,0.2418
HEARTS FIVE DIAMONDS THREE,0.5406,0.1958,0.2636
DIAMONDS THREE DIAMONDS ACE,0.2378,0.0144,0.7478
HEARTS FOUR DIAMONDS THREE,0.5496,0.197,0.2534
DIAMONDS THREE HEARTS SEVEN,0.0196,0.9558,0.0246
SPADES TEN SPADES NINE,0.2982,0.0218,0.68
HEARTS SIX DIAMONDS THREE,0.5658,0.1916,0.2426
SPADES JACK SPADES NINE,0.313,0.0144,0.6726
DIAMONDS THREE HEARTS NINE,0.2462,0.1016,0.6522
HEARTS JACK DIAMONDS FOUR,0.3658,0.0188,0.6154
HEARTS KING HEARTS ACE,0.3206,0.0044,0.675
SPADES TEN SPADES TWO,0.3766,0.0302,0.5932
DIAMONDS THREE HEARTS EIGHT,0.253,0.1444,0.6026
HEARTS TEN DIAMONDS FOUR,0.3624,0.0258,0.6118
SPADES JACK SPADES TWO,0.3816,0.0202,0.5982
HEARTS QUEEN DIAMONDS FOUR,0.3762,0.0114,0.6124
HEARTS KING DIAMONDS FOUR,0.354,0.0088,0.6372
SPADES ACE SPADES NINE,0.3216,0.006,0.6724
HEARTS ACE DIAMONDS FOUR,0.3596,0.0036,0.6368
SPADES KING SPADES NINE,0.3184,0.0104,0.6712
SPADES QUEEN SPADES NINE,0.32,0.0104,0.6696
DIAMONDS THREE SPADES NINE,0.2522,0.1,0.6478
DIAMONDS THREE SPADES EIGHT,0.2394,0.1332,0.6274
DIAMONDS THREE SPADES SIX,0.5668,0.2012,0.232
DIAMONDS THREE CLUBS SIX,0.5534,0.2038,0.2428
CLUBS FIVE CLUBS SIX,0.4656,0.101,0.4334
CLUBS ACE DIAMONDS FOUR,0.3434,0.0044,0.6522
CLUBS SEVEN DIAMONDS THREE,0.013,0.9674,0.0196
CLUBS SEVEN CLUBS FIVE,0.207,0.4234,0.3696
DIAMONDS THREE CLUBS FOUR,0.5432,0.206,0.2508
DIAMONDS FOUR CLUBS QUEEN,0.367,0.0144,0.6186
DIAMONDS THREE CLUBS FIVE,0.5376,0.2056,0.2568
CLUBS KING DIAMONDS FOUR,0.3578,0.0074,0.6348
DIAMONDS THREE CLUBS TWO,0.5658,0.2032,0.231
CLUBS TEN DIAMONDS FOUR,0.3692,0.0278,0.603
DIAMONDS FOUR CLUBS JACK,0.3678,0.0184,0.6138
DIAMONDS THREE SPADES FOUR,0.5452,0.1902,0.2646
DIAMONDS THREE SPADES FIVE,0.5448,0.1968,0.2584
DIAMONDS THREE SPADES TWO,0.5588,0.1986,0.2426
DIAMONDS THREE SPADES THREE,0.271,0.0856,0.6434
CLUBS EIGHT DIAMONDS THREE,0.259,0.1468,0.5942
CLUBS NINE DIAMONDS THREE,0.2466,0.106,0.6474
CLUBS FIVE SPADES SIX,0.4818,0.1016,0.4166
CLUBS FIVE SPADES NINE,0.3482,0.0448,0.607
CLUBS FIVE SPADES EIGHT,0.328,0.0722,0.5998
CLUBS FIVE SPADES THREE,0.532,0.2122,0.2558
CLUBS FIVE SPADES TWO,0.5384,0.1134,0.3482
CLUBS FIVE SPADES FIVE,0.2494,0.1106,0.64
CLUBS FIVE SPADES FOUR,0.4726,0.113,0.4144
CLUBS NINE CLUBS FIVE,0.3386,0.0408,0.6206
CLUBS EIGHT CLUBS FIVE,0.3244,0.0652,0.6104
CLUBS ACE CLUBS QUEEN,0.3238,0.0048,0.6714
CLUBS KING CLUBS QUEEN,0.3162,0.0048,0.679
DIAMONDS TEN DIAMONDS FOUR,0.3464,0.0296,0.624
CLUBS TEN DIAMONDS NINE,0.3146,0.0262,0.6592
DIAMONDS JACK DIAMONDS FOUR,0.338,0.0216,0.6404
DIAMONDS NINE CLUBS JACK,0.3266,0.0186,0.6548
SPADES NINE CLUBS JACK,0.3136,0.0186,0.6678
CLUBS TEN SPADES NINE,0.2994,0.0286,0.672
DIAMONDS ACE DIAMONDS FOUR,0.3246,0.005,0.6704
HEARTS FOUR DIAMONDS FOUR,0.246,0.12,0.634
DIAMONDS JACK HEARTS TEN,0.3236,0.0158,0.6606
SPADES NINE CLUBS KING,0.3278,0.0084,0.6638
DIAMONDS TWO SPADES TEN,0.4054,0.031,0.5636
DIAMONDS NINE CLUBS ACE,0.3358,0.0052,0.659
HEARTS FIVE DIAMONDS FOUR,0.4808,0.1016,0.4176
HEARTS JACK DIAMONDS JACK,0.1534,0.0434,0.8032
SPADES NINE CLUBS QUEEN,0.316,0.0142,0.6698
DIAMONDS TWO SPADES JACK,0.4048,0.0212,0.574
DIAMONDS QUEEN DIAMONDS FOUR,0.3344,0.0118,0.6538
HEARTS TWO DIAMONDS FOUR,0.5374,0.109,0.3536
DIAMONDS NINE CLUBS QUEEN,0.3244,0.0096,0.666
DIAMONDS KING DIAMONDS FOUR,0.3394,0.0058,0.6548
HEARTS THREE DIAMONDS FOUR,0.5306,0.201,0.2684
SPADES NINE CLUBS ACE,0.328,0.0052,0.6668
DIAMONDS NINE CLUBS KING,0.3346,0.0074,0.658
HEARTS ACE DIAMONDS JACK,0.3402,0.0026,0.6572
SPADES ACE DIAMONDS TWO,0.3722,0.005,0.6228
DIAMONDS JACK HEARTS QUEEN,0.3286,0.0106,0.6608
SPADES QUEEN DIAMONDS TWO,0.3908,0.0168,0.5924
HEARTS KING DIAMONDS JACK,0.3374,0.007,0.6556
SPADES KING DIAMONDS TWO,0.41,0.0094,0.5806
SPADES TWO DIAMONDS FOUR,0.5326,0.1026,0.3648
SPADES THREE DIAMONDS FOUR,0.5488,0.1902,0.261
SPADES FOUR DIAMONDS FOUR,0.2468,0.1154,0.6378
SPADES FIVE DIAMONDS FOUR,0.4884,0.097,0.4146
SPADES SIX DIAMONDS FOUR,0.5068,0.1056,0.3876
SPADES EIGHT DIAMONDS FOUR,0.3338,0.0672,0.599
SPADES NINE DIAMONDS FOUR,0.36,0.0484,0.5916
CLUBS FIVE DIAMONDS FOUR,0.4764,0.1044,0.4192
CLUBS FOUR DIAMONDS FOUR,0.2384,0.1218,0.6398
CLUBS SEVEN DIAMONDS FOUR,0.2062,0.5158,0.278
CLUBS SIX DIAMONDS FOUR,0.4854,0.1042,0.4104
CLUBS NINE DIAMONDS FOUR,0.3666,0.0476,0.5858
CLUBS EIGHT DIAMONDS FOUR,0.3504,0.0704,0.5792
DIAMONDS FOUR HEARTS SEVEN,0.2224,0.5086,0.269
HEARTS SIX DIAMONDS FOUR,0.4874,0.101,0.4116
HEARTS NINE DIAMONDS FOUR,0.3648,0.0486,0.5866
DIAMONDS FOUR HEARTS EIGHT,0.3534,0.0658,0.5808
CLUBS TWO DIAMONDS FOUR,0.5262,0.112,0.3618
DIAMONDS TEN DIAMONDS FIVE,0.3338,0.0264,0.6398
DIAMONDS JACK DIAMONDS FIVE,0.3374,0.0178,0.6448
DIAMONDS NINE HEARTS QUEEN,0.3278,0.0116,0.6606
HEARTS KING DIAMONDS NINE,0.3312,0.0072,0.6616
DIAMONDS NINE HEARTS ACE,0.3274,0.0048,0.6678
DIAMONDS NINE HEARTS TEN,0.3274,0.0226,0.65
DIAMONDS NINE HEARTS JACK,0.3258,0.0152,0.659
CLUBS KING DIAMONDS SIX,0.3718,0.0072,0.621
CLUBS QUEEN DIAMONDS SIX,0.349,0.013,0.638
CLUBS ACE DIAMONDS SIX,0.3602,0.0048,0.635
SPADES KING DIAMONDS FOUR,0.3514,0.011,0.6376
SPADES QUEEN DIAMONDS FOUR,0.3666,0.0136,0.6198
CLUBS JACK DIAMONDS SIX,0.363,0.0194,0.6176
SPADES ACE DIAMONDS FOUR,0.3478,0.0056,0.6466
CLUBS TEN DIAMONDS SIX,0.3594,0.0276,0.613
CLUBS NINE CLUBS FOUR,0.3354,0.0402,0.6244
CLUBS EIGHT CLUBS FOUR,0.3174,0.0672,0.6154
SPADES JACK DIAMONDS FOUR,0.358,0.0244,0.6176
SPADES TEN DIAMONDS FOUR,0.3742,0.0272,0.5986
CLUBS FIVE CLUBS FOUR,0.4536,0.1066,0.4398
CLUBS SEVEN CLUBS FOUR,0.206,0.4858,0.3082
CLUBS SIX CLUBS FOUR,0.471,0.1038,0.4252
CLUBS SEVEN SPADES EIGHT,0.2,0.1374,0.6626
CLUBS SEVEN SPADES NINE,0.2266,0.1128,0.6606
CLUBS SEVEN SPADES SIX,0.218,0.3734,0.4086
CLUBS SEVEN SPADES FIVE,0.2038,0.4676,0.3286
CLUBS SEVEN SPADES FOUR,0.2108,0.5228,0.2664
CLUBS SEVEN SPADES THREE,0.0072,0.984,0.0088
CLUBS SEVEN SPADES TWO,0.2648,0.529,0.2062
CLUBS NINE CLUBS SEVEN,0.2312,0.1028,0.666
CLUBS SEVEN CLUBS EIGHT,0.2098,0.1378,0.6524
HEARTS SIX DIAMONDS FIVE,0.4946,0.1068,0.3986
DIAMONDS FIVE HEARTS SEVEN,0.2202,0.434,0.3458
DIAMONDS FIVE HEARTS EIGHT,0.3412,0.0654,0.5934
HEARTS NINE DIAMONDS FIVE,0.3446,0.0392,0.6162
DIAMONDS QUEEN DIAMONDS FIVE,0.342,0.013,0.645
HEARTS TWO DIAMONDS FIVE,0.537,0.1064,0.3566
HEARTS KING HEARTS EIGHT,0.3142,0.0122,0.6736
DIAMONDS KING DIAMONDS FIVE,0.3284,0.0066,0.665
HEARTS THREE DIAMONDS FIVE,0.546,0.1832,0.2708
HEARTS QUEEN HEARTS EIGHT,0.316,0.0124,0.6716
DIAMONDS ACE DIAMONDS FIVE,0.3386,0.006,0.6554
HEARTS FOUR DIAMONDS FIVE,0.4678,0.1082,0.424
HEARTS FIVE DIAMONDS FIVE,0.2522,0.1128,0.635
HEARTS ACE HEARTS EIGHT,0.2994,0.0052,0.6954
CLUBS FOUR DIAMONDS FIVE,0.468,0.1112,0.4208
CLUBS FIVE DIAMONDS FIVE,0.2352,0.1132,0.6516
CLUBS SIX DIAMONDS FIVE,0.4744,0.1006,0.425
CLUBS SEVEN DIAMONDS FIVE,0.2136,0.4394,0.347
CLUBS TWO DIAMONDS FIVE,0.5356,0.107,0.3574
SPADES THREE DIAMONDS FIVE,0.5338,0.1964,0.2698
SPADES TWO DIAMONDS FIVE,0.5348,0.1068,0.3584
SPADES JACK DIAMONDS EIGHT,0.318,0.0194,0.6626
SPADES FIVE DIAMONDS FIVE,0.246,0.1098,0.6442
CLUBS TEN HEARTS JACK,0.3212,0.0164,0.6624
SPADES TEN DIAMONDS EIGHT,0.3074,0.0296,0.663
SPADES FOUR DIAMONDS FIVE,0.4834,0.1076,0.409
HEARTS JACK CLUBS JACK,0.1414,0.0484,0.8102
HEARTS JACK CLUBS QUEEN,0.3362,0.011,0.6528
CLUBS NINE DIAMONDS FIVE,0.361,0.0482,0.5908
HEARTS JACK CLUBS KING,0.3324,0.0056,0.662
CLUBS EIGHT DIAMONDS FIVE,0.321,0.075,0.604
HEARTS JACK CLUBS ACE,0.3296,0.004,0.6664
SPADES KING DIAMONDS EIGHT,0.3378,0.0084,0.6538
SPADES SIX DIAMONDS FIVE,0.4802,0.097,0.4228
SPADES QUEEN DIAMONDS EIGHT,0.3284,0.0112,0.6604
SPADES NINE DIAMONDS FIVE,0.3418,0.0398,0.6184
SPADES EIGHT DIAMONDS FIVE,0.3346,0.0648,0.6006
SPADES ACE DIAMONDS EIGHT,0.3246,0.0042,0.6712
DIAMONDS TEN DIAMONDS SIX,0.3394,0.0254,0.6352
HEARTS ACE DIAMONDS SEVEN,0.2372,0.0302,0.7326
DIAMONDS JACK DIAMONDS SIX,0.336,0.0204,0.6436
HEARTS QUEEN DIAMONDS SEVEN,0.244,0.0446,0.7114
HEARTS KING DIAMONDS SEVEN,0.2488,0.0388,0.7124
DIAMONDS ACE DIAMONDS SIX,0.3416,0.0034,0.655
HEARTS FOUR DIAMONDS SIX,0.4954,0.0948,0.4098
HEARTS JACK SPADES TWO,0.4114,0.0238,0.5648
HEARTS FIVE DIAMONDS SIX,0.4798,0.095,0.4252
SPADES TWO HEARTS TEN,0.397,0.0294,0.5736
DIAMONDS QUEEN DIAMONDS SIX,0.335,0.013,0.652
HEARTS TWO DIAMONDS SIX,0.5436,0.0964,0.36
DIAMONDS KING DIAMONDS SIX,0.3468,0.0066,0.6466
HEARTS THREE DIAMONDS SIX,0.5648,0.1918,0.2434
HEARTS EIGHT DIAMONDS SIX,0.3446,0.0612,0.5942
HEARTS NINE DIAMONDS SIX,0.3374,0.0472,0.6154
HEARTS SIX DIAMONDS SIX,0.24,0.1018,0.6582
HEARTS SEVEN DIAMONDS SIX,0.2236,0.3666,0.4098
HEARTS TEN DIAMONDS SEVEN,0.242,0.0802,0.6778
CLUBS TWO DIAMONDS SIX,0.5454,0.1058,0.3488
HEARTS JACK DIAMONDS SEVEN,0.243,0.063,0.694
CLUBS SEVEN DIAMONDS SIX,0.2116,0.3498,0.4386
DIAMONDS EIGHT CLUBS JACK,0.3126,0.0172,0.6702
CLUBS SIX DIAMONDS SIX,0.2384,0.1092,0.6524
CLUBS TEN DIAMONDS EIGHT,0.3258,0.0296,0.6446
CLUBS FIVE DIAMONDS SIX,0.4796,0.1006,0.4198
CLUBS FOUR DIAMONDS SIX,0.4762,0.1084,0.4154
HEARTS ACE HEARTS JACK,0.3162,0.003,0.6808
DIAMONDS EIGHT CLUBS ACE,0.3282,0.004,0.6678
HEARTS JACK HEARTS QUEEN,0.3016,0.0112,0.6872
DIAMONDS EIGHT CLUBS KING,0.3428,0.0096,0.6476
CLUBS NINE DIAMONDS SIX,0.333,0.041,0.626
HEARTS KING HEARTS JACK,0.3064,0.0072,0.6864
DIAMONDS EIGHT CLUBS QUEEN,0.3312,0.0142,0.6546
CLUBS EIGHT DIAMONDS SIX,0.3208,0.0682,0.611
SPADES TEN HEARTS KING,0.325,0.0076,0.6674
SPADES FIVE DIAMONDS SIX,0.4914,0.097,0.4116
HEARTS ACE SPADES TWO,0.3924,0.004,0.6036
SPADES JACK HEARTS KING,0.326,0.0074,0.6666
SPADES FOUR DIAMONDS SIX,0.504,0.1062,0.3898
SPADES THREE DIAMONDS SIX,0.5652,0.1906,0.2442
SPADES TWO HEARTS QUEEN,0.4074,0.0136,0.579
SPADES ACE SPADES KING,0.3318,0.005,0.6632
HEARTS KING SPADES TWO,0.3978,0.0074,0.5948
SPADES TWO DIAMONDS SIX,0.5496,0.1054,0.345
HEARTS TEN HEARTS EIGHT,0.292,0.0274,0.6806
SPADES NINE DIAMONDS SIX,0.331,0.0416,0.6274
HEARTS JACK HEARTS EIGHT,0.305,0.0166,0.6784
SPADES EIGHT DIAMONDS SIX,0.3166,0.067,0.6164
SPADES SIX DIAMONDS SIX,0.2384,0.1064,0.6552
SPADES KING HEARTS KING,0.1364,0.0144,0.8492
SPADES QUEEN HEARTS KING,0.3258,0.0076,0.6666
CLUBS ACE CLUBS KING,0.3292,0.0054,0.6654
SPADES ACE HEARTS KING,0.3378,0.0052,0.657
SPADES ACE HEARTS JACK,0.327,0.0044,0.6686
SPADES QUEEN HEARTS JACK,0.3286,0.0102,0.6612
SPADES KING HEARTS JACK,0.3326,0.0088,0.6586
SPADES TEN DIAMONDS TEN,0.136,0.0586,0.8054
SPADES JACK DIAMONDS TEN,0.3152,0.012,0.6728
SPADES ACE DIAMONDS TEN,0.3272,0.0068,0.666
SPADES JACK HEARTS JACK,0.1406,0.0412,0.8182
SPADES TEN HEARTS JACK,0.3084,0.013,0.6786
SPADES QUEEN DIAMONDS TEN,0.3268,0.013,0.6602
SPADES KING DIAMONDS TEN,0.3358,0.008,0.6562
SPADES NINE DIAMONDS SEVEN,0.2336,0.1176,0.6488
SPADES EIGHT DIAMONDS SEVEN,0.2162,0.1422,0.6416
SPADES SIX DIAMONDS SEVEN,0.2244,0.3736,0.402
DIAMONDS KING DIAMONDS SEVEN,0.2282,0.0402,0.7316
HEARTS THREE DIAMONDS SEVEN,0.0228,0.9566,0.0206
HEARTS KING DIAMONDS FIVE,0.3612,0.0092,0.6296
DIAMONDS QUEEN DIAMONDS SEVEN,0.2188,0.049,0.7322
HEARTS TWO DIAMONDS SEVEN,0.28,0.5094,0.2106
HEARTS QUEEN DIAMONDS FIVE,0.3618,0.0132,0.625
HEARTS FIVE DIAMONDS SEVEN,0.2172,0.4532,0.3296
DIAMONDS ACE DIAMONDS SEVEN,0.2176,0.0288,0.7536
HEARTS FOUR DIAMONDS SEVEN,0.2156,0.5064,0.278
HEARTS ACE DIAMONDS FIVE,0.3644,0.0042,0.6314
HEARTS SEVEN DIAMONDS SEVEN,0.084,0.1044,0.8116
HEARTS SIX DIAMONDS SEVEN,0.2238,0.3638,0.4124
HEARTS NINE DIAMONDS SEVEN,0.2324,0.1036,0.664
DIAMONDS SEVEN HEARTS EIGHT,0.2204,0.1378,0.6418
DIAMONDS JACK DIAMONDS SEVEN,0.2284,0.0656,0.706
HEARTS JACK DIAMONDS FIVE,0.3634,0.0224,0.6142
DIAMONDS TEN DIAMONDS SEVEN,0.2282,0.0762,0.6956
DIAMONDS FIVE HEARTS TEN,0.376,0.0248,0.5992
SPADES KING CLUBS TWO,0.3974,0.008,0.5946
HEARTS KING CLUBS KING,0.1526,0.0168,0.8306
CLUBS EIGHT DIAMONDS SEVEN,0.2184,0.1432,0.6384
SPADES QUEEN CLUBS TWO,0.3956,0.0152,0.5892
HEARTS KING CLUBS QUEEN,0.3422,0.0054,0.6524
CLUBS NINE DIAMONDS SEVEN,0.2314,0.1036,0.665
SPADES TWO CLUBS JACK,0.412,0.0208,0.5672
SPADES ACE CLUBS TWO,0.3802,0.0058,0.614
CLUBS TEN SPADES TWO,0.4022,0.0308,0.567
HEARTS KING CLUBS ACE,0.3354,0.0076,0.657
CLUBS SEVEN CLUBS SIX,0.2102,0.3536,0.4362
SPADES TWO CLUBS KING,0.4,0.0098,0.5902
SPADES TWO DIAMONDS SEVEN,0.2686,0.5206,0.2108
CLUBS EIGHT CLUBS SIX,0.3096,0.0576,0.6328
SPADES THREE DIAMONDS SEVEN,0.018,0.9706,0.0114
SPADES TWO CLUBS QUEEN,0.3936,0.0166,0.5898
CLUBS NINE CLUBS SIX,0.3252,0.0436,0.6312
SPADES FOUR DIAMONDS SEVEN,0.2168,0.5126,0.2706
HEARTS KING CLUBS JACK,0.3352,0.0094,0.6554
SPADES FIVE DIAMONDS SEVEN,0.2072,0.4636,0.3292
SPADES TWO CLUBS ACE,0.3882,0.008,0.6038
CLUBS TEN HEARTS KING,0.3186,0.0068,0.6746
CLUBS SIX SPADES TWO,0.5528,0.114,0.3332
CLUBS SIX SPADES THREE,0.5652,0.1998,0.235
CLUBS TWO DIAMONDS SEVEN,0.2772,0.5158,0.207
CLUBS SIX SPADES FOUR,0.5038,0.1094,0.3868
CLUBS SIX SPADES FIVE,0.482,0.1012,0.4168
CLUBS FOUR DIAMONDS SEVEN,0.2168,0.504,0.2792
CLUBS SIX SPADES SIX,0.2338,0.1102,0.656
CLUBS FIVE DIAMONDS SEVEN,0.2212,0.4398,0.339
CLUBS SIX DIAMONDS SEVEN,0.21,0.3624,0.4276
CLUBS SIX SPADES EIGHT,0.3214,0.0688,0.6098
SPADES JACK CLUBS TWO,0.3992,0.0232,0.5776
CLUBS SEVEN DIAMONDS SEVEN,0.0768,0.1106,0.8126
SPADES NINE CLUBS SIX,0.3404,0.0416,0.618
SPADES TEN CLUBS TWO,0.3838,0.033,0.5832
CLUBS TWO CLUBS QUEEN,0.387,0.0126,0.6004
CLUBS TWO CLUBS KING,0.3764,0.0066,0.617
CLUBS TWO CLUBS ACE,0.3646,0.0074,0.628
CLUBS TWO DIAMONDS EIGHT,0.3872,0.0698,0.543
DIAMONDS EIGHT HEARTS SEVEN,0.2238,0.1492,0.627
HEARTS SIX DIAMONDS EIGHT,0.3298,0.066,0.6042
DIAMONDS EIGHT HEARTS NINE,0.3188,0.0386,0.6426
CLUBS TEN CLUBS TWO,0.3872,0.0316,0.5812
DIAMONDS EIGHT HEARTS EIGHT,0.1494,0.0782,0.7724
CLUBS TWO CLUBS JACK,0.3956,0.02,0.5844
CLUBS NINE DIAMONDS EIGHT,0.3068,0.0364,0.6568
CLUBS EIGHT DIAMONDS EIGHT,0.1364,0.0852,0.7784
CLUBS FIVE DIAMONDS EIGHT,0.3342,0.0634,0.6024
SPADES ACE SPADES THREE,0.2428,0.0152,0.742
CLUBS FOUR DIAMONDS EIGHT,0.3544,0.066,0.5796
CLUBS SEVEN DIAMONDS EIGHT,0.2126,0.1438,0.6436
SPADES QUEEN SPADES THREE,0.246,0.0436,0.7104
CLUBS SIX DIAMONDS EIGHT,0.3284,0.0676,0.604
SPADES KING SPADES THREE,0.2366,0.031,0.7324
DIAMONDS QUEEN DIAMONDS EIGHT,0.3078,0.0128,0.6794
HEARTS TWO DIAMONDS EIGHT,0.4076,0.0662,0.5262
DIAMONDS KING DIAMONDS EIGHT,0.315,0.0076,0.6774
HEARTS THREE DIAMONDS EIGHT,0.253,0.136,0.611
DIAMONDS ACE DIAMONDS EIGHT,0.3092,0.003,0.6878
HEARTS FOUR DIAMONDS EIGHT,0.3364,0.0634,0.6002
HEARTS FIVE DIAMONDS EIGHT,0.3408,0.0664,0.5928
DIAMONDS EIGHT DIAMONDS TEN,0.2898,0.0308,0.6794
DIAMONDS EIGHT DIAMONDS JACK,0.3142,0.015,0.6708
SPADES JACK SPADES THREE,0.2456,0.0558,0.6986
SPADES TEN SPADES THREE,0.2352,0.0744,0.6904
CLUBS FOUR HEARTS ACE,0.3522,0.005,0.6428
CLUBS FOUR HEARTS QUEEN,0.3568,0.0128,0.6304
CLUBS FOUR HEARTS KING,0.3672,0.0084,0.6244
CLUBS SIX HEARTS TEN,0.3434,0.0272,0.6294
CLUBS SIX HEARTS JACK,0.3564,0.019,0.6246
SPADES FOUR DIAMONDS EIGHT,0.352,0.0718,0.5762
SPADES FIVE DIAMONDS EIGHT,0.3474,0.0642,0.5884
DIAMONDS EIGHT SPADES TWO,0.3864,0.0694,0.5442
DIAMONDS EIGHT SPADES THREE,0.2536,0.141,0.6054
CLUBS FOUR HEARTS JACK,0.3592,0.0184,0.6224
SPADES EIGHT DIAMONDS EIGHT,0.1374,0.082,0.7806
SPADES TEN DIAMONDS QUEEN,0.3276,0.0104,0.662
SPADES TEN HEARTS TWO,0.4026,0.0312,0.5662
SPADES JACK HEARTS EIGHT,0.3256,0.0166,0.6578
CLUBS FOUR HEARTS TEN,0.3568,0.031,0.6122
SPADES NINE DIAMONDS EIGHT,0.3012,0.0382,0.6606
SPADES TEN HEARTS EIGHT,0.3192,0.027,0.6538
SPADES JACK HEARTS TWO,0.3932,0.0196,0.5872
SPADES JACK DIAMONDS QUEEN,0.3204,0.009,0.6706
SPADES SIX DIAMONDS EIGHT,0.3338,0.0662,0.6
SPADES ACE HEARTS TWO,0.392,0.0048,0.6032
SPADES ACE DIAMONDS QUEEN,0.3376,0.0064,0.656
SPADES ACE HEARTS EIGHT,0.32,0.0034,0.6766
SPADES KING HEARTS EIGHT,0.3238,0.007,0.6692
SPADES QUEEN HEARTS TWO,0.383,0.0144,0.6026
SPADES QUEEN DIAMONDS QUEEN,0.1314,0.0346,0.834
SPADES KING DIAMONDS QUEEN,0.3196,0.007,0.6734
SPADES KING HEARTS TWO,0.3986,0.0098,0.5916
SPADES QUEEN HEARTS EIGHT,0.3308,0.0108,0.6584
CLUBS TWO HEARTS TEN,0.4028,0.031,0.5662
CLUBS TWO HEARTS JACK,0.4108,0.0184,0.5708
SPADES SIX DIAMONDS NINE,0.3378,0.0404,0.6218
SPADES NINE DIAMONDS NINE,0.1498,0.0672,0.783
SPADES EIGHT DIAMONDS NINE,0.3084,0.0388,0.6528
SPADES TEN CLUBS KING,0.322,0.0074,0.6706
DIAMONDS NINE SPADES THREE,0.2508,0.104,0.6452
SPADES JACK CLUBS KING,0.3198,0.008,0.6722
DIAMONDS NINE SPADES TWO,0.3894,0.0474,0.5632
SPADES FIVE DIAMONDS NINE,0.3592,0.0428,0.598
DIAMONDS NINE SPADES FOUR,0.3546,0.046,0.5994
CLUBS NINE DIAMONDS NINE,0.1396,0.0684,0.792
CLUBS EIGHT DIAMONDS NINE,0.2948,0.042,0.6632
CLUBS SIX DIAMONDS NINE,0.3476,0.0388,0.6136
SPADES JACK CLUBS FOUR,0.3474,0.0166,0.636
CLUBS SEVEN DIAMONDS NINE,0.2394,0.1092,0.6514
SPADES TEN CLUBS FOUR,0.3476,0.029,0.6234
CLUBS FOUR DIAMONDS NINE,0.3562,0.0416,0.6022
CLUBS FIVE DIAMONDS NINE,0.346,0.0432,0.6108
CLUBS TWO DIAMONDS NINE,0.413,0.0492,0.5378
DIAMONDS NINE HEARTS EIGHT,0.318,0.036,0.646
DIAMONDS NINE HEARTS NINE,0.1432,0.0692,0.7876
HEARTS SIX DIAMONDS NINE,0.3416,0.04,0.6184
DIAMONDS NINE HEARTS SEVEN,0.2418,0.1094,0.6488
CLUBS NINE CLUBS EIGHT,0.285,0.0398,0.6752
DIAMONDS ACE DIAMONDS NINE,0.313,0.0058,0.6812
HEARTS FOUR DIAMONDS NINE,0.3606,0.041,0.5984
HEARTS FIVE DIAMONDS NINE,0.356,0.0372,0.6068
CLUBS TWO HEARTS ACE,0.3984,0.0056,0.596
SPADES ACE CLUBS FOUR,0.349,0.0076,0.6434
DIAMONDS QUEEN DIAMONDS NINE,0.3014,0.0092,0.6894
HEARTS TWO DIAMONDS NINE,0.3988,0.0446,0.5566
CLUBS TWO HEARTS KING,0.4058,0.0096,0.5846
SPADES KING CLUBS FOUR,0.3516,0.0088,0.6396
DIAMONDS KING DIAMONDS NINE,0.3042,0.0078,0.688
HEARTS THREE DIAMONDS NINE,0.2544,0.1008,0.6448
CLUBS TWO HEARTS QUEEN,0.409,0.0164,0.5746
SPADES QUEEN CLUBS FOUR,0.3424,0.0176,0.64
DIAMONDS NINE DIAMONDS JACK,0.3082,0.013,0.6788
CLUBS EIGHT SPADES NINE,0.2966,0.0356,0.6678
DIAMONDS NINE DIAMONDS TEN,0.298,0.0226,0.6794
CLUBS EIGHT SPADES EIGHT,0.1344,0.0844,0.7812
CLUBS EIGHT SPADES SIX,0.3174,0.0638,0.6188
CLUBS EIGHT SPADES FIVE,0.3374,0.074,0.5886
CLUBS EIGHT SPADES FOUR,0.3592,0.0752,0.5656
CLUBS EIGHT SPADES THREE,0.2514,0.1438,0.6048
CLUBS EIGHT SPADES TWO,0.3908,0.0716,0.5376
HEARTS SIX DIAMONDS TEN,0.3486,0.0266,0.6248
DIAMONDS TEN HEARTS SEVEN,0.2358,0.0836,0.6806
DIAMONDS TEN HEARTS EIGHT,0.3222,0.0272,0.6506
CLUBS FOUR CLUBS JACK,0.3416,0.0198,0.6386
DIAMONDS TEN HEARTS NINE,0.3164,0.0248,0.6588
CLUBS TEN CLUBS FOUR,0.338,0.0282,0.6338
CLUBS FOUR CLUBS KING,0.3438,0.0076,0.6486
CLUBS FOUR CLUBS QUEEN,0.3474,0.012,0.6406
CLUBS TWO DIAMONDS TEN,0.4012,0.031,0.5678
CLUBS FOUR CLUBS ACE,0.3256,0.006,0.6684
DIAMONDS JACK DIAMONDS TEN,0.2912,0.0166,0.6922
DIAMONDS QUEEN DIAMONDS TEN,0.3182,0.0112,0.6706
HEARTS TWO DIAMONDS TEN,0.4152,0.033,0.5518
DIAMONDS KING DIAMONDS TEN,0.3076,0.0074,0.685
HEARTS THREE DIAMONDS TEN,0.2672,0.0718,0.661
DIAMONDS ACE DIAMONDS TEN,0.3072,0.0048,0.688
HEARTS FOUR DIAMONDS TEN,0.3586,0.0276,0.6138
CLUBS EIGHT HEARTS JACK,0.326,0.0198,0.6542
HEARTS FIVE DIAMONDS TEN,0.3574,0.032,0.6106
CLUBS EIGHT HEARTS TEN,0.3084,0.031,0.6606
CLUBS EIGHT HEARTS QUEEN,0.3254,0.0112,0.6634
CLUBS EIGHT HEARTS KING,0.336,0.009,0.655
CLUBS EIGHT HEARTS ACE,0.3358,0.005,0.6592
CLUBS NINE SPADES THREE,0.2452,0.107,0.6478
CLUBS NINE SPADES TWO,0.4014,0.0438,0.5548
CLUBS NINE SPADES FIVE,0.3342,0.0496,0.6162
CLUBS NINE SPADES FOUR,0.3576,0.0454,0.597
CLUBS NINE SPADES SIX,0.3256,0.0432,0.6312
CLUBS NINE SPADES NINE,0.126,0.0732,0.8008
CLUBS TEN HEARTS EIGHT,0.3086,0.025,0.6664
CLUBS NINE SPADES EIGHT,0.305,0.0352,0.6598
CLUBS JACK HEARTS EIGHT,0.3188,0.0176,0.6636
CLUBS QUEEN HEARTS EIGHT,0.3296,0.0146,0.6558
CLUBS KING HEARTS EIGHT,0.3392,0.0078,0.653
CLUBS ACE HEARTS EIGHT,0.3242,0.006,0.6698
SPADES KING CLUBS KING,0.1366,0.0156,0.8478
SPADES QUEEN CLUBS KING,0.3338,0.009,0.6572
SPADES ACE CLUBS KING,0.3328,0.007,0.6602
DIAMONDS ACE HEARTS TEN,0.337,0.0032,0.6598
HEARTS FOUR HEARTS TEN,0.3422,0.0284,0.6294
DIAMONDS ACE HEARTS JACK,0.3258,0.0038,0.6704
HEARTS FOUR HEARTS JACK,0.3448,0.0198,0.6354
SPADES KING CLUBS FIVE,0.3474,0.0106,0.642
SPADES QUEEN CLUBS FIVE,0.3568,0.0154,0.6278
SPADES ACE CLUBS FIVE,0.349,0.006,0.645
DIAMONDS JACK HEARTS SEVEN,0.252,0.0582,0.6898
HEARTS SIX DIAMONDS JACK,0.3556,0.0174,0.627
DIAMONDS JACK HEARTS NINE,0.3166,0.0158,0.6676
DIAMONDS JACK HEARTS EIGHT,0.3332,0.0152,0.6516
DIAMONDS KING DIAMONDS JACK,0.3062,0.004,0.6898
HEARTS THREE DIAMONDS JACK,0.2522,0.0526,0.6952
SPADES ACE SPADES SIX,0.3398,0.004,0.6562
SPADES FOUR HEARTS ACE,0.354,0.0028,0.6432
DIAMONDS QUEEN DIAMONDS JACK,0.317,0.0094,0.6736
HEARTS TWO DIAMONDS JACK,0.4018,0.0196,0.5786
HEARTS FIVE DIAMONDS JACK,0.3536,0.0168,0.6296
SPADES QUEEN SPADES SIX,0.3444,0.0148,0.6408
SPADES FOUR HEARTS QUEEN,0.3588,0.0148,0.6264
DIAMONDS ACE DIAMONDS JACK,0.3056,0.0036,0.6908
HEARTS FOUR DIAMONDS JACK,0.3476,0.0176,0.6348
SPADES KING SPADES SIX,0.3652,0.007,0.6278
HEARTS KING SPADES FOUR,0.3714,0.0088,0.6198
SPADES TEN SPADES SIX,0.3442,0.0268,0.629
SPADES JACK SPADES SIX,0.338,0.0206,0.6414
SPADES FOUR DIAMONDS JACK,0.3612,0.0196,0.6192
SPADES FIVE DIAMONDS JACK,0.3598,0.0148,0.6254
DIAMONDS JACK SPADES TWO,0.4082,0.018,0.5738
SPADES THREE DIAMONDS JACK,0.2628,0.055,0.6822
SPADES ACE DIAMONDS THREE,0.2382,0.0122,0.7496
SPADES QUEEN DIAMONDS THREE,0.2484,0.042,0.7096
CLUBS EIGHT DIAMONDS JACK,0.3142,0.0166,0.6692
SPADES KING DIAMONDS THREE,0.247,0.0312,0.7218
CLUBS NINE DIAMONDS JACK,0.3266,0.0152,0.6582
CLUBS SIX DIAMONDS JACK,0.3712,0.017,0.6118
CLUBS SEVEN DIAMONDS JACK,0.2388,0.0624,0.6988
CLUBS FOUR DIAMONDS JACK,0.3566,0.0196,0.6238
CLUBS FIVE DIAMONDS JACK,0.351,0.022,0.627
CLUBS TWO DIAMONDS JACK,0.4034,0.0192,0.5774
SPADES TEN CLUBS FIVE,0.349,0.0296,0.6214
HEARTS SIX SPADES JACK,0.3668,0.0186,0.6146
HEARTS SIX SPADES TEN,0.343,0.0268,0.6302
SPADES JACK CLUBS FIVE,0.3476,0.0216,0.6308
SPADES JACK DIAMONDS THREE,0.2608,0.0524,0.6868
CLUBS SEVEN CLUBS ACE,0.2284,0.0292,0.7424
DIAMONDS THREE SPADES TEN,0.2542,0.0762,0.6696
CLUBS SEVEN CLUBS QUEEN,0.2384,0.0496,0.712
CLUBS SEVEN CLUBS KING,0.2282,0.0388,0.733
SPADES NINE DIAMONDS JACK,0.318,0.0152,0.6668
CLUBS TEN CLUBS SEVEN,0.2188,0.0796,0.7016
DIAMONDS ACE HEARTS ACE,0.141,0.0028,0.8562
HEARTS FOUR HEARTS ACE,0.3286,0.0044,0.667
SPADES EIGHT DIAMONDS JACK,0.3228,0.0152,0.662
SPADES ACE HEARTS SIX,0.3512,0.0052,0.6436
CLUBS SEVEN CLUBS JACK,0.2316,0.0566,0.7118
DIAMONDS ACE HEARTS KING,0.3428,0.0038,0.6534
HEARTS FOUR HEARTS KING,0.3372,0.01,0.6528
SPADES KING HEARTS SIX,0.361,0.0076,0.6314
DIAMONDS ACE HEARTS QUEEN,0.3428,0.0042,0.653
HEARTS FOUR HEARTS QUEEN,0.346,0.0132,0.6408
SPADES SIX DIAMONDS JACK,0.3686,0.0176,0.6138
SPADES QUEEN HEARTS SIX,0.3576,0.0122,0.6302
SPADES TWO DIAMONDS TEN,0.401,0.0342,0.5648
SPADES THREE DIAMONDS TEN,0.261,0.0716,0.6674
SPADES FOUR DIAMONDS TEN,0.355,0.0292,0.6158
SPADES FIVE DIAMONDS TEN,0.3692,0.0296,0.6012
SPADES SIX DIAMONDS TEN,0.358,0.0296,0.6124
SPADES EIGHT DIAMONDS TEN,0.3216,0.029,0.6494
SPADES NINE DIAMONDS TEN,0.3054,0.026,0.6686
CLUBS FOUR DIAMONDS TEN,0.3666,0.0274,0.606
CLUBS FIVE DIAMONDS TEN,0.352,0.029,0.619
CLUBS SIX DIAMONDS TEN,0.3592,0.024,0.6168
CLUBS SEVEN DIAMONDS TEN,0.2302,0.0858,0.684
CLUBS EIGHT DIAMONDS TEN,0.299,0.0282,0.6728
CLUBS NINE DIAMONDS TEN,0.316,0.023,0.661
DIAMONDS THREE CLUBS JACK,0.2536,0.0528,0.6936
CLUBS TEN DIAMONDS THREE,0.2454,0.0766,0.678
DIAMONDS THREE CLUBS KING,0.247,0.029,0.724
DIAMONDS THREE CLUBS QUEEN,0.2472,0.0394,0.7134
DIAMONDS THREE CLUBS ACE,0.2464,0.0146,0.739
SPADES FOUR HEARTS JACK,0.3674,0.0238,0.6088
SPADES FOUR HEARTS TEN,0.3622,0.03,0.6078
SPADES FIVE SPADES TWO,0.5074,0.107,0.3856
SPADES FOUR SPADES TWO,0.5148,0.0938,0.3914
SPADES THREE SPADES TWO,0.5426,0.1868,0.2706
SPADES NINE SPADES TWO,0.365,0.0454,0.5896
SPADES EIGHT SPADES TWO,0.3772,0.0592,0.5636
SPADES SIX SPADES TWO,0.5302,0.1004,0.3694
DIAMONDS QUEEN CLUBS TWO,0.401,0.0164,0.5826
CLUBS TWO HEARTS TWO,0.3454,0.1272,0.5274
DIAMONDS QUEEN HEARTS SEVEN,0.2422,0.0496,0.7082
HEARTS TWO HEARTS SEVEN,0.268,0.4662,0.2658
HEARTS SIX DIAMONDS QUEEN,0.3618,0.0114,0.6268
HEARTS SIX HEARTS TWO,0.5126,0.099,0.3884
DIAMONDS QUEEN HEARTS NINE,0.3346,0.0084,0.657
HEARTS TWO HEARTS NINE,0.3754,0.045,0.5796
DIAMONDS QUEEN HEARTS EIGHT,0.3466,0.01,0.6434
HEARTS TWO HEARTS EIGHT,0.3698,0.0622,0.568
CLUBS NINE HEARTS TWO,0.3934,0.0504,0.5562
CLUBS NINE DIAMONDS QUEEN,0.3212,0.01,0.6688
CLUBS EIGHT HEARTS TWO,0.393,0.0666,0.5404
CLUBS EIGHT DIAMONDS QUEEN,0.3256,0.0118,0.6626
CLUBS FIVE DIAMONDS QUEEN,0.3526,0.0102,0.6372
CLUBS FIVE HEARTS TWO,0.5198,0.1106,0.3696
SPADES EIGHT HEARTS ACE,0.3258,0.0058,0.6684
DIAMONDS QUEEN CLUBS FOUR,0.3704,0.0146,0.615
HEARTS TWO CLUBS FOUR,0.5334,0.1032,0.3634
CLUBS SEVEN DIAMONDS QUEEN,0.2368,0.0508,0.7124
CLUBS SEVEN HEARTS TWO,0.2602,0.5168,0.223
SPADES EIGHT HEARTS QUEEN,0.3334,0.0122,0.6544
CLUBS SIX DIAMONDS QUEEN,0.356,0.0124,0.6316
CLUBS SIX HEARTS TWO,0.5418,0.1136,0.3446
SPADES EIGHT HEARTS KING,0.3302,0.008,0.6618
DIAMONDS QUEEN SPADES SIX,0.363,0.0106,0.6264
HEARTS TWO SPADES SIX,0.553,0.1012,0.3458
HEARTS FOUR CLUBS QUEEN,0.3704,0.0122,0.6174
DIAMONDS ACE CLUBS QUEEN,0.343,0.0044,0.6526
HEARTS FOUR CLUBS KING,0.3692,0.009,0.6218
DIAMONDS ACE CLUBS KING,0.3374,0.0054,0.6572
DIAMONDS QUEEN SPADES EIGHT,0.3506,0.0108,0.6386
SPADES EIGHT HEARTS TWO,0.391,0.0668,0.5422
HEARTS FOUR CLUBS ACE,0.3452,0.004,0.6508
DIAMONDS ACE CLUBS ACE,0.1354,0.004,0.8606
SPADES NINE DIAMONDS QUEEN,0.32,0.0098,0.6702
SPADES NINE HEARTS TWO,0.4084,0.038,0.5536
HEARTS TWO SPADES TWO,0.3516,0.1372,0.5112
DIAMONDS QUEEN SPADES TWO,0.4148,0.0164,0.5688
HEARTS TWO SPADES THREE,0.5564,0.2114,0.2322
DIAMONDS QUEEN SPADES THREE,0.2544,0.0418,0.7038
HEARTS TWO SPADES FOUR,0.5338,0.1108,0.3554
DIAMONDS QUEEN SPADES FOUR,0.3576,0.0094,0.633
HEARTS FOUR CLUBS TEN,0.362,0.0276,0.6104
CLUBS TEN DIAMONDS ACE,0.3278,0.0032,0.669
HEARTS TWO SPADES FIVE,0.5264,0.1068,0.3668
DIAMONDS QUEEN SPADES FIVE,0.3544,0.0128,0.6328
HEARTS FOUR CLUBS JACK,0.3604,0.0196,0.62
DIAMONDS ACE CLUBS JACK,0.3294,0.0022,0.6684
CLUBS FIVE CLUBS KING,0.3458,0.0108,0.6434
CLUBS FIVE CLUBS QUEEN,0.359,0.0148,0.6262
CLUBS FIVE CLUBS ACE,0.3374,0.0058,0.6568
CLUBS FIVE CLUBS JACK,0.3422,0.0204,0.6374
CLUBS TEN CLUBS FIVE,0.338,0.0316,0.6304
SPADES KING CLUBS JACK,0.3242,0.0084,0.6674
SPADES QUEEN CLUBS JACK,0.3264,0.0114,0.6622
SPADES ACE CLUBS JACK,0.325,0.005,0.67
SPADES SIX CLUBS KING,0.349,0.007,0.644
SPADES SIX CLUBS QUEEN,0.3622,0.0146,0.6232
SPADES EIGHT HEARTS JACK,0.3236,0.0162,0.6602
SPADES SIX CLUBS ACE,0.361,0.0024,0.6366
SPADES EIGHT HEARTS TEN,0.31,0.0294,0.6606
SPADES SIX CLUBS JACK,0.356,0.0188,0.6252
CLUBS TEN SPADES SIX,0.354,0.0238,0.6222
SPADES TEN CLUBS JACK,0.305,0.0162,0.6788
SPADES JACK CLUBS JACK,0.1298,0.0442,0.826
SPADES QUEEN CLUBS SEVEN,0.2298,0.0522,0.718
SPADES KING CLUBS SEVEN,0.2294,0.0416,0.729
SPADES ACE CLUBS SEVEN,0.2164,0.0302,0.7534
SPADES SIX HEARTS TEN,0.3536,0.0294,0.617
SPADES SIX HEARTS JACK,0.3672,0.0176,0.6152
SPADES SIX HEARTS ACE,0.3674,0.004,0.6286
SPADES SIX HEARTS KING,0.3604,0.0074,0.6322
SPADES SIX HEARTS QUEEN,0.3634,0.0092,0.6274
CLUBS SEVEN SPADES JACK,0.2302,0.0614,0.7084
CLUBS SEVEN SPADES TEN,0.2366,0.0888,0.6746
CLUBS TEN HEARTS SIX,0.3498,0.0248,0.6254
HEARTS SIX CLUBS JACK,0.3552,0.0184,0.6264
CLUBS ACE CLUBS JACK,0.31,0.0056,0.6844
HEARTS SIX CLUBS QUEEN,0.3448,0.0116,0.6436
HEARTS SIX CLUBS KING,0.3682,0.0066,0.6252
HEARTS SIX CLUBS ACE,0.3402,0.006,0.6538
CLUBS QUEEN CLUBS JACK,0.3282,0.0106,0.6612
CLUBS KING CLUBS JACK,0.3044,0.0068,0.6888
DIAMONDS THREE HEARTS ACE,0.2628,0.014,0.7232
DIAMONDS THREE HEARTS QUEEN,0.2654,0.0364,0.6982
DIAMONDS THREE HEARTS KING,0.246,0.0262,0.7278
CLUBS FIVE HEARTS JACK,0.3552,0.0198,0.625
SPADES TEN DIAMONDS ACE,0.325,0.0056,0.6694
HEARTS FOUR SPADES TEN,0.359,0.0308,0.6102
CLUBS FIVE HEARTS TEN,0.3608,0.034,0.6052
HEARTS FOUR SPADES JACK,0.3498,0.0206,0.6296
SPADES JACK DIAMONDS ACE,0.3348,0.0046,0.6606
SPADES ACE HEARTS FOUR,0.3578,0.0076,0.6346
SPADES ACE DIAMONDS ACE,0.1256,0.0048,0.8696
CLUBS FIVE HEARTS ACE,0.3478,0.0058,0.6464
CLUBS FIVE HEARTS KING,0.359,0.0076,0.6334
HEARTS FOUR SPADES QUEEN,0.3562,0.0128,0.631
SPADES QUEEN DIAMONDS ACE,0.3312,0.0062,0.6626
SPADES FOUR CLUBS JACK,0.368,0.021,0.611
CLUBS FIVE HEARTS QUEEN,0.3622,0.0116,0.6262
SPADES KING DIAMONDS ACE,0.3356,0.0032,0.6612
HEARTS FOUR SPADES KING,0.3508,0.0096,0.6396
CLUBS TEN SPADES FOUR,0.3668,0.033,0.6002
DIAMONDS QUEEN DIAMONDS ACE,0.3064,0.0044,0.6892
HEARTS TWO DIAMONDS ACE,0.379,0.0046,0.6164
HEARTS FOUR DIAMONDS QUEEN,0.3746,0.0158,0.6096
HEARTS FOUR HEARTS TWO,0.5004,0.1032,0.3964
DIAMONDS THREE HEARTS TEN,0.259,0.0682,0.6728
SPADES FOUR CLUBS KING,0.3636,0.0072,0.6292
HEARTS FIVE DIAMONDS QUEEN,0.3646,0.0114,0.624
HEARTS FIVE HEARTS TWO,0.4996,0.1028,0.3976
DIAMONDS THREE HEARTS JACK,0.2638,0.049,0.6872
SPADES FOUR CLUBS QUEEN,0.363,0.0142,0.6228
DIAMONDS QUEEN HEARTS TWO,0.4104,0.0132,0.5764
DIAMONDS KING DIAMONDS QUEEN,0.3084,0.0066,0.685
DIAMONDS KING HEARTS TWO,0.4084,0.0098,0.5818
HEARTS THREE DIAMONDS QUEEN,0.2552,0.04,0.7048
HEARTS THREE HEARTS TWO,0.5246,0.18,0.2954
SPADES FOUR CLUBS ACE,0.3552,0.0046,0.6402
HEARTS TWO CLUBS ACE,0.3924,0.0048,0.6028
DIAMONDS QUEEN CLUBS ACE,0.3352,0.004,0.6608
HEARTS TWO CLUBS QUEEN,0.4098,0.0154,0.5748
DIAMONDS QUEEN CLUBS QUEEN,0.1244,0.0314,0.8442
HEARTS TWO CLUBS KING,0.4018,0.0084,0.5898
DIAMONDS QUEEN CLUBS KING,0.3174,0.0056,0.677
SPADES EIGHT SPADES FIVE,0.3152,0.0654,0.6194
CLUBS TEN HEARTS TWO,0.3878,0.0266,0.5856
CLUBS TEN DIAMONDS QUEEN,0.327,0.0084,0.6646
SPADES NINE SPADES FIVE,0.3306,0.0448,0.6246
HEARTS TWO CLUBS JACK,0.3926,0.0202,0.5872
DIAMONDS QUEEN CLUBS JACK,0.325,0.0092,0.6658
SPADES SIX SPADES FIVE,0.461,0.1046,0.4344
DIAMONDS FIVE CLUBS QUEEN,0.3486,0.012,0.6394
SPADES EIGHT CLUBS ACE,0.318,0.0032,0.6788
DIAMONDS FIVE CLUBS KING,0.3518,0.0102,0.638
SPADES EIGHT CLUBS KING,0.3216,0.0084,0.67
CLUBS ACE DIAMONDS FIVE,0.35,0.0052,0.6448
SPADES EIGHT CLUBS QUEEN,0.3254,0.012,0.6626
SPADES EIGHT CLUBS JACK,0.315,0.0164,0.6686
CLUBS TEN SPADES EIGHT,0.3202,0.0266,0.6532
CLUBS TEN DIAMONDS FIVE,0.3604,0.0282,0.6114
DIAMONDS FIVE CLUBS JACK,0.3512,0.0194,0.6294
HEARTS JACK DIAMONDS TEN,0.328,0.0136,0.6584
DIAMONDS TEN HEARTS TEN,0.151,0.0538,0.7952
SPADES ACE CLUBS NINE,0.3238,0.0052,0.671
CLUBS NINE SPADES QUEEN,0.3234,0.0154,0.6612
CLUBS NINE SPADES KING,0.316,0.0086,0.6754
HEARTS SIX HEARTS KING,0.3372,0.0062,0.6566
SPADES KING DIAMONDS SEVEN,0.2386,0.0408,0.7206
HEARTS SIX HEARTS QUEEN,0.3356,0.0148,0.6496
DIAMONDS KING SPADES SIX,0.3648,0.0076,0.6276
HEARTS THREE SPADES SIX,0.5746,0.1906,0.2348
SPADES QUEEN DIAMONDS SEVEN,0.2286,0.0498,0.7216
DIAMONDS KING SPADES NINE,0.3308,0.0082,0.661
