opposingHand,winningChance,drawChance,lostChance
SPADES ACE CLUBS TEN
SPADES TEN HEARTS FIVE,0.753,0.0248,0.2222
SPADES JACK HEARTS FIVE,0.6568,0.0036,0.3396
SPADES FIVE CLUBS JACK,0.6638,0.0052,0.331
CLUBS EIGHT CLUBS JACK,0.5928,0.0046,0.4026
CLUBS EIGHT CLUBS KING,0.6174,0.0042,0.3784
SPADES FIVE CLUBS ACE,0.6314,0.1202,0.2484
CLUBS EIGHT CLUBS QUEEN,0.6076,0.0048,0.3876
SPADES FIVE CLUBS KING,0.6518,0.0046,0.3436
SPADES FIVE CLUBS QUEEN,0.648,0.0058,0.3462
CLUBS EIGHT CLUBS ACE,0.608,0.1186,0.2734
DIAMONDS TWO DIAMONDS THREE,0.6156,0.0046,0.3798
DIAMONDS TWO DIAMONDS FIVE,0.602,0.0054,0.3926
SPADES KING HEARTS FIVE,0.6442,0.0056,0.3502
DIAMONDS TWO DIAMONDS FOUR,0.617,0.0038,0.3792
SPADES QUEEN HEARTS FIVE,0.6484,0.0042,0.3474
DIAMONDS TWO DIAMONDS SEVEN,0.6426,0.0032,0.3542
DIAMONDS TWO DIAMONDS SIX,0.6388,0.003,0.3582
DIAMONDS TWO DIAMONDS NINE,0.6444,0.0044,0.3512
DIAMONDS TWO DIAMONDS EIGHT,0.6474,0.0036,0.349
DIAMONDS THREE DIAMONDS FOUR,0.6018,0.004,0.3942
CLUBS TWO SPADES FOUR,0.6652,0.0056,0.3292
DIAMONDS THREE DIAMONDS FIVE,0.5856,0.0042,0.4102
CLUBS TWO SPADES FIVE,0.6606,0.005,0.3344
CLUBS TWO SPADES TWO,0.4866,0.006,0.5074
CLUBS TWO SPADES THREE,0.6642,0.0048,0.331
DIAMONDS THREE DIAMONDS EIGHT,0.6416,0.0048,0.3536
SPADES EIGHT CLUBS TWO,0.6818,0.0054,0.3128
DIAMONDS THREE DIAMONDS NINE,0.6276,0.0038,0.3686
SPADES NINE CLUBS TWO,0.6908,0.0048,0.3044
DIAMONDS THREE DIAMONDS SIX,0.6094,0.0042,0.3864
CLUBS TWO SPADES SIX,0.6744,0.0056,0.32
DIAMONDS THREE DIAMONDS SEVEN,0.617,0.0034,0.3796
SPADES SEVEN CLUBS TWO,0.6912,0.0068,0.302
CLUBS SIX CLUBS TWO,0.6416,0.005,0.3534
CLUBS SEVEN CLUBS TWO,0.6492,0.0042,0.3466
CLUBS FOUR CLUBS TWO,0.6164,0.0056,0.378
CLUBS FIVE CLUBS TWO,0.6276,0.0046,0.3678
DIAMONDS FOUR DIAMONDS SIX,0.6108,0.0046,0.3846
DIAMONDS FOUR DIAMONDS SEVEN,0.6192,0.0058,0.375
CLUBS EIGHT CLUBS TWO,0.6428,0.0076,0.3496
DIAMONDS FIVE DIAMONDS FOUR,0.6,0.006,0.394
CLUBS NINE CLUBS TWO,0.6458,0.0078,0.3464
DIAMONDS NINE DIAMONDS FOUR,0.6302,0.004,0.3658
DIAMONDS EIGHT DIAMONDS FOUR,0.6276,0.004,0.3684
CLUBS TWO CLUBS THREE,0.6248,0.0056,0.3696
DIAMONDS NINE DIAMONDS FIVE,0.62,0.0046,0.3754
DIAMONDS TWO CLUBS JACK,0.6506,0.006,0.3434
DIAMONDS EIGHT DIAMONDS FIVE,0.5962,0.004,0.3998
DIAMONDS FIVE DIAMONDS SEVEN,0.5956,0.0056,0.3988
DIAMONDS FIVE DIAMONDS SIX,0.5926,0.0042,0.4032
DIAMONDS TWO CLUBS ACE,0.639,0.1172,0.2438
DIAMONDS TWO CLUBS KING,0.6466,0.0038,0.3496
DIAMONDS TWO CLUBS QUEEN,0.6488,0.0046,0.3466
DIAMONDS EIGHT DIAMONDS SIX,0.5934,0.0062,0.4004
DIAMONDS NINE DIAMONDS SIX,0.614,0.0042,0.3818
HEARTS ACE SPADES THREE,0.6446,0.1106,0.2448
HEARTS KING SPADES THREE,0.6536,0.0038,0.3426
DIAMONDS SEVEN DIAMONDS SIX,0.5838,0.0038,0.4124
SPADES THREE HEARTS QUEEN,0.657,0.0048,0.3382
SPADES THREE HEARTS JACK,0.665,0.0048,0.3302
SPADES THREE HEARTS TEN,0.757,0.0284,0.2146
DIAMONDS EIGHT DIAMONDS SEVEN,0.5704,0.0038,0.4258
DIAMONDS NINE DIAMONDS SEVEN,0.5884,0.004,0.4076
DIAMONDS NINE DIAMONDS EIGHT,0.5892,0.0038,0.407
DIAMONDS KING HEARTS TEN,0.7164,0.0186,0.265
HEARTS THREE HEARTS TEN,0.7062,0.0264,0.2674
SPADES JACK CLUBS SIX,0.6632,0.0036,0.3332
DIAMONDS KING HEARTS JACK,0.612,0.004,0.384
HEARTS THREE HEARTS JACK,0.62,0.0036,0.3764
CLUBS SIX SPADES TEN,0.7412,0.0264,0.2324
SPADES JACK SPADES FIVE,0.6204,0.0054,0.3742
SPADES TEN SPADES FIVE,0.7202,0.0276,0.2522
DIAMONDS KING HEARTS ACE,0.25,0.0482,0.7018
HEARTS THREE HEARTS ACE,0.602,0.109,0.289
DIAMONDS KING HEARTS QUEEN,0.592,0.005,0.403
HEARTS THREE HEARTS QUEEN,0.6098,0.0054,0.3848
SPADES KING CLUBS SIX,0.6558,0.006,0.3382
DIAMONDS KING HEARTS KING,0.2964,0.0046,0.699
HEARTS THREE HEARTS KING,0.6164,0.0036,0.38
SPADES QUEEN CLUBS SIX,0.6576,0.005,0.3374
SPADES NINE HEARTS TEN,0.7008,0.0248,0.2744
SPADES NINE HEARTS JACK,0.6314,0.0032,0.3654
SPADES QUEEN SPADES FIVE,0.6112,0.0036,0.3852
SPADES KING SPADES FIVE,0.6218,0.0044,0.3738
SPADES NINE HEARTS QUEEN,0.6398,0.0046,0.3556
SPADES NINE HEARTS KING,0.6364,0.0046,0.359
SPADES NINE HEARTS ACE,0.6586,0.1158,0.2256
SPADES FIVE HEARTS QUEEN,0.6508,0.005,0.3442
SPADES FIVE HEARTS KING,0.6514,0.0044,0.3442
SPADES FIVE HEARTS ACE,0.6312,0.1174,0.2514
HEARTS THREE SPADES JACK,0.6604,0.0054,0.3342
SPADES JACK DIAMONDS KING,0.6024,0.0052,0.3924
CLUBS EIGHT SPADES TEN,0.7288,0.021,0.2502
CLUBS EIGHT SPADES JACK,0.6286,0.0052,0.3662
HEARTS THREE SPADES TEN,0.7512,0.025,0.2238
SPADES TEN DIAMONDS KING,0.7266,0.0242,0.2492
HEARTS FIVE CLUBS JACK,0.6382,0.0042,0.3576
CLUBS SIX HEARTS ACE,0.6498,0.1214,0.2288
CLUBS EIGHT SPADES QUEEN,0.6464,0.0032,0.3504
CLUBS SIX HEARTS QUEEN,0.6386,0.0042,0.3572
SPADES KING CLUBS EIGHT,0.6618,0.0046,0.3336
SPADES THREE CLUBS JACK,0.648,0.0038,0.3482
CLUBS SIX HEARTS KING,0.6532,0.0042,0.3426
DIAMONDS TWO HEARTS JACK,0.6476,0.0046,0.3478
SPADES THREE CLUBS QUEEN,0.6544,0.0056,0.34
DIAMONDS TWO HEARTS TEN,0.7572,0.0244,0.2184
SPADES THREE CLUBS KING,0.6458,0.0044,0.3498
HEARTS FIVE CLUBS ACE,0.621,0.122,0.257
SPADES FIVE HEARTS TEN,0.7462,0.024,0.2298
SPADES THREE CLUBS ACE,0.6372,0.114,0.2488
HEARTS FIVE CLUBS KING,0.6454,0.0038,0.3508
SPADES FIVE HEARTS JACK,0.644,0.0036,0.3524
HEARTS FIVE CLUBS QUEEN,0.641,0.0042,0.3548
HEARTS THREE CLUBS KING,0.637,0.0038,0.3592
DIAMONDS KING CLUBS KING,0.2796,0.0048,0.7156
HEARTS THREE CLUBS QUEEN,0.6478,0.0028,0.3494
DIAMONDS KING CLUBS QUEEN,0.592,0.0036,0.4044
HEARTS FIVE HEARTS JACK,0.6114,0.0036,0.385
HEARTS FIVE HEARTS TEN,0.7098,0.021,0.2692
HEARTS THREE CLUBS ACE,0.631,0.118,0.251
DIAMONDS KING CLUBS ACE,0.241,0.0442,0.7148
SPADES KING CLUBS QUEEN,0.595,0.006,0.399
HEARTS THREE CLUBS JACK,0.6458,0.004,0.3502
DIAMONDS KING CLUBS JACK,0.5948,0.0056,0.3996
SPADES QUEEN CLUBS QUEEN,0.2922,0.0032,0.7046
SPADES JACK CLUBS QUEEN,0.5906,0.0068,0.4026
CLUBS SIX CLUBS QUEEN,0.6166,0.0072,0.3762
SPADES TEN CLUBS QUEEN,0.7188,0.0164,0.2648
CLUBS SIX CLUBS KING,0.6206,0.0058,0.3736
CLUBS SIX CLUBS ACE,0.6292,0.1138,0.257
HEARTS FIVE HEARTS KING,0.5948,0.0032,0.402
HEARTS FIVE HEARTS QUEEN,0.6172,0.0046,0.3782
HEARTS FIVE HEARTS ACE,0.5926,0.1114,0.296
CLUBS SIX CLUBS JACK,0.626,0.0032,0.3708
SPADES SEVEN HEARTS JACK,0.6452,0.0034,0.3514
SPADES SEVEN HEARTS TEN,0.7246,0.023,0.2524
DIAMONDS TWO CLUBS TWO,0.487,0.0048,0.5082
DIAMONDS TWO CLUBS THREE,0.672,0.0062,0.3218
HEARTS SIX DIAMONDS TWO,0.6592,0.0054,0.3354
DIAMONDS TWO HEARTS QUEEN,0.6472,0.0042,0.3486
DIAMONDS TWO HEARTS SEVEN,0.6866,0.0042,0.3092
DIAMONDS TWO HEARTS KING,0.6632,0.0052,0.3316
DIAMONDS TWO HEARTS EIGHT,0.6758,0.0038,0.3204
DIAMONDS TWO HEARTS ACE,0.6276,0.1238,0.2486
DIAMONDS TWO HEARTS NINE,0.6806,0.0036,0.3158
DIAMONDS TWO DIAMONDS QUEEN,0.6084,0.0064,0.3852
DIAMONDS TWO HEARTS TWO,0.4796,0.006,0.5144
DIAMONDS TWO DIAMONDS KING,0.611,0.0044,0.3846
HEARTS THREE DIAMONDS TWO,0.663,0.0042,0.3328
DIAMONDS TWO DIAMONDS ACE,0.5886,0.1166,0.2948
HEARTS FOUR DIAMONDS TWO,0.6456,0.0044,0.35
DIAMONDS TWO HEARTS FIVE,0.65,0.0044,0.3456
SPADES SEVEN HEARTS ACE,0.6386,0.1252,0.2362
DIAMONDS TWO DIAMONDS TEN,0.7104,0.0244,0.2652
SPADES SEVEN HEARTS KING,0.648,0.0048,0.3472
DIAMONDS TWO DIAMONDS JACK,0.6086,0.005,0.3864
SPADES SEVEN HEARTS QUEEN,0.654,0.002,0.344
DIAMONDS TWO SPADES NINE,0.667,0.0056,0.3274
DIAMONDS TWO SPADES EIGHT,0.675,0.0054,0.3196
DIAMONDS TWO SPADES SEVEN,0.6854,0.0048,0.3098
DIAMONDS TWO SPADES SIX,0.665,0.0042,0.3308
DIAMONDS TWO SPADES FIVE,0.6522,0.0046,0.3432
DIAMONDS TWO SPADES FOUR,0.6516,0.0036,0.3448
DIAMONDS TWO SPADES THREE,0.6688,0.0042,0.327
DIAMONDS TWO SPADES TWO,0.4846,0.0056,0.5098
CLUBS NINE DIAMONDS TWO,0.6822,0.0046,0.3132
CLUBS EIGHT DIAMONDS TWO,0.6844,0.004,0.3116
DIAMONDS TWO CLUBS SEVEN,0.6884,0.0052,0.3064
CLUBS SIX DIAMONDS TWO,0.6546,0.0062,0.3392
DIAMONDS TWO CLUBS FIVE,0.6678,0.0042,0.328
DIAMONDS TWO CLUBS FOUR,0.6588,0.0064,0.3348
CLUBS FOUR SPADES FIVE,0.6414,0.0064,0.3522
CLUBS FOUR SPADES FOUR,0.4842,0.0064,0.5094
CLUBS FOUR SPADES THREE,0.646,0.0064,0.3476
CLUBS FOUR SPADES TWO,0.6652,0.0066,0.3282
SPADES NINE CLUBS FOUR,0.6902,0.0054,0.3044
CLUBS FOUR SPADES EIGHT,0.6722,0.0054,0.3224
CLUBS FOUR SPADES SEVEN,0.669,0.0048,0.3262
CLUBS FOUR SPADES SIX,0.65,0.0084,0.3416
SPADES QUEEN DIAMONDS SIX,0.6456,0.003,0.3514
SPADES KING DIAMONDS SIX,0.6534,0.0048,0.3418
SPADES TEN DIAMONDS SIX,0.7414,0.0224,0.2362
SPADES JACK DIAMONDS SIX,0.6566,0.0018,0.3416
SPADES QUEEN SPADES TWO,0.6342,0.006,0.3598
SPADES KING SPADES TWO,0.6374,0.0044,0.3582
DIAMONDS JACK CLUBS JACK,0.3032,0.0026,0.6942
DIAMONDS JACK CLUBS KING,0.5786,0.004,0.4174
DIAMONDS JACK CLUBS QUEEN,0.5876,0.0034,0.409
DIAMONDS THREE DIAMONDS JACK,0.6148,0.004,0.3812
DIAMONDS THREE DIAMONDS TEN,0.7132,0.0272,0.2596
DIAMONDS JACK CLUBS ACE,0.2244,0.0868,0.6888
DIAMONDS THREE DIAMONDS KING,0.6046,0.0042,0.3912
HEARTS THREE DIAMONDS THREE,0.4758,0.0052,0.519
DIAMONDS THREE DIAMONDS QUEEN,0.598,0.0046,0.3974
DIAMONDS THREE HEARTS TWO,0.6452,0.0048,0.35
HEARTS FIVE DIAMONDS THREE,0.6434,0.0036,0.353
DIAMONDS THREE DIAMONDS ACE,0.5914,0.113,0.2956
HEARTS FOUR DIAMONDS THREE,0.641,0.005,0.354
DIAMONDS THREE HEARTS SEVEN,0.6584,0.0038,0.3378
SPADES TEN SPADES NINE,0.6848,0.0258,0.2894
HEARTS SIX DIAMONDS THREE,0.6452,0.006,0.3488
SPADES JACK SPADES NINE,0.6036,0.0042,0.3922
DIAMONDS THREE HEARTS NINE,0.6696,0.0038,0.3266
HEARTS JACK DIAMONDS FOUR,0.6548,0.0034,0.3418
HEARTS KING HEARTS ACE,0.2448,0.0472,0.708
SPADES TEN SPADES TWO,0.7272,0.0228,0.25
DIAMONDS THREE HEARTS EIGHT,0.6686,0.003,0.3284
HEARTS TEN DIAMONDS FOUR,0.7448,0.0244,0.2308
SPADES JACK SPADES TWO,0.6402,0.0046,0.3552
HEARTS QUEEN DIAMONDS FOUR,0.6554,0.0058,0.3388
HEARTS KING DIAMONDS FOUR,0.6456,0.0036,0.3508
HEARTS ACE DIAMONDS FOUR,0.6252,0.1182,0.2566
SPADES KING SPADES NINE,0.622,0.0038,0.3742
SPADES QUEEN SPADES NINE,0.6178,0.0044,0.3778
DIAMONDS THREE SPADES NINE,0.677,0.004,0.319
DIAMONDS THREE SPADES EIGHT,0.676,0.0042,0.3198
DIAMONDS THREE SPADES SEVEN,0.6736,0.0044,0.322
DIAMONDS THREE SPADES SIX,0.6472,0.0056,0.3472
CLUBS SIX DIAMONDS THREE,0.6608,0.003,0.3362
CLUBS ACE DIAMONDS FOUR,0.6216,0.1234,0.255
CLUBS SIX CLUBS FIVE,0.607,0.0028,0.3902
CLUBS SEVEN CLUBS FIVE,0.6052,0.0044,0.3904
CLUBS SEVEN DIAMONDS THREE,0.6762,0.005,0.3188
DIAMONDS THREE CLUBS FOUR,0.6486,0.0038,0.3476
DIAMONDS FOUR CLUBS QUEEN,0.6372,0.0056,0.3572
DIAMONDS THREE CLUBS FIVE,0.6412,0.0052,0.3536
CLUBS KING DIAMONDS FOUR,0.6406,0.0058,0.3536
DIAMONDS THREE CLUBS TWO,0.6646,0.0066,0.3288
DIAMONDS THREE CLUBS THREE,0.488,0.0056,0.5064
DIAMONDS FOUR CLUBS JACK,0.6564,0.0034,0.3402
DIAMONDS THREE SPADES FOUR,0.6462,0.0046,0.3492
DIAMONDS THREE SPADES FIVE,0.652,0.0054,0.3426
DIAMONDS THREE SPADES TWO,0.6758,0.0052,0.319
DIAMONDS THREE SPADES THREE,0.471,0.0072,0.5218
CLUBS EIGHT DIAMONDS THREE,0.6858,0.0052,0.309
CLUBS NINE DIAMONDS THREE,0.6648,0.0038,0.3314
SPADES SEVEN CLUBS ACE,0.6474,0.1184,0.2342
SPADES SEVEN CLUBS QUEEN,0.645,0.004,0.351
SPADES SEVEN CLUBS KING,0.6448,0.004,0.3512
CLUBS FIVE SPADES SEVEN,0.6468,0.0044,0.3488
CLUBS FIVE SPADES SIX,0.6352,0.0042,0.3606
SPADES SEVEN CLUBS JACK,0.636,0.0046,0.3594
SPADES NINE CLUBS FIVE,0.6754,0.0052,0.3194
SPADES EIGHT CLUBS FIVE,0.6616,0.0042,0.3342
CLUBS FIVE SPADES THREE,0.6464,0.0056,0.348
CLUBS FIVE SPADES TWO,0.6574,0.0066,0.336
CLUBS FIVE SPADES FIVE,0.4764,0.0046,0.519
CLUBS FIVE SPADES FOUR,0.6232,0.0042,0.3726
CLUBS NINE CLUBS FIVE,0.6186,0.0042,0.3772
CLUBS EIGHT CLUBS FIVE,0.617,0.0054,0.3776
CLUBS ACE CLUBS QUEEN,0.226,0.0616,0.7124
CLUBS KING CLUBS QUEEN,0.5542,0.0058,0.44
DIAMONDS TEN DIAMONDS FOUR,0.706,0.0256,0.2684
DIAMONDS JACK DIAMONDS FOUR,0.6058,0.0054,0.3888
DIAMONDS NINE CLUBS JACK,0.633,0.0038,0.3632
SPADES NINE CLUBS JACK,0.6216,0.0046,0.3738
DIAMONDS ACE DIAMONDS FOUR,0.5898,0.1144,0.2958
HEARTS FOUR DIAMONDS FOUR,0.4722,0.003,0.5248
DIAMONDS JACK HEARTS TEN,0.7064,0.0178,0.2758
SPADES NINE CLUBS KING,0.645,0.0048,0.3502
DIAMONDS TWO SPADES TEN,0.758,0.0286,0.2134
DIAMONDS NINE CLUBS ACE,0.6542,0.115,0.2308
HEARTS FIVE DIAMONDS FOUR,0.6284,0.0066,0.365
HEARTS JACK DIAMONDS JACK,0.3092,0.0036,0.6872
SPADES NINE CLUBS QUEEN,0.6396,0.0066,0.3538
SPADES JACK DIAMONDS TWO,0.6636,0.0058,0.3306
DIAMONDS QUEEN DIAMONDS FOUR,0.6176,0.0036,0.3788
HEARTS TWO DIAMONDS FOUR,0.6498,0.004,0.3462
DIAMONDS NINE CLUBS QUEEN,0.6226,0.0032,0.3742
DIAMONDS KING DIAMONDS FOUR,0.6006,0.0046,0.3948
HEARTS THREE DIAMONDS FOUR,0.6294,0.0038,0.3668
SPADES NINE CLUBS ACE,0.6608,0.113,0.2262
DIAMONDS NINE CLUBS KING,0.6458,0.0028,0.3514
HEARTS ACE DIAMONDS JACK,0.2414,0.0878,0.6708
DIAMONDS JACK HEARTS QUEEN,0.5842,0.004,0.4118
SPADES QUEEN DIAMONDS TWO,0.646,0.0048,0.3492
HEARTS KING DIAMONDS JACK,0.6034,0.0038,0.3928
SPADES KING DIAMONDS TWO,0.6536,0.0048,0.3416
SPADES JACK SPADES SEVEN,0.6214,0.004,0.3746
SPADES TEN SPADES SEVEN,0.6928,0.0242,0.283
CLUBS SEVEN CLUBS THREE,0.63,0.0056,0.3644
CLUBS SIX CLUBS THREE,0.6162,0.0046,0.3792
CLUBS FIVE CLUBS THREE,0.6168,0.005,0.3782
CLUBS FOUR CLUBS THREE,0.6122,0.0058,0.382
CLUBS NINE CLUBS THREE,0.6478,0.0044,0.3478
CLUBS EIGHT CLUBS THREE,0.6544,0.0036,0.342
CLUBS THREE SPADES FIVE,0.65,0.0058,0.3442
CLUBS THREE SPADES FOUR,0.637,0.0078,0.3552
CLUBS THREE SPADES THREE,0.4832,0.0054,0.5114
CLUBS THREE SPADES TWO,0.6724,0.0044,0.3232
SPADES SIX CLUBS THREE,0.6724,0.0042,0.3234
SPADES SEVEN CLUBS THREE,0.6664,0.0064,0.3272
SPADES EIGHT CLUBS THREE,0.6844,0.0064,0.3092
SPADES NINE CLUBS THREE,0.681,0.0042,0.3148
SPADES TWO DIAMONDS FOUR,0.6626,0.0044,0.333
SPADES THREE DIAMONDS FOUR,0.6318,0.005,0.3632
SPADES FOUR DIAMONDS FOUR,0.4914,0.0044,0.5042
SPADES FIVE DIAMONDS FOUR,0.633,0.0046,0.3624
SPADES SIX DIAMONDS FOUR,0.6414,0.0038,0.3548
SPADES SEVEN DIAMONDS FOUR,0.6436,0.003,0.3534
SPADES EIGHT DIAMONDS FOUR,0.6706,0.0044,0.325
SPADES NINE DIAMONDS FOUR,0.6826,0.0038,0.3136
CLUBS FIVE DIAMONDS FOUR,0.6226,0.0056,0.3718
CLUBS FOUR DIAMONDS FOUR,0.4798,0.0068,0.5134
CLUBS SEVEN DIAMONDS FOUR,0.6442,0.0044,0.3514
CLUBS SIX DIAMONDS FOUR,0.6374,0.0052,0.3574
CLUBS NINE DIAMONDS FOUR,0.6714,0.005,0.3236
CLUBS EIGHT DIAMONDS FOUR,0.6748,0.0022,0.323
DIAMONDS FOUR HEARTS SEVEN,0.6496,0.0042,0.3462
HEARTS SIX DIAMONDS FOUR,0.6406,0.003,0.3564
HEARTS NINE DIAMONDS FOUR,0.6708,0.0028,0.3264
DIAMONDS FOUR HEARTS EIGHT,0.6506,0.0044,0.345
CLUBS THREE DIAMONDS FOUR,0.6374,0.0054,0.3572
CLUBS TWO DIAMONDS FOUR,0.6496,0.0042,0.3462
DIAMONDS TEN DIAMONDS FIVE,0.6926,0.023,0.2844
DIAMONDS JACK DIAMONDS FIVE,0.5962,0.0028,0.401
DIAMONDS NINE HEARTS QUEEN,0.629,0.0034,0.3676
HEARTS KING DIAMONDS NINE,0.6534,0.004,0.3426
DIAMONDS NINE HEARTS ACE,0.656,0.116,0.228
DIAMONDS NINE HEARTS TEN,0.7098,0.0204,0.2698
DIAMONDS NINE HEARTS JACK,0.6152,0.0044,0.3804
CLUBS KING DIAMONDS SIX,0.6436,0.0034,0.353
CLUBS QUEEN DIAMONDS SIX,0.6322,0.0058,0.362
CLUBS ACE DIAMONDS SIX,0.6418,0.1246,0.2336
SPADES KING DIAMONDS FOUR,0.6398,0.0042,0.356
SPADES QUEEN DIAMONDS FOUR,0.6366,0.0052,0.3582
SPADES QUEEN SPADES SEVEN,0.6352,0.003,0.3618
CLUBS JACK DIAMONDS SIX,0.655,0.004,0.341
SPADES KING SPADES SEVEN,0.6282,0.004,0.3678
CLUBS NINE CLUBS FOUR,0.6564,0.0054,0.3382
CLUBS EIGHT CLUBS FOUR,0.6474,0.004,0.3486
SPADES JACK DIAMONDS FOUR,0.6516,0.0054,0.343
SPADES TEN DIAMONDS FOUR,0.7464,0.0258,0.2278
CLUBS FOUR CLUBS FIVE,0.5956,0.006,0.3984
CLUBS SEVEN CLUBS FOUR,0.6262,0.0046,0.3692
CLUBS SIX CLUBS FOUR,0.605,0.0058,0.3892
CLUBS SEVEN SPADES EIGHT,0.6272,0.0032,0.3696
CLUBS SEVEN SPADES NINE,0.6446,0.0032,0.3522
CLUBS SEVEN SPADES SIX,0.6392,0.0046,0.3562
CLUBS SEVEN SPADES SEVEN,0.466,0.0048,0.5292
CLUBS SEVEN SPADES FIVE,0.6408,0.0046,0.3546
CLUBS SEVEN SPADES FOUR,0.6698,0.005,0.3252
CLUBS SEVEN SPADES THREE,0.6698,0.0048,0.3254
CLUBS SEVEN SPADES TWO,0.6834,0.006,0.3106
CLUBS NINE CLUBS SEVEN,0.6016,0.0066,0.3918
CLUBS EIGHT CLUBS SEVEN,0.5906,0.0052,0.4042
HEARTS SIX DIAMONDS FIVE,0.6188,0.0044,0.3768
DIAMONDS FIVE HEARTS SEVEN,0.636,0.0026,0.3614
DIAMONDS FIVE HEARTS EIGHT,0.6522,0.003,0.3448
HEARTS NINE DIAMONDS FIVE,0.6606,0.0028,0.3366
DIAMONDS QUEEN DIAMONDS FIVE,0.5984,0.0052,0.3964
HEARTS TWO DIAMONDS FIVE,0.6506,0.0056,0.3438
HEARTS KING HEARTS EIGHT,0.6086,0.0048,0.3866
DIAMONDS KING DIAMONDS FIVE,0.5944,0.0058,0.3998
HEARTS THREE DIAMONDS FIVE,0.643,0.0038,0.3532
HEARTS QUEEN HEARTS EIGHT,0.5994,0.003,0.3976
DIAMONDS ACE DIAMONDS FIVE,0.595,0.1128,0.2922
HEARTS FOUR DIAMONDS FIVE,0.627,0.0042,0.3688
HEARTS FIVE DIAMONDS FIVE,0.4866,0.0024,0.511
HEARTS ACE HEARTS EIGHT,0.6028,0.1116,0.2856
CLUBS FOUR DIAMONDS FIVE,0.635,0.005,0.36
CLUBS FIVE DIAMONDS FIVE,0.4814,0.0072,0.5114
CLUBS SIX DIAMONDS FIVE,0.6384,0.0046,0.357
CLUBS SEVEN DIAMONDS FIVE,0.6388,0.0044,0.3568
CLUBS TWO DIAMONDS FIVE,0.6496,0.005,0.3454
CLUBS THREE DIAMONDS FIVE,0.6388,0.005,0.3562
SPADES THREE DIAMONDS FIVE,0.6342,0.0042,0.3616
SPADES TWO DIAMONDS FIVE,0.6576,0.0054,0.337
SPADES JACK DIAMONDS EIGHT,0.6358,0.0042,0.36
SPADES FIVE DIAMONDS FIVE,0.474,0.0042,0.5218
SPADES TEN DIAMONDS EIGHT,0.7072,0.024,0.2688
SPADES FOUR DIAMONDS FIVE,0.6322,0.007,0.3608
HEARTS JACK CLUBS JACK,0.2996,0.0038,0.6966
HEARTS JACK CLUBS QUEEN,0.5858,0.006,0.4082
CLUBS NINE DIAMONDS FIVE,0.662,0.004,0.334
HEARTS JACK CLUBS KING,0.599,0.0048,0.3962
CLUBS EIGHT DIAMONDS FIVE,0.653,0.003,0.344
HEARTS JACK CLUBS ACE,0.2348,0.0874,0.6778
SPADES SEVEN DIAMONDS FIVE,0.6404,0.0036,0.356
SPADES KING DIAMONDS EIGHT,0.651,0.004,0.345
SPADES SIX DIAMONDS FIVE,0.6384,0.0038,0.3578
SPADES QUEEN DIAMONDS EIGHT,0.6512,0.0046,0.3442
SPADES NINE DIAMONDS FIVE,0.678,0.005,0.317
SPADES EIGHT DIAMONDS FIVE,0.652,0.0044,0.3436
DIAMONDS TEN DIAMONDS SIX,0.681,0.028,0.291
HEARTS ACE DIAMONDS SEVEN,0.6422,0.112,0.2458
DIAMONDS JACK DIAMONDS SIX,0.612,0.0038,0.3842
HEARTS QUEEN DIAMONDS SEVEN,0.6518,0.002,0.3462
HEARTS KING DIAMONDS SEVEN,0.6438,0.0038,0.3524
DIAMONDS ACE DIAMONDS SIX,0.6158,0.106,0.2782
HEARTS FOUR DIAMONDS SIX,0.633,0.0042,0.3628
HEARTS JACK SPADES TWO,0.6452,0.004,0.3508
HEARTS FIVE DIAMONDS SIX,0.6276,0.0052,0.3672
SPADES TWO HEARTS TEN,0.7554,0.0276,0.217
DIAMONDS QUEEN DIAMONDS SIX,0.6024,0.0034,0.3942
HEARTS TWO DIAMONDS SIX,0.6738,0.0038,0.3224
DIAMONDS KING DIAMONDS SIX,0.6108,0.006,0.3832
HEARTS THREE DIAMONDS SIX,0.654,0.0042,0.3418
HEARTS EIGHT DIAMONDS SIX,0.6378,0.0026,0.3596
HEARTS NINE DIAMONDS SIX,0.651,0.0038,0.3452
HEARTS SIX DIAMONDS SIX,0.4854,0.0024,0.5122
HEARTS SEVEN DIAMONDS SIX,0.6308,0.0036,0.3656
HEARTS TEN DIAMONDS SEVEN,0.7218,0.017,0.2612
CLUBS TWO DIAMONDS SIX,0.6654,0.0044,0.3302
HEARTS JACK DIAMONDS SEVEN,0.6374,0.002,0.3606
CLUBS THREE DIAMONDS SIX,0.6588,0.004,0.3372
DIAMONDS EIGHT CLUBS JACK,0.6172,0.0046,0.3782
CLUBS SEVEN DIAMONDS SIX,0.6458,0.0038,0.3504
CLUBS SIX DIAMONDS SIX,0.4796,0.005,0.5154
CLUBS FIVE DIAMONDS SIX,0.6348,0.0052,0.36
CLUBS FOUR DIAMONDS SIX,0.6388,0.0048,0.3564
HEARTS ACE HEARTS JACK,0.2232,0.0858,0.691
DIAMONDS EIGHT CLUBS ACE,0.6436,0.1252,0.2312
HEARTS JACK HEARTS QUEEN,0.5402,0.0046,0.4552
DIAMONDS EIGHT CLUBS KING,0.6426,0.0042,0.3532
CLUBS NINE DIAMONDS SIX,0.6578,0.004,0.3382
HEARTS KING HEARTS JACK,0.5658,0.003,0.4312
DIAMONDS EIGHT CLUBS QUEEN,0.631,0.0062,0.3628
CLUBS EIGHT DIAMONDS SIX,0.64,0.0038,0.3562
SPADES TEN HEARTS KING,0.7358,0.0186,0.2456
SPADES FIVE DIAMONDS SIX,0.6364,0.0038,0.3598
HEARTS ACE SPADES TWO,0.635,0.114,0.251
SPADES JACK HEARTS KING,0.5942,0.0052,0.4006
SPADES FOUR DIAMONDS SIX,0.6528,0.004,0.3432
SPADES THREE DIAMONDS SIX,0.647,0.0034,0.3496
SPADES TWO HEARTS QUEEN,0.655,0.005,0.34
HEARTS KING SPADES TWO,0.6532,0.0038,0.343
SPADES TWO DIAMONDS SIX,0.6582,0.003,0.3388
HEARTS TEN HEARTS EIGHT,0.6772,0.0192,0.3036
SPADES NINE DIAMONDS SIX,0.6688,0.0036,0.3276
HEARTS JACK HEARTS EIGHT,0.5778,0.002,0.4202
SPADES EIGHT DIAMONDS SIX,0.6406,0.0034,0.356
SPADES SEVEN DIAMONDS SIX,0.6414,0.0028,0.3558
SPADES SIX DIAMONDS SIX,0.4798,0.0024,0.5178
SPADES KING HEARTS KING,0.292,0.0042,0.7038
SPADES QUEEN HEARTS KING,0.5964,0.006,0.3976
CLUBS ACE CLUBS KING,0.2458,0.0468,0.7074
SPADES QUEEN HEARTS JACK,0.5798,0.0044,0.4158
SPADES KING HEARTS JACK,0.6088,0.0052,0.386
SPADES TEN DIAMONDS TEN,0.3238,0.0232,0.653
SPADES JACK DIAMONDS TEN,0.706,0.0166,0.2774
SPADES JACK HEARTS JACK,0.315,0.0034,0.6816
SPADES TEN HEARTS JACK,0.722,0.0162,0.2618
SPADES QUEEN DIAMONDS TEN,0.7186,0.0162,0.2652
SPADES KING DIAMONDS TEN,0.7374,0.0192,0.2434
SPADES NINE DIAMONDS SEVEN,0.637,0.0042,0.3588
SPADES EIGHT DIAMONDS SEVEN,0.6238,0.0046,0.3716
SPADES SEVEN DIAMONDS SEVEN,0.4828,0.0036,0.5136
SPADES SIX DIAMONDS SEVEN,0.6304,0.0038,0.3658
DIAMONDS KING DIAMONDS SEVEN,0.5946,0.005,0.4004
HEARTS THREE DIAMONDS SEVEN,0.6642,0.004,0.3318
HEARTS KING DIAMONDS FIVE,0.6582,0.0022,0.3396
DIAMONDS QUEEN DIAMONDS SEVEN,0.6172,0.0034,0.3794
HEARTS TWO DIAMONDS SEVEN,0.6792,0.0038,0.317
HEARTS QUEEN DIAMONDS FIVE,0.6452,0.0038,0.351
HEARTS FIVE DIAMONDS SEVEN,0.6348,0.0032,0.362
DIAMONDS ACE DIAMONDS SEVEN,0.5988,0.1084,0.2928
HEARTS FOUR DIAMONDS SEVEN,0.65,0.0038,0.3462
HEARTS ACE DIAMONDS FIVE,0.6332,0.119,0.2478
HEARTS SEVEN DIAMONDS SEVEN,0.465,0.0042,0.5308
HEARTS SIX DIAMONDS SEVEN,0.624,0.0022,0.3738
HEARTS NINE DIAMONDS SEVEN,0.6402,0.0016,0.3582
DIAMONDS SEVEN HEARTS EIGHT,0.6116,0.002,0.3864
DIAMONDS JACK DIAMONDS SEVEN,0.6048,0.0034,0.3918
HEARTS JACK DIAMONDS FIVE,0.65,0.0056,0.3444
DIAMONDS TEN DIAMONDS SEVEN,0.6766,0.0262,0.2972
DIAMONDS FIVE HEARTS TEN,0.7538,0.0218,0.2244
SPADES KING CLUBS TWO,0.6458,0.0076,0.3466
HEARTS KING CLUBS KING,0.287,0.0038,0.7092
CLUBS EIGHT DIAMONDS SEVEN,0.635,0.0044,0.3606
SPADES QUEEN CLUBS TWO,0.6458,0.006,0.3482
HEARTS KING CLUBS QUEEN,0.5958,0.0046,0.3996
CLUBS NINE DIAMONDS SEVEN,0.6302,0.0038,0.366
SPADES TWO CLUBS JACK,0.6468,0.0058,0.3474
HEARTS KING CLUBS ACE,0.2462,0.0444,0.7094
CLUBS SIX CLUBS SEVEN,0.6002,0.0042,0.3956
SPADES TWO CLUBS KING,0.658,0.0052,0.3368
SPADES TWO DIAMONDS SEVEN,0.6708,0.0036,0.3256
CLUBS EIGHT CLUBS SIX,0.617,0.0044,0.3786
SPADES THREE DIAMONDS SEVEN,0.6676,0.0058,0.3266
SPADES TWO CLUBS QUEEN,0.658,0.007,0.335
CLUBS NINE CLUBS SIX,0.626,0.0048,0.3692
SPADES FOUR DIAMONDS SEVEN,0.6616,0.0036,0.3348
HEARTS KING CLUBS JACK,0.6012,0.0044,0.3944
SPADES FIVE DIAMONDS SEVEN,0.6506,0.004,0.3454
SPADES TWO CLUBS ACE,0.6446,0.122,0.2334
CLUBS SIX SPADES TWO,0.6762,0.0064,0.3174
CLUBS SIX SPADES THREE,0.6592,0.0068,0.334
CLUBS TWO DIAMONDS SEVEN,0.6674,0.0054,0.3272
CLUBS SIX SPADES FOUR,0.6406,0.0046,0.3548
CLUBS THREE DIAMONDS SEVEN,0.6612,0.004,0.3348
CLUBS SIX SPADES FIVE,0.632,0.0064,0.3616
CLUBS FOUR DIAMONDS SEVEN,0.6544,0.0024,0.3432
CLUBS SIX SPADES SIX,0.4744,0.0048,0.5208
CLUBS FIVE DIAMONDS SEVEN,0.634,0.0052,0.3608
CLUBS SIX SPADES SEVEN,0.6294,0.005,0.3656
CLUBS SIX DIAMONDS SEVEN,0.6348,0.0052,0.36
CLUBS SIX SPADES EIGHT,0.6594,0.0062,0.3344
SPADES JACK CLUBS TWO,0.662,0.0082,0.3298
CLUBS SIX SPADES NINE,0.6626,0.0054,0.332
SPADES TEN CLUBS TWO,0.7744,0.0246,0.201
CLUBS SEVEN DIAMONDS SEVEN,0.4664,0.0044,0.5292
CLUBS TWO CLUBS QUEEN,0.6228,0.0044,0.3728
CLUBS TWO CLUBS KING,0.6186,0.003,0.3784
CLUBS THREE DIAMONDS EIGHT,0.6742,0.005,0.3208
CLUBS TWO CLUBS ACE,0.6218,0.1098,0.2684
CLUBS TWO DIAMONDS EIGHT,0.692,0.0032,0.3048
DIAMONDS EIGHT HEARTS SEVEN,0.6292,0.0026,0.3682
HEARTS SIX DIAMONDS EIGHT,0.6526,0.0024,0.345
DIAMONDS EIGHT HEARTS NINE,0.6346,0.0042,0.3612
DIAMONDS EIGHT HEARTS EIGHT,0.4608,0.0024,0.5368
CLUBS TWO CLUBS JACK,0.6144,0.0056,0.38
CLUBS NINE DIAMONDS EIGHT,0.6384,0.0022,0.3594
CLUBS EIGHT DIAMONDS EIGHT,0.4694,0.0032,0.5274
CLUBS FIVE DIAMONDS EIGHT,0.6452,0.0032,0.3516
CLUBS FOUR DIAMONDS EIGHT,0.6708,0.003,0.3262
SPADES QUEEN SPADES THREE,0.6212,0.0056,0.3732
CLUBS SEVEN DIAMONDS EIGHT,0.6354,0.0056,0.359
CLUBS SIX DIAMONDS EIGHT,0.6522,0.0028,0.345
SPADES KING SPADES THREE,0.6302,0.0054,0.3644
DIAMONDS QUEEN DIAMONDS EIGHT,0.6082,0.0052,0.3866
HEARTS TWO DIAMONDS EIGHT,0.6768,0.0038,0.3194
DIAMONDS KING DIAMONDS EIGHT,0.6176,0.0028,0.3796
HEARTS THREE DIAMONDS EIGHT,0.6696,0.0032,0.3272
DIAMONDS ACE DIAMONDS EIGHT,0.614,0.111,0.275
HEARTS FOUR DIAMONDS EIGHT,0.6618,0.004,0.3342
HEARTS FIVE DIAMONDS EIGHT,0.6384,0.0036,0.358
DIAMONDS EIGHT DIAMONDS TEN,0.6736,0.0238,0.3026
DIAMONDS EIGHT DIAMONDS JACK,0.592,0.0048,0.4032
SPADES JACK SPADES THREE,0.6268,0.0038,0.3694
SPADES TEN SPADES THREE,0.7184,0.0262,0.2554
CLUBS FOUR HEARTS ACE,0.6282,0.1222,0.2496
CLUBS FOUR HEARTS QUEEN,0.6566,0.0022,0.3412
CLUBS FOUR HEARTS KING,0.6524,0.0042,0.3434
CLUBS SIX HEARTS TEN,0.74,0.0258,0.2342
CLUBS SIX HEARTS JACK,0.6494,0.0044,0.3462
SPADES FOUR DIAMONDS EIGHT,0.669,0.0042,0.3268
SPADES FIVE DIAMONDS EIGHT,0.6534,0.0036,0.343
DIAMONDS EIGHT SPADES TWO,0.672,0.0046,0.3234
DIAMONDS EIGHT SPADES THREE,0.6784,0.004,0.3176
CLUBS FOUR HEARTS JACK,0.6428,0.0036,0.3536
SPADES EIGHT DIAMONDS EIGHT,0.4644,0.002,0.5336
SPADES JACK HEARTS EIGHT,0.6328,0.0052,0.362
SPADES TEN HEARTS TWO,0.7592,0.0282,0.2126
SPADES TEN DIAMONDS QUEEN,0.7238,0.0174,0.2588
CLUBS FOUR HEARTS TEN,0.7468,0.0272,0.226
SPADES NINE DIAMONDS EIGHT,0.6418,0.0044,0.3538
SPADES JACK HEARTS TWO,0.6508,0.0032,0.346
SPADES JACK DIAMONDS QUEEN,0.5866,0.0036,0.4098
SPADES TEN HEARTS EIGHT,0.7092,0.018,0.2728
SPADES SIX DIAMONDS EIGHT,0.6472,0.003,0.3498
SPADES SEVEN DIAMONDS EIGHT,0.6224,0.0036,0.374
SPADES QUEEN DIAMONDS QUEEN,0.306,0.0034,0.6906
SPADES QUEEN HEARTS TWO,0.6616,0.0052,0.3332
SPADES KING HEARTS EIGHT,0.6442,0.0048,0.351
SPADES QUEEN HEARTS EIGHT,0.6428,0.0034,0.3538
SPADES KING HEARTS TWO,0.645,0.0044,0.3506
SPADES KING DIAMONDS QUEEN,0.597,0.006,0.397
CLUBS TWO HEARTS TEN,0.7582,0.0266,0.2152
CLUBS TWO HEARTS JACK,0.654,0.005,0.341
SPADES SEVEN DIAMONDS NINE,0.6478,0.0046,0.3476
SPADES SIX DIAMONDS NINE,0.6662,0.0032,0.3306
SPADES NINE DIAMONDS NINE,0.462,0.004,0.534
SPADES EIGHT DIAMONDS NINE,0.6274,0.004,0.3686
SPADES TEN CLUBS KING,0.7316,0.0252,0.2432
DIAMONDS NINE SPADES THREE,0.695,0.003,0.302
SPADES JACK CLUBS KING,0.6026,0.0044,0.393
DIAMONDS NINE SPADES TWO,0.6936,0.0046,0.3018
SPADES FIVE DIAMONDS NINE,0.6604,0.004,0.3356
DIAMONDS NINE SPADES FOUR,0.6834,0.002,0.3146
CLUBS NINE DIAMONDS NINE,0.4518,0.0028,0.5454
CLUBS EIGHT DIAMONDS NINE,0.6312,0.0026,0.3662
CLUBS SIX DIAMONDS NINE,0.6502,0.0034,0.3464
SPADES JACK CLUBS FOUR,0.6566,0.0062,0.3372
SPADES TEN CLUBS FOUR,0.7638,0.0272,0.209
CLUBS SEVEN DIAMONDS NINE,0.6378,0.0038,0.3584
CLUBS FOUR DIAMONDS NINE,0.6774,0.0036,0.319
CLUBS FIVE DIAMONDS NINE,0.6684,0.0052,0.3264
CLUBS TWO DIAMONDS NINE,0.6804,0.0054,0.3142
CLUBS THREE DIAMONDS NINE,0.6892,0.0042,0.3066
DIAMONDS NINE HEARTS EIGHT,0.6368,0.0016,0.3616
DIAMONDS NINE HEARTS NINE,0.4588,0.0034,0.5378
HEARTS SIX DIAMONDS NINE,0.6582,0.0018,0.34
DIAMONDS NINE HEARTS SEVEN,0.6484,0.0032,0.3484
CLUBS EIGHT CLUBS NINE,0.6,0.0036,0.3964
DIAMONDS ACE DIAMONDS NINE,0.6052,0.1122,0.2826
HEARTS FOUR DIAMONDS NINE,0.6696,0.0034,0.327
HEARTS FIVE DIAMONDS NINE,0.6728,0.004,0.3232
CLUBS TWO HEARTS ACE,0.6498,0.1126,0.2376
DIAMONDS QUEEN DIAMONDS NINE,0.5934,0.0032,0.4034
HEARTS TWO DIAMONDS NINE,0.6772,0.0032,0.3196
CLUBS TWO HEARTS KING,0.649,0.0058,0.3452
SPADES KING CLUBS FOUR,0.667,0.005,0.328
DIAMONDS KING DIAMONDS NINE,0.612,0.005,0.383
HEARTS THREE DIAMONDS NINE,0.6644,0.0036,0.332
CLUBS TWO HEARTS QUEEN,0.6658,0.0038,0.3304
SPADES QUEEN CLUBS FOUR,0.6564,0.0062,0.3374
DIAMONDS NINE DIAMONDS JACK,0.5658,0.003,0.4312
CLUBS EIGHT SPADES NINE,0.6392,0.0048,0.356
DIAMONDS NINE DIAMONDS TEN,0.662,0.0202,0.3178
CLUBS EIGHT SPADES EIGHT,0.4708,0.0038,0.5254
CLUBS EIGHT SPADES SEVEN,0.6306,0.0048,0.3646
CLUBS EIGHT SPADES SIX,0.6564,0.0038,0.3398
CLUBS EIGHT SPADES FIVE,0.661,0.0062,0.3328
CLUBS EIGHT SPADES FOUR,0.6726,0.0058,0.3216
CLUBS EIGHT SPADES THREE,0.6744,0.0048,0.3208
CLUBS EIGHT SPADES TWO,0.6818,0.006,0.3122
HEARTS SIX DIAMONDS TEN,0.7354,0.0238,0.2408
DIAMONDS TEN HEARTS SEVEN,0.7144,0.0188,0.2668
DIAMONDS TEN HEARTS EIGHT,0.6972,0.0204,0.2824
CLUBS FOUR CLUBS JACK,0.6144,0.004,0.3816
DIAMONDS TEN HEARTS NINE,0.7042,0.0196,0.2762
CLUBS FOUR CLUBS KING,0.6174,0.004,0.3786
CLUBS FOUR CLUBS QUEEN,0.6202,0.004,0.3758
CLUBS TWO DIAMONDS TEN,0.7596,0.0252,0.2152
CLUBS THREE DIAMONDS TEN,0.7492,0.0242,0.2266
CLUBS FOUR CLUBS ACE,0.6016,0.118,0.2804
DIAMONDS JACK DIAMONDS TEN,0.667,0.0176,0.3154
DIAMONDS QUEEN DIAMONDS TEN,0.6884,0.019,0.2926
HEARTS TWO DIAMONDS TEN,0.7568,0.0236,0.2196
DIAMONDS KING DIAMONDS TEN,0.6862,0.0192,0.2946
HEARTS THREE DIAMONDS TEN,0.7562,0.0302,0.2136
DIAMONDS ACE DIAMONDS TEN,0.0196,0.9082,0.0722
HEARTS FOUR DIAMONDS TEN,0.7382,0.027,0.2348
CLUBS EIGHT HEARTS JACK,0.633,0.002,0.365
HEARTS FIVE DIAMONDS TEN,0.7442,0.0276,0.2282
CLUBS EIGHT HEARTS TEN,0.6938,0.02,0.2862
CLUBS EIGHT HEARTS QUEEN,0.6434,0.0032,0.3534
CLUBS EIGHT HEARTS KING,0.6474,0.0048,0.3478
CLUBS EIGHT HEARTS ACE,0.6598,0.1188,0.2214
CLUBS NINE SPADES THREE,0.6872,0.0046,0.3082
CLUBS NINE SPADES TWO,0.6888,0.0058,0.3054
CLUBS NINE SPADES FIVE,0.6706,0.0072,0.3222
CLUBS NINE SPADES FOUR,0.6894,0.0042,0.3064
CLUBS NINE SPADES SEVEN,0.6502,0.0044,0.3454
CLUBS NINE SPADES SIX,0.656,0.0048,0.3392
CLUBS NINE SPADES NINE,0.4722,0.0038,0.524
CLUBS NINE SPADES EIGHT,0.6422,0.004,0.3538
CLUBS JACK HEARTS EIGHT,0.6242,0.0048,0.371
CLUBS QUEEN HEARTS EIGHT,0.6432,0.0038,0.353
CLUBS KING HEARTS EIGHT,0.6514,0.0024,0.3462
CLUBS ACE HEARTS EIGHT,0.6358,0.1298,0.2344
SPADES KING CLUBS KING,0.2884,0.0048,0.7068
SPADES QUEEN CLUBS KING,0.587,0.0048,0.4082
DIAMONDS ACE HEARTS TEN,0.0214,0.9574,0.0212
HEARTS FOUR HEARTS TEN,0.7038,0.025,0.2712
DIAMONDS ACE HEARTS JACK,0.2454,0.0918,0.6628
HEARTS FOUR HEARTS JACK,0.5992,0.002,0.3988
SPADES KING CLUBS FIVE,0.6574,0.0048,0.3378
SPADES QUEEN CLUBS FIVE,0.6498,0.0068,0.3434
DIAMONDS JACK HEARTS SEVEN,0.6396,0.0024,0.358
HEARTS SIX DIAMONDS JACK,0.6538,0.0026,0.3436
DIAMONDS JACK HEARTS NINE,0.6286,0.0022,0.3692
DIAMONDS JACK HEARTS EIGHT,0.6246,0.003,0.3724
DIAMONDS KING DIAMONDS JACK,0.5488,0.0052,0.446
HEARTS THREE DIAMONDS JACK,0.658,0.0032,0.3388
SPADES FOUR HEARTS ACE,0.638,0.1192,0.2428
DIAMONDS QUEEN DIAMONDS JACK,0.5508,0.0056,0.4436
HEARTS TWO DIAMONDS JACK,0.6584,0.0024,0.3392
HEARTS FIVE DIAMONDS JACK,0.6444,0.0034,0.3522
SPADES QUEEN SPADES SIX,0.6136,0.004,0.3824
SPADES FOUR HEARTS QUEEN,0.649,0.0042,0.3468
DIAMONDS ACE DIAMONDS JACK,0.235,0.0774,0.6876
HEARTS FOUR DIAMONDS JACK,0.6518,0.0024,0.3458
SPADES KING SPADES SIX,0.6172,0.0062,0.3766
HEARTS KING SPADES FOUR,0.6666,0.0046,0.3288
SPADES TEN SPADES SIX,0.7038,0.023,0.2732
SPADES JACK SPADES SIX,0.6288,0.005,0.3662
SPADES FOUR DIAMONDS JACK,0.6472,0.0048,0.348
SPADES FIVE DIAMONDS JACK,0.6562,0.0052,0.3386
DIAMONDS JACK SPADES TWO,0.6618,0.0056,0.3326
SPADES THREE DIAMONDS JACK,0.6626,0.004,0.3334
SPADES QUEEN DIAMONDS THREE,0.6686,0.0048,0.3266
CLUBS EIGHT DIAMONDS JACK,0.6304,0.0048,0.3648
SPADES KING DIAMONDS THREE,0.6524,0.0062,0.3414
CLUBS NINE DIAMONDS JACK,0.6344,0.0032,0.3624
CLUBS SIX DIAMONDS JACK,0.6568,0.0038,0.3394
CLUBS SEVEN DIAMONDS JACK,0.6416,0.0038,0.3546
CLUBS FOUR DIAMONDS JACK,0.637,0.0036,0.3594
CLUBS FIVE DIAMONDS JACK,0.6626,0.004,0.3334
CLUBS TWO DIAMONDS JACK,0.6504,0.0056,0.344
CLUBS THREE DIAMONDS JACK,0.66,0.0042,0.3358
SPADES JACK HEARTS SIX,0.6576,0.0044,0.338
SPADES TEN CLUBS FIVE,0.7606,0.0288,0.2106
SPADES JACK CLUBS FIVE,0.6468,0.0066,0.3466
HEARTS SIX SPADES TEN,0.7512,0.0246,0.2242
SPADES JACK DIAMONDS THREE,0.6626,0.005,0.3324
CLUBS SEVEN CLUBS ACE,0.6082,0.12,0.2718
SPADES TEN DIAMONDS THREE,0.7572,0.027,0.2158
CLUBS SEVEN CLUBS QUEEN,0.6244,0.0054,0.3702
CLUBS SEVEN CLUBS KING,0.6216,0.0046,0.3738
SPADES NINE DIAMONDS JACK,0.6108,0.0038,0.3854
DIAMONDS ACE HEARTS ACE,0.0798,0.012,0.9082
HEARTS FOUR HEARTS ACE,0.5892,0.1138,0.297
SPADES EIGHT DIAMONDS JACK,0.637,0.0034,0.3596
CLUBS SEVEN CLUBS JACK,0.6118,0.0044,0.3838
DIAMONDS ACE HEARTS KING,0.2566,0.0456,0.6978
HEARTS FOUR HEARTS KING,0.6042,0.0044,0.3914
SPADES SEVEN DIAMONDS JACK,0.6576,0.0036,0.3388
SPADES KING HEARTS SIX,0.648,0.0032,0.3488
DIAMONDS ACE HEARTS QUEEN,0.2488,0.0656,0.6856
HEARTS FOUR HEARTS QUEEN,0.611,0.0034,0.3856
SPADES SIX DIAMONDS JACK,0.6438,0.0034,0.3528
SPADES QUEEN HEARTS SIX,0.6478,0.0032,0.349
SPADES TWO DIAMONDS TEN,0.7536,0.0288,0.2176
SPADES THREE DIAMONDS TEN,0.754,0.026,0.22
SPADES FOUR DIAMONDS TEN,0.7604,0.0234,0.2162
SPADES FIVE DIAMONDS TEN,0.7538,0.0246,0.2216
SPADES SIX DIAMONDS TEN,0.7316,0.0248,0.2436
SPADES SEVEN DIAMONDS TEN,0.7222,0.0244,0.2534
SPADES EIGHT DIAMONDS TEN,0.716,0.0236,0.2604
SPADES NINE DIAMONDS TEN,0.709,0.0234,0.2676
CLUBS FOUR DIAMONDS TEN,0.7438,0.0274,0.2288
CLUBS FIVE DIAMONDS TEN,0.7506,0.0254,0.224
CLUBS SIX DIAMONDS TEN,0.7424,0.029,0.2286
CLUBS SEVEN DIAMONDS TEN,0.7244,0.0228,0.2528
CLUBS EIGHT DIAMONDS TEN,0.706,0.027,0.267
CLUBS NINE DIAMONDS TEN,0.725,0.0228,0.2522
DIAMONDS THREE CLUBS JACK,0.6486,0.0048,0.3466
DIAMONDS THREE CLUBS KING,0.6354,0.0046,0.36
DIAMONDS THREE CLUBS QUEEN,0.6548,0.0044,0.3408
DIAMONDS THREE CLUBS ACE,0.6348,0.1178,0.2474
SPADES FOUR HEARTS JACK,0.6526,0.0038,0.3436
SPADES FOUR HEARTS TEN,0.751,0.0254,0.2236
SPADES FIVE SPADES TWO,0.6252,0.006,0.3688
SPADES FOUR SPADES TWO,0.6098,0.006,0.3842
SPADES THREE SPADES TWO,0.63,0.0048,0.3652
SPADES NINE SPADES TWO,0.6484,0.0058,0.3458
SPADES EIGHT SPADES TWO,0.6508,0.0036,0.3456
SPADES SEVEN SPADES TWO,0.6524,0.0042,0.3434
SPADES SIX SPADES TWO,0.642,0.0038,0.3542
DIAMONDS QUEEN CLUBS THREE,0.6582,0.0036,0.3382
HEARTS TWO CLUBS THREE,0.662,0.0054,0.3326
DIAMONDS QUEEN CLUBS TWO,0.6604,0.0044,0.3352
CLUBS TWO HEARTS TWO,0.4776,0.0076,0.5148
DIAMONDS QUEEN HEARTS SEVEN,0.6534,0.0036,0.343
HEARTS TWO HEARTS SEVEN,0.633,0.0038,0.3632
HEARTS SIX DIAMONDS QUEEN,0.6516,0.0028,0.3456
HEARTS SIX HEARTS TWO,0.6288,0.0048,0.3664
DIAMONDS QUEEN HEARTS NINE,0.6206,0.0032,0.3762
HEARTS TWO HEARTS NINE,0.6352,0.0038,0.361
DIAMONDS QUEEN HEARTS EIGHT,0.6492,0.0026,0.3482
HEARTS TWO HEARTS EIGHT,0.6346,0.0022,0.3632
CLUBS NINE HEARTS TWO,0.6866,0.004,0.3094
CLUBS NINE DIAMONDS QUEEN,0.619,0.0058,0.3752
CLUBS EIGHT HEARTS TWO,0.686,0.0042,0.3098
CLUBS EIGHT DIAMONDS QUEEN,0.6402,0.0048,0.355
CLUBS FIVE DIAMONDS QUEEN,0.6542,0.0054,0.3404
CLUBS FIVE HEARTS TWO,0.6494,0.0058,0.3448
SPADES EIGHT HEARTS ACE,0.6568,0.1208,0.2224
CLUBS FOUR DIAMONDS QUEEN,0.655,0.0042,0.3408
CLUBS FOUR HEARTS TWO,0.6648,0.0034,0.3318
SPADES EIGHT HEARTS QUEEN,0.6488,0.0042,0.347
CLUBS SEVEN HEARTS TWO,0.6826,0.0058,0.3116
CLUBS SEVEN DIAMONDS QUEEN,0.6494,0.0056,0.345
CLUBS SIX DIAMONDS QUEEN,0.649,0.0052,0.3458
CLUBS SIX HEARTS TWO,0.664,0.0054,0.3306
SPADES EIGHT HEARTS KING,0.6484,0.0048,0.3468
DIAMONDS QUEEN SPADES SIX,0.6578,0.0042,0.338
HEARTS TWO SPADES SIX,0.684,0.0046,0.3114
HEARTS FOUR CLUBS QUEEN,0.6446,0.0036,0.3518
DIAMONDS ACE CLUBS QUEEN,0.2406,0.066,0.6934
DIAMONDS QUEEN SPADES SEVEN,0.653,0.0036,0.3434
SPADES SEVEN HEARTS TWO,0.6678,0.004,0.3282
HEARTS FOUR CLUBS KING,0.6346,0.0038,0.3616
DIAMONDS ACE CLUBS KING,0.2416,0.0506,0.7078
SPADES EIGHT DIAMONDS QUEEN,0.644,0.0048,0.3512
SPADES EIGHT HEARTS TWO,0.678,0.005,0.317
HEARTS FOUR CLUBS ACE,0.6398,0.1114,0.2488
DIAMONDS ACE CLUBS ACE,0.078,0.0128,0.9092
SPADES NINE DIAMONDS QUEEN,0.6328,0.006,0.3612
SPADES NINE HEARTS TWO,0.6802,0.0046,0.3152
HEARTS TWO SPADES TWO,0.483,0.0054,0.5116
DIAMONDS QUEEN SPADES TWO,0.643,0.0058,0.3512
HEARTS TWO SPADES THREE,0.658,0.0068,0.3352
DIAMONDS QUEEN SPADES THREE,0.658,0.0046,0.3374
HEARTS TWO SPADES FOUR,0.6664,0.0036,0.33
DIAMONDS QUEEN SPADES FOUR,0.655,0.0044,0.3406
HEARTS TWO SPADES FIVE,0.6494,0.0052,0.3454
DIAMONDS QUEEN SPADES FIVE,0.6396,0.005,0.3554
HEARTS FOUR CLUBS JACK,0.6442,0.005,0.3508
DIAMONDS ACE CLUBS JACK,0.2238,0.085,0.6912
CLUBS FIVE CLUBS KING,0.618,0.0056,0.3764
CLUBS FIVE CLUBS QUEEN,0.612,0.0046,0.3834
CLUBS FIVE CLUBS ACE,0.5972,0.1152,0.2876
CLUBS FIVE CLUBS JACK,0.6226,0.0058,0.3716
SPADES KING CLUBS JACK,0.593,0.0062,0.4008
SPADES QUEEN CLUBS JACK,0.5848,0.0046,0.4106
SPADES SIX CLUBS KING,0.6426,0.0064,0.351
SPADES SIX CLUBS QUEEN,0.6486,0.0032,0.3482
SPADES EIGHT HEARTS JACK,0.63,0.0044,0.3656
SPADES SIX CLUBS ACE,0.648,0.12,0.232
SPADES EIGHT HEARTS TEN,0.711,0.0188,0.2702
SPADES SIX CLUBS JACK,0.6574,0.006,0.3366
SPADES TEN CLUBS JACK,0.7108,0.0218,0.2674
SPADES JACK CLUBS JACK,0.3096,0.006,0.6844
SPADES QUEEN CLUBS SEVEN,0.6696,0.0036,0.3268
SPADES KING CLUBS SEVEN,0.6548,0.0056,0.3396
SPADES SIX HEARTS TEN,0.7444,0.024,0.2316
SPADES SIX HEARTS JACK,0.6374,0.002,0.3606
SPADES SIX HEARTS ACE,0.6554,0.121,0.2236
SPADES SIX HEARTS KING,0.6566,0.005,0.3384
SPADES SIX HEARTS QUEEN,0.6516,0.0032,0.3452
SPADES JACK CLUBS SEVEN,0.6414,0.0028,0.3558
SPADES TEN CLUBS SEVEN,0.7358,0.0202,0.244
HEARTS SIX CLUBS JACK,0.6424,0.0034,0.3542
CLUBS ACE CLUBS JACK,0.2206,0.0846,0.6948
HEARTS SIX CLUBS QUEEN,0.6446,0.0034,0.352
HEARTS SIX CLUBS KING,0.6472,0.0032,0.3496
HEARTS SIX CLUBS ACE,0.6532,0.114,0.2328
CLUBS QUEEN CLUBS JACK,0.5556,0.0044,0.44
CLUBS KING CLUBS JACK,0.5618,0.0054,0.4328
DIAMONDS THREE HEARTS ACE,0.636,0.1286,0.2354
DIAMONDS THREE HEARTS QUEEN,0.6522,0.0044,0.3434
DIAMONDS THREE HEARTS KING,0.636,0.003,0.361
CLUBS FIVE HEARTS JACK,0.645,0.0042,0.3508
HEARTS FOUR SPADES TEN,0.7518,0.028,0.2202
SPADES TEN DIAMONDS ACE,0.0182,0.9696,0.0122
CLUBS FIVE HEARTS TEN,0.756,0.0258,0.2182
HEARTS FOUR SPADES JACK,0.6596,0.0026,0.3378
SPADES JACK DIAMONDS ACE,0.2372,0.0934,0.6694
CLUBS FIVE HEARTS ACE,0.6354,0.1186,0.246
CLUBS FIVE HEARTS KING,0.644,0.0034,0.3526
SPADES QUEEN DIAMONDS ACE,0.2442,0.0626,0.6932
HEARTS FOUR SPADES QUEEN,0.6484,0.0046,0.347
SPADES FOUR CLUBS JACK,0.6508,0.0058,0.3434
CLUBS FIVE HEARTS QUEEN,0.6572,0.0042,0.3386
SPADES KING HEARTS FOUR,0.6526,0.005,0.3424
SPADES KING DIAMONDS ACE,0.2586,0.0458,0.6956
DIAMONDS QUEEN DIAMONDS ACE,0.2234,0.0608,0.7158
HEARTS TWO DIAMONDS ACE,0.631,0.1136,0.2554
HEARTS FOUR DIAMONDS QUEEN,0.6342,0.005,0.3608
HEARTS FOUR HEARTS TWO,0.6072,0.0052,0.3876
DIAMONDS THREE HEARTS TEN,0.7528,0.0308,0.2164
SPADES FOUR CLUBS KING,0.6462,0.0038,0.35
HEARTS FIVE DIAMONDS QUEEN,0.6556,0.0026,0.3418
HEARTS FIVE HEARTS TWO,0.623,0.006,0.371
DIAMONDS THREE HEARTS JACK,0.655,0.0046,0.3404
SPADES FOUR CLUBS QUEEN,0.6542,0.0062,0.3396
DIAMONDS QUEEN HEARTS TWO,0.662,0.0036,0.3344
DIAMONDS KING DIAMONDS QUEEN,0.5598,0.0042,0.436
DIAMONDS KING HEARTS TWO,0.644,0.0042,0.3518
HEARTS THREE DIAMONDS QUEEN,0.6474,0.0044,0.3482
HEARTS THREE HEARTS TWO,0.6122,0.005,0.3828
SPADES FOUR CLUBS ACE,0.6226,0.116,0.2614
HEARTS TWO CLUBS ACE,0.6354,0.124,0.2406
DIAMONDS QUEEN CLUBS ACE,0.2386,0.06,0.7014
HEARTS TWO CLUBS QUEEN,0.6588,0.0056,0.3356
DIAMONDS QUEEN CLUBS QUEEN,0.2944,0.0038,0.7018
HEARTS TWO CLUBS KING,0.6468,0.0042,0.349
DIAMONDS QUEEN CLUBS KING,0.5778,0.0052,0.417
SPADES EIGHT SPADES FIVE,0.6096,0.0048,0.3856
SPADES NINE SPADES FIVE,0.6332,0.0072,0.3596
HEARTS TWO CLUBS JACK,0.657,0.0056,0.3374
DIAMONDS QUEEN CLUBS JACK,0.5804,0.003,0.4166
SPADES SIX SPADES FIVE,0.6118,0.004,0.3842
SPADES SEVEN SPADES FIVE,0.61,0.0032,0.3868
DIAMONDS FIVE CLUBS QUEEN,0.6456,0.003,0.3514
SPADES EIGHT CLUBS ACE,0.6542,0.126,0.2198
DIAMONDS FIVE CLUBS KING,0.6424,0.0054,0.3522
SPADES EIGHT CLUBS KING,0.6544,0.0038,0.3418
CLUBS ACE DIAMONDS FIVE,0.6212,0.128,0.2508
SPADES EIGHT CLUBS QUEEN,0.6424,0.0034,0.3542
SPADES EIGHT CLUBS JACK,0.6394,0.004,0.3566
DIAMONDS FIVE CLUBS JACK,0.638,0.0028,0.3592
HEARTS JACK DIAMONDS TEN,0.7058,0.0176,0.2766
DIAMONDS TEN HEARTS TEN,0.3052,0.0218,0.673
SPADES QUEEN CLUBS NINE,0.646,0.0052,0.3488
SPADES KING CLUBS NINE,0.6444,0.006,0.3496
HEARTS SIX HEARTS KING,0.6026,0.0026,0.3948
DIAMONDS KING SPADES SEVEN,0.6428,0.003,0.3542
HEARTS THREE SPADES SEVEN,0.6608,0.0042,0.335
SPADES KING DIAMONDS SEVEN,0.6412,0.0048,0.354
HEARTS SIX HEARTS QUEEN,0.6252,0.004,0.3708
DIAMONDS KING SPADES SIX,0.6394,0.0024,0.3582
HEARTS THREE SPADES SIX,0.6708,0.0042,0.325
SPADES QUEEN DIAMONDS SEVEN,0.6518,0.0044,0.3438
SPADES NINE DIAMONDS KING,0.644,0.0038,0.3522
HEARTS THREE SPADES NINE,0.6786,0.005,0.3164
HEARTS SIX HEARTS ACE,0.605,0.1084,0.2866
DIAMONDS KING SPADES EIGHT,0.6578,0.005,0.3372
HEARTS THREE SPADES EIGHT,0.6728,0.0034,0.3238
CLUBS NINE HEARTS THREE,0.6868,0.005,0.3082
CLUBS NINE DIAMONDS KING,0.6468,0.0034,0.3498
