opposingHand,winningChance,drawChance,lostChance
SPADES THREE CLUBS ACE
HEARTS FIVE SPADES TEN,0.6014,0.0052,0.3934
SPADES JACK HEARTS FIVE,0.6062,0.0042,0.3896
SPADES FIVE CLUBS JACK,0.6176,0.0086,0.3738
SPADES FIVE CLUBS TEN,0.6102,0.0062,0.3836
CLUBS EIGHT CLUBS JACK,0.5412,0.0056,0.4532
CLUBS EIGHT CLUBS TEN,0.5414,0.007,0.4516
CLUBS EIGHT CLUBS KING,0.5676,0.0058,0.4266
CLUBS EIGHT CLUBS QUEEN,0.5662,0.0058,0.428
SPADES FIVE CLUBS KING,0.6166,0.006,0.3774
SPADES FIVE CLUBS QUEEN,0.6142,0.0058,0.38
DIAMONDS TWO DIAMONDS THREE,0.709,0.019,0.272
DIAMONDS TWO DIAMONDS FIVE,0.5936,0.006,0.4004
SPADES KING HEARTS FIVE,0.6132,0.0054,0.3814
DIAMONDS TWO DIAMONDS FOUR,0.6052,0.0064,0.3884
SPADES QUEEN HEARTS FIVE,0.5948,0.0072,0.398
DIAMONDS TWO DIAMONDS SEVEN,0.6094,0.0046,0.386
DIAMONDS TWO DIAMONDS SIX,0.6082,0.0056,0.3862
SPADES ACE HEARTS FIVE,0.2154,0.459,0.3256
DIAMONDS TWO DIAMONDS NINE,0.5992,0.004,0.3968
DIAMONDS TWO DIAMONDS EIGHT,0.602,0.0046,0.3934
DIAMONDS THREE DIAMONDS FOUR,0.6808,0.0202,0.299
CLUBS TWO SPADES FOUR,0.6384,0.0058,0.3558
DIAMONDS THREE DIAMONDS FIVE,0.6748,0.0202,0.305
CLUBS TWO SPADES FIVE,0.64,0.0072,0.3528
CLUBS TWO SPADES TWO,0.4702,0.0084,0.5214
DIAMONDS THREE DIAMONDS EIGHT,0.6974,0.0154,0.2872
SPADES EIGHT CLUBS TWO,0.6472,0.0056,0.3472
DIAMONDS THREE DIAMONDS NINE,0.7052,0.0182,0.2766
SPADES NINE CLUBS TWO,0.6494,0.0066,0.344
DIAMONDS THREE DIAMONDS SIX,0.6962,0.0146,0.2892
CLUBS TWO SPADES SIX,0.6598,0.0068,0.3334
DIAMONDS THREE DIAMONDS SEVEN,0.6876,0.0148,0.2976
CLUBS TWO SPADES SEVEN,0.659,0.0062,0.3348
CLUBS SIX CLUBS TWO,0.6278,0.0054,0.3668
CLUBS SEVEN CLUBS TWO,0.6228,0.0062,0.371
CLUBS FOUR CLUBS TWO,0.6248,0.0062,0.369
CLUBS FIVE CLUBS TWO,0.6124,0.0058,0.3818
CLUBS JACK CLUBS TEN,0.5308,0.0032,0.466
DIAMONDS FOUR DIAMONDS SIX,0.5624,0.0054,0.4322
CLUBS QUEEN CLUBS TEN,0.536,0.0046,0.4594
DIAMONDS FOUR DIAMONDS SEVEN,0.5596,0.0054,0.435
CLUBS KING CLUBS TEN,0.54,0.005,0.455
CLUBS EIGHT CLUBS TWO,0.6038,0.0058,0.3904
DIAMONDS FIVE DIAMONDS FOUR,0.5444,0.0052,0.4504
CLUBS NINE CLUBS TWO,0.6194,0.007,0.3736
DIAMONDS NINE DIAMONDS FOUR,0.5758,0.0042,0.42
DIAMONDS EIGHT DIAMONDS FOUR,0.5678,0.0044,0.4278
CLUBS TWO CLUBS THREE,0.7144,0.0192,0.2664
DIAMONDS NINE DIAMONDS FIVE,0.5512,0.0046,0.4442
DIAMONDS TWO CLUBS JACK,0.634,0.0068,0.3592
DIAMONDS EIGHT DIAMONDS FIVE,0.5568,0.005,0.4382
DIAMONDS TWO CLUBS TEN,0.6414,0.006,0.3526
DIAMONDS FIVE DIAMONDS SEVEN,0.5524,0.0062,0.4414
DIAMONDS FIVE DIAMONDS SIX,0.5488,0.0062,0.445
DIAMONDS TWO CLUBS KING,0.656,0.0068,0.3372
DIAMONDS TWO CLUBS QUEEN,0.6432,0.0046,0.3522
DIAMONDS EIGHT DIAMONDS SIX,0.5378,0.004,0.4582
DIAMONDS NINE DIAMONDS SIX,0.5568,0.0054,0.4378
DIAMONDS SEVEN DIAMONDS SIX,0.5352,0.0048,0.46
DIAMONDS EIGHT DIAMONDS SEVEN,0.5238,0.003,0.4732
DIAMONDS NINE DIAMONDS SEVEN,0.5468,0.0046,0.4486
DIAMONDS NINE DIAMONDS EIGHT,0.51,0.0052,0.4848
DIAMONDS KING HEARTS TEN,0.5776,0.0034,0.419
HEARTS THREE HEARTS TEN,0.6886,0.0186,0.2928
CLUBS SIX SPADES JACK,0.6042,0.005,0.3908
DIAMONDS KING HEARTS JACK,0.5814,0.0036,0.415
HEARTS THREE HEARTS JACK,0.6918,0.0164,0.2918
CLUBS SIX SPADES TEN,0.5926,0.0054,0.402
SPADES JACK SPADES FIVE,0.5718,0.0042,0.424
SPADES TEN SPADES FIVE,0.58,0.005,0.415
DIAMONDS KING HEARTS ACE,0.2534,0.0478,0.6988
HEARTS THREE HEARTS ACE,0.0214,0.896,0.0826
SPADES ACE CLUBS SIX,0.2352,0.3942,0.3706
DIAMONDS KING HEARTS QUEEN,0.5778,0.004,0.4182
HEARTS THREE HEARTS QUEEN,0.697,0.017,0.286
SPADES KING CLUBS SIX,0.6064,0.0076,0.386
DIAMONDS KING HEARTS KING,0.293,0.0024,0.7046
HEARTS THREE HEARTS KING,0.6962,0.0184,0.2854
SPADES QUEEN CLUBS SIX,0.6066,0.0042,0.3892
SPADES NINE HEARTS TEN,0.5392,0.0048,0.456
SPADES NINE HEARTS JACK,0.5652,0.0042,0.4306
SPADES QUEEN SPADES FIVE,0.5822,0.008,0.4098
SPADES KING SPADES FIVE,0.5902,0.0062,0.4036
SPADES ACE SPADES FIVE,0.2094,0.4428,0.3478
SPADES NINE HEARTS QUEEN,0.5754,0.004,0.4206
SPADES NINE HEARTS KING,0.5708,0.004,0.4252
SPADES NINE HEARTS ACE,0.2316,0.1718,0.5966
SPADES JACK CLUBS TEN,0.5444,0.0044,0.4512
SPADES TEN CLUBS TEN,0.326,0.0042,0.6698
SPADES ACE CLUBS TEN,0.2448,0.1196,0.6356
SPADES KING CLUBS TEN,0.5764,0.0042,0.4194
SPADES QUEEN CLUBS TEN,0.5754,0.0066,0.418
SPADES FIVE HEARTS QUEEN,0.6134,0.0044,0.3822
HEARTS KING SPADES FIVE,0.6054,0.0058,0.3888
SPADES FIVE HEARTS ACE,0.2146,0.4654,0.32
CLUBS EIGHT SPADES TEN,0.564,0.0044,0.4316
HEARTS THREE SPADES JACK,0.7374,0.0204,0.2422
SPADES JACK DIAMONDS KING,0.5764,0.0056,0.418
SPADES TEN DIAMONDS KING,0.5704,0.006,0.4236
HEARTS THREE SPADES TEN,0.7354,0.02,0.2446
CLUBS EIGHT SPADES JACK,0.5872,0.006,0.4068
SPADES ACE CLUBS EIGHT,0.2392,0.2392,0.5216
HEARTS FIVE CLUBS JACK,0.6202,0.005,0.3748
CLUBS SIX HEARTS ACE,0.2476,0.3838,0.3686
HEARTS FIVE CLUBS TEN,0.608,0.0062,0.3858
CLUBS EIGHT SPADES QUEEN,0.596,0.0054,0.3986
CLUBS SIX HEARTS QUEEN,0.617,0.0038,0.3792
CLUBS EIGHT SPADES KING,0.6056,0.0062,0.3882
CLUBS SIX HEARTS KING,0.6102,0.0052,0.3846
DIAMONDS TWO HEARTS JACK,0.6508,0.0038,0.3454
DIAMONDS TWO HEARTS TEN,0.6408,0.0056,0.3536
SPADES FIVE HEARTS TEN,0.6062,0.0048,0.389
HEARTS FIVE CLUBS KING,0.6174,0.0064,0.3762
SPADES FIVE HEARTS JACK,0.5958,0.0034,0.4008
HEARTS FIVE CLUBS QUEEN,0.62,0.0058,0.3742
HEARTS THREE CLUBS KING,0.7584,0.0176,0.224
DIAMONDS KING CLUBS KING,0.3034,0.004,0.6926
HEARTS THREE CLUBS QUEEN,0.7486,0.0206,0.2308
DIAMONDS KING CLUBS QUEEN,0.568,0.004,0.428
HEARTS FIVE HEARTS JACK,0.5638,0.005,0.4312
HEARTS FIVE HEARTS TEN,0.5704,0.0064,0.4232
SPADES ACE CLUBS QUEEN,0.2478,0.065,0.6872
SPADES KING CLUBS QUEEN,0.5796,0.0046,0.4158
HEARTS THREE CLUBS JACK,0.7466,0.0214,0.232
DIAMONDS KING CLUBS JACK,0.5724,0.0038,0.4238
SPADES QUEEN CLUBS QUEEN,0.2938,0.0056,0.7006
HEARTS THREE CLUBS TEN,0.7406,0.0254,0.234
DIAMONDS KING CLUBS TEN,0.5774,0.0056,0.417
SPADES JACK CLUBS QUEEN,0.5528,0.0048,0.4424
CLUBS SIX CLUBS QUEEN,0.5892,0.006,0.4048
SPADES TEN CLUBS QUEEN,0.5626,0.0032,0.4342
CLUBS SIX CLUBS KING,0.569,0.0056,0.4254
HEARTS FIVE HEARTS KING,0.5808,0.0046,0.4146
HEARTS FIVE HEARTS QUEEN,0.5786,0.0048,0.4166
CLUBS SIX CLUBS TEN,0.5608,0.0058,0.4334
HEARTS FIVE HEARTS ACE,0.211,0.4354,0.3536
CLUBS SIX CLUBS JACK,0.5822,0.0046,0.4132
SPADES SEVEN HEARTS JACK,0.5842,0.005,0.4108
SPADES SEVEN HEARTS TEN,0.5676,0.0044,0.428
DIAMONDS TWO CLUBS TWO,0.4614,0.0052,0.5334
DIAMONDS TWO CLUBS THREE,0.7436,0.0224,0.234
HEARTS SIX DIAMONDS TWO,0.6244,0.0042,0.3714
DIAMONDS TWO HEARTS QUEEN,0.6322,0.005,0.3628
DIAMONDS TWO HEARTS SEVEN,0.6416,0.0054,0.353
DIAMONDS TWO HEARTS KING,0.648,0.0038,0.3482
DIAMONDS TWO HEARTS EIGHT,0.651,0.0034,0.3456
DIAMONDS TWO HEARTS ACE,0.2574,0.526,0.2166
DIAMONDS TWO HEARTS NINE,0.6462,0.0036,0.3502
DIAMONDS TWO DIAMONDS QUEEN,0.6142,0.0044,0.3814
DIAMONDS TWO HEARTS TWO,0.4446,0.0058,0.5496
DIAMONDS TWO DIAMONDS KING,0.605,0.007,0.388
HEARTS THREE DIAMONDS TWO,0.7408,0.0152,0.244
DIAMONDS TWO DIAMONDS ACE,0.2504,0.48,0.2696
HEARTS FOUR DIAMONDS TWO,0.6304,0.005,0.3646
DIAMONDS TWO HEARTS FIVE,0.6336,0.0066,0.3598
SPADES SEVEN HEARTS ACE,0.244,0.305,0.451
DIAMONDS TWO DIAMONDS TEN,0.602,0.0044,0.3936
SPADES SEVEN HEARTS KING,0.6002,0.0046,0.3952
DIAMONDS TWO DIAMONDS JACK,0.6162,0.0028,0.381
SPADES SEVEN HEARTS QUEEN,0.6098,0.0056,0.3846
DIAMONDS TWO SPADES NINE,0.6382,0.004,0.3578
DIAMONDS TWO SPADES EIGHT,0.6472,0.0058,0.347
DIAMONDS TWO SPADES SEVEN,0.6542,0.0066,0.3392
DIAMONDS TWO SPADES SIX,0.6316,0.0052,0.3632
DIAMONDS TWO SPADES FIVE,0.6368,0.0056,0.3576
DIAMONDS TWO SPADES FOUR,0.6398,0.0054,0.3548
DIAMONDS TWO SPADES TWO,0.4692,0.0066,0.5242
CLUBS NINE DIAMONDS TWO,0.6506,0.0048,0.3446
CLUBS EIGHT DIAMONDS TWO,0.6508,0.006,0.3432
DIAMONDS TWO CLUBS SEVEN,0.6634,0.0066,0.33
CLUBS SIX DIAMONDS TWO,0.6456,0.005,0.3494
DIAMONDS TWO CLUBS FIVE,0.6352,0.0068,0.358
DIAMONDS TWO CLUBS FOUR,0.6446,0.0054,0.35
CLUBS FOUR SPADES FIVE,0.5886,0.0046,0.4068
CLUBS FOUR SPADES FOUR,0.3574,0.005,0.6376
CLUBS FOUR SPADES TWO,0.6438,0.0086,0.3476
CLUBS FOUR SPADES NINE,0.6206,0.0072,0.3722
CLUBS FOUR SPADES EIGHT,0.613,0.0044,0.3826
CLUBS FOUR SPADES SEVEN,0.6044,0.0056,0.39
CLUBS FOUR SPADES SIX,0.5934,0.0036,0.403
SPADES ACE DIAMONDS SIX,0.2424,0.3722,0.3854
SPADES QUEEN DIAMONDS SIX,0.5986,0.0054,0.396
SPADES KING DIAMONDS SIX,0.6094,0.006,0.3846
SPADES TEN DIAMONDS SIX,0.5958,0.0048,0.3994
SPADES JACK DIAMONDS SIX,0.6118,0.0058,0.3824
SPADES QUEEN SPADES TWO,0.6046,0.007,0.3884
SPADES KING SPADES TWO,0.6162,0.007,0.3768
SPADES ACE SPADES TWO,0.245,0.4974,0.2576
DIAMONDS JACK CLUBS JACK,0.3202,0.004,0.6758
DIAMONDS JACK CLUBS TEN,0.557,0.0042,0.4388
DIAMONDS JACK CLUBS KING,0.58,0.0068,0.4132
DIAMONDS JACK CLUBS QUEEN,0.5594,0.0034,0.4372
DIAMONDS THREE DIAMONDS JACK,0.6988,0.0168,0.2844
DIAMONDS THREE DIAMONDS TEN,0.6946,0.0162,0.2892
DIAMONDS THREE DIAMONDS KING,0.6936,0.0202,0.2862
HEARTS THREE DIAMONDS THREE,0.3336,0.0178,0.6486
DIAMONDS THREE DIAMONDS QUEEN,0.7012,0.0188,0.28
DIAMONDS THREE HEARTS TWO,0.738,0.0202,0.2418
HEARTS FIVE DIAMONDS THREE,0.7206,0.0162,0.2632
DIAMONDS THREE DIAMONDS ACE,0.0196,0.9078,0.0726
HEARTS FOUR DIAMONDS THREE,0.7376,0.0166,0.2458
DIAMONDS THREE HEARTS SEVEN,0.7284,0.0128,0.2588
SPADES TEN SPADES NINE,0.5238,0.0038,0.4724
HEARTS SIX DIAMONDS THREE,0.7446,0.0146,0.2408
SPADES JACK SPADES NINE,0.528,0.0048,0.4672
DIAMONDS THREE HEARTS NINE,0.741,0.02,0.239
HEARTS JACK DIAMONDS FOUR,0.6082,0.0042,0.3876
HEARTS KING HEARTS ACE,0.2452,0.0492,0.7056
SPADES TEN SPADES TWO,0.602,0.0052,0.3928
DIAMONDS THREE HEARTS EIGHT,0.7596,0.0144,0.226
HEARTS TEN DIAMONDS FOUR,0.6072,0.0052,0.3876
SPADES JACK SPADES TWO,0.6146,0.0064,0.379
HEARTS QUEEN DIAMONDS FOUR,0.6246,0.005,0.3704
HEARTS KING DIAMONDS FOUR,0.6204,0.0054,0.3742
SPADES ACE SPADES NINE,0.2354,0.1716,0.593
HEARTS ACE DIAMONDS FOUR,0.2152,0.5142,0.2706
SPADES KING SPADES NINE,0.568,0.0074,0.4246
SPADES QUEEN SPADES NINE,0.5424,0.0046,0.453
DIAMONDS THREE SPADES NINE,0.7374,0.0192,0.2434
DIAMONDS THREE SPADES EIGHT,0.7466,0.0144,0.239
DIAMONDS THREE SPADES SEVEN,0.731,0.0152,0.2538
DIAMONDS THREE SPADES SIX,0.7428,0.0152,0.242
CLUBS SIX DIAMONDS THREE,0.7446,0.0152,0.2402
CLUBS SIX CLUBS FIVE,0.5564,0.0052,0.4384
CLUBS SEVEN CLUBS FIVE,0.566,0.0048,0.4292
CLUBS SEVEN DIAMONDS THREE,0.737,0.0156,0.2474
DIAMONDS THREE CLUBS FOUR,0.7346,0.0178,0.2476
CLUBS QUEEN DIAMONDS FOUR,0.6222,0.0048,0.373
DIAMONDS THREE CLUBS FIVE,0.7264,0.0174,0.2562
CLUBS KING DIAMONDS FOUR,0.6146,0.006,0.3794
DIAMONDS THREE CLUBS TWO,0.7486,0.0186,0.2328
DIAMONDS FOUR CLUBS TEN,0.6298,0.0036,0.3666
DIAMONDS THREE CLUBS THREE,0.3418,0.0198,0.6384
DIAMONDS FOUR CLUBS JACK,0.6268,0.0056,0.3676
DIAMONDS THREE SPADES FOUR,0.7242,0.0186,0.2572
DIAMONDS THREE SPADES FIVE,0.7196,0.018,0.2624
DIAMONDS THREE SPADES TWO,0.7504,0.021,0.2286
CLUBS EIGHT DIAMONDS THREE,0.7458,0.0166,0.2376
CLUBS NINE DIAMONDS THREE,0.7498,0.0198,0.2304
SPADES SEVEN CLUBS QUEEN,0.5876,0.006,0.4064
SPADES SEVEN CLUBS KING,0.5946,0.0056,0.3998
CLUBS FIVE SPADES SEVEN,0.5924,0.008,0.3996
SPADES SEVEN CLUBS TEN,0.5682,0.0052,0.4266
CLUBS FIVE SPADES SIX,0.582,0.005,0.413
SPADES SEVEN CLUBS JACK,0.5914,0.006,0.4026
SPADES NINE CLUBS FIVE,0.606,0.0048,0.3892
CLUBS FIVE SPADES EIGHT,0.5958,0.0064,0.3978
CLUBS FIVE SPADES TWO,0.6446,0.0072,0.3482
CLUBS FIVE SPADES FIVE,0.3586,0.0062,0.6352
CLUBS FIVE SPADES FOUR,0.5902,0.0086,0.4012
CLUBS NINE CLUBS FIVE,0.574,0.0048,0.4212
CLUBS EIGHT CLUBS FIVE,0.5544,0.0056,0.44
CLUBS KING CLUBS QUEEN,0.5476,0.005,0.4474
DIAMONDS TEN DIAMONDS FOUR,0.5766,0.0042,0.4192
DIAMONDS NINE CLUBS TEN,0.5654,0.0056,0.429
DIAMONDS JACK DIAMONDS FOUR,0.5742,0.006,0.4198
DIAMONDS NINE CLUBS JACK,0.5636,0.0048,0.4316
SPADES NINE CLUBS JACK,0.5676,0.0052,0.4272
SPADES NINE CLUBS TEN,0.5486,0.0044,0.447
DIAMONDS ACE DIAMONDS FOUR,0.2104,0.4712,0.3184
HEARTS FOUR DIAMONDS FOUR,0.3708,0.0082,0.621
DIAMONDS JACK HEARTS TEN,0.5476,0.0038,0.4486
SPADES NINE CLUBS KING,0.5822,0.0042,0.4136
DIAMONDS TWO SPADES TEN,0.6358,0.0044,0.3598
HEARTS FIVE DIAMONDS FOUR,0.5732,0.0072,0.4196
HEARTS JACK DIAMONDS JACK,0.3252,0.002,0.6728
SPADES NINE CLUBS QUEEN,0.5752,0.0042,0.4206
DIAMONDS TWO SPADES JACK,0.6452,0.0066,0.3482
DIAMONDS QUEEN DIAMONDS FOUR,0.5866,0.0036,0.4098
HEARTS TWO DIAMONDS FOUR,0.6384,0.0054,0.3562
DIAMONDS NINE CLUBS QUEEN,0.5766,0.0028,0.4206
DIAMONDS KING DIAMONDS FOUR,0.5784,0.0048,0.4168
HEARTS THREE DIAMONDS FOUR,0.7162,0.0194,0.2644
DIAMONDS NINE CLUBS KING,0.6096,0.0038,0.3866
HEARTS ACE DIAMONDS JACK,0.2334,0.0916,0.675
SPADES ACE DIAMONDS TWO,0.2684,0.5128,0.2188
DIAMONDS JACK HEARTS QUEEN,0.5676,0.005,0.4274
SPADES QUEEN DIAMONDS TWO,0.6442,0.0078,0.348
HEARTS KING DIAMONDS JACK,0.5632,0.004,0.4328
SPADES KING DIAMONDS TWO,0.6468,0.0058,0.3474
SPADES JACK SPADES SEVEN,0.5594,0.0054,0.4352
SPADES TEN SPADES SEVEN,0.5564,0.0048,0.4388
CLUBS SEVEN CLUBS THREE,0.7154,0.012,0.2726
CLUBS SIX CLUBS THREE,0.7186,0.0162,0.2652
CLUBS FIVE CLUBS THREE,0.6944,0.019,0.2866
CLUBS FOUR CLUBS THREE,0.698,0.017,0.285
CLUBS NINE CLUBS THREE,0.7148,0.0202,0.265
CLUBS EIGHT CLUBS THREE,0.7202,0.0156,0.2642
CLUBS THREE SPADES FIVE,0.7282,0.0192,0.2526
CLUBS THREE SPADES FOUR,0.7288,0.021,0.2502
CLUBS THREE SPADES TWO,0.7474,0.0236,0.229
CLUBS THREE SPADES SIX,0.7556,0.0158,0.2286
SPADES SEVEN CLUBS THREE,0.7378,0.0158,0.2464
SPADES EIGHT CLUBS THREE,0.745,0.0174,0.2376
SPADES NINE CLUBS THREE,0.7458,0.0202,0.234
SPADES TWO DIAMONDS FOUR,0.6434,0.006,0.3506
SPADES FOUR DIAMONDS FOUR,0.3642,0.0064,0.6294
SPADES FIVE DIAMONDS FOUR,0.5718,0.0046,0.4236
SPADES SIX DIAMONDS FOUR,0.5994,0.0074,0.3932
SPADES SEVEN DIAMONDS FOUR,0.599,0.0044,0.3966
SPADES EIGHT DIAMONDS FOUR,0.6042,0.0058,0.39
SPADES NINE DIAMONDS FOUR,0.6116,0.0074,0.381
CLUBS FIVE DIAMONDS FOUR,0.5942,0.0062,0.3996
CLUBS FOUR DIAMONDS FOUR,0.363,0.0064,0.6306
CLUBS SEVEN DIAMONDS FOUR,0.5914,0.0036,0.405
CLUBS SIX DIAMONDS FOUR,0.592,0.006,0.402
CLUBS NINE DIAMONDS FOUR,0.624,0.0052,0.3708
CLUBS EIGHT DIAMONDS FOUR,0.598,0.0048,0.3972
DIAMONDS FOUR HEARTS SEVEN,0.5864,0.0042,0.4094
HEARTS SIX DIAMONDS FOUR,0.5862,0.0066,0.4072
HEARTS NINE DIAMONDS FOUR,0.6178,0.0052,0.377
DIAMONDS FOUR HEARTS EIGHT,0.5984,0.0044,0.3972
CLUBS THREE DIAMONDS FOUR,0.7318,0.016,0.2522
CLUBS TWO DIAMONDS FOUR,0.6314,0.0078,0.3608
DIAMONDS TEN DIAMONDS FIVE,0.5818,0.0052,0.413
DIAMONDS JACK DIAMONDS FIVE,0.5764,0.0044,0.4192
DIAMONDS NINE HEARTS QUEEN,0.5876,0.0052,0.4072
HEARTS KING DIAMONDS NINE,0.591,0.004,0.405
DIAMONDS NINE HEARTS ACE,0.243,0.1738,0.5832
DIAMONDS NINE HEARTS TEN,0.5534,0.003,0.4436
DIAMONDS NINE HEARTS JACK,0.5668,0.0036,0.4296
CLUBS KING DIAMONDS SIX,0.6126,0.004,0.3834
CLUBS QUEEN DIAMONDS SIX,0.597,0.0068,0.3962
SPADES KING DIAMONDS FOUR,0.6258,0.0044,0.3698
SPADES ACE SPADES SEVEN,0.2234,0.2914,0.4852
SPADES QUEEN DIAMONDS FOUR,0.6044,0.005,0.3906
SPADES QUEEN SPADES SEVEN,0.5608,0.0066,0.4326
CLUBS JACK DIAMONDS SIX,0.6074,0.0062,0.3864
SPADES KING SPADES SEVEN,0.5696,0.0068,0.4236
SPADES ACE DIAMONDS FOUR,0.2088,0.5282,0.263
CLUBS TEN DIAMONDS SIX,0.5988,0.0062,0.395
CLUBS NINE CLUBS FOUR,0.5866,0.006,0.4074
CLUBS EIGHT CLUBS FOUR,0.5842,0.0046,0.4112
SPADES JACK DIAMONDS FOUR,0.6136,0.0042,0.3822
SPADES TEN DIAMONDS FOUR,0.614,0.005,0.381
CLUBS FOUR CLUBS FIVE,0.5706,0.006,0.4234
CLUBS SEVEN CLUBS FOUR,0.5698,0.0062,0.424
CLUBS SIX CLUBS FOUR,0.5724,0.0068,0.4208
CLUBS SEVEN SPADES EIGHT,0.553,0.0044,0.4426
CLUBS SEVEN SPADES NINE,0.5658,0.0058,0.4284
CLUBS SEVEN SPADES SIX,0.582,0.005,0.413
CLUBS SEVEN SPADES SEVEN,0.3544,0.0052,0.6404
CLUBS SEVEN SPADES FIVE,0.5938,0.0046,0.4016
CLUBS SEVEN SPADES FOUR,0.6068,0.0072,0.386
CLUBS SEVEN SPADES TWO,0.6592,0.0058,0.335
CLUBS NINE CLUBS SEVEN,0.5382,0.0036,0.4582
CLUBS EIGHT CLUBS SEVEN,0.5268,0.0052,0.468
HEARTS SIX DIAMONDS FIVE,0.5812,0.006,0.4128
DIAMONDS FIVE HEARTS SEVEN,0.592,0.0054,0.4026
DIAMONDS FIVE HEARTS EIGHT,0.582,0.006,0.412
HEARTS NINE DIAMONDS FIVE,0.615,0.003,0.382
DIAMONDS QUEEN DIAMONDS FIVE,0.5778,0.0046,0.4176
HEARTS TWO DIAMONDS FIVE,0.6376,0.0046,0.3578
HEARTS KING HEARTS EIGHT,0.5598,0.0048,0.4354
DIAMONDS KING DIAMONDS FIVE,0.568,0.0034,0.4286
HEARTS THREE DIAMONDS FIVE,0.7268,0.0194,0.2538
HEARTS QUEEN HEARTS EIGHT,0.5434,0.0044,0.4522
DIAMONDS ACE DIAMONDS FIVE,0.2104,0.4392,0.3504
HEARTS FOUR DIAMONDS FIVE,0.576,0.0058,0.4182
HEARTS FIVE DIAMONDS FIVE,0.3586,0.0058,0.6356
HEARTS ACE HEARTS EIGHT,0.2214,0.2138,0.5648
CLUBS FOUR DIAMONDS FIVE,0.5834,0.0058,0.4108
CLUBS FIVE DIAMONDS FIVE,0.36,0.0062,0.6338
CLUBS SIX DIAMONDS FIVE,0.587,0.0048,0.4082
CLUBS SEVEN DIAMONDS FIVE,0.5966,0.0052,0.3982
CLUBS TWO DIAMONDS FIVE,0.6406,0.005,0.3544
CLUBS THREE DIAMONDS FIVE,0.7216,0.0168,0.2616
SPADES TWO DIAMONDS FIVE,0.6242,0.0052,0.3706
SPADES JACK DIAMONDS EIGHT,0.588,0.0034,0.4086
SPADES FIVE DIAMONDS FIVE,0.3506,0.004,0.6454
HEARTS JACK CLUBS TEN,0.5618,0.0048,0.4334
SPADES TEN DIAMONDS EIGHT,0.555,0.004,0.441
SPADES FOUR DIAMONDS FIVE,0.576,0.0052,0.4188
HEARTS JACK CLUBS JACK,0.3144,0.0054,0.6802
HEARTS JACK CLUBS QUEEN,0.5636,0.0046,0.4318
CLUBS NINE DIAMONDS FIVE,0.6118,0.0066,0.3816
HEARTS JACK CLUBS KING,0.5822,0.0056,0.4122
CLUBS EIGHT DIAMONDS FIVE,0.5872,0.004,0.4088
SPADES SEVEN DIAMONDS FIVE,0.5888,0.0056,0.4056
SPADES KING DIAMONDS EIGHT,0.5886,0.0036,0.4078
SPADES QUEEN DIAMONDS EIGHT,0.593,0.0036,0.4034
SPADES SIX DIAMONDS FIVE,0.583,0.0066,0.4104
SPADES NINE DIAMONDS FIVE,0.603,0.0026,0.3944
SPADES EIGHT DIAMONDS FIVE,0.5856,0.0048,0.4096
SPADES ACE DIAMONDS EIGHT,0.2496,0.2284,0.522
DIAMONDS TEN DIAMONDS SIX,0.5394,0.0046,0.456
HEARTS ACE DIAMONDS SEVEN,0.238,0.2922,0.4698
DIAMONDS JACK DIAMONDS SIX,0.5578,0.0052,0.437
HEARTS QUEEN DIAMONDS SEVEN,0.5984,0.0036,0.398
HEARTS KING DIAMONDS SEVEN,0.5984,0.0026,0.399
DIAMONDS ACE DIAMONDS SIX,0.2448,0.3598,0.3954
HEARTS FOUR DIAMONDS SIX,0.6026,0.0046,0.3928
HEARTS JACK SPADES TWO,0.6532,0.006,0.3408
HEARTS FIVE DIAMONDS SIX,0.5724,0.0044,0.4232
SPADES TWO HEARTS TEN,0.647,0.0048,0.3482
DIAMONDS QUEEN DIAMONDS SIX,0.5616,0.0046,0.4338
HEARTS TWO DIAMONDS SIX,0.6488,0.0062,0.345
DIAMONDS KING DIAMONDS SIX,0.5612,0.0054,0.4334
HEARTS THREE DIAMONDS SIX,0.741,0.0116,0.2474
HEARTS EIGHT DIAMONDS SIX,0.5708,0.0046,0.4246
HEARTS NINE DIAMONDS SIX,0.5892,0.0038,0.407
HEARTS SIX DIAMONDS SIX,0.3654,0.004,0.6306
HEARTS SEVEN DIAMONDS SIX,0.574,0.0042,0.4218
HEARTS TEN DIAMONDS SEVEN,0.5644,0.005,0.4306
CLUBS TWO DIAMONDS SIX,0.6508,0.0052,0.344
HEARTS JACK DIAMONDS SEVEN,0.5898,0.0034,0.4068
CLUBS THREE DIAMONDS SIX,0.7412,0.0142,0.2446
DIAMONDS EIGHT CLUBS JACK,0.589,0.0058,0.4052
CLUBS SEVEN DIAMONDS SIX,0.5758,0.0056,0.4186
CLUBS SIX DIAMONDS SIX,0.361,0.0046,0.6344
DIAMONDS EIGHT CLUBS TEN,0.5712,0.0042,0.4246
CLUBS FIVE DIAMONDS SIX,0.5954,0.0064,0.3982
CLUBS FOUR DIAMONDS SIX,0.5966,0.0064,0.397
HEARTS ACE HEARTS JACK,0.234,0.0844,0.6816
HEARTS JACK HEARTS QUEEN,0.5354,0.004,0.4606
DIAMONDS EIGHT CLUBS KING,0.6158,0.0058,0.3784
CLUBS NINE DIAMONDS SIX,0.5874,0.0052,0.4074
HEARTS KING HEARTS JACK,0.535,0.0042,0.4608
DIAMONDS EIGHT CLUBS QUEEN,0.592,0.0062,0.4018
CLUBS EIGHT DIAMONDS SIX,0.5812,0.0048,0.414
SPADES TEN HEARTS KING,0.567,0.0058,0.4272
SPADES FIVE DIAMONDS SIX,0.5892,0.0068,0.404
HEARTS ACE SPADES TWO,0.2662,0.5258,0.208
SPADES JACK HEARTS KING,0.5632,0.0056,0.4312
SPADES FOUR DIAMONDS SIX,0.596,0.0038,0.4002
SPADES TWO HEARTS QUEEN,0.6418,0.0052,0.353
SPADES ACE SPADES KING,0.2376,0.047,0.7154
HEARTS KING SPADES TWO,0.646,0.0054,0.3486
SPADES TWO DIAMONDS SIX,0.6586,0.006,0.3354
HEARTS TEN HEARTS EIGHT,0.5296,0.0062,0.4642
SPADES NINE DIAMONDS SIX,0.58,0.0044,0.4156
HEARTS JACK HEARTS EIGHT,0.5398,0.0052,0.455
SPADES EIGHT DIAMONDS SIX,0.5852,0.0032,0.4116
SPADES SEVEN DIAMONDS SIX,0.5706,0.005,0.4244
SPADES SIX DIAMONDS SIX,0.362,0.004,0.634
SPADES KING HEARTS KING,0.2888,0.0038,0.7074
SPADES QUEEN HEARTS KING,0.5676,0.005,0.4274
SPADES ACE HEARTS KING,0.2538,0.0522,0.694
SPADES ACE HEARTS JACK,0.2442,0.0886,0.6672
SPADES QUEEN HEARTS JACK,0.565,0.004,0.431
SPADES KING HEARTS JACK,0.5738,0.0036,0.4226
SPADES TEN DIAMONDS TEN,0.3268,0.0048,0.6684
SPADES JACK DIAMONDS TEN,0.5426,0.0036,0.4538
SPADES ACE DIAMONDS TEN,0.2316,0.123,0.6454
SPADES JACK HEARTS JACK,0.3086,0.0054,0.686
SPADES TEN HEARTS JACK,0.5484,0.0054,0.4462
SPADES QUEEN DIAMONDS TEN,0.5574,0.0048,0.4378
SPADES KING DIAMONDS TEN,0.5702,0.0042,0.4256
SPADES NINE DIAMONDS SEVEN,0.566,0.0038,0.4302
SPADES EIGHT DIAMONDS SEVEN,0.542,0.0046,0.4534
SPADES SEVEN DIAMONDS SEVEN,0.354,0.0032,0.6428
SPADES SIX DIAMONDS SEVEN,0.571,0.0026,0.4264
DIAMONDS KING DIAMONDS SEVEN,0.5578,0.0044,0.4378
HEARTS THREE DIAMONDS SEVEN,0.734,0.0162,0.2498
HEARTS KING DIAMONDS FIVE,0.6132,0.004,0.3828
DIAMONDS QUEEN DIAMONDS SEVEN,0.5518,0.0068,0.4414
HEARTS TWO DIAMONDS SEVEN,0.6552,0.0062,0.3386
HEARTS QUEEN DIAMONDS FIVE,0.5932,0.0044,0.4024
HEARTS FIVE DIAMONDS SEVEN,0.5892,0.0046,0.4062
DIAMONDS ACE DIAMONDS SEVEN,0.2266,0.2854,0.488
HEARTS FOUR DIAMONDS SEVEN,0.6026,0.0028,0.3946
HEARTS ACE DIAMONDS FIVE,0.2164,0.4636,0.32
HEARTS SEVEN DIAMONDS SEVEN,0.3476,0.003,0.6494
HEARTS SIX DIAMONDS SEVEN,0.5794,0.0032,0.4174
HEARTS NINE DIAMONDS SEVEN,0.568,0.0032,0.4288
DIAMONDS SEVEN HEARTS EIGHT,0.5574,0.0036,0.439
DIAMONDS JACK DIAMONDS SEVEN,0.5424,0.0066,0.451
HEARTS JACK DIAMONDS FIVE,0.6046,0.006,0.3894
DIAMONDS TEN DIAMONDS SEVEN,0.5342,0.0024,0.4634
DIAMONDS FIVE HEARTS TEN,0.6092,0.006,0.3848
SPADES KING CLUBS TWO,0.661,0.0078,0.3312
HEARTS KING CLUBS KING,0.2918,0.004,0.7042
CLUBS EIGHT DIAMONDS SEVEN,0.5532,0.005,0.4418
SPADES QUEEN CLUBS TWO,0.6416,0.0072,0.3512
HEARTS KING CLUBS QUEEN,0.574,0.0052,0.4208
CLUBS NINE DIAMONDS SEVEN,0.5776,0.004,0.4184
SPADES TWO CLUBS JACK,0.6476,0.0058,0.3466
SPADES ACE CLUBS TWO,0.2546,0.5286,0.2168
SPADES TWO CLUBS TEN,0.6536,0.0072,0.3392
CLUBS SIX CLUBS SEVEN,0.5548,0.0064,0.4388
SPADES TWO CLUBS KING,0.658,0.007,0.335
SPADES TWO DIAMONDS SEVEN,0.6502,0.0064,0.3434
CLUBS EIGHT CLUBS SIX,0.5508,0.0064,0.4428
SPADES TWO CLUBS QUEEN,0.6538,0.0044,0.3418
CLUBS NINE CLUBS SIX,0.561,0.0058,0.4332
SPADES FOUR DIAMONDS SEVEN,0.6032,0.0056,0.3912
HEARTS KING CLUBS JACK,0.576,0.0048,0.4192
SPADES FIVE DIAMONDS SEVEN,0.5874,0.005,0.4076
HEARTS KING CLUBS TEN,0.5736,0.0062,0.4202
CLUBS SIX SPADES TWO,0.6468,0.0068,0.3464
CLUBS TWO DIAMONDS SEVEN,0.6512,0.0058,0.343
CLUBS SIX SPADES FOUR,0.5958,0.0066,0.3976
CLUBS THREE DIAMONDS SEVEN,0.7382,0.0184,0.2434
CLUBS SIX SPADES FIVE,0.5816,0.006,0.4124
CLUBS FOUR DIAMONDS SEVEN,0.6042,0.005,0.3908
CLUBS SIX SPADES SIX,0.356,0.007,0.637
CLUBS FIVE DIAMONDS SEVEN,0.5806,0.0064,0.413
CLUBS SIX SPADES SEVEN,0.5716,0.0038,0.4246
CLUBS SIX DIAMONDS SEVEN,0.5776,0.0056,0.4168
CLUBS SIX SPADES EIGHT,0.5718,0.004,0.4242
SPADES JACK CLUBS TWO,0.6592,0.0062,0.3346
CLUBS SIX SPADES NINE,0.5828,0.0056,0.4116
SPADES TEN CLUBS TWO,0.6456,0.0044,0.35
CLUBS SEVEN DIAMONDS SEVEN,0.3602,0.0038,0.636
CLUBS TWO CLUBS QUEEN,0.607,0.006,0.387
CLUBS TWO CLUBS KING,0.6212,0.0094,0.3694
CLUBS THREE DIAMONDS EIGHT,0.7562,0.0168,0.227
CLUBS TWO DIAMONDS EIGHT,0.6454,0.0056,0.349
DIAMONDS EIGHT HEARTS SEVEN,0.5676,0.0042,0.4282
HEARTS SIX DIAMONDS EIGHT,0.5696,0.0032,0.4272
DIAMONDS EIGHT HEARTS NINE,0.5652,0.004,0.4308
CLUBS TWO CLUBS TEN,0.6086,0.006,0.3854
DIAMONDS EIGHT HEARTS EIGHT,0.3424,0.0046,0.653
CLUBS TWO CLUBS JACK,0.6056,0.0082,0.3862
CLUBS NINE DIAMONDS EIGHT,0.5752,0.0038,0.421
CLUBS EIGHT DIAMONDS EIGHT,0.3474,0.0042,0.6484
CLUBS FIVE DIAMONDS EIGHT,0.6006,0.005,0.3944
CLUBS FOUR DIAMONDS EIGHT,0.6068,0.0046,0.3886
CLUBS SEVEN DIAMONDS EIGHT,0.554,0.0042,0.4418
CLUBS SIX DIAMONDS EIGHT,0.5798,0.0056,0.4146
DIAMONDS QUEEN DIAMONDS EIGHT,0.5384,0.0036,0.458
HEARTS TWO DIAMONDS EIGHT,0.6286,0.0052,0.3662
DIAMONDS KING DIAMONDS EIGHT,0.5762,0.005,0.4188
HEARTS THREE DIAMONDS EIGHT,0.7422,0.013,0.2448
DIAMONDS ACE DIAMONDS EIGHT,0.2302,0.2156,0.5542
HEARTS FOUR DIAMONDS EIGHT,0.589,0.0044,0.4066
HEARTS FIVE DIAMONDS EIGHT,0.5778,0.0026,0.4196
DIAMONDS EIGHT DIAMONDS TEN,0.5398,0.0044,0.4558
DIAMONDS EIGHT DIAMONDS JACK,0.5552,0.004,0.4408
CLUBS FOUR HEARTS ACE,0.2182,0.5272,0.2546
CLUBS FOUR HEARTS QUEEN,0.6192,0.0046,0.3762
CLUBS FOUR HEARTS KING,0.6122,0.0072,0.3806
CLUBS SIX HEARTS TEN,0.5946,0.0042,0.4012
CLUBS SIX HEARTS JACK,0.6132,0.006,0.3808
DIAMONDS EIGHT SPADES FOUR,0.5892,0.0058,0.405
SPADES FIVE DIAMONDS EIGHT,0.58,0.0024,0.4176
DIAMONDS EIGHT SPADES TWO,0.6344,0.0054,0.3602
CLUBS FOUR HEARTS JACK,0.613,0.0048,0.3822
SPADES EIGHT DIAMONDS EIGHT,0.3456,0.004,0.6504
SPADES TEN DIAMONDS QUEEN,0.5582,0.0036,0.4382
SPADES TEN HEARTS TWO,0.6414,0.0042,0.3544
SPADES JACK HEARTS EIGHT,0.5706,0.0038,0.4256
CLUBS FOUR HEARTS TEN,0.617,0.006,0.377
SPADES NINE DIAMONDS EIGHT,0.5438,0.0054,0.4508
SPADES TEN HEARTS EIGHT,0.5594,0.0034,0.4372
SPADES JACK HEARTS TWO,0.6358,0.0064,0.3578
SPADES JACK DIAMONDS QUEEN,0.5452,0.004,0.4508
SPADES SIX DIAMONDS EIGHT,0.5864,0.0042,0.4094
SPADES SEVEN DIAMONDS EIGHT,0.5482,0.0046,0.4472
SPADES ACE HEARTS TWO,0.2662,0.5242,0.2096
SPADES ACE DIAMONDS QUEEN,0.2448,0.0636,0.6916
SPADES ACE HEARTS EIGHT,0.231,0.2336,0.5354
SPADES KING HEARTS EIGHT,0.5896,0.004,0.4064
SPADES QUEEN HEARTS TWO,0.6494,0.0084,0.3422
SPADES QUEEN DIAMONDS QUEEN,0.2966,0.0048,0.6986
SPADES KING DIAMONDS QUEEN,0.5918,0.004,0.4042
SPADES KING HEARTS TWO,0.6494,0.0048,0.3458
SPADES QUEEN HEARTS EIGHT,0.5812,0.0052,0.4136
CLUBS TWO HEARTS TEN,0.6524,0.004,0.3436
CLUBS TWO HEARTS JACK,0.6536,0.0056,0.3408
SPADES SEVEN DIAMONDS NINE,0.5706,0.0064,0.423
SPADES SIX DIAMONDS NINE,0.585,0.0034,0.4116
SPADES NINE DIAMONDS NINE,0.3364,0.003,0.6606
SPADES EIGHT DIAMONDS NINE,0.5456,0.0044,0.45
SPADES TEN CLUBS KING,0.577,0.0054,0.4176
SPADES JACK CLUBS KING,0.5734,0.0058,0.4208
DIAMONDS NINE SPADES TWO,0.6502,0.0054,0.3444
DIAMONDS NINE SPADES FIVE,0.609,0.0042,0.3868
DIAMONDS NINE SPADES FOUR,0.6184,0.0052,0.3764
CLUBS NINE DIAMONDS NINE,0.3494,0.0058,0.6448
CLUBS EIGHT DIAMONDS NINE,0.565,0.0052,0.4298
CLUBS SIX DIAMONDS NINE,0.5906,0.0042,0.4052
SPADES JACK CLUBS FOUR,0.6252,0.0046,0.3702
SPADES TEN CLUBS FOUR,0.616,0.0052,0.3788
CLUBS SEVEN DIAMONDS NINE,0.5806,0.0058,0.4136
CLUBS FOUR DIAMONDS NINE,0.6156,0.0052,0.3792
CLUBS FIVE DIAMONDS NINE,0.628,0.005,0.367
CLUBS TWO DIAMONDS NINE,0.647,0.0046,0.3484
CLUBS THREE DIAMONDS NINE,0.7492,0.022,0.2288
DIAMONDS NINE HEARTS EIGHT,0.5584,0.0028,0.4388
DIAMONDS NINE HEARTS NINE,0.3266,0.003,0.6704
HEARTS SIX DIAMONDS NINE,0.5836,0.0044,0.412
DIAMONDS NINE HEARTS SEVEN,0.5722,0.0052,0.4226
CLUBS EIGHT CLUBS NINE,0.535,0.004,0.461
DIAMONDS ACE DIAMONDS NINE,0.2208,0.1648,0.6144
HEARTS FOUR DIAMONDS NINE,0.6212,0.0058,0.373
HEARTS FIVE DIAMONDS NINE,0.6172,0.0044,0.3784
CLUBS TWO HEARTS ACE,0.2556,0.532,0.2124
SPADES ACE CLUBS FOUR,0.2052,0.541,0.2538
DIAMONDS QUEEN DIAMONDS NINE,0.5438,0.0042,0.452
HEARTS TWO DIAMONDS NINE,0.652,0.0046,0.3434
CLUBS TWO HEARTS KING,0.6516,0.0054,0.343
SPADES KING CLUBS FOUR,0.6122,0.0054,0.3824
DIAMONDS KING DIAMONDS NINE,0.5358,0.0062,0.458
HEARTS THREE DIAMONDS NINE,0.7396,0.0178,0.2426
CLUBS TWO HEARTS QUEEN,0.6498,0.0072,0.343
SPADES QUEEN CLUBS FOUR,0.6126,0.0046,0.3828
DIAMONDS NINE DIAMONDS JACK,0.5188,0.0046,0.4766
CLUBS EIGHT SPADES NINE,0.548,0.006,0.446
DIAMONDS NINE DIAMONDS TEN,0.5236,0.0042,0.4722
CLUBS EIGHT SPADES EIGHT,0.3524,0.0044,0.6432
CLUBS EIGHT SPADES SEVEN,0.5704,0.005,0.4246
CLUBS EIGHT SPADES SIX,0.5724,0.0056,0.422
CLUBS EIGHT SPADES FIVE,0.6012,0.0046,0.3942
CLUBS EIGHT SPADES FOUR,0.6202,0.0064,0.3734
CLUBS EIGHT SPADES TWO,0.6404,0.0054,0.3542
HEARTS SIX DIAMONDS TEN,0.576,0.0036,0.4204
DIAMONDS TEN HEARTS SEVEN,0.58,0.0044,0.4156
DIAMONDS TEN HEARTS EIGHT,0.5592,0.0026,0.4382
CLUBS FOUR CLUBS JACK,0.601,0.0058,0.3932
DIAMONDS TEN HEARTS NINE,0.55,0.0038,0.4462
CLUBS FOUR CLUBS TEN,0.5842,0.0044,0.4114
CLUBS FOUR CLUBS KING,0.5878,0.0054,0.4068
CLUBS FOUR CLUBS QUEEN,0.5924,0.0062,0.4014
CLUBS TWO DIAMONDS TEN,0.6512,0.006,0.3428
CLUBS THREE DIAMONDS TEN,0.7482,0.0226,0.2292
DIAMONDS JACK DIAMONDS TEN,0.5194,0.0054,0.4752
DIAMONDS QUEEN DIAMONDS TEN,0.5146,0.0032,0.4822
HEARTS TWO DIAMONDS TEN,0.6464,0.0044,0.3492
DIAMONDS KING DIAMONDS TEN,0.5304,0.0058,0.4638
HEARTS THREE DIAMONDS TEN,0.7304,0.024,0.2456
DIAMONDS ACE DIAMONDS TEN,0.241,0.1028,0.6562
HEARTS FOUR DIAMONDS TEN,0.6164,0.004,0.3796
CLUBS EIGHT HEARTS JACK,0.5762,0.0048,0.419
HEARTS FIVE DIAMONDS TEN,0.6198,0.004,0.3762
CLUBS EIGHT HEARTS TEN,0.5678,0.0042,0.428
CLUBS EIGHT HEARTS QUEEN,0.5922,0.0034,0.4044
CLUBS EIGHT HEARTS KING,0.6026,0.004,0.3934
CLUBS EIGHT HEARTS ACE,0.2574,0.2212,0.5214
CLUBS NINE SPADES TWO,0.652,0.0036,0.3444
CLUBS NINE SPADES FIVE,0.6166,0.0072,0.3762
CLUBS NINE SPADES FOUR,0.6242,0.005,0.3708
CLUBS NINE SPADES SEVEN,0.5642,0.0054,0.4304
CLUBS NINE SPADES SIX,0.593,0.0062,0.4008
CLUBS NINE SPADES NINE,0.3338,0.0056,0.6606
CLUBS TEN HEARTS EIGHT,0.5648,0.0032,0.432
CLUBS NINE SPADES EIGHT,0.5598,0.0046,0.4356
CLUBS JACK HEARTS EIGHT,0.573,0.0062,0.4208
CLUBS QUEEN HEARTS EIGHT,0.6062,0.007,0.3868
CLUBS KING HEARTS EIGHT,0.6056,0.0052,0.3892
SPADES KING CLUBS KING,0.2866,0.0038,0.7096
SPADES QUEEN CLUBS KING,0.5714,0.0048,0.4238
SPADES ACE CLUBS KING,0.2558,0.0456,0.6986
DIAMONDS ACE HEARTS TEN,0.248,0.12,0.632
HEARTS FOUR HEARTS TEN,0.5672,0.0056,0.4272
DIAMONDS ACE HEARTS JACK,0.2544,0.0918,0.6538
HEARTS FOUR HEARTS JACK,0.577,0.0024,0.4206
SPADES KING CLUBS FIVE,0.6184,0.0042,0.3774
SPADES QUEEN CLUBS FIVE,0.5998,0.0054,0.3948
SPADES ACE CLUBS FIVE,0.2028,0.4884,0.3088
DIAMONDS JACK HEARTS SEVEN,0.5924,0.0044,0.4032
HEARTS SIX DIAMONDS JACK,0.6104,0.0044,0.3852
DIAMONDS JACK HEARTS NINE,0.558,0.0032,0.4388
DIAMONDS JACK HEARTS EIGHT,0.5742,0.002,0.4238
DIAMONDS KING DIAMONDS JACK,0.545,0.0054,0.4496
HEARTS THREE DIAMONDS JACK,0.7502,0.0188,0.231
SPADES ACE SPADES SIX,0.2384,0.3606,0.401
HEARTS ACE SPADES FOUR,0.2166,0.5206,0.2628
DIAMONDS QUEEN DIAMONDS JACK,0.5262,0.0052,0.4686
HEARTS TWO DIAMONDS JACK,0.653,0.006,0.341
HEARTS FIVE DIAMONDS JACK,0.6144,0.0026,0.383
SPADES QUEEN SPADES SIX,0.5724,0.0034,0.4242
SPADES FOUR HEARTS QUEEN,0.6122,0.0036,0.3842
DIAMONDS ACE DIAMONDS JACK,0.2288,0.083,0.6882
HEARTS FOUR DIAMONDS JACK,0.6114,0.0046,0.384
SPADES KING SPADES SIX,0.578,0.004,0.418
HEARTS KING SPADES FOUR,0.6228,0.0046,0.3726
SPADES TEN SPADES SIX,0.5666,0.0046,0.4288
SPADES JACK SPADES SIX,0.5754,0.005,0.4196
SPADES FOUR DIAMONDS JACK,0.6218,0.003,0.3752
SPADES FIVE DIAMONDS JACK,0.5902,0.0036,0.4062
DIAMONDS JACK SPADES TWO,0.6414,0.0062,0.3524
SPADES ACE DIAMONDS THREE,0.0108,0.9704,0.0188
SPADES QUEEN DIAMONDS THREE,0.7352,0.023,0.2418
CLUBS EIGHT DIAMONDS JACK,0.5772,0.0036,0.4192
SPADES KING DIAMONDS THREE,0.7532,0.0178,0.229
CLUBS NINE DIAMONDS JACK,0.5644,0.005,0.4306
CLUBS SIX DIAMONDS JACK,0.6192,0.0038,0.377
CLUBS SEVEN DIAMONDS JACK,0.5836,0.0054,0.411
CLUBS FOUR DIAMONDS JACK,0.6184,0.0054,0.3762
CLUBS FIVE DIAMONDS JACK,0.601,0.0046,0.3944
CLUBS TWO DIAMONDS JACK,0.6386,0.0046,0.3568
CLUBS THREE DIAMONDS JACK,0.7454,0.023,0.2316
SPADES TEN CLUBS FIVE,0.609,0.0044,0.3866
HEARTS SIX SPADES JACK,0.6032,0.0052,0.3916
HEARTS SIX SPADES TEN,0.5982,0.0046,0.3972
SPADES JACK CLUBS FIVE,0.6088,0.0044,0.3868
SPADES JACK DIAMONDS THREE,0.7436,0.0222,0.2342
DIAMONDS THREE SPADES TEN,0.747,0.0218,0.2312
CLUBS SEVEN CLUBS QUEEN,0.5754,0.0048,0.4198
CLUBS SEVEN CLUBS KING,0.5684,0.006,0.4256
SPADES NINE DIAMONDS JACK,0.559,0.006,0.435
CLUBS SEVEN CLUBS TEN,0.546,0.0048,0.4492
DIAMONDS ACE HEARTS ACE,0.074,0.0146,0.9114
HEARTS FOUR HEARTS ACE,0.2072,0.4884,0.3044
SPADES EIGHT DIAMONDS JACK,0.583,0.0034,0.4136
SPADES ACE HEARTS SIX,0.2354,0.378,0.3866
CLUBS SEVEN CLUBS JACK,0.5678,0.0058,0.4264
DIAMONDS ACE HEARTS KING,0.2632,0.047,0.6898
HEARTS FOUR HEARTS KING,0.5736,0.004,0.4224
SPADES SEVEN DIAMONDS JACK,0.5902,0.0056,0.4042
SPADES KING HEARTS SIX,0.6008,0.0034,0.3958
DIAMONDS ACE HEARTS QUEEN,0.2544,0.0622,0.6834
HEARTS FOUR HEARTS QUEEN,0.5754,0.0032,0.4214
SPADES QUEEN HEARTS SIX,0.587,0.0052,0.4078
SPADES SIX DIAMONDS JACK,0.5984,0.0048,0.3968
SPADES TWO DIAMONDS TEN,0.6436,0.0056,0.3508
SPADES FOUR DIAMONDS TEN,0.605,0.0032,0.3918
SPADES FIVE DIAMONDS TEN,0.6182,0.0052,0.3766
SPADES SIX DIAMONDS TEN,0.5906,0.0038,0.4056
SPADES SEVEN DIAMONDS TEN,0.5738,0.005,0.4212
SPADES EIGHT DIAMONDS TEN,0.5654,0.0052,0.4294
SPADES NINE DIAMONDS TEN,0.5516,0.0042,0.4442
CLUBS FOUR DIAMONDS TEN,0.6192,0.0056,0.3752
CLUBS FIVE DIAMONDS TEN,0.6126,0.0048,0.3826
CLUBS SIX DIAMONDS TEN,0.6052,0.005,0.3898
CLUBS SEVEN DIAMONDS TEN,0.582,0.0036,0.4144
CLUBS EIGHT DIAMONDS TEN,0.5712,0.0046,0.4242
CLUBS NINE DIAMONDS TEN,0.5624,0.0042,0.4334
DIAMONDS THREE CLUBS JACK,0.7468,0.0206,0.2326
DIAMONDS THREE CLUBS TEN,0.7468,0.0204,0.2328
DIAMONDS THREE CLUBS KING,0.7574,0.0212,0.2214
DIAMONDS THREE CLUBS QUEEN,0.757,0.019,0.224
SPADES FOUR HEARTS JACK,0.6124,0.0046,0.383
SPADES FOUR HEARTS TEN,0.6032,0.0038,0.393
SPADES FIVE SPADES TWO,0.6054,0.006,0.3886
SPADES FOUR SPADES TWO,0.6046,0.007,0.3884
SPADES NINE SPADES TWO,0.6178,0.0062,0.376
SPADES EIGHT SPADES TWO,0.6152,0.005,0.3798
SPADES SEVEN SPADES TWO,0.612,0.0046,0.3834
SPADES SIX SPADES TWO,0.6142,0.0052,0.3806
DIAMONDS QUEEN CLUBS THREE,0.7492,0.0228,0.228
HEARTS TWO CLUBS THREE,0.7516,0.0208,0.2276
DIAMONDS QUEEN CLUBS TWO,0.6524,0.004,0.3436
CLUBS TWO HEARTS TWO,0.4634,0.0064,0.5302
DIAMONDS QUEEN HEARTS SEVEN,0.5938,0.0046,0.4016
HEARTS TWO HEARTS SEVEN,0.6114,0.0042,0.3844
HEARTS SIX DIAMONDS QUEEN,0.5952,0.003,0.4018
HEARTS SIX HEARTS TWO,0.6008,0.0058,0.3934
DIAMONDS QUEEN HEARTS NINE,0.57,0.0038,0.4262
HEARTS TWO HEARTS NINE,0.6086,0.0044,0.387
DIAMONDS QUEEN HEARTS EIGHT,0.597,0.0046,0.3984
HEARTS TWO HEARTS EIGHT,0.5998,0.0036,0.3966
CLUBS NINE HEARTS TWO,0.6528,0.0072,0.34
CLUBS NINE DIAMONDS QUEEN,0.5814,0.0062,0.4124
CLUBS EIGHT HEARTS TWO,0.6462,0.0068,0.347
CLUBS EIGHT DIAMONDS QUEEN,0.5868,0.0054,0.4078
CLUBS FIVE DIAMONDS QUEEN,0.6188,0.0042,0.377
CLUBS FIVE HEARTS TWO,0.6392,0.0062,0.3546
SPADES EIGHT HEARTS ACE,0.2386,0.236,0.5254
CLUBS FOUR DIAMONDS QUEEN,0.6174,0.0056,0.377
CLUBS FOUR HEARTS TWO,0.6494,0.0064,0.3442
SPADES EIGHT HEARTS QUEEN,0.585,0.0048,0.4102
CLUBS SEVEN HEARTS TWO,0.6616,0.006,0.3324
CLUBS SEVEN DIAMONDS QUEEN,0.6076,0.0032,0.3892
CLUBS SIX DIAMONDS QUEEN,0.6102,0.0042,0.3856
CLUBS SIX HEARTS TWO,0.6444,0.0062,0.3494
SPADES EIGHT HEARTS KING,0.5988,0.005,0.3962
HEARTS TWO SPADES SIX,0.639,0.0056,0.3554
DIAMONDS QUEEN SPADES SIX,0.5952,0.005,0.3998
HEARTS FOUR CLUBS QUEEN,0.6114,0.0052,0.3834
DIAMONDS ACE CLUBS QUEEN,0.2528,0.0684,0.6788
DIAMONDS QUEEN SPADES SEVEN,0.6028,0.0044,0.3928
HEARTS TWO SPADES SEVEN,0.6472,0.0044,0.3484
HEARTS FOUR CLUBS KING,0.6318,0.0042,0.364
DIAMONDS ACE CLUBS KING,0.2576,0.0484,0.694
DIAMONDS QUEEN SPADES EIGHT,0.586,0.0056,0.4084
SPADES EIGHT HEARTS TWO,0.6466,0.0048,0.3486
SPADES NINE DIAMONDS QUEEN,0.5834,0.0048,0.4118
SPADES NINE HEARTS TWO,0.649,0.0062,0.3448
HEARTS TWO SPADES TWO,0.4636,0.0064,0.53
DIAMONDS QUEEN SPADES TWO,0.6426,0.0046,0.3528
HEARTS TWO SPADES FOUR,0.6284,0.0062,0.3654
DIAMONDS QUEEN SPADES FOUR,0.6054,0.0048,0.3898
HEARTS FOUR CLUBS TEN,0.6162,0.0056,0.3782
DIAMONDS ACE CLUBS TEN,0.2486,0.1228,0.6286
HEARTS TWO SPADES FIVE,0.6332,0.0048,0.362
DIAMONDS QUEEN SPADES FIVE,0.6136,0.005,0.3814
HEARTS FOUR CLUBS JACK,0.6146,0.0042,0.3812
DIAMONDS ACE CLUBS JACK,0.2404,0.0862,0.6734
CLUBS FIVE CLUBS KING,0.5874,0.0054,0.4072
CLUBS FIVE CLUBS QUEEN,0.5904,0.0058,0.4038
CLUBS FIVE CLUBS JACK,0.5756,0.006,0.4184
CLUBS FIVE CLUBS TEN,0.5852,0.0056,0.4092
SPADES KING CLUBS JACK,0.5786,0.0062,0.4152
SPADES QUEEN CLUBS JACK,0.5584,0.0068,0.4348
SPADES ACE CLUBS JACK,0.2564,0.0942,0.6494
SPADES SIX CLUBS KING,0.6144,0.0036,0.382
SPADES SIX CLUBS QUEEN,0.6,0.0076,0.3924
SPADES EIGHT HEARTS JACK,0.5778,0.0032,0.419
SPADES EIGHT HEARTS TEN,0.5692,0.0066,0.4242
SPADES SIX CLUBS JACK,0.6168,0.007,0.3762
SPADES SIX CLUBS TEN,0.5988,0.0056,0.3956
SPADES TEN CLUBS JACK,0.5514,0.0038,0.4448
SPADES JACK CLUBS JACK,0.3034,0.0046,0.692
SPADES QUEEN CLUBS SEVEN,0.608,0.006,0.386
SPADES KING CLUBS SEVEN,0.5946,0.0058,0.3996
SPADES ACE CLUBS SEVEN,0.244,0.307,0.449
SPADES SIX HEARTS TEN,0.5952,0.0052,0.3996
SPADES SIX HEARTS JACK,0.6002,0.0042,0.3956
SPADES SIX HEARTS ACE,0.2412,0.3794,0.3794
SPADES SIX HEARTS KING,0.5978,0.0046,0.3976
SPADES SIX HEARTS QUEEN,0.591,0.0052,0.4038
SPADES JACK CLUBS SEVEN,0.5966,0.0056,0.3978
CLUBS SEVEN SPADES TEN,0.5934,0.0044,0.4022
HEARTS SIX CLUBS TEN,0.5912,0.005,0.4038
HEARTS SIX CLUBS JACK,0.6054,0.0044,0.3902
HEARTS SIX CLUBS QUEEN,0.6036,0.0056,0.3908
HEARTS SIX CLUBS KING,0.6058,0.006,0.3882
CLUBS QUEEN CLUBS JACK,0.5338,0.0058,0.4604
CLUBS KING CLUBS JACK,0.5524,0.0066,0.441
DIAMONDS THREE HEARTS ACE,0.024,0.959,0.017
DIAMONDS THREE HEARTS QUEEN,0.7426,0.021,0.2364
DIAMONDS THREE HEARTS KING,0.7334,0.0202,0.2464
CLUBS FIVE HEARTS JACK,0.6172,0.0038,0.379
SPADES TEN DIAMONDS ACE,0.2374,0.122,0.6406
HEARTS FOUR SPADES TEN,0.6046,0.0074,0.388
CLUBS FIVE HEARTS TEN,0.6094,0.0052,0.3854
HEARTS FOUR SPADES JACK,0.6018,0.005,0.3932
SPADES JACK DIAMONDS ACE,0.2354,0.0906,0.674
SPADES ACE HEARTS FOUR,0.2078,0.5202,0.272
SPADES ACE DIAMONDS ACE,0.0644,0.0122,0.9234
CLUBS FIVE HEARTS ACE,0.215,0.4558,0.3292
CLUBS FIVE HEARTS KING,0.616,0.0066,0.3774
HEARTS FOUR SPADES QUEEN,0.6152,0.0038,0.381
SPADES QUEEN DIAMONDS ACE,0.2498,0.0612,0.689
SPADES FOUR CLUBS JACK,0.6122,0.006,0.3818
CLUBS FIVE HEARTS QUEEN,0.6122,0.004,0.3838
SPADES KING DIAMONDS ACE,0.2458,0.0508,0.7034
HEARTS FOUR SPADES KING,0.5986,0.005,0.3964
SPADES FOUR CLUBS TEN,0.62,0.0038,0.3762
DIAMONDS QUEEN DIAMONDS ACE,0.2468,0.0694,0.6838
HEARTS TWO DIAMONDS ACE,0.2568,0.5192,0.224
HEARTS FOUR DIAMONDS QUEEN,0.622,0.0046,0.3734
HEARTS FOUR HEARTS TWO,0.5992,0.005,0.3958
DIAMONDS THREE HEARTS TEN,0.7316,0.0222,0.2462
SPADES FOUR CLUBS KING,0.6234,0.006,0.3706
HEARTS FIVE DIAMONDS QUEEN,0.6134,0.0062,0.3804
HEARTS FIVE HEARTS TWO,0.5964,0.0062,0.3974
DIAMONDS THREE HEARTS JACK,0.7502,0.0202,0.2296
SPADES FOUR CLUBS QUEEN,0.6218,0.0056,0.3726
DIAMONDS QUEEN HEARTS TWO,0.6448,0.0036,0.3516
DIAMONDS KING DIAMONDS QUEEN,0.5344,0.0042,0.4614
DIAMONDS KING HEARTS TWO,0.6606,0.0062,0.3332
HEARTS THREE DIAMONDS QUEEN,0.7536,0.0202,0.2262
HEARTS THREE HEARTS TWO,0.7096,0.0166,0.2738
HEARTS TWO CLUBS QUEEN,0.6566,0.0052,0.3382
DIAMONDS QUEEN CLUBS QUEEN,0.3074,0.0038,0.6888
HEARTS TWO CLUBS KING,0.6488,0.006,0.3452
DIAMONDS QUEEN CLUBS KING,0.5848,0.0048,0.4104
SPADES EIGHT SPADES FIVE,0.5664,0.0048,0.4288
HEARTS TWO CLUBS TEN,0.6406,0.0056,0.3538
DIAMONDS QUEEN CLUBS TEN,0.558,0.0044,0.4376
SPADES NINE SPADES FIVE,0.5684,0.0066,0.425
HEARTS TWO CLUBS JACK,0.6648,0.0038,0.3314
DIAMONDS QUEEN CLUBS JACK,0.574,0.0034,0.4226
SPADES SIX SPADES FIVE,0.545,0.0064,0.4486
SPADES SEVEN SPADES FIVE,0.5526,0.0046,0.4428
DIAMONDS FIVE CLUBS QUEEN,0.6186,0.0054,0.376
CLUBS KING DIAMONDS FIVE,0.6242,0.004,0.3718
SPADES EIGHT CLUBS KING,0.589,0.0052,0.4058
SPADES EIGHT CLUBS QUEEN,0.577,0.0056,0.4174
SPADES EIGHT CLUBS JACK,0.58,0.0064,0.4136
SPADES EIGHT CLUBS TEN,0.5672,0.0048,0.428
DIAMONDS FIVE CLUBS TEN,0.6206,0.0046,0.3748
DIAMONDS FIVE CLUBS JACK,0.603,0.0048,0.3922
HEARTS JACK DIAMONDS TEN,0.548,0.0032,0.4488
DIAMONDS TEN HEARTS TEN,0.318,0.0036,0.6784
SPADES ACE CLUBS NINE,0.2508,0.173,0.5762
CLUBS NINE SPADES QUEEN,0.575,0.0046,0.4204
SPADES KING CLUBS NINE,0.5784,0.0042,0.4174
HEARTS SIX HEARTS KING,0.5702,0.005,0.4248
DIAMONDS KING SPADES SEVEN,0.5992,0.0034,0.3974
HEARTS THREE SPADES SEVEN,0.7188,0.016,0.2652
SPADES KING DIAMONDS SEVEN,0.6052,0.0034,0.3914
HEARTS SIX HEARTS QUEEN,0.5724,0.0056,0.422
SPADES QUEEN DIAMONDS SEVEN,0.5994,0.0054,0.3952
HEARTS THREE SPADES SIX,0.7438,0.0146,0.2416
DIAMONDS KING SPADES SIX,0.6046,0.004,0.3914
DIAMONDS KING SPADES NINE,0.5794,0.0082,0.4124
HEARTS THREE SPADES NINE,0.7442,0.0212,0.2346
HEARTS SIX HEARTS ACE,0.2334,0.354,0.4126
DIAMONDS KING SPADES EIGHT,0.5882,0.0046,0.4072
HEARTS THREE SPADES EIGHT,0.74,0.0198,0.2402
SPADES ACE DIAMONDS SEVEN,0.238,0.301,0.461
CLUBS NINE HEARTS THREE,0.7592,0.0216,0.2192
