opposingHand,winningChance,drawChance,lostChance
SPADES SIX HEARTS JACK
HEARTS FIVE SPADES TEN,0.6292,0.0186,0.3522
SPADES JACK HEARTS FIVE,0.3982,0.3808,0.221
SPADES FIVE CLUBS JACK,0.3868,0.3976,0.2156
CLUBS TEN SPADES FIVE,0.6126,0.0156,0.3718
CLUBS EIGHT CLUBS JACK,0.2136,0.206,0.5804
CLUBS TEN CLUBS EIGHT,0.531,0.013,0.456
CLUBS EIGHT CLUBS KING,0.3348,0.0062,0.659
SPADES FIVE CLUBS ACE,0.376,0.005,0.619
CLUBS EIGHT CLUBS QUEEN,0.3204,0.0094,0.6702
SPADES FIVE CLUBS KING,0.3932,0.006,0.6008
SPADES FIVE CLUBS QUEEN,0.3808,0.0124,0.6068
CLUBS EIGHT CLUBS ACE,0.34,0.0042,0.6558
DIAMONDS TWO DIAMONDS THREE,0.5948,0.0198,0.3854
DIAMONDS TWO DIAMONDS FIVE,0.5896,0.0144,0.396
SPADES KING HEARTS FIVE,0.3872,0.0062,0.6066
DIAMONDS TWO DIAMONDS FOUR,0.5858,0.0194,0.3948
SPADES QUEEN HEARTS FIVE,0.3874,0.0096,0.603
DIAMONDS TWO DIAMONDS SEVEN,0.5956,0.0172,0.3872
DIAMONDS TWO DIAMONDS SIX,0.6548,0.0628,0.2824
SPADES ACE HEARTS FIVE,0.3876,0.0052,0.6072
DIAMONDS TWO DIAMONDS NINE,0.5834,0.0136,0.403
DIAMONDS TWO DIAMONDS EIGHT,0.5788,0.0172,0.404
DIAMONDS THREE DIAMONDS FOUR,0.5736,0.0202,0.4062
SPADES FOUR CLUBS TWO,0.6326,0.0254,0.342
DIAMONDS THREE DIAMONDS FIVE,0.5676,0.0198,0.4126
SPADES FIVE CLUBS TWO,0.6338,0.0196,0.3466
CLUBS TWO SPADES TWO,0.4266,0.0458,0.5276
CLUBS TWO SPADES THREE,0.6454,0.0202,0.3344
DIAMONDS THREE DIAMONDS EIGHT,0.596,0.0164,0.3876
SPADES EIGHT CLUBS TWO,0.616,0.016,0.368
DIAMONDS THREE DIAMONDS NINE,0.5792,0.0188,0.402
SPADES NINE CLUBS TWO,0.6122,0.0174,0.3704
DIAMONDS THREE DIAMONDS SIX,0.634,0.0602,0.3058
DIAMONDS THREE DIAMONDS SEVEN,0.5874,0.0186,0.394
SPADES SEVEN CLUBS TWO,0.6098,0.025,0.3652
CLUBS SIX CLUBS TWO,0.6532,0.0598,0.287
CLUBS SEVEN CLUBS TWO,0.5942,0.0168,0.389
CLUBS FOUR CLUBS TWO,0.6014,0.0174,0.3812
CLUBS FIVE CLUBS TWO,0.5892,0.02,0.3908
CLUBS TEN CLUBS JACK,0.2064,0.1122,0.6814
DIAMONDS FOUR DIAMONDS SIX,0.6292,0.0554,0.3154
CLUBS TEN CLUBS QUEEN,0.307,0.0084,0.6846
DIAMONDS FOUR DIAMONDS SEVEN,0.5586,0.0172,0.4242
CLUBS TEN CLUBS KING,0.3174,0.007,0.6756
CLUBS TEN CLUBS ACE,0.3178,0.0044,0.6778
CLUBS EIGHT CLUBS TWO,0.579,0.016,0.405
DIAMONDS FIVE DIAMONDS FOUR,0.5602,0.021,0.4188
CLUBS NINE CLUBS TWO,0.5866,0.0164,0.397
DIAMONDS NINE DIAMONDS FOUR,0.5886,0.019,0.3924
DIAMONDS EIGHT DIAMONDS FOUR,0.5814,0.0144,0.4042
CLUBS THREE CLUBS TWO,0.5872,0.0192,0.3936
DIAMONDS NINE DIAMONDS FIVE,0.5874,0.0162,0.3964
DIAMONDS TWO CLUBS JACK,0.401,0.3816,0.2174
DIAMONDS EIGHT DIAMONDS FIVE,0.5578,0.0196,0.4226
CLUBS TEN DIAMONDS TWO,0.6282,0.0182,0.3536
DIAMONDS FIVE DIAMONDS SEVEN,0.563,0.02,0.417
DIAMONDS FIVE DIAMONDS SIX,0.6008,0.0602,0.339
DIAMONDS TWO CLUBS ACE,0.3954,0.003,0.6016
DIAMONDS TWO CLUBS KING,0.397,0.0084,0.5946
DIAMONDS TWO CLUBS QUEEN,0.399,0.0116,0.5894
DIAMONDS EIGHT DIAMONDS SIX,0.6048,0.0538,0.3414
DIAMONDS NINE DIAMONDS SIX,0.633,0.0538,0.3132
HEARTS ACE SPADES THREE,0.3972,0.0046,0.5982
SPADES THREE HEARTS KING,0.3918,0.0096,0.5986
DIAMONDS SEVEN DIAMONDS SIX,0.6138,0.052,0.3342
SPADES THREE HEARTS QUEEN,0.41,0.0104,0.5796
SPADES THREE HEARTS TEN,0.6266,0.0206,0.3528
DIAMONDS EIGHT DIAMONDS SEVEN,0.519,0.0162,0.4648
DIAMONDS NINE DIAMONDS SEVEN,0.5318,0.0128,0.4554
DIAMONDS NINE DIAMONDS EIGHT,0.5086,0.0122,0.4792
DIAMONDS KING HEARTS TEN,0.3436,0.0058,0.6506
HEARTS THREE HEARTS TEN,0.602,0.0204,0.3776
SPADES JACK CLUBS SIX,0.0118,0.9706,0.0176
SPADES TEN CLUBS SIX,0.6904,0.0554,0.2542
SPADES JACK SPADES FIVE,0.3708,0.374,0.2552
SPADES TEN SPADES FIVE,0.602,0.017,0.381
DIAMONDS KING HEARTS ACE,0.3158,0.0046,0.6796
HEARTS THREE HEARTS ACE,0.3762,0.0074,0.6164
SPADES ACE CLUBS SIX,0.2356,0.0288,0.7356
DIAMONDS KING HEARTS QUEEN,0.3102,0.006,0.6838
HEARTS THREE HEARTS QUEEN,0.3742,0.0138,0.612
SPADES KING CLUBS SIX,0.2376,0.0372,0.7252
DIAMONDS KING HEARTS KING,0.1376,0.0072,0.8552
HEARTS THREE HEARTS KING,0.375,0.0054,0.6196
SPADES QUEEN CLUBS SIX,0.2314,0.0448,0.7238
SPADES NINE HEARTS TEN,0.5462,0.0162,0.4376
SPADES QUEEN SPADES FIVE,0.3672,0.0126,0.6202
SPADES KING SPADES FIVE,0.3664,0.0086,0.625
SPADES ACE SPADES FIVE,0.3734,0.0048,0.6218
SPADES NINE HEARTS QUEEN,0.3384,0.013,0.6486
SPADES NINE HEARTS KING,0.3314,0.0078,0.6608
SPADES NINE HEARTS ACE,0.3476,0.004,0.6484
CLUBS TEN SPADES JACK,0.215,0.1148,0.6702
CLUBS TEN SPADES TEN,0.2694,0.0214,0.7092
SPADES ACE CLUBS TEN,0.3396,0.0052,0.6552
SPADES KING CLUBS TEN,0.3334,0.0064,0.6602
CLUBS TEN SPADES QUEEN,0.3172,0.0076,0.6752
SPADES FIVE HEARTS QUEEN,0.386,0.0138,0.6002
SPADES FIVE HEARTS KING,0.3884,0.0076,0.604
SPADES FIVE HEARTS ACE,0.383,0.0052,0.6118
CLUBS EIGHT SPADES TEN,0.5482,0.0152,0.4366
HEARTS THREE SPADES JACK,0.3866,0.3894,0.224
SPADES JACK DIAMONDS KING,0.2166,0.0312,0.7522
SPADES TEN DIAMONDS KING,0.3352,0.0076,0.6572
HEARTS THREE SPADES TEN,0.6236,0.019,0.3574
SPADES JACK CLUBS EIGHT,0.2112,0.2274,0.5614
CLUBS SIX HEARTS ACE,0.233,0.0224,0.7446
SPADES ACE CLUBS EIGHT,0.3492,0.0044,0.6464
HEARTS FIVE CLUBS JACK,0.3874,0.3872,0.2254
CLUBS TEN HEARTS FIVE,0.6248,0.0178,0.3574
CLUBS SIX HEARTS QUEEN,0.2258,0.0382,0.736
SPADES QUEEN CLUBS EIGHT,0.3462,0.0104,0.6434
CLUBS TEN SPADES THREE,0.6216,0.0176,0.3608
CLUBS SIX HEARTS KING,0.233,0.0354,0.7316
SPADES KING CLUBS EIGHT,0.366,0.007,0.627
SPADES THREE CLUBS JACK,0.4004,0.375,0.2246
SPADES THREE CLUBS QUEEN,0.3876,0.0114,0.601
DIAMONDS TWO HEARTS TEN,0.6306,0.0196,0.3498
SPADES THREE CLUBS KING,0.403,0.0072,0.5898
HEARTS FIVE CLUBS ACE,0.381,0.005,0.614
SPADES FIVE HEARTS TEN,0.6178,0.019,0.3632
SPADES THREE CLUBS ACE,0.3888,0.004,0.6072
HEARTS FIVE CLUBS KING,0.398,0.0084,0.5936
HEARTS FIVE CLUBS QUEEN,0.3798,0.0116,0.6086
HEARTS THREE CLUBS KING,0.3886,0.0072,0.6042
DIAMONDS KING CLUBS KING,0.1382,0.0068,0.855
HEARTS THREE CLUBS QUEEN,0.3946,0.0124,0.593
DIAMONDS KING CLUBS QUEEN,0.3282,0.007,0.6648
HEARTS FIVE HEARTS TEN,0.6008,0.0174,0.3818
HEARTS THREE CLUBS ACE,0.393,0.0046,0.6024
DIAMONDS KING CLUBS ACE,0.3214,0.0032,0.6754
SPADES ACE CLUBS QUEEN,0.3096,0.0044,0.686
SPADES KING CLUBS QUEEN,0.3208,0.0056,0.6736
HEARTS THREE CLUBS JACK,0.3898,0.3866,0.2236
DIAMONDS KING CLUBS JACK,0.2302,0.0272,0.7426
SPADES QUEEN CLUBS QUEEN,0.1356,0.0102,0.8542
CLUBS TEN HEARTS THREE,0.629,0.0184,0.3526
CLUBS TEN DIAMONDS KING,0.3378,0.0046,0.6576
SPADES JACK CLUBS QUEEN,0.233,0.0408,0.7262
CLUBS SIX CLUBS QUEEN,0.2244,0.051,0.7246
SPADES TEN CLUBS QUEEN,0.3302,0.0108,0.659
CLUBS SIX CLUBS KING,0.2186,0.0404,0.741
CLUBS SIX CLUBS ACE,0.2146,0.0222,0.7632
HEARTS FIVE HEARTS KING,0.3686,0.0098,0.6216
HEARTS FIVE HEARTS QUEEN,0.3742,0.0122,0.6136
CLUBS TEN CLUBS SIX,0.639,0.0566,0.3044
HEARTS FIVE HEARTS ACE,0.3622,0.0038,0.634
CLUBS SIX CLUBS JACK,0.0214,0.9124,0.0662
SPADES SEVEN HEARTS TEN,0.5846,0.0174,0.398
DIAMONDS TWO CLUBS TWO,0.4156,0.0416,0.5428
DIAMONDS TWO CLUBS THREE,0.6294,0.0216,0.349
HEARTS SIX DIAMONDS TWO,0.692,0.0678,0.2402
DIAMONDS TWO HEARTS QUEEN,0.3956,0.0114,0.593
DIAMONDS TWO HEARTS SEVEN,0.6342,0.02,0.3458
DIAMONDS TWO HEARTS KING,0.3922,0.0064,0.6014
DIAMONDS TWO HEARTS EIGHT,0.6296,0.0238,0.3466
DIAMONDS TWO HEARTS ACE,0.3868,0.0054,0.6078
DIAMONDS TWO HEARTS NINE,0.6192,0.019,0.3618
DIAMONDS TWO DIAMONDS QUEEN,0.367,0.0114,0.6216
DIAMONDS TWO HEARTS TWO,0.4216,0.0478,0.5306
DIAMONDS TWO DIAMONDS KING,0.3618,0.0068,0.6314
HEARTS THREE DIAMONDS TWO,0.637,0.0198,0.3432
DIAMONDS TWO DIAMONDS ACE,0.354,0.0048,0.6412
HEARTS FOUR DIAMONDS TWO,0.6362,0.0188,0.345
DIAMONDS TWO HEARTS FIVE,0.6272,0.0222,0.3506
SPADES SEVEN HEARTS ACE,0.3468,0.0056,0.6476
DIAMONDS TWO DIAMONDS TEN,0.5966,0.0176,0.3858
SPADES SEVEN HEARTS KING,0.3376,0.0088,0.6536
DIAMONDS TWO DIAMONDS JACK,0.3626,0.3676,0.2698
SPADES SEVEN HEARTS QUEEN,0.346,0.0104,0.6436
DIAMONDS TWO SPADES NINE,0.6164,0.0214,0.3622
DIAMONDS TWO SPADES EIGHT,0.6234,0.018,0.3586
DIAMONDS TWO SPADES SEVEN,0.6204,0.0156,0.364
DIAMONDS TWO SPADES FIVE,0.6396,0.0212,0.3392
DIAMONDS TWO SPADES FOUR,0.636,0.0196,0.3444
DIAMONDS TWO SPADES THREE,0.6374,0.0188,0.3438
DIAMONDS TWO SPADES TWO,0.4298,0.0476,0.5226
CLUBS NINE DIAMONDS TWO,0.6268,0.0162,0.357
DIAMONDS TWO CLUBS EIGHT,0.6208,0.0184,0.3608
CLUBS SEVEN DIAMONDS TWO,0.626,0.0182,0.3558
DIAMONDS TWO CLUBS SIX,0.7042,0.0594,0.2364
DIAMONDS TWO CLUBS FIVE,0.6268,0.0196,0.3536
DIAMONDS TWO CLUBS FOUR,0.6304,0.0238,0.3458
CLUBS FOUR SPADES FIVE,0.613,0.0188,0.3682
CLUBS FOUR SPADES FOUR,0.4098,0.0378,0.5524
CLUBS FOUR SPADES THREE,0.6266,0.0172,0.3562
CLUBS FOUR SPADES TWO,0.6414,0.0188,0.3398
SPADES NINE CLUBS FOUR,0.6136,0.0152,0.3712
SPADES EIGHT CLUBS FOUR,0.6172,0.0212,0.3616
SPADES SEVEN CLUBS FOUR,0.6046,0.0176,0.3778
SPADES ACE DIAMONDS SIX,0.2344,0.0274,0.7382
SPADES QUEEN DIAMONDS SIX,0.2272,0.0436,0.7292
SPADES KING DIAMONDS SIX,0.229,0.042,0.729
SPADES TEN DIAMONDS SIX,0.6894,0.057,0.2536
SPADES JACK DIAMONDS SIX,0.009,0.9734,0.0176
SPADES QUEEN SPADES TWO,0.3854,0.0118,0.6028
SPADES KING SPADES TWO,0.3778,0.0084,0.6138
SPADES ACE SPADES TWO,0.3658,0.0054,0.6288
DIAMONDS JACK CLUBS JACK,0.0942,0.038,0.8678
CLUBS TEN DIAMONDS JACK,0.2302,0.1102,0.6596
DIAMONDS JACK CLUBS KING,0.2324,0.0282,0.7394
DIAMONDS JACK CLUBS QUEEN,0.2284,0.039,0.7326
DIAMONDS THREE DIAMONDS JACK,0.366,0.3666,0.2674
DIAMONDS THREE DIAMONDS TEN,0.5774,0.0174,0.4052
DIAMONDS JACK CLUBS ACE,0.2272,0.0208,0.752
DIAMONDS THREE DIAMONDS KING,0.367,0.008,0.625
HEARTS THREE DIAMONDS THREE,0.4276,0.0358,0.5366
DIAMONDS THREE DIAMONDS QUEEN,0.3726,0.0112,0.6162
DIAMONDS THREE HEARTS TWO,0.6426,0.0208,0.3366
HEARTS FIVE DIAMONDS THREE,0.6162,0.0224,0.3614
DIAMONDS THREE DIAMONDS ACE,0.3588,0.0056,0.6356
HEARTS FOUR DIAMONDS THREE,0.6194,0.0198,0.3608
DIAMONDS THREE HEARTS SEVEN,0.6086,0.018,0.3734
SPADES TEN SPADES NINE,0.5116,0.019,0.4694
HEARTS SIX DIAMONDS THREE,0.684,0.062,0.254
SPADES JACK SPADES NINE,0.2272,0.1562,0.6166
DIAMONDS THREE HEARTS NINE,0.612,0.0164,0.3716
HEARTS ACE HEARTS KING,0.3078,0.0038,0.6884
SPADES TEN SPADES TWO,0.5948,0.0168,0.3884
DIAMONDS THREE HEARTS EIGHT,0.6346,0.0198,0.3456
HEARTS TEN DIAMONDS FOUR,0.6216,0.0212,0.3572
SPADES JACK SPADES TWO,0.363,0.3756,0.2614
HEARTS QUEEN DIAMONDS FOUR,0.3914,0.014,0.5946
HEARTS KING DIAMONDS FOUR,0.3962,0.01,0.5938
SPADES ACE SPADES NINE,0.34,0.0052,0.6548
HEARTS ACE DIAMONDS FOUR,0.3848,0.0048,0.6104
SPADES KING SPADES NINE,0.3472,0.0062,0.6466
SPADES QUEEN SPADES NINE,0.3164,0.0124,0.6712
DIAMONDS THREE SPADES NINE,0.6226,0.0144,0.363
DIAMONDS THREE SPADES EIGHT,0.6194,0.0168,0.3638
DIAMONDS THREE SPADES SEVEN,0.6114,0.0214,0.3672
DIAMONDS THREE CLUBS SIX,0.6816,0.0594,0.259
CLUBS FIVE CLUBS SIX,0.6168,0.055,0.3282
CLUBS ACE DIAMONDS FOUR,0.3806,0.0044,0.615
CLUBS SEVEN DIAMONDS THREE,0.6212,0.017,0.3618
CLUBS SEVEN CLUBS FIVE,0.5506,0.0146,0.4348
DIAMONDS THREE CLUBS FOUR,0.6228,0.0188,0.3584
DIAMONDS FOUR CLUBS QUEEN,0.3888,0.01,0.6012
DIAMONDS THREE CLUBS FIVE,0.6132,0.0234,0.3634
CLUBS KING DIAMONDS FOUR,0.39,0.0048,0.6052
DIAMONDS THREE CLUBS TWO,0.6374,0.0192,0.3434
CLUBS TEN DIAMONDS FOUR,0.6194,0.018,0.3626
DIAMONDS THREE CLUBS THREE,0.4216,0.0428,0.5356
DIAMONDS FOUR CLUBS JACK,0.3974,0.3792,0.2234
DIAMONDS THREE SPADES FOUR,0.6242,0.0184,0.3574
DIAMONDS THREE SPADES FIVE,0.6182,0.0184,0.3634
DIAMONDS THREE SPADES TWO,0.63,0.024,0.346
DIAMONDS THREE SPADES THREE,0.4182,0.0418,0.54
CLUBS EIGHT DIAMONDS THREE,0.6232,0.0198,0.357
CLUBS NINE DIAMONDS THREE,0.6306,0.016,0.3534
SPADES SEVEN CLUBS ACE,0.3346,0.0038,0.6616
SPADES SEVEN CLUBS QUEEN,0.3528,0.0106,0.6366
SPADES SEVEN CLUBS KING,0.3576,0.0074,0.635
CLUBS FIVE SPADES SEVEN,0.573,0.0184,0.4086
CLUBS TEN SPADES SEVEN,0.565,0.0182,0.4168
SPADES SEVEN CLUBS JACK,0.212,0.3002,0.4878
CLUBS FIVE SPADES NINE,0.6116,0.0208,0.3676
CLUBS FIVE SPADES EIGHT,0.6022,0.0156,0.3822
CLUBS FIVE SPADES THREE,0.6178,0.0198,0.3624
CLUBS FIVE SPADES TWO,0.6234,0.0188,0.3578
CLUBS FIVE SPADES FIVE,0.405,0.0468,0.5482
CLUBS FIVE SPADES FOUR,0.6082,0.0198,0.372
CLUBS NINE CLUBS FIVE,0.5706,0.019,0.4104
CLUBS EIGHT CLUBS FIVE,0.5756,0.0194,0.405
CLUBS ACE CLUBS QUEEN,0.2872,0.0032,0.7096
CLUBS KING CLUBS QUEEN,0.3004,0.0058,0.6938
DIAMONDS TEN DIAMONDS FOUR,0.5906,0.02,0.3894
CLUBS TEN DIAMONDS NINE,0.553,0.014,0.433
DIAMONDS JACK DIAMONDS FOUR,0.3746,0.3578,0.2676
DIAMONDS NINE CLUBS JACK,0.215,0.169,0.616
SPADES NINE CLUBS JACK,0.214,0.174,0.612
CLUBS TEN SPADES NINE,0.5402,0.016,0.4438
DIAMONDS ACE DIAMONDS FOUR,0.3628,0.0054,0.6318
HEARTS FOUR DIAMONDS FOUR,0.423,0.0416,0.5354
DIAMONDS JACK HEARTS TEN,0.233,0.1202,0.6468
SPADES NINE CLUBS KING,0.3548,0.0064,0.6388
DIAMONDS TWO SPADES TEN,0.6324,0.0168,0.3508
DIAMONDS NINE CLUBS ACE,0.3504,0.0028,0.6468
HEARTS FIVE DIAMONDS FOUR,0.603,0.022,0.375
SPADES NINE CLUBS QUEEN,0.3322,0.0094,0.6584
DIAMONDS TWO SPADES JACK,0.3834,0.376,0.2406
DIAMONDS QUEEN DIAMONDS FOUR,0.367,0.0104,0.6226
HEARTS TWO DIAMONDS FOUR,0.6316,0.0196,0.3488
DIAMONDS NINE CLUBS QUEEN,0.3502,0.0116,0.6382
DIAMONDS KING DIAMONDS FOUR,0.3674,0.0066,0.626
HEARTS THREE DIAMONDS FOUR,0.6116,0.022,0.3664
SPADES NINE CLUBS ACE,0.3472,0.0028,0.65
DIAMONDS NINE CLUBS KING,0.349,0.0046,0.6464
HEARTS ACE DIAMONDS JACK,0.2182,0.02,0.7618
SPADES ACE DIAMONDS TWO,0.3804,0.0054,0.6142
HEARTS QUEEN DIAMONDS JACK,0.2262,0.0434,0.7304
SPADES QUEEN DIAMONDS TWO,0.3912,0.0124,0.5964
DIAMONDS JACK HEARTS KING,0.224,0.0334,0.7426
SPADES KING DIAMONDS TWO,0.3772,0.008,0.6148
SPADES JACK SPADES SEVEN,0.2144,0.2842,0.5014
SPADES TEN SPADES SEVEN,0.542,0.0182,0.4398
CLUBS SEVEN CLUBS THREE,0.5798,0.0144,0.4058
CLUBS SIX CLUBS THREE,0.6258,0.0574,0.3168
CLUBS FIVE CLUBS THREE,0.5758,0.0172,0.407
CLUBS THREE CLUBS FOUR,0.589,0.0202,0.3908
CLUBS NINE CLUBS THREE,0.6006,0.0132,0.3862
CLUBS EIGHT CLUBS THREE,0.5846,0.0218,0.3936
CLUBS THREE SPADES FIVE,0.6194,0.0204,0.3602
CLUBS THREE SPADES FOUR,0.6186,0.0236,0.3578
CLUBS THREE SPADES THREE,0.421,0.0442,0.5348
CLUBS THREE SPADES TWO,0.6362,0.023,0.3408
CLUBS THREE SPADES SEVEN,0.622,0.0174,0.3606
SPADES EIGHT CLUBS THREE,0.6296,0.019,0.3514
SPADES NINE CLUBS THREE,0.62,0.0168,0.3632
SPADES TWO DIAMONDS FOUR,0.639,0.0198,0.3412
SPADES THREE DIAMONDS FOUR,0.6266,0.0202,0.3532
SPADES FOUR DIAMONDS FOUR,0.4148,0.0426,0.5426
SPADES FIVE DIAMONDS FOUR,0.5986,0.0168,0.3846
SPADES SEVEN DIAMONDS FOUR,0.6054,0.0208,0.3738
SPADES EIGHT DIAMONDS FOUR,0.6186,0.0166,0.3648
SPADES NINE DIAMONDS FOUR,0.6224,0.0158,0.3618
CLUBS FIVE DIAMONDS FOUR,0.5996,0.0198,0.3806
CLUBS FOUR DIAMONDS FOUR,0.408,0.0382,0.5538
CLUBS SEVEN DIAMONDS FOUR,0.6118,0.0182,0.37
CLUBS SIX DIAMONDS FOUR,0.6772,0.0562,0.2666
CLUBS NINE DIAMONDS FOUR,0.6266,0.0168,0.3566
CLUBS EIGHT DIAMONDS FOUR,0.6218,0.0168,0.3614
DIAMONDS FOUR HEARTS SEVEN,0.6106,0.018,0.3714
HEARTS SIX DIAMONDS FOUR,0.6652,0.0646,0.2702
HEARTS NINE DIAMONDS FOUR,0.6384,0.0156,0.346
DIAMONDS FOUR HEARTS EIGHT,0.621,0.0168,0.3622
CLUBS THREE DIAMONDS FOUR,0.625,0.0192,0.3558
CLUBS TWO DIAMONDS FOUR,0.6356,0.0202,0.3442
DIAMONDS TEN DIAMONDS FIVE,0.5846,0.0196,0.3958
DIAMONDS JACK DIAMONDS FIVE,0.3624,0.366,0.2716
DIAMONDS NINE HEARTS QUEEN,0.3366,0.0104,0.653
DIAMONDS NINE HEARTS KING,0.349,0.0054,0.6456
HEARTS ACE DIAMONDS NINE,0.3602,0.0034,0.6364
DIAMONDS NINE HEARTS TEN,0.5596,0.0146,0.4258
CLUBS KING DIAMONDS SIX,0.236,0.0336,0.7304
CLUBS QUEEN DIAMONDS SIX,0.2282,0.0446,0.7272
CLUBS ACE DIAMONDS SIX,0.2462,0.0206,0.7332
SPADES KING DIAMONDS FOUR,0.3818,0.008,0.6102
SPADES ACE SPADES SEVEN,0.3392,0.0058,0.655
SPADES QUEEN DIAMONDS FOUR,0.3894,0.0108,0.5998
SPADES QUEEN SPADES SEVEN,0.348,0.0126,0.6394
CLUBS JACK DIAMONDS SIX,0.0224,0.9556,0.022
SPADES KING SPADES SEVEN,0.3304,0.0086,0.661
SPADES ACE DIAMONDS FOUR,0.372,0.004,0.624
CLUBS TEN DIAMONDS SIX,0.703,0.0502,0.2468
CLUBS NINE CLUBS FOUR,0.5828,0.0184,0.3988
CLUBS EIGHT CLUBS FOUR,0.5756,0.0178,0.4066
SPADES JACK DIAMONDS FOUR,0.3962,0.372,0.2318
SPADES TEN DIAMONDS FOUR,0.6206,0.0168,0.3626
CLUBS FIVE CLUBS FOUR,0.567,0.0196,0.4134
CLUBS SEVEN CLUBS FOUR,0.5688,0.017,0.4142
CLUBS SIX CLUBS FOUR,0.6336,0.0634,0.303
CLUBS SEVEN SPADES EIGHT,0.5562,0.0194,0.4244
CLUBS SEVEN SPADES NINE,0.5666,0.0156,0.4178
CLUBS SEVEN SPADES SEVEN,0.291,0.0396,0.6694
CLUBS SEVEN SPADES FIVE,0.6036,0.0144,0.382
CLUBS SEVEN SPADES FOUR,0.6168,0.0164,0.3668
CLUBS SEVEN SPADES THREE,0.619,0.0162,0.3648
CLUBS SEVEN SPADES TWO,0.6256,0.0174,0.357
CLUBS NINE CLUBS SEVEN,0.536,0.0154,0.4486
CLUBS SEVEN CLUBS EIGHT,0.5232,0.0162,0.4606
HEARTS SIX DIAMONDS FIVE,0.6646,0.0556,0.2798
DIAMONDS FIVE HEARTS SEVEN,0.6,0.0188,0.3812
DIAMONDS FIVE HEARTS EIGHT,0.6056,0.0204,0.374
HEARTS NINE DIAMONDS FIVE,0.6174,0.0188,0.3638
DIAMONDS QUEEN DIAMONDS FIVE,0.3632,0.0082,0.6286
HEARTS TWO DIAMONDS FIVE,0.6264,0.0204,0.3532
HEARTS KING HEARTS EIGHT,0.3336,0.008,0.6584
DIAMONDS KING DIAMONDS FIVE,0.363,0.0068,0.6302
HEARTS THREE DIAMONDS FIVE,0.6242,0.0202,0.3556
HEARTS QUEEN HEARTS EIGHT,0.3302,0.0092,0.6606
DIAMONDS ACE DIAMONDS FIVE,0.3518,0.0042,0.644
HEARTS FOUR DIAMONDS FIVE,0.6048,0.0216,0.3736
HEARTS FIVE DIAMONDS FIVE,0.4168,0.0444,0.5388
HEARTS ACE HEARTS EIGHT,0.3256,0.004,0.6704
CLUBS FOUR DIAMONDS FIVE,0.5962,0.0198,0.384
CLUBS FIVE DIAMONDS FIVE,0.4162,0.0452,0.5386
CLUBS SIX DIAMONDS FIVE,0.6514,0.0584,0.2902
CLUBS SEVEN DIAMONDS FIVE,0.5914,0.0184,0.3902
CLUBS TWO DIAMONDS FIVE,0.6358,0.019,0.3452
CLUBS THREE DIAMONDS FIVE,0.6132,0.02,0.3668
SPADES THREE DIAMONDS FIVE,0.6248,0.0188,0.3564
SPADES TWO DIAMONDS FIVE,0.6344,0.0198,0.3458
SPADES JACK DIAMONDS EIGHT,0.217,0.2256,0.5574
SPADES FIVE DIAMONDS FIVE,0.3988,0.0456,0.5556
SPADES TEN DIAMONDS EIGHT,0.564,0.0134,0.4226
SPADES FOUR DIAMONDS FIVE,0.6102,0.017,0.3728
CLUBS NINE DIAMONDS FIVE,0.602,0.0152,0.3828
CLUBS EIGHT DIAMONDS FIVE,0.6092,0.0172,0.3736
SPADES SEVEN DIAMONDS FIVE,0.5908,0.019,0.3902
SPADES KING DIAMONDS EIGHT,0.3512,0.0058,0.643
SPADES QUEEN DIAMONDS EIGHT,0.3376,0.0108,0.6516
SPADES NINE DIAMONDS FIVE,0.608,0.018,0.374
SPADES EIGHT DIAMONDS FIVE,0.5844,0.0184,0.3972
SPADES ACE DIAMONDS EIGHT,0.3412,0.0026,0.6562
DIAMONDS TEN DIAMONDS SIX,0.6414,0.052,0.3066
HEARTS ACE DIAMONDS SEVEN,0.3582,0.0048,0.637
DIAMONDS JACK DIAMONDS SIX,0.021,0.9138,0.0652
HEARTS QUEEN DIAMONDS SEVEN,0.3546,0.0102,0.6352
HEARTS KING DIAMONDS SEVEN,0.366,0.0076,0.6264
DIAMONDS ACE DIAMONDS SIX,0.2204,0.0214,0.7582
HEARTS FOUR DIAMONDS SIX,0.6632,0.0632,0.2736
HEARTS FIVE DIAMONDS SIX,0.664,0.0648,0.2712
SPADES TWO HEARTS TEN,0.6278,0.0208,0.3514
DIAMONDS QUEEN DIAMONDS SIX,0.222,0.0464,0.7316
HEARTS TWO DIAMONDS SIX,0.712,0.0596,0.2284
DIAMONDS KING DIAMONDS SIX,0.2294,0.0334,0.7372
HEARTS THREE DIAMONDS SIX,0.6868,0.058,0.2552
HEARTS EIGHT DIAMONDS SIX,0.6598,0.055,0.2852
HEARTS NINE DIAMONDS SIX,0.6862,0.0576,0.2562
HEARTS SIX DIAMONDS SIX,0.2996,0.0416,0.6588
HEARTS SEVEN DIAMONDS SIX,0.6546,0.0574,0.288
HEARTS TEN DIAMONDS SEVEN,0.5838,0.0136,0.4026
CLUBS TWO DIAMONDS SIX,0.7024,0.0598,0.2378
CLUBS THREE DIAMONDS SIX,0.6766,0.0602,0.2632
CLUBS SEVEN DIAMONDS SIX,0.6618,0.0502,0.288
DIAMONDS EIGHT CLUBS JACK,0.227,0.2184,0.5546
CLUBS SIX DIAMONDS SIX,0.294,0.0382,0.6678
CLUBS TEN DIAMONDS EIGHT,0.5558,0.0144,0.4298
CLUBS FIVE DIAMONDS SIX,0.6406,0.06,0.2994
CLUBS FOUR DIAMONDS SIX,0.6782,0.0636,0.2582
DIAMONDS EIGHT CLUBS ACE,0.3658,0.0016,0.6326
DIAMONDS EIGHT CLUBS KING,0.3746,0.0082,0.6172
CLUBS NINE DIAMONDS SIX,0.6746,0.0562,0.2692
DIAMONDS EIGHT CLUBS QUEEN,0.3542,0.0108,0.635
CLUBS EIGHT DIAMONDS SIX,0.6588,0.0546,0.2866
SPADES TEN HEARTS KING,0.322,0.0072,0.6708
SPADES FIVE DIAMONDS SIX,0.6558,0.0636,0.2806
HEARTS ACE SPADES TWO,0.3924,0.0058,0.6018
SPADES JACK HEARTS KING,0.2204,0.032,0.7476
SPADES FOUR DIAMONDS SIX,0.6652,0.0606,0.2742
SPADES THREE DIAMONDS SIX,0.6964,0.0624,0.2412
HEARTS QUEEN SPADES TWO,0.4172,0.0126,0.5702
SPADES ACE SPADES KING,0.309,0.0042,0.6868
SPADES TWO HEARTS KING,0.3932,0.0112,0.5956
SPADES TWO DIAMONDS SIX,0.7062,0.0596,0.2342
HEARTS TEN HEARTS EIGHT,0.541,0.0182,0.4408
SPADES NINE DIAMONDS SIX,0.6764,0.0574,0.2662
SPADES EIGHT DIAMONDS SIX,0.652,0.0622,0.2858
SPADES SEVEN DIAMONDS SIX,0.6482,0.0614,0.2904
SPADES KING HEARTS KING,0.1308,0.0088,0.8604
SPADES QUEEN HEARTS KING,0.3112,0.0076,0.6812
CLUBS ACE CLUBS KING,0.3068,0.0044,0.6888
SPADES ACE HEARTS KING,0.3108,0.0048,0.6844
SPADES TEN DIAMONDS TEN,0.2766,0.022,0.7014
SPADES JACK DIAMONDS TEN,0.2076,0.1272,0.6652
SPADES ACE DIAMONDS TEN,0.3372,0.0042,0.6586
SPADES QUEEN DIAMONDS TEN,0.316,0.0102,0.6738
SPADES KING DIAMONDS TEN,0.3358,0.0072,0.657
SPADES NINE DIAMONDS SEVEN,0.5648,0.0166,0.4186
SPADES EIGHT DIAMONDS SEVEN,0.5554,0.0166,0.428
SPADES SEVEN DIAMONDS SEVEN,0.2976,0.0354,0.667
DIAMONDS KING DIAMONDS SEVEN,0.3264,0.0044,0.6692
HEARTS THREE DIAMONDS SEVEN,0.6318,0.019,0.3492
HEARTS KING DIAMONDS FIVE,0.3812,0.007,0.6118
DIAMONDS QUEEN DIAMONDS SEVEN,0.34,0.0092,0.6508
HEARTS TWO DIAMONDS SEVEN,0.6308,0.0184,0.3508
HEARTS QUEEN DIAMONDS FIVE,0.3842,0.0126,0.6032
HEARTS FIVE DIAMONDS SEVEN,0.595,0.0216,0.3834
DIAMONDS ACE DIAMONDS SEVEN,0.34,0.003,0.657
HEARTS FOUR DIAMONDS SEVEN,0.5974,0.0166,0.386
HEARTS ACE DIAMONDS FIVE,0.3942,0.005,0.6008
HEARTS SEVEN DIAMONDS SEVEN,0.3046,0.0418,0.6536
HEARTS SIX DIAMONDS SEVEN,0.6526,0.0618,0.2856
HEARTS NINE DIAMONDS SEVEN,0.5682,0.0182,0.4136
DIAMONDS SEVEN HEARTS EIGHT,0.5692,0.015,0.4158
DIAMONDS JACK DIAMONDS SEVEN,0.2138,0.2666,0.5196
DIAMONDS TEN DIAMONDS SEVEN,0.5332,0.0144,0.4524
DIAMONDS FIVE HEARTS TEN,0.6246,0.0184,0.357
SPADES KING CLUBS TWO,0.3958,0.0074,0.5968
HEARTS KING CLUBS KING,0.1326,0.0072,0.8602
CLUBS EIGHT DIAMONDS SEVEN,0.5558,0.0184,0.4258
SPADES QUEEN CLUBS TWO,0.3906,0.013,0.5964
HEARTS KING CLUBS QUEEN,0.3024,0.0074,0.6902
CLUBS NINE DIAMONDS SEVEN,0.5538,0.0188,0.4274
SPADES TWO CLUBS JACK,0.3932,0.3932,0.2136
SPADES ACE CLUBS TWO,0.3998,0.0046,0.5956
CLUBS TEN SPADES TWO,0.6382,0.0182,0.3436
HEARTS KING CLUBS ACE,0.3264,0.0032,0.6704
CLUBS SEVEN CLUBS SIX,0.6066,0.0538,0.3396
SPADES TWO CLUBS KING,0.4038,0.0096,0.5866
SPADES TWO DIAMONDS SEVEN,0.6364,0.0174,0.3462
CLUBS EIGHT CLUBS SIX,0.6236,0.0496,0.3268
SPADES THREE DIAMONDS SEVEN,0.6182,0.0198,0.362
SPADES TWO CLUBS QUEEN,0.4008,0.0098,0.5894
CLUBS NINE CLUBS SIX,0.6466,0.0542,0.2992
SPADES FOUR DIAMONDS SEVEN,0.5998,0.0184,0.3818
HEARTS KING CLUBS JACK,0.2294,0.0312,0.7394
SPADES FIVE DIAMONDS SEVEN,0.594,0.0192,0.3868
SPADES TWO CLUBS ACE,0.4012,0.0036,0.5952
CLUBS TEN HEARTS KING,0.3362,0.0066,0.6572
CLUBS SIX SPADES TWO,0.6956,0.0684,0.236
CLUBS SIX SPADES THREE,0.705,0.0576,0.2374
CLUBS TWO DIAMONDS SEVEN,0.6184,0.0194,0.3622
CLUBS SIX SPADES FOUR,0.6636,0.0636,0.2728
CLUBS THREE DIAMONDS SEVEN,0.6192,0.0172,0.3636
CLUBS SIX SPADES FIVE,0.6606,0.0604,0.279
CLUBS FOUR DIAMONDS SEVEN,0.6018,0.0196,0.3786
CLUBS FIVE DIAMONDS SEVEN,0.5876,0.0182,0.3942
CLUBS SIX SPADES SEVEN,0.6606,0.0554,0.284
CLUBS SIX DIAMONDS SEVEN,0.6478,0.0532,0.299
CLUBS SIX SPADES EIGHT,0.64,0.0648,0.2952
SPADES JACK CLUBS TWO,0.3858,0.3858,0.2284
CLUBS SEVEN DIAMONDS SEVEN,0.2956,0.0358,0.6686
SPADES NINE CLUBS SIX,0.6764,0.0584,0.2652
SPADES TEN CLUBS TWO,0.6206,0.0166,0.3628
CLUBS TWO CLUBS QUEEN,0.3682,0.013,0.6188
CLUBS TWO CLUBS KING,0.3782,0.0074,0.6144
CLUBS THREE DIAMONDS EIGHT,0.6242,0.0158,0.36
CLUBS TWO CLUBS ACE,0.3606,0.0036,0.6358
CLUBS TWO DIAMONDS EIGHT,0.628,0.0182,0.3538
DIAMONDS EIGHT HEARTS SEVEN,0.5674,0.0144,0.4182
HEARTS SIX DIAMONDS EIGHT,0.6748,0.0526,0.2726
DIAMONDS EIGHT HEARTS NINE,0.543,0.0142,0.4428
CLUBS TEN CLUBS TWO,0.584,0.0162,0.3998
DIAMONDS EIGHT HEARTS EIGHT,0.3166,0.0328,0.6506
CLUBS TWO CLUBS JACK,0.366,0.3578,0.2762
CLUBS NINE DIAMONDS EIGHT,0.5546,0.015,0.4304
CLUBS EIGHT DIAMONDS EIGHT,0.3034,0.0272,0.6694
CLUBS FIVE DIAMONDS EIGHT,0.5976,0.0172,0.3852
SPADES ACE SPADES THREE,0.3646,0.0046,0.6308
CLUBS FOUR DIAMONDS EIGHT,0.6306,0.0178,0.3516
CLUBS SEVEN DIAMONDS EIGHT,0.5544,0.0136,0.432
SPADES QUEEN SPADES THREE,0.3738,0.012,0.6142
CLUBS SIX DIAMONDS EIGHT,0.6688,0.0508,0.2804
SPADES KING SPADES THREE,0.3754,0.0086,0.616
DIAMONDS QUEEN DIAMONDS EIGHT,0.3228,0.0102,0.667
HEARTS TWO DIAMONDS EIGHT,0.6256,0.0182,0.3562
DIAMONDS KING DIAMONDS EIGHT,0.3498,0.005,0.6452
HEARTS THREE DIAMONDS EIGHT,0.6242,0.017,0.3588
DIAMONDS ACE DIAMONDS EIGHT,0.3164,0.0028,0.6808
HEARTS FOUR DIAMONDS EIGHT,0.6178,0.0178,0.3644
HEARTS FIVE DIAMONDS EIGHT,0.619,0.016,0.365
DIAMONDS EIGHT DIAMONDS TEN,0.5202,0.0158,0.464
DIAMONDS EIGHT DIAMONDS JACK,0.2158,0.2072,0.577
SPADES JACK SPADES THREE,0.3876,0.356,0.2564
SPADES TEN SPADES THREE,0.5982,0.0182,0.3836
CLUBS FOUR HEARTS ACE,0.3902,0.0046,0.6052
CLUBS FOUR HEARTS QUEEN,0.3824,0.0124,0.6052
CLUBS FOUR HEARTS KING,0.3888,0.008,0.6032
CLUBS SIX HEARTS TEN,0.6964,0.0572,0.2464
SPADES FOUR DIAMONDS EIGHT,0.6122,0.0178,0.37
SPADES FIVE DIAMONDS EIGHT,0.612,0.016,0.372
DIAMONDS EIGHT SPADES TWO,0.6264,0.0188,0.3548
DIAMONDS EIGHT SPADES THREE,0.6202,0.0186,0.3612
SPADES EIGHT DIAMONDS EIGHT,0.2884,0.032,0.6796
SPADES TEN DIAMONDS QUEEN,0.346,0.01,0.644
SPADES TEN HEARTS TWO,0.6204,0.0228,0.3568
SPADES JACK HEARTS EIGHT,0.2126,0.2278,0.5596
CLUBS FOUR HEARTS TEN,0.6232,0.0184,0.3584
SPADES NINE DIAMONDS EIGHT,0.538,0.0164,0.4456
SPADES TEN HEARTS EIGHT,0.5618,0.0178,0.4204
SPADES JACK HEARTS TWO,0.3896,0.3868,0.2236
SPADES JACK DIAMONDS QUEEN,0.2256,0.0422,0.7322
SPADES SEVEN DIAMONDS EIGHT,0.5496,0.0174,0.433
SPADES ACE HEARTS TWO,0.3906,0.0036,0.6058
SPADES ACE DIAMONDS QUEEN,0.3158,0.0032,0.681
SPADES ACE HEARTS EIGHT,0.35,0.0046,0.6454
SPADES KING HEARTS EIGHT,0.3546,0.0084,0.637
SPADES QUEEN HEARTS TWO,0.3916,0.0114,0.597
SPADES QUEEN DIAMONDS QUEEN,0.1388,0.0096,0.8516
SPADES KING DIAMONDS QUEEN,0.313,0.0068,0.6802
SPADES KING HEARTS TWO,0.4048,0.0112,0.584
SPADES QUEEN HEARTS EIGHT,0.3506,0.0086,0.6408
CLUBS TWO HEARTS TEN,0.6142,0.02,0.3658
SPADES SEVEN DIAMONDS NINE,0.5636,0.017,0.4194
SPADES NINE DIAMONDS NINE,0.2842,0.027,0.6888
SPADES EIGHT DIAMONDS NINE,0.5364,0.0162,0.4474
SPADES TEN CLUBS KING,0.3288,0.0066,0.6646
DIAMONDS NINE SPADES THREE,0.6176,0.019,0.3634
SPADES JACK CLUBS KING,0.2264,0.0292,0.7444
DIAMONDS NINE SPADES TWO,0.6286,0.0196,0.3518
SPADES FIVE DIAMONDS NINE,0.6226,0.0208,0.3566
DIAMONDS NINE SPADES FOUR,0.6282,0.0172,0.3546
CLUBS NINE DIAMONDS NINE,0.288,0.025,0.687
CLUBS EIGHT DIAMONDS NINE,0.546,0.0168,0.4372
CLUBS SIX DIAMONDS NINE,0.674,0.057,0.269
SPADES JACK CLUBS FOUR,0.3774,0.393,0.2296
CLUBS SEVEN DIAMONDS NINE,0.5598,0.0138,0.4264
SPADES TEN CLUBS FOUR,0.6168,0.0204,0.3628
CLUBS FOUR DIAMONDS NINE,0.6264,0.0188,0.3548
CLUBS FIVE DIAMONDS NINE,0.6092,0.0172,0.3736
DIAMONDS NINE CLUBS TWO,0.6202,0.0182,0.3616
CLUBS THREE DIAMONDS NINE,0.6288,0.015,0.3562
DIAMONDS NINE HEARTS EIGHT,0.5456,0.0186,0.4358
DIAMONDS NINE HEARTS NINE,0.3012,0.0242,0.6746
HEARTS SIX DIAMONDS NINE,0.6756,0.0564,0.268
DIAMONDS NINE HEARTS SEVEN,0.556,0.017,0.427
CLUBS NINE CLUBS EIGHT,0.5166,0.019,0.4644
DIAMONDS ACE DIAMONDS NINE,0.333,0.0042,0.6628
HEARTS FOUR DIAMONDS NINE,0.6328,0.0162,0.351
HEARTS FIVE DIAMONDS NINE,0.6184,0.0176,0.364
HEARTS ACE CLUBS TWO,0.4006,0.0046,0.5948
SPADES ACE CLUBS FOUR,0.3704,0.0056,0.624
DIAMONDS QUEEN DIAMONDS NINE,0.3242,0.0104,0.6654
HEARTS TWO DIAMONDS NINE,0.627,0.0166,0.3564
CLUBS TWO HEARTS KING,0.3944,0.01,0.5956
SPADES KING CLUBS FOUR,0.3912,0.0068,0.602
DIAMONDS KING DIAMONDS NINE,0.3366,0.007,0.6564
HEARTS THREE DIAMONDS NINE,0.6202,0.0178,0.362
CLUBS TWO HEARTS QUEEN,0.394,0.013,0.593
SPADES QUEEN CLUBS FOUR,0.3882,0.0118,0.6
DIAMONDS NINE DIAMONDS JACK,0.206,0.162,0.632
CLUBS EIGHT SPADES NINE,0.5434,0.0186,0.438
DIAMONDS NINE DIAMONDS TEN,0.525,0.0164,0.4586
CLUBS EIGHT SPADES EIGHT,0.2904,0.0334,0.6762
CLUBS EIGHT SPADES SEVEN,0.563,0.015,0.422
CLUBS EIGHT SPADES FIVE,0.6004,0.0186,0.381
CLUBS EIGHT SPADES FOUR,0.6292,0.0152,0.3556
CLUBS EIGHT SPADES THREE,0.6282,0.0192,0.3526
CLUBS EIGHT SPADES TWO,0.6058,0.0176,0.3766
HEARTS SIX DIAMONDS TEN,0.7014,0.0576,0.241
DIAMONDS TEN HEARTS SEVEN,0.583,0.0204,0.3966
DIAMONDS TEN HEARTS EIGHT,0.5598,0.0164,0.4238
CLUBS FOUR CLUBS JACK,0.3688,0.364,0.2672
DIAMONDS TEN HEARTS NINE,0.5374,0.0146,0.448
CLUBS TEN CLUBS FOUR,0.5808,0.0222,0.397
CLUBS FOUR CLUBS KING,0.3828,0.0082,0.609
CLUBS FOUR CLUBS QUEEN,0.3776,0.0112,0.6112
CLUBS TWO DIAMONDS TEN,0.6262,0.0194,0.3544
CLUBS THREE DIAMONDS TEN,0.632,0.017,0.351
CLUBS FOUR CLUBS ACE,0.3608,0.0044,0.6348
DIAMONDS JACK DIAMONDS TEN,0.2142,0.118,0.6678
DIAMONDS QUEEN DIAMONDS TEN,0.3248,0.0114,0.6638
HEARTS TWO DIAMONDS TEN,0.6294,0.0186,0.352
DIAMONDS KING DIAMONDS TEN,0.3104,0.0068,0.6828
HEARTS THREE DIAMONDS TEN,0.628,0.0196,0.3524
DIAMONDS ACE DIAMONDS TEN,0.3244,0.0026,0.673
HEARTS FOUR DIAMONDS TEN,0.6234,0.0186,0.358
HEARTS FIVE DIAMONDS TEN,0.6436,0.0174,0.339
CLUBS EIGHT HEARTS TEN,0.5632,0.0204,0.4164
CLUBS EIGHT HEARTS QUEEN,0.3482,0.012,0.6398
CLUBS EIGHT HEARTS KING,0.3442,0.0066,0.6492
CLUBS EIGHT HEARTS ACE,0.3406,0.0048,0.6546
CLUBS NINE SPADES THREE,0.6268,0.0174,0.3558
CLUBS NINE SPADES TWO,0.6182,0.0204,0.3614
CLUBS NINE SPADES FIVE,0.611,0.0166,0.3724
CLUBS NINE SPADES FOUR,0.632,0.0182,0.3498
CLUBS NINE SPADES SEVEN,0.5662,0.0194,0.4144
CLUBS NINE SPADES NINE,0.2858,0.0302,0.684
CLUBS TEN HEARTS EIGHT,0.555,0.0184,0.4266
CLUBS NINE SPADES EIGHT,0.5622,0.0166,0.4212
CLUBS JACK HEARTS EIGHT,0.2236,0.2262,0.5502
CLUBS QUEEN HEARTS EIGHT,0.349,0.0098,0.6412
CLUBS KING HEARTS EIGHT,0.3596,0.0064,0.634
CLUBS ACE HEARTS EIGHT,0.3604,0.0044,0.6352
SPADES KING CLUBS KING,0.1308,0.0058,0.8634
SPADES QUEEN CLUBS KING,0.3016,0.008,0.6904
SPADES ACE CLUBS KING,0.3174,0.0034,0.6792
DIAMONDS ACE HEARTS TEN,0.353,0.004,0.643
HEARTS FOUR HEARTS TEN,0.5922,0.0216,0.3862
SPADES KING CLUBS FIVE,0.389,0.0062,0.6048
SPADES QUEEN CLUBS FIVE,0.3738,0.0102,0.616
SPADES ACE CLUBS FIVE,0.3698,0.0034,0.6268
DIAMONDS JACK HEARTS SEVEN,0.2154,0.2972,0.4874
HEARTS SIX DIAMONDS JACK,0.018,0.9734,0.0086
DIAMONDS JACK HEARTS NINE,0.2284,0.1748,0.5968
DIAMONDS JACK HEARTS EIGHT,0.2222,0.2236,0.5542
DIAMONDS KING DIAMONDS JACK,0.214,0.0282,0.7578
HEARTS THREE DIAMONDS JACK,0.4028,0.3734,0.2238
HEARTS ACE SPADES FOUR,0.3992,0.0044,0.5964
DIAMONDS QUEEN DIAMONDS JACK,0.219,0.0392,0.7418
HEARTS TWO DIAMONDS JACK,0.3868,0.3886,0.2246
HEARTS FIVE DIAMONDS JACK,0.3812,0.3954,0.2234
SPADES FOUR HEARTS QUEEN,0.3918,0.0132,0.595
DIAMONDS ACE DIAMONDS JACK,0.2194,0.0166,0.764
HEARTS FOUR DIAMONDS JACK,0.4012,0.3944,0.2044
SPADES FOUR HEARTS KING,0.4052,0.0096,0.5852
SPADES FOUR DIAMONDS JACK,0.3894,0.3936,0.217
SPADES FIVE DIAMONDS JACK,0.401,0.3858,0.2132
DIAMONDS JACK SPADES TWO,0.3944,0.3884,0.2172
SPADES THREE DIAMONDS JACK,0.3926,0.3914,0.216
SPADES ACE DIAMONDS THREE,0.3802,0.004,0.6158
SPADES QUEEN DIAMONDS THREE,0.3986,0.0114,0.59
CLUBS EIGHT DIAMONDS JACK,0.2198,0.2184,0.5618
SPADES KING DIAMONDS THREE,0.3878,0.0072,0.605
CLUBS NINE DIAMONDS JACK,0.2258,0.16,0.6142
CLUBS SIX DIAMONDS JACK,0.0224,0.9502,0.0274
CLUBS SEVEN DIAMONDS JACK,0.2318,0.2854,0.4828
CLUBS FOUR DIAMONDS JACK,0.3878,0.3878,0.2244
CLUBS FIVE DIAMONDS JACK,0.3976,0.3822,0.2202
CLUBS TWO DIAMONDS JACK,0.3884,0.383,0.2286
CLUBS THREE DIAMONDS JACK,0.394,0.384,0.222
SPADES TEN CLUBS FIVE,0.6252,0.0172,0.3576
HEARTS SIX SPADES JACK,0.008,0.9848,0.0072
HEARTS SIX SPADES TEN,0.7018,0.0558,0.2424
SPADES JACK CLUBS FIVE,0.3868,0.385,0.2282
SPADES JACK DIAMONDS THREE,0.3832,0.3896,0.2272
CLUBS SEVEN CLUBS ACE,0.346,0.0044,0.6496
DIAMONDS THREE SPADES TEN,0.6232,0.0158,0.361
CLUBS SEVEN CLUBS QUEEN,0.347,0.0094,0.6436
CLUBS SEVEN CLUBS KING,0.3334,0.0046,0.662
SPADES NINE DIAMONDS JACK,0.2154,0.1604,0.6242
CLUBS TEN CLUBS SEVEN,0.521,0.0164,0.4626
DIAMONDS ACE HEARTS ACE,0.1222,0.0028,0.875
HEARTS FOUR HEARTS ACE,0.3712,0.0042,0.6246
SPADES EIGHT DIAMONDS JACK,0.2188,0.2146,0.5666
SPADES ACE HEARTS SIX,0.2406,0.0276,0.7318
CLUBS SEVEN CLUBS JACK,0.2124,0.2696,0.518
DIAMONDS ACE HEARTS KING,0.3124,0.0046,0.683
HEARTS FOUR HEARTS KING,0.365,0.008,0.627
SPADES SEVEN DIAMONDS JACK,0.2082,0.294,0.4978
SPADES KING HEARTS SIX,0.2304,0.0408,0.7288
DIAMONDS ACE HEARTS QUEEN,0.3096,0.005,0.6854
HEARTS FOUR HEARTS QUEEN,0.3644,0.0138,0.6218
SPADES QUEEN HEARTS SIX,0.2304,0.0528,0.7168
SPADES TWO DIAMONDS TEN,0.6246,0.0182,0.3572
SPADES THREE DIAMONDS TEN,0.6292,0.016,0.3548
SPADES FOUR DIAMONDS TEN,0.6256,0.0192,0.3552
SPADES FIVE DIAMONDS TEN,0.6234,0.018,0.3586
SPADES SEVEN DIAMONDS TEN,0.5812,0.0162,0.4026
SPADES EIGHT DIAMONDS TEN,0.5544,0.0156,0.43
SPADES NINE DIAMONDS TEN,0.5462,0.0168,0.437
CLUBS FOUR DIAMONDS TEN,0.622,0.0172,0.3608
CLUBS FIVE DIAMONDS TEN,0.6132,0.0178,0.369
CLUBS SIX DIAMONDS TEN,0.6816,0.0586,0.2598
CLUBS SEVEN DIAMONDS TEN,0.5874,0.0142,0.3984
CLUBS EIGHT DIAMONDS TEN,0.568,0.0144,0.4176
CLUBS NINE DIAMONDS TEN,0.5344,0.0142,0.4514
DIAMONDS THREE CLUBS JACK,0.3948,0.3788,0.2264
CLUBS TEN DIAMONDS THREE,0.6266,0.0164,0.357
DIAMONDS THREE CLUBS KING,0.3918,0.0068,0.6014
DIAMONDS THREE CLUBS QUEEN,0.4,0.0136,0.5864
DIAMONDS THREE CLUBS ACE,0.3898,0.004,0.6062
SPADES FOUR HEARTS TEN,0.6314,0.0166,0.352
SPADES FIVE SPADES TWO,0.6028,0.0224,0.3748
SPADES FOUR SPADES TWO,0.6086,0.019,0.3724
SPADES THREE SPADES TWO,0.5928,0.0202,0.387
SPADES NINE SPADES TWO,0.5776,0.0186,0.4038
SPADES EIGHT SPADES TWO,0.5912,0.0202,0.3886
SPADES SEVEN SPADES TWO,0.5938,0.0192,0.387
DIAMONDS QUEEN CLUBS THREE,0.4004,0.0098,0.5898
CLUBS THREE HEARTS TWO,0.6412,0.0172,0.3416
DIAMONDS QUEEN CLUBS TWO,0.3996,0.0084,0.592
HEARTS TWO CLUBS TWO,0.4202,0.0424,0.5374
DIAMONDS QUEEN HEARTS SEVEN,0.3708,0.0104,0.6188
HEARTS TWO HEARTS SEVEN,0.6006,0.0248,0.3746
HEARTS SIX DIAMONDS QUEEN,0.2346,0.0418,0.7236
HEARTS SIX HEARTS TWO,0.6614,0.0556,0.283
DIAMONDS QUEEN HEARTS NINE,0.3546,0.0094,0.636
HEARTS TWO HEARTS NINE,0.6006,0.0188,0.3806
DIAMONDS QUEEN HEARTS EIGHT,0.3528,0.0088,0.6384
HEARTS TWO HEARTS EIGHT,0.5998,0.0166,0.3836
CLUBS NINE HEARTS TWO,0.6276,0.02,0.3524
CLUBS NINE DIAMONDS QUEEN,0.3534,0.0088,0.6378
CLUBS EIGHT HEARTS TWO,0.6124,0.0186,0.369
CLUBS EIGHT DIAMONDS QUEEN,0.3496,0.009,0.6414
CLUBS FIVE DIAMONDS QUEEN,0.3874,0.01,0.6026
CLUBS FIVE HEARTS TWO,0.6312,0.0222,0.3466
SPADES EIGHT HEARTS ACE,0.346,0.0048,0.6492
DIAMONDS QUEEN CLUBS FOUR,0.399,0.0118,0.5892
HEARTS TWO CLUBS FOUR,0.6318,0.0226,0.3456
CLUBS SEVEN DIAMONDS QUEEN,0.3686,0.01,0.6214
CLUBS SEVEN HEARTS TWO,0.6326,0.0188,0.3486
SPADES EIGHT HEARTS QUEEN,0.3352,0.012,0.6528
CLUBS SIX DIAMONDS QUEEN,0.2428,0.0458,0.7114
CLUBS SIX HEARTS TWO,0.7086,0.0584,0.233
SPADES EIGHT HEARTS KING,0.352,0.0068,0.6412
HEARTS FOUR CLUBS QUEEN,0.3952,0.0108,0.594
DIAMONDS ACE CLUBS QUEEN,0.3344,0.003,0.6626
DIAMONDS QUEEN SPADES SEVEN,0.3598,0.0094,0.6308
HEARTS TWO SPADES SEVEN,0.6386,0.0186,0.3428
HEARTS FOUR CLUBS KING,0.3946,0.0068,0.5986
DIAMONDS ACE CLUBS KING,0.3236,0.0042,0.6722
DIAMONDS QUEEN SPADES EIGHT,0.3412,0.0086,0.6502
SPADES EIGHT HEARTS TWO,0.6228,0.022,0.3552
HEARTS FOUR CLUBS ACE,0.3854,0.0062,0.6084
DIAMONDS ACE CLUBS ACE,0.126,0.0044,0.8696
SPADES NINE DIAMONDS QUEEN,0.3418,0.0088,0.6494
SPADES NINE HEARTS TWO,0.6364,0.0168,0.3468
HEARTS TWO SPADES TWO,0.4218,0.0484,0.5298
DIAMONDS QUEEN SPADES TWO,0.403,0.013,0.584
HEARTS TWO SPADES THREE,0.652,0.0226,0.3254
DIAMONDS QUEEN SPADES THREE,0.3942,0.015,0.5908
HEARTS TWO SPADES FOUR,0.6464,0.0168,0.3368
DIAMONDS QUEEN SPADES FOUR,0.3896,0.0106,0.5998
HEARTS FOUR CLUBS TEN,0.6164,0.0192,0.3644
CLUBS TEN DIAMONDS ACE,0.3456,0.003,0.6514
HEARTS TWO SPADES FIVE,0.6364,0.0246,0.339
DIAMONDS QUEEN SPADES FIVE,0.3898,0.0096,0.6006
HEARTS FOUR CLUBS JACK,0.4056,0.3764,0.218
DIAMONDS ACE CLUBS JACK,0.2286,0.0202,0.7512
CLUBS FIVE CLUBS KING,0.3614,0.0066,0.632
CLUBS FIVE CLUBS QUEEN,0.3704,0.0096,0.62
CLUBS FIVE CLUBS ACE,0.356,0.0036,0.6404
CLUBS FIVE CLUBS JACK,0.3674,0.3562,0.2764
CLUBS TEN CLUBS FIVE,0.5856,0.0154,0.399
SPADES KING CLUBS JACK,0.2272,0.0302,0.7426
SPADES QUEEN CLUBS JACK,0.231,0.042,0.727
SPADES ACE CLUBS JACK,0.2244,0.0194,0.7562
SPADES EIGHT HEARTS TEN,0.5686,0.0136,0.4178
SPADES TEN CLUBS JACK,0.2168,0.1218,0.6614
SPADES JACK CLUBS JACK,0.086,0.0352,0.8788
SPADES QUEEN CLUBS SEVEN,0.351,0.0088,0.6402
SPADES KING CLUBS SEVEN,0.3562,0.0066,0.6372
SPADES ACE CLUBS SEVEN,0.352,0.0028,0.6452
CLUBS SEVEN SPADES JACK,0.2216,0.2974,0.481
CLUBS SEVEN SPADES TEN,0.5692,0.0196,0.4112
CLUBS TEN HEARTS SIX,0.6908,0.0578,0.2514
HEARTS SIX CLUBS JACK,0.0214,0.9674,0.0112
CLUBS ACE CLUBS JACK,0.2054,0.0172,0.7774
HEARTS SIX CLUBS QUEEN,0.2334,0.0488,0.7178
HEARTS SIX CLUBS KING,0.2382,0.0338,0.728
HEARTS SIX CLUBS ACE,0.2368,0.0266,0.7366
CLUBS QUEEN CLUBS JACK,0.2126,0.0406,0.7468
CLUBS KING CLUBS JACK,0.2224,0.0272,0.7504
DIAMONDS THREE HEARTS ACE,0.3868,0.005,0.6082
DIAMONDS THREE HEARTS QUEEN,0.3852,0.0124,0.6024
DIAMONDS THREE HEARTS KING,0.4018,0.0084,0.5898
SPADES TEN DIAMONDS ACE,0.3328,0.0034,0.6638
HEARTS FOUR SPADES TEN,0.6234,0.0196,0.357
CLUBS FIVE HEARTS TEN,0.638,0.0186,0.3434
HEARTS FOUR SPADES JACK,0.3786,0.3974,0.224
SPADES JACK DIAMONDS ACE,0.2218,0.0168,0.7614
SPADES ACE HEARTS FOUR,0.4008,0.0048,0.5944
SPADES ACE DIAMONDS ACE,0.118,0.004,0.878
CLUBS FIVE HEARTS ACE,0.38,0.003,0.617
CLUBS FIVE HEARTS KING,0.3742,0.0076,0.6182
HEARTS FOUR SPADES QUEEN,0.3908,0.0138,0.5954
SPADES QUEEN DIAMONDS ACE,0.316,0.0046,0.6794
SPADES FOUR CLUBS JACK,0.3886,0.3878,0.2236
CLUBS FIVE HEARTS QUEEN,0.3804,0.0118,0.6078
SPADES KING DIAMONDS ACE,0.313,0.005,0.682
HEARTS FOUR SPADES KING,0.3902,0.0088,0.601
CLUBS TEN SPADES FOUR,0.6258,0.017,0.3572
DIAMONDS QUEEN DIAMONDS ACE,0.2974,0.005,0.6976
HEARTS TWO DIAMONDS ACE,0.3882,0.0062,0.6056
HEARTS FOUR DIAMONDS QUEEN,0.398,0.0124,0.5896
HEARTS FOUR HEARTS TWO,0.5992,0.0198,0.381
DIAMONDS THREE HEARTS TEN,0.6334,0.02,0.3466
SPADES FOUR CLUBS KING,0.4,0.0078,0.5922
HEARTS FIVE DIAMONDS QUEEN,0.3992,0.0116,0.5892
HEARTS FIVE HEARTS TWO,0.5876,0.0194,0.393
SPADES FOUR CLUBS QUEEN,0.3804,0.0144,0.6052
DIAMONDS QUEEN HEARTS TWO,0.3892,0.0106,0.6002
DIAMONDS KING DIAMONDS QUEEN,0.295,0.0058,0.6992
DIAMONDS KING HEARTS TWO,0.3956,0.0072,0.5972
HEARTS THREE DIAMONDS QUEEN,0.3876,0.0106,0.6018
HEARTS THREE HEARTS TWO,0.617,0.0216,0.3614
SPADES FOUR CLUBS ACE,0.3822,0.005,0.6128
HEARTS TWO CLUBS ACE,0.388,0.0034,0.6086
DIAMONDS QUEEN CLUBS ACE,0.3262,0.0022,0.6716
HEARTS TWO CLUBS QUEEN,0.3914,0.0132,0.5954
DIAMONDS QUEEN CLUBS QUEEN,0.147,0.0108,0.8422
HEARTS TWO CLUBS KING,0.3988,0.007,0.5942
DIAMONDS QUEEN CLUBS KING,0.3112,0.0056,0.6832
SPADES EIGHT SPADES FIVE,0.5668,0.02,0.4132
CLUBS TEN HEARTS TWO,0.6252,0.0154,0.3594
CLUBS TEN DIAMONDS QUEEN,0.325,0.01,0.665
SPADES NINE SPADES FIVE,0.5824,0.018,0.3996
HEARTS TWO CLUBS JACK,0.4086,0.3702,0.2212
DIAMONDS QUEEN CLUBS JACK,0.2368,0.0394,0.7238
SPADES SEVEN SPADES FIVE,0.562,0.0178,0.4202
DIAMONDS FIVE CLUBS QUEEN,0.3862,0.012,0.6018
SPADES EIGHT CLUBS ACE,0.356,0.0044,0.6396
DIAMONDS FIVE CLUBS KING,0.3822,0.005,0.6128
SPADES EIGHT CLUBS KING,0.3712,0.0066,0.6222
CLUBS ACE DIAMONDS FIVE,0.376,0.0034,0.6206
SPADES EIGHT CLUBS QUEEN,0.3476,0.0096,0.6428
SPADES EIGHT CLUBS JACK,0.2096,0.224,0.5664
CLUBS TEN SPADES EIGHT,0.5516,0.0164,0.432
CLUBS TEN DIAMONDS FIVE,0.6292,0.0184,0.3524
DIAMONDS FIVE CLUBS JACK,0.3916,0.3844,0.224
DIAMONDS TEN HEARTS TEN,0.2748,0.0226,0.7026
SPADES ACE CLUBS NINE,0.3468,0.0026,0.6506
CLUBS NINE SPADES QUEEN,0.327,0.01,0.663
CLUBS NINE SPADES KING,0.3514,0.0072,0.6414
HEARTS SIX HEARTS KING,0.2242,0.0416,0.7342
DIAMONDS KING SPADES SEVEN,0.3424,0.0052,0.6524
HEARTS THREE SPADES SEVEN,0.6178,0.0194,0.3628
SPADES KING DIAMONDS SEVEN,0.3618,0.0054,0.6328
HEARTS SIX HEARTS QUEEN,0.2344,0.04,0.7256
SPADES QUEEN DIAMONDS SEVEN,0.3552,0.0118,0.633
DIAMONDS KING SPADES NINE,0.355,0.0044,0.6406
HEARTS THREE SPADES NINE,0.6312,0.0202,0.3486
HEARTS SIX HEARTS ACE,0.2282,0.0256,0.7462
DIAMONDS KING SPADES EIGHT,0.3494,0.0086,0.642
HEARTS THREE SPADES EIGHT,0.6226,0.0218,0.3556
SPADES ACE DIAMONDS SEVEN,0.3558,0.004,0.6402
CLUBS NINE HEARTS THREE,0.6212,0.017,0.3618
CLUBS NINE DIAMONDS KING,0.362,0.0074,0.6306
HEARTS THREE CLUBS EIGHT,0.6328,0.0188,0.3484
CLUBS EIGHT DIAMONDS KING,0.3604,0.0064,0.6332
HEARTS THREE SPADES THREE,0.4314,0.0458,0.5228
DIAMONDS KING SPADES THREE,0.391,0.0086,0.6004
